<?xml version='1.0' encoding='UTF-8' ?>
<itpanim>
	<skeleton count>
		25
			0 -1
			1.37091e-06 -1 -6.12323e-17 1.44664e-05 1 1.37091e-06 -6.12323e-17 -3.33788e-06 6.12323e-17 -6.12323e-17 1 44.5 0 0 0 1 
			1 0
			1.3868e-06 4.78456e-08 -1 -44.5 2.75771e-06 -1 -4.78418e-08 1.44666e-05 -1 -2.75771e-06 -1.3868e-06 -5.83747e-05 0 0 0 1 
			2 1
			1.40269e-06 -0.000796318 -1 -49.6773 0 -1 0.000796318 0.0514213 -1 -1.11699e-09 -1.40269e-06 3.19526e-06 0 0 0 1 
			3 2
			1.40269e-06 -0.000796318 -1 -64.5592 0 -1 0.000796318 0.0632714 -1 -1.11699e-09 -1.40269e-06 3.16239e-06 0 0 0 1 
			4 3
			1.40269e-06 -0.000796318 -1 -79.4411 0 -1 0.000796318 0.06596 -1 -1.11699e-09 -1.40269e-06 3.15493e-06 0 0 0 1 
			5 4
			1 1.37091e-06 4.37113e-08 -1.60435 -1.37091e-06 1 3.58059e-15 -1.09939e-05 -4.37113e-08 -6.35048e-14 1 79.4411 0 0 0 1 
			6 5
			0.995014 0.0902305 0.042489 -5.65533 -0.0897157 0.995871 -0.0138741 -0.287945 -0.0435655 0.00999304 0.999001 79.7571 0 0 0 1 
			7 6
			0.994845 -0.0912189 0.0442967 -20.654 0.0915704 0.995781 -0.00596753 -4.08763 -0.0435655 0.00999304 0.999001 79.7571 0 0 0 1 
			8 7
			0.994845 -0.0912189 0.0442967 -36.0513 -0.0434925 0.0107859 0.998995 79.7539 -0.091605 -0.995772 0.00676301 4.15114 0 0 0 1 
			9 4
			-1 -1.37091e-06 4.37114e-08 -1.60434 -1.37091e-06 1 3.84662e-15 -1.09939e-05 -4.37115e-08 -5.60777e-14 -1 -79.4411 0 0 0 1 
			10 9
			-0.995014 0.0902277 0.042489 -5.65533 0.089713 0.995871 -0.0138741 -0.287946 -0.0435654 -0.00999315 -0.999001 -79.7571 0 0 0 1 
			11 10
			-0.994845 -0.0912216 0.0442967 -20.654 -0.0915731 0.995781 -0.00596753 -4.08763 -0.0435654 -0.00999315 -0.999001 -79.7571 0 0 0 1 
			12 11
			-0.994845 -0.0912216 0.0442967 -36.0513 0.0434925 0.0107861 0.998995 79.7539 -0.0916078 0.995772 -0.00676301 -4.15114 0 0 0 1 
			13 4
			1.34309e-06 -5.95475e-08 -1 -82.8177 -1.40269e-06 -1 5.95456e-08 1.08462e-05 -1 1.40269e-06 -1.34309e-06 -0.000107894 0 0 0 1 
			14 13
			1 -0 0 0 0 1 0 0 -0 -0 1 -0 0 0 0 1 
			15 2
			1.37369e-06 -0.0998334 0.995004 44.2777 0 -0.995004 -0.0998334 -4.44257 1 1.3714e-07 -1.36683e-06 -4.58386 0 0 0 1 
			16 15
			1.37369e-06 0.0998334 0.995004 24.6789 0 -0.995004 0.0998334 0.469723 1 -1.3714e-07 -1.36683e-06 -4.58386 0 0 0 1 
			17 16
			1.3716e-06 -6.00745e-14 1 4.70494 0 -1 -6.00745e-14 1.29981e-05 1 8.23984e-20 -1.3716e-06 -4.58386 0 0 0 1 
			18 17
			1.3723e-06 -1 -6.00133e-14 -6.78409 0 6.00133e-14 -1 -0.105526 1 1.3723e-06 8.23562e-20 -4.58386 0 0 0 1 
			19 18
			1 -0 0 0 0 1 0 0 -0 -0 1 -0 0 0 0 1 
			20 2
			1.37369e-06 -0.0998334 0.995004 44.2777 0 -0.995004 -0.0998334 -4.44257 1 1.3714e-07 -1.36683e-06 4.58386 0 0 0 1 
			21 20
			1.37369e-06 0.0998334 0.995004 24.6789 0 -0.995004 0.0998334 0.469723 1 -1.3714e-07 -1.36683e-06 4.58386 0 0 0 1 
			22 21
			1.3716e-06 -6.00745e-14 1 4.70494 0 -1 -6.00745e-14 1.29981e-05 1 8.23984e-20 -1.3716e-06 4.58386 0 0 0 1 
			23 22
			1.3723e-06 -1 5.98908e-14 -6.78409 0 -5.98908e-14 -1 -0.105526 1 1.3723e-06 -8.21882e-20 4.58386 0 0 0 1 
			24 23
			1 -0 0 0 0 1 0 0 -0 -0 1 -0 0 0 0 1 
	</skeleton>
		<animations>
			25
			0
				-1
				1.46474e-06 1 0 3.33786e-06 -1 1.46474e-06 0 8.68908e-07 -0 -0 1 -45.1556 0 0 0 1 
				0
				0.00656504 0.999978 4.81472e-35 3.34245e-06 -0.999978 0.00656504 3.16095e-37 0.105011 -0 -4.81482e-35 1 -44.2138 0 0 0 1 
				1
				0.0068191 0.999977 4.81471e-35 3.35371e-06 -0.999977 0.0068191 3.28328e-37 0.362522 -0 -4.81482e-35 1 -43.2628 0 0 0 1 
				2
				0.00457343 0.999989 -4.81477e-35 3.3676e-06 -0.999989 0.00457343 -2.20203e-37 0.680453 -0 4.81482e-35 1 -42.3082 0 0 0 1 
				3
				0.00363747 0.999993 0 3.38012e-06 -0.999993 0.00363747 0 0.966724 -0 -0 1 -41.3554 0 0 0 1 
				4
				0.00770125 0.99997 -9.7662e-35 3.38735e-06 -0.99997 0.00770125 -1.23271e-32 1.13215 -1.2326e-32 1.92593e-34 1 -40.41 0 0 0 1 
				5
				0.020453 0.999791 2.52102e-34 3.3854e-06 -0.999791 0.020453 -1.23234e-32 1.08756 -1.2326e-32 -0 1 -39.4773 0 0 0 1 
				6
				0.0456909 0.998956 -3.84784e-34 3.37024e-06 -0.998956 0.0456909 -1.75995e-35 0.740873 -0 3.85186e-34 1 -38.5629 0 0 0 1 
				7
				0.0871572 0.996195 0 3.33786e-06 -0.996195 0.0871572 0 8.68908e-07 -0 -0 1 -37.6725 0 0 0 1 
				8
				0.196795 0.980445 9.15073e-34 3.23549e-06 -0.980445 0.196795 -1.23881e-32 -2.34189 -1.2326e-32 1.54074e-33 1 -36.6202 0 0 0 1 
				9
				0.368363 0.929682 2.8648e-33 3.06319e-06 -0.929682 0.368363 1.1351e-33 -6.2837 -0 -3.08149e-33 1 -35.4812 0 0 0 1 
				10
				0.516121 0.856516 0 2.90145e-06 -0.856516 0.516121 0 -9.98383 -0 -0 1 -34.6782 0 0 0 1 
				11
				0.573578 0.819151 6.56187e-33 2.83078e-06 -0.819151 0.573578 1.21183e-32 -11.6007 6.16298e-33 -1.2326e-32 1 -34.6343 0 0 0 1 
				12
				0.56313 0.826369 1.84822e-33 2.83751e-06 -0.826369 0.56313 -1.36563e-32 -11.4466 -1.2326e-32 6.16298e-33 1 -35.1672 0 0 0 1 
				13
				0.541468 0.840721 0 2.8566e-06 -0.840721 0.541468 0 -11.0099 -0 -0 1 -35.8197 0 0 0 1 
				14
				0.509698 0.860353 9.80182e-34 2.88625e-06 -0.860353 0.509698 -1.37459e-32 -10.3315 -1.2326e-32 6.16298e-33 1 -36.5745 0 0 0 1 
				15
				0.468902 0.88325 0 2.92468e-06 -0.88325 0.468902 0 -9.4524 -0 -0 1 -37.4142 0 0 0 1 
				16
				0.420217 0.907423 -2.79621e-33 2.97015e-06 -0.907423 0.420217 -1.29489e-33 -8.41215 -0 3.08149e-33 1 -38.3221 0 0 0 1 
				17
				0.36498 0.931015 -1.62981e-33 3.02093e-06 -0.931015 0.36498 1.26003e-32 -7.25042 1.2326e-32 -3.08149e-33 1 -39.2813 0 0 0 1 
				18
				0.30482 0.95241 1.64471e-33 3.07524e-06 -0.95241 0.30482 -2.53573e-32 -6.00813 -2.46519e-32 6.16298e-33 1 -40.2747 0 0 0 1 
				19
				0.24161 0.970373 -5.96826e-33 3.13127e-06 -0.970373 0.24161 1.12163e-32 -4.7262 1.2326e-32 3.08149e-33 1 -41.2849 0 0 0 1 
				20
				0.177356 0.984147 -8.46555e-34 3.18731e-06 -0.984147 0.177356 -1.26771e-32 -3.44427 -1.2326e-32 3.08149e-33 1 -42.295 0 0 0 1 
				21
				0.114188 0.993459 0 3.24161e-06 -0.993459 0.114188 0 -2.20198 -0 -0 1 -43.2884 0 0 0 1 
				22
				0.0543367 0.998523 -3.84617e-34 3.29239e-06 -0.998523 0.0543367 -2.09297e-35 -1.04025 -0 3.85186e-34 1 -44.2477 0 0 0 1 
				23
				1.33158e-06 1 0 3.33786e-06 -1 1.33158e-06 0 8.68908e-07 -0 -0 1 -45.1556 0 0 0 1 
		</Joint>
			1
				-1
				1.33158e-06 2.79632e-06 -1 3.33786e-06 0 -1 -2.79632e-06 8.68908e-07 -1 3.72352e-12 -1.33158e-06 -45.1556 0 0 0 1 
				0
				1.33158e-06 0.00656638 -0.999978 3.34245e-06 0 -0.999978 -0.00656638 0.105011 -1 8.74366e-09 -1.33155e-06 -44.2138 0 0 0 1 
				1
				1.33158e-06 0.00682044 -0.999977 3.35371e-06 0 -0.999977 -0.00682044 0.362522 -1 9.08196e-09 -1.33155e-06 -43.2628 0 0 0 1 
				2
				1.33158e-06 0.00457476 -0.999989 3.3676e-06 0 -0.999989 -0.00457476 0.680453 -1 6.09166e-09 -1.33157e-06 -42.3082 0 0 0 1 
				3
				1.33158e-06 0.0036388 -0.999993 3.38012e-06 0 -0.999993 -0.0036388 0.966724 -1 4.84536e-09 -1.33157e-06 -41.3554 0 0 0 1 
				4
				1.33158e-06 0.00770258 -0.99997 3.38735e-06 0 -0.99997 -0.00770258 1.13215 -1 1.02566e-08 -1.33154e-06 -40.41 0 0 0 1 
				5
				1.33158e-06 0.0204543 -0.999791 3.3854e-06 0 -0.999791 -0.0204543 1.08756 -1 2.72366e-08 -1.3313e-06 -39.4773 0 0 0 1 
				6
				1.33158e-06 0.0456922 -0.998955 3.37024e-06 0 -0.998955 -0.0456922 0.740873 -1 6.08428e-08 -1.33019e-06 -38.5629 0 0 0 1 
				7
				1.33158e-06 0.0871585 -0.996195 3.33786e-06 0 -0.996195 -0.0871585 8.68908e-07 -1 1.16059e-07 -1.32651e-06 -37.6725 0 0 0 1 
				8
				1.33158e-06 0.196796 -0.980444 3.23549e-06 0 -0.980444 -0.196796 -2.34189 -1 2.6205e-07 -1.30554e-06 -36.6202 0 0 0 1 
				9
				1.33158e-06 0.368364 -0.929682 3.06319e-06 0 -0.929682 -0.368364 -6.2837 -1 4.90506e-07 -1.23795e-06 -35.4812 0 0 0 1 
				10
				1.33158e-06 0.516123 -0.856515 2.90145e-06 0 -0.856515 -0.516123 -9.98383 -1 6.87259e-07 -1.14052e-06 -34.6782 0 0 0 1 
				11
				1.33158e-06 0.573579 -0.81915 2.83078e-06 0 -0.81915 -0.573579 -11.6007 -1 7.63766e-07 -1.09076e-06 -34.6343 0 0 0 1 
				12
				1.33158e-06 0.563131 -0.826368 2.83751e-06 0 -0.826368 -0.563131 -11.4466 -1 7.49854e-07 -1.10038e-06 -35.1672 0 0 0 1 
				13
				1.33158e-06 0.541469 -0.84072 2.8566e-06 0 -0.84072 -0.541469 -11.0099 -1 7.2101e-07 -1.11949e-06 -35.8197 0 0 0 1 
				14
				1.33158e-06 0.5097 -0.860352 2.88625e-06 0 -0.860352 -0.5097 -10.3315 -1 6.78706e-07 -1.14563e-06 -36.5745 0 0 0 1 
				15
				1.33158e-06 0.468903 -0.88325 2.92468e-06 0 -0.88325 -0.468903 -9.4524 -1 6.24383e-07 -1.17612e-06 -37.4142 0 0 0 1 
				16
				1.33158e-06 0.420219 -0.907423 2.97015e-06 0 -0.907423 -0.420219 -8.41215 -1 5.59555e-07 -1.20831e-06 -38.3221 0 0 0 1 
				17
				1.33158e-06 0.364981 -0.931015 3.02093e-06 0 -0.931015 -0.364981 -7.25042 -1 4.86001e-07 -1.23972e-06 -39.2813 0 0 0 1 
				18
				1.33158e-06 0.304821 -0.95241 3.07524e-06 0 -0.95241 -0.304821 -6.00813 -1 4.05894e-07 -1.26821e-06 -40.2747 0 0 0 1 
				19
				1.33158e-06 0.241611 -0.970373 3.13127e-06 0 -0.970373 -0.241611 -4.7262 -1 3.21724e-07 -1.29213e-06 -41.2849 0 0 0 1 
				20
				1.33158e-06 0.177357 -0.984147 3.18731e-06 0 -0.984147 -0.177357 -3.44427 -1 2.36165e-07 -1.31047e-06 -42.295 0 0 0 1 
				21
				1.33158e-06 0.114189 -0.993459 3.24161e-06 0 -0.993459 -0.114189 -2.20198 -1 1.52052e-07 -1.32287e-06 -43.2884 0 0 0 1 
				22
				1.33158e-06 0.0543381 -0.998523 3.29239e-06 0 -0.998523 -0.0543381 -1.04025 -1 7.23555e-08 -1.32961e-06 -44.2477 0 0 0 1 
				23
				1.33158e-06 2.66316e-06 -1 3.33786e-06 0 -1 -2.66316e-06 8.68908e-07 -1 3.54621e-12 -1.33158e-06 -45.1556 0 0 0 1 
		</Joint>
			2
				-1
				-0.000201565 -1.14914e-06 -1 1.04997e-05 -0.0008487 -0.999999 1.32021e-06 0.0118418 -1 0.0008487 0.000201564 -50.333 0 0 0 1 
				0
				-4.1552e-05 -0.00710402 -0.999975 9.47175e-05 0.000737882 -0.999974 0.00710399 0.116852 -1 -0.000737568 4.67928e-05 -49.3912 0 0 0 1 
				1
				0.000358533 -0.0245188 -0.999699 0.000301095 0.00461619 -0.999689 0.0245202 0.374359 -0.999989 -0.00462359 -0.000245238 -48.4401 0 0 0 1 
				2
				0.000951274 -0.0460066 -0.998941 0.000555723 0.0093911 -0.998897 0.0460135 0.692281 -0.999955 -0.00942493 -0.000518172 -47.4854 0 0 0 1 
				3
				0.00157607 -0.0653344 -0.997862 0.000784762 0.0136785 -0.997769 0.0653498 0.978538 -0.999905 -0.0137522 -0.000678875 -46.5326 0 0 0 1 
				4
				0.00194803 -0.0764923 -0.997068 0.000917016 0.0161556 -0.996938 0.0765138 1.14396 -0.999868 -0.0162573 -0.000706285 -45.5871 0 0 0 1 
				5
				0.00176477 -0.0734879 -0.997294 0.000881504 0.0155047 -0.997174 0.0735065 1.09937 -0.999878 -0.0155925 -0.000620369 -44.6545 0 0 0 1 
				6
				0.000939253 -0.0500917 -0.998744 0.00060441 0.0103349 -0.998691 0.0500987 0.752699 -0.999946 -0.0103689 -0.000420333 -43.7402 0 0 0 1 
				7
				1.49869e-06 -1.37588e-06 -1 1.10748e-05 -0.000797524 -1 1.37469e-06 0.0118428 -1 0.000797524 -1.49979e-06 -42.8498 0 0 0 1 
				8
				0.0034248 0.157692 -0.987482 -0.00185678 -0.0359686 -0.98683 -0.157713 -2.3302 -0.999347 0.0360585 0.00229228 -41.798 0 0 0 1 
				9
				0.0296481 0.411044 -0.911133 -0.00485783 -0.0906817 -0.906669 -0.411981 -6.27296 -0.995439 0.0948375 0.0103931 -40.6596 0 0 0 1 
				10
				0.0752139 0.619867 -0.781094 -0.00733181 -0.130422 -0.770469 -0.623993 -9.9747 -0.988602 0.148805 0.0228939 -39.8573 0 0 0 1 
				11
				0.100159 0.698444 -0.708621 -0.00826447 -0.142798 -0.694739 -0.704945 -11.5924 -0.984671 0.171796 0.0301521 -39.8137 0 0 0 1 
				12
				0.097192 0.69141 -0.715895 -0.00818136 -0.14205 -0.7023 -0.697565 -11.4383 -0.985076 0.169491 0.0299572 -40.3466 0 0 0 1 
				13
				0.0896914 0.670906 -0.736099 -0.00793871 -0.139256 -0.72337 -0.676272 -11.0013 -0.986186 0.163162 0.0285476 -40.999 0 0 0 1 
				14
				0.0787138 0.637724 -0.766232 -0.0075448 -0.1342 -0.754842 -0.642031 -10.3226 -0.987823 0.153365 0.026166 -41.7536 0 0 0 1 
				15
				0.0654621 0.592481 -0.802921 -0.00700875 -0.126604 -0.793212 -0.595639 -9.443 -0.989791 0.140644 0.0230849 -42.5932 0 0 0 1 
				16
				0.0511863 0.535923 -0.842714 -0.00633891 -0.116278 -0.834883 -0.538006 -8.40226 -0.991897 0.125528 0.0195815 -43.5009 0 0 0 1 
				17
				0.0371194 0.469265 -0.882277 -0.00554893 -0.103245 -0.87636 -0.470461 -7.24004 -0.993963 0.108554 0.0159194 -44.46 0 0 0 1 
				18
				0.024389 0.394414 -0.918609 -0.00466213 -0.0878139 -0.914485 -0.394975 -5.9973 -0.995838 0.0902997 0.0123317 -45.4531 0 0 0 1 
				19
				0.0138866 0.313927 -0.949346 -0.00370821 -0.070573 -0.946762 -0.314105 -4.71499 -0.99741 0.07136 0.00900748 -46.4631 0 0 0 1 
				20
				0.0061707 0.230814 -0.972978 -0.00272377 -0.0523177 -0.97159 -0.230816 -3.43277 -0.998611 0.0523282 0.00608025 -47.473 0 0 0 1 
				21
				0.0014325 0.14843 -0.988922 -0.00174778 -0.0339742 -0.988345 -0.148393 -2.19027 -0.999422 0.0338104 0.00362699 -48.4662 0 0 0 1 
				22
				-0.000513897 0.0703351 -0.997523 -0.000822665 -0.0165162 -0.997388 -0.070317 -1.02843 -0.999863 0.0164391 0.00167422 -49.4253 0 0 0 1 
				23
				-0.000201565 -1.2823e-06 -1 1.0501e-05 -0.0008487 -0.999999 1.45336e-06 0.0118418 -1 0.0008487 0.000201564 -50.333 0 0 0 1 
		</Joint>
			3
				-1
				-0.000413965 -9.0256e-07 -1 -0.00298919 -0.000821564 -1 1.24266e-06 0.0110616 -1 0.000821565 0.000413963 -65.2148 0 0 0 1 
				0
				-7.60142e-05 -0.020769 -0.999784 -0.000277573 0.00234208 -0.999781 0.0207687 0.13968 -0.999997 -0.00233999 0.00012464 -64.273 0 0 0 1 
				1
				0.000875063 -0.0558274 -0.99844 0.00629827 0.0100739 -0.998389 0.0558334 0.454888 -0.999949 -0.010107 -0.000311256 -63.3217 0 0 0 1 
				2
				0.00240922 -0.0964536 -0.995335 0.0158554 0.0195648 -0.995142 0.0964823 0.843831 -0.999806 -0.019706 -0.000510416 -62.3664 0 0 0 1 
				3
				0.00414147 -0.133962 -0.990978 0.025827 0.0280449 -0.990581 0.134025 1.19384 -0.999598 -0.0283469 -0.000345519 -61.4127 0 0 0 1 
				4
				0.00530819 -0.160094 -0.987087 0.0318044 0.0329063 -0.986539 0.160182 1.39608 -0.999444 -0.0333317 3.13803e-05 -60.4667 0 0 0 1 
				5
				0.00503412 -0.166736 -0.985989 0.0291203 0.0315827 -0.985483 0.166811 1.34179 -0.999488 -0.03198 0.000304929 -59.5342 0 0 0 1 
				6
				0.00290128 -0.145396 -0.989369 0.0163052 0.0213352 -0.989139 0.145424 0.918223 -0.999768 -0.0215303 0.000232279 -58.621 0 0 0 1 
				7
				-6.79012e-05 -0.0871571 -0.996195 0.00106616 -0.000794494 -0.996195 0.0871572 0.0117791 -1 0.000797389 -1.60298e-06 -57.7317 0 0 0 1 
				8
				0.00529018 0.118253 -0.992969 0.0477095 -0.0712169 -0.990418 -0.118329 -2.85375 -0.997447 0.0713422 0.00318216 -56.671 0 0 0 1 
				9
				0.0630117 0.449835 -0.890886 0.431033 -0.178305 -0.873224 -0.453528 -7.61213 -0.981956 0.187427 0.0251845 -55.4759 0 0 0 1 
				10
				0.164928 0.700411 -0.694423 1.10369 -0.246127 -0.652564 -0.716646 -11.9079 -0.955102 0.289111 0.0647644 -54.573 0 0 0 1 
				11
				0.220011 0.783304 -0.581404 1.473 -0.261163 -0.526954 -0.808773 -13.7113 -0.939888 0.32978 0.0886339 -54.4714 0 0 0 1 
				12
				0.214442 0.780075 -0.587791 1.42897 -0.260048 -0.534472 -0.804186 -13.5459 -0.941483 0.325305 0.0882436 -55.0102 0 0 0 1 
				13
				0.199058 0.764138 -0.613571 1.31778 -0.256594 -0.563617 -0.785172 -13.067 -0.945799 0.313734 0.0838803 -55.679 0 0 0 1 
				14
				0.175945 0.735126 -0.654701 1.15515 -0.249853 -0.609949 -0.752021 -12.3125 -0.952164 0.295893 0.076356 -56.4578 0 0 0 1 
				15
				0.147514 0.692149 -0.706519 0.958988 -0.238652 -0.668318 -0.704554 -11.3192 -0.959836 0.272544 0.0665967 -57.3264 0 0 0 1 
				16
				0.116371 0.634546 -0.764074 0.74789 -0.222015 -0.733216 -0.642732 -10.124 -0.968074 0.244431 0.0555531 -58.2651 0 0 0 1 
				17
				0.0852115 0.562554 -0.822357 0.54019 -0.199489 -0.799014 -0.567257 -8.76705 -0.976188 0.212388 0.0441381 -59.2545 0 0 0 1 
				18
				0.0566191 0.477795 -0.876645 0.35263 -0.171372 -0.860371 -0.479993 -7.29394 -0.983578 0.177409 0.0331672 -60.2752 0 0 0 1 
				19
				0.0327339 0.383297 -0.923045 0.198408 -0.138732 -0.912857 -0.383987 -5.75443 -0.989789 0.140626 0.0232944 -61.3081 0 0 0 1 
				20
				0.0149732 0.283201 -0.958944 0.0857519 -0.103249 -0.953487 -0.283202 -4.20005 -0.994543 0.10325 0.0149633 -62.3354 0 0 0 1 
				21
				0.00389867 0.182435 -0.98321 0.0174086 -0.0669901 -0.980961 -0.182283 -2.68425 -0.997746 0.066576 0.00839689 -63.3402 0 0 0 1 
				22
				-0.000834586 0.086325 -0.996267 -0.0094934 -0.0321681 -0.995754 -0.0862536 -1.26243 -0.999482 0.0319761 0.00360796 -64.3055 0 0 0 1 
				23
				-0.000413965 -1.03572e-06 -1 -0.00298919 -0.000821564 -1 1.37582e-06 0.0110616 -1 0.000821565 0.000413963 -65.2148 0 0 0 1 
		</Joint>
			4
				-1
				-0.000413965 -9.0256e-07 -1 -0.00914976 -0.000821564 -1 1.24266e-06 0.00152387 -1 0.000821565 0.000413963 -80.0967 0 0 0 1 
				0
				-7.60142e-05 -0.020769 -0.999784 -0.00135297 0.00234208 -0.999781 0.0207687 0.177223 -0.999997 -0.00233999 0.00012464 -79.1549 0 0 0 1 
				1
				0.000875063 -0.0558274 -0.99844 0.019471 0.0100739 -0.998389 0.0558334 0.60749 -0.999949 -0.010107 -0.000311256 -78.2028 0 0 0 1 
				2
				0.00240922 -0.0964536 -0.995335 0.0519684 0.0195648 -0.995142 0.0964823 1.13767 -0.999806 -0.019706 -0.000510415 -77.2453 0 0 0 1 
				3
				0.00414147 -0.133962 -0.990978 0.0878201 0.0280449 -0.990581 0.134025 1.61386 -0.999598 -0.0283469 -0.000345519 -76.2886 0 0 0 1 
				4
				0.00530819 -0.160095 -0.987087 0.111231 0.0329063 -0.986539 0.160182 1.88844 -0.999444 -0.0333317 3.13803e-05 -75.3402 0 0 0 1 
				5
				0.00503412 -0.166736 -0.985989 0.104486 0.0315827 -0.985483 0.166811 1.81445 -0.999488 -0.03198 0.000304929 -74.4083 0 0 0 1 
				6
				0.00290128 -0.145396 -0.989369 0.0598725 0.0213352 -0.989139 0.145424 1.23839 -0.999768 -0.0215303 0.000232279 -73.4994 0 0 0 1 
				7
				-6.79012e-05 -0.0871571 -0.996195 0.000289992 -0.000794494 -0.996195 0.0871572 0.00263399 -1 0.000797389 -1.60298e-06 -72.6136 0 0 0 1 
				8
				0.00529018 0.118253 -0.992969 0.126119 -0.0712169 -0.990417 -0.118329 -3.91093 -0.997447 0.0713422 0.00318216 -71.5151 0 0 0 1 
				9
				0.0630117 0.449835 -0.890886 1.36756 -0.178305 -0.873224 -0.453528 -10.2633 -0.981956 0.187427 0.0251845 -70.0897 0 0 0 1 
				10
				0.164928 0.700411 -0.694423 3.55624 -0.246127 -0.652564 -0.716647 -15.569 -0.955102 0.289111 0.0647644 -68.7875 0 0 0 1 
				11
				0.220011 0.783304 -0.581404 4.74508 -0.261163 -0.526954 -0.808773 -17.5965 -0.939888 0.32978 0.0886339 -68.4596 0 0 0 1 
				12
				0.214442 0.780075 -0.587791 4.61818 -0.260048 -0.534472 -0.804186 -17.4145 -0.941483 0.325305 0.0882436 -69.0221 0 0 0 1 
				13
				0.199058 0.764138 -0.613571 4.27809 -0.256594 -0.563617 -0.785172 -16.8841 -0.945799 0.313734 0.0838803 -69.7551 0 0 0 1 
				14
				0.175945 0.735126 -0.654701 3.77157 -0.249853 -0.609949 -0.752021 -16.0291 -0.952164 0.295893 0.076356 -70.6286 0 0 0 1 
				15
				0.147514 0.692149 -0.706519 3.15242 -0.238652 -0.668318 -0.704554 -14.869 -0.959836 0.272544 0.0665967 -71.6113 0 0 0 1 
				16
				0.116371 0.634546 -0.764074 2.47801 -0.222015 -0.733216 -0.642732 -13.426 -0.968074 0.244431 0.0555531 -72.6725 0 0 0 1 
				17
				0.0852115 0.562554 -0.822357 1.80679 -0.199489 -0.799014 -0.567257 -11.7337 -0.976188 0.212388 0.0441382 -73.7826 0 0 0 1 
				18
				0.0566191 0.477795 -0.876645 1.19394 -0.171372 -0.860371 -0.479993 -9.84196 -0.983578 0.177409 0.0331672 -74.9132 0 0 0 1 
				19
				0.0327339 0.383297 -0.923045 0.684521 -0.138732 -0.912857 -0.383987 -7.81657 -0.989789 0.140626 0.0232944 -76.0384 0 0 0 1 
				20
				0.0149732 0.283201 -0.958944 0.30782 -0.103249 -0.953487 -0.283202 -5.73402 -0.994543 0.10325 0.0149633 -77.1364 0 0 0 1 
				21
				0.00389867 0.182435 -0.98321 0.0749376 -0.0669901 -0.980961 -0.182283 -3.67855 -0.997746 0.066576 0.00839689 -78.1888 0 0 0 1 
				22
				-0.000834586 0.086325 -0.996267 -0.0221457 -0.0321681 -0.995754 -0.0862536 -1.73847 -0.999482 0.0319761 0.00360796 -79.1798 0 0 0 1 
				23
				-0.000413965 -1.03572e-06 -1 -0.00914976 -0.000821564 -1 1.37582e-06 0.00152386 -1 0.000821565 0.000413963 -80.0967 0 0 0 1 
		</Joint>
			5
				-1
				1 1.26066e-06 0.00041676 1.5952 -1.27119e-06 1 2.52793e-05 -0.00116237 -0.00041676 -2.52798e-05 1 -80.0974 0 0 0 1 
				0
				0.999784 0.020769 6.22719e-05 1.60259 -0.0207687 0.999779 -0.00313824 0.141219 -0.000127436 0.00313627 0.999995 -79.1551 0 0 0 1 
				1
				0.99844 0.0558267 -0.000916726 1.62117 -0.0558334 0.998381 -0.010869 0.515234 0.00030846 0.0109032 0.999941 -78.2024 0 0 0 1 
				2
				0.995335 0.0964517 -0.00248324 1.64857 -0.0964823 0.995126 -0.0203575 0.980206 0.00050762 0.0205021 0.99979 -77.2446 0 0 0 1 
				3
				0.990978 0.133959 -0.00424537 1.67733 -0.134025 0.990558 -0.028834 1.39618 0.000342724 0.0291429 0.999575 -76.2881 0 0 0 1 
				4
				0.987087 0.16009 -0.00543291 1.69443 -0.160182 0.986512 -0.0336923 1.6288 -3.4175e-05 0.0341275 0.999417 -75.3403 0 0 0 1 
				5
				0.985989 0.166732 -0.00516413 1.68591 -0.166811 0.985457 -0.0323679 1.54418 -0.000307724 0.0327758 0.999463 -74.4089 0 0 0 1 
				6
				0.989369 0.145393 -0.00301429 1.64677 -0.145424 0.989122 -0.0221232 1.00242 -0.000235075 0.0223264 0.999751 -73.4998 0 0 0 1 
				7
				0.996195 0.0871572 1.28498e-06 1.5983 -0.0871572 0.996195 9.95362e-07 -0.13987 -1.19334e-06 -1.10357e-06 1 -72.6136 0 0 0 1 
				8
				0.992969 -0.118258 -0.00519324 1.7195 0.118329 0.990474 0.0704286 -3.72374 -0.00318495 -0.0705479 0.997503 -71.52 0 0 0 1 
				9
				0.890886 -0.449885 -0.062651 2.79806 0.453527 0.873365 0.177611 -9.53803 -0.0251873 -0.186645 0.982104 -70.1296 0 0 0 1 
				10
				0.694424 -0.700542 -0.164368 4.67222 0.716646 0.65276 0.245609 -14.421 -0.0647671 -0.288351 0.955332 -68.8906 0 0 0 1 
				11
				0.581405 -0.783479 -0.219385 5.67995 0.808772 0.527162 0.260745 -16.3003 -0.0886366 -0.329031 0.94015 -68.6009 0 0 0 1 
				12
				0.587792 -0.780245 -0.213819 5.5633 0.804185 0.534679 0.259625 -16.1257 -0.0882462 -0.324556 0.941741 -69.1628 0 0 0 1 
				13
				0.613571 -0.764296 -0.198448 5.26452 0.785171 0.563822 0.256147 -15.6259 -0.083883 -0.31298 0.946048 -69.8889 0 0 0 1 
				14
				0.654702 -0.735265 -0.175358 4.82391 0.752021 0.610147 0.249369 -14.8243 -0.0763585 -0.295135 0.952399 -70.7503 0 0 0 1 
				15
				0.706519 -0.692267 -0.146961 4.28777 0.704553 0.668508 0.238122 -13.7404 -0.0665994 -0.27178 0.960052 -71.7174 0 0 0 1 
				16
				0.764075 -0.634638 -0.115864 3.70555 0.642731 0.733392 0.221433 -12.3968 -0.0555558 -0.24366 0.968268 -72.761 0 0 0 1 
				17
				0.822358 -0.562622 -0.0847612 3.12764 0.567256 0.799173 0.198854 -10.8257 -0.0441409 -0.211611 0.976357 -73.8529 0 0 0 1 
				18
				0.876645 -0.47784 -0.0562362 2.60167 0.479993 0.860507 0.170688 -9.0742 -0.0331699 -0.176626 0.983719 -74.9659 0 0 0 1 
				19
				0.923045 -0.383323 -0.0324261 2.16643 0.383986 0.912967 0.138007 -7.20297 -0.0232972 -0.139837 0.9899 -76.0754 0 0 0 1 
				20
				0.958944 -0.283213 -0.014745 1.84706 0.283201 0.953568 0.10249 -5.28223 -0.0149661 -0.102458 0.994625 -77.1601 0 0 0 1 
				21
				0.98321 -0.182438 -0.00375064 1.65284 0.182283 0.981014 0.0662095 -3.38874 -0.00839968 -0.0657815 0.997799 -78.2021 0 0 0 1 
				22
				0.996267 -0.0863243 0.000906111 1.57644 0.0862535 0.995779 0.0313755 -1.60276 -0.00361075 -0.0311802 0.999507 -79.1855 0 0 0 1 
				23
				1 1.39382e-06 0.00041676 1.5952 -1.40435e-06 1 2.52791e-05 -0.00116258 -0.00041676 -2.52797e-05 1 -80.0974 0 0 0 1 
		</Joint>
			6
				-1
				0.103929 -0.0173902 -0.994432 9.06681 0.0607859 0.998089 -0.0111014 -0.00117186 0.992725 -0.0592937 0.104788 -80.1005 0 0 0 1 
				0
				0.0974654 0.0517316 -0.993893 9.07259 0.0118429 0.998517 0.0531336 -0.0139568 0.995168 -0.0169493 0.0967083 -79.156 0 0 0 1 
				1
				0.0877898 0.141131 -0.986091 9.08112 -0.0631545 0.98871 0.135883 0.0980686 0.994135 0.0503469 0.0957117 -78.2001 0 0 0 1 
				2
				0.0693585 0.236699 -0.969104 9.08533 -0.148555 0.963063 0.224592 0.259327 0.986469 0.128388 0.10196 -77.2408 0 0 0 1 
				3
				0.0437961 0.324517 -0.944865 9.08153 -0.225102 0.924657 0.307143 0.394794 0.97335 0.19924 0.113546 -76.2855 0 0 0 1 
				4
				0.0169989 0.393431 -0.919197 9.06957 -0.277577 0.88505 0.373682 0.431979 0.960553 0.248795 0.124252 -75.3406 0 0 0 1 
				5
				-0.00247448 0.435088 -0.900384 9.05283 -0.293327 0.860465 0.416605 0.297833 0.956009 0.265138 0.125494 -74.4112 0 0 0 1 
				6
				-0.00783891 0.441229 -0.89736 9.03896 -0.259643 0.865712 0.427936 -0.0841313 0.965673 0.236348 0.107776 -73.5016 0 0 0 1 
				7
				-0.000103794 0.399596 -0.916692 9.04148 -0.161077 0.904715 0.394393 -0.791075 0.986942 0.147699 0.064272 -72.6136 0 0 0 1 
				8
				-0.0208608 0.172022 -0.984872 9.13858 0.205026 0.964887 0.164189 -2.83964 0.978534 -0.1985 -0.0553974 -71.5438 0 0 0 1 
				9
				-0.321573 -0.15119 -0.934737 9.45441 0.671067 0.660059 -0.337626 -6.14945 0.668027 -0.735842 -0.110799 -70.3178 0 0 0 1 
				10
				-0.711066 -0.150306 -0.686873 9.86068 0.685288 0.0704979 -0.724852 -9.06647 0.157372 -0.986123 0.0528741 -69.3746 0 0 0 1 
				11
				-0.841099 -0.0392396 -0.539456 10.024 0.535151 -0.205177 -0.819461 -10.2575 -0.0785287 -0.977938 0.193573 -69.2631 0 0 0 1 
				12
				-0.841805 -0.0655004 -0.535792 9.95505 0.536231 -0.215135 -0.816195 -10.1172 -0.0618067 -0.974385 0.216225 -69.8222 0 0 0 1 
				13
				-0.824714 -0.121195 -0.552412 9.84889 0.565525 -0.185956 -0.803493 -9.75945 -0.00534508 -0.975055 0.2219 -70.5156 0 0 0 1 
				14
				-0.785285 -0.196582 -0.587096 9.71558 0.613329 -0.117459 -0.781044 -9.20547 0.0845791 -0.973426 0.212809 -71.3208 0 0 0 1 
				15
				-0.718644 -0.27839 -0.63722 9.56661 0.665554 -0.00987855 -0.746284 -8.47628 0.201463 -0.960417 0.192383 -72.215 0 0 0 1 
				16
				-0.622906 -0.351141 -0.699062 9.41442 0.705785 0.133182 -0.695795 -7.5946 0.337424 -0.926803 0.16487 -73.1761 0 0 0 1 
				17
				-0.501693 -0.399491 -0.767275 9.27198 0.717996 0.302407 -0.626923 -6.58742 0.482479 -0.865423 0.135118 -74.1827 0 0 0 1 
				18
				-0.364827 -0.411683 -0.835115 9.15162 0.690195 0.482433 -0.539341 -5.48787 0.624925 -0.773159 0.108137 -75.2137 0 0 0 1 
				19
				-0.226449 -0.382815 -0.895642 9.06307 0.617776 0.654462 -0.435925 -4.33398 0.753042 -0.652021 0.0882915 -76.2495 0 0 0 1 
				20
				-0.101659 -0.31621 -0.943227 9.01191 0.504719 0.800657 -0.322812 -3.16626 0.857277 -0.508881 0.0782028 -77.2719 0 0 0 1 
				21
				-0.00283446 -0.222606 -0.974905 8.999 0.362758 0.908272 -0.208446 -2.02679 0.931879 -0.354245 0.0781774 -78.2648 0 0 0 1 
				22
				0.0650116 -0.117618 -0.990929 9.02016 0.208767 0.972657 -0.101753 -0.958311 0.975802 -0.200258 0.0877889 -79.2124 0 0 0 1 
				23
				0.103929 -0.0173902 -0.994432 9.06681 0.0607859 0.998089 -0.0111013 -0.00117308 0.992725 -0.0592937 0.104788 -80.1005 0 0 0 1 
		</Joint>
			7
				-1
				0.105095 -0.00766296 -0.994432 10.667 -0.0321679 0.999421 -0.011101 0.934767 0.993942 0.0331555 0.104788 -64.8152 0 0 0 1 
				0
				0.0721486 0.0834881 -0.993893 10.5733 -0.350196 0.935168 0.0531337 0.168392 0.933893 0.344224 0.0967083 -63.8331 0 0 0 1 
				1
				-0.0186885 0.165154 -0.986091 10.4329 -0.662852 0.736317 0.135883 -0.874341 0.748517 0.656172 0.0957117 -62.893 0 0 0 1 
				2
				-0.157332 0.189957 -0.969104 10.1533 -0.881233 0.415916 0.224592 -2.02803 0.445729 0.889342 0.10196 -62.0518 0 0 0 1 
				3
				-0.298319 0.13504 -0.944865 9.75588 -0.95037 0.0495836 0.307143 -3.07117 0.0883264 0.989599 0.113546 -61.2985 0 0 0 1 
				4
				-0.393339 0.0190109 -0.919197 9.3313 -0.886458 -0.273046 0.373682 -3.84196 -0.243879 0.961813 0.124252 -60.5507 0 0 0 1 
				5
				-0.420878 -0.110315 -0.900384 9.01473 -0.760821 -0.497587 0.416604 -4.21861 -0.493977 0.860371 0.125494 -59.6913 0 0 0 1 
				6
				-0.391232 -0.204162 -0.89736 8.91826 -0.658475 -0.619098 0.427936 -4.08193 -0.642922 0.758311 0.107776 -58.6328 0 0 0 1 
				7
				-0.325309 -0.232059 -0.916692 9.03988 -0.64315 -0.656363 0.394394 -3.27123 -0.693205 0.717869 0.064272 -57.4173 0 0 0 1 
				8
				-0.127994 -0.116809 -0.984872 8.81739 -0.904796 -0.392919 0.164189 0.317218 -0.406154 0.912124 -0.0553974 -56.477 0 0 0 1 
				9
				0.274077 -0.226162 -0.934737 4.50306 -0.88348 0.324765 -0.337626 4.18319 0.379928 0.918356 -0.110799 -60.032 0 0 0 1 
				10
				0.288583 -0.667028 -0.686873 -1.08782 -0.205245 0.65762 -0.724852 1.48513 0.935198 0.350157 0.0528741 -66.9514 0 0 0 1 
				11
				0.0463917 -0.840734 -0.539457 -2.92668 0.200618 0.536876 -0.819461 -2.01762 0.978571 -0.0702086 0.193573 -70.4723 0 0 0 1 
				12
				-0.0369412 -0.843541 -0.535792 -3.0065 0.2785 0.506226 -0.816194 -1.86065 0.959726 -0.179369 0.216225 -70.7738 0 0 0 1 
				13
				-0.0859731 -0.829126 -0.552412 -2.84949 0.319703 0.502184 -0.803493 -1.05188 0.94361 -0.245687 0.2219 -70.5979 0 0 0 1 
				14
				-0.104902 -0.802691 -0.587096 -2.37571 0.33407 0.527605 -0.781044 0.238157 0.936692 -0.278064 0.212809 -70.0185 0 0 0 1 
				15
				-0.100038 -0.764162 -0.63722 -1.49858 0.32761 0.579424 -0.746284 1.77147 0.939502 -0.283416 0.192383 -69.113 0 0 0 1 
				16
				-0.0783222 -0.710759 -0.699062 -0.17666 0.303688 0.650879 -0.695795 3.27259 0.949547 -0.266793 0.16487 -67.9806 0 0 0 1 
				17
				-0.0467707 -0.63961 -0.767275 1.54726 0.264827 0.73269 -0.626923 4.46778 0.963161 -0.232517 0.135117 -66.7538 0 0 0 1 
				18
				-0.0118815 -0.549947 -0.835115 3.53425 0.214227 0.814382 -0.539341 5.13928 0.976712 -0.185312 0.108137 -65.5916 0 0 0 1 
				19
				0.021274 -0.444267 -0.895642 5.57636 0.156294 0.886308 -0.435925 5.17812 0.987481 -0.130709 0.0882915 -64.6546 0 0 0 1 
				20
				0.0494582 -0.328446 -0.943227 7.44663 0.0963181 0.94155 -0.322811 4.60506 0.994121 -0.0748842 0.0782027 -64.0722 0 0 0 1 
				21
				0.071293 -0.210899 -0.974905 8.95536 0.0403503 0.977201 -0.208445 3.5587 0.996639 -0.024477 0.0781774 -63.9164 0 0 0 1 
				22
				0.0887409 -0.100924 -0.990929 10.0212 -0.00485894 0.994798 -0.101754 2.25614 0.996043 0.0138446 0.0877889 -64.1877 0 0 0 1 
				23
				0.105095 -0.00766289 -0.994432 10.667 -0.0321679 0.999421 -0.0111009 0.934766 0.993942 0.0331555 0.104788 -64.8152 0 0 0 1 
		</Joint>
			8
				-1
				0.105095 -0.994438 0.0068711 12.2852 -0.0321679 -0.0103052 -0.999429 0.439468 0.993942 0.104814 -0.033072 -49.5112 0 0 0 1 
				0
				0.0721486 -0.993827 -0.0842795 11.6842 -0.350196 0.0538783 -0.935125 -5.22369 0.933893 0.0969824 -0.344147 -49.4537 0 0 0 1 
				1
				-0.0186885 -0.985959 -0.165939 10.1451 -0.662852 0.136469 -0.736209 -11.0805 0.748517 0.0962342 -0.656096 -51.3679 0 0 0 1 
				2
				-0.157332 -0.968952 -0.190729 7.73076 -0.881233 0.224923 -0.415737 -15.5967 0.445729 0.102668 -0.889261 -55.1888 0 0 0 1 
				3
				-0.298318 -0.944757 -0.135792 5.16257 -0.95037 0.307183 -0.049339 -17.7043 0.0883264 0.114334 -0.989508 -59.9386 0 0 0 1 
				4
				-0.393339 -0.919181 -0.0197428 3.27494 -0.886458 0.373465 0.273344 -17.491 -0.243879 0.125018 -0.961714 -64.3057 0 0 0 1 
				5
				-0.420878 -0.900472 0.109598 2.53433 -0.760821 0.416208 0.497918 -15.9332 -0.493977 0.126179 -0.860271 -67.2972 0 0 0 1 
				6
				-0.391232 -0.897523 0.203447 2.89434 -0.658475 0.427443 0.619438 -14.2207 -0.642922 0.108379 -0.758225 -68.5321 0 0 0 1 
				7
				-0.325309 -0.916876 0.231329 4.031 -0.64315 0.393871 0.656677 -13.174 -0.693205 0.0648436 -0.717818 -68.0908 0 0 0 1 
				8
				-0.127994 -0.984965 0.116025 6.84663 -0.904796 0.163876 0.39305 -13.6142 -0.406154 -0.0546711 -0.912168 -62.7307 0 0 0 1 
				9
				0.274077 -0.934916 0.225417 8.72311 -0.88348 -0.337367 -0.325034 -9.42003 0.379928 -0.110067 -0.918444 -54.1821 0 0 0 1 
				10
				0.288583 -0.687404 0.66648 3.35559 -0.205245 -0.724328 -0.658197 -1.67509 0.935198 0.0531529 -0.350115 -52.5519 0 0 0 1 
				11
				0.0463917 -0.540126 0.840305 -2.21237 0.200618 -0.819033 -0.537529 1.07136 0.978571 0.193517 0.0703628 -55.4049 0 0 0 1 
				12
				-0.0369412 -0.536464 0.843115 -3.57529 0.2785 -0.815791 -0.506876 2.4275 0.959726 0.216083 0.179541 -55.9966 0 0 0 1 
				13
				-0.0859731 -0.553072 0.828686 -4.17324 0.319703 -0.803093 -0.502823 3.87068 0.94361 0.221704 0.245863 -56.0689 0 0 0 1 
				14
				-0.104902 -0.587735 0.802224 -3.99091 0.33407 -0.780624 -0.528226 5.38194 0.936692 0.212587 0.278234 -55.596 0 0 0 1 
				15
				-0.100038 -0.637828 0.763654 -3.03889 0.32761 -0.745822 -0.580018 6.81579 0.939502 0.192157 0.283569 -54.6472 0 0 0 1 
				16
				-0.0783222 -0.699628 0.710202 -1.38261 0.303688 -0.695276 -0.651433 7.94857 0.949547 0.164658 0.266924 -53.3602 0 0 0 1 
				17
				-0.0467706 -0.767784 0.638999 0.827113 0.264827 -0.626339 -0.733189 8.5454 0.963161 0.134932 0.232624 -51.9237 0 0 0 1 
				18
				-0.0118815 -0.835552 0.549282 3.35131 0.214227 -0.538692 -0.814811 8.4378 0.976712 0.10799 0.185398 -50.5528 0 0 0 1 
				19
				0.021274 -0.895995 0.443554 5.90392 0.156294 -0.435219 -0.886654 7.58462 0.987481 0.0881873 0.130779 -49.4501 0 0 0 1 
				20
				0.0494582 -0.943488 0.327695 8.20816 0.0963181 -0.322062 -0.941806 6.08809 0.994121 0.078143 0.0749464 -48.7654 0 0 0 1 
				21
				0.071293 -0.975072 0.210123 10.0531 0.0403503 -0.207667 -0.977367 4.17999 0.996639 0.0781579 0.0245392 -48.5708 0 0 0 1 
				22
				0.0887409 -0.991009 0.100135 11.3875 -0.00485894 -0.100961 -0.994878 2.18132 0.996043 0.0877999 -0.0137747 -48.8513 0 0 0 1 
				23
				0.105095 -0.994438 0.00687104 12.2852 -0.0321679 -0.0103051 -0.999429 0.439467 0.993942 0.104814 -0.033072 -49.5112 0 0 0 1 
		</Joint>
			9
				-1
				-1 1.25621e-06 -0.000411167 -1.6135 1.2666e-06 1 -2.52793e-05 -0.0011672 0.000411167 -2.52798e-05 -1 -80.0961 0 0 0 1 
				0
				-0.999784 0.020769 -5.66804e-05 -1.60541 0.0207687 0.999779 0.00313813 0.207851 0.000121844 0.00313627 -0.999995 -79.1547 0 0 0 1 
				1
				-0.99844 0.0558267 0.00092231 -1.58252 0.0558334 0.998381 0.0108687 0.694378 -0.000314053 0.0109032 -0.999941 -78.2034 0 0 0 1 
				2
				-0.995335 0.0964516 0.0024888 -1.54515 0.0964824 0.995126 0.020357 1.28978 -0.000513211 0.0205021 -0.99979 -77.2462 0 0 0 1 
				3
				-0.990978 0.133959 0.00425092 -1.50241 0.134026 0.990558 0.0288333 1.82622 -0.000348314 0.0291429 -0.999575 -76.2892 0 0 0 1 
				4
				-0.987087 0.16009 0.00543843 -1.47283 0.160183 0.986512 0.0336914 2.14277 2.85855e-05 0.0341275 -0.999417 -75.3402 0 0 0 1 
				5
				-0.985989 0.166732 0.00516964 -1.47783 0.166811 0.985457 0.032367 2.07942 0.000302134 0.0327758 -0.999463 -74.4079 0 0 0 1 
				6
				-0.989369 0.145393 0.00301982 -1.52781 0.145425 0.989122 0.0221224 1.46904 0.000229484 0.0223264 -0.999751 -73.499 0 0 0 1 
				7
				-0.996195 0.0871571 4.28637e-06 -1.59819 0.0871572 0.996195 -1.4828e-06 0.139782 -4.3993e-06 -1.10357e-06 -1 -72.6136 0 0 0 1 
				8
				-0.992969 -0.118258 0.00519879 -1.46663 -0.118329 0.990474 -0.0704279 -4.10343 0.00317937 -0.0705479 -0.997503 -71.5098 0 0 0 1 
				9
				-0.890886 -0.449885 0.062656 -0.0605218 -0.453528 0.873365 -0.177608 -10.9933 0.0251818 -0.186645 -0.982104 -70.0488 0 0 0 1 
				10
				-0.694423 -0.700542 0.164372 2.44403 -0.716647 0.65276 -0.245605 -16.7205 0.0647617 -0.288351 -0.955332 -68.6828 0 0 0 1 
				11
				-0.581403 -0.783479 0.219389 3.81441 -0.808774 0.527162 -0.260741 -18.8954 0.0886313 -0.329031 -0.94015 -68.3165 0 0 0 1 
				12
				-0.58779 -0.780245 0.213823 3.67726 -0.804187 0.534679 -0.25962 -18.7061 0.088241 -0.324556 -0.941742 -68.8797 0 0 0 1 
				13
				-0.61357 -0.764296 0.198452 3.29577 -0.785173 0.563822 -0.256143 -18.1453 0.0838777 -0.31298 -0.946048 -69.6197 0 0 0 1 
				14
				-0.654701 -0.735265 0.175361 2.72318 -0.752022 0.610147 -0.249365 -17.2373 0.0763533 -0.295135 -0.9524 -70.5053 0 0 0 1 
				15
				-0.706518 -0.692267 0.146965 2.02078 -0.704555 0.668508 -0.238118 -16.0011 0.0665941 -0.27178 -0.960053 -71.5037 0 0 0 1 
				16
				-0.764074 -0.634638 0.115868 1.25388 -0.642732 0.733392 -0.221429 -14.4592 0.0555504 -0.24366 -0.968269 -72.5827 0 0 0 1 
				17
				-0.822357 -0.562622 0.0847658 0.488955 -0.567257 0.799173 -0.198851 -12.6459 0.0441354 -0.211611 -0.976357 -73.7112 0 0 0 1 
				18
				-0.876644 -0.47784 0.0562411 -0.211212 -0.479994 0.860507 -0.170685 -10.6144 0.0331644 -0.176626 -0.983719 -74.8595 0 0 0 1 
				19
				-0.923045 -0.383323 0.0324313 -0.795332 -0.383987 0.912967 -0.138004 -8.43508 0.0232916 -0.139837 -0.9899 -76.0006 0 0 0 1 
				20
				-0.958944 -0.283213 0.0147504 -1.2299 -0.283202 0.953568 -0.102489 -6.19094 0.0149606 -0.102458 -0.994625 -77.1121 0 0 0 1 
				21
				-0.98321 -0.182438 0.00375614 -1.50198 -0.182283 0.981014 -0.0662084 -3.97364 0.0083941 -0.0657815 -0.997799 -78.1751 0 0 0 1 
				22
				-0.996267 -0.0863243 -0.000900539 -1.62027 -0.0862537 0.995779 -0.031375 -1.87953 0.00360516 -0.0311802 -0.999507 -79.1739 0 0 0 1 
				23
				-1 1.38936e-06 -0.000411167 -1.6135 1.39976e-06 1 -2.52792e-05 -0.00116699 0.000411167 -2.52797e-05 -1 -80.0961 0 0 0 1 
		</Joint>
			10
				-1
				-0.0886971 0.0451661 -0.995034 -9.08511 0.540643 0.841193 -0.0100097 -0.00115773 0.836564 -0.538846 -0.0990301 -80.093 0 0 0 1 
				0
				-0.11326 0.159844 -0.980623 -9.07541 0.202143 0.970039 0.134772 0.363027 0.972785 -0.182962 -0.142178 -79.1538 0 0 0 1 
				1
				-0.149893 0.279178 -0.948468 -9.04248 -0.125489 0.946176 0.298336 1.11154 0.980706 0.163741 -0.106792 -78.2057 0 0 0 1 
				2
				-0.212348 0.373981 -0.9028 -8.98191 -0.528301 0.733279 0.428019 2.01066 0.822075 0.567838 0.0418643 -77.25 0 0 0 1 
				3
				-0.342218 0.408032 -0.846402 -8.90661 -0.771261 0.392536 0.50107 2.8276 0.536696 0.824273 0.180366 -76.2918 0 0 0 1 
				4
				-0.446092 0.397887 -0.801678 -8.84797 -0.871414 0.0111343 0.490423 3.33959 0.204059 0.917367 0.341757 -75.34 0 0 0 1 
				5
				-0.508749 0.374276 -0.775301 -8.84476 -0.855846 -0.317449 0.408354 3.32577 -0.0932815 0.871288 0.481825 -74.4057 0 0 0 1 
				6
				-0.525944 0.375181 -0.763297 -8.92 -0.794289 -0.537565 0.283071 2.55559 -0.304119 0.755158 0.580731 -73.4973 0 0 0 1 
				7
				-0.50107 0.422042 -0.75552 -9.04137 -0.759358 -0.633166 0.149922 0.790986 -0.415096 0.648832 0.637741 -72.6136 0 0 0 1 
				8
				-0.261046 0.625936 -0.734887 -8.88571 -0.9236 -0.383353 0.00156179 -4.98754 -0.280744 0.67915 0.678187 -71.486 0 0 0 1 
				9
				0.313496 0.640647 -0.700922 -6.71688 -0.93617 0.332169 -0.115109 -14.3819 0.15908 0.692268 0.703888 -69.8607 0 0 0 1 
				10
				0.686056 0.177294 -0.705616 -2.74442 -0.427672 0.882874 -0.193985 -22.075 0.588578 0.434857 0.681524 -68.199 0 0 0 1 
				11
				0.659506 -0.182299 -0.72926 -0.52961 -0.00636576 0.968758 -0.247926 -24.9383 0.751673 0.168151 0.637741 -67.6543 0 0 0 1 
				12
				0.604606 -0.263448 -0.751696 -0.714485 0.0956321 0.960902 -0.25985 -24.7147 0.790763 0.0852205 0.606161 -68.2204 0 0 0 1 
				13
				0.56577 -0.271419 -0.778611 -1.28859 0.0917449 0.95913 -0.267681 -24.0118 0.819443 0.0800125 0.567548 -68.993 0 0 0 1 
				14
				0.535199 -0.233992 -0.811671 -2.16849 0.0202326 0.964144 -0.264607 -22.8561 0.844483 0.125195 0.520744 -69.9348 0 0 0 1 
				15
				0.496812 -0.17498 -0.850035 -3.25805 -0.0803134 0.96599 -0.24579 -21.2653 0.864134 0.19038 0.465863 -71.0061 0 0 0 1 
				16
				0.440714 -0.116334 -0.890077 -4.45498 -0.170554 0.962652 -0.210268 -19.2614 0.881296 0.244475 0.404413 -72.1677 0 0 0 1 
				17
				0.368044 -0.0766532 -0.926643 -5.65538 -0.209982 0.963998 -0.163144 -16.8842 0.905787 0.254623 0.338698 -73.3815 0 0 0 1 
				18
				0.285261 -0.0608524 -0.956516 -6.76116 -0.171819 0.978569 -0.113497 -14.2007 0.942923 0.196724 0.268692 -74.6117 0 0 0 1 
				19
				0.196582 -0.0509518 -0.979163 -7.69196 -0.0732648 0.995093 -0.0664898 -11.3041 0.977746 0.0848088 0.191884 -75.8266 0 0 0 1 
				20
				0.118917 -0.0365846 -0.99223 -8.39475 0.0765527 0.996684 -0.0275742 -8.30692 0.989949 -0.0726788 0.121323 -77.0003 0 0 0 1 
				21
				0.0393063 -0.0146374 -0.99912 -8.84815 0.223844 0.97461 -0.00547212 -5.33559 0.973832 -0.223432 0.0415848 -78.1124 0 0 0 1 
				22
				-0.0381861 0.0148413 -0.999161 -9.06399 0.395458 0.918483 -0.00147076 -2.52399 0.91769 -0.395182 -0.0409424 -79.147 0 0 0 1 
				23
				-0.0886969 0.0451664 -0.995034 -9.08511 0.540643 0.841193 -0.0100094 -0.00115653 0.836564 -0.538846 -0.09903 -80.093 0 0 0 1 
		</Joint>
			11
				-1
				0.0125069 -0.0987458 -0.995034 -10.4508 -0.999618 -0.0257436 -0.0100097 8.32328 -0.0246273 0.99478 -0.0990301 -67.2122 0 0 0 1 
				0
