<?xml version='1.0' encoding='UTF-8' ?>
<itpanim>
	<skeleton count>
		25
			0 -1
			1.37091e-06 -1 -6.12323e-17 1.44664e-05 1 1.37091e-06 -6.12323e-17 -3.33788e-06 6.12323e-17 -6.12323e-17 1 44.5 0 0 0 1 
			1 0
			1.3868e-06 4.78456e-08 -1 -44.5 2.75771e-06 -1 -4.78418e-08 1.44666e-05 -1 -2.75771e-06 -1.3868e-06 -5.83747e-05 0 0 0 1 
			2 1
			1.40269e-06 -0.000796318 -1 -49.6773 0 -1 0.000796318 0.0514213 -1 -1.11699e-09 -1.40269e-06 3.19526e-06 0 0 0 1 
			3 2
			1.40269e-06 -0.000796318 -1 -64.5592 0 -1 0.000796318 0.0632714 -1 -1.11699e-09 -1.40269e-06 3.16239e-06 0 0 0 1 
			4 3
			1.40269e-06 -0.000796318 -1 -79.4411 0 -1 0.000796318 0.06596 -1 -1.11699e-09 -1.40269e-06 3.15493e-06 0 0 0 1 
			5 4
			1 1.37091e-06 4.37113e-08 -1.60435 -1.37091e-06 1 3.58059e-15 -1.09939e-05 -4.37113e-08 -6.35048e-14 1 79.4411 0 0 0 1 
			6 5
			0.995014 0.0902305 0.042489 -5.65533 -0.0897157 0.995871 -0.0138741 -0.287945 -0.0435655 0.00999304 0.999001 79.7571 0 0 0 1 
			7 6
			0.994845 -0.0912189 0.0442967 -20.654 0.0915704 0.995781 -0.00596753 -4.08763 -0.0435655 0.00999304 0.999001 79.7571 0 0 0 1 
			8 7
			0.994845 -0.0912189 0.0442967 -36.0513 -0.0434925 0.0107859 0.998995 79.7539 -0.091605 -0.995772 0.00676301 4.15114 0 0 0 1 
			9 4
			-1 -1.37091e-06 4.37114e-08 -1.60434 -1.37091e-06 1 3.84662e-15 -1.09939e-05 -4.37115e-08 -5.60777e-14 -1 -79.4411 0 0 0 1 
			10 9
			-0.995014 0.0902277 0.042489 -5.65533 0.089713 0.995871 -0.0138741 -0.287946 -0.0435654 -0.00999315 -0.999001 -79.7571 0 0 0 1 
			11 10
			-0.994845 -0.0912216 0.0442967 -20.654 -0.0915731 0.995781 -0.00596753 -4.08763 -0.0435654 -0.00999315 -0.999001 -79.7571 0 0 0 1 
			12 11
			-0.994845 -0.0912216 0.0442967 -36.0513 0.0434925 0.0107861 0.998995 79.7539 -0.0916078 0.995772 -0.00676301 -4.15114 0 0 0 1 
			13 4
			1.34309e-06 -5.95475e-08 -1 -82.8177 -1.40269e-06 -1 5.95456e-08 1.08462e-05 -1 1.40269e-06 -1.34309e-06 -0.000107894 0 0 0 1 
			14 13
			1 -0 0 0 0 1 0 0 -0 -0 1 -0 0 0 0 1 
			15 2
			1.37369e-06 -0.0998334 0.995004 44.2777 0 -0.995004 -0.0998334 -4.44257 1 1.3714e-07 -1.36683e-06 -4.58386 0 0 0 1 
			16 15
			1.37369e-06 0.0998334 0.995004 24.6789 0 -0.995004 0.0998334 0.469723 1 -1.3714e-07 -1.36683e-06 -4.58386 0 0 0 1 
			17 16
			1.3716e-06 -6.00745e-14 1 4.70494 0 -1 -6.00745e-14 1.29981e-05 1 8.23984e-20 -1.3716e-06 -4.58386 0 0 0 1 
			18 17
			1.3723e-06 -1 -6.00133e-14 -6.78409 0 6.00133e-14 -1 -0.105526 1 1.3723e-06 8.23562e-20 -4.58386 0 0 0 1 
			19 18
			1 -0 0 0 0 1 0 0 -0 -0 1 -0 0 0 0 1 
			20 2
			1.37369e-06 -0.0998334 0.995004 44.2777 0 -0.995004 -0.0998334 -4.44257 1 1.3714e-07 -1.36683e-06 4.58386 0 0 0 1 
			21 20
			1.37369e-06 0.0998334 0.995004 24.6789 0 -0.995004 0.0998334 0.469723 1 -1.3714e-07 -1.36683e-06 4.58386 0 0 0 1 
			22 21
			1.3716e-06 -6.00745e-14 1 4.70494 0 -1 -6.00745e-14 1.29981e-05 1 8.23984e-20 -1.3716e-06 4.58386 0 0 0 1 
			23 22
			1.3723e-06 -1 5.98908e-14 -6.78409 0 -5.98908e-14 -1 -0.105526 1 1.3723e-06 -8.21882e-20 4.58386 0 0 0 1 
			24 23
			1 -0 0 0 0 1 0 0 -0 -0 1 -0 0 0 0 1 
	</skeleton>
		<animations>
			33
			0
				-1
				1.33158e-06 1 0 3.33786e-06 -1 1.33158e-06 0 9.52023e-07 -0 -0 1 -44.6277 0 0 0 1 
				0
				1.33158e-06 1 0 3.33786e-06 -1 1.33158e-06 0 9.52023e-07 -0 -0 1 -44.5854 0 0 0 1 
				1
				1.33158e-06 1 0 3.33786e-06 -1 1.33158e-06 0 9.52023e-07 -0 -0 1 -44.5391 0 0 0 1 
				2
				1.46474e-06 1 0 3.33786e-06 -1 1.46474e-06 0 9.52023e-07 -0 -0 1 -44.4897 0 0 0 1 
				3
				1.33158e-06 1 0 3.33786e-06 -1 1.33158e-06 0 9.52023e-07 -0 -0 1 -44.4381 0 0 0 1 
				4
				1.46474e-06 1 0 3.33786e-06 -1 1.46474e-06 0 9.52023e-07 -0 -0 1 -44.3852 0 0 0 1 
				5
				1.33158e-06 1 0 3.33786e-06 -1 1.33158e-06 0 9.52023e-07 -0 -0 1 -44.332 0 0 0 1 
				6
				1.19842e-06 1 1.47717e-38 3.33786e-06 -1 1.19842e-06 -1.2326e-32 9.52023e-07 -1.2326e-32 -0 1 -44.2795 0 0 0 1 
				7
				1.33158e-06 1 0 3.33786e-06 -1 1.33158e-06 0 9.52023e-07 -0 -0 1 -44.2285 0 0 0 1 
				8
				1.46474e-06 1 0 3.33786e-06 -1 1.46474e-06 0 9.52024e-07 -0 -0 1 -44.18 0 0 0 1 
				9
				1.33158e-06 1 0 3.33786e-06 -1 1.33158e-06 0 9.52023e-07 -0 -0 1 -44.1349 0 0 0 1 
				10
				1.33158e-06 1 0 3.33786e-06 -1 1.33158e-06 0 9.52023e-07 -0 -0 1 -44.0942 0 0 0 1 
				11
				1.33158e-06 1 0 3.33786e-06 -1 1.33158e-06 0 9.52023e-07 -0 -0 1 -44.0589 0 0 0 1 
				12
				1.33158e-06 1 0 3.33786e-06 -1 1.33158e-06 0 9.52023e-07 -0 -0 1 -44.0297 0 0 0 1 
				13
				1.33158e-06 1 0 3.33786e-06 -1 1.33158e-06 0 9.52023e-07 -0 -0 1 -44.0077 0 0 0 1 
				14
				1.33158e-06 1 0 3.33786e-06 -1 1.33158e-06 0 9.52023e-07 -0 -0 1 -43.9938 0 0 0 1 
				15
				1.33158e-06 1 0 3.33786e-06 -1 1.33158e-06 0 9.52023e-07 -0 -0 1 -43.989 0 0 0 1 
				16
				1.33158e-06 1 0 3.33786e-06 -1 1.33158e-06 0 9.52023e-07 -0 -0 1 -43.9938 0 0 0 1 
				17
				1.33158e-06 1 0 3.33786e-06 -1 1.33158e-06 0 9.52023e-07 -0 -0 1 -44.0077 0 0 0 1 
				18
				1.33158e-06 1 0 3.33786e-06 -1 1.33158e-06 0 9.52023e-07 -0 -0 1 -44.0297 0 0 0 1 
				19
				1.33158e-06 1 0 3.33786e-06 -1 1.33158e-06 0 9.52023e-07 -0 -0 1 -44.0589 0 0 0 1 
				20
				1.33158e-06 1 0 3.33786e-06 -1 1.33158e-06 0 9.52023e-07 -0 -0 1 -44.0942 0 0 0 1 
				21
				1.33158e-06 1 0 3.33786e-06 -1 1.33158e-06 0 9.52023e-07 -0 -0 1 -44.1349 0 0 0 1 
				22
				1.33158e-06 1 0 3.33786e-06 -1 1.33158e-06 0 9.52023e-07 -0 -0 1 -44.18 0 0 0 1 
				23
				1.33158e-06 1 0 3.33786e-06 -1 1.33158e-06 0 9.52023e-07 -0 -0 1 -44.2285 0 0 0 1 
				24
				1.33158e-06 1 0 3.33786e-06 -1 1.33158e-06 0 9.52023e-07 -0 -0 1 -44.2795 0 0 0 1 
				25
				1.33158e-06 1 0 3.33786e-06 -1 1.33158e-06 0 9.52023e-07 -0 -0 1 -44.332 0 0 0 1 
				26
				1.33158e-06 1 0 3.33786e-06 -1 1.33158e-06 0 9.52023e-07 -0 -0 1 -44.3852 0 0 0 1 
				27
				1.33158e-06 1 0 3.33786e-06 -1 1.33158e-06 0 9.52023e-07 -0 -0 1 -44.4381 0 0 0 1 
				28
				1.33158e-06 1 0 3.33786e-06 -1 1.33158e-06 0 9.52023e-07 -0 -0 1 -44.4897 0 0 0 1 
				29
				1.33158e-06 1 0 3.33786e-06 -1 1.33158e-06 0 9.52023e-07 -0 -0 1 -44.5391 0 0 0 1 
				30
				1.46474e-06 1 0 3.33786e-06 -1 1.46474e-06 0 9.52023e-07 -0 -0 1 -44.5854 0 0 0 1 
				31
				1.33158e-06 1 0 3.33786e-06 -1 1.33158e-06 0 9.52023e-07 -0 -0 1 -44.6277 0 0 0 1 
		</Joint>
			1
				-1
				1.33158e-06 2.66316e-06 -1 3.33786e-06 0 -1 -2.66316e-06 9.52023e-07 -1 3.54621e-12 -1.33158e-06 -44.6277 0 0 0 1 
				0
				1.33158e-06 2.66316e-06 -1 3.33786e-06 0 -1 -2.66316e-06 9.52023e-07 -1 3.54621e-12 -1.33158e-06 -44.5854 0 0 0 1 
				1
				1.33158e-06 2.66316e-06 -1 3.33786e-06 0 -1 -2.66316e-06 9.52023e-07 -1 3.54621e-12 -1.33158e-06 -44.5391 0 0 0 1 
				2
				1.33158e-06 2.79632e-06 -1 3.33786e-06 0 -1 -2.79632e-06 9.52023e-07 -1 3.72352e-12 -1.33158e-06 -44.4897 0 0 0 1 
				3
				1.33158e-06 2.66316e-06 -1 3.33786e-06 0 -1 -2.66316e-06 9.52023e-07 -1 3.54621e-12 -1.33158e-06 -44.4381 0 0 0 1 
				4
				1.33158e-06 2.79632e-06 -1 3.33786e-06 0 -1 -2.79632e-06 9.52023e-07 -1 3.72352e-12 -1.33158e-06 -44.3852 0 0 0 1 
				5
				1.33158e-06 2.66316e-06 -1 3.33786e-06 0 -1 -2.66316e-06 9.52023e-07 -1 3.54621e-12 -1.33158e-06 -44.332 0 0 0 1 
				6
				1.33158e-06 2.53e-06 -1 3.33786e-06 0 -1 -2.53e-06 9.52023e-07 -1 3.3689e-12 -1.33158e-06 -44.2795 0 0 0 1 
				7
				1.33158e-06 2.66316e-06 -1 3.33786e-06 0 -1 -2.66316e-06 9.52023e-07 -1 3.54621e-12 -1.33158e-06 -44.2285 0 0 0 1 
				8
				1.33158e-06 2.79632e-06 -1 3.33786e-06 0 -1 -2.79632e-06 9.52024e-07 -1 3.72352e-12 -1.33158e-06 -44.18 0 0 0 1 
				9
				1.33158e-06 2.66316e-06 -1 3.33786e-06 0 -1 -2.66316e-06 9.52023e-07 -1 3.54621e-12 -1.33158e-06 -44.1349 0 0 0 1 
				10
				1.33158e-06 2.66316e-06 -1 3.33786e-06 0 -1 -2.66316e-06 9.52023e-07 -1 3.54621e-12 -1.33158e-06 -44.0942 0 0 0 1 
				11
				1.33158e-06 2.66316e-06 -1 3.33786e-06 0 -1 -2.66316e-06 9.52023e-07 -1 3.54621e-12 -1.33158e-06 -44.0589 0 0 0 1 
				12
				1.33158e-06 2.66316e-06 -1 3.33786e-06 0 -1 -2.66316e-06 9.52023e-07 -1 3.54621e-12 -1.33158e-06 -44.0297 0 0 0 1 
				13
				1.33158e-06 2.66316e-06 -1 3.33786e-06 0 -1 -2.66316e-06 9.52023e-07 -1 3.54621e-12 -1.33158e-06 -44.0077 0 0 0 1 
				14
				1.33158e-06 2.66316e-06 -1 3.33786e-06 0 -1 -2.66316e-06 9.52023e-07 -1 3.54621e-12 -1.33158e-06 -43.9938 0 0 0 1 
				15
				1.33158e-06 2.66316e-06 -1 3.33786e-06 0 -1 -2.66316e-06 9.52023e-07 -1 3.54621e-12 -1.33158e-06 -43.989 0 0 0 1 
				16
				1.33158e-06 2.66316e-06 -1 3.33786e-06 0 -1 -2.66316e-06 9.52023e-07 -1 3.54621e-12 -1.33158e-06 -43.9938 0 0 0 1 
				17
				1.33158e-06 2.66316e-06 -1 3.33786e-06 0 -1 -2.66316e-06 9.52023e-07 -1 3.54621e-12 -1.33158e-06 -44.0077 0 0 0 1 
				18
				1.33158e-06 2.66316e-06 -1 3.33786e-06 0 -1 -2.66316e-06 9.52023e-07 -1 3.54621e-12 -1.33158e-06 -44.0297 0 0 0 1 
				19
				1.33158e-06 2.66316e-06 -1 3.33786e-06 0 -1 -2.66316e-06 9.52023e-07 -1 3.54621e-12 -1.33158e-06 -44.0589 0 0 0 1 
				20
				1.33158e-06 2.66316e-06 -1 3.33786e-06 0 -1 -2.66316e-06 9.52023e-07 -1 3.54621e-12 -1.33158e-06 -44.0942 0 0 0 1 
				21
				1.33158e-06 2.66316e-06 -1 3.33786e-06 0 -1 -2.66316e-06 9.52023e-07 -1 3.54621e-12 -1.33158e-06 -44.1349 0 0 0 1 
				22
				1.33158e-06 2.66316e-06 -1 3.33786e-06 0 -1 -2.66316e-06 9.52023e-07 -1 3.54621e-12 -1.33158e-06 -44.18 0 0 0 1 
				23
				1.33158e-06 2.66316e-06 -1 3.33786e-06 0 -1 -2.66316e-06 9.52023e-07 -1 3.54621e-12 -1.33158e-06 -44.2285 0 0 0 1 
				24
				1.33158e-06 2.66316e-06 -1 3.33786e-06 0 -1 -2.66316e-06 9.52023e-07 -1 3.54621e-12 -1.33158e-06 -44.2795 0 0 0 1 
				25
				1.33158e-06 2.66316e-06 -1 3.33786e-06 0 -1 -2.66316e-06 9.52023e-07 -1 3.54621e-12 -1.33158e-06 -44.332 0 0 0 1 
				26
				1.33158e-06 2.66316e-06 -1 3.33786e-06 0 -1 -2.66316e-06 9.52023e-07 -1 3.54621e-12 -1.33158e-06 -44.3852 0 0 0 1 
				27
				1.33158e-06 2.66316e-06 -1 3.33786e-06 0 -1 -2.66316e-06 9.52023e-07 -1 3.54621e-12 -1.33158e-06 -44.4381 0 0 0 1 
				28
				1.33158e-06 2.66316e-06 -1 3.33786e-06 0 -1 -2.66316e-06 9.52023e-07 -1 3.54621e-12 -1.33158e-06 -44.4897 0 0 0 1 
				29
				1.33158e-06 2.66316e-06 -1 3.33786e-06 0 -1 -2.66316e-06 9.52023e-07 -1 3.54621e-12 -1.33158e-06 -44.5391 0 0 0 1 
				30
				1.33158e-06 2.79632e-06 -1 3.33786e-06 0 -1 -2.79632e-06 9.52023e-07 -1 3.72352e-12 -1.33158e-06 -44.5854 0 0 0 1 
				31
				1.33158e-06 2.66316e-06 -1 3.33786e-06 0 -1 -2.66316e-06 9.52023e-07 -1 3.54621e-12 -1.33158e-06 -44.6277 0 0 0 1 
		</Joint>
			2
				-1
				-0.000201565 -1.28234e-06 -1 1.0501e-05 -0.0008487 -1 1.45341e-06 0.0118419 -1 0.0008487 0.000201564 -49.8051 0 0 0 1 
				0
				-0.000201553 -1.18792e-07 -1 1.04873e-05 -0.00662136 -0.999978 1.45334e-06 0.0118417 -0.999978 0.00662136 0.000201548 -49.7629 0 0 0 1 
				1
				-0.000201532 1.15671e-06 -1 1.04722e-05 -0.0129497 -0.999916 1.45317e-06 0.011841 -0.999916 0.0129497 0.00020153 -49.7166 0 0 0 1 
				2
				-0.000201498 2.65105e-06 -1 1.04545e-05 -0.0197036 -0.999806 1.31971e-06 0.0118397 -0.999806 0.0197036 0.000201512 -49.6673 0 0 0 1 
				3
				-0.000201459 3.93857e-06 -1 1.04391e-05 -0.0267527 -0.999642 1.45241e-06 0.0118378 -0.999642 0.0267527 0.000201492 -49.6158 0 0 0 1 
				4
				-0.000201401 5.52629e-06 -1 1.04202e-05 -0.0339709 -0.999423 1.31865e-06 0.0118353 -0.999423 0.0339709 0.000201472 -49.563 0 0 0 1 
				5
				-0.00020134 6.85641e-06 -1 1.04047e-05 -0.0412318 -0.99915 1.45105e-06 0.0118321 -0.99915 0.0412318 0.000201452 -49.5099 0 0 0 1 
				6
				-0.000201273 8.16896e-06 -1 1.03892e-05 -0.0484055 -0.998828 1.58332e-06 0.0118283 -0.998828 0.0484055 0.000201432 -49.4574 0 0 0 1 
				7
				-0.000201184 9.70366e-06 -1 1.03706e-05 -0.0553619 -0.998466 1.44916e-06 0.0118241 -0.998466 0.0553619 0.000201413 -49.4065 0 0 0 1 
				8
				-0.000201089 1.11691e-05 -1 1.03533e-05 -0.0619754 -0.998078 1.31492e-06 0.0118194 -0.998078 0.0619754 0.000201394 -49.3581 0 0 0 1 
				9
				-0.000201008 1.22743e-05 -1 1.03402e-05 -0.0681206 -0.997677 1.44697e-06 0.0118147 -0.997677 0.0681206 0.000201377 -49.3131 0 0 0 1 
				10
				-0.000200921 1.3392e-05 -1 1.03272e-05 -0.0736683 -0.997283 1.44587e-06 0.0118101 -0.997283 0.0736683 0.000201362 -49.2725 0 0 0 1 
				11
				-0.000200841 1.43634e-05 -1 1.03158e-05 -0.0784896 -0.996915 1.44485e-06 0.0118058 -0.996915 0.0784896 0.000201349 -49.2371 0 0 0 1 
				12
				-0.000200771 1.51632e-05 -1 1.0306e-05 -0.0824597 -0.996594 1.44397e-06 0.011802 -0.996594 0.0824597 0.000201338 -49.208 0 0 0 1 
				13
				-0.000200716 1.57664e-05 -1 1.02991e-05 -0.0854542 -0.996342 1.44327e-06 0.0117991 -0.996342 0.0854542 0.000201329 -49.1861 0 0 0 1 
				14
				-0.000200681 1.61472e-05 -1 1.02946e-05 -0.0873443 -0.996178 1.44281e-06 0.0117972 -0.996178 0.0873443 0.000201324 -49.1722 0 0 0 1 
				15
				-0.000200668 1.62795e-05 -1 1.02929e-05 -0.0880012 -0.99612 1.44265e-06 0.0117965 -0.99612 0.0880012 0.000201322 -49.1674 0 0 0 1 
				16
				-0.000200681 1.61472e-05 -1 1.02946e-05 -0.0873443 -0.996178 1.44281e-06 0.0117972 -0.996178 0.0873443 0.000201324 -49.1722 0 0 0 1 
				17
				-0.000200716 1.57664e-05 -1 1.02991e-05 -0.0854542 -0.996342 1.44327e-06 0.0117991 -0.996342 0.0854542 0.000201329 -49.1861 0 0 0 1 
				18
				-0.000200771 1.51632e-05 -1 1.0306e-05 -0.0824597 -0.996594 1.44397e-06 0.011802 -0.996594 0.0824597 0.000201338 -49.208 0 0 0 1 
				19
				-0.000200841 1.43634e-05 -1 1.03158e-05 -0.0784896 -0.996915 1.44485e-06 0.0118058 -0.996915 0.0784896 0.000201349 -49.2371 0 0 0 1 
				20
				-0.000200921 1.3392e-05 -1 1.03272e-05 -0.0736683 -0.997283 1.44588e-06 0.0118101 -0.997283 0.0736683 0.000201362 -49.2725 0 0 0 1 
				21
				-0.000201008 1.22743e-05 -1 1.03401e-05 -0.0681206 -0.997677 1.44697e-06 0.0118148 -0.997677 0.0681206 0.000201377 -49.3131 0 0 0 1 
				22
				-0.000201097 1.10362e-05 -1 1.03552e-05 -0.0619754 -0.998078 1.44808e-06 0.0118194 -0.998078 0.0619754 0.000201394 -49.3581 0 0 0 1 
				23
				-0.000201184 9.70366e-06 -1 1.03706e-05 -0.0553619 -0.998466 1.44916e-06 0.0118241 -0.998466 0.0553619 0.000201413 -49.4065 0 0 0 1 
				24
				-0.000201266 8.30196e-06 -1 1.03879e-05 -0.0484055 -0.998828 1.45016e-06 0.0118283 -0.998828 0.0484055 0.000201432 -49.4574 0 0 0 1 
				25
				-0.00020134 6.85641e-06 -1 1.04047e-05 -0.0412318 -0.99915 1.45105e-06 0.0118321 -0.99915 0.0412318 0.000201452 -49.5099 0 0 0 1 
				26
				-0.000201405 5.39321e-06 -1 1.04218e-05 -0.0339709 -0.999423 1.45181e-06 0.0118353 -0.999423 0.0339709 0.000201472 -49.563 0 0 0 1 
				27
				-0.000201459 3.93857e-06 -1 1.04391e-05 -0.0267527 -0.999642 1.45241e-06 0.0118378 -0.999642 0.0267527 0.000201492 -49.6158 0 0 0 1 
				28
				-0.000201501 2.51792e-06 -1 1.0456e-05 -0.0197036 -0.999806 1.45287e-06 0.0118397 -0.999806 0.0197036 0.000201512 -49.6673 0 0 0 1 
				29
				-0.000201532 1.15671e-06 -1 1.04721e-05 -0.0129497 -0.999916 1.45317e-06 0.011841 -0.999916 0.0129497 0.00020153 -49.7166 0 0 0 1 
				30
				-0.000201552 1.4363e-08 -1 1.04857e-05 -0.00662136 -0.999978 1.32019e-06 0.0118417 -0.999978 0.00662136 0.000201548 -49.7629 0 0 0 1 
				31
				-0.000201565 -1.28234e-06 -1 1.0501e-05 -0.0008487 -1 1.45341e-06 0.0118419 -1 0.0008487 0.000201564 -49.8051 0 0 0 1 
		</Joint>
			3
				-1
				-0.000413965 -1.06196e-06 -1 -0.00298919 -0.000821564 -1 1.40205e-06 0.0110617 -1 0.000821565 0.000413964 -64.6869 0 0 0 1 
				0
				-0.000413929 2.49135e-06 -1 -0.00298906 -0.0123667 -0.999923 2.62776e-06 -0.0748474 -0.999923 0.0123667 0.000413928 -64.6446 0 0 0 1 
				1
				-0.000413851 6.38583e-06 -1 -0.00298881 -0.0250218 -0.999687 3.97146e-06 -0.169029 -0.999687 0.0250218 0.000413882 -64.5976 0 0 0 1 
				2
				-0.000413718 1.06746e-05 -1 -0.00298838 -0.0385244 -0.999258 5.27163e-06 -0.269546 -0.999258 0.0385244 0.000413822 -64.5467 0 0 0 1 
				3
				-0.00041354 1.48774e-05 -1 -0.00298786 -0.0526117 -0.998615 6.90031e-06 -0.37446 -0.998615 0.0526117 0.00041375 -64.4929 0 0 0 1 
				4
				-0.000413291 1.94482e-05 -1 -0.00298706 -0.0670287 -0.997751 8.29794e-06 -0.481891 -0.997751 0.0670287 0.000413665 -64.4371 0 0 0 1 
				5
				-0.000413005 2.37772e-05 -1 -0.00298623 -0.0815207 -0.996672 9.97039e-06 -0.589964 -0.996672 0.0815207 0.000413569 -64.3801 0 0 0 1 
				6
				-0.000412674 2.80501e-05 -1 -0.00298529 -0.0958258 -0.995398 1.16238e-05 -0.696741 -0.995398 0.0958258 0.000413462 -64.323 0 0 0 1 
				7
				-0.000412277 3.24515e-05 -1 -0.00298404 -0.109684 -0.993967 1.29643e-05 -0.800287 -0.993966 0.109684 0.000413349 -64.2669 0 0 0 1 
				8
				-0.00041185 3.66391e-05 -1 -0.00298269 -0.122843 -0.992426 1.42314e-05 -0.898731 -0.992426 0.122843 0.000413231 -64.2128 0 0 0 1 
				9
				-0.000411444 4.02717e-05 -1 -0.00298155 -0.135057 -0.990838 1.56657e-05 -0.990206 -0.990838 0.135057 0.000413114 -64.162 0 0 0 1 
				10
				-0.000411031 4.36678e-05 -1 -0.00298031 -0.14607 -0.989274 1.68398e-05 -1.07279 -0.989274 0.14607 0.000413001 -64.1156 0 0 0 1 
				11
				-0.000410646 4.66168e-05 -1 -0.00297916 -0.15563 -0.987815 1.78599e-05 -1.14456 -0.987815 0.15563 0.000412897 -64.0749 0 0 0 1 
				12
				-0.000410311 4.90435e-05 -1 -0.00297816 -0.163494 -0.986544 1.86997e-05 -1.20366 -0.986544 0.163494 0.000412808 -64.0412 0 0 0 1 
				13
				-0.000410048 5.08728e-05 -1 -0.00297737 -0.16942 -0.985544 1.9333e-05 -1.24824 -0.985544 0.16942 0.000412739 -64.0155 0 0 0 1 
				14
				-0.000409877 5.20269e-05 -1 -0.00297686 -0.173158 -0.984894 1.97327e-05 -1.27638 -0.984894 0.173158 0.000412694 -63.9993 0 0 0 1 
				15
				-0.000409817 5.24279e-05 -1 -0.00297668 -0.174457 -0.984665 1.98716e-05 -1.28616 -0.984665 0.174457 0.000412678 -63.9936 0 0 0 1 
				16
				-0.000409877 5.20269e-05 -1 -0.00297686 -0.173158 -0.984894 1.97327e-05 -1.27638 -0.984894 0.173158 0.000412694 -63.9993 0 0 0 1 
				17
				-0.000410048 5.08728e-05 -1 -0.00297737 -0.16942 -0.985544 1.9333e-05 -1.24824 -0.985544 0.16942 0.000412739 -64.0155 0 0 0 1 
				18
				-0.000410311 4.90435e-05 -1 -0.00297816 -0.163494 -0.986544 1.86997e-05 -1.20366 -0.986544 0.163494 0.000412808 -64.0412 0 0 0 1 
				19
				-0.000410646 4.66168e-05 -1 -0.00297916 -0.15563 -0.987815 1.78599e-05 -1.14456 -0.987815 0.15563 0.000412897 -64.0749 0 0 0 1 
				20
				-0.000411031 4.36678e-05 -1 -0.00298031 -0.14607 -0.989274 1.68398e-05 -1.07279 -0.989274 0.14607 0.000413001 -64.1156 0 0 0 1 
				21
				-0.000411444 4.02717e-05 -1 -0.00298155 -0.135057 -0.990838 1.56657e-05 -0.990206 -0.990838 0.135057 0.000413114 -64.162 0 0 0 1 
				22
				-0.000411866 3.65067e-05 -1 -0.00298281 -0.122843 -0.992426 1.43648e-05 -0.898731 -0.992426 0.122843 0.000413231 -64.2128 0 0 0 1 
				23
				-0.000412277 3.24515e-05 -1 -0.00298404 -0.109684 -0.993967 1.29643e-05 -0.800287 -0.993966 0.109684 0.000413349 -64.2669 0 0 0 1 
				24
				-0.000412661 2.81826e-05 -1 -0.0029852 -0.0958258 -0.995398 1.14906e-05 -0.696741 -0.995398 0.0958258 0.000413462 -64.323 0 0 0 1 
				25
				-0.000413005 2.37772e-05 -1 -0.00298623 -0.0815207 -0.996672 9.97039e-06 -0.589964 -0.996672 0.0815207 0.000413569 -64.3801 0 0 0 1 
				26
				-0.0004133 1.93153e-05 -1 -0.00298712 -0.0670287 -0.997751 8.43109e-06 -0.481891 -0.997751 0.0670287 0.000413665 -64.4371 0 0 0 1 
				27
				-0.00041354 1.48774e-05 -1 -0.00298786 -0.0526117 -0.998615 6.90031e-06 -0.37446 -0.998615 0.0526117 0.00041375 -64.4929 0 0 0 1 
				28
				-0.000413723 1.05415e-05 -1 -0.00298842 -0.0385244 -0.999258 5.40482e-06 -0.269546 -0.999258 0.0385244 0.000413822 -64.5467 0 0 0 1 
				29
				-0.000413851 6.38583e-06 -1 -0.00298882 -0.0250218 -0.999687 3.97146e-06 -0.169029 -0.999687 0.0250218 0.000413882 -64.5976 0 0 0 1 
				30
				-0.000413928 2.6245e-06 -1 -0.00298905 -0.0123667 -0.999923 2.49461e-06 -0.0748475 -0.999923 0.0123667 0.000413928 -64.6446 0 0 0 1 
				31
				-0.000413965 -1.06196e-06 -1 -0.00298919 -0.000821564 -1 1.40205e-06 0.0110617 -1 0.000821565 0.000413964 -64.6869 0 0 0 1 
		</Joint>
			4
				-1
				-0.000413965 -1.06196e-06 -1 -0.00914976 -0.000821564 -1 1.40205e-06 0.00152396 -1 0.000821565 0.000413964 -79.5688 0 0 0 1 
				0
				-0.000413929 2.49135e-06 -1 -0.00914912 -0.0123667 -0.999923 2.62776e-06 -0.256198 -0.999923 0.0123667 0.000413928 -79.5254 0 0 0 1 
				1
				-0.000413851 6.38583e-06 -1 -0.00914773 -0.0250218 -0.999687 3.97146e-06 -0.538713 -0.999687 0.0250218 0.000413882 -79.4749 0 0 0 1 
				2
				-0.000413718 1.06746e-05 -1 -0.00914532 -0.0385244 -0.999258 5.27163e-06 -0.840175 -0.999258 0.0385244 0.000413822 -79.4176 0 0 0 1 
				3
				-0.00041354 1.48774e-05 -1 -0.00914216 -0.0526117 -0.998615 6.90031e-06 -1.15474 -0.998615 0.0526117 0.00041375 -79.3544 0 0 0 1 
				4
				-0.000413291 1.94482e-05 -1 -0.00913767 -0.0670287 -0.997751 8.29794e-06 -1.47672 -0.997751 0.0670287 0.000413665 -79.2857 0 0 0 1 
				5
				-0.000413005 2.37772e-05 -1 -0.0091326 -0.0815207 -0.996672 9.97039e-06 -1.80047 -0.996672 0.0815207 0.000413569 -79.2127 0 0 0 1 
				6
				-0.000412674 2.80501e-05 -1 -0.00912673 -0.0958258 -0.995398 1.16238e-05 -2.12013 -0.995398 0.0958258 0.000413462 -79.1366 0 0 0 1 
				7
				-0.000412277 3.24515e-05 -1 -0.0091196 -0.109684 -0.993967 1.29643e-05 -2.42991 -0.993966 0.109684 0.000413349 -79.0593 0 0 0 1 
				8
				-0.00041185 3.66391e-05 -1 -0.0091119 -0.122843 -0.992426 1.42314e-05 -2.7242 -0.992426 0.122843 0.000413231 -78.9823 0 0 0 1 
				9
				-0.000411444 4.02717e-05 -1 -0.00910473 -0.135057 -0.990838 1.56657e-05 -2.99745 -0.990838 0.135057 0.000413114 -78.9079 0 0 0 1 
				10
				-0.000411031 4.36678e-05 -1 -0.00909735 -0.14607 -0.989274 1.68398e-05 -3.24393 -0.989274 0.14607 0.000413001 -78.8383 0 0 0 1 
				11
				-0.000410646 4.66169e-05 -1 -0.00909047 -0.15563 -0.987815 1.78599e-05 -3.45797 -0.987815 0.15563 0.000412897 -78.7759 0 0 0 1 
				12
				-0.000410311 4.90435e-05 -1 -0.0090845 -0.163494 -0.986544 1.86997e-05 -3.63411 -0.986544 0.163494 0.000412808 -78.7233 0 0 0 1 
				13
				-0.000410048 5.08728e-05 -1 -0.0090798 -0.16942 -0.985544 1.9333e-05 -3.76688 -0.985544 0.16942 0.000412739 -78.6827 0 0 0 1 
				14
				-0.000409877 5.20269e-05 -1 -0.00907675 -0.173158 -0.984894 1.97327e-05 -3.85065 -0.984894 0.173158 0.000412694 -78.6568 0 0 0 1 
				15
				-0.000409817 5.24279e-05 -1 -0.00907568 -0.174457 -0.984665 1.98716e-05 -3.87976 -0.984665 0.174457 0.000412678 -78.6477 0 0 0 1 
				16
				-0.000409877 5.20269e-05 -1 -0.00907675 -0.173158 -0.984894 1.97327e-05 -3.85065 -0.984894 0.173158 0.000412694 -78.6568 0 0 0 1 
				17
				-0.000410048 5.08728e-05 -1 -0.0090798 -0.16942 -0.985544 1.9333e-05 -3.76688 -0.985544 0.16942 0.000412739 -78.6827 0 0 0 1 
				18
				-0.000410311 4.90435e-05 -1 -0.0090845 -0.163494 -0.986544 1.86997e-05 -3.63411 -0.986544 0.163494 0.000412808 -78.7233 0 0 0 1 
				19
				-0.000410646 4.66169e-05 -1 -0.00909047 -0.15563 -0.987815 1.78599e-05 -3.45797 -0.987815 0.15563 0.000412897 -78.7759 0 0 0 1 
				20
				-0.000411031 4.36678e-05 -1 -0.00909735 -0.14607 -0.989274 1.68398e-05 -3.24393 -0.989274 0.14607 0.000413001 -78.8383 0 0 0 1 
				21
				-0.000411444 4.02717e-05 -1 -0.00910473 -0.135057 -0.990838 1.56657e-05 -2.99745 -0.990838 0.135057 0.000413114 -78.9079 0 0 0 1 
				22
				-0.000411866 3.65067e-05 -1 -0.00911226 -0.122843 -0.992426 1.43648e-05 -2.7242 -0.992426 0.122843 0.000413231 -78.9823 0 0 0 1 
				23
				-0.000412277 3.24515e-05 -1 -0.0091196 -0.109684 -0.993967 1.29643e-05 -2.42991 -0.993966 0.109684 0.000413349 -79.0593 0 0 0 1 
				24
				-0.000412661 2.81826e-05 -1 -0.00912645 -0.0958258 -0.995398 1.14906e-05 -2.12013 -0.995398 0.0958258 0.000413462 -79.1366 0 0 0 1 
				25
				-0.000413005 2.37772e-05 -1 -0.0091326 -0.0815207 -0.996672 9.97039e-06 -1.80047 -0.996672 0.0815207 0.000413569 -79.2127 0 0 0 1 
				26
				-0.0004133 1.93153e-05 -1 -0.00913787 -0.0670287 -0.997751 8.43109e-06 -1.47672 -0.997751 0.0670287 0.000413665 -79.2857 0 0 0 1 
				27
				-0.00041354 1.48774e-05 -1 -0.00914216 -0.0526117 -0.998615 6.90031e-06 -1.15474 -0.998615 0.0526117 0.00041375 -79.3544 0 0 0 1 
				28
				-0.000413723 1.05415e-05 -1 -0.00914544 -0.0385244 -0.999258 5.40482e-06 -0.840176 -0.999258 0.0385244 0.000413822 -79.4176 0 0 0 1 
				29
				-0.000413851 6.38583e-06 -1 -0.00914773 -0.0250218 -0.999687 3.97146e-06 -0.538712 -0.999687 0.0250218 0.000413882 -79.4749 0 0 0 1 
				30
				-0.000413928 2.6245e-06 -1 -0.00914909 -0.0123667 -0.999923 2.49461e-06 -0.256198 -0.999923 0.0123667 0.000413928 -79.5254 0 0 0 1 
				31
				-0.000413965 -1.06196e-06 -1 -0.00914976 -0.000821564 -1 1.40205e-06 0.00152396 -1 0.000821565 0.000413964 -79.5688 0 0 0 1 
		</Joint>
			5
				-1
				1 1.39382e-06 0.00041676 1.5952 -1.40435e-06 1 2.52793e-05 -0.00116248 -0.00041676 -2.52798e-05 1 -79.5695 0 0 0 1 
				0
				1 -2.15932e-06 0.000416727 1.5952 -2.66254e-06 0.999933 0.0115704 -0.258887 -0.000416724 -0.0115704 0.999933 -79.526 0 0 0 1 
				1
				1 -6.05406e-06 0.000416653 1.5952 -4.04143e-06 0.999707 0.0242257 -0.541402 -0.000416677 -0.0242257 0.999706 -79.4755 0 0 0 1 
				2
				1 -1.03429e-05 0.000416523 1.5952 -5.37939e-06 0.999288 0.0377287 -0.842866 -0.000416617 -0.0377287 0.999288 -79.4182 0 0 0 1 
				3
				1 -1.45458e-05 0.000416348 1.5952 -7.04743e-06 0.998657 0.0518165 -1.15743 -0.000416543 -0.0518165 0.998656 -79.3549 0 0 0 1 
				4
				1 -1.91168e-05 0.000416103 1.59521 -8.48537e-06 0.997804 0.0662342 -1.47941 -0.000416455 -0.0662342 0.997804 -79.2861 0 0 0 1 
				5
				1 -2.34461e-05 0.00041582 1.59521 -1.01984e-05 0.996736 0.080727 -1.80316 -0.000416356 -0.080727 0.996736 -79.2131 0 0 0 1 
				6
				1 -2.77192e-05 0.000415492 1.59522 -1.18917e-05 0.995474 0.0950331 -2.12282 -0.000416246 -0.0950331 0.995474 -79.1371 0 0 0 1 
				7
				1 -3.2121e-05 0.000415099 1.59523 -1.3271e-05 0.994054 0.108892 -2.4326 -0.000416128 -0.108892 0.994053 -79.0596 0 0 0 1 
				8
				1 -3.63087e-05 0.000414675 1.59524 -1.45751e-05 0.992524 0.122053 -2.72689 -0.000416006 -0.122053 0.992524 -78.9827 0 0 0 1 
				9
				1 -3.99419e-05 0.000414273 1.59524 -1.60434e-05 0.990945 0.134268 -3.00013 -0.000415884 -0.134268 0.990945 -78.9082 0 0 0 1 
				10
				1 -4.33383e-05 0.000413862 1.59525 -1.72483e-05 0.98939 0.145282 -3.24661 -0.000415767 -0.145282 0.98939 -78.8386 0 0 0 1 
				11
				1 -4.62876e-05 0.000413479 1.59526 -1.82951e-05 0.987939 0.154843 -3.46065 -0.000415659 -0.154843 0.987939 -78.7762 0 0 0 1 
				12
				1 -4.87146e-05 0.000413146 1.59526 -1.91569e-05 0.986674 0.162708 -3.63679 -0.000415567 -0.162708 0.986674 -78.7235 0 0 0 1 
				13
				1 -5.0544e-05 0.000412884 1.59527 -1.98068e-05 0.985679 0.168635 -3.76956 -0.000415495 -0.168635 0.985678 -78.6829 0 0 0 1 
				14
				1 -5.16983e-05 0.000412715 1.59527 -2.02169e-05 0.985031 0.172374 -3.85333 -0.000415448 -0.172374 0.985031 -78.657 0 0 0 1 
				15
				1 -5.20993e-05 0.000412655 1.59527 -2.03594e-05 0.984803 0.173673 -3.88244 -0.000415432 -0.173673 0.984803 -78.6479 0 0 0 1 
				16
				1 -5.16983e-05 0.000412715 1.59527 -2.02169e-05 0.985031 0.172374 -3.85333 -0.000415448 -0.172374 0.985031 -78.657 0 0 0 1 
				17
				1 -5.0544e-05 0.000412884 1.59527 -1.98068e-05 0.985679 0.168635 -3.76956 -0.000415495 -0.168635 0.985678 -78.6829 0 0 0 1 
				18
				1 -4.87146e-05 0.000413146 1.59526 -1.91569e-05 0.986674 0.162708 -3.63679 -0.000415567 -0.162708 0.986674 -78.7235 0 0 0 1 
				19
				1 -4.62876e-05 0.000413479 1.59526 -1.82951e-05 0.987939 0.154843 -3.46065 -0.000415659 -0.154843 0.987939 -78.7762 0 0 0 1 
				20
				1 -4.33383e-05 0.000413862 1.59525 -1.72483e-05 0.98939 0.145282 -3.24661 -0.000415767 -0.145282 0.98939 -78.8386 0 0 0 1 
				21
				1 -3.99419e-05 0.000414273 1.59524 -1.60434e-05 0.990945 0.134268 -3.00013 -0.000415884 -0.134268 0.990945 -78.9082 0 0 0 1 
				22
				1 -3.61766e-05 0.000414691 1.59524 -1.47083e-05 0.992524 0.122053 -2.72689 -0.000416006 -0.122053 0.992524 -78.9827 0 0 0 1 
				23
				1 -3.2121e-05 0.000415099 1.59523 -1.3271e-05 0.994054 0.108892 -2.4326 -0.000416128 -0.108892 0.994053 -79.0596 0 0 0 1 
				24
				1 -2.78518e-05 0.00041548 1.59522 -1.17586e-05 0.995474 0.0950332 -2.12282 -0.000416246 -0.0950331 0.995474 -79.137 0 0 0 1 
				25
				1 -2.34461e-05 0.00041582 1.59521 -1.01983e-05 0.996736 0.080727 -1.80316 -0.000416356 -0.080727 0.996736 -79.2131 0 0 0 1 
				26
				1 -1.8984e-05 0.000416112 1.59521 -8.61853e-06 0.997804 0.0662342 -1.47941 -0.000416455 -0.0662342 0.997804 -79.2862 0 0 0 1 
				27
				1 -1.45458e-05 0.000416348 1.5952 -7.04743e-06 0.998657 0.0518165 -1.15743 -0.000416543 -0.0518165 0.998656 -79.3549 0 0 0 1 
				28
				1 -1.02098e-05 0.000416528 1.5952 -5.51255e-06 0.999288 0.0377287 -0.842866 -0.000416617 -0.0377287 0.999288 -79.4182 0 0 0 1 
				29
				1 -6.05406e-06 0.000416653 1.5952 -4.04143e-06 0.999707 0.0242257 -0.541402 -0.000416677 -0.0242257 0.999706 -79.4755 0 0 0 1 
				30
				1 -2.29247e-06 0.000416726 1.5952 -2.52938e-06 0.999933 0.0115704 -0.258886 -0.000416724 -0.0115704 0.999933 -79.526 0 0 0 1 
				31
				1 1.39382e-06 0.00041676 1.5952 -1.40435e-06 1 2.52793e-05 -0.00116248 -0.00041676 -2.52798e-05 1 -79.5695 0 0 0 1 
		</Joint>
			6
				-1
				0.103929 -0.01739 -0.994433 9.06681 0.0607859 0.998089 -0.0111012 -0.00117298 0.992725 -0.0592937 0.104788 -79.5726 0 0 0 1 
				0
				0.109664 -0.0174489 -0.993815 9.06681 0.0617716 0.998033 -0.0107067 -0.258906 0.992047 -0.0602154 0.110527 -79.5291 0 0 0 1 
				1
				0.115944 -0.0175187 -0.993101 9.06681 0.0628432 0.997971 -0.0102676 -0.541432 0.991266 -0.0612191 0.11681 -79.4786 0 0 0 1 
				2
				0.122642 -0.0176005 -0.992295 9.06681 0.0639841 0.997903 -0.0097919 -0.842906 0.990386 -0.0622902 0.123511 -79.4213 0 0 0 1 
				3
				0.129627 -0.0176935 -0.991405 9.06682 0.0651763 0.997831 -0.00928634 -1.15748 0.989419 -0.0634123 0.130499 -79.358 0 0 0 1 
				4
				0.136774 -0.0177974 -0.990442 9.06682 0.0663929 0.997755 -0.00876032 -1.47948 0.988375 -0.0645602 0.137649 -79.2893 0 0 0 1 
				5
				0.143961 -0.0179098 -0.989421 9.06683 0.0676115 0.997678 -0.0082218 -1.80323 0.987271 -0.0657127 0.144837 -79.2162 0 0 0 1 
				6
				0.151055 -0.0180296 -0.988361 9.06683 0.0688125 0.997601 -0.00768119 -2.12291 0.986128 -0.0668513 0.151934 -79.1402 0 0 0 1 
				7
				0.157926 -0.0181528 -0.987284 9.06684 0.0699709 0.997524 -0.00714855 -2.4327 0.984969 -0.0679522 0.158805 -79.0628 0 0 0 1 
				8
				0.164453 -0.018278 -0.986215 9.06684 0.0710691 0.99745 -0.0066353 -2.727 0.983822 -0.0689982 0.165333 -78.9858 0 0 0 1 
				9
				0.170518 -0.0184 -0.985183 9.06685 0.0720907 0.997379 -0.00615012 -3.00025 0.982714 -0.0699738 0.171398 -78.9113 0 0 0 1 
				10
				0.17599 -0.018516 -0.984218 9.06686 0.0730107 0.997315 -0.00570724 -3.24674 0.981681 -0.070854 0.176869 -78.8417 0 0 0 1 
				11
				0.180739 -0.01862 -0.983355 9.06687 0.073805 0.997259 -0.00531802 -3.46079 0.980758 -0.0716153 0.181618 -78.7793 0 0 0 1 
				12
				0.184648 -0.0187087 -0.982627 9.06687 0.0744579 0.997212 -0.00499483 -3.63693 0.97998 -0.0722421 0.185526 -78.7266 0 0 0 1 
				13
				0.187597 -0.0187772 -0.982067 9.06688 0.0749518 0.997176 -0.00474863 -3.76971 0.979382 -0.0727168 0.188475 -78.6861 0 0 0 1 
				14
				0.189458 -0.0188215 -0.981708 9.06688 0.0752632 0.997153 -0.00459271 -3.85348 0.979 -0.0730164 0.190335 -78.6601 0 0 0 1 
				15
				0.190105 -0.018837 -0.981583 9.06688 0.0753709 0.997145 -0.00453843 -3.88259 0.978866 -0.0731201 0.190982 -78.651 0 0 0 1 
				16
				0.189458 -0.0188216 -0.981708 9.06688 0.0752632 0.997153 -0.00459277 -3.85348 0.979 -0.0730164 0.190336 -78.6601 0 0 0 1 
				17
				0.187597 -0.0187772 -0.982067 9.06688 0.0749518 0.997176 -0.00474861 -3.76971 0.979382 -0.0727168 0.188475 -78.6861 0 0 0 1 
				18
				0.184648 -0.0187088 -0.982627 9.06687 0.0744579 0.997212 -0.00499486 -3.63693 0.97998 -0.0722421 0.185526 -78.7266 0 0 0 1 
				19
				0.180739 -0.01862 -0.983355 9.06687 0.073805 0.997259 -0.00531802 -3.46079 0.980758 -0.0716153 0.181618 -78.7793 0 0 0 1 
				20
				0.17599 -0.018516 -0.984218 9.06686 0.0730107 0.997315 -0.00570724 -3.24674 0.981681 -0.070854 0.176869 -78.8417 0 0 0 1 
				21
				0.170518 -0.0184001 -0.985183 9.06685 0.0720907 0.997379 -0.00615022 -3.00025 0.982714 -0.0699737 0.171398 -78.9113 0 0 0 1 
				22
				0.164453 -0.0182778 -0.986215 9.06685 0.0710691 0.99745 -0.00663511 -2.727 0.983822 -0.0689982 0.165333 -78.9858 0 0 0 1 
				23
				0.157926 -0.0181528 -0.987284 9.06684 0.0699709 0.997524 -0.00714856 -2.4327 0.984969 -0.0679522 0.158805 -79.0628 0 0 0 1 
				24
				0.151055 -0.0180298 -0.988361 9.06683 0.0688125 0.997601 -0.0076814 -2.12291 0.986128 -0.0668513 0.151934 -79.1402 0 0 0 1 
				25
				0.143961 -0.0179099 -0.989421 9.06683 0.0676115 0.997678 -0.00822186 -1.80323 0.987271 -0.0657127 0.144837 -79.2162 0 0 0 1 
				26
				0.136774 -0.0177973 -0.990442 9.06682 0.0663929 0.997755 -0.00876028 -1.47948 0.988375 -0.0645601 0.137649 -79.2893 0 0 0 1 
				27
				0.129627 -0.0176935 -0.991405 9.06682 0.0651763 0.997831 -0.00928634 -1.15748 0.989418 -0.0634123 0.130499 -79.358 0 0 0 1 
				28
				0.122642 -0.0176003 -0.992295 9.06681 0.0639841 0.997903 -0.00979164 -0.842908 0.990386 -0.0622902 0.123511 -79.4213 0 0 0 1 
				29
				0.115944 -0.0175187 -0.993101 9.06681 0.0628432 0.997971 -0.0102676 -0.541432 0.991266 -0.0612191 0.11681 -79.4786 0 0 0 1 
				30
				0.109664 -0.017449 -0.993815 9.06681 0.0617716 0.998033 -0.0107068 -0.258905 0.992047 -0.0602154 0.110527 -79.5291 0 0 0 1 
				31
				0.103929 -0.01739 -0.994433 9.06681 0.0607859 0.998089 -0.0111012 -0.00117298 0.992725 -0.0592937 0.104788 -79.5726 0 0 0 1 
		</Joint>
			7
				-1
				0.105095 -0.00766301 -0.994433 10.667 -0.0321679 0.999421 -0.0111011 0.934766 0.993942 0.0331555 0.104788 -64.2873 0 0 0 1 
				0
				0.110851 -0.00654912 -0.993815 10.7553 -0.0369507 0.99926 -0.0107065 0.692211 0.99315 0.0379089 0.110527 -64.2542 0 0 0 1 
				1
				0.117143 -0.00525782 -0.993101 10.852 -0.0422014 0.999057 -0.0102673 0.426183 0.992218 0.043113 0.11681 -64.2157 0 0 0 1 
				2
				0.12384 -0.0037999 -0.992295 10.9552 -0.0478071 0.998809 -0.00979127 0.142276 0.99115 0.0486513 0.123511 -64.172 0 0 0 1 
				3
				0.130811 -0.00219096 -0.991405 11.0627 -0.0536562 0.998516 -0.00928634 -0.153942 0.989954 0.0544098 0.130499 -64.1236 0 0 0 1 
				4
				0.137927 -0.000450014 -0.990442 11.1728 -0.0596493 0.998181 -0.00876014 -0.457205 0.988645 0.0602874 0.137649 -64.0709 0 0 0 1 
				5
				0.145064 0.00139628 -0.989421 11.2834 -0.0656824 0.997807 -0.00822189 -0.762198 0.98724 0.0661802 0.144837 -64.0149 0 0 0 1 
				6
				0.152092 0.00331426 -0.988361 11.3927 -0.0716459 0.997401 -0.00768047 -1.06339 0.985767 0.0719801 0.151934 -63.9565 0 0 0 1 
				7
				0.158879 0.00526092 -0.987284 11.4985 -0.0774347 0.996972 -0.00714864 -1.35534 0.984257 0.0775858 0.158805 -63.8969 0 0 0 1 
				8
				0.165309 0.00719282 -0.986215 11.599 -0.0829415 0.996533 -0.00663457 -1.63273 0.982748 0.0828949 0.165333 -63.8376 0 0 0 1 
				9
				0.171268 0.00905772 -0.985183 11.6924 -0.0880568 0.996096 -0.00615013 -1.89025 0.981281 0.0878054 0.171398 -63.7802 0 0 0 1 
				10
				0.176631 0.0107996 -0.984218 11.7766 -0.0926775 0.99568 -0.00570689 -2.12257 0.979904 0.0922229 0.176869 -63.7264 0 0 0 1 
				11
				0.181275 0.0123576 -0.983355 11.8498 -0.0966983 0.9953 -0.00531794 -2.32439 0.978667 0.0960527 0.181618 -63.6782 0 0 0 1 
				12
				0.185089 0.0136721 -0.982627 11.91 -0.100011 0.994974 -0.00499431 -2.49048 0.97762 0.0991977 0.185526 -63.6375 0 0 0 1 
				13
				0.187962 0.0146818 -0.982067 11.9554 -0.102508 0.994721 -0.00474849 -2.61565 0.976812 0.101562 0.188475 -63.6062 0 0 0 1 
				14
				0.189773 0.015327 -0.981708 11.984 -0.104084 0.994558 -0.0045928 -2.69463 0.976295 0.103052 0.190335 -63.5861 0 0 0 1 
				15
				0.190401 0.0155532 -0.981583 11.994 -0.104633 0.994501 -0.00453819 -2.72208 0.976114 0.10357 0.190982 -63.5791 0 0 0 1 
				16
				0.189773 0.0153269 -0.981708 11.984 -0.104084 0.994558 -0.00459296 -2.69463 0.976295 0.103052 0.190336 -63.5861 0 0 0 1 
				17
				0.187962 0.0146819 -0.982067 11.9554 -0.102508 0.994721 -0.00474839 -2.61565 0.976812 0.101562 0.188475 -63.6062 0 0 0 1 
				18
				0.185089 0.013672 -0.982627 11.91 -0.10001 0.994974 -0.00499434 -2.49048 0.97762 0.0991974 0.185526 -63.6375 0 0 0 1 
				19
				0.181275 0.0123576 -0.983355 11.8498 -0.0966983 0.9953 -0.00531794 -2.32439 0.978667 0.0960527 0.181618 -63.6782 0 0 0 1 
				20
				0.176631 0.0107996 -0.984218 11.7766 -0.0926775 0.99568 -0.00570688 -2.12257 0.979904 0.0922229 0.176869 -63.7264 0 0 0 1 
				21
				0.171269 0.00905751 -0.985183 11.6924 -0.0880566 0.996096 -0.00615031 -1.89025 0.981281 0.0878052 0.171398 -63.7802 0 0 0 1 
				22
				0.165309 0.00719281 -0.986216 11.599 -0.0829414 0.996533 -0.00663457 -1.63273 0.982748 0.0828948 0.165333 -63.8376 0 0 0 1 
				23
				0.158879 0.00526092 -0.987284 11.4985 -0.0774347 0.996972 -0.00714864 -1.35534 0.984257 0.0775858 0.158805 -63.8969 0 0 0 1 
				24
				0.152092 0.00331405 -0.988361 11.3927 -0.0716459 0.997401 -0.00768069 -1.06338 0.985767 0.0719802 0.151934 -63.9564 0 0 0 1 
				25
				0.145064 0.0013963 -0.989421 11.2834 -0.0656822 0.997807 -0.00822186 -0.762198 0.98724 0.0661801 0.144837 -64.0149 0 0 0 1 
				26
				0.137927 -0.000450077 -0.990442 11.1728 -0.0596492 0.998181 -0.00876019 -0.457206 0.988645 0.0602874 0.137649 -64.0709 0 0 0 1 
				27
				0.130811 -0.00219097 -0.991405 11.0627 -0.0536562 0.998516 -0.00928634 -0.153942 0.989954 0.0544098 0.130499 -64.1236 0 0 0 1 
				28
				0.123841 -0.00379969 -0.992295 10.9552 -0.0478074 0.998809 -0.00979109 0.142275 0.99115 0.0486516 0.123511 -64.172 0 0 0 1 
				29
				0.117143 -0.00525819 -0.993101 10.852 -0.0422014 0.999056 -0.0102676 0.426183 0.992218 0.0431131 0.11681 -64.2157 0 0 0 1 
				30
				0.110851 -0.00654915 -0.993815 10.7553 -0.0369504 0.99926 -0.0107065 0.692212 0.99315 0.0379087 0.110527 -64.2542 0 0 0 1 
				31
				0.105095 -0.00766301 -0.994433 10.667 -0.0321679 0.999421 -0.0111011 0.934766 0.993942 0.0331555 0.104788 -64.2873 0 0 0 1 
		</Joint>
			8
				-1
				0.105095 -0.994438 0.00687116 12.2852 -0.0321679 -0.0103052 -0.999429 0.439467 0.993942 0.104814 -0.033072 -48.9833 0 0 0 1 
				0
				0.110851 -0.99382 0.00575776 12.4621 -0.0369506 -0.00991079 -0.999268 0.12327 0.99315 0.110557 -0.0378209 -48.9624 0 0 0 1 
				1
				0.117143 -0.993105 0.00446702 12.6557 -0.0422014 -0.00947173 -0.999064 -0.223606 0.992218 0.116844 -0.04302 -48.9382 0 0 0 1 
				2
				0.12384 -0.992297 0.00300975 12.862 -0.0478071 -0.00899593 -0.998816 -0.593825 0.99115 0.12355 -0.0485529 -48.911 0 0 0 1 
				3
				0.130811 -0.991406 0.00140152 13.0769 -0.0536562 -0.00849123 -0.998523 -0.980103 0.989954 0.130542 -0.0543058 -48.881 0 0 0 1 
				4
				0.137927 -0.990442 -0.000338661 13.2965 -0.0596493 -0.0079653 -0.998188 -1.37564 0.988645 0.137697 -0.0601778 -48.8485 0 0 0 1 
				5
				0.145064 -0.98942 -0.00218414 13.517 -0.0656824 -0.00742735 -0.997813 -1.77353 0.98724 0.14489 -0.0660649 -48.814 0 0 0 1 
				6
				0.152092 -0.988358 -0.00410128 13.7345 -0.0716459 -0.00688626 -0.997407 -2.16654 0.985767 0.151991 -0.0718591 -48.7783 0 0 0 1 
				7
				0.158879 -0.98728 -0.00604708 13.9448 -0.0774346 -0.00635477 -0.996977 -2.54762 0.984257 0.158867 -0.0774593 -48.742 0 0 0 1 
				8
				0.165309 -0.986209 -0.00797812 14.1443 -0.0829415 -0.00584105 -0.996538 -2.9098 0.982748 0.165399 -0.0827633 -48.7059 0 0 0 1 
				9
				0.171268 -0.985175 -0.0098422 14.3294 -0.0880568 -0.00535695 -0.996101 -3.24609 0.981281 0.171467 -0.0876689 -48.6711 0 0 0 1 
				10
				0.176631 -0.984209 -0.0115833 14.4963 -0.0926775 -0.00491404 -0.995684 -3.54955 0.979904 0.176943 -0.092082 -48.6385 0 0 0 1 
				11
				0.181275 -0.983345 -0.0131407 14.6409 -0.0966983 -0.00452539 -0.995304 -3.81328 0.978667 0.181694 -0.095908 -48.6094 0 0 0 1 
				12
				0.185089 -0.982615 -0.0144545 14.7598 -0.100011 -0.00420202 -0.994978 -4.03038 0.97762 0.185605 -0.0990499 -48.5848 0 0 0 1 
				13
				0.187962 -0.982055 -0.0154638 14.8495 -0.102508 -0.00395641 -0.994724 -4.194 0.976812 0.188556 -0.101412 -48.5659 0 0 0 1 
				14
				0.189773 -0.981696 -0.0161087 14.906 -0.104084 -0.00380085 -0.994561 -4.29724 0.976295 0.190417 -0.1029 -48.5538 0 0 0 1 
				15
