<?xml version='1.0' encoding='UTF-8' ?>
<itpanim>
	<skeleton count>
		25
			0 -1
			1.37091e-06 -1 -6.12323e-17 1.44664e-05 1 1.37091e-06 -6.12323e-17 -3.33788e-06 6.12323e-17 -6.12323e-17 1 44.5 0 0 0 1 
			1 0
			1.3868e-06 4.78456e-08 -1 -44.5 2.75771e-06 -1 -4.78418e-08 1.44666e-05 -1 -2.75771e-06 -1.3868e-06 -5.83747e-05 0 0 0 1 
			2 1
			1.40269e-06 -0.000796318 -1 -49.6773 0 -1 0.000796318 0.0514213 -1 -1.11699e-09 -1.40269e-06 3.19526e-06 0 0 0 1 
			3 2
			1.40269e-06 -0.000796318 -1 -64.5592 0 -1 0.000796318 0.0632714 -1 -1.11699e-09 -1.40269e-06 3.16239e-06 0 0 0 1 
			4 3
			1.40269e-06 -0.000796318 -1 -79.4411 0 -1 0.000796318 0.06596 -1 -1.11699e-09 -1.40269e-06 3.15493e-06 0 0 0 1 
			5 4
			1 1.37091e-06 4.37113e-08 -1.60435 -1.37091e-06 1 3.58059e-15 -1.09939e-05 -4.37113e-08 -6.35048e-14 1 79.4411 0 0 0 1 
			6 5
			0.995014 0.0902305 0.042489 -5.65533 -0.0897157 0.995871 -0.0138741 -0.287945 -0.0435655 0.00999304 0.999001 79.7571 0 0 0 1 
			7 6
			0.994845 -0.0912189 0.0442967 -20.654 0.0915704 0.995781 -0.00596753 -4.08763 -0.0435655 0.00999304 0.999001 79.7571 0 0 0 1 
			8 7
			0.994845 -0.0912189 0.0442967 -36.0513 -0.0434925 0.0107859 0.998995 79.7539 -0.091605 -0.995772 0.00676301 4.15114 0 0 0 1 
			9 4
			-1 -1.37091e-06 4.37114e-08 -1.60434 -1.37091e-06 1 3.84662e-15 -1.09939e-05 -4.37115e-08 -5.60777e-14 -1 -79.4411 0 0 0 1 
			10 9
			-0.995014 0.0902277 0.042489 -5.65533 0.089713 0.995871 -0.0138741 -0.287946 -0.0435654 -0.00999315 -0.999001 -79.7571 0 0 0 1 
			11 10
			-0.994845 -0.0912216 0.0442967 -20.654 -0.0915731 0.995781 -0.00596753 -4.08763 -0.0435654 -0.00999315 -0.999001 -79.7571 0 0 0 1 
			12 11
			-0.994845 -0.0912216 0.0442967 -36.0513 0.0434925 0.0107861 0.998995 79.7539 -0.0916078 0.995772 -0.00676301 -4.15114 0 0 0 1 
			13 4
			1.34309e-06 -5.95475e-08 -1 -82.8177 -1.40269e-06 -1 5.95456e-08 1.08462e-05 -1 1.40269e-06 -1.34309e-06 -0.000107894 0 0 0 1 
			14 13
			1 -0 0 0 0 1 0 0 -0 -0 1 -0 0 0 0 1 
			15 2
			1.37369e-06 -0.0998334 0.995004 44.2777 0 -0.995004 -0.0998334 -4.44257 1 1.3714e-07 -1.36683e-06 -4.58386 0 0 0 1 
			16 15
			1.37369e-06 0.0998334 0.995004 24.6789 0 -0.995004 0.0998334 0.469723 1 -1.3714e-07 -1.36683e-06 -4.58386 0 0 0 1 
			17 16
			1.3716e-06 -6.00745e-14 1 4.70494 0 -1 -6.00745e-14 1.29981e-05 1 8.23984e-20 -1.3716e-06 -4.58386 0 0 0 1 
			18 17
			1.3723e-06 -1 -6.00133e-14 -6.78409 0 6.00133e-14 -1 -0.105526 1 1.3723e-06 8.23562e-20 -4.58386 0 0 0 1 
			19 18
			1 -0 0 0 0 1 0 0 -0 -0 1 -0 0 0 0 1 
			20 2
			1.37369e-06 -0.0998334 0.995004 44.2777 0 -0.995004 -0.0998334 -4.44257 1 1.3714e-07 -1.36683e-06 4.58386 0 0 0 1 
			21 20
			1.37369e-06 0.0998334 0.995004 24.6789 0 -0.995004 0.0998334 0.469723 1 -1.3714e-07 -1.36683e-06 4.58386 0 0 0 1 
			22 21
			1.3716e-06 -6.00745e-14 1 4.70494 0 -1 -6.00745e-14 1.29981e-05 1 8.23984e-20 -1.3716e-06 4.58386 0 0 0 1 
			23 22
			1.3723e-06 -1 5.98908e-14 -6.78409 0 -5.98908e-14 -1 -0.105526 1 1.3723e-06 -8.21882e-20 4.58386 0 0 0 1 
			24 23
			1 -0 0 0 0 1 0 0 -0 -0 1 -0 0 0 0 1 
	</skeleton>
		<animations>
			33
			0
				-1
				1.33158e-06 1 0 3.33786e-06 -1 1.33158e-06 0 9.52023e-07 -0 -0 1 -45.9815 0 0 0 1 
				0
				-0.030499 0.999535 9.0778e-36 0.563706 -0.999535 -0.030499 -1.2332e-32 -3.89161 -1.2326e-32 -3.85186e-34 1 -44.1837 0 0 0 1 
				1
				-0.0672385 0.997737 0 1.16958 -0.997737 -0.0672385 -0 -8.07435 -0 -0 1 -42.2514 0 0 0 1 
				2
				-0.106362 0.994327 0 1.79216 -0.994327 -0.106362 -0 -12.3724 -0 -0 1 -40.2658 0 0 0 1 
				3
				-0.144031 0.989573 0 2.40599 -0.989573 -0.144031 -0 -16.6101 -0 -0 1 -38.3081 0 0 0 1 
				4
				-0.176596 0.984284 8.56342e-34 2.9864 -0.984284 -0.176596 -1.26764e-32 -20.6171 -1.2326e-32 -3.08149e-33 1 -36.457 0 0 0 1 
				5
				-0.200502 0.979693 5.47532e-34 3.50874 -0.979693 -0.200502 -1.26935e-32 -24.2231 -1.2326e-32 -3.08149e-33 1 -34.7912 0 0 0 1 
				6
				-0.212147 0.977238 3.96428e-34 3.94753 -0.977238 -0.212147 -1.26991e-32 -27.2523 -1.2326e-32 -3.08149e-33 1 -33.3917 0 0 0 1 
				7
				-0.20791 0.978148 0 4.27732 -0.978148 -0.20791 -0 -29.5291 -0 -0 1 -32.34 0 0 0 1 
				8
				-0.182568 0.983193 0 4.48219 -0.983193 -0.182568 -0 -30.9435 -0 -0 1 -31.6866 0 0 0 1 
				9
				-0.136876 0.990588 0 4.57806 -0.990588 -0.136876 -0 -31.6053 -0 -0 1 -31.3808 0 0 0 1 
				10
				-0.0768279 0.997044 0 4.5904 -0.997044 -0.0768279 -0 -31.6905 -0 -0 1 -31.3415 0 0 0 1 
				11
				-0.00872534 0.999962 -1.12553e-35 4.54465 -0.999962 -0.00872534 -1.23263e-32 -31.3746 -1.2326e-32 -9.62965e-35 1 -31.4874 0 0 0 1 
				12
				0.0610512 0.998135 0 4.46549 -0.998135 0.0610512 0 -30.8281 -0 -0 1 -31.7398 0 0 0 1 
				13
				0.126065 0.992022 -1.55387e-33 4.37757 -0.992022 0.126065 1.22276e-32 -30.2212 1.2326e-32 -0 1 -32.0202 0 0 0 1 
				14
				0.179889 0.983687 3.73291e-33 4.30635 -0.983687 0.179889 -1.18477e-32 -29.7295 -1.2326e-32 -1.54074e-33 1 -32.2474 0 0 0 1 
				15
				0.216441 0.976296 1.16362e-33 4.27732 -0.976296 0.216441 -1.23673e-32 -29.5291 -1.2326e-32 1.54074e-33 1 -32.34 0 0 0 1 
				16
				0.237829 0.971307 6.15995e-35 4.30635 -0.971307 0.237829 1.27052e-32 -29.7295 1.2326e-32 -3.08149e-33 1 -32.2474 0 0 0 1 
				17
				0.250645 0.968079 -2.98312e-33 4.37757 -0.968079 0.250645 -7.7236e-34 -30.2212 -0 3.08149e-33 1 -32.0202 0 0 0 1 
				18
				0.256176 0.96663 1.7895e-34 4.46549 -0.96663 0.256176 -1.2704e-32 -30.8281 -1.2326e-32 3.08149e-33 1 -31.7398 0 0 0 1 
				19
				0.255658 0.966767 0 4.54465 -0.966767 0.255658 0 -31.3746 -0 -0 1 -31.4874 0 0 0 1 
				20
				0.250259 0.968179 2.98343e-33 4.5904 -0.968179 0.250259 7.71169e-34 -31.6905 -0 -3.08149e-33 1 -31.3415 0 0 0 1 
				21
				0.241129 0.970493 0 4.57806 -0.970493 0.241129 0 -31.6053 -0 -0 1 -31.3808 0 0 0 1 
				22
				0.229458 0.973319 0 4.48219 -0.973319 0.229458 0 -30.9435 -0 -0 1 -31.6866 0 0 0 1 
				23
				0.216441 0.976296 1.16362e-33 4.27732 -0.976296 0.216441 -1.23673e-32 -29.5291 -1.2326e-32 1.54074e-33 1 -32.34 0 0 0 1 
				24
				0.199989 0.979798 1.50962e-33 3.94753 -0.979798 0.199989 3.08131e-34 -27.2523 -0 -1.54074e-33 1 -33.3917 0 0 0 1 
				25
				0.178012 0.984028 -8.38105e-34 3.50874 -0.984028 0.178012 -1.26776e-32 -24.2231 -1.2326e-32 3.08149e-33 1 -34.7912 0 0 0 1 
				26
				0.151735 0.988421 1.5229e-33 2.9864 -0.988421 0.151735 2.33785e-34 -20.6171 -0 -1.54074e-33 1 -36.457 0 0 0 1 
				27
				0.122412 0.992479 -2.03122e-35 2.40599 -0.992479 0.122412 -1.24219e-32 -16.6101 -1.2326e-32 1.54074e-33 1 -38.3081 0 0 0 1 
				28
				0.0912838 0.995825 7.67156e-34 1.79216 -0.995825 0.0912838 7.03224e-35 -12.3724 -0 -7.70372e-34 1 -40.2658 0 0 0 1 
				29
				0.0596208 0.998221 -3.41189e-35 1.16958 -0.998221 0.0596208 -1.235e-32 -8.07435 -1.2326e-32 7.70372e-34 1 -42.2514 0 0 0 1 
				30
				0.0287493 0.999587 -3.06648e-35 0.563706 -0.999587 0.0287493 -1.23319e-32 -3.8916 -1.2326e-32 3.85186e-34 1 -44.1837 0 0 0 1 
				31
				1.33158e-06 1 0 3.33786e-06 -1 1.33158e-06 0 9.52023e-07 -0 -0 1 -45.9815 0 0 0 1 
		</Joint>
			1
				-1
				1.33158e-06 2.66316e-06 -1 3.33786e-06 0 -1 -2.66316e-06 9.52023e-07 -1 3.54621e-12 -1.33158e-06 -45.9815 0 0 0 1 
				0
				1.33158e-06 -0.0304977 -0.999535 0.563706 0 -0.999535 0.0304977 -3.89161 -1 -4.06101e-08 -1.33096e-06 -44.1837 0 0 0 1 
				1
				1.33158e-06 -0.0672372 -0.997737 1.16958 0 -0.997737 0.0672372 -8.07435 -1 -8.95317e-08 -1.32857e-06 -42.2514 0 0 0 1 
				2
				1.33158e-06 -0.106361 -0.994328 1.79216 0 -0.994328 0.106361 -12.3724 -1 -1.41628e-07 -1.32403e-06 -40.2658 0 0 0 1 
				3
				1.33158e-06 -0.14403 -0.989573 2.40599 0 -0.989573 0.14403 -16.6101 -1 -1.91787e-07 -1.3177e-06 -38.3081 0 0 0 1 
				4
				1.33158e-06 -0.176595 -0.984284 2.9864 0 -0.984284 0.176595 -20.6171 -1 -2.3515e-07 -1.31065e-06 -36.457 0 0 0 1 
				5
				1.33158e-06 -0.200501 -0.979694 3.50874 0 -0.979694 0.200501 -24.2231 -1 -2.66983e-07 -1.30454e-06 -34.7912 0 0 0 1 
				6
				1.33158e-06 -0.212146 -0.977238 3.94753 0 -0.977238 0.212146 -27.2523 -1 -2.8249e-07 -1.30127e-06 -33.3917 0 0 0 1 
				7
				1.33158e-06 -0.207909 -0.978148 4.27732 0 -0.978148 0.207909 -29.5291 -1 -2.76848e-07 -1.30248e-06 -32.34 0 0 0 1 
				8
				1.33158e-06 -0.182567 -0.983193 4.48219 0 -0.983193 0.182567 -30.9435 -1 -2.43103e-07 -1.3092e-06 -31.6866 0 0 0 1 
				9
				1.33158e-06 -0.136875 -0.990588 4.57806 0 -0.990588 0.136875 -31.6053 -1 -1.8226e-07 -1.31905e-06 -31.3808 0 0 0 1 
				10
				1.33158e-06 -0.0768266 -0.997044 4.5904 0 -0.997044 0.0768266 -31.6905 -1 -1.02301e-07 -1.32764e-06 -31.3415 0 0 0 1 
				11
				1.33158e-06 -0.00872401 -0.999962 4.54465 0 -0.999962 0.00872401 -31.3746 -1 -1.16167e-08 -1.33153e-06 -31.4874 0 0 0 1 
				12
				1.33158e-06 0.0610525 -0.998134 4.46549 0 -0.998134 -0.0610525 -30.8281 -1 8.12963e-08 -1.3291e-06 -31.7398 0 0 0 1 
				13
				1.33158e-06 0.126066 -0.992022 4.37757 0 -0.992022 -0.126066 -30.2212 -1 1.67867e-07 -1.32096e-06 -32.0202 0 0 0 1 
				14
				1.33158e-06 0.17989 -0.983687 4.30635 0 -0.983687 -0.17989 -29.7295 -1 2.39538e-07 -1.30986e-06 -32.2474 0 0 0 1 
				15
				1.33158e-06 0.216442 -0.976295 4.27732 0 -0.976295 -0.216442 -29.5291 -1 2.8821e-07 -1.30002e-06 -32.34 0 0 0 1 
				16
				1.33158e-06 0.23783 -0.971307 4.30635 0 -0.971307 -0.23783 -29.7295 -1 3.1669e-07 -1.29337e-06 -32.2474 0 0 0 1 
				17
				1.33158e-06 0.250647 -0.968079 4.37757 0 -0.968079 -0.250647 -30.2212 -1 3.33756e-07 -1.28907e-06 -32.0202 0 0 0 1 
				18
				1.33158e-06 0.256177 -0.96663 4.46549 0 -0.96663 -0.256177 -30.8281 -1 3.4112e-07 -1.28715e-06 -31.7398 0 0 0 1 
				19
				1.33158e-06 0.255659 -0.966767 4.54465 0 -0.966767 -0.255659 -31.3746 -1 3.40431e-07 -1.28733e-06 -31.4874 0 0 0 1 
				20
				1.33158e-06 0.25026 -0.968179 4.5904 0 -0.968179 -0.25026 -31.6905 -1 3.33241e-07 -1.28921e-06 -31.3415 0 0 0 1 
				21
				1.33158e-06 0.24113 -0.970493 4.57806 0 -0.970493 -0.24113 -31.6053 -1 3.21085e-07 -1.29229e-06 -31.3808 0 0 0 1 
				22
				1.33158e-06 0.229459 -0.973318 4.48219 0 -0.973318 -0.229459 -30.9435 -1 3.05543e-07 -1.29605e-06 -31.6866 0 0 0 1 
				23
				1.33158e-06 0.216442 -0.976295 4.27732 0 -0.976295 -0.216442 -29.5291 -1 2.8821e-07 -1.30002e-06 -32.34 0 0 0 1 
				24
				1.33158e-06 0.19999 -0.979798 3.94753 0 -0.979798 -0.19999 -27.2523 -1 2.66303e-07 -1.30468e-06 -33.3917 0 0 0 1 
				25
				1.33158e-06 0.178013 -0.984028 3.50874 0 -0.984028 -0.178013 -24.2231 -1 2.37039e-07 -1.31031e-06 -34.7912 0 0 0 1 
				26
				1.33158e-06 0.151737 -0.988421 2.9864 0 -0.988421 -0.151737 -20.6171 -1 2.0205e-07 -1.31616e-06 -36.457 0 0 0 1 
				27
				1.33158e-06 0.122413 -0.992479 2.40599 0 -0.992479 -0.122413 -16.6101 -1 1.63003e-07 -1.32157e-06 -38.3081 0 0 0 1 
				28
				1.33158e-06 0.0912851 -0.995825 1.79216 0 -0.995825 -0.0912851 -12.3724 -1 1.21553e-07 -1.32602e-06 -40.2658 0 0 0 1 
				29
				1.33158e-06 0.0596221 -0.998221 1.16958 0 -0.998221 -0.0596221 -8.07435 -1 7.93916e-08 -1.32921e-06 -42.2514 0 0 0 1 
				30
				1.33158e-06 0.0287506 -0.999587 0.563706 0 -0.999587 -0.0287506 -3.8916 -1 3.82837e-08 -1.33103e-06 -44.1837 0 0 0 1 
				31
				1.33158e-06 2.66316e-06 -1 3.33786e-06 0 -1 -2.66316e-06 9.52023e-07 -1 3.54621e-12 -1.33158e-06 -45.9815 0 0 0 1 
		</Joint>
			2
				-1
				-0.000201565 -1.28234e-06 -1 1.0501e-05 -0.0008487 -1 1.45341e-06 0.0118419 -1 0.0008487 0.000201564 -51.1588 0 0 0 1 
				0
				-0.00625441 -0.0545198 -0.998493 0.564359 -0.0189361 -0.998327 0.0546293 -3.87979 -0.999801 0.0192492 0.00521155 -49.3612 0 0 0 1 
				1
				-0.0144322 -0.116178 -0.993123 1.17096 -0.0372733 -0.992474 0.116643 -8.0626 -0.999201 0.0387004 0.00999324 -47.4292 0 0 0 1 
				2
				-0.024718 -0.180095 -0.983339 1.7943 -0.0550639 -0.981901 0.181216 -12.3608 -0.998177 0.0586258 0.0143539 -45.4438 0 0 0 1 
				3
				-0.0366665 -0.241481 -0.969713 2.40886 -0.0716755 -0.967231 0.243573 -16.5986 -0.996754 0.0784356 0.0181567 -43.4864 0 0 0 1 
				4
				-0.0494645 -0.295971 -0.953916 2.98992 -0.086742 -0.950203 0.299317 -20.6058 -0.995002 0.0975501 0.0213282 -41.6355 0 0 0 1 
				5
				-0.0620031 -0.339605 -0.938522 3.51277 -0.100194 -0.933463 0.344394 -24.212 -0.993034 0.115387 0.0238513 -39.9699 0 0 0 1 
				6
				-0.0729485 -0.368686 -0.926687 3.9519 -0.112227 -0.920227 0.37495 -27.2414 -0.991001 0.131352 0.0257526 -38.5707 0 0 0 1 
				7
				-0.0808545 -0.379702 -0.921569 4.28182 -0.123204 -0.913698 0.387268 -29.5182 -0.989082 0.144854 0.0270958 -37.519 0 0 0 1 
				8
				-0.0818599 -0.374382 -0.923654 4.48664 -0.13067 -0.914733 0.382347 -30.9326 -0.988041 0.151993 0.0259594 -36.8657 0 0 0 1 
				9
				-0.0753304 -0.349444 -0.933924 4.58221 -0.133631 -0.924599 0.356733 -31.5944 -0.988164 0.151674 0.0229538 -36.5599 0 0 0 1 
				10
				-0.0650869 -0.29252 -0.954042 4.59387 -0.134696 -0.944744 0.298859 -31.6793 -0.988747 0.147957 0.0220892 -36.5206 0 0 0 1 
				11
				-0.0546684 -0.189917 -0.980277 4.54691 -0.136851 -0.971056 0.195762 -31.3631 -0.989082 0.144854 0.0270958 -36.6664 0 0 0 1 
				12
				-0.0449046 -0.0159326 -0.998864 4.46568 -0.140337 -0.989857 0.0220979 -30.8164 -0.989085 0.14117 0.0422132 -36.9189 0 0 0 1 
				13
				-0.0355258 0.204278 -0.978268 4.37515 -0.142953 -0.969858 -0.197331 -30.2097 -0.989092 0.132836 0.0636573 -37.1992 0 0 0 1 
				14
				-0.027576 0.399949 -0.916122 4.30163 -0.144637 -0.908423 -0.392234 -29.7188 -0.9891 0.121689 0.082898 -37.4261 0 0 0 1 
				15
				-0.0221005 0.513094 -0.858048 4.27124 -0.145531 -0.850767 -0.504992 -29.519 -0.989107 0.113712 0.0934735 -37.5187 0 0 0 1 
				16
				-0.0188283 0.560519 -0.827928 4.29972 -0.146958 -0.820632 -0.552237 -29.7198 -0.988964 0.111273 0.0978237 -37.426 0 0 0 1 
				17
				-0.0166881 0.58798 -0.808703 4.37061 -0.149611 -0.801179 -0.579422 -30.2117 -0.988604 0.111321 0.101338 -37.1989 0 0 0 1 
				18
				-0.0155687 0.599409 -0.800291 4.45839 -0.15269 -0.792426 -0.590548 -30.8187 -0.988151 0.113003 0.103861 -36.9185 0 0 0 1 
				19
				-0.0154394 0.59797 -0.80137 4.53757 -0.155375 -0.793165 -0.588853 -31.3652 -0.987735 0.115421 0.105155 -36.6661 0 0 0 1 
				20
				-0.0162447 0.586235 -0.809978 4.58346 -0.156849 -0.80155 -0.576989 -31.681 -0.987489 0.117671 0.104971 -36.5202 0 0 0 1 
				21
				-0.0178335 0.566544 -0.823839 4.57136 -0.156279 -0.815422 -0.557373 -31.5957 -0.987552 0.118808 0.10308 -36.5596 0 0 0 1 
				22
				-0.0199212 0.54131 -0.840587 4.47579 -0.152795 -0.832526 -0.532498 -30.9336 -0.988057 0.117829 0.0992943 -36.8653 0 0 0 1 
				23
				-0.0221006 0.513094 -0.858048 4.27124 -0.145531 -0.850767 -0.504992 -29.519 -0.989107 0.113712 0.0934735 -37.5187 0 0 0 1 
				24
				-0.0243221 0.47704 -0.878545 3.94189 -0.133881 -0.872443 -0.47002 -27.242 -0.990699 0.106189 0.0850863 -38.5704 0 0 0 1 
				25
				-0.0262481 0.427754 -0.903514 3.50368 -0.118334 -0.8988 -0.422084 -24.2124 -0.992627 0.0958375 0.0742096 -39.9697 0 0 0 1 
				26
				-0.0270012 0.367342 -0.929694 2.98206 -0.0998547 -0.926372 -0.36313 -20.6061 -0.994636 0.0830294 0.061694 -41.6354 0 0 0 1 
				27
				-0.0258846 0.298329 -0.954112 2.40247 -0.0795044 -0.952023 -0.295519 -16.5988 -0.996498 0.0682067 0.0483612 -43.4863 0 0 0 1 
				28
				-0.0225011 0.223621 -0.974416 1.78952 -0.0583768 -0.973294 -0.222015 -12.3609 -0.998041 0.0518877 0.0349545 -45.4437 0 0 0 1 
				29
				-0.0168067 0.146539 -0.989062 1.16785 -0.0375635 -0.988596 -0.145832 -8.06265 -0.999153 0.0347017 0.0221195 -47.4291 0 0 0 1 
				30
				-0.00914142 0.0707563 -0.997452 0.562875 -0.0180987 -0.997342 -0.0705826 -3.87979 -0.999794 0.0174073 0.0103977 -49.3612 0 0 0 1 
				31
				-0.000201565 -1.28234e-06 -1 1.0501e-05 -0.0008487 -1 1.45341e-06 0.0118419 -1 0.0008487 0.000201564 -51.1588 0 0 0 1 
		</Joint>
			3
				-1
				-0.000413965 -1.06196e-06 -1 -0.00298919 -0.000821564 -1 1.40205e-06 0.0110617 -1 0.000821565 0.000413964 -66.0407 0 0 0 1 
				0
				-0.012924 -0.0783871 -0.996839 0.472211 -0.0368339 -0.996209 0.078815 -4.14978 -0.999238 0.0377361 0.00998772 -64.2406 0 0 0 1 
				1
				-0.0305749 -0.164248 -0.985945 0.958133 -0.0728598 -0.983416 0.166087 -8.60565 -0.996873 0.0769138 0.0181007 -62.3001 0 0 0 1 
				2
				-0.0532703 -0.251253 -0.966454 1.42943 -0.107056 -0.960814 0.255687 -13.1689 -0.992825 0.117085 0.0242849 -60.3 0 0 0 1 
				3
				-0.0799269 -0.333334 -0.939415 1.86714 -0.137989 -0.929656 0.341611 -17.6543 -0.987204 0.156933 0.0283081 -58.3218 0 0 0 1 
				4
				-0.108659 -0.405345 -0.907683 2.2586 -0.164924 -0.893084 0.418569 -21.8861 -0.980303 0.19518 0.0301908 -56.4454 0 0 0 1 
				5
				-0.137004 -0.463225 -0.875587 2.59553 -0.187921 -0.855716 0.482117 -25.6929 -0.972582 0.230593 0.0301871 -54.7508 0 0 0 1 
				6
				-0.162129 -0.503876 -0.848424 2.87227 -0.20779 -0.823088 0.528536 -28.9018 -0.964644 0.261985 0.0287458 -53.3217 0 0 0 1 
				7
				-0.181082 -0.524934 -0.831657 3.08478 -0.225842 -0.800843 0.554658 -31.3423 -0.957186 0.288262 0.0264663 -52.2419 0 0 0 1 
				8
				-0.186575 -0.535702 -0.823537 3.27476 -0.237867 -0.788683 0.56692 -32.8679 -0.95321 0.301665 0.0197226 -51.5732 0 0 0 1 
				9
				-0.176624 -0.530538 -0.829056 3.46744 -0.243094 -0.792692 0.559057 -33.5737 -0.953787 0.300281 0.0110381 -51.2692 0 0 0 1 
				10
				-0.156906 -0.481577 -0.862244 3.63096 -0.247675 -0.825971 0.506388 -33.674 -0.956053 0.293012 0.0103249 -51.2385 0 0 0 1 
				11
				-0.132421 -0.354733 -0.925542 3.73754 -0.25741 -0.889421 0.377718 -33.3892 -0.957186 0.288262 0.0264663 -51.3893 0 0 0 1 
				12
				-0.0999323 -0.0856715 -0.991299 3.79843 -0.272725 -0.955772 0.110094 -32.8936 -0.956888 0.281354 0.0721477 -51.6417 0 0 0 1 
				13
				-0.0593814 0.285154 -0.956641 3.84309 -0.284279 -0.92348 -0.257624 -32.3262 -0.956901 0.256654 0.135901 -51.9218 0 0 0 1 
				14
				-0.021402 0.600266 -0.799514 3.88413 -0.287881 -0.769527 -0.570046 -31.8621 -0.957427 0.217965 0.189275 -52.1484 0 0 0 1 
				15
				0.00258964 0.757528 -0.652798 3.93337 -0.286842 -0.624805 -0.726182 -31.6774 -0.957974 0.189131 0.215673 -52.2407 0 0 0 1 
				16
				0.0143045 0.812806 -0.582359 4.00989 -0.287513 -0.554478 -0.780955 -31.9003 -0.95767 0.178607 0.22576 -52.1458 0 0 0 1 
				17
				0.0222926 0.842523 -0.5382 4.11227 -0.291013 -0.509553 -0.809733 -32.4321 -0.956459 0.174674 0.233825 -51.9133 0 0 0 1 
				18
				0.0268185 0.854222 -0.519216 4.21658 -0.296005 -0.489323 -0.820332 -33.0852 -0.95481 0.17569 0.239731 -51.6262 0 0 0 1 
				19
				0.0278897 0.852543 -0.521913 4.2977 -0.301 -0.49072 -0.817675 -33.6717 -0.953216 0.179901 0.24293 -51.3676 0 0 0 1 
				20
				0.025549 0.840162 -0.541733 4.33175 -0.304405 -0.509637 -0.804741 -34.0091 -0.9522 0.185467 0.242729 -51.2181 0 0 0 1 
				21
				0.0200744 0.818886 -0.573605 4.29626 -0.30447 -0.541463 -0.783655 -33.915 -0.95231 0.190377 0.238457 -51.2584 0 0 0 1 
				22
				0.0120958 0.790557 -0.61227 4.16996 -0.299274 -0.581384 -0.756589 -33.2006 -0.95409 0.192388 0.229561 -51.5717 0 0 0 1 
				23
				0.00258962 0.757528 -0.652798 3.93337 -0.286842 -0.624805 -0.726182 -31.6774 -0.957974 0.189131 0.215673 -52.2407 0 0 0 1 
				24
				-0.00872485 0.713249 -0.700856 3.57147 -0.265884 -0.677307 -0.685974 -29.2264 -0.963965 0.180362 0.195551 -53.316 0 0 0 1 
				25
				-0.020997 0.649177 -0.760347 3.10536 -0.236949 -0.742079 -0.627036 -25.9647 -0.971295 0.166998 0.169404 -54.7438 0 0 0 1 
				26
				-0.0313355 0.565959 -0.823837 2.57352 -0.201354 -0.810918 -0.549426 -22.0825 -0.979017 0.148666 0.139369 -56.4392 0 0 0 1 
				27
				-0.037268 0.465846 -0.884081 2.01173 -0.160976 -0.87594 -0.454771 -17.7716 -0.986255 0.125367 0.107634 -58.3175 0 0 0 1 
				28
				-0.03715 0.352884 -0.93493 1.45048 -0.118156 -0.930564 -0.346541 -13.2187 -0.9923 0.0975937 0.0762658 -60.2976 0 0 0 1 
				29
				-0.0303923 0.232848 -0.972038 0.914978 -0.075521 -0.970242 -0.230057 -8.61016 -0.996681 0.0664173 0.0470728 -62.2992 0 0 0 1 
				30
				-0.0175843 0.112785 -0.993464 0.425497 -0.0356853 -0.993055 -0.112107 -4.13737 -0.999208 0.0334808 0.0214869 -64.2404 0 0 0 1 
				31
				-0.000413965 -1.06196e-06 -1 -0.00298919 -0.000821564 -1 1.40205e-06 0.0110617 -1 0.000821565 0.000413964 -66.0407 0 0 0 1 
		</Joint>
			4
				-1
				-0.000413965 -1.06196e-06 -1 -0.00914976 -0.000821564 -1 1.40205e-06 0.0015239 -1 0.000821565 0.000413964 -80.9226 0 0 0 1 
				0
				-0.012924 -0.0783871 -0.996839 0.280088 -0.0368339 -0.996209 0.078815 -4.69526 -0.999238 0.0377361 0.00998771 -79.1113 0 0 0 1 
				1
				-0.0305749 -0.164248 -0.985945 0.503563 -0.0728598 -0.983416 0.166087 -9.68729 -0.996873 0.0769138 0.0181007 -77.1356 0 0 0 1 
				2
				-0.0532703 -0.251253 -0.966454 0.637345 -0.107056 -0.960814 0.255687 -14.7595 -0.992825 0.117085 0.0242848 -75.0754 0 0 0 1 
				3
				-0.0799269 -0.333334 -0.939415 0.678575 -0.137989 -0.929656 0.341611 -19.7053 -0.987204 0.156933 0.0283081 -73.0137 0 0 0 1 
				4
				-0.108659 -0.405345 -0.907683 0.64263 -0.164924 -0.893084 0.418569 -24.3381 -0.980303 0.19518 0.0301908 -71.0346 0 0 0 1 
				5
				-0.137004 -0.463225 -0.875587 0.557895 -0.187921 -0.855716 0.482117 -28.4873 -0.972582 0.230593 0.0301871 -69.2253 0 0 0 1 
				6
				-0.162129 -0.503876 -0.848424 0.460842 -0.20779 -0.823088 0.528536 -31.9919 -0.964644 0.261985 0.0287458 -67.6781 0 0 0 1 
				7
				-0.181082 -0.524934 -0.831657 0.391346 -0.225842 -0.800843 0.554658 -34.7011 -0.957186 0.288262 0.0264663 -66.4874 0 0 0 1 
				8
				-0.186575 -0.535702 -0.823537 0.499612 -0.237867 -0.788683 0.56692 -36.4057 -0.95321 0.301665 0.0197226 -65.7596 0 0 0 1 
				9
				-0.176624 -0.530538 -0.829056 0.84037 -0.243094 -0.792692 0.559057 -37.1892 -0.953787 0.300281 0.0110381 -65.4642 0 0 0 1 
				10
				-0.156906 -0.481577 -0.862244 1.2972 -0.247675 -0.825971 0.506388 -37.3577 -0.956053 0.293012 0.010325 -65.4671 0 0 0 1 
				11
				-0.132421 -0.354733 -0.925542 1.76782 -0.25741 -0.889421 0.377718 -37.2175 -0.957186 0.288262 0.0264663 -65.6348 0 0 0 1 
				12
				-0.0999323 -0.0856715 -0.991299 2.31148 -0.272725 -0.955772 0.110094 -36.9496 -0.956888 0.281354 0.0721477 -65.8827 0 0 0 1 
				13
				-0.0593814 0.285154 -0.956641 2.95861 -0.284279 -0.92348 -0.257624 -36.5543 -0.956901 0.256654 0.135901 -66.1629 0 0 0 1 
				14
				-0.021402 0.600266 -0.799514 3.56402 -0.287882 -0.769527 -0.570046 -36.1443 -0.957427 0.217965 0.189275 -66.3973 0 0 0 1 
				15
				0.00258962 0.757528 -0.652798 3.96987 -0.286842 -0.624805 -0.726182 -35.9444 -0.957974 0.189131 0.215673 -66.4976 0 0 0 1 
				16
				0.0143045 0.812806 -0.582359 4.22058 -0.287513 -0.554478 -0.780955 -36.1775 -0.95767 0.178607 0.22576 -66.3982 0 0 0 1 
				17
				0.0222926 0.842523 -0.5382 4.44176 -0.291013 -0.509553 -0.809733 -36.7616 -0.956459 0.174674 0.233825 -66.1477 0 0 0 1 
				18
				0.0268185 0.854222 -0.519216 4.61339 -0.296005 -0.489323 -0.820332 -37.489 -0.95481 0.17569 0.239731 -65.836 0 0 0 1 
				19
				0.0278897 0.852543 -0.521913 4.71046 -0.301 -0.49072 -0.817675 -38.1498 -0.953216 0.179901 0.24293 -65.5537 0 0 0 1 
				20
				0.025549 0.840162 -0.541733 4.70971 -0.304405 -0.509637 -0.804741 -38.5379 -0.9522 0.185467 0.242729 -65.3891 0 0 0 1 
				21
				0.0200744 0.818886 -0.573605 4.5928 -0.30447 -0.541463 -0.783655 -38.4446 -0.95231 0.190377 0.238457 -65.4311 0 0 0 1 
				22
				0.0120957 0.790557 -0.61227 4.34784 -0.299274 -0.581384 -0.756589 -37.6528 -0.95409 0.192388 0.229561 -65.7709 0 0 0 1 
				23
				0.00258959 0.757528 -0.652798 3.96987 -0.286842 -0.624805 -0.726182 -35.9444 -0.957974 0.189131 0.215673 -66.4976 0 0 0 1 
				24
				-0.00872483 0.713249 -0.700856 3.43971 -0.265884 -0.677307 -0.685974 -33.1814 -0.963965 0.180362 0.195551 -67.6621 0 0 0 1 
				25
				-0.020997 0.649177 -0.760347 2.79114 -0.236949 -0.742079 -0.627036 -29.4889 -0.971295 0.166998 0.169404 -69.1989 0 0 0 1 
				26
				-0.0313355 0.565959 -0.823837 2.10567 -0.201354 -0.810918 -0.549426 -25.0768 -0.979017 0.148666 0.139369 -71.0092 0 0 0 1 
				27
				-0.037268 0.465846 -0.884081 1.45586 -0.160976 -0.87594 -0.454771 -20.1649 -0.986255 0.125367 0.107634 -72.9952 0 0 0 1 
				28
				-0.03715 0.352884 -0.934929 0.896671 -0.118156 -0.930564 -0.346541 -14.9745 -0.9923 0.0975937 0.0762658 -75.0652 0 0 0 1 
				29
				-0.0303923 0.232848 -0.972038 0.462057 -0.075521 -0.970242 -0.230057 -9.73145 -0.996681 0.0664173 0.0470728 -77.1319 0 0 0 1 
				30
				-0.0175843 0.112785 -0.993464 0.163507 -0.0356853 -0.993055 -0.112107 -4.66576 -0.999208 0.0334808 0.0214869 -79.1106 0 0 0 1 
				31
				-0.000413965 -1.06196e-06 -1 -0.00914976 -0.000821564 -1 1.40205e-06 0.0015239 -1 0.000821565 0.000413964 -80.9226 0 0 0 1 
		</Joint>
			5
				-1
				1 1.39382e-06 0.00041676 1.5952 -1.40435e-06 1 2.52793e-05 -0.00116255 -0.00041676 -2.52798e-05 1 -80.9232 0 0 0 1 
				0
				0.996839 0.0783973 0.0128644 1.87915 -0.0788151 0.996238 0.0360404 -4.82438 -0.00999051 -0.0369404 0.999268 -79.1272 0 0 0 1 
				1
				0.985945 0.164273 0.0304468 2.08492 -0.166087 0.983473 0.0720763 -9.95639 -0.0181035 -0.07612 0.996934 -77.1645 0 0 0 1 
				2
				0.966454 0.251295 0.0530729 2.1872 -0.255687 0.960898 0.10629 -15.1723 -0.0242876 -0.116294 0.992918 -75.114 0 0 0 1 
				3
				0.939415 0.333397 0.0796641 2.18483 -0.341612 0.929766 0.137248 -20.2559 -0.0283108 -0.156147 0.987328 -73.0587 0 0 0 1 
				4
				0.907683 0.405432 0.108339 2.09778 -0.41857 0.893215 0.164212 -25.012 -0.0301936 -0.194399 0.980457 -71.0825 0 0 0 1 
				5
				0.875586 0.463334 0.136638 1.9614 -0.482117 0.855865 0.187238 -29.263 -0.0301898 -0.229819 0.972765 -69.2731 0 0 0 1 
				6
				0.848424 0.504005 0.16173 1.82066 -0.528536 0.823253 0.207133 -32.8421 -0.0287485 -0.261216 0.964852 -67.7236 0 0 0 1 
				7
				0.831657 0.525078 0.180666 1.7242 -0.554659 0.801022 0.225202 -35.5931 -0.0264688 -0.287499 0.957415 -66.529 0 0 0 1 
				8
				0.823536 0.53585 0.18615 1.81941 -0.56692 0.788872 0.237237 -37.3173 -0.0197252 -0.300906 0.95345 -65.7904 0 0 0 1 
				9
				0.829055 0.530678 0.176204 2.16904 -0.559057 0.792886 0.242461 -38.0883 -0.0110406 -0.299521 0.954026 -65.4811 0 0 0 1 
				10
				0.862243 0.481702 0.156525 2.67925 -0.506389 0.826168 0.247016 -38.1723 -0.0103276 -0.29225 0.956286 -65.4829 0 0 0 1 
				11
				0.925542 0.354839 0.132141 3.25176 -0.377719 0.889625 0.2567 -37.8259 -0.026469 -0.287499 0.957415 -65.6764 0 0 0 1 
				12
				0.991299 0.0857511 0.0998668 3.90164 -0.110095 0.955989 0.271964 -37.1288 -0.0721504 -0.280592 0.957111 -65.9977 0 0 0 1 
				13
				0.95664 -0.285107 0.0596112 4.49416 0.257623 0.923706 0.283544 -36.1434 -0.135903 -0.255892 0.957105 -66.3803 0 0 0 1 
				14
				0.799514 -0.600249 0.0218822 4.84833 0.570045 0.769756 0.28727 -35.2318 -0.189278 -0.217203 0.9576 -66.7004 0 0 0 1 
				15
				0.652798 -0.75753 -0.00198467 5.01922 0.726181 0.625033 0.286347 -34.7811 -0.215676 -0.188368 0.958124 -66.8432 0 0 0 1 
				16
				0.582359 -0.812817 -0.0136557 5.15707 0.780954 0.554707 0.287073 -34.9261 -0.225763 -0.177844 0.957811 -66.7599 0 0 0 1 
				17
				0.5382 -0.84254 -0.0216202 5.30748 0.809732 0.509785 0.290609 -35.4638 -0.233828 -0.173912 0.956598 -66.5223 0 0 0 1 
				18
				0.519216 -0.854243 -0.0261369 5.44869 0.820331 0.489559 0.295617 -36.1743 -0.239734 -0.17493 0.954949 -66.2202 0 0 0 1 
				19
				0.521913 -0.852565 -0.0272093 5.55008 0.817674 0.49096 0.300612 -36.8393 -0.242932 -0.179141 0.953358 -65.943 0 0 0 1 
				20
				0.541733 -0.840182 -0.0248785 5.58109 0.80474 0.509879 0.304002 -37.2482 -0.242732 -0.184709 0.952346 -65.7781 0 0 0 1 
				21
				0.573605 -0.818901 -0.0194207 5.51526 0.783654 0.541705 0.304041 -37.1888 -0.23846 -0.189619 0.952461 -65.8132 0 0 0 1 
				22
				0.61227 -0.790566 -0.0114646 5.33225 0.756589 0.581622 0.298814 -36.4405 -0.229564 -0.191628 0.954243 -66.1387 0 0 0 1 
				23
				0.652798 -0.757529 -0.00198456 5.01922 0.726181 0.625033 0.286347 -34.7811 -0.215676 -0.188368 0.958124 -66.8431 0 0 0 1 
				24
				0.700856 -0.713242 0.00929474 4.56604 0.685973 0.677519 0.265347 -32.0827 -0.195554 -0.179594 0.964108 -67.9753 0 0 0 1 
				25
				0.760347 -0.64916 0.021516 4.01275 0.627035 0.742267 0.23636 -28.4849 -0.169406 -0.166225 0.971427 -69.4703 0 0 0 1 
				26
				0.823837 -0.565934 0.0317885 3.42891 0.549425 0.811078 0.200709 -24.1975 -0.139371 -0.147887 0.979135 -71.2324 0 0 0 1 
				27
				0.88408 -0.465816 0.0376414 2.87549 0.45477 0.876068 0.160279 -19.4376 -0.107637 -0.124582 0.986354 -73.1675 0 0 0 1 
				28
				0.934929 -0.352854 0.0374336 2.39757 0.346541 0.930657 0.117416 -14.4211 -0.0762686 -0.0968035 0.992377 -75.1873 0 0 0 1 
				29
				0.972038 -0.232824 0.0305804 2.02217 0.230057 0.970302 0.074749 -9.36496 -0.0470756 -0.0656236 0.996734 -77.2072 0 0 0 1 
				30
				0.993464 -0.112771 0.0176769 1.75767 0.112107 0.993083 0.0348949 -4.48857 -0.0214897 -0.0326851 0.999235 -79.145 0 0 0 1 
				31
				1 1.39382e-06 0.00041676 1.5952 -1.40435e-06 1 2.52793e-05 -0.00116255 -0.00041676 -2.52798e-05 1 -80.9232 0 0 0 1 
		</Joint>
			6
				-1
				0.103929 -0.01739 -0.994433 9.06681 0.0607859 0.998089 -0.0111012 -0.00117304 0.992725 -0.0592937 0.104788 -80.9264 0 0 0 1 
				0
				0.106245 0.0205336 -0.994128 9.32715 -0.0329572 0.99931 0.0171184 -5.41326 0.993794 0.030945 0.106848 -79.2018 0 0 0 1 
				1
				0.0969372 0.0648444 -0.993176 9.45152 -0.137866 0.98913 0.0511242 -11.1973 0.985696 0.131969 0.104823 -77.2997 0 0 0 1 
				2
				0.0832038 0.110245 -0.990415 9.40817 -0.240017 0.966821 0.0874547 -17.0827 0.967196 0.23044 0.106904 -75.2955 0 0 0 1 
				3
				0.0602099 0.151179 -0.986671 9.20377 -0.337451 0.933349 0.122416 -22.8083 0.939415 0.325583 0.107212 -73.2702 0 0 0 1 
				4
				0.0323814 0.18348 -0.98249 8.87963 -0.426483 0.891556 0.152442 -28.1394 0.903915 0.414079 0.107121 -71.3081 0 0 0 1 
				5
				0.00463844 0.204215 -0.978915 8.50344 -0.50456 0.845656 0.174025 -32.8652 0.863364 0.493114 0.106962 -69.4987 0 0 0 1 
				6
				-0.0175585 0.211633 -0.977192 8.15975 -0.570267 0.800668 0.183649 -36.7911 0.821272 0.560485 0.106628 -67.9384 0 0 0 1 
				7
				-0.0283964 0.205096 -0.97833 7.93802 -0.623144 0.761639 0.177756 -39.7373 0.781591 0.614688 0.106177 -66.7268 0 0 0 1 
				8
				-0.0256139 0.184911 -0.982422 7.97256 -0.684602 0.712887 0.152028 -41.5532 0.728467 0.676461 0.10833 -65.9378 0 0 0 1 
				9
				-0.00327762 0.155313 -0.98786 8.36342 -0.739259 0.664869 0.106985 -42.2653 0.673413 0.730635 0.112637 -65.5636 0 0 0 1 
				10
				0.0419509 0.116038 -0.992359 9.1216 -0.736734 0.674496 0.0477254 -41.9558 0.67488 0.729102 0.113785 -65.5601 0 0 0 1 
				11
				0.0964086 0.0491326 -0.994129 10.1671 -0.616296 0.787238 -0.0208597 -40.6481 0.781591 0.614689 0.106177 -65.8742 0 0 0 1 
				12
				0.0789699 -0.085346 -0.993217 11.3082 -0.221202 0.96999 -0.100938 -37.9514 0.972025 0.227672 0.0577214 -66.5368 0 0 0 1 
				13
				0.0513036 -0.207535 -0.976881 11.6418 0.410933 0.895911 -0.168752 -34.2186 0.910221 -0.392776 0.131247 -67.3957 0 0 0 1 
				14
				-0.216459 -0.194159 -0.95679 10.822 0.829943 0.479511 -0.285068 -30.9726 0.51414 -0.855787 0.0573464 -68.1146 0 0 0 1 
				15
				-0.311738 -0.128498 -0.941439 9.89667 0.934944 0.13517 -0.328037 -29.3553 0.169407 -0.982455 0.0780003 -68.4546 0 0 0 1 
				16
				-0.352523 -0.0884265 -0.931616 9.50823 0.935336 -0.00184194 -0.353755 -29.0911 0.0295654 -0.996081 0.0833579 -68.4467 0 0 0 1 
				17
				-0.374602 -0.0605078 -0.92521 9.3287 0.925601 -0.0827173 -0.369351 -29.4138 -0.0541822 -0.994734 0.0869921 -68.2694 0 0 0 1 
				18
				-0.383937 -0.0478569 -0.922118 9.32807 0.919017 -0.11654 -0.376597 -30.0451 -0.0894406 -0.992032 0.0887252 -68.0114 0 0 0 1 
				19
				-0.383992 -0.0495513 -0.922006 9.44961 0.919433 -0.112238 -0.376889 -30.73 -0.0848088 -0.992445 0.0886576 -67.7581 0 0 0 1 
				20
				-0.376179 -0.0626121 -0.924429 9.62871 0.925283 -0.0774717 -0.37128 -31.2355 -0.0483705 -0.995026 0.0870772 -67.5917 0 0 0 1 
				21
				-0.36098 -0.0829988 -0.928873 9.80102 0.932497 -0.019423 -0.360653 -31.3337 0.0118923 -0.99636 0.0844075 -67.5949 0 0 0 1 
				22
				-0.33904 -0.106297 -0.934747 9.90689 0.936699 0.0542169 -0.345914 -30.7876 0.0874488 -0.992855 0.0811869 -67.8539 0 0 0 1 
				23
				-0.311738 -0.128498 -0.941439 9.89667 0.934944 0.13517 -0.328037 -29.3553 0.169407 -0.982455 0.0780005 -68.4546 0 0 0 1 
				24
				-0.274391 -0.151094 -0.949674 9.80257 0.922961 0.235819 -0.304192 -26.9574 0.269913 -0.959979 0.0747471 -69.4364 0 0 0 1 
				25
				-0.222044 -0.172273 -0.959697 9.69377 0.889645 0.367016 -0.271718 -23.8 0.399034 -0.914123 0.071768 -70.736 0 0 0 1 
				26
				-0.158136 -0.184059 -0.970111 9.5843 0.824895 0.515374 -0.232246 -20.0925 0.542717 -0.836966 0.0703302 -72.2737 0 0 0 1 
				27
				-0.0885587 -0.180395 -0.979599 9.48099 0.723056 0.664775 -0.187786 -16.0398 0.685089 -0.724935 0.0715643 -73.9718 0 0 0 1 
				28
				-0.0211186 -0.15863 -0.987112 9.383 0.58498 0.79872 -0.14087 -11.8318 0.810772 -0.580416 0.0759274 -75.7571 0 0 0 1 
				29
				0.0357946 -0.12021 -0.992103 9.28486 0.418637 0.903241 -0.0943385 -7.64607 0.907448 -0.411954 0.0826554 -77.5589 0 0 0 1 
				30
				0.0771157 -0.0706232 -0.994518 9.18044 0.238054 0.969942 -0.0504192 -3.65095 0.968186 -0.232861 0.0916099 -79.3056 0 0 0 1 
				31
				0.103929 -0.0173901 -0.994433 9.06681 0.0607859 0.998089 -0.0111013 -0.00117304 0.992725 -0.0592937 0.104788 -80.9264 0 0 0 1 
		</Joint>
			7
				-1
				0.105095 -0.00766301 -0.994433 10.667 -0.0321679 0.999421 -0.0111011 0.934767 0.993942 0.0331555 0.104788 -65.6411 0 0 0 1 
				0
				0.0986856 0.0443936 -0.994128 10.963 -0.261661 0.965008 0.0171185 -5.92071 0.960102 0.258435 0.106848 -63.9001 0 0 0 1 
				1
				0.0661939 0.0960207 -0.993176 10.9441 -0.492898 0.868584 0.0511242 -13.3201 0.867566 0.48615 0.104823 -62.1227 0 0 0 1 
				2
				0.0165614 0.137122 -0.990415 10.6893 -0.693219 0.715401 0.0874549 -20.7783 0.720536 0.685127 0.106904 -60.4033 0 0 0 1 
				3
				-0.0472317 0.155722 -0.986671 10.1308 -0.845922 0.519067 0.122416 -28.0041 0.531211 0.840429 0.107212 -58.8057 0 0 0 1 
				4
				-0.111329 0.149396 -0.98249 9.37822 -0.941352 0.301028 0.152442 -34.7061 0.318531 0.94184 0.107121 -57.3903 0 0 0 1 
				5
				-0.163047 0.12305 -0.978915 8.57486 -0.981116 0.0844226 0.174025 -40.6341 0.104056 0.988803 0.106962 -56.2052 0 0 0 1 
				6
				-0.193637 0.0871855 -0.977192 7.88939 -0.976717 -0.110893 0.183649 -45.5717 -0.0923519 0.990001 0.106628 -55.293 0 0 0 1 
				7
				-0.199633 0.0549322 -0.97833 7.50079 -0.945854 -0.271593 0.177756 -49.332 -0.255943 0.960843 0.106177 -54.6924 0 0 0 1 
				8
				-0.181809 0.0423511 -0.982422 7.57818 -0.910872 -0.383667 0.152028 -52.0942 -0.370484 0.9225 0.10833 -54.7213 0 0 0 1 
				9
				-0.14484 0.0561631 -0.98786 8.31295 -0.896436 -0.430066 0.106985 -53.648 -0.418836 0.901049 0.112637 -55.1948 0 0 0 1 
				10
				-0.0885849 0.0858922 -0.992359 9.76753 -0.917498 -0.394865 0.0477254 -53.2996 -0.387749 0.914715 0.113785 -55.1687 0 0 0 1 
				11
				-0.00705231 0.107976 -0.994129 11.6515 -0.966666 -0.255189 -0.0208596 -50.1374 -0.255943 0.960843 0.106177 -53.8398 0 0 0 1 
				12
				0.105208 0.0495135 -0.993217 12.5242 -0.991507 0.0820131 -0.100938 -41.3573 0.076459 0.995401 0.0577214 -51.5702 0 0 0 1 
				13
				0.213053 0.0176396 -0.976881 12.4317 -0.819141 0.548207 -0.168752 -27.8913 0.532556 0.836157 0.131247 -53.3808 0 0 0 1 
				14
				0.190305 -0.219856 -0.95679 7.4891 -0.464773 0.838285 -0.285068 -18.1938 0.864737 0.49894 0.0573464 -60.1982 0 0 0 1 
				15
				0.149054 -0.302449 -0.94144 5.09674 -0.19738 0.923815 -0.328037 -14.9597 0.96893 0.234717 0.0780003 -65.8462 0 0 0 1 
				16
				0.125776 -0.340986 -0.931616 4.08033 -0.0986242 0.930124 -0.353755 -14.6894 0.987144 0.136374 0.0833579 -67.9915 0 0 0 1 
				17
				0.11489 -0.361646 -0.92521 3.56084 -0.0541765 0.92771 -0.36935 -15.1621 0.9919 0.0925594 0.0869921 -69.1037 0 0 0 1 
				18
				0.1162 -0.369047 -0.922118 3.41648 -0.0508273 0.924982 -0.376597 -15.8947 0.991924 0.0906294 0.0887251 -69.3885 0 0 0 1 
				19
				0.125904 -0.366133 -0.922006 3.53716 -0.0753161 0.923191 -0.376889 -16.5732 0.989179 0.116894 0.0886576 -69.0639 0 0 0 1 
				20
				0.138846 -0.35518 -0.924429 3.83657 -0.115017 0.92137 -0.371279 -16.9886 0.983612 0.157875 0.0870772 -68.3364 0 0 0 1 
				21
				0.149783 -0.338763 -0.928873 4.24289 -0.157318 0.919337 -0.360653 -16.9757 0.976123 0.200149 0.0844075 -67.4117 0 0 0 1 
				22
				0.154229 -0.320095 -0.934747 4.68658 -0.189162 0.919001 -0.345914 -16.3649 0.969759 0.230169 0.0811869 -66.5074 0 0 0 1 
				23
				0.149054 -0.302449 -0.941439 5.09674 -0.19738 0.923814 -0.328037 -14.9597 0.968929 0.234716 0.0780004 -65.8462 0 0 0 1 
				24
				0.136575 -0.281899 -0.949674 5.57768 -0.187353 0.934006 -0.304192 -12.7462 0.972752 0.21947 0.0747471 -65.2805 0 0 0 1 
				25
				0.122036 -0.253157 -0.959697 6.27489 -0.17288 0.946722 -0.271718 -10.1018 0.977353 0.199072 0.0717681 -64.592 0 0 0 1 
				26
				0.108103 -0.217251 -0.970111 7.14944 -0.154146 0.960365 -0.232246 -7.39129 0.982117 0.174645 0.0703302 -63.9173 0 0 0 1 
				27
				0.0973223 -0.175822 -0.979599 8.11743 -0.13174 0.973335 -0.187786 -4.90664 0.986495 0.147329 0.0715643 -63.4232 0 0 0 1 
				28
				0.0913959 -0.131363 -0.987112 9.05783 -0.106797 0.984251 -0.14087 -2.82472 0.990071 0.118295 0.0759274 -63.2734 0 0 0 1 
				29
				0.0903927 -0.0869528 -0.992103 9.836 -0.0809211 0.992246 -0.0943382 -1.20018 0.992613 0.0888095 0.0826554 -63.5867 0 0 0 1 
				30
				0.0943885 -0.0450023 -0.994518 10.3678 -0.0558038 0.997168 -0.0504185 0.0144452 0.99397 0.0602568 0.0916099 -64.3981 0 0 0 1 
				31
				0.105095 -0.00766311 -0.994433 10.667 -0.0321679 0.999421 -0.0111012 0.934767 0.993942 0.0331555 0.104788 -65.6411 0 0 0 1 
		</Joint>
			8
				-1
				0.105095 -0.994438 0.00687116 12.2852 -0.0321679 -0.0103052 -0.999429 0.439467 0.993942 0.104814 -0.033072 -50.337 0 0 0 1 
				0
				0.0986856 -0.994092 -0.0451852 12.4825 -0.261661 0.017887 -0.964995 -9.94959 0.960102 0.107054 -0.25835 -49.1171 0 0 0 1 
				1
				0.0661939 -0.993099 -0.0968116 11.9633 -0.492898 0.0518158 -0.868543 -20.9094 0.867566 0.10521 -0.486067 -48.7645 0 0 0 1 
				2
				0.0165614 -0.990306 -0.137911 10.9443 -0.693219 0.0880246 -0.715331 -31.452 0.720536 0.107449 -0.685041 -49.3089 0 0 0 1 
				3
				-0.0472317 -0.986547 -0.156508 9.4036 -0.845922 0.122829 -0.51897 -41.0291 0.531211 0.107881 -0.840343 -50.6265 0 0 0 1 
				4
				-0.111329 -0.982371 -0.150178 7.66404 -0.941352 0.152681 -0.300906 -49.2004 0.318531 0.107871 -0.941754 -52.4858 0 0 0 1 
				5
				-0.163047 -0.978817 -0.12383 6.06438 -0.981116 0.174092 -0.084284 -55.7406 0.104056 0.107749 -0.988718 -54.603 0 0 0 1 
				6
				-0.193637 -0.977122 -0.0879636 4.9079 -0.976717 0.183561 0.111039 -60.6105 -0.0923519 0.107417 -0.989916 -56.7149 0 0 0 1 
				7
				-0.199633 -0.978286 -0.0557112 4.42699 -0.945854 0.17754 0.271734 -63.8956 -0.255943 0.106942 -0.960758 -58.6332 0 0 0 1 
				8
				-0.182045 -0.982388 -0.0421075 4.77881 -0.908694 0.151718 0.388918 -66.1192 -0.37568 0.109063 -0.92031 -60.4258 0 0 0 1 
				9
				-0.145681 -0.987816 -0.0547299 6.08281 -0.889759 0.106631 0.443799 -67.4507 -0.432556 0.11335 -0.894453 -61.6438 0 0 0 1 
				10
				-0.0900562 -0.992291 -0.0851385 8.40356 -0.910537 0.0473984 0.410701 -67.4266 -0.4035 0.114508 -0.907786 -61.139 0 0 0 1 
				11
				-0.00705231 -0.994042 -0.108768 11.5429 -0.966666 -0.0210628 0.255172 -65.0215 -0.255943 0.106942 -0.960758 -57.7806 0 0 0 1 
				12
				0.107611 -0.993182 -0.0448378 14.1441 -0.985989 -0.100832 -0.132888 -56.6239 0.127461 0.0585098 -0.990116 -50.3929 0 0 0 1 
				13
				0.213568 -0.976889 0.00878393 15.7122 -0.742884 -0.168236 -0.647935 -40.5039 0.634438 0.131853 -0.761644 -45.1808 0 0 0 1 
				14
				0.142633 -0.956992 0.252631 10.4193 -0.288248 -0.28434 -0.914365 -25.35 0.946873 0.0575984 -0.316408 -46.8836 0 0 0 1 
				15
				0.0714039 -0.941702 0.328783 7.39176 0.0321256 -0.327282 -0.944381 -17.9988 0.99693 0.0779948 0.00688356 -50.9273 0 0 0 1 
				16
				0.0332427 -0.931904 0.361179 6.01694 0.145455 -0.35302 -0.92424 -16.208 0.988806 0.0832593 0.123814 -52.7921 0 0 0 1 
				17
