<?xml version='1.0' encoding='UTF-8' ?>
<itpanim>
	<skeleton count>
		25
			0 -1
			1.37091e-06 -1 -6.12323e-17 1.44898e-05 1 1.37091e-06 -6.12323e-17 -1.98691e-11 6.12323e-17 -6.12323e-17 1 80.8015 0 0 0 1 
			1 0
			1.3868e-06 4.78456e-08 -1 -80.8015 2.75771e-06 -1 -4.78418e-08 1.44901e-05 -1 -2.75771e-06 -1.3868e-06 -0.000112056 0 0 0 1 
			2 1
			1.40269e-06 -0.000796318 -1 -90.1364 0 -1 0.000796318 0.0931538 -1 -1.11699e-09 -1.40269e-06 -2.58351e-07 0 0 0 1 
			3 2
			1.40269e-06 -0.000796318 -1 -116.969 0 -1 0.000796318 0.11452 -1 -1.11699e-09 -1.40269e-06 -3.17612e-07 0 0 0 1 
			4 3
			1.40269e-06 -0.000796318 -1 -143.801 0 -1 0.000796318 0.119367 -1 -1.11699e-09 -1.40269e-06 -3.31058e-07 0 0 0 1 
			5 4
			1 1.37091e-06 4.37113e-08 -2.89267 -1.37091e-06 1 3.58059e-15 -8.20407e-06 -4.37113e-08 -6.35048e-14 1 143.801 0 0 0 1 
			6 5
			0.995014 0.0902305 0.042489 -10.1726 -0.0897157 0.995871 -0.0138741 -0.527027 -0.0435655 0.00999304 0.999001 144.37 0 0 0 1 
			7 6
			0.994845 -0.0912189 0.0442967 -37.2146 0.0915704 0.995781 -0.00596753 -7.37347 -0.0435655 0.00999304 0.999001 144.37 0 0 0 1 
			8 7
			0.994845 -0.0912189 0.0442967 -64.9763 -0.0434925 0.0107859 0.998995 144.365 -0.091605 -0.995772 0.00676301 7.48842 0 0 0 1 
			9 4
			-1 -1.37091e-06 4.37114e-08 -2.89267 -1.37091e-06 1 3.84662e-15 -8.20407e-06 -4.37115e-08 -5.60777e-14 -1 -143.801 0 0 0 1 
			10 9
			-0.995014 0.0902277 0.042489 -10.1726 0.089713 0.995871 -0.0138741 -0.527027 -0.0435654 -0.00999316 -0.999001 -144.37 0 0 0 1 
			11 10
			-0.994845 -0.0912216 0.0442967 -37.2146 -0.0915731 0.99578 -0.00596753 -7.37347 -0.0435654 -0.00999316 -0.999001 -144.37 0 0 0 1 
			12 11
			-0.994845 -0.0912216 0.0442967 -64.9763 0.0434925 0.0107861 0.998995 144.365 -0.0916078 0.995772 -0.00676301 -7.48842 0 0 0 1 
			13 4
			1.34309e-06 -5.95475e-08 -1 -149.889 -1.40269e-06 -1 5.95456e-08 7.93768e-06 -1 1.40269e-06 -1.34309e-06 -0.000201315 0 0 0 1 
			14 13
			1 -0 0 0 0 1 0 0 -0 -0 1 -0 0 0 0 1 
			15 2
			1.37369e-06 -0.0998334 0.995004 80.3979 0 -0.995004 -0.0998334 -8.06668 1 1.3714e-07 -1.36683e-06 -8.2648 0 0 0 1 
			16 15
			1.37369e-06 0.0998334 0.995004 45.0607 0 -0.995004 0.0998334 0.903508 1 -1.3714e-07 -1.36683e-06 -8.2648 0 0 0 1 
			17 16
			1.3716e-06 -6.00745e-14 1 9.05003 0 -1 -6.00745e-14 1.19116e-05 1 8.23984e-20 -1.3716e-06 -8.2648 0 0 0 1 
			18 17
			1.3723e-06 -1 -6.00133e-14 -12.2319 0 6.00133e-14 -1 -0.75718 1 1.3723e-06 8.23562e-20 -8.2648 0 0 0 1 
			19 18
			1 -0 0 0 0 1 0 0 -0 -0 1 -0 0 0 0 1 
			20 2
			1.37369e-06 -0.0998334 0.995004 80.3979 0 -0.995004 -0.0998334 -8.06668 1 1.3714e-07 -1.36683e-06 8.26481 0 0 0 1 
			21 20
			1.37369e-06 0.0998334 0.995004 45.0607 0 -0.995004 0.0998334 0.903507 1 -1.3714e-07 -1.36683e-06 8.26481 0 0 0 1 
			22 21
			1.3716e-06 -6.00745e-14 1 9.05003 0 -1 -6.00745e-14 1.19116e-05 1 8.23984e-20 -1.3716e-06 8.26481 0 0 0 1 
			23 22
			1.3723e-06 -1 5.98908e-14 -12.2319 0 -5.98908e-14 -1 -0.75718 1 1.3723e-06 -8.21882e-20 8.26481 0 0 0 1 
			24 23
			1 -0 0 0 0 1 0 0 -0 -0 1 -0 0 0 0 1 
	</skeleton>
		<animations>
			17
			0
				-1
				1.33158e-06 1 0 0 -1 1.33158e-06 0 9.75445e-07 -0 -0 1 -73.2738 0 0 0 1 
				0
				1.46474e-06 1 0 0 -1 1.46474e-06 0 9.0859e-07 -0 -0 1 -74.3798 0 0 0 1 
				1
				1.33158e-06 1 0 0 -1 1.33158e-06 0 8.32222e-07 -0 -0 1 -75.6982 0 0 0 1 
				2
				1.46474e-06 1 0 0 -1 1.46474e-06 0 7.52085e-07 -0 -0 1 -77.1006 0 0 0 1 
				3
				1.33158e-06 1 0 0 -1 1.33158e-06 0 6.73922e-07 -0 -0 1 -78.4589 0 0 0 1 
				4
				1.33158e-06 1 0 0 -1 1.33158e-06 0 6.03298e-07 -0 -0 1 -79.649 0 0 0 1 
				5
				1.46474e-06 1 0 0 -1 1.46474e-06 0 5.45775e-07 -0 -0 1 -80.5468 0 0 0 1 
				6
				1.46474e-06 1 0 0 -1 1.46474e-06 0 5.07097e-07 -0 -0 1 -81.0241 0 0 0 1 
				7
				1.46474e-06 1 0 0 -1 1.46474e-06 0 4.93009e-07 -0 -0 1 -80.9526 0 0 0 1 
				8
				1.46474e-06 1 0 0 -1 1.46474e-06 0 5.07097e-07 -0 -0 1 -80.2524 0 0 0 1 
				9
				1.46474e-06 1 0 0 -1 1.46474e-06 0 5.45775e-07 -0 -0 1 -79.0035 0 0 0 1 
				10
				1.33158e-06 1 0 0 -1 1.33158e-06 0 6.03298e-07 -0 -0 1 -77.334 0 0 0 1 
				11
				1.46474e-06 1 0 0 -1 1.46474e-06 0 6.73922e-07 -0 -0 1 -75.3722 0 0 0 1 
				12
				1.33158e-06 1 0 0 -1 1.33158e-06 0 7.52085e-07 -0 -0 1 -73.2421 0 0 0 1 
				13
				1.46474e-06 1 0 0 -1 1.46474e-06 0 8.32222e-07 -0 -0 1 -71.068 0 0 0 1 
				14
				1.46474e-06 1 0 0 -1 1.46474e-06 0 9.0859e-07 -0 -0 1 -68.978 0 0 0 1 
				15
				1.46474e-06 1 0 0 -1 1.46474e-06 0 9.75445e-07 -0 -0 1 -67.1003 0 0 0 1 
		</Joint>
			1
				-1
				1.33158e-06 2.66316e-06 -1 0 0 -1 -2.66316e-06 9.75445e-07 -1 3.54621e-12 -1.33158e-06 -73.2738 0 0 0 1 
				0
				1.33158e-06 2.79632e-06 -1 0 0 -1 -2.79632e-06 9.0859e-07 -1 3.72352e-12 -1.33158e-06 -74.3798 0 0 0 1 
				1
				1.33158e-06 2.66316e-06 -1 0 0 -1 -2.66316e-06 8.32222e-07 -1 3.54621e-12 -1.33158e-06 -75.6982 0 0 0 1 
				2
				1.33158e-06 2.79632e-06 -1 0 0 -1 -2.79632e-06 7.52085e-07 -1 3.72352e-12 -1.33158e-06 -77.1006 0 0 0 1 
				3
				1.33158e-06 2.66316e-06 -1 0 0 -1 -2.66316e-06 6.73922e-07 -1 3.54621e-12 -1.33158e-06 -78.4589 0 0 0 1 
				4
				1.33158e-06 2.66316e-06 -1 0 0 -1 -2.66316e-06 6.03298e-07 -1 3.54621e-12 -1.33158e-06 -79.649 0 0 0 1 
				5
				1.33158e-06 2.79632e-06 -1 0 0 -1 -2.79632e-06 5.45775e-07 -1 3.72352e-12 -1.33158e-06 -80.5468 0 0 0 1 
				6
				1.33158e-06 2.79632e-06 -1 0 0 -1 -2.79632e-06 5.07097e-07 -1 3.72352e-12 -1.33158e-06 -81.0241 0 0 0 1 
				7
				1.33158e-06 2.79632e-06 -1 0 0 -1 -2.79632e-06 4.93009e-07 -1 3.72352e-12 -1.33158e-06 -80.9526 0 0 0 1 
				8
				1.33158e-06 2.79632e-06 -1 0 0 -1 -2.79632e-06 5.07097e-07 -1 3.72352e-12 -1.33158e-06 -80.2524 0 0 0 1 
				9
				1.33158e-06 2.79632e-06 -1 0 0 -1 -2.79632e-06 5.45775e-07 -1 3.72352e-12 -1.33158e-06 -79.0035 0 0 0 1 
				10
				1.33158e-06 2.66316e-06 -1 0 0 -1 -2.66316e-06 6.03298e-07 -1 3.54621e-12 -1.33158e-06 -77.334 0 0 0 1 
				11
				1.33158e-06 2.79632e-06 -1 0 0 -1 -2.79632e-06 6.73922e-07 -1 3.72352e-12 -1.33158e-06 -75.3722 0 0 0 1 
				12
				1.33158e-06 2.66316e-06 -1 0 0 -1 -2.66316e-06 7.52085e-07 -1 3.54621e-12 -1.33158e-06 -73.2421 0 0 0 1 
				13
				1.33158e-06 2.79632e-06 -1 0 0 -1 -2.79632e-06 8.32222e-07 -1 3.72352e-12 -1.33158e-06 -71.068 0 0 0 1 
				14
				1.33158e-06 2.79632e-06 -1 0 0 -1 -2.79632e-06 9.0859e-07 -1 3.72352e-12 -1.33158e-06 -68.978 0 0 0 1 
				15
				1.33158e-06 2.79632e-06 -1 0 0 -1 -2.79632e-06 9.75445e-07 -1 3.72352e-12 -1.33158e-06 -67.1003 0 0 0 1 
		</Joint>
			2
				-1
				-0.000201565 -1.28234e-06 -1 1.29152e-05 -0.0008487 -1 1.45341e-06 0.0213509 -1 0.0008487 0.000201564 -82.6087 0 0 0 1 
				0
				-0.000176196 -1.18044e-06 -1 1.29134e-05 -0.000842319 -0.999999 1.32885e-06 0.0213508 -1 0.000842319 0.000176195 -83.7147 0 0 0 1 
				1
				-0.000150827 -1.34476e-06 -1 1.29163e-05 -0.000835937 -1 1.47084e-06 0.0213506 -1 0.000835938 0.000150826 -85.0331 0 0 0 1 
				2
				-0.000125458 -1.24254e-06 -1 1.29142e-05 -0.000829556 -1 1.34662e-06 0.0213505 -1 0.000829556 0.000125457 -86.4355 0 0 0 1 
				3
				-0.000100089 -1.40654e-06 -1 1.29173e-05 -0.000823175 -1 1.48893e-06 0.0213504 -1 0.000823175 0.000100087 -87.7938 0 0 0 1 
				4
				-7.47195e-05 -1.43718e-06 -1 1.29177e-05 -0.000816793 -1 1.49821e-06 0.0213502 -1 0.000816794 7.47183e-05 -88.984 0 0 0 1 
				5
				-4.93503e-05 -1.3345e-06 -1 1.29155e-05 -0.000810412 -1 1.37449e-06 0.0213501 -1 0.000810412 4.93492e-05 -89.8817 0 0 0 1 
				6
				-2.39812e-05 -1.36482e-06 -1 1.29158e-05 -0.000804031 -0.999999 1.3841e-06 0.0213501 -1 0.000804031 2.39801e-05 -90.359 0 0 0 1 
				7
				1.3879e-06 -1.39499e-06 -1 1.29162e-05 -0.000797649 -1 1.39388e-06 0.0213501 -1 0.000797649 -1.38901e-06 -90.2875 0 0 0 1 
				8
				1.3879e-06 -1.39499e-06 -1 1.29162e-05 -0.000797649 -1 1.39388e-06 0.0213501 -1 0.000797649 -1.38901e-06 -89.5873 0 0 0 1 
				9
				1.3879e-06 -1.39499e-06 -1 1.29162e-05 -0.000797649 -1 1.39388e-06 0.0213502 -1 0.000797649 -1.38901e-06 -88.3384 0 0 0 1 
				10
				1.38779e-06 -1.52815e-06 -1 1.2919e-05 -0.00079765 -1 1.52704e-06 0.0213503 -1 0.00079765 -1.38901e-06 -86.6689 0 0 0 1 
				11
				1.3879e-06 -1.39499e-06 -1 1.29162e-05 -0.000797649 -1 1.39388e-06 0.0213505 -1 0.000797649 -1.38901e-06 -84.7071 0 0 0 1 
				12
				1.38779e-06 -1.52815e-06 -1 1.2919e-05 -0.00079765 -1 1.52704e-06 0.0213507 -1 0.00079765 -1.38901e-06 -82.577 0 0 0 1 
				13
				1.3879e-06 -1.39499e-06 -1 1.29162e-05 -0.000797649 -1 1.39388e-06 0.0213508 -1 0.000797649 -1.38901e-06 -80.403 0 0 0 1 
				14
				1.3879e-06 -1.39499e-06 -1 1.29162e-05 -0.000797649 -1 1.39388e-06 0.021351 -1 0.000797649 -1.38901e-06 -78.313 0 0 0 1 
				15
				1.3879e-06 -1.39499e-06 -1 1.29162e-05 -0.000797649 -1 1.39388e-06 0.0213512 -1 0.000797649 -1.38901e-06 -76.4352 0 0 0 1 
		</Joint>
			3
				-1
				-0.000413965 -1.06196e-06 -1 -0.0053956 -0.000821564 -1 1.40205e-06 0.0199442 -1 0.000821565 0.000413964 -109.441 0 0 0 1 
				0
				-0.000362045 -9.66459e-07 -1 -0.00471488 -0.000818575 -1 1.26282e-06 0.0201153 -1 0.000818575 0.000362044 -110.547 0 0 0 1 
				1
				-0.000310127 -1.18535e-06 -1 -0.00403416 -0.000815585 -1 1.43829e-06 0.0202864 -1 0.000815586 0.000310126 -111.865 0 0 0 1 
				2
				-0.000258207 -1.0963e-06 -1 -0.00335345 -0.000812596 -1 1.30612e-06 0.0204575 -1 0.000812596 0.000258206 -113.268 0 0 0 1 
				3
				-0.000206288 -1.30915e-06 -1 -0.00267273 -0.000809607 -1 1.47616e-06 0.0206285 -1 0.000809607 0.000206287 -114.626 0 0 0 1 
				4
				-0.000154369 -1.3712e-06 -1 -0.00199202 -0.000806618 -1 1.49572e-06 0.0207997 -1 0.000806618 0.000154368 -115.816 0 0 0 1 
				5
				-0.00010245 -1.29242e-06 -1 -0.0013113 -0.000803628 -1 1.37475e-06 0.0209708 -1 0.000803628 0.000102449 -116.714 0 0 0 1 
				6
				-5.05312e-05 -1.35846e-06 -1 -0.000630587 -0.000800639 -1 1.39892e-06 0.021142 -1 0.000800639 5.05301e-05 -117.191 0 0 0 1 
				7
				1.38788e-06 -1.42479e-06 -1 5.01281e-05 -0.000797649 -1 1.42368e-06 0.0213132 -1 0.000797649 -1.38901e-06 -117.12 0 0 0 1 
				8
				1.38788e-06 -1.42479e-06 -1 5.01281e-05 -0.000797649 -1 1.42368e-06 0.0213132 -1 0.000797649 -1.38901e-06 -116.42 0 0 0 1 
				9
				1.38788e-06 -1.42479e-06 -1 5.01281e-05 -0.000797649 -1 1.42368e-06 0.0213133 -1 0.000797649 -1.38901e-06 -115.171 0 0 0 1 
				10
				1.38777e-06 -1.55795e-06 -1 5.01309e-05 -0.00079765 -1 1.55684e-06 0.0213134 -1 0.00079765 -1.38901e-06 -113.501 0 0 0 1 
				11
				1.38788e-06 -1.42479e-06 -1 5.01281e-05 -0.000797649 -1 1.42368e-06 0.0213136 -1 0.000797649 -1.38901e-06 -111.539 0 0 0 1 
				12
				1.38777e-06 -1.55795e-06 -1 5.01309e-05 -0.00079765 -1 1.55684e-06 0.0213138 -1 0.00079765 -1.38901e-06 -109.409 0 0 0 1 
				13
				1.38788e-06 -1.42479e-06 -1 5.01281e-05 -0.000797649 -1 1.42368e-06 0.0213139 -1 0.000797649 -1.38901e-06 -107.235 0 0 0 1 
				14
				1.38788e-06 -1.42479e-06 -1 5.01281e-05 -0.000797649 -1 1.42368e-06 0.0213141 -1 0.000797649 -1.38901e-06 -105.145 0 0 0 1 
				15
				1.38788e-06 -1.42479e-06 -1 5.01281e-05 -0.000797649 -1 1.42368e-06 0.0213143 -1 0.000797649 -1.38901e-06 -103.268 0 0 0 1 
		</Joint>
			4
				-1
				-0.000413965 -1.06196e-06 -1 -0.0165033 -0.000821564 -1 1.40205e-06 0.00274733 -1 0.000821565 0.000413964 -136.274 0 0 0 1 
				0
				-0.000362045 -9.66459e-07 -1 -0.0144294 -0.000818575 -1 1.26282e-06 0.00299865 -1 0.000818575 0.000362044 -137.38 0 0 0 1 
				1
				-0.000310127 -1.18535e-06 -1 -0.0123556 -0.000815585 -1 1.43829e-06 0.00324997 -1 0.000815586 0.000310126 -138.698 0 0 0 1 
				2
				-0.000258207 -1.0963e-06 -1 -0.0102818 -0.000812596 -1 1.30612e-06 0.00350124 -1 0.000812596 0.000258206 -140.1 0 0 0 1 
				3
				-0.000206288 -1.30915e-06 -1 -0.00820796 -0.000809607 -1 1.47616e-06 0.00375255 -1 0.000809607 0.000206287 -141.459 0 0 0 1 
				4
				-0.000154369 -1.3712e-06 -1 -0.00613413 -0.000806618 -1 1.49572e-06 0.00400386 -1 0.000806618 0.000154368 -142.649 0 0 0 1 
				5
				-0.00010245 -1.29242e-06 -1 -0.0040603 -0.000803628 -1 1.37475e-06 0.0042552 -1 0.000803628 0.000102449 -143.547 0 0 0 1 
				6
				-5.05312e-05 -1.35846e-06 -1 -0.00198647 -0.000800639 -1 1.39892e-06 0.00450658 -1 0.000800639 5.05301e-05 -144.024 0 0 0 1 
				7
				1.38788e-06 -1.42479e-06 -1 8.73616e-05 -0.000797649 -1 1.42368e-06 0.00475801 -1 0.000797649 -1.38901e-06 -143.952 0 0 0 1 
				8
				1.38788e-06 -1.42479e-06 -1 8.73616e-05 -0.000797649 -1 1.42368e-06 0.00475806 -1 0.000797649 -1.38901e-06 -143.252 0 0 0 1 
				9
				1.38788e-06 -1.42479e-06 -1 8.73616e-05 -0.000797649 -1 1.42368e-06 0.00475815 -1 0.000797649 -1.38901e-06 -142.003 0 0 0 1 
				10
				1.38777e-06 -1.55795e-06 -1 8.73622e-05 -0.00079765 -1 1.55684e-06 0.00475829 -1 0.00079765 -1.38901e-06 -140.334 0 0 0 1 
				11
				1.38788e-06 -1.42479e-06 -1 8.73616e-05 -0.000797649 -1 1.42368e-06 0.00475844 -1 0.000797649 -1.38901e-06 -138.372 0 0 0 1 
				12
				1.38777e-06 -1.55795e-06 -1 8.73623e-05 -0.00079765 -1 1.55684e-06 0.00475861 -1 0.00079765 -1.38901e-06 -136.242 0 0 0 1 
				13
				1.38788e-06 -1.42479e-06 -1 8.73616e-05 -0.000797649 -1 1.42368e-06 0.00475878 -1 0.000797649 -1.38901e-06 -134.068 0 0 0 1 
				14
				1.38788e-06 -1.42479e-06 -1 8.73616e-05 -0.000797649 -1 1.42368e-06 0.00475896 -1 0.000797649 -1.38901e-06 -131.978 0 0 0 1 
				15
				1.38788e-06 -1.42479e-06 -1 8.73616e-05 -0.000797649 -1 1.42368e-06 0.00475911 -1 0.000797649 -1.38901e-06 -130.1 0 0 0 1 
		</Joint>
			5
				-1
				1 1.39382e-06 0.00041676 2.87617 -1.40435e-06 1 2.52793e-05 -0.00209641 -0.00041676 -2.52798e-05 1 -136.275 0 0 0 1 
				0
				1 1.28096e-06 0.000364841 2.87825 -1.2891e-06 1 2.22899e-05 -0.00184475 -0.000364841 -2.22904e-05 1 -137.381 0 0 0 1 
				1
				1 1.43453e-06 0.000312922 2.88032 -1.44057e-06 1 1.93003e-05 -0.00159386 -0.000312922 -1.93008e-05 1 -138.699 0 0 0 1 
				2
				1 1.32188e-06 0.000261003 2.8824 -1.32613e-06 1 1.63111e-05 -0.00134226 -0.000261003 -1.63115e-05 1 -140.101 0 0 0 1 
				3
				1 1.47564e-06 0.000209084 2.88447 -1.47843e-06 1 1.33218e-05 -0.0010914 -0.000209084 -1.33221e-05 1 -141.459 0 0 0 1 
				4
				1 1.49635e-06 0.000157165 2.88654 -1.49797e-06 1 1.03324e-05 -0.000840141 -0.000157165 -1.03326e-05 1 -142.649 0 0 0 1 
				5
				1 1.384e-06 0.000105246 2.88862 -1.38477e-06 1 7.34317e-06 -0.000588461 -0.000105245 -7.34331e-06 1 -143.547 0 0 0 1 
				6
				1 1.4049e-06 5.33264e-05 2.89069 -1.40514e-06 1 4.35372e-06 -0.000337148 -5.33264e-05 -4.3538e-06 1 -144.024 0 0 0 1 
				7
				1 1.42591e-06 1.40731e-06 2.89277 -1.42591e-06 1 1.36436e-06 -8.57848e-05 -1.40731e-06 -1.36436e-06 1 -143.952 0 0 0 1 
				8
				1 1.42591e-06 1.40731e-06 2.89277 -1.42591e-06 1 1.36436e-06 -8.57317e-05 -1.40731e-06 -1.36436e-06 1 -143.252 0 0 0 1 
				9
				1 1.42591e-06 1.40731e-06 2.89277 -1.42591e-06 1 1.36436e-06 -8.56409e-05 -1.40731e-06 -1.36436e-06 1 -142.003 0 0 0 1 
				10
				1 1.55907e-06 1.40731e-06 2.89277 -1.55907e-06 1 1.36447e-06 -8.5898e-05 -1.40731e-06 -1.36447e-06 1 -140.334 0 0 0 1 
				11
				1 1.42591e-06 1.40731e-06 2.89277 -1.42591e-06 1 1.36436e-06 -8.53565e-05 -1.40731e-06 -1.36436e-06 1 -138.372 0 0 0 1 
				12
				1 1.55907e-06 1.40731e-06 2.89277 -1.55907e-06 1 1.36447e-06 -8.55674e-05 -1.40731e-06 -1.36447e-06 1 -136.242 0 0 0 1 
				13
				1 1.42591e-06 1.40731e-06 2.89277 -1.42591e-06 1 1.36436e-06 -8.50077e-05 -1.40731e-06 -1.36436e-06 1 -134.068 0 0 0 1 
				14
				1 1.42591e-06 1.40731e-06 2.89277 -1.42591e-06 1 1.36436e-06 -8.48335e-05 -1.40731e-06 -1.36436e-06 1 -131.978 0 0 0 1 
				15
				1 1.42591e-06 1.40731e-06 2.89277 -1.42591e-06 1 1.36436e-06 -8.46909e-05 -1.40731e-06 -1.36436e-06 1 -130.1 0 0 0 1 
		</Joint>
			6
				-1
				0.103929 -0.01739 -0.994433 16.3477 0.0607859 0.998089 -0.0111012 -0.00211533 0.992725 -0.0592937 0.104788 -136.28 0 0 0 1 
				0
				0.104344 -0.0213431 -0.994312 16.3497 0.00948993 0.999746 -0.0204638 -0.00186212 0.994496 -0.00730068 0.10452 -137.386 0 0 0 1 
				1
				0.104907 -0.0252622 -0.994161 16.3518 -0.0419627 0.998674 -0.0298049 -0.00161327 0.993596 0.0448445 0.103708 -138.703 0 0 0 1 
				2
				0.105598 -0.0291382 -0.993982 16.3539 -0.0934957 0.994852 -0.0390964 -0.00136013 0.990004 0.0970616 0.10233 -140.105 0 0 0 1 
				3
				0.10643 -0.0329824 -0.993773 16.356 -0.144658 0.988303 -0.0482932 -0.00111132 0.983741 0.148897 0.100414 -141.462 0 0 0 1 
				4
				0.107489 -0.0367757 -0.993526 16.358 -0.195382 0.979047 -0.057378 -0.00086032 0.974819 0.200285 0.0980511 -142.651 0 0 0 1 
				5
				0.108847 -0.0404942 -0.993233 16.3601 -0.245543 0.967113 -0.0663379 -0.000607116 0.963255 0.251102 0.0953241 -143.548 0 0 0 1 
				6
				0.110385 -0.0441364 -0.992908 16.3622 -0.29503 0.952529 -0.075141 -0.000356077 0.94909 0.301233 0.0921231 -144.025 0 0 0 1 
				7
				0.112066 -0.0476988 -0.992555 16.3643 -0.343713 0.935332 -0.0837564 -0.000104994 0.932364 0.35054 0.0884243 -143.952 0 0 0 1 
				8
				0.113928 -0.0511666 -0.99217 16.3643 -0.39145 0.915572 -0.0921656 -0.000104941 0.91312 0.398885 0.0842805 -143.252 0 0 0 1 
				9
				0.115985 -0.0545257 -0.991753 16.3643 -0.438106 0.893304 -0.10035 -0.00010485 0.891409 0.446132 0.0797223 -142.003 0 0 0 1 
				10
				0.118212 -0.0577705 -0.991307 16.3643 -0.483558 0.868589 -0.108282 -0.000106901 0.867293 0.492155 0.0747418 -140.334 0 0 0 1 
				11
				0.120592 -0.0608954 -0.990832 16.3643 -0.527682 0.841492 -0.11594 -0.000104566 0.840838 0.536826 0.0693441 -138.372 0 0 0 1 
				12
				0.123131 -0.0638887 -0.990332 16.3643 -0.570356 0.81209 -0.123304 -0.00010657 0.812116 0.580024 0.0635542 -136.242 0 0 0 1 
				13
				0.125826 -0.0667406 -0.989805 16.3643 -0.611462 0.780462 -0.130356 -0.000104217 0.781205 0.62163 0.0573934 -134.068 0 0 0 1 
				14
				0.128665 -0.0694451 -0.989253 16.3643 -0.650889 0.746696 -0.137074 -0.000104043 0.748191 0.66153 0.0508725 -131.978 0 0 0 1 
				15
				0.131636 -0.071996 -0.98868 16.3643 -0.688528 0.710883 -0.143439 -0.0001039 0.713163 0.699616 0.0440064 -130.1 0 0 0 1 
		</Joint>
			7
				-1
				0.105095 -0.00766305 -0.994433 19.2329 -0.0321679 0.999421 -0.0111011 1.68541 0.993942 0.0331555 0.104788 -108.721 0 0 0 1 
				0
				0.106486 -0.00200504 -0.994312 19.2465 -0.172535 0.984791 -0.0204634 0.261595 0.979231 0.173733 0.10452 -109.777 0 0 0 1 
				1
				0.107834 0.00394351 -0.994161 19.2642 -0.30954 0.950419 -0.0298049 -1.16657 0.944752 0.310947 0.103708 -111.119 0 0 0 1 
				2
				0.109065 0.0102334 -0.993982 19.2855 -0.440467 0.896917 -0.0390965 -2.59697 0.89112 0.44208 0.10233 -112.62 0 0 0 1 
				3
				0.110135 0.0168937 -0.993773 19.3106 -0.562381 0.825467 -0.0482934 -4.01708 0.819511 0.564198 0.100414 -114.152 0 0 0 1 
				4
				0.111038 0.024015 -0.993526 19.3421 -0.672899 0.737505 -0.0573779 -5.42501 0.731353 0.674914 0.0980511 -115.589 0 0 0 1 
				5
				0.111727 0.0316942 -0.993233 19.3819 -0.769814 0.634812 -0.0663379 -6.81731 0.628414 0.772016 0.0953241 -116.807 0 0 0 1 
				6
				0.111991 0.0398848 -0.992908 19.4267 -0.851193 0.519447 -0.075141 -8.19092 0.512766 0.853571 0.0921231 -117.676 0 0 0 1 
				7
				0.111699 0.048552 -0.992555 19.4754 -0.9154 0.393735 -0.0837564 -9.54218 0.386737 0.917941 0.0884244 -118.068 0 0 0 1 
				8
				0.110763 0.0576995 -0.99217 19.5271 -0.961139 0.260225 -0.0921656 -10.8674 0.252869 0.963823 0.0842805 -117.902 0 0 0 1 
				9
				0.109071 0.0672995 -0.991753 19.5842 -0.987491 0.121615 -0.10035 -12.1627 0.113859 0.990293 0.0797223 -117.256 0 0 0 1 
				10
				0.106496 0.0772655 -0.991307 19.646 -0.993933 -0.019296 -0.108282 -13.4245 -0.0274947 0.996824 0.0747418 -116.256 0 0 0 1 
				11
				0.102931 0.0874986 -0.990832 19.7121 -0.980339 -0.159663 -0.11594 -14.6495 -0.168344 0.983286 0.0693441 -115.029 0 0 0 1 
				12
				0.0982799 0.0978984 -0.990332 19.7826 -0.946992 -0.296651 -0.123304 -15.8342 -0.305854 0.949955 0.0635542 -113.696 0 0 0 1 
				13
				0.0924597 0.108341 -0.989805 19.8574 -0.894572 -0.42749 -0.130356 -16.9754 -0.437255 0.897505 0.0573935 -112.38 0 0 0 1 
				14
				0.085403 0.118674 -0.989253 19.9362 -0.824145 -0.549541 -0.137074 -18.0699 -0.559902 0.826995 0.0508725 -111.207 0 0 0 1 
				15
				0.0770646 0.128734 -0.98868 20.0187 -0.737141 -0.660339 -0.143439 -19.1148 -0.67133 0.739851 0.0440064 -110.301 0 0 0 1 
		</Joint>
			8
				-1
				0.105095 -0.994438 0.00687119 22.1506 -0.0321679 -0.0103053 -0.999429 0.792369 0.993942 0.104814 -0.033072 -81.127 0 0 0 1 
				0
				0.106486 -0.994314 0.00121329 22.2027 -0.172535 -0.0196793 -0.984807 -4.52828 0.979231 0.104658 -0.17365 -82.5914 0 0 0 1 
				1
				0.107834 -0.994158 -0.00473515 22.2579 -0.30954 -0.0290481 -0.950442 -9.75995 0.944752 0.103955 -0.310864 -84.8911 0 0 0 1 
				2
				0.109065 -0.993973 -0.0110249 22.3133 -0.440467 -0.0383822 -0.896948 -14.8251 0.89112 0.102682 -0.441998 -87.8813 0 0 0 1 
				3
				0.110135 -0.993759 -0.017685 22.3682 -0.562381 -0.047636 -0.825505 -19.6298 0.819511 0.100863 -0.564118 -91.4006 0 0 0 1 
				4
				0.111038 -0.993507 -0.0248061 22.4247 -0.672899 -0.0567907 -0.737551 -24.1059 0.731353 0.0985885 -0.674836 -95.285 0 0 0 1 
				5
				0.111727 -0.993208 -0.032485 22.4836 -0.769814 -0.0658324 -0.634865 -28.1887 0.628414 0.0959388 -0.77194 -99.3608 0 0 0 1 
				6
				0.111991 -0.992876 -0.0406754 22.5357 -0.851192 -0.0747273 -0.519506 -31.8215 0.512766 0.0928028 -0.853498 -103.441 0 0 0 1 
				7
				0.111699 -0.992516 -0.0493423 22.5764 -0.9154 -0.0834428 -0.393802 -34.9553 0.386737 0.0891553 -0.91787 -107.332 0 0 0 1 
				8
				0.110763 -0.992124 -0.0584895 22.6021 -0.961139 -0.0919583 -0.260298 -37.5503 0.252869 0.085048 -0.963755 -110.882 0 0 0 1 
				9
				0.109071 -0.991699 -0.0680891 22.6122 -0.987491 -0.100253 -0.121695 -39.5772 0.113859 0.0805109 -0.990229 -114.095 0 0 0 1 
				10
				0.106496 -0.991245 -0.0780549 22.6025 -0.993933 -0.108298 0.0192097 -41.0178 -0.0274947 0.0755355 -0.996764 -117.019 0 0 0 1 
				11
				0.102931 -0.990763 -0.0882876 22.5697 -0.980339 -0.116067 0.159571 -41.8654 -0.168344 0.070127 -0.983231 -119.702 0 0 0 1 
				12
				0.0982799 -0.990254 -0.098687 22.511 -0.946992 -0.12354 0.296553 -42.1243 -0.305854 0.0643107 -0.949904 -122.187 0 0 0 1 
				13
				0.0924597 -0.989718 -0.109129 22.4243 -0.894572 -0.130696 0.427386 -41.8103 -0.437255 0.0581081 -0.897459 -124.519 0 0 0 1 
				14
				0.085403 -0.989159 -0.119462 22.3072 -0.824145 -0.137511 0.549432 -40.9496 -0.559902 0.051531 -0.826954 -126.751 0 0 0 1 
				15
				0.0770646 -0.988577 -0.129521 22.1582 -0.737141 -0.143965 0.660225 -39.5792 -0.67133 0.0445955 -0.739816 -128.939 0 0 0 1 
		</Joint>
			9
				-1
				-1 1.38936e-06 -0.000411167 -2.90918 1.39976e-06 1 -2.52793e-05 -0.00210434 0.000411167 -2.52798e-05 -1 -136.272 0 0 0 1 
				0
				-1 1.27651e-06 -0.000359248 -2.90711 1.28452e-06 1 -2.22899e-05 -0.00185335 0.000359248 -2.22904e-05 -1 -137.379 0 0 0 1 
				1
				-1 1.43007e-06 -0.000307329 -2.90503 1.43601e-06 1 -1.93003e-05 -0.00160159 0.000307329 -1.93008e-05 -1 -138.697 0 0 0 1 
				2
				-1 1.31742e-06 -0.00025541 -2.90296 1.32159e-06 1 -1.63112e-05 -0.00135064 0.00025541 -1.63115e-05 -1 -140.1 0 0 0 1 
				3
				-1 1.47119e-06 -0.000203491 -2.90089 1.4739e-06 1 -1.33218e-05 -0.00109891 0.000203491 -1.33221e-05 -1 -141.458 0 0 0 1 
				4
				-1 1.49189e-06 -0.000151572 -2.89881 1.49346e-06 1 -1.03324e-05 -0.000847542 0.000151572 -1.03326e-05 -1 -142.648 0 0 0 1 
				5
				-1 1.37954e-06 -9.96529e-05 -2.89674 1.38028e-06 1 -7.34318e-06 -0.000596516 9.96528e-05 -7.34331e-06 -1 -143.546 0 0 0 1 
				6
				-1 1.40045e-06 -4.77338e-05 -2.89466 1.40066e-06 1 -4.35373e-06 -0.00034508 4.77338e-05 -4.3538e-06 -1 -144.024 0 0 0 1 
				7
				-1 1.42146e-06 4.18533e-06 -2.89259 1.42145e-06 1 -1.36437e-06 -9.35894e-05 -4.18533e-06 -1.36436e-06 -1 -143.952 0 0 0 1 
				8
				-1 1.42146e-06 4.18533e-06 -2.89259 1.42145e-06 1 -1.36437e-06 -9.35428e-05 -4.18533e-06 -1.36436e-06 -1 -143.252 0 0 0 1 
				9
				-1 1.42146e-06 4.18533e-06 -2.89259 1.42145e-06 1 -1.36437e-06 -9.34451e-05 -4.18533e-06 -1.36436e-06 -1 -142.003 0 0 0 1 
				10
				-1 1.55462e-06 4.18533e-06 -2.89259 1.55461e-06 1 -1.36448e-06 -9.29322e-05 -4.18533e-06 -1.36447e-06 -1 -140.334 0 0 0 1 
				11
				-1 1.42146e-06 4.18533e-06 -2.89259 1.42145e-06 1 -1.36437e-06 -9.31611e-05 -4.18533e-06 -1.36436e-06 -1 -138.372 0 0 0 1 
				12
				-1 1.55462e-06 4.18533e-06 -2.89259 1.55461e-06 1 -1.36448e-06 -9.261e-05 -4.18533e-06 -1.36447e-06 -1 -136.242 0 0 0 1 
				13
				-1 1.42146e-06 4.18533e-06 -2.89259 1.42145e-06 1 -1.36437e-06 -9.28156e-05 -4.18533e-06 -1.36436e-06 -1 -134.068 0 0 0 1 
				14
				-1 1.42146e-06 4.18533e-06 -2.89259 1.42145e-06 1 -1.36437e-06 -9.26446e-05 -4.18533e-06 -1.36436e-06 -1 -131.978 0 0 0 1 
				15
				-1 1.42146e-06 4.18533e-06 -2.89259 1.42145e-06 1 -1.36437e-06 -9.24955e-05 -4.18533e-06 -1.36436e-06 -1 -130.1 0 0 0 1 
		</Joint>
			10
				-1
				-0.088697 0.0451662 -0.995034 -16.3807 0.540643 0.841193 -0.0100096 -0.00208549 0.836564 -0.538846 -0.0990301 -136.267 0 0 0 1 
				0
				-0.0866812 0.0482527 -0.995067 -16.3786 0.573306 0.819278 -0.0102129 -0.00183604 0.814743 -0.571363 -0.0986795 -137.374 0 0 0 1 
				1
				-0.0845478 0.0512582 -0.9951 -16.3765 0.605083 0.796094 -0.0104031 -0.00158225 0.79166 -0.602997 -0.0983235 -138.693 0 0 0 1 
				2
				-0.0822979 0.0541776 -0.995134 -16.3745 0.635923 0.77168 -0.0105789 -0.00133284 0.767352 -0.633699 -0.0979604 -140.096 0 0 0 1 
				3
				-0.0799333 0.0570056 -0.995169 -16.3724 0.66578 0.746072 -0.0107396 -0.00107905 0.741855 -0.663422 -0.0975891 -141.455 0 0 0 1 
				4
				-0.0774592 0.0597384 -0.995204 -16.3703 0.694606 0.719308 -0.0108855 -0.000827423 0.715208 -0.692118 -0.0972117 -142.646 0 0 0 1 
				5
				-0.074881 0.062372 -0.99524 -16.3682 0.722357 0.691432 -0.0110172 -0.000577922 0.687454 -0.719744 -0.09683 -143.545 0 0 0 1 
				6
				-0.072201 0.0649025 -0.995276 -16.3662 0.748991 0.662486 -0.0111335 -0.000326211 0.658634 -0.746257 -0.0964436 -144.023 0 0 0 1 
				7
				-0.0694226 0.0673252 -0.995313 -16.3641 0.774466 0.632516 -0.0112339 -7.44403e-05 0.628795 -0.771616 -0.096052 -143.952 0 0 0 1 
				8
				-0.0665512 0.0696367 -0.99535 -16.3641 0.798743 0.601566 -0.0113188 -7.43937e-05 0.597981 -0.795782 -0.0956568 -143.252 0 0 0 1 
				9
				-0.0635917 0.0718339 -0.995387 -16.3641 0.821783 0.569686 -0.0113884 -7.4296e-05 0.56624 -0.818717 -0.0952592 -142.003 0 0 0 1 
				10
				-0.060548 0.073913 -0.995425 -16.3641 0.843553 0.536924 -0.0114421 -7.19893e-05 0.533622 -0.840386 -0.0948592 -140.334 0 0 0 1 
				11
				-0.0574246 0.0758703 -0.995463 -16.3641 0.864017 0.503332 -0.01148 -7.4012e-05 0.500177 -0.860756 -0.0944569 -138.372 0 0 0 1 
				12
				-0.0542264 0.0777035 -0.995501 -16.3641 0.883144 0.468961 -0.0115016 -7.16671e-05 0.465957 -0.879794 -0.0940534 -136.242 0 0 0 1 
				13
				-0.0509592 0.0794095 -0.995538 -16.3641 0.900905 0.433864 -0.0115079 -7.36665e-05 0.431014 -0.897472 -0.0936498 -134.068 0 0 0 1 
				14
				-0.0476273 0.0809858 -0.995577 -16.3641 0.917272 0.398096 -0.0114979 -7.34955e-05 0.395404 -0.913762 -0.0932462 -131.978 0 0 0 1 
				15
				-0.0442358 0.0824296 -0.995614 -16.3641 0.932219 0.361711 -0.011472 -7.33464e-05 0.35918 -0.928639 -0.0928431 -130.1 0 0 0 1 
		</Joint>
			11
				-1
				0.0125067 -0.0987458 -0.995034 -18.8431 -0.999619 -0.0257435 -0.0100096 15.0071 -0.0246273 0.99478 -0.0990301 -113.042 0 0 0 1 
				0
				0.00964023 -0.0987372 -0.995067 -18.785 -0.999934 0.00529693 -0.010213 15.9141 0.00627919 0.9951 -0.0986795 -114.755 0 0 0 1 
				1
				0.006773 -0.0986401 -0.9951 -18.7237 -0.999285 0.0363329 -0.010403 16.7966 0.037181 0.994459 -0.0983235 -116.715 0 0 0 1 
				2
				0.00390739 -0.0984525 -0.995134 -18.6592 -0.997674 0.0673334 -0.0105789 17.653 0.0680473 0.992861 -0.0979604 -118.793 0 0 0 1 
				3
				0.00104553 -0.0981727 -0.995169 -18.5915 -0.995102 0.0982692 -0.0107396 18.4821 0.0988488 0.990306 -0.0975891 -120.86 0 0 0 1 
				4
				-0.00180932 -0.0978026 -0.995204 -18.5207 -0.99157 0.129111 -0.0108855 19.2826 0.129556 0.986796 -0.0972117 -122.791 0 0 0 1 
				5
				-0.00465348 -0.0973436 -0.99524 -18.4471 -0.987083 0.159827 -0.0110172 20.0533 0.160139 0.982334 -0.09683 -124.46 0 0 0 1 
				6
				-0.00748535 -0.0967952 -0.995276 -18.3706 -0.981645 0.19039 -0.0111335 20.793 0.190568 0.976925 -0.0964436 -125.738 0 0 0 1 
				7
				-0.010302 -0.0961565 -0.995313 -18.2914 -0.975261 0.22077 -0.0112339 21.5004 0.220815 0.970574 -0.096052 -126.496 0 0 0 1 
				8
				-0.0131005 -0.0954291 -0.99535 -18.2117 -0.967937 0.250936 -0.0113188 22.1744 0.25085 0.963288 -0.0956568 -126.651 0 0 0 1 
				9
				-0.0158779 -0.0946146 -0.995387 -18.1295 -0.959681 0.280861 -0.0113884 22.8141 0.280643 0.955073 -0.0952592 -126.283 0 0 0 1 
				10
				-0.0186317 -0.0937126 -0.995425 -18.045 -0.950499 0.310515 -0.0114421 23.4184 0.310167 0.945938 -0.0948592 -125.519 0 0 0 1 
				11
				-0.021359 -0.0927237 -0.995463 -17.9583 -0.940402 0.33987 -0.01148 23.9865 0.339392 0.93589 -0.0944569 -124.486 0 0 0 1 
				12
				-0.0240578 -0.0916491 -0.995501 -17.8695 -0.929399 0.368898 -0.0115016 24.5175 0.368292 0.924941 -0.0940534 -123.306 0 0 0 1 
				13
				-0.0267244 -0.0904904 -0.995538 -17.7788 -0.9175 0.397569 -0.0115079 25.0106 0.396837 0.913099 -0.0936497 -122.102 0 0 0 1 
				14
				-0.0293572 -0.0892481 -0.995577 -17.6863 -0.904717 0.425858 -0.011498 25.465 0.425001 0.900377 -0.0932462 -121.001 0 0 0 1 
				15
				-0.0319531 -0.0879229 -0.995614 -17.5922 -0.891062 0.453737 -0.0114721 25.88 0.452756 0.886787 -0.092843 -120.129 0 0 0 1 
		</Joint>
			12
				-1
				0.0125067 0.999913 -0.00418403 -18.4959 -0.999618 0.0123998 -0.0246813 -12.7441 -0.0246273 0.00449111 0.999687 -113.726 0 0 0 1 
				0
				0.00972872 0.999945 -0.00390814 -18.5174 -0.999732 0.00964446 -0.0210287 -11.8458 -0.0209899 0.00411167 0.999771 -114.581 0 0 0 1 
				1
				0.00694154 0.999969 -0.00369857 -18.5357 -0.999825 0.00687627 -0.0173768 -10.9453 -0.0173508 0.00381855 0.999842 -115.683 0 0 0 1 
				2
				0.00414653 0.999985 -0.00355293 -18.5507 -0.999897 0.00409739 -0.0137264 -10.0442 -0.0137116 0.00360949 0.999899 -116.904 0 0 0 1 
				3
				0.00134463 0.999993 -0.00347031 -18.5624 -0.999948 0.0013096 -0.0100767 -9.14364 -0.0100721 0.00348368 0.999943 -118.116 0 0 0 1 
				4
				-0.00146183 0.999993 -0.0034523 -18.5709 -0.999978 -0.00148399 -0.00642688 -8.24509 -0.00643196 0.00344283 0.999974 -119.194 0 0 0 1 
				5
				-0.00427002 0.999984 -0.00350033 -18.5763 -0.999987 -0.00427975 -0.00277773 -7.34984 -0.00279266 0.00348842 0.99999 -120.014 0 0 0 1 
				6
				-0.00707938 0.999968 -0.00361365 -18.5784 -0.999974 -0.00707627 0.00087216 -6.45921 0.000846561 0.00361974 0.999993 -120.448 0 0 0 1 
				7
				-0.0098882 0.999944 -0.00379117 -18.5774 -0.999941 -0.00987103 0.00452243 -5.57451 0.00448475 0.00383566 0.999983 -120.366 0 0 0 1 
				8
				-0.0126942 0.999911 -0.00403386 -18.5754 -0.999886 -0.0126609 0.00817399 -4.69721 0.00812219 0.00413717 0.999958 -119.687 0 0 0 1 
				9
				-0.0154953 0.99987 -0.00434258 -18.5703 -0.99981 -0.015443 0.0118265 -3.82835 0.0117579 0.00452502 0.999921 -118.492 0 0 0 1 
				10
				-0.0182901 0.999822 -0.00471633 -18.5623 -0.999714 -0.0182152 0.0154811 -2.96909 0.0153924 0.00499813 0.999869 -116.909 0 0 0 1 
				11
				-0.0210766 0.999764 -0.00515456 -18.5513 -0.999597 -0.0209744 0.0191369 -2.12067 0.0190243 0.00555582 0.999804 -115.064 0 0 0 1 
				12
				-0.0238534 0.999699 -0.00565781 -18.5374 -0.999459 -0.0237186 0.0227958 -1.28418 0.0226548 0.0061985 0.999724 -113.082 0 0 0 1 
				13
				-0.0266177 0.999626 -0.0062263 -18.5207 -0.9993 -0.0264442 0.0264566 -0.460775 0.0262821 0.00692616 0.999631 -111.085 0 0 0 1 
				14
				-0.0293686 0.999545 -0.00685921 -18.5013 -0.999121 -0.0291494 0.0301208 0.348474 0.0299072 0.00773778 0.999523 -109.202 0 0 0 1 
				15
				-0.032104 0.999456 -0.00755601 -18.4792 -0.998922 -0.0318314 0.0337889 1.14254 0.03353 0.00863262 0.9994 -107.559 0 0 0 1 
		</Joint>
			13
				-1
				2.15714e-06 4.11459e-06 -1 -0.0190235 2.70187e-07 -1 -4.11459e-06 -0.00225435 -1 -2.70178e-07 -2.15714e-06 -142.362 0 0 0 1 
				0
				2.06087e-06 5.22582e-05 -1 -0.0166336 2.38021e-07 -1 -5.22582e-05 -0.00198482 -1 -2.37913e-07 -2.06088e-06 -143.468 0 0 0 1 
				1
				1.96458e-06 -5.48114e-06 -1 -0.0142437 2.05777e-07 -1 5.48114e-06 -0.0017153 -1 -2.05788e-07 -1.96458e-06 -144.786 0 0 0 1 
				2
				1.87631e-06 -1.42368e-06 -1 -0.0118537 0 -1 1.42368e-06 -0.00144582 -1 -2.67127e-12 -1.87631e-06 -146.188 0 0 0 1 
				3
				1.77755e-06 -1.55684e-06 -1 -0.00946383 0 -1 1.55684e-06 -0.00117632 -1 -2.76737e-12 -1.77755e-06 -147.547 0 0 0 1 
				4
				1.67923e-06 -1.55684e-06 -1 -0.00707392 0 -1 1.55684e-06 -0.000906811 -1 -2.61429e-12 -1.67923e-06 -148.737 0 0 0 1 
				5
				1.58123e-06 -1.42368e-06 -1 -0.00468401 0 -1 1.42368e-06 -0.000637262 -1 -2.25117e-12 -1.58123e-06 -149.635 0 0 0 1 
				6
				1.48375e-06 -1.42368e-06 -1 -0.0022941 0 -1 1.42368e-06 -0.000367686 -1 -2.11239e-12 -1.48375e-06 -150.112 0 0 0 1 
				7
				1.38685e-06 -1.42368e-06 -1 9.5811e-05 0 -1 1.42368e-06 -9.80557e-05 -1 -1.97444e-12 -1.38685e-06 -150.04 0 0 0 1 
				8
				1.38685e-06 -1.42368e-06 -1 9.5811e-05 0 -1 1.42368e-06 -9.80105e-05 -1 -1.97444e-12 -1.38685e-06 -149.34 0 0 0 1 
				9
				1.38685e-06 -1.42368e-06 -1 9.5811e-05 0 -1 1.42368e-06 -9.79156e-05 -1 -1.97444e-12 -1.38685e-06 -148.091 0 0 0 1 
				10
				1.38685e-06 -1.55684e-06 -1 9.5811e-05 0 -1 1.55684e-06 -9.77832e-05 -1 -2.15911e-12 -1.38685e-06 -146.422 0 0 0 1 
				11
				1.38685e-06 -1.42368e-06 -1 9.5811e-05 0 -1 1.42368e-06 -9.76274e-05 -1 -1.97444e-12 -1.38685e-06 -144.46 0 0 0 1 
				12
				1.38685e-06 -1.55684e-06 -1 9.5811e-05 0 -1 1.55684e-06 -9.74616e-05 -1 -2.15911e-12 -1.38685e-06 -142.33 0 0 0 1 
				13
				1.38685e-06 -1.42368e-06 -1 9.5811e-05 0 -1 1.42368e-06 -9.72815e-05 -1 -1.97444e-12 -1.38685e-06 -140.156 0 0 0 1 
				14
				1.38685e-06 -1.42368e-06 -1 9.5811e-05 0 -1 1.42368e-06 -9.71169e-05 -1 -1.97444e-12 -1.38685e-06 -138.066 0 0 0 1 
				15
				1.38685e-06 -1.42368e-06 -1 9.5811e-05 0 -1 1.42368e-06 -9.69618e-05 -1 -1.97444e-12 -1.38685e-06 -136.188 0 0 0 1 
		</Joint>
			14
		</Joint>
			15
				-1
				-1.37138e-06 1.17224e-06 1 8.26481 -0.0015074 -0.999999 1.17017e-06 8.31925e-06 0.999999 -0.0015074 1.37314e-06 -73.2738 0 0 0 1 
				0
				0.0115653 0.0586249 0.998213 8.26481 -0.0343491 -0.997667 0.0589908 9.30535e-06 0.999343 -0.0349699 -0.00952463 -74.3798 0 0 0 1 
				1
				0.0254572 0.122186 0.992181 8.26481 -0.0734041 -0.989595 0.123751 8.075e-06 0.996977 -0.0759805 -0.0162233 -75.6981 0 0 0 1 
				2
				0.0421218 0.186768 0.981501 8.2648 -0.114075 -0.975049 0.190436 9.03147e-06 0.992579 -0.119986 -0.0197652 -77.1006 0 0 0 1 
				3
				0.0611638 0.248631 0.966665 8.26481 -0.151902 -0.954879 0.25521 7.79163e-06 0.986501 -0.162448 -0.0206364 -78.4589 0 0 0 1 
				4
				0.0814357 0.304541 0.949012 8.26481 -0.182874 -0.931443 0.314596 7.67945e-06 0.979758 -0.199169 -0.0201601 -79.649 0 0 0 1 
				5
				0.101207 0.351806 0.930586 8.2648 -0.203395 -0.908314 0.365507 8.67662e-06 0.973852 -0.226269 -0.0203717 -80.5468 0 0 0 1 
				6
				0.118362 0.388181 0.913951 8.26481 -0.210155 -0.889777 0.405131 8.60855e-06 0.970477 -0.240023 -0.0237378 -81.0241 0 0 0 1 
				7
				0.130827 0.411717 0.901872 8.26481 -0.200051 -0.880015 0.430759 8.6075e-06 0.971012 -0.236776 -0.0327654 -80.9526 0 0 0 1 
				8
				0.141092 0.420406 0.896299 8.26481 -0.146624 -0.886497 0.43889 8.64656e-06 0.979078 -0.193343 -0.0634356 -80.2524 0 0 0 1 
				9
				0.146271 0.417028 0.897047 8.26481 -0.0832136 -0.898399 0.431225 8.74458e-06 0.985738 -0.137722 -0.0967074 -79.0034 0 0 0 1 
				10
				0.148418 0.404388 0.902465 8.26481 -0.0165233 -0.91143 0.411123 7.77498e-06 0.988787 -0.0759297 -0.128591 -77.334 0 0 0 1 
				11
				0.149011 0.385214 0.910717 8.26481 0.0492375 -0.922748 0.382246 9.03105e-06 0.987609 -0.0121174 -0.156466 -75.3721 0 0 0 1 
				12
				0.147694 0.362773 0.920099 8.26481 0.114789 -0.930302 0.34837 8.10258e-06 0.982349 0.0541655 -0.179042 -73.2421 0 0 0 1 
				13
				0.145236 0.340029 0.929132 8.26481 0.177734 -0.932779 0.313581 9.37189e-06 0.973302 0.119595 -0.195908 -71.068 0 0 0 1 
				14
				0.142586 0.320025 0.936618 8.26481 0.234447 -0.930277 0.282168 9.54884e-06 0.961615 0.179354 -0.207674 -68.978 0 0 0 1 
				15
				0.140951 0.305598 0.94167 8.26481 0.279282 -0.924808 0.258322 9.69765e-06 0.949807 0.226581 -0.2157 -67.1003 0 0 0 1 
		</Joint>
			16
				-1
				-1.3751e-06 1.16749e-06 1 8.26476 0.00167597 -0.999999 1.1698e-06 -0.0543422 0.999999 0.00167597 1.37314e-06 -37.218 0 0 0 1 
				0
				0.00722598 0.0593163 0.998213 8.6818 0.0390578 -0.997494 0.0589908 -1.23848 0.999211 0.0385618 -0.00952463 -38.3476 0 0 0 1 
				1
				0.00734642 0.124594 0.992181 9.18269 0.0718536 -0.989708 0.123751 -2.64664 0.997388 0.0703826 -0.0162233 -39.7512 0 0 0 1 
				2
				0.000251696 0.191459 0.981501 9.78354 0.101951 -0.976391 0.190436 -4.11306 0.994789 0.100017 -0.0197652 -41.3123 0 0 0 1 
				3
				-0.0134983 0.255687 0.966665 10.4701 0.131281 -0.957931 0.255211 -5.47696 0.991253 0.130349 -0.0206364 -42.8897 0 0 0 1 
				4
				-0.0327452 0.313536 0.949012 11.201 0.161981 -0.935303 0.314596 -6.59367 0.98625 0.164023 -0.0201601 -44.323 0 0 0 1 
				5
				-0.0558135 0.361795 0.930586 11.9139 0.19666 -0.909796 0.365507 -7.33359 0.978882 0.203409 -0.0203717 -45.4337 0 0 0 1 
				6
				-0.0805856 0.397744 0.913951 12.5325 0.238502 -0.882602 0.405131 -7.57731 0.967793 0.250627 -0.0237378 -46.0327 0 0 0 1 
				7
				-0.104437 0.41919 0.901872 12.9819 0.290995 -0.854265 0.430759 -7.21302 0.951007 0.307428 -0.0327654 -45.9419 0 0 0 1 
				8
				-0.124142 0.42572 0.896299 13.352 0.385664 -0.811566 0.43889 -5.28665 0.914249 0.400155 -0.0634356 -44.9509 0 0 0 1 
				9
				-0.134136 0.421088 0.897046 13.5387 0.474176 -0.767595 0.431225 -3.00033 0.870152 0.4832 -0.0967074 -43.4618 0 0 0 1 
				10
				-0.138051 0.408043 0.902465 13.6161 0.558808 -0.720217 0.411123 -0.595753 0.817726 0.56106 -0.128591 -41.6824 0 0 0 1 
				11
				-0.1385 0.389117 0.910717 13.6375 0.639518 -0.667011 0.382247 1.77531 0.756197 0.635361 -0.156466 -39.763 0 0 0 1 
				12
				-0.136235 0.36723 0.920099 13.59 0.713201 -0.608262 0.34837 4.13884 0.687593 0.703676 -0.179042 -37.8227 0 0 0 1 
				13
				-0.133184 0.344928 0.929132 13.5014 0.778114 -0.544248 0.313581 6.40836 0.613841 0.764735 -0.195908 -35.9748 0 0 0 1 
				14
				-0.131361 0.324794 0.936618 13.4059 0.832344 -0.477059 0.282168 8.45319 0.538468 0.816654 -0.207674 -34.3061 0 0 0 1 
				15
				-0.132671 0.309282 0.94167 13.3469 0.873987 -0.411603 0.258322 10.0698 0.467488 0.857279 -0.215701 -32.8542 0 0 0 1 
		</Joint>
			17
				-1
				-1.89481e-06 -0.000100585 1 8.26471 1.77096e-06 -1 -0.000100585 0.00608622 1 1.77077e-06 1.89499e-06 -1.16214 0 0 0 1 
				0
				-0.000213254 -0.0115134 0.999934 8.94234 -0.00420115 -0.999925 -0.0115142 0.169789 0.999991 -0.00420333 0.000164869 -2.3202 0 0 0 1 
				1
				-0.000823048 -0.0238768 0.999715 9.44757 -0.0144291 -0.999611 -0.0238862 -0.0558974 0.999895 -0.0144446 0.000478207 -3.78955 0 0 0 1 
				2
				-0.00171009 -0.0365656 0.99933 9.79262 -0.0270306 -0.998964 -0.0365985 -0.437118 0.999633 -0.0270751 0.000719926 -5.44425 0 0 0 1 
				3
				-0.00267012 -0.049064 0.998792 9.98343 -0.0383684 -0.998055 -0.0491304 -0.74352 0.99926 -0.0384533 0.000782422 -7.14924 0 0 0 1 
				4
				-0.00340093 -0.0608826 0.998139 10.0204 -0.0449292 -0.997128 -0.060974 -0.753321 0.998984 -0.045053 0.00065575 -8.76289 0 0 0 1 
				5
				-0.00350812 -0.0715444 0.997431 9.90149 -0.0432007 -0.996495 -0.0716292 -0.242833 0.99906 -0.043341 0.000405057 -10.1393 0 0 0 1 
				6
				-0.00255763 -0.0805373 0.996748 9.62688 -0.0295779 -0.996309 -0.0805777 1.02209 0.999559 -0.0296878 0.000166064 -11.1381 0 0 0 1 
				7
				-0.000120671 -0.0874756 0.996167 9.21633 -0.000448952 -0.996167 -0.0874756 3.27907 1 -0.000457787 8.0936e-05 -11.6526 0 0 0 1 
				8
				0.00297736 -0.0620891 0.998066 8.87595 0.03932 -0.997291 -0.0621583 8.6188 0.999222 0.039429 -0.000527949 -11.9868 0 0 0 1 
				9
