<?xml version='1.0' encoding='UTF-8' ?>
<itpanim>
	<skeleton count>
		25
			0 -1
			1.37091e-06 -1 -6.12323e-17 1.44898e-05 1 1.37091e-06 -6.12323e-17 -1.98691e-11 6.12323e-17 -6.12323e-17 1 80.8015 0 0 0 1 
			1 0
			1.3868e-06 4.78456e-08 -1 -80.8015 2.75771e-06 -1 -4.78418e-08 1.44901e-05 -1 -2.75771e-06 -1.3868e-06 -0.000112056 0 0 0 1 
			2 1
			1.40269e-06 -0.000796318 -1 -90.1364 0 -1 0.000796318 0.0931538 -1 -1.11699e-09 -1.40269e-06 -2.58351e-07 0 0 0 1 
			3 2
			1.40269e-06 -0.000796318 -1 -116.969 0 -1 0.000796318 0.11452 -1 -1.11699e-09 -1.40269e-06 -3.17612e-07 0 0 0 1 
			4 3
			1.40269e-06 -0.000796318 -1 -143.801 0 -1 0.000796318 0.119367 -1 -1.11699e-09 -1.40269e-06 -3.31058e-07 0 0 0 1 
			5 4
			1 1.37091e-06 4.37113e-08 -2.89267 -1.37091e-06 1 3.58059e-15 -8.20407e-06 -4.37113e-08 -6.35048e-14 1 143.801 0 0 0 1 
			6 5
			0.995014 0.0902305 0.042489 -10.1726 -0.0897157 0.995871 -0.0138741 -0.527027 -0.0435655 0.00999304 0.999001 144.37 0 0 0 1 
			7 6
			0.994845 -0.0912189 0.0442967 -37.2146 0.0915704 0.995781 -0.00596753 -7.37347 -0.0435655 0.00999304 0.999001 144.37 0 0 0 1 
			8 7
			0.994845 -0.0912189 0.0442967 -64.9763 -0.0434925 0.0107859 0.998995 144.365 -0.091605 -0.995772 0.00676301 7.48842 0 0 0 1 
			9 4
			-1 -1.37091e-06 4.37114e-08 -2.89267 -1.37091e-06 1 3.84662e-15 -8.20407e-06 -4.37115e-08 -5.60777e-14 -1 -143.801 0 0 0 1 
			10 9
			-0.995014 0.0902277 0.042489 -10.1726 0.089713 0.995871 -0.0138741 -0.527027 -0.0435654 -0.00999316 -0.999001 -144.37 0 0 0 1 
			11 10
			-0.994845 -0.0912216 0.0442967 -37.2146 -0.0915731 0.99578 -0.00596753 -7.37347 -0.0435654 -0.00999316 -0.999001 -144.37 0 0 0 1 
			12 11
			-0.994845 -0.0912216 0.0442967 -64.9763 0.0434925 0.0107861 0.998995 144.365 -0.0916078 0.995772 -0.00676301 -7.48842 0 0 0 1 
			13 4
			1.34309e-06 -5.95475e-08 -1 -149.889 -1.40269e-06 -1 5.95456e-08 7.93768e-06 -1 1.40269e-06 -1.34309e-06 -0.000201315 0 0 0 1 
			14 13
			1 -0 0 0 0 1 0 0 -0 -0 1 -0 0 0 0 1 
			15 2
			1.37369e-06 -0.0998334 0.995004 80.3979 0 -0.995004 -0.0998334 -8.06668 1 1.3714e-07 -1.36683e-06 -8.2648 0 0 0 1 
			16 15
			1.37369e-06 0.0998334 0.995004 45.0607 0 -0.995004 0.0998334 0.903508 1 -1.3714e-07 -1.36683e-06 -8.2648 0 0 0 1 
			17 16
			1.3716e-06 -6.00745e-14 1 9.05003 0 -1 -6.00745e-14 1.19116e-05 1 8.23984e-20 -1.3716e-06 -8.2648 0 0 0 1 
			18 17
			1.3723e-06 -1 -6.00133e-14 -12.2319 0 6.00133e-14 -1 -0.75718 1 1.3723e-06 8.23562e-20 -8.2648 0 0 0 1 
			19 18
			1 -0 0 0 0 1 0 0 -0 -0 1 -0 0 0 0 1 
			20 2
			1.37369e-06 -0.0998334 0.995004 80.3979 0 -0.995004 -0.0998334 -8.06668 1 1.3714e-07 -1.36683e-06 8.26481 0 0 0 1 
			21 20
			1.37369e-06 0.0998334 0.995004 45.0607 0 -0.995004 0.0998334 0.903507 1 -1.3714e-07 -1.36683e-06 8.26481 0 0 0 1 
			22 21
			1.3716e-06 -6.00745e-14 1 9.05003 0 -1 -6.00745e-14 1.19116e-05 1 8.23984e-20 -1.3716e-06 8.26481 0 0 0 1 
			23 22
			1.3723e-06 -1 5.98908e-14 -12.2319 0 -5.98908e-14 -1 -0.75718 1 1.3723e-06 -8.21882e-20 8.26481 0 0 0 1 
			24 23
			1 -0 0 0 0 1 0 0 -0 -0 1 -0 0 0 0 1 
	</skeleton>
		<animations>
			33
			0
				-1
				1.33158e-06 1 0 0 -1 1.33158e-06 0 9.75445e-07 -0 -0 1 -82.9058 0 0 0 1 
				0
				-0.030499 0.999535 9.0778e-36 1.01637 -0.999535 -0.030499 -1.2332e-32 -7.01667 -1.2326e-32 -3.85186e-34 1 -79.6643 0 0 0 1 
				1
				-0.0672385 0.997737 0 2.10878 -0.997737 -0.0672385 -0 -14.5583 -0 -0 1 -76.1803 0 0 0 1 
				2
				-0.106362 0.994327 0 3.23131 -0.994327 -0.106362 -0 -22.3078 -0 -0 1 -72.6003 0 0 0 1 
				3
				-0.144031 0.989573 0 4.33806 -0.989573 -0.144031 -0 -29.9484 -0 -0 1 -69.0706 0 0 0 1 
				4
				-0.176596 0.984284 8.56342e-34 5.38455 -0.984284 -0.176596 -1.26764e-32 -37.1731 -1.2326e-32 -3.08149e-33 1 -65.733 0 0 0 1 
				5
				-0.200502 0.979693 5.47532e-34 6.32633 -0.979693 -0.200502 -1.26935e-32 -43.6748 -1.2326e-32 -3.08149e-33 1 -62.7294 0 0 0 1 
				6
				-0.212147 0.977238 3.96428e-34 7.11749 -0.977238 -0.212147 -1.26991e-32 -49.1366 -1.2326e-32 -3.08149e-33 1 -60.2062 0 0 0 1 
				7
				-0.20791 0.978148 0 7.7121 -0.978148 -0.20791 -0 -53.2416 -0 -0 1 -58.3098 0 0 0 1 
				8
				-0.182568 0.983193 0 8.0815 -0.983193 -0.182568 -0 -55.7918 -0 -0 1 -57.1317 0 0 0 1 
				9
				-0.136876 0.990588 0 8.25436 -0.990588 -0.136876 -0 -56.9852 -0 -0 1 -56.5804 0 0 0 1 
				10
				-0.0768279 0.997044 0 8.27659 -0.997044 -0.0768279 -0 -57.1387 -0 -0 1 -56.5095 0 0 0 1 
				11
				-0.00872534 0.999962 -1.12553e-35 8.19411 -0.999962 -0.00872534 -1.23263e-32 -56.5693 -1.2326e-32 -9.62965e-35 1 -56.7726 0 0 0 1 
				12
				0.0610512 0.998135 0 8.05138 -0.998135 0.0610512 0 -55.5839 -0 -0 1 -57.2278 0 0 0 1 
				13
				0.126065 0.992022 -1.55387e-33 7.89286 -0.992022 0.126065 1.22276e-32 -54.4895 1.2326e-32 -0 1 -57.7334 0 0 0 1 
				14
				0.179889 0.983687 3.73291e-33 7.76446 -0.983687 0.179889 -1.18477e-32 -53.6031 -1.2326e-32 -1.54074e-33 1 -58.1429 0 0 0 1 
				15
				0.216441 0.976296 1.16362e-33 7.7121 -0.976296 0.216441 -1.23673e-32 -53.2416 -1.2326e-32 1.54074e-33 1 -58.3098 0 0 0 1 
				16
				0.237829 0.971307 6.15995e-35 7.76446 -0.971307 0.237829 1.27052e-32 -53.6031 1.2326e-32 -3.08149e-33 1 -58.1429 0 0 0 1 
				17
				0.250645 0.968079 -2.98312e-33 7.89286 -0.968079 0.250645 -7.7236e-34 -54.4895 -0 3.08149e-33 1 -57.7334 0 0 0 1 
				18
				0.256176 0.96663 1.7895e-34 8.05138 -0.96663 0.256176 -1.2704e-32 -55.5839 -1.2326e-32 3.08149e-33 1 -57.2278 0 0 0 1 
				19
				0.255658 0.966767 0 8.19411 -0.966767 0.255658 0 -56.5693 -0 -0 1 -56.7726 0 0 0 1 
				20
				0.250259 0.968179 2.98343e-33 8.27659 -0.968179 0.250259 7.71169e-34 -57.1387 -0 -3.08149e-33 1 -56.5095 0 0 0 1 
				21
				0.241129 0.970493 0 8.25436 -0.970493 0.241129 0 -56.9852 -0 -0 1 -56.5804 0 0 0 1 
				22
				0.229458 0.973319 0 8.0815 -0.973319 0.229458 0 -55.7918 -0 -0 1 -57.1317 0 0 0 1 
				23
				0.216441 0.976296 1.16362e-33 7.7121 -0.976296 0.216441 -1.23673e-32 -53.2416 -1.2326e-32 1.54074e-33 1 -58.3098 0 0 0 1 
				24
				0.199989 0.979798 1.50962e-33 7.11749 -0.979798 0.199989 3.08131e-34 -49.1366 -0 -1.54074e-33 1 -60.2062 0 0 0 1 
				25
				0.178012 0.984028 -8.38105e-34 6.32633 -0.984028 0.178012 -1.26776e-32 -43.6748 -1.2326e-32 3.08149e-33 1 -62.7294 0 0 0 1 
				26
				0.151735 0.988421 1.5229e-33 5.38455 -0.988421 0.151735 2.33785e-34 -37.1731 -0 -1.54074e-33 1 -65.733 0 0 0 1 
				27
				0.122412 0.992479 -2.03122e-35 4.33806 -0.992479 0.122412 -1.24219e-32 -29.9484 -1.2326e-32 1.54074e-33 1 -69.0706 0 0 0 1 
				28
				0.0912838 0.995825 7.67156e-34 3.23131 -0.995825 0.0912838 7.03224e-35 -22.3078 -0 -7.70372e-34 1 -72.6003 0 0 0 1 
				29
				0.0596208 0.998221 -3.41189e-35 2.10878 -0.998221 0.0596208 -1.235e-32 -14.5583 -1.2326e-32 7.70372e-34 1 -76.1803 0 0 0 1 
				30
				0.0287493 0.999587 -3.06648e-35 1.01637 -0.999587 0.0287493 -1.23319e-32 -7.01666 -1.2326e-32 3.85186e-34 1 -79.6643 0 0 0 1 
				31
				1.33158e-06 1 0 0 -1 1.33158e-06 0 9.75445e-07 -0 -0 1 -82.9058 0 0 0 1 
		</Joint>
			1
				-1
				1.33158e-06 2.66316e-06 -1 0 0 -1 -2.66316e-06 9.75445e-07 -1 3.54621e-12 -1.33158e-06 -82.9058 0 0 0 1 
				0
				1.33158e-06 -0.0304977 -0.999535 1.01637 0 -0.999535 0.0304977 -7.01667 -1 -4.06101e-08 -1.33096e-06 -79.6643 0 0 0 1 
				1
				1.33158e-06 -0.0672372 -0.997737 2.10878 0 -0.997737 0.0672372 -14.5583 -1 -8.95317e-08 -1.32857e-06 -76.1803 0 0 0 1 
				2
				1.33158e-06 -0.106361 -0.994328 3.23131 0 -0.994328 0.106361 -22.3078 -1 -1.41628e-07 -1.32403e-06 -72.6003 0 0 0 1 
				3
				1.33158e-06 -0.14403 -0.989573 4.33806 0 -0.989573 0.14403 -29.9484 -1 -1.91787e-07 -1.3177e-06 -69.0706 0 0 0 1 
				4
				1.33158e-06 -0.176595 -0.984284 5.38455 0 -0.984284 0.176595 -37.1731 -1 -2.3515e-07 -1.31065e-06 -65.733 0 0 0 1 
				5
				1.33158e-06 -0.200501 -0.979694 6.32633 0 -0.979694 0.200501 -43.6748 -1 -2.66983e-07 -1.30454e-06 -62.7294 0 0 0 1 
				6
				1.33158e-06 -0.212146 -0.977238 7.11749 0 -0.977238 0.212146 -49.1366 -1 -2.8249e-07 -1.30127e-06 -60.2062 0 0 0 1 
				7
				1.33158e-06 -0.207909 -0.978148 7.7121 0 -0.978148 0.207909 -53.2416 -1 -2.76848e-07 -1.30248e-06 -58.3098 0 0 0 1 
				8
				1.33158e-06 -0.182567 -0.983193 8.0815 0 -0.983193 0.182567 -55.7918 -1 -2.43103e-07 -1.3092e-06 -57.1317 0 0 0 1 
				9
				1.33158e-06 -0.136875 -0.990588 8.25436 0 -0.990588 0.136875 -56.9852 -1 -1.8226e-07 -1.31905e-06 -56.5804 0 0 0 1 
				10
				1.33158e-06 -0.0768266 -0.997044 8.27659 0 -0.997044 0.0768266 -57.1387 -1 -1.02301e-07 -1.32764e-06 -56.5095 0 0 0 1 
				11
				1.33158e-06 -0.00872401 -0.999962 8.19411 0 -0.999962 0.00872401 -56.5693 -1 -1.16167e-08 -1.33153e-06 -56.7726 0 0 0 1 
				12
				1.33158e-06 0.0610525 -0.998134 8.05138 0 -0.998134 -0.0610525 -55.5839 -1 8.12963e-08 -1.3291e-06 -57.2278 0 0 0 1 
				13
				1.33158e-06 0.126066 -0.992022 7.89286 0 -0.992022 -0.126066 -54.4895 -1 1.67867e-07 -1.32096e-06 -57.7334 0 0 0 1 
				14
				1.33158e-06 0.17989 -0.983687 7.76446 0 -0.983687 -0.17989 -53.6031 -1 2.39538e-07 -1.30986e-06 -58.1429 0 0 0 1 
				15
				1.33158e-06 0.216442 -0.976295 7.7121 0 -0.976295 -0.216442 -53.2416 -1 2.8821e-07 -1.30002e-06 -58.3098 0 0 0 1 
				16
				1.33158e-06 0.23783 -0.971307 7.76446 0 -0.971307 -0.23783 -53.6031 -1 3.1669e-07 -1.29337e-06 -58.1429 0 0 0 1 
				17
				1.33158e-06 0.250647 -0.968079 7.89286 0 -0.968079 -0.250647 -54.4895 -1 3.33756e-07 -1.28907e-06 -57.7334 0 0 0 1 
				18
				1.33158e-06 0.256177 -0.96663 8.05138 0 -0.96663 -0.256177 -55.5839 -1 3.4112e-07 -1.28715e-06 -57.2278 0 0 0 1 
				19
				1.33158e-06 0.255659 -0.966767 8.19411 0 -0.966767 -0.255659 -56.5693 -1 3.40431e-07 -1.28733e-06 -56.7726 0 0 0 1 
				20
				1.33158e-06 0.25026 -0.968179 8.27659 0 -0.968179 -0.25026 -57.1387 -1 3.33241e-07 -1.28921e-06 -56.5095 0 0 0 1 
				21
				1.33158e-06 0.24113 -0.970493 8.25436 0 -0.970493 -0.24113 -56.9852 -1 3.21085e-07 -1.29229e-06 -56.5804 0 0 0 1 
				22
				1.33158e-06 0.229459 -0.973318 8.0815 0 -0.973318 -0.229459 -55.7918 -1 3.05543e-07 -1.29605e-06 -57.1317 0 0 0 1 
				23
				1.33158e-06 0.216442 -0.976295 7.7121 0 -0.976295 -0.216442 -53.2416 -1 2.8821e-07 -1.30002e-06 -58.3098 0 0 0 1 
				24
				1.33158e-06 0.19999 -0.979798 7.11749 0 -0.979798 -0.19999 -49.1366 -1 2.66303e-07 -1.30468e-06 -60.2062 0 0 0 1 
				25
				1.33158e-06 0.178013 -0.984028 6.32633 0 -0.984028 -0.178013 -43.6748 -1 2.37039e-07 -1.31031e-06 -62.7294 0 0 0 1 
				26
				1.33158e-06 0.151737 -0.988421 5.38455 0 -0.988421 -0.151737 -37.1731 -1 2.0205e-07 -1.31616e-06 -65.733 0 0 0 1 
				27
				1.33158e-06 0.122413 -0.992479 4.33806 0 -0.992479 -0.122413 -29.9484 -1 1.63003e-07 -1.32157e-06 -69.0706 0 0 0 1 
				28
				1.33158e-06 0.0912851 -0.995825 3.23131 0 -0.995825 -0.0912851 -22.3078 -1 1.21553e-07 -1.32602e-06 -72.6003 0 0 0 1 
				29
				1.33158e-06 0.0596221 -0.998221 2.10878 0 -0.998221 -0.0596221 -14.5583 -1 7.93916e-08 -1.32921e-06 -76.1803 0 0 0 1 
				30
				1.33158e-06 0.0287506 -0.999587 1.01637 0 -0.999587 -0.0287506 -7.01666 -1 3.82837e-08 -1.33103e-06 -79.6643 0 0 0 1 
				31
				1.33158e-06 2.66316e-06 -1 0 0 -1 -2.66316e-06 9.75445e-07 -1 3.54621e-12 -1.33158e-06 -82.9058 0 0 0 1 
		</Joint>
			2
				-1
				-0.000201565 -1.28234e-06 -1 1.29152e-05 -0.0008487 -1 1.45341e-06 0.0213505 -1 0.0008487 0.000201564 -92.2407 0 0 0 1 
				0
				-0.00625441 -0.0545198 -0.998493 1.01755 -0.0189361 -0.998327 0.0546293 -6.99535 -0.999801 0.0192492 0.00521155 -88.9996 0 0 0 1 
				1
				-0.0144322 -0.116178 -0.993123 2.11127 -0.0372733 -0.992474 0.116643 -14.5371 -0.999201 0.0387004 0.00999324 -85.5161 0 0 0 1 
				2
				-0.024718 -0.180095 -0.983339 3.23517 -0.0550639 -0.981901 0.181216 -22.2869 -0.998177 0.0586258 0.0143539 -81.9364 0 0 0 1 
				3
				-0.0366665 -0.241481 -0.969713 4.34323 -0.0716755 -0.967231 0.243573 -29.9278 -0.996754 0.0784356 0.0181567 -78.4071 0 0 0 1 
				4
				-0.0494645 -0.295971 -0.953916 5.39089 -0.086742 -0.950203 0.299317 -37.1528 -0.995002 0.0975501 0.0213282 -75.07 0 0 0 1 
				5
				-0.0620031 -0.339605 -0.938522 6.3336 -0.100194 -0.933463 0.344394 -43.6549 -0.993034 0.115387 0.0238513 -72.0668 0 0 0 1 
				6
				-0.0729485 -0.368686 -0.926687 7.12537 -0.112227 -0.920227 0.37495 -49.117 -0.991001 0.131352 0.0257526 -69.5439 0 0 0 1 
				7
				-0.0808545 -0.379702 -0.921569 7.72023 -0.123204 -0.913698 0.387268 -53.2221 -0.989082 0.144854 0.0270958 -67.6478 0 0 0 1 
				8
				-0.0818599 -0.374382 -0.923654 8.08951 -0.13067 -0.914733 0.382347 -55.7723 -0.988041 0.151993 0.0259594 -66.4699 0 0 0 1 
				9
				-0.0753304 -0.349444 -0.933924 8.26184 -0.133631 -0.924599 0.356733 -56.9655 -0.988164 0.151674 0.0229538 -65.9186 0 0 0 1 
				10
				-0.0650869 -0.29252 -0.954042 8.28286 -0.134696 -0.944744 0.298859 -57.1185 -0.988747 0.147957 0.0220892 -65.8476 0 0 0 1 
				11
				-0.0546684 -0.189917 -0.980277 8.19818 -0.136851 -0.971056 0.195762 -56.5485 -0.989082 0.144854 0.0270958 -66.1106 0 0 0 1 
				12
				-0.0449046 -0.0159326 -0.998864 8.05173 -0.140337 -0.989857 0.0220979 -55.5627 -0.989085 0.14117 0.0422132 -66.5657 0 0 0 1 
				13
				-0.0355258 0.204278 -0.978268 7.88851 -0.142953 -0.969858 -0.197331 -54.4688 -0.989092 0.132836 0.0636573 -67.0711 0 0 0 1 
				14
				-0.027576 0.399949 -0.916122 7.75593 -0.144637 -0.908423 -0.392234 -53.5837 -0.9891 0.121689 0.082898 -67.4804 0 0 0 1 
				15
				-0.0221005 0.513094 -0.858048 7.70116 -0.145531 -0.850767 -0.504992 -53.2235 -0.989107 0.113712 0.0934735 -67.6472 0 0 0 1 
				16
				-0.0188283 0.560519 -0.827928 7.7525 -0.146958 -0.820632 -0.552237 -53.5856 -0.988964 0.111273 0.0978237 -67.4801 0 0 0 1 
				17
				-0.0166881 0.58798 -0.808703 7.88031 -0.149611 -0.801179 -0.579422 -54.4724 -0.988604 0.111321 0.101338 -67.0706 0 0 0 1 
				18
				-0.0155687 0.599409 -0.800291 8.03859 -0.15269 -0.792426 -0.590548 -55.5669 -0.988151 0.113003 0.103861 -66.5651 0 0 0 1 
				19
				-0.0154394 0.59797 -0.80137 8.18135 -0.155375 -0.793165 -0.588853 -56.5523 -0.987735 0.115421 0.105155 -66.11 0 0 0 1 
				20
				-0.0162447 0.586235 -0.809978 8.26408 -0.156849 -0.80155 -0.576989 -57.1216 -0.987489 0.117671 0.104971 -65.8469 0 0 0 1 
				21
				-0.0178335 0.566544 -0.823839 8.24227 -0.156279 -0.815422 -0.557373 -56.9678 -0.987552 0.118808 0.10308 -65.9179 0 0 0 1 
				22
				-0.0199212 0.54131 -0.840587 8.06995 -0.152795 -0.832526 -0.532498 -55.7741 -0.988057 0.117829 0.0992943 -66.4691 0 0 0 1 
				23
				-0.0221006 0.513094 -0.858048 7.70116 -0.145531 -0.850767 -0.504992 -53.2235 -0.989107 0.113712 0.0934735 -67.6472 0 0 0 1 
				24
				-0.0243221 0.47704 -0.878545 7.10731 -0.133881 -0.872443 -0.47002 -49.118 -0.990699 0.106189 0.0850863 -69.5434 0 0 0 1 
				25
				-0.0262481 0.427754 -0.903514 6.31721 -0.118334 -0.8988 -0.422084 -43.6556 -0.992627 0.0958375 0.0742096 -72.0664 0 0 0 1 
				26
				-0.0270012 0.367342 -0.929694 5.37672 -0.0998547 -0.926372 -0.36313 -37.1533 -0.994636 0.0830294 0.061694 -75.0697 0 0 0 1 
				27
				-0.0258846 0.298329 -0.954112 4.3317 -0.0795044 -0.952023 -0.295519 -29.9281 -0.996498 0.0682067 0.0483612 -78.4069 0 0 0 1 
				28
				-0.0225011 0.223621 -0.974416 3.22655 -0.0583768 -0.973294 -0.222015 -22.2871 -0.998041 0.0518877 0.0349545 -81.9363 0 0 0 1 
				29
				-0.0168067 0.146539 -0.989062 2.10566 -0.0375635 -0.988596 -0.145832 -14.5372 -0.999153 0.0347017 0.0221195 -85.516 0 0 0 1 
				30
				-0.00914142 0.0707563 -0.997452 1.01487 -0.0180987 -0.997342 -0.0705826 -6.99537 -0.999794 0.0174073 0.0103977 -88.9996 0 0 0 1 
				31
				-0.000201565 -1.28234e-06 -1 1.29152e-05 -0.0008487 -1 1.45341e-06 0.0213505 -1 0.0008487 0.000201564 -92.2407 0 0 0 1 
		</Joint>
			3
				-1
				-0.000413965 -1.06196e-06 -1 -0.0053956 -0.000821564 -1 1.40205e-06 0.0199438 -1 0.000821565 0.000413964 -119.073 0 0 0 1 
				0
				-0.012924 -0.0783871 -0.996839 0.851402 -0.0368339 -0.996209 0.078815 -7.48217 -0.999238 0.0377361 0.00998772 -115.827 0 0 0 1 
				1
				-0.0305749 -0.164248 -0.985945 1.72753 -0.0728598 -0.983416 0.166087 -15.5162 -0.996873 0.0769138 0.0181007 -112.329 0 0 0 1 
				2
				-0.0532703 -0.251253 -0.966454 2.5773 -0.107056 -0.960814 0.255687 -23.7438 -0.992825 0.117085 0.0242849 -108.722 0 0 0 1 
				3
				-0.0799269 -0.333334 -0.939415 3.3665 -0.137989 -0.929656 0.341611 -31.8311 -0.987204 0.156933 0.0283081 -105.156 0 0 0 1 
				4
				-0.108659 -0.405345 -0.907683 4.0723 -0.164924 -0.893084 0.418569 -39.4612 -0.980303 0.19518 0.0301908 -101.772 0 0 0 1 
				5
				-0.137004 -0.463225 -0.875587 4.67981 -0.187921 -0.855716 0.482117 -46.325 -0.972582 0.230593 0.0301871 -98.7172 0 0 0 1 
				6
				-0.162129 -0.503876 -0.848424 5.17876 -0.20779 -0.823088 0.528536 -52.1107 -0.964644 0.261985 0.0287458 -96.1405 0 0 0 1 
				7
				-0.181082 -0.524934 -0.831657 5.56192 -0.225842 -0.800843 0.554658 -56.5109 -0.957186 0.288262 0.0264663 -94.1934 0 0 0 1 
				8
				-0.186575 -0.535702 -0.823537 5.90446 -0.237867 -0.788683 0.56692 -59.2616 -0.95321 0.301665 0.0197226 -92.9878 0 0 0 1 
				9
				-0.176624 -0.530538 -0.829056 6.25188 -0.243094 -0.792692 0.559057 -60.5342 -0.953787 0.300281 0.0110381 -92.4398 0 0 0 1 
				10
				-0.156906 -0.481577 -0.862244 6.54671 -0.247675 -0.825971 0.506388 -60.7151 -0.956053 0.293012 0.0103249 -92.3843 0 0 0 1 
				11
				-0.132421 -0.354733 -0.925542 6.73887 -0.25741 -0.889421 0.377718 -60.2016 -0.957186 0.288262 0.0264663 -92.6562 0 0 0 1 
				12
				-0.0999323 -0.0856715 -0.991299 6.84866 -0.272725 -0.955772 0.110094 -59.3079 -0.956888 0.281354 0.0721477 -93.1113 0 0 0 1 
				13
				-0.0593814 0.285154 -0.956641 6.92917 -0.284279 -0.92348 -0.257624 -58.2848 -0.956901 0.256654 0.135901 -93.6163 0 0 0 1 
				14
				-0.021402 0.600266 -0.799514 7.00318 -0.287881 -0.769527 -0.570046 -57.4482 -0.957427 0.217965 0.189275 -94.025 0 0 0 1 
				15
				0.00258964 0.757528 -0.652798 7.09196 -0.286842 -0.624805 -0.726182 -57.1151 -0.957974 0.189131 0.215673 -94.1913 0 0 0 1 
				16
				0.0143045 0.812806 -0.582359 7.22993 -0.287513 -0.554478 -0.780955 -57.517 -0.95767 0.178607 0.22576 -94.0202 0 0 0 1 
				17
				0.0222926 0.842523 -0.5382 7.41452 -0.291013 -0.509553 -0.809733 -58.4759 -0.956459 0.174674 0.233825 -93.601 0 0 0 1 
				18
				0.0268185 0.854222 -0.519216 7.60259 -0.296005 -0.489323 -0.820332 -59.6535 -0.95481 0.17569 0.239731 -93.0834 0 0 0 1 
				19
				0.0278897 0.852543 -0.521913 7.74886 -0.301 -0.49072 -0.817675 -60.7109 -0.953216 0.179901 0.24293 -92.6171 0 0 0 1 
				20
				0.025549 0.840162 -0.541733 7.81025 -0.304405 -0.509637 -0.804741 -61.3193 -0.9522 0.185467 0.242729 -92.3476 0 0 0 1 
				21
				0.0200744 0.818886 -0.573605 7.74626 -0.30447 -0.541463 -0.783655 -61.1495 -0.95231 0.190377 0.238457 -92.4203 0 0 0 1 
				22
				0.0120958 0.790557 -0.61227 7.51853 -0.299274 -0.581384 -0.756589 -59.8615 -0.95409 0.192388 0.229561 -92.9852 0 0 0 1 
				23
				0.00258962 0.757528 -0.652798 7.09196 -0.286842 -0.624805 -0.726182 -57.1151 -0.957974 0.189131 0.215673 -94.1913 0 0 0 1 
				24
				-0.00872485 0.713249 -0.700856 6.43945 -0.265884 -0.677307 -0.685974 -52.6959 -0.963965 0.180362 0.195551 -96.1301 0 0 0 1 
				25
				-0.020997 0.649177 -0.760347 5.59904 -0.236949 -0.742079 -0.627036 -46.8149 -0.971295 0.166998 0.169404 -98.7045 0 0 0 1 
				26
				-0.0313355 0.565959 -0.823837 4.64012 -0.201354 -0.810918 -0.549426 -39.8153 -0.979017 0.148666 0.139369 -101.761 0 0 0 1 
				27
				-0.037268 0.465846 -0.884081 3.6272 -0.160976 -0.87594 -0.454771 -32.0427 -0.986255 0.125367 0.107634 -105.148 0 0 0 1 
				28
				-0.03715 0.352884 -0.93493 2.61525 -0.118156 -0.930564 -0.346541 -23.8336 -0.9923 0.0975937 0.0762658 -108.718 0 0 0 1 
				29
				-0.0303923 0.232848 -0.972038 1.64972 -0.075521 -0.970242 -0.230057 -15.5243 -0.996681 0.0664173 0.0470728 -112.327 0 0 0 1 
				30
				-0.0175843 0.112785 -0.993464 0.767176 -0.0356853 -0.993055 -0.112107 -7.45978 -0.999208 0.0334808 0.0214869 -115.827 0 0 0 1 
				31
				-0.000413965 -1.06196e-06 -1 -0.0053956 -0.000821564 -1 1.40205e-06 0.0199438 -1 0.000821565 0.000413964 -119.073 0 0 0 1 
		</Joint>
			4
				-1
				-0.000413965 -1.06196e-06 -1 -0.0165033 -0.000821564 -1 1.40205e-06 0.00274692 -1 0.000821565 0.000413964 -145.906 0 0 0 1 
				0
				-0.012924 -0.0783871 -0.996839 0.505 -0.0368339 -0.996209 0.078815 -8.46568 -0.999238 0.0377361 0.00998771 -142.64 0 0 0 1 
				1
				-0.0305749 -0.164248 -0.985945 0.907931 -0.0728598 -0.983416 0.166087 -17.4664 -0.996873 0.0769138 0.0181007 -139.078 0 0 0 1 
				2
				-0.0532703 -0.251253 -0.966454 1.14914 -0.107056 -0.960814 0.255687 -26.6117 -0.992825 0.117085 0.0242848 -135.363 0 0 0 1 
				3
				-0.0799269 -0.333334 -0.939415 1.22349 -0.137989 -0.929656 0.341611 -35.5292 -0.987204 0.156933 0.0283081 -131.646 0 0 0 1 
				4
				-0.108659 -0.405345 -0.907683 1.15867 -0.164924 -0.893084 0.418569 -43.8822 -0.980303 0.19518 0.0301908 -128.077 0 0 0 1 
				5
				-0.137004 -0.463225 -0.875587 1.00589 -0.187921 -0.855716 0.482117 -51.3632 -0.972582 0.230593 0.0301871 -124.815 0 0 0 1 
				6
				-0.162129 -0.503876 -0.848424 0.830897 -0.20779 -0.823088 0.528536 -57.6822 -0.964644 0.261985 0.0287458 -122.025 0 0 0 1 
				7
				-0.181082 -0.524934 -0.831657 0.705606 -0.225842 -0.800843 0.554658 -62.5669 -0.957186 0.288262 0.0264663 -119.878 0 0 0 1 
				8
				-0.186575 -0.535702 -0.823537 0.900811 -0.237867 -0.788683 0.56692 -65.6404 -0.95321 0.301665 0.0197226 -118.566 0 0 0 1 
				9
				-0.176624 -0.530538 -0.829056 1.51521 -0.243094 -0.792692 0.559057 -67.0531 -0.953787 0.300281 0.0110381 -118.034 0 0 0 1 
				10
				-0.156906 -0.481577 -0.862244 2.33888 -0.247675 -0.825971 0.506388 -67.3568 -0.956053 0.293012 0.010325 -118.039 0 0 0 1 
				11
				-0.132421 -0.354733 -0.925542 3.18741 -0.25741 -0.889421 0.377718 -67.1042 -0.957186 0.288262 0.0264663 -118.341 0 0 0 1 
				12
				-0.0999323 -0.0856715 -0.991299 4.16766 -0.272725 -0.955772 0.110094 -66.6211 -0.956888 0.281354 0.0721477 -118.788 0 0 0 1 
				13
				-0.0593814 0.285154 -0.956641 5.33445 -0.284279 -0.92348 -0.257624 -65.9083 -0.956901 0.256654 0.135901 -119.293 0 0 0 1 
				14
				-0.021402 0.600266 -0.799514 6.426 -0.287882 -0.769527 -0.570046 -65.1691 -0.957427 0.217965 0.189275 -119.716 0 0 0 1 
				15
				0.00258962 0.757528 -0.652798 7.15777 -0.286842 -0.624805 -0.726182 -64.8087 -0.957974 0.189131 0.215673 -119.897 0 0 0 1 
				16
				0.0143045 0.812806 -0.582359 7.60981 -0.287513 -0.554478 -0.780955 -65.2289 -0.95767 0.178607 0.22576 -119.718 0 0 0 1 
				17
				0.0222926 0.842523 -0.5382 8.00861 -0.291013 -0.509553 -0.809733 -66.282 -0.956459 0.174674 0.233825 -119.266 0 0 0 1 
				18
				0.0268185 0.854222 -0.519216 8.31806 -0.296005 -0.489323 -0.820332 -67.5937 -0.95481 0.17569 0.239731 -118.704 0 0 0 1 
				19
				0.0278897 0.852543 -0.521913 8.49308 -0.301 -0.49072 -0.817675 -68.7851 -0.953216 0.179901 0.24293 -118.195 0 0 0 1 
				20
				0.025549 0.840162 -0.541733 8.49172 -0.304405 -0.509637 -0.804741 -69.4848 -0.9522 0.185467 0.242729 -117.898 0 0 0 1 
				21
				0.0200744 0.818886 -0.573605 8.28094 -0.30447 -0.541463 -0.783655 -69.3166 -0.95231 0.190377 0.238457 -117.974 0 0 0 1 
				22
				0.0120957 0.790557 -0.61227 7.83925 -0.299274 -0.581384 -0.756589 -67.8889 -0.95409 0.192388 0.229561 -118.587 0 0 0 1 
				23
				0.00258959 0.757528 -0.652798 7.15777 -0.286842 -0.624805 -0.726182 -64.8087 -0.957974 0.189131 0.215673 -119.897 0 0 0 1 
				24
				-0.00872483 0.713249 -0.700856 6.20188 -0.265884 -0.677307 -0.685974 -59.8269 -0.963965 0.180362 0.195551 -121.996 0 0 0 1 
				25
				-0.020997 0.649177 -0.760347 5.03249 -0.236949 -0.742079 -0.627036 -53.1692 -0.971295 0.166998 0.169404 -124.767 0 0 0 1 
				26
				-0.0313355 0.565959 -0.823837 3.79657 -0.201354 -0.810918 -0.549426 -45.2142 -0.979017 0.148666 0.139369 -128.031 0 0 0 1 
				27
				-0.037268 0.465846 -0.884081 2.62495 -0.160976 -0.87594 -0.454771 -36.3578 -0.986255 0.125367 0.107634 -131.612 0 0 0 1 
				28
				-0.03715 0.352884 -0.934929 1.61672 -0.118156 -0.930564 -0.346541 -26.9995 -0.9923 0.0975937 0.0762658 -135.344 0 0 0 1 
				29
				-0.0303923 0.232848 -0.972038 0.833094 -0.075521 -0.970242 -0.230057 -17.546 -0.996681 0.0664173 0.0470728 -139.071 0 0 0 1 
				30
				-0.0175843 0.112785 -0.993464 0.2948 -0.0356853 -0.993055 -0.112107 -8.41249 -0.999208 0.0334808 0.0214869 -142.639 0 0 0 1 
				31
				-0.000413965 -1.06196e-06 -1 -0.0165033 -0.000821564 -1 1.40205e-06 0.00274692 -1 0.000821565 0.000413964 -145.906 0 0 0 1 
		</Joint>
			5
				-1
				1 1.39382e-06 0.00041676 2.87617 -1.40435e-06 1 2.52793e-05 -0.00209682 -0.00041676 -2.52798e-05 1 -145.907 0 0 0 1 
				0
				0.996839 0.0783973 0.0128644 3.38816 -0.0788151 0.996238 0.0360404 -8.69849 -0.00999051 -0.0369404 0.999268 -142.668 0 0 0 1 
				1
				0.985945 0.164273 0.0304468 3.75916 -0.166087 0.983473 0.0720763 -17.9516 -0.0181035 -0.07612 0.996934 -139.13 0 0 0 1 
				2
				0.966454 0.251295 0.0530729 3.94357 -0.255687 0.960898 0.10629 -27.356 -0.0242876 -0.116294 0.992918 -135.433 0 0 0 1 
				3
				0.939415 0.333397 0.0796641 3.9393 -0.341612 0.929766 0.137248 -36.5219 -0.0283108 -0.156147 0.987328 -131.727 0 0 0 1 
				4
				0.907683 0.405432 0.108339 3.78234 -0.41857 0.893215 0.164212 -45.0973 -0.0301936 -0.194399 0.980457 -128.164 0 0 0 1 
				5
				0.875586 0.463334 0.136638 3.53644 -0.482117 0.855865 0.187238 -52.762 -0.0301898 -0.229819 0.972765 -124.901 0 0 0 1 
				6
				0.848424 0.504005 0.16173 3.28268 -0.528536 0.823253 0.207133 -59.2151 -0.0287485 -0.261216 0.964852 -122.107 0 0 0 1 
				7
				0.831657 0.525078 0.180666 3.10878 -0.554659 0.801022 0.225202 -64.1752 -0.0264688 -0.287499 0.957415 -119.954 0 0 0 1 
				8
				0.823536 0.53585 0.18615 3.28044 -0.56692 0.788872 0.237237 -67.2841 -0.0197252 -0.300906 0.95345 -118.622 0 0 0 1 
				9
				0.829055 0.530678 0.176204 3.91083 -0.559057 0.792886 0.242461 -68.6741 -0.0110406 -0.299521 0.954026 -118.064 0 0 0 1 
				10
				0.862243 0.481702 0.156525 4.83075 -0.506389 0.826168 0.247016 -68.8256 -0.0103276 -0.29225 0.956286 -118.067 0 0 0 1 
				11
				0.925542 0.354839 0.132141 5.86299 -0.377719 0.889625 0.2567 -68.2011 -0.026469 -0.287499 0.957415 -118.416 0 0 0 1 
				12
				0.991299 0.0857511 0.0998668 7.03475 -0.110095 0.955989 0.271964 -66.9442 -0.0721504 -0.280592 0.957111 -118.996 0 0 0 1 
				13
				0.95664 -0.285107 0.0596112 8.10308 0.257623 0.923706 0.283544 -65.1675 -0.135903 -0.255892 0.957105 -119.685 0 0 0 1 
				14
				0.799514 -0.600249 0.0218822 8.74164 0.570045 0.769756 0.28727 -63.5238 -0.189278 -0.217203 0.9576 -120.263 0 0 0 1 
				15
				0.652798 -0.75753 -0.00198467 9.04977 0.726181 0.625033 0.286347 -62.7111 -0.215676 -0.188368 0.958124 -120.52 0 0 0 1 
				16
				0.582359 -0.812817 -0.0136557 9.29832 0.780954 0.554707 0.287073 -62.9726 -0.225763 -0.177844 0.957811 -120.37 0 0 0 1 
				17
				0.5382 -0.84254 -0.0216202 9.56952 0.809732 0.509785 0.290609 -63.9422 -0.233828 -0.173912 0.956598 -119.942 0 0 0 1 
				18
				0.519216 -0.854243 -0.0261369 9.82411 0.820331 0.489559 0.295617 -65.2231 -0.239734 -0.17493 0.954949 -119.397 0 0 0 1 
				19
				0.521913 -0.852565 -0.0272093 10.0069 0.817674 0.49096 0.300612 -66.4222 -0.242932 -0.179141 0.953358 -118.897 0 0 0 1 
				20
				0.541733 -0.840182 -0.0248785 10.0628 0.80474 0.509879 0.304002 -67.1594 -0.242732 -0.184709 0.952346 -118.6 0 0 0 1 
				21
				0.573605 -0.818901 -0.0194207 9.94416 0.783654 0.541705 0.304041 -67.0524 -0.23846 -0.189619 0.952461 -118.663 0 0 0 1 
				22
				0.61227 -0.790566 -0.0114646 9.61418 0.756589 0.581622 0.298814 -65.7032 -0.229564 -0.191628 0.954243 -119.25 0 0 0 1 
				23
				0.652798 -0.757529 -0.00198456 9.04977 0.726181 0.625033 0.286347 -62.7111 -0.215676 -0.188368 0.958124 -120.52 0 0 0 1 
				24
				0.700856 -0.713242 0.00929474 8.23268 0.685973 0.677519 0.265347 -57.8459 -0.195554 -0.179594 0.964108 -122.561 0 0 0 1 
				25
				0.760347 -0.64916 0.021516 7.23507 0.627035 0.742267 0.23636 -51.359 -0.169406 -0.166225 0.971427 -125.257 0 0 0 1 
				26
				0.823837 -0.565934 0.0317885 6.18241 0.549425 0.811078 0.200709 -43.6288 -0.139371 -0.147887 0.979135 -128.434 0 0 0 1 
				27
				0.88408 -0.465816 0.0376414 5.18457 0.45477 0.876068 0.160279 -35.0465 -0.107637 -0.124582 0.986354 -131.923 0 0 0 1 
				28
				0.934929 -0.352854 0.0374336 4.32287 0.346541 0.930657 0.117416 -26.0015 -0.0762686 -0.0968035 0.992377 -135.565 0 0 0 1 
				29
				0.972038 -0.232824 0.0305804 3.64601 0.230057 0.970302 0.074749 -16.8853 -0.0470756 -0.0656236 0.996734 -139.207 0 0 0 1 
				30
				0.993464 -0.112771 0.0176769 3.16912 0.112107 0.993083 0.0348949 -8.09301 -0.0214897 -0.0326851 0.999235 -142.701 0 0 0 1 
				31
				1 1.39382e-06 0.00041676 2.87617 -1.40435e-06 1 2.52793e-05 -0.00209682 -0.00041676 -2.52798e-05 1 -145.907 0 0 0 1 
		</Joint>
			6
				-1
				0.103929 -0.01739 -0.994433 16.3477 0.0607859 0.998089 -0.0111012 -0.00211574 0.992725 -0.0592937 0.104788 -145.912 0 0 0 1 
				0
				0.106245 0.0205337 -0.994128 16.8171 -0.0329572 0.99931 0.0171185 -9.76025 0.993794 0.030945 0.106848 -142.803 0 0 0 1 
				1
				0.0969371 0.0648445 -0.993176 17.0413 -0.137866 0.98913 0.0511242 -20.1891 0.985696 0.131969 0.104823 -139.373 0 0 0 1 
				2
				0.0832038 0.110245 -0.990415 16.9632 -0.240017 0.966821 0.0874546 -30.8005 0.967196 0.23044 0.106904 -135.76 0 0 0 1 
				3
				0.0602099 0.151179 -0.986671 16.5946 -0.337451 0.933349 0.122416 -41.1239 0.939415 0.325583 0.107212 -132.108 0 0 0 1 
				4
				0.0323814 0.18348 -0.98249 16.0102 -0.426483 0.891557 0.152442 -50.736 0.903915 0.414079 0.107121 -128.57 0 0 0 1 
				5
				0.00463846 0.204215 -0.978915 15.3319 -0.50456 0.845656 0.174025 -59.2568 0.863364 0.493114 0.106962 -125.308 0 0 0 1 
				6
				-0.0175585 0.211633 -0.977192 14.7122 -0.570267 0.800668 0.183649 -66.3353 0.821272 0.560485 0.106628 -122.495 0 0 0 1 
				7
				-0.0283964 0.205096 -0.97833 14.3124 -0.623144 0.761639 0.177756 -71.6473 0.781591 0.614688 0.106177 -120.31 0 0 0 1 
				8
				-0.025614 0.184911 -0.982421 14.3747 -0.684602 0.712887 0.152028 -74.9214 0.728467 0.676461 0.10833 -118.888 0 0 0 1 
				9
				-0.00327762 0.155313 -0.98786 15.0794 -0.739259 0.664869 0.106985 -76.2055 0.673413 0.730635 0.112637 -118.213 0 0 0 1 
				10
				0.0419509 0.116038 -0.992359 16.4465 -0.736734 0.674496 0.0477254 -75.6475 0.67488 0.729102 0.113785 -118.207 0 0 0 1 
				11
				0.0964086 0.0491326 -0.994129 18.3314 -0.616296 0.787238 -0.0208597 -73.2895 0.781591 0.614689 0.106177 -118.773 0 0 0 1 
				12
				0.0789699 -0.085346 -0.993217 20.389 -0.221202 0.96999 -0.100938 -68.4274 0.972025 0.227672 0.0577214 -119.968 0 0 0 1 
				13
				0.0513036 -0.207535 -0.976881 20.9905 0.410933 0.895911 -0.168752 -61.6969 0.910221 -0.392776 0.131247 -121.516 0 0 0 1 
				14
				-0.216459 -0.194159 -0.95679 19.5123 0.829943 0.479511 -0.285068 -55.8444 0.51414 -0.855787 0.0573464 -122.812 0 0 0 1 
				15
				-0.311739 -0.128498 -0.941439 17.8439 0.934944 0.13517 -0.328037 -52.9284 0.169407 -0.982455 0.0780003 -123.425 0 0 0 1 
				16
				-0.352523 -0.0884266 -0.931616 17.1436 0.935336 -0.00184194 -0.353755 -52.4519 0.0295654 -0.996081 0.0833579 -123.411 0 0 0 1 
				17
				-0.374602 -0.0605078 -0.92521 16.8199 0.925601 -0.0827173 -0.369351 -53.0339 -0.0541822 -0.994734 0.0869921 -123.092 0 0 0 1 
				18
				-0.383937 -0.0478569 -0.922118 16.8187 0.919017 -0.11654 -0.376597 -54.172 -0.0894406 -0.992032 0.0887252 -122.626 0 0 0 1 
				19
				-0.383992 -0.0495512 -0.922006 17.0379 0.919433 -0.112238 -0.376889 -55.4069 -0.0848088 -0.992445 0.0886576 -122.17 0 0 0 1 
				20
				-0.376179 -0.0626121 -0.924429 17.3608 0.925283 -0.0774717 -0.37128 -56.3183 -0.0483705 -0.995026 0.0870772 -121.87 0 0 0 1 
				21
				-0.36098 -0.0829988 -0.928873 17.6715 0.932497 -0.019423 -0.360653 -56.4954 0.0118923 -0.99636 0.0844075 -121.875 0 0 0 1 
				22
				-0.33904 -0.106297 -0.934747 17.8624 0.936699 0.0542169 -0.345914 -55.5108 0.0874488 -0.992855 0.0811869 -122.342 0 0 0 1 
				23
				-0.311738 -0.128498 -0.941439 17.8439 0.934944 0.13517 -0.328037 -52.9284 0.169407 -0.982455 0.0780005 -123.425 0 0 0 1 
				24
				-0.274391 -0.151094 -0.949674 17.6743 0.922961 0.235819 -0.304192 -48.6048 0.269913 -0.959979 0.074747 -125.196 0 0 0 1 
				25
				-0.222044 -0.172273 -0.959697 17.4781 0.889645 0.367016 -0.271718 -42.9119 0.399034 -0.914123 0.071768 -127.539 0 0 0 1 
				26
				-0.158136 -0.184059 -0.970111 17.2807 0.824895 0.515374 -0.232246 -36.2272 0.542717 -0.836966 0.0703302 -130.311 0 0 0 1 
				27
				-0.0885586 -0.180395 -0.979599 17.0945 0.723056 0.664776 -0.187786 -28.9201 0.685089 -0.724935 0.0715643 -133.373 0 0 0 1 
				28
				-0.0211186 -0.15863 -0.987112 16.9178 0.58498 0.79872 -0.14087 -21.3331 0.810772 -0.580416 0.0759274 -136.592 0 0 0 1 
				29
				0.0357946 -0.12021 -0.992103 16.7408 0.418637 0.903241 -0.0943385 -13.7861 0.907448 -0.411954 0.0826554 -139.841 0 0 0 1 
				30
				0.0771156 -0.0706234 -0.994518 16.5526 0.238054 0.969942 -0.0504193 -6.58276 0.968185 -0.232861 0.0916099 -142.99 0 0 0 1 
				31
				0.103929 -0.0173901 -0.994433 16.3477 0.0607859 0.998089 -0.0111013 -0.00211574 0.992725 -0.0592937 0.104788 -145.912 0 0 0 1 
		</Joint>
			7
				-1
				0.105095 -0.00766305 -0.994433 19.2329 -0.0321679 0.999421 -0.0111011 1.68541 0.993942 0.0331555 0.104788 -118.353 0 0 0 1 
				0
				0.0986856 0.0443937 -0.994128 19.7666 -0.261661 0.965008 0.0171186 -10.6752 0.960102 0.258435 0.106848 -115.213 0 0 0 1 
				1
				0.0661938 0.0960208 -0.993176 19.7325 -0.492898 0.868584 0.0511242 -24.0165 0.867566 0.48615 0.104823 -112.009 0 0 0 1 
				2
				0.0165615 0.137122 -0.990415 19.273 -0.693219 0.715401 0.0874548 -37.4638 0.720536 0.685127 0.106904 -108.909 0 0 0 1 
				3
				-0.0472317 0.155722 -0.986671 18.2662 -0.845922 0.519067 0.122416 -50.4921 0.531211 0.840429 0.107212 -106.028 0 0 0 1 
				4
				-0.111329 0.149396 -0.98249 16.9092 -0.941352 0.301028 0.152442 -62.576 0.318531 0.94184 0.107121 -103.476 0 0 0 1 
				5
				-0.163047 0.12305 -0.978915 15.4607 -0.981116 0.0844226 0.174025 -73.2643 0.104056 0.988803 0.106962 -101.339 0 0 0 1 
				6
				-0.193637 0.0871855 -0.977192 14.2248 -0.976717 -0.110893 0.183649 -82.1669 -0.0923519 0.990001 0.106628 -99.6947 0 0 0 1 
				7
				-0.199633 0.0549322 -0.97833 13.5241 -0.945854 -0.271593 0.177756 -88.9469 -0.255943 0.960843 0.106177 -98.6119 0 0 0 1 
				8
				-0.181809 0.042351 -0.982421 13.6636 -0.910872 -0.383666 0.152028 -93.9271 -0.370484 0.9225 0.10833 -98.664 0 0 0 1 
				9
				-0.14484 0.0561631 -0.98786 14.9885 -0.896436 -0.430066 0.106985 -96.7286 -0.418836 0.901049 0.112637 -99.5177 0 0 0 1 
				10
				-0.0885849 0.0858922 -0.992359 17.6111 -0.917498 -0.394865 0.0477254 -96.1005 -0.387749 0.914715 0.113785 -99.4707 0 0 0 1 
				11
				-0.00705231 0.107976 -0.994129 21.0079 -0.966666 -0.255189 -0.0208596 -90.399 -0.255943 0.960843 0.106177 -97.0746 0 0 0 1 
				12
				0.105208 0.0495135 -0.993217 22.5814 -0.991507 0.082013 -0.100938 -74.5683 0.0764589 0.995401 0.0577214 -92.9824 0 0 0 1 
				13
				0.213053 0.0176395 -0.976881 22.4147 -0.819141 0.548207 -0.168752 -50.2887 0.532556 0.836157 0.131247 -96.2469 0 0 0 1 
				14
				0.190305 -0.219856 -0.95679 13.503 -0.464773 0.838285 -0.285068 -32.8038 0.864737 0.49894 0.0573464 -108.539 0 0 0 1 
				15
				0.149054 -0.302449 -0.941439 9.18954 -0.19738 0.923814 -0.328037 -26.9727 0.968929 0.234717 0.0780004 -118.722 0 0 0 1 
				16
				0.125776 -0.340987 -0.931616 7.35692 -0.0986242 0.930124 -0.353755 -26.4854 0.987144 0.136374 0.0833579 -122.59 0 0 0 1 
				17
				0.11489 -0.361645 -0.92521 6.42028 -0.0541765 0.92771 -0.36935 -27.3376 0.9919 0.0925594 0.0869922 -124.596 0 0 0 1 
				18
				0.1162 -0.369047 -0.922118 6.15998 -0.0508274 0.924982 -0.376597 -28.6585 0.991924 0.0906295 0.0887251 -125.109 0 0 0 1 
				19
				0.125904 -0.366133 -0.922006 6.37757 -0.075316 0.923191 -0.376889 -29.8818 0.989179 0.116894 0.0886576 -124.524 0 0 0 1 
				20
				0.138846 -0.35518 -0.924429 6.91743 -0.115017 0.92137 -0.371279 -30.6308 0.983612 0.157876 0.0870772 -123.212 0 0 0 1 
				21
				0.149783 -0.338763 -0.928873 7.65005 -0.157318 0.919337 -0.360653 -30.6076 0.976123 0.200149 0.0844075 -121.545 0 0 0 1 
				22
				0.154229 -0.320095 -0.934747 8.45001 -0.189162 0.919001 -0.345914 -29.5064 0.969759 0.230169 0.0811869 -119.915 0 0 0 1 
				23
				0.149054 -0.302449 -0.941439 9.18954 -0.19738 0.923814 -0.328037 -26.9727 0.968929 0.234716 0.0780004 -118.722 0 0 0 1 
				24
				0.136575 -0.281899 -0.949674 10.0567 -0.187353 0.934005 -0.304192 -22.9818 0.972752 0.21947 0.074747 -117.702 0 0 0 1 
				25
				0.122036 -0.253157 -0.959697 11.3138 -0.17288 0.946721 -0.271718 -18.2138 0.977353 0.199072 0.0717681 -116.461 0 0 0 1 
				26
				0.108103 -0.217252 -0.970111 12.8906 -0.154146 0.960365 -0.232246 -13.3267 0.982117 0.174645 0.0703302 -115.245 0 0 0 1 
				27
				0.0973223 -0.175822 -0.979599 14.6359 -0.131741 0.973335 -0.187786 -8.84679 0.986495 0.147329 0.0715643 -114.354 0 0 0 1 
				28
				0.0913959 -0.131363 -0.987112 16.3315 -0.106797 0.984251 -0.14087 -5.09303 0.990071 0.118295 0.0759274 -114.084 0 0 0 1 
				29
				0.0903927 -0.0869528 -0.992103 17.7345 -0.0809212 0.992246 -0.0943382 -2.16397 0.992613 0.0888096 0.0826554 -114.648 0 0 0 1 
				30
				0.0943885 -0.0450022 -0.994518 18.6934 -0.0558038 0.997168 -0.0504184 0.0260444 0.99397 0.0602568 0.0916099 -116.111 0 0 0 1 
				31
				0.105095 -0.00766311 -0.994433 19.2329 -0.0321679 0.999421 -0.0111012 1.68541 0.993942 0.0331555 0.104788 -118.353 0 0 0 1 
		</Joint>
			8
				-1
				0.105095 -0.994438 0.00687119 22.1506 -0.0321679 -0.0103053 -0.999429 0.792369 0.993942 0.104814 -0.033072 -90.759 0 0 0 1 
				0
				0.0986856 -0.994092 -0.0451853 22.5063 -0.261661 0.017887 -0.964994 -17.9394 0.960102 0.107054 -0.25835 -88.5594 0 0 0 1 
				1
				0.0661938 -0.993099 -0.0968116 21.5701 -0.492898 0.0518158 -0.868543 -37.7002 0.867566 0.10521 -0.486067 -87.9237 0 0 0 1 
				2
				0.0165615 -0.990306 -0.137911 19.7328 -0.693219 0.0880245 -0.715331 -56.7088 0.720536 0.107449 -0.685041 -88.9054 0 0 0 1 
				3
				-0.0472316 -0.986547 -0.156508 16.9549 -0.845922 0.122829 -0.51897 -73.9764 0.531211 0.107882 -0.840343 -91.2809 0 0 0 1 
				4
				-0.111329 -0.982371 -0.150178 13.8185 -0.941352 0.152681 -0.300906 -88.7095 0.318531 0.107871 -0.941754 -94.6332 0 0 0 1 
				5
				-0.163047 -0.978817 -0.12383 10.9342 -0.981116 0.174092 -0.084284 -100.502 0.104056 0.107749 -0.988718 -98.4507 0 0 0 1 
				6
				-0.193637 -0.977122 -0.0879636 8.84906 -0.976717 0.183561 0.111039 -109.282 -0.0923519 0.107417 -0.989916 -102.259 0 0 0 1 
				7
				-0.199633 -0.978286 -0.0557112 7.98195 -0.945854 0.17754 0.271734 -115.205 -0.255943 0.106942 -0.960758 -105.717 0 0 0 1 
				8
				-0.182045 -0.982388 -0.0421074 8.6163 -0.908694 0.151719 0.388918 -119.215 -0.37568 0.109063 -0.92031 -108.949 0 0 0 1 
				9
				-0.145681 -0.987817 -0.0547299 10.9675 -0.889759 0.106631 0.443799 -121.615 -0.432556 0.11335 -0.894453 -111.145 0 0 0 1 
				10
				-0.0900562 -0.992291 -0.0851385 15.1518 -0.910537 0.0473984 0.410701 -121.572 -0.4035 0.114508 -0.907786 -110.235 0 0 0 1 
				11
				-0.00705231 -0.994042 -0.108768 20.8121 -0.966666 -0.0210628 0.255172 -117.235 -0.255943 0.106942 -0.960759 -104.18 0 0 0 1 
				12
				0.107611 -0.993182 -0.0448378 25.5021 -0.985989 -0.100832 -0.132888 -102.094 0.127461 0.0585098 -0.990116 -90.8598 0 0 0 1 
				13
				0.213568 -0.976889 0.00878404 28.3295 -0.742883 -0.168236 -0.647936 -73.0295 0.634439 0.131853 -0.761644 -81.4622 0 0 0 1 
				14
				0.142633 -0.956992 0.252631 18.7862 -0.288249 -0.28434 -0.914365 -45.7067 0.946873 0.0575984 -0.316408 -84.5324 0 0 0 1 
				15
				0.0714039 -0.941702 0.328784 13.3275 0.0321257 -0.327283 -0.94438 -32.4523 0.99693 0.0779948 0.00688354 -91.8233 0 0 0 1 
				16
				0.0332427 -0.931904 0.361179 10.8487 0.145455 -0.35302 -0.92424 -29.2234 0.988806 0.0832594 0.123814 -95.1856 0 0 0 1 
				17
				0.0130672 -0.925511 0.378495 9.60984 0.198106 -0.368628 -0.908222 -28.8416 0.980093 0.08685 0.178532 -97.0589 0 0 0 1 
				18
