<?xml version='1.0' encoding='UTF-8' ?>
<itpanim>
	<skeleton count>
		25
			0 -1
			1.37091e-06 -1 -6.12323e-17 1.44898e-05 1 1.37091e-06 -6.12323e-17 -1.98691e-11 6.12323e-17 -6.12323e-17 1 80.8015 0 0 0 1 
			1 0
			1.3868e-06 4.78456e-08 -1 -80.8015 2.75771e-06 -1 -4.78418e-08 1.44901e-05 -1 -2.75771e-06 -1.3868e-06 -0.000112056 0 0 0 1 
			2 1
			1.40269e-06 -0.000796318 -1 -90.1364 0 -1 0.000796318 0.0931538 -1 -1.11699e-09 -1.40269e-06 -2.58351e-07 0 0 0 1 
			3 2
			1.40269e-06 -0.000796318 -1 -116.969 0 -1 0.000796318 0.11452 -1 -1.11699e-09 -1.40269e-06 -3.17612e-07 0 0 0 1 
			4 3
			1.40269e-06 -0.000796318 -1 -143.801 0 -1 0.000796318 0.119367 -1 -1.11699e-09 -1.40269e-06 -3.31058e-07 0 0 0 1 
			5 4
			1 1.37091e-06 4.37113e-08 -2.89267 -1.37091e-06 1 3.58059e-15 -8.20407e-06 -4.37113e-08 -6.35048e-14 1 143.801 0 0 0 1 
			6 5
			0.995014 0.0902305 0.042489 -10.1726 -0.0897157 0.995871 -0.0138741 -0.527027 -0.0435655 0.00999304 0.999001 144.37 0 0 0 1 
			7 6
			0.994845 -0.0912189 0.0442967 -37.2146 0.0915704 0.995781 -0.00596753 -7.37347 -0.0435655 0.00999304 0.999001 144.37 0 0 0 1 
			8 7
			0.994845 -0.0912189 0.0442967 -64.9763 -0.0434925 0.0107859 0.998995 144.365 -0.091605 -0.995772 0.00676301 7.48842 0 0 0 1 
			9 4
			-1 -1.37091e-06 4.37114e-08 -2.89267 -1.37091e-06 1 3.84662e-15 -8.20407e-06 -4.37115e-08 -5.60777e-14 -1 -143.801 0 0 0 1 
			10 9
			-0.995014 0.0902277 0.042489 -10.1726 0.089713 0.995871 -0.0138741 -0.527027 -0.0435654 -0.00999316 -0.999001 -144.37 0 0 0 1 
			11 10
			-0.994845 -0.0912216 0.0442967 -37.2146 -0.0915731 0.99578 -0.00596753 -7.37347 -0.0435654 -0.00999316 -0.999001 -144.37 0 0 0 1 
			12 11
			-0.994845 -0.0912216 0.0442967 -64.9763 0.0434925 0.0107861 0.998995 144.365 -0.0916078 0.995772 -0.00676301 -7.48842 0 0 0 1 
			13 4
			1.34309e-06 -5.95475e-08 -1 -149.889 -1.40269e-06 -1 5.95456e-08 7.93768e-06 -1 1.40269e-06 -1.34309e-06 -0.000201315 0 0 0 1 
			14 13
			1 -0 0 0 0 1 0 0 -0 -0 1 -0 0 0 0 1 
			15 2
			1.37369e-06 -0.0998334 0.995004 80.3979 0 -0.995004 -0.0998334 -8.06668 1 1.3714e-07 -1.36683e-06 -8.2648 0 0 0 1 
			16 15
			1.37369e-06 0.0998334 0.995004 45.0607 0 -0.995004 0.0998334 0.903508 1 -1.3714e-07 -1.36683e-06 -8.2648 0 0 0 1 
			17 16
			1.3716e-06 -6.00745e-14 1 9.05003 0 -1 -6.00745e-14 1.19116e-05 1 8.23984e-20 -1.3716e-06 -8.2648 0 0 0 1 
			18 17
			1.3723e-06 -1 -6.00133e-14 -12.2319 0 6.00133e-14 -1 -0.75718 1 1.3723e-06 8.23562e-20 -8.2648 0 0 0 1 
			19 18
			1 -0 0 0 0 1 0 0 -0 -0 1 -0 0 0 0 1 
			20 2
			1.37369e-06 -0.0998334 0.995004 80.3979 0 -0.995004 -0.0998334 -8.06668 1 1.3714e-07 -1.36683e-06 8.26481 0 0 0 1 
			21 20
			1.37369e-06 0.0998334 0.995004 45.0607 0 -0.995004 0.0998334 0.903507 1 -1.3714e-07 -1.36683e-06 8.26481 0 0 0 1 
			22 21
			1.3716e-06 -6.00745e-14 1 9.05003 0 -1 -6.00745e-14 1.19116e-05 1 8.23984e-20 -1.3716e-06 8.26481 0 0 0 1 
			23 22
			1.3723e-06 -1 5.98908e-14 -12.2319 0 -5.98908e-14 -1 -0.75718 1 1.3723e-06 -8.21882e-20 8.26481 0 0 0 1 
			24 23
			1 -0 0 0 0 1 0 0 -0 -0 1 -0 0 0 0 1 
	</skeleton>
		<animations>
			33
			0
				-1
				1.33158e-06 1 0 0 -1 1.33158e-06 0 9.75445e-07 -0 -0 1 -69.8147 0 0 0 1 
				0
				1.46474e-06 1 0 0 -1 1.46474e-06 0 9.15133e-07 -0 -0 1 -70.9344 0 0 0 1 
				1
				1.33158e-06 1 0 0 -1 1.33158e-06 0 8.5031e-07 -0 -0 1 -72.2134 0 0 0 1 
				2
				1.46474e-06 1 0 0 -1 1.46474e-06 0 7.83699e-07 -0 -0 1 -73.5555 0 0 0 1 
				3
				1.33158e-06 1 0 0 -1 1.33158e-06 0 7.18024e-07 -0 -0 1 -74.8646 0 0 0 1 
				4
				1.33158e-06 1 0 0 -1 1.33158e-06 0 6.55925e-07 -0 -0 1 -76.0474 0 0 0 1 
				5
				1.46474e-06 1 0 0 -1 1.46474e-06 0 6.0004e-07 -0 -0 1 -77.0108 0 0 0 1 
				6
				1.46474e-06 1 0 0 -1 1.46474e-06 0 5.53093e-07 -0 -0 1 -77.6585 0 0 0 1 
				7
				1.46474e-06 1 0 0 -1 1.46474e-06 0 5.17808e-07 -0 -0 1 -77.8945 0 0 0 1 
				8
				1.46474e-06 1 0 0 -1 1.46474e-06 0 4.96056e-07 -0 -0 1 -77.545 0 0 0 1 
				9
				1.46474e-06 1 0 0 -1 1.46474e-06 0 4.86212e-07 -0 -0 1 -76.6187 0 0 0 1 
				10
				1.33158e-06 1 0 0 -1 1.33158e-06 0 4.85402e-07 -0 -0 1 -75.3115 0 0 0 1 
				11
				1.46474e-06 1 0 0 -1 1.46474e-06 0 4.90756e-07 -0 -0 1 -73.8191 0 0 0 1 
				12
				1.33158e-06 1 0 0 -1 1.33158e-06 0 4.99491e-07 -0 -0 1 -72.3312 0 0 0 1 
				13
				1.46474e-06 1 0 0 -1 1.46474e-06 0 5.08826e-07 -0 -0 1 -71.0373 0 0 0 1 
				14
				1.46474e-06 1 0 0 -1 1.46474e-06 0 5.15889e-07 -0 -0 1 -70.1332 0 0 0 1 
				15
				1.46474e-06 1 0 0 -1 1.46474e-06 0 5.17808e-07 -0 -0 1 -69.8147 0 0 0 1 
				16
				1.46474e-06 1 0 0 -1 1.46474e-06 0 5.12452e-07 -0 -0 1 -70.2118 0 0 0 1 
				17
				1.46474e-06 1 0 0 -1 1.46474e-06 0 5.01464e-07 -0 -0 1 -71.2057 0 0 0 1 
				18
				1.46474e-06 1 0 0 -1 1.46474e-06 0 4.88009e-07 -0 -0 1 -72.5938 0 0 0 1 
				19
				1.46474e-06 1 0 0 -1 1.46474e-06 0 4.75256e-07 -0 -0 1 -74.1737 0 0 0 1 
				20
				1.46474e-06 1 0 0 -1 1.46474e-06 0 4.66272e-07 -0 -0 1 -75.7492 0 0 0 1 
				21
				1.46474e-06 1 0 0 -1 1.46474e-06 0 4.64125e-07 -0 -0 1 -77.124 0 0 0 1 
				22
				1.46474e-06 1 0 0 -1 1.46474e-06 0 4.71981e-07 -0 -0 1 -78.0958 0 0 0 1 
				23
				1.46474e-06 1 0 0 -1 1.46474e-06 0 4.93009e-07 -0 -0 1 -78.4618 0 0 0 1 
				24
				1.46474e-06 1 0 0 -1 1.46474e-06 0 5.29017e-07 -0 -0 1 -78.2093 0 0 0 1 
				25
				1.33158e-06 1 0 0 -1 1.33158e-06 0 5.77953e-07 -0 -0 1 -77.5161 0 0 0 1 
				26
				1.33158e-06 1 0 0 -1 1.33158e-06 0 6.36795e-07 -0 -0 1 -76.485 0 0 0 1 
				27
				1.33158e-06 1 0 0 -1 1.33158e-06 0 7.02525e-07 -0 -0 1 -75.2192 0 0 0 1 
				28
				1.33158e-06 1 0 0 -1 1.33158e-06 0 7.72217e-07 -0 -0 1 -73.8182 0 0 0 1 
				29
				1.33158e-06 1 0 0 -1 1.33158e-06 0 8.42948e-07 -0 -0 1 -72.3818 0 0 0 1 
				30
				1.33158e-06 1 0 0 -1 1.33158e-06 0 9.11697e-07 -0 -0 1 -71.013 0 0 0 1 
				31
				1.33158e-06 1 0 0 -1 1.33158e-06 0 9.75445e-07 -0 -0 1 -69.8147 0 0 0 1 
		</Joint>
			1
				-1
				1.33158e-06 2.66316e-06 -1 0 0 -1 -2.66316e-06 9.75445e-07 -1 3.54621e-12 -1.33158e-06 -69.8147 0 0 0 1 
				0
				1.33158e-06 2.79632e-06 -1 0 0 -1 -2.79632e-06 9.15133e-07 -1 3.72352e-12 -1.33158e-06 -70.9344 0 0 0 1 
				1
				1.33158e-06 2.66316e-06 -1 0 0 -1 -2.66316e-06 8.5031e-07 -1 3.54621e-12 -1.33158e-06 -72.2134 0 0 0 1 
				2
				1.33158e-06 2.79632e-06 -1 0 0 -1 -2.79632e-06 7.83699e-07 -1 3.72352e-12 -1.33158e-06 -73.5555 0 0 0 1 
				3
				1.33158e-06 2.66316e-06 -1 0 0 -1 -2.66316e-06 7.18024e-07 -1 3.54621e-12 -1.33158e-06 -74.8646 0 0 0 1 
				4
				1.33158e-06 2.66316e-06 -1 0 0 -1 -2.66316e-06 6.55925e-07 -1 3.54621e-12 -1.33158e-06 -76.0474 0 0 0 1 
				5
				1.33158e-06 2.79632e-06 -1 0 0 -1 -2.79632e-06 6.0004e-07 -1 3.72352e-12 -1.33158e-06 -77.0108 0 0 0 1 
				6
				1.33158e-06 2.79632e-06 -1 0 0 -1 -2.79632e-06 5.53093e-07 -1 3.72352e-12 -1.33158e-06 -77.6585 0 0 0 1 
				7
				1.33158e-06 2.79632e-06 -1 0 0 -1 -2.79632e-06 5.17808e-07 -1 3.72352e-12 -1.33158e-06 -77.8945 0 0 0 1 
				8
				1.33158e-06 2.79632e-06 -1 0 0 -1 -2.79632e-06 4.96056e-07 -1 3.72352e-12 -1.33158e-06 -77.545 0 0 0 1 
				9
				1.33158e-06 2.79632e-06 -1 0 0 -1 -2.79632e-06 4.86212e-07 -1 3.72352e-12 -1.33158e-06 -76.6187 0 0 0 1 
				10
				1.33158e-06 2.66316e-06 -1 0 0 -1 -2.66316e-06 4.85402e-07 -1 3.54621e-12 -1.33158e-06 -75.3115 0 0 0 1 
				11
				1.33158e-06 2.79632e-06 -1 0 0 -1 -2.79632e-06 4.90756e-07 -1 3.72352e-12 -1.33158e-06 -73.8191 0 0 0 1 
				12
				1.33158e-06 2.66316e-06 -1 0 0 -1 -2.66316e-06 4.99491e-07 -1 3.54621e-12 -1.33158e-06 -72.3312 0 0 0 1 
				13
				1.33158e-06 2.79632e-06 -1 0 0 -1 -2.79632e-06 5.08826e-07 -1 3.72352e-12 -1.33158e-06 -71.0373 0 0 0 1 
				14
				1.33158e-06 2.79632e-06 -1 0 0 -1 -2.79632e-06 5.15889e-07 -1 3.72352e-12 -1.33158e-06 -70.1332 0 0 0 1 
				15
				1.33158e-06 2.79632e-06 -1 0 0 -1 -2.79632e-06 5.17808e-07 -1 3.72352e-12 -1.33158e-06 -69.8147 0 0 0 1 
				16
				1.33158e-06 2.79632e-06 -1 0 0 -1 -2.79632e-06 5.12452e-07 -1 3.72352e-12 -1.33158e-06 -70.2118 0 0 0 1 
				17
				1.33158e-06 2.79632e-06 -1 0 0 -1 -2.79632e-06 5.01464e-07 -1 3.72352e-12 -1.33158e-06 -71.2057 0 0 0 1 
				18
				1.33158e-06 2.79632e-06 -1 0 0 -1 -2.79632e-06 4.88009e-07 -1 3.72352e-12 -1.33158e-06 -72.5938 0 0 0 1 
				19
				1.33158e-06 2.79632e-06 -1 0 0 -1 -2.79632e-06 4.75256e-07 -1 3.72352e-12 -1.33158e-06 -74.1737 0 0 0 1 
				20
				1.33158e-06 2.79632e-06 -1 0 0 -1 -2.79632e-06 4.66272e-07 -1 3.72352e-12 -1.33158e-06 -75.7492 0 0 0 1 
				21
				1.33158e-06 2.79632e-06 -1 0 0 -1 -2.79632e-06 4.64125e-07 -1 3.72352e-12 -1.33158e-06 -77.124 0 0 0 1 
				22
				1.33158e-06 2.79632e-06 -1 0 0 -1 -2.79632e-06 4.71981e-07 -1 3.72352e-12 -1.33158e-06 -78.0958 0 0 0 1 
				23
				1.33158e-06 2.79632e-06 -1 0 0 -1 -2.79632e-06 4.93009e-07 -1 3.72352e-12 -1.33158e-06 -78.4618 0 0 0 1 
				24
				1.33158e-06 2.79632e-06 -1 0 0 -1 -2.79632e-06 5.29017e-07 -1 3.72352e-12 -1.33158e-06 -78.2093 0 0 0 1 
				25
				1.33158e-06 2.66316e-06 -1 0 0 -1 -2.66316e-06 5.77953e-07 -1 3.54621e-12 -1.33158e-06 -77.5161 0 0 0 1 
				26
				1.33158e-06 2.66316e-06 -1 0 0 -1 -2.66316e-06 6.36795e-07 -1 3.54621e-12 -1.33158e-06 -76.485 0 0 0 1 
				27
				1.33158e-06 2.66316e-06 -1 0 0 -1 -2.66316e-06 7.02525e-07 -1 3.54621e-12 -1.33158e-06 -75.2192 0 0 0 1 
				28
				1.33158e-06 2.66316e-06 -1 0 0 -1 -2.66316e-06 7.72217e-07 -1 3.54621e-12 -1.33158e-06 -73.8182 0 0 0 1 
				29
				1.33158e-06 2.66316e-06 -1 0 0 -1 -2.66316e-06 8.42948e-07 -1 3.54621e-12 -1.33158e-06 -72.3818 0 0 0 1 
				30
				1.33158e-06 2.66316e-06 -1 0 0 -1 -2.66316e-06 9.11697e-07 -1 3.54621e-12 -1.33158e-06 -71.013 0 0 0 1 
				31
				1.33158e-06 2.66316e-06 -1 0 0 -1 -2.66316e-06 9.75445e-07 -1 3.54621e-12 -1.33158e-06 -69.8147 0 0 0 1 
		</Joint>
			2
				-1
				1.38779e-06 -1.52815e-06 -1 1.29191e-05 -0.00079765 -1 1.52704e-06 0.021351 -1 0.00079765 -1.38901e-06 -79.1496 0 0 0 1 
				0
				1.3879e-06 -1.3911e-06 -1 1.29161e-05 -0.000797649 -1 1.38999e-06 0.0213509 -1 0.000797649 -1.38901e-06 -80.2693 0 0 0 1 
				1
				1.3878e-06 -1.52008e-06 -1 1.29189e-05 -0.00079765 -1 1.51898e-06 0.0213508 -1 0.00079765 -1.38901e-06 -81.5483 0 0 0 1 
				2
				1.38791e-06 -1.38254e-06 -1 1.29159e-05 -0.000797649 -1 1.38143e-06 0.0213507 -1 0.000797649 -1.38901e-06 -82.8904 0 0 0 1 
				3
				1.38781e-06 -1.51115e-06 -1 1.29187e-05 -0.00079765 -1 1.51004e-06 0.0213506 -1 0.00079765 -1.38901e-06 -84.1995 0 0 0 1 
				4
				1.38781e-06 -1.50652e-06 -1 1.29186e-05 -0.00079765 -1 1.50541e-06 0.0213505 -1 0.00079765 -1.38901e-06 -85.3823 0 0 0 1 
				5
				1.38792e-06 -1.36871e-06 -1 1.29156e-05 -0.000797649 -1 1.3676e-06 0.0213504 -1 0.000797649 -1.38901e-06 -86.3457 0 0 0 1 
				6
				1.38792e-06 -1.3641e-06 -1 1.29155e-05 -0.000797649 -1 1.36299e-06 0.0213503 -1 0.000797649 -1.38901e-06 -86.9935 0 0 0 1 
				7
				1.38793e-06 -1.3596e-06 -1 1.29154e-05 -0.000797649 -1 1.35849e-06 0.0213502 -1 0.000797649 -1.38901e-06 -87.2294 0 0 0 1 
				8
				1.38793e-06 -1.35527e-06 -1 1.29153e-05 -0.000797649 -1 1.35417e-06 0.0213502 -1 0.000797649 -1.38901e-06 -86.8799 0 0 0 1 
				9
				1.38793e-06 -1.35119e-06 -1 1.29153e-05 -0.000797649 -1 1.35008e-06 0.0213503 -1 0.000797649 -1.38901e-06 -85.9536 0 0 0 1 
				10
				1.38783e-06 -1.48056e-06 -1 1.2918e-05 -0.00079765 -1 1.47946e-06 0.0213503 -1 0.00079765 -1.38901e-06 -84.6464 0 0 0 1 
				11
				1.38794e-06 -1.344e-06 -1 1.29151e-05 -0.000797649 -1 1.34289e-06 0.0213504 -1 0.000797649 -1.38901e-06 -83.154 0 0 0 1 
				12
				1.38784e-06 -1.47418e-06 -1 1.29179e-05 -0.00079765 -1 1.47308e-06 0.0213505 -1 0.00079765 -1.38901e-06 -81.6661 0 0 0 1 
				13
				1.38794e-06 -1.33856e-06 -1 1.2915e-05 -0.000797649 -1 1.33745e-06 0.0213505 -1 0.000797649 -1.38901e-06 -80.3722 0 0 0 1 
				14
				1.38795e-06 -1.33665e-06 -1 1.2915e-05 -0.000797649 -1 1.33555e-06 0.0213506 -1 0.000797649 -1.38901e-06 -79.4681 0 0 0 1 
				15
				1.38795e-06 -1.33538e-06 -1 1.29149e-05 -0.000797649 -1 1.33428e-06 0.0213506 -1 0.000797649 -1.38901e-06 -79.1496 0 0 0 1 
				16
				1.38795e-06 -1.33586e-06 -1 1.29149e-05 -0.00079765 -1 1.33475e-06 0.0213506 -1 0.00079765 -1.38901e-06 -79.5467 0 0 0 1 
				17
				1.38794e-06 -1.33876e-06 -1 1.2915e-05 -0.000797649 -1 1.33765e-06 0.0213505 -1 0.000797649 -1.38901e-06 -80.5406 0 0 0 1 
				18
				1.38794e-06 -1.34346e-06 -1 1.29151e-05 -0.00079765 -1 1.34236e-06 0.0213504 -1 0.00079765 -1.38901e-06 -81.9288 0 0 0 1 
				19
				1.38794e-06 -1.34935e-06 -1 1.29152e-05 -0.000797649 -1 1.34825e-06 0.0213504 -1 0.000797649 -1.38901e-06 -83.5086 0 0 0 1 
				20
				1.38793e-06 -1.35582e-06 -1 1.29154e-05 -0.00079765 -1 1.35472e-06 0.0213503 -1 0.00079765 -1.38901e-06 -85.0841 0 0 0 1 
				21
				1.38793e-06 -1.36228e-06 -1 1.29155e-05 -0.000797649 -1 1.36117e-06 0.0213502 -1 0.000797649 -1.38901e-06 -86.4589 0 0 0 1 
				22
				1.38792e-06 -1.36809e-06 -1 1.29156e-05 -0.00079765 -1 1.36698e-06 0.0213502 -1 0.00079765 -1.38901e-06 -87.4307 0 0 0 1 
				23
				1.38792e-06 -1.37264e-06 -1 1.29157e-05 -0.000797649 -1 1.37153e-06 0.0213502 -1 0.000797649 -1.38901e-06 -87.7968 0 0 0 1 
				24
				1.38792e-06 -1.37614e-06 -1 1.29158e-05 -0.00079765 -1 1.37504e-06 0.0213502 -1 0.00079765 -1.38901e-06 -87.5442 0 0 0 1 
				25
				1.38781e-06 -1.51243e-06 -1 1.29187e-05 -0.00079765 -1 1.51132e-06 0.0213503 -1 0.00079765 -1.38901e-06 -86.851 0 0 0 1 
				26
				1.3878e-06 -1.51527e-06 -1 1.29188e-05 -0.00079765 -1 1.51416e-06 0.0213504 -1 0.00079765 -1.38901e-06 -85.8199 0 0 0 1 
				27
				1.3878e-06 -1.5179e-06 -1 1.29188e-05 -0.00079765 -1 1.51679e-06 0.0213505 -1 0.00079765 -1.38901e-06 -84.5541 0 0 0 1 
				28
				1.3878e-06 -1.52042e-06 -1 1.29189e-05 -0.00079765 -1 1.51931e-06 0.0213507 -1 0.00079765 -1.38901e-06 -83.1531 0 0 0 1 
				29
				1.3878e-06 -1.52291e-06 -1 1.29189e-05 -0.00079765 -1 1.5218e-06 0.0213508 -1 0.00079765 -1.38901e-06 -81.7167 0 0 0 1 
				30
				1.3878e-06 -1.52545e-06 -1 1.2919e-05 -0.00079765 -1 1.52435e-06 0.0213509 -1 0.00079765 -1.38901e-06 -80.3479 0 0 0 1 
				31
				1.38779e-06 -1.52815e-06 -1 1.29191e-05 -0.00079765 -1 1.52704e-06 0.021351 -1 0.00079765 -1.38901e-06 -79.1496 0 0 0 1 
		</Joint>
			3
				-1
				1.38777e-06 -1.55795e-06 -1 5.01309e-05 -0.00079765 -1 1.55684e-06 0.0213141 -1 0.00079765 -1.38901e-06 -105.982 0 0 0 1 
				0
				1.38788e-06 -1.41701e-06 -1 5.01279e-05 -0.000797649 -1 1.41591e-06 0.021314 -1 0.000797649 -1.38901e-06 -107.102 0 0 0 1 
				1
				1.38778e-06 -1.54182e-06 -1 5.01306e-05 -0.00079765 -1 1.54072e-06 0.0213139 -1 0.00079765 -1.38901e-06 -108.381 0 0 0 1 
				2
				1.3879e-06 -1.39988e-06 -1 5.01275e-05 -0.000797649 -1 1.39878e-06 0.0213138 -1 0.000797649 -1.38901e-06 -109.723 0 0 0 1 
				3
				1.3878e-06 -1.52395e-06 -1 5.01302e-05 -0.00079765 -1 1.52285e-06 0.0213137 -1 0.00079765 -1.38901e-06 -111.032 0 0 0 1 
				4
				1.3878e-06 -1.51469e-06 -1 5.013e-05 -0.00079765 -1 1.51359e-06 0.0213135 -1 0.00079765 -1.38901e-06 -112.215 0 0 0 1 
				5
				1.38792e-06 -1.37223e-06 -1 5.01269e-05 -0.000797649 -1 1.37112e-06 0.0213134 -1 0.000797649 -1.38901e-06 -113.178 0 0 0 1 
				6
				1.38793e-06 -1.36301e-06 -1 5.01268e-05 -0.000797649 -1 1.3619e-06 0.0213134 -1 0.000797649 -1.38901e-06 -113.826 0 0 0 1 
				7
				1.38793e-06 -1.35401e-06 -1 5.01266e-05 -0.000797649 -1 1.3529e-06 0.0213133 -1 0.000797649 -1.38901e-06 -114.062 0 0 0 1 
				8
				1.38794e-06 -1.34536e-06 -1 5.01264e-05 -0.000797649 -1 1.34425e-06 0.0213133 -1 0.000797649 -1.38901e-06 -113.712 0 0 0 1 
				9
				1.38795e-06 -1.33719e-06 -1 5.01262e-05 -0.000797649 -1 1.33608e-06 0.0213134 -1 0.000797649 -1.38901e-06 -112.786 0 0 0 1 
				10
				1.38785e-06 -1.46279e-06 -1 5.01289e-05 -0.00079765 -1 1.46168e-06 0.0213134 -1 0.00079765 -1.38901e-06 -111.479 0 0 0 1 
				11
				1.38796e-06 -1.32281e-06 -1 5.01259e-05 -0.000797649 -1 1.3217e-06 0.0213135 -1 0.000797649 -1.38901e-06 -109.986 0 0 0 1 
				12
				1.38786e-06 -1.45003e-06 -1 5.01286e-05 -0.00079765 -1 1.44892e-06 0.0213136 -1 0.00079765 -1.38901e-06 -108.499 0 0 0 1 
				13
				1.38797e-06 -1.31193e-06 -1 5.01257e-05 -0.000797649 -1 1.31082e-06 0.0213136 -1 0.000797649 -1.38901e-06 -107.205 0 0 0 1 
				14
				1.38797e-06 -1.30812e-06 -1 5.01256e-05 -0.000797649 -1 1.30701e-06 0.0213137 -1 0.000797649 -1.38901e-06 -106.3 0 0 0 1 
				15
				1.38797e-06 -1.30558e-06 -1 5.01255e-05 -0.000797649 -1 1.30447e-06 0.0213137 -1 0.000797649 -1.38901e-06 -105.982 0 0 0 1 
				16
				1.38797e-06 -1.30653e-06 -1 5.01256e-05 -0.00079765 -1 1.30542e-06 0.0213137 -1 0.00079765 -1.38901e-06 -106.379 0 0 0 1 
				17
				1.38797e-06 -1.31233e-06 -1 5.01257e-05 -0.000797649 -1 1.31123e-06 0.0213136 -1 0.000797649 -1.38901e-06 -107.373 0 0 0 1 
				18
				1.38796e-06 -1.32174e-06 -1 5.01259e-05 -0.00079765 -1 1.32064e-06 0.0213135 -1 0.00079765 -1.38901e-06 -108.761 0 0 0 1 
				19
				1.38795e-06 -1.33352e-06 -1 5.01261e-05 -0.000797649 -1 1.33241e-06 0.0213135 -1 0.000797649 -1.38901e-06 -110.341 0 0 0 1 
				20
				1.38794e-06 -1.34646e-06 -1 5.01264e-05 -0.00079765 -1 1.34535e-06 0.0213134 -1 0.00079765 -1.38901e-06 -111.916 0 0 0 1 
				21
				1.38793e-06 -1.35937e-06 -1 5.01267e-05 -0.000797649 -1 1.35826e-06 0.0213133 -1 0.000797649 -1.38901e-06 -113.291 0 0 0 1 
				22
				1.38792e-06 -1.37099e-06 -1 5.01269e-05 -0.00079765 -1 1.36988e-06 0.0213133 -1 0.00079765 -1.38901e-06 -114.263 0 0 0 1 
				23
				1.38791e-06 -1.38009e-06 -1 5.01271e-05 -0.000797649 -1 1.37898e-06 0.0213133 -1 0.000797649 -1.38901e-06 -114.629 0 0 0 1 
				24
				1.38791e-06 -1.3871e-06 -1 5.01273e-05 -0.00079765 -1 1.38599e-06 0.0213133 -1 0.00079765 -1.38901e-06 -114.377 0 0 0 1 
				25
				1.3878e-06 -1.52652e-06 -1 5.01302e-05 -0.00079765 -1 1.52541e-06 0.0213134 -1 0.00079765 -1.38901e-06 -113.683 0 0 0 1 
				26
				1.38779e-06 -1.53219e-06 -1 5.01304e-05 -0.00079765 -1 1.53108e-06 0.0213135 -1 0.00079765 -1.38901e-06 -112.652 0 0 0 1 
				27
				1.38779e-06 -1.53746e-06 -1 5.01305e-05 -0.00079765 -1 1.53635e-06 0.0213136 -1 0.00079765 -1.38901e-06 -111.386 0 0 0 1 
				28
				1.38778e-06 -1.5425e-06 -1 5.01306e-05 -0.00079765 -1 1.54139e-06 0.0213138 -1 0.00079765 -1.38901e-06 -109.986 0 0 0 1 
				29
				1.38778e-06 -1.54747e-06 -1 5.01307e-05 -0.00079765 -1 1.54636e-06 0.0213139 -1 0.00079765 -1.38901e-06 -108.549 0 0 0 1 
				30
				1.38777e-06 -1.55256e-06 -1 5.01308e-05 -0.00079765 -1 1.55146e-06 0.021314 -1 0.00079765 -1.38901e-06 -107.18 0 0 0 1 
				31
				1.38777e-06 -1.55795e-06 -1 5.01309e-05 -0.00079765 -1 1.55684e-06 0.0213141 -1 0.00079765 -1.38901e-06 -105.982 0 0 0 1 
		</Joint>
			4
				-1
				1.38777e-06 -1.55795e-06 -1 8.73623e-05 -0.00079765 -1 1.55684e-06 0.00475898 -1 0.00079765 -1.38901e-06 -132.814 0 0 0 1 
				0
				1.38788e-06 -1.41701e-06 -1 8.73616e-05 -0.000797649 -1 1.41591e-06 0.00475887 -1 0.000797649 -1.38901e-06 -133.934 0 0 0 1 
				1
				1.38778e-06 -1.54182e-06 -1 8.73622e-05 -0.00079765 -1 1.54072e-06 0.00475875 -1 0.00079765 -1.38901e-06 -135.213 0 0 0 1 
				2
				1.3879e-06 -1.39988e-06 -1 8.73615e-05 -0.000797649 -1 1.39878e-06 0.00475863 -1 0.000797649 -1.38901e-06 -136.555 0 0 0 1 
				3
				1.3878e-06 -1.52395e-06 -1 8.73621e-05 -0.00079765 -1 1.52285e-06 0.00475851 -1 0.00079765 -1.38901e-06 -137.864 0 0 0 1 
				4
				1.3878e-06 -1.51469e-06 -1 8.7362e-05 -0.00079765 -1 1.51359e-06 0.00475838 -1 0.00079765 -1.38901e-06 -139.047 0 0 0 1 
				5
				1.38792e-06 -1.37223e-06 -1 8.73613e-05 -0.000797649 -1 1.37112e-06 0.00475829 -1 0.000797649 -1.38901e-06 -140.011 0 0 0 1 
				6
				1.38793e-06 -1.36301e-06 -1 8.73613e-05 -0.000797649 -1 1.3619e-06 0.00475822 -1 0.000797649 -1.38901e-06 -140.658 0 0 0 1 
				7
				1.38793e-06 -1.35401e-06 -1 8.73612e-05 -0.000797649 -1 1.3529e-06 0.00475818 -1 0.000797649 -1.38901e-06 -140.894 0 0 0 1 
				8
				1.38794e-06 -1.34536e-06 -1 8.73612e-05 -0.000797649 -1 1.34425e-06 0.00475818 -1 0.000797649 -1.38901e-06 -140.545 0 0 0 1 
				9
				1.38795e-06 -1.33719e-06 -1 8.73612e-05 -0.000797649 -1 1.33608e-06 0.00475821 -1 0.000797649 -1.38901e-06 -139.618 0 0 0 1 
				10
				1.38785e-06 -1.46279e-06 -1 8.73618e-05 -0.00079765 -1 1.46168e-06 0.00475825 -1 0.00079765 -1.38901e-06 -138.311 0 0 0 1 
				11
				1.38796e-06 -1.32281e-06 -1 8.73611e-05 -0.000797649 -1 1.3217e-06 0.00475832 -1 0.000797649 -1.38901e-06 -136.819 0 0 0 1 
				12
				1.38786e-06 -1.45003e-06 -1 8.73617e-05 -0.00079765 -1 1.44892e-06 0.0047584 -1 0.00079765 -1.38901e-06 -135.331 0 0 0 1 
				13
				1.38797e-06 -1.31193e-06 -1 8.7361e-05 -0.000797649 -1 1.31082e-06 0.00475847 -1 0.000797649 -1.38901e-06 -134.037 0 0 0 1 
				14
				1.38797e-06 -1.30812e-06 -1 8.7361e-05 -0.000797649 -1 1.30701e-06 0.00475851 -1 0.000797649 -1.38901e-06 -133.133 0 0 0 1 
				15
				1.38797e-06 -1.30558e-06 -1 8.7361e-05 -0.000797649 -1 1.30447e-06 0.00475852 -1 0.000797649 -1.38901e-06 -132.814 0 0 0 1 
				16
				1.38797e-06 -1.30653e-06 -1 8.7361e-05 -0.00079765 -1 1.30542e-06 0.0047585 -1 0.00079765 -1.38901e-06 -133.212 0 0 0 1 
				17
				1.38797e-06 -1.31233e-06 -1 8.73611e-05 -0.000797649 -1 1.31123e-06 0.00475844 -1 0.000797649 -1.38901e-06 -134.205 0 0 0 1 
				18
				1.38796e-06 -1.32174e-06 -1 8.73611e-05 -0.00079765 -1 1.32064e-06 0.00475837 -1 0.00079765 -1.38901e-06 -135.594 0 0 0 1 
				19
				1.38795e-06 -1.33352e-06 -1 8.73612e-05 -0.000797649 -1 1.33241e-06 0.0047583 -1 0.000797649 -1.38901e-06 -137.173 0 0 0 1 
				20
				1.38794e-06 -1.34646e-06 -1 8.73612e-05 -0.00079765 -1 1.34535e-06 0.00475821 -1 0.00079765 -1.38901e-06 -138.749 0 0 0 1 
				21
				1.38793e-06 -1.35937e-06 -1 8.73613e-05 -0.000797649 -1 1.35826e-06 0.00475816 -1 0.000797649 -1.38901e-06 -140.124 0 0 0 1 
				22
				1.38792e-06 -1.37099e-06 -1 8.73613e-05 -0.00079765 -1 1.36988e-06 0.00475811 -1 0.00079765 -1.38901e-06 -141.095 0 0 0 1 
				23
				1.38791e-06 -1.38009e-06 -1 8.73614e-05 -0.000797649 -1 1.37898e-06 0.00475812 -1 0.000797649 -1.38901e-06 -141.462 0 0 0 1 
				24
				1.38791e-06 -1.3871e-06 -1 8.73614e-05 -0.00079765 -1 1.38599e-06 0.00475817 -1 0.00079765 -1.38901e-06 -141.209 0 0 0 1 
				25
				1.3878e-06 -1.52652e-06 -1 8.73621e-05 -0.00079765 -1 1.52541e-06 0.00475825 -1 0.00079765 -1.38901e-06 -140.516 0 0 0 1 
				26
				1.38779e-06 -1.53219e-06 -1 8.73621e-05 -0.00079765 -1 1.53108e-06 0.00475835 -1 0.00079765 -1.38901e-06 -139.485 0 0 0 1 
				27
				1.38779e-06 -1.53746e-06 -1 8.73622e-05 -0.00079765 -1 1.53635e-06 0.00475847 -1 0.00079765 -1.38901e-06 -138.219 0 0 0 1 
				28
				1.38778e-06 -1.5425e-06 -1 8.73622e-05 -0.00079765 -1 1.54139e-06 0.00475861 -1 0.00079765 -1.38901e-06 -136.818 0 0 0 1 
				29
				1.38778e-06 -1.54747e-06 -1 8.73622e-05 -0.00079765 -1 1.54636e-06 0.00475874 -1 0.00079765 -1.38901e-06 -135.382 0 0 0 1 
				30
				1.38777e-06 -1.55256e-06 -1 8.73622e-05 -0.00079765 -1 1.55146e-06 0.00475886 -1 0.00079765 -1.38901e-06 -134.013 0 0 0 1 
				31
				1.38777e-06 -1.55795e-06 -1 8.73623e-05 -0.00079765 -1 1.55684e-06 0.00475898 -1 0.00079765 -1.38901e-06 -132.814 0 0 0 1 
		</Joint>
			5
				-1
				1 1.55907e-06 1.40731e-06 2.89277 -1.55907e-06 1 1.36447e-06 -8.51938e-05 -1.40731e-06 -1.36447e-06 1 -132.814 0 0 0 1 
				0
				1 1.41813e-06 1.40731e-06 2.89277 -1.41814e-06 1 1.36436e-06 -8.4901e-05 -1.40731e-06 -1.36436e-06 1 -133.934 0 0 0 1 
				1
				1 1.54295e-06 1.40731e-06 2.89277 -1.54295e-06 1 1.36447e-06 -8.53836e-05 -1.40731e-06 -1.36447e-06 1 -135.213 0 0 0 1 
				2
				1 1.401e-06 1.40731e-06 2.89277 -1.40101e-06 1 1.36436e-06 -8.50922e-05 -1.40731e-06 -1.36436e-06 1 -136.555 0 0 0 1 
				3
				1 1.52508e-06 1.40731e-06 2.89277 -1.52508e-06 1 1.36447e-06 -8.55685e-05 -1.40731e-06 -1.36447e-06 1 -137.864 0 0 0 1 
				4
				1 1.51582e-06 1.40731e-06 2.89277 -1.51582e-06 1 1.36447e-06 -8.56674e-05 -1.40731e-06 -1.36447e-06 1 -139.047 0 0 0 1 
				5
				1 1.37335e-06 1.40731e-06 2.89277 -1.37335e-06 1 1.36436e-06 -8.53442e-05 -1.40731e-06 -1.36436e-06 1 -140.01 0 0 0 1 
				6
				1 1.36413e-06 1.40731e-06 2.89277 -1.36413e-06 1 1.36436e-06 -8.53953e-05 -1.40731e-06 -1.36436e-06 1 -140.658 0 0 0 1 
				7
				1 1.35513e-06 1.40731e-06 2.89277 -1.35513e-06 1 1.36436e-06 -8.54029e-05 -1.40731e-06 -1.36436e-06 1 -140.894 0 0 0 1 
				8
				1 1.34648e-06 1.40731e-06 2.89277 -1.34648e-06 1 1.36436e-06 -8.53842e-05 -1.40731e-06 -1.36436e-06 1 -140.545 0 0 0 1 
				9
				1 1.33831e-06 1.40731e-06 2.89277 -1.33831e-06 1 1.36436e-06 -8.53287e-05 -1.40731e-06 -1.36436e-06 1 -139.618 0 0 0 1 
				10
				1 1.46391e-06 1.40731e-06 2.89277 -1.46391e-06 1 1.36447e-06 -8.56492e-05 -1.40731e-06 -1.36447e-06 1 -138.311 0 0 0 1 
				11
				1 1.32393e-06 1.40731e-06 2.89277 -1.32393e-06 1 1.36436e-06 -8.51744e-05 -1.40731e-06 -1.36436e-06 1 -136.819 0 0 0 1 
				12
				1 1.45115e-06 1.40731e-06 2.89277 -1.45115e-06 1 1.36447e-06 -8.54721e-05 -1.40731e-06 -1.36447e-06 1 -135.331 0 0 0 1 
				13
				1 1.31305e-06 1.40731e-06 2.89277 -1.31305e-06 1 1.36436e-06 -8.49982e-05 -1.40731e-06 -1.36436e-06 1 -134.037 0 0 0 1 
				14
				1 1.30924e-06 1.40731e-06 2.89277 -1.30924e-06 1 1.36436e-06 -8.49405e-05 -1.40731e-06 -1.36436e-06 1 -133.133 0 0 0 1 
				15
				1 1.3067e-06 1.40731e-06 2.89277 -1.3067e-06 1 1.36436e-06 -8.49211e-05 -1.40731e-06 -1.36436e-06 1 -132.814 0 0 0 1 
				16
				1 1.30765e-06 1.40731e-06 2.89277 -1.30765e-06 1 1.36447e-06 -8.49498e-05 -1.40731e-06 -1.36447e-06 1 -133.212 0 0 0 1 
				17
				1 1.31345e-06 1.40731e-06 2.89277 -1.31346e-06 1 1.36436e-06 -8.50216e-05 -1.40731e-06 -1.36436e-06 1 -134.205 0 0 0 1 
				18
				1 1.32286e-06 1.40731e-06 2.89277 -1.32287e-06 1 1.36447e-06 -8.51214e-05 -1.40731e-06 -1.36447e-06 1 -135.594 0 0 0 1 
				19
				1 1.33464e-06 1.40731e-06 2.89277 -1.33464e-06 1 1.36436e-06 -8.52227e-05 -1.40731e-06 -1.36436e-06 1 -137.173 0 0 0 1 
				20
				1 1.34758e-06 1.40731e-06 2.89277 -1.34758e-06 1 1.36447e-06 -8.5351e-05 -1.40731e-06 -1.36447e-06 1 -138.749 0 0 0 1 
				21
				1 1.36049e-06 1.40731e-06 2.89277 -1.36049e-06 1 1.36436e-06 -8.54373e-05 -1.40731e-06 -1.36436e-06 1 -140.124 0 0 0 1 
				22
				1 1.37211e-06 1.40731e-06 2.89277 -1.37211e-06 1 1.36447e-06 -8.55201e-05 -1.40731e-06 -1.36447e-06 1 -141.095 0 0 0 1 
				23
				1 1.38121e-06 1.40731e-06 2.89277 -1.38121e-06 1 1.36436e-06 -8.55409e-05 -1.40731e-06 -1.36436e-06 1 -141.462 0 0 0 1 
				24
				1 1.38822e-06 1.40731e-06 2.89277 -1.38823e-06 1 1.36447e-06 -8.55169e-05 -1.40731e-06 -1.36447e-06 1 -141.209 0 0 0 1 
				25
				1 1.52764e-06 1.40731e-06 2.89277 -1.52764e-06 1 1.36447e-06 -8.58398e-05 -1.40731e-06 -1.36447e-06 1 -140.516 0 0 0 1 
				26
				1 1.53331e-06 1.40731e-06 2.89277 -1.53331e-06 1 1.36447e-06 -8.57484e-05 -1.40731e-06 -1.36447e-06 1 -139.485 0 0 0 1 
				27
				1 1.53858e-06 1.40731e-06 2.89277 -1.53858e-06 1 1.36447e-06 -8.56379e-05 -1.40731e-06 -1.36447e-06 1 -138.219 0 0 0 1 
				28
				1 1.54362e-06 1.40731e-06 2.89277 -1.54362e-06 1 1.36447e-06 -8.55247e-05 -1.40731e-06 -1.36447e-06 1 -136.818 0 0 0 1 
				29
				1 1.54859e-06 1.40731e-06 2.89277 -1.54859e-06 1 1.36447e-06 -8.541e-05 -1.40731e-06 -1.36447e-06 1 -135.382 0 0 0 1 
				30
				1 1.55368e-06 1.40731e-06 2.89277 -1.55369e-06 1 1.36447e-06 -8.52979e-05 -1.40731e-06 -1.36447e-06 1 -134.013 0 0 0 1 
				31
				1 1.55907e-06 1.40731e-06 2.89277 -1.55907e-06 1 1.36447e-06 -8.51938e-05 -1.40731e-06 -1.36447e-06 1 -132.814 0 0 0 1 
		</Joint>
			6
				-1
				0.131636 -0.071996 -0.98868 16.3643 -0.688528 0.710883 -0.143439 -0.000106197 0.713163 0.699616 0.0440064 -132.814 0 0 0 1 
				0
				0.128402 -0.0762612 -0.988786 16.3643 -0.599958 0.78792 -0.138679 -0.000104005 0.78966 0.611037 0.0554167 -133.934 0 0 0 1 
				1
				0.124158 -0.0805072 -0.988991 16.3643 -0.49333 0.85978 -0.131922 -0.000106169 0.860936 0.504278 0.0670324 -135.213 0 0 0 1 
				2
				0.118914 -0.0844276 -0.989308 16.3643 -0.370484 0.920645 -0.1231 -0.000103966 0.921195 0.381161 0.0781986 -136.555 0 0 0 1 
				3
				0.113672 -0.0876206 -0.989647 16.3643 -0.234588 0.965571 -0.112434 -0.000106114 0.965426 0.24494 0.0892032 -137.864 0 0 0 1 
				4
				0.111216 -0.0900291 -0.98971 16.3643 -0.0878622 0.991098 -0.100029 -0.000106088 0.989905 0.098083 0.102316 -139.047 0 0 0 1 
				5
				0.105907 -0.0914624 -0.990161 16.3643 0.0515164 0.994928 -0.0863926 -0.000103845 0.993041 -0.0418599 0.110082 -140.011 0 0 0 1 
				6
				0.0942791 -0.0921826 -0.991269 16.3643 0.200656 0.977029 -0.0717741 -0.000103772 0.975115 -0.192137 0.11061 -140.658 0 0 0 1 
				7
				0.0878367 -0.0918072 -0.991895 16.3643 0.336992 0.939772 -0.0571407 -0.000103659 0.937401 -0.329241 0.113485 -140.894 0 0 0 1 
				8
				0.0816353 -0.090544 -0.992541 16.3643 0.460153 0.886795 -0.0430504 -0.000103523 0.884079 -0.453206 0.114058 -140.545 0 0 0 1 
				9
				0.0763882 -0.0887224 -0.993123 16.3643 0.567214 0.823027 -0.0298981 -0.000103358 0.82002 -0.561029 0.113194 -139.618 0 0 0 1 
				10
				0.0718283 -0.0865024 -0.993659 16.3643 0.656341 0.754244 -0.0182155 -0.00010537 0.751037 -0.650871 0.110951 -138.311 0 0 0 1 
				11
				0.068019 -0.0841313 -0.99413 16.3643 0.727066 0.686516 -0.00835212 -0.00010301 0.683189 -0.722231 0.107865 -136.819 0 0 0 1 
				12
				0.065067 -0.0819012 -0.994514 16.3643 0.780085 0.625674 -0.000488306 -0.000105021 0.622282 -0.775773 0.104601 -135.331 0 0 0 1 
				13
				0.0629842 -0.0800721 -0.994797 16.3643 0.816718 0.577012 0.00526512 -0.000102687 0.573588 -0.812801 0.101739 -134.037 0 0 0 1 
				14
				0.061728 -0.0788522 -0.994973 16.3643 0.838286 0.54516 0.0088029 -0.000102578 0.541725 -0.834615 0.0997524 -133.133 0 0 0 1 
				15
				0.0612997 -0.0784156 -0.995034 16.3643 0.845492 0.533894 0.0100125 -0.000102524 0.530458 -0.841907 0.0990273 -132.814 0 0 0 1 
				16
				0.0617279 -0.0788522 -0.994973 16.3643 0.838286 0.54516 0.00880285 -0.000102566 0.541726 -0.834615 0.0997523 -133.212 0 0 0 1 
				17
				0.0629842 -0.0800721 -0.994797 16.3643 0.816718 0.577012 0.00526512 -0.000102716 0.573588 -0.812801 0.101739 -134.205 0 0 0 1 
				18
				0.0650669 -0.0819014 -0.994514 16.3643 0.780084 0.625674 -0.000488524 -0.000102942 0.622282 -0.775773 0.104601 -135.594 0 0 0 1 
				19
				0.068019 -0.0841312 -0.99413 16.3643 0.727066 0.686516 -0.00835211 -0.000103202 0.683189 -0.722231 0.107865 -137.173 0 0 0 1 
				20
				0.0718283 -0.0865023 -0.993659 16.3643 0.656342 0.754244 -0.0182155 -0.000103505 0.751037 -0.650871 0.110951 -138.749 0 0 0 1 
				21
				0.0763882 -0.0887224 -0.993123 16.3643 0.567214 0.823027 -0.0298981 -0.000103765 0.82002 -0.56103 0.113194 -140.124 0 0 0 1 
				22
				0.0816353 -0.0905441 -0.992541 16.3643 0.460153 0.886795 -0.0430505 -0.000104004 0.884079 -0.453206 0.114058 -141.096 0 0 0 1 
				23
				0.0878367 -0.0918072 -0.991895 16.3643 0.336992 0.939772 -0.0571407 -0.000104148 0.937401 -0.329241 0.113485 -141.462 0 0 0 1 
				24
				0.0942791 -0.0921826 -0.991269 16.3643 0.200656 0.977029 -0.0717741 -0.000104218 0.975115 -0.192137 0.11061 -141.209 0 0 0 1 
				25
				0.105907 -0.0914623 -0.990161 16.3643 0.0515164 0.994928 -0.0863925 -0.000106419 0.993041 -0.04186 0.110082 -140.516 0 0 0 1 
				26
				0.111217 -0.090029 -0.98971 16.3643 -0.0878623 0.991098 -0.100029 -0.000106404 0.989905 0.098083 0.102316 -139.485 0 0 0 1 
				27
				0.113672 -0.0876206 -0.989647 16.3643 -0.234588 0.965571 -0.112434 -0.000106365 0.965426 0.24494 0.0892032 -138.219 0 0 0 1 
				28
				0.118914 -0.0844275 -0.989309 16.3643 -0.370484 0.920646 -0.1231 -0.00010632 0.921195 0.381162 0.0781986 -136.818 0 0 0 1 
				29
				0.124158 -0.0805071 -0.988991 16.3643 -0.49333 0.85978 -0.131922 -0.000106272 0.860935 0.504278 0.0670324 -135.382 0 0 0 1 
				30
				0.128402 -0.0762611 -0.988786 16.3643 -0.599958 0.78792 -0.138678 -0.000106228 0.78966 0.611037 0.0554168 -134.013 0 0 0 1 
				31
				0.131636 -0.071996 -0.98868 16.3643 -0.688528 0.710883 -0.143439 -0.000106197 0.713163 0.699616 0.0440064 -132.814 0 0 0 1 
		</Joint>
			7
				-1
				0.0770645 0.128734 -0.98868 20.0187 -0.737141 -0.660339 -0.143439 -19.1148 -0.67133 0.739851 0.0440064 -113.016 0 0 0 1 
				0
				0.0765993 0.1282 -0.988785 19.9289 -0.789498 -0.59788 -0.138679 -16.656 -0.608953 0.791268 0.0554167 -112.012 0 0 0 1 
				1
				0.0758399 0.127063 -0.988991 19.8111 -0.840863 -0.524925 -0.131922 -13.6958 -0.535909 0.841611 0.0670324 -111.312 0 0 0 1 
				2
				0.0747022 0.125252 -0.989308 19.6655 -0.888262 -0.442535 -0.1231 -10.2854 -0.453222 0.887961 0.0781986 -110.981 0 0 0 1 
				3
				0.0728949 0.123632 -0.989647 19.52 -0.92916 -0.352164 -0.112434 -6.51267 -0.362419 0.927737 0.0892032 -111.062 0 0 0 1 
				4
				0.0699965 0.124799 -0.98971 19.4518 -0.962111 -0.253647 -0.100029 -2.43931 -0.263521 0.959212 0.102316 -111.566 0 0 0 1 
				5
				0.0667576 0.122984 -0.990161 19.3044 -0.983007 -0.161967 -0.0863926 1.43008 -0.170999 0.979102 0.110082 -112.442 0 0 0 1 
				6
				0.0648265 0.11482 -0.991269 18.9816 -0.995765 -0.0574419 -0.0717741 5.57045 -0.0651815 0.991724 0.11061 -113.587 0 0 0 1 
				7
				0.0613076 0.111289 -0.991895 18.8028 -0.997554 0.040256 -0.0571407 9.35537 0.0335706 0.992972 0.113485 -114.87 0 0 0 1 
				8
				0.0575329 0.107483 -0.992541 18.6306 -0.990246 0.13251 -0.0430504 12.7745 0.126894 0.985337 0.114058 -116.001 0 0 0 1 
				9
				0.0536081 0.104082 -0.993123 18.4849 -0.97566 0.217241 -0.0298981 15.7467 0.212635 0.970553 0.113194 -116.853 0 0 0 1 
				10
				0.0497655 0.100823 -0.993659 18.3583 -0.95612 0.29241 -0.0182155 18.2211 0.288719 0.950963 0.110951 -117.461 0 0 0 1 
				11
				0.0461985 0.0978282 -0.99413 18.2526 -0.934316 0.356348 -0.00835209 20.1845 0.35344 0.929218 0.107865 -117.852 0 0 0 1 
				12
				0.0431004 0.0953093 -0.994514 18.1706 -0.913067 0.407809 -0.000488306 21.6564 0.405525 0.908079 0.104601 -118.055 0 0 0 1 
				13
				0.0406685 0.0934057 -0.994797 18.1128 -0.895115 0.445805 0.00526515 22.6734 0.443977 0.890244 0.101739 -118.113 0 0 0 1 
				14
				0.0390926 0.0921944 -0.994973 18.0779 -0.882946 0.469392 0.00880293 23.2722 0.467844 0.878164 0.0997524 -118.094 0 0 0 1 
				15
				0.0385378 0.0917687 -0.995034 18.066 -0.878567 0.477514 0.0100126 23.4722 0.476062 0.873818 0.0990273 -118.088 0 0 0 1 
				16
				0.0390925 0.0921942 -0.994973 18.0779 -0.882946 0.469392 0.00880286 23.2722 0.467844 0.878164 0.0997523 -118.172 0 0 0 1 
				17
				0.0406685 0.0934057 -0.994797 18.1128 -0.895115 0.445805 0.00526515 22.6734 0.443977 0.890243 0.101739 -118.282 0 0 0 1 
				18
				0.0431007 0.0953093 -0.994514 18.1706 -0.913067 0.407809 -0.000488524 21.6564 0.405525 0.908079 0.104601 -118.318 0 0 0 1 
				19
				0.0461985 0.0978282 -0.99413 18.2526 -0.934316 0.356348 -0.00835208 20.1845 0.35344 0.929218 0.107865 -118.207 0 0 0 1 
				20
				0.0497655 0.100823 -0.993659 18.3583 -0.95612 0.29241 -0.0182155 18.2211 0.288719 0.950963 0.110951 -117.899 0 0 0 1 
				21
				0.0536081 0.104082 -0.993123 18.4849 -0.97566 0.217241 -0.029898 15.7467 0.212635 0.970553 0.113194 -117.359 0 0 0 1 
				22
				0.0575331 0.107483 -0.992541 18.6306 -0.990246 0.13251 -0.0430505 12.7745 0.126894 0.985337 0.114058 -116.552 0 0 0 1 
				23
				0.0613075 0.111289 -0.991895 18.8028 -0.997554 0.040256 -0.0571407 9.35538 0.0335706 0.992972 0.113485 -115.438 0 0 0 1 
				24
				0.0648265 0.11482 -0.991269 18.9816 -0.995766 -0.0574418 -0.0717741 5.57045 -0.0651814 0.991724 0.11061 -114.138 0 0 0 1 
				25
				0.0667574 0.122984 -0.990161 19.3044 -0.983007 -0.161967 -0.0863925 1.43008 -0.170999 0.979102 0.110082 -112.947 0 0 0 1 
				26
				0.0699964 0.124799 -0.98971 19.4518 -0.962111 -0.253648 -0.100029 -2.43932 -0.263521 0.959212 0.102316 -112.003 0 0 0 1 
				27
				0.0728949 0.123632 -0.989647 19.52 -0.92916 -0.352164 -0.112434 -6.51268 -0.362419 0.927737 0.0892032 -111.417 0 0 0 1 
				28
				0.0747021 0.125252 -0.989309 19.6655 -0.888262 -0.442535 -0.1231 -10.2854 -0.453222 0.887961 0.0781986 -111.244 0 0 0 1 
				29
				0.0758397 0.127063 -0.988991 19.8111 -0.840862 -0.524925 -0.131922 -13.6958 -0.535909 0.84161 0.0670324 -111.48 0 0 0 1 
				30
				0.0765992 0.1282 -0.988786 19.9289 -0.789499 -0.59788 -0.138678 -16.656 -0.608953 0.791268 0.0554168 -112.09 0 0 0 1 
				31
				0.0770645 0.128734 -0.98868 20.0187 -0.737141 -0.660339 -0.143439 -19.1148 -0.67133 0.739851 0.0440064 -113.016 0 0 0 1 
		</Joint>
			8
				-1
				0.0770645 -0.988577 -0.129521 22.1582 -0.737141 -0.143965 0.660225 -39.5792 -0.67133 0.0445955 -0.739815 -131.653 0 0 0 1 
				0
				0.0824361 -0.988686 -0.125315 22.0554 -0.816258 -0.139125 0.560684 -38.5738 -0.571775 0.0560685 -0.818492 -128.917 0 0 0 1 
				1
				0.0877667 -0.988896 -0.119925 21.9166 -0.887665 -0.132273 0.441084 -37.0396 -0.452049 0.0677406 -0.889417 -126.19 0 0 0 1 
				2
				0.0926765 -0.989218 -0.113392 21.7394 -0.944678 -0.123342 0.303925 -34.9451 -0.314634 0.0789519 -0.945924 -123.563 0 0 0 1 
				3
				0.0967756 -0.989562 -0.106774 21.5437 -0.981743 -0.112556 0.153338 -32.3078 -0.163755 0.0899855 -0.982388 -121.124 0 0 0 1 
				4
				0.100242 -0.989628 -0.102895 21.3951 -0.994958 -0.100023 -0.00730157 -29.1492 -0.00306603 0.103108 -0.994665 -118.881 0 0 0 1 
				5
				0.102357 -0.990084 -0.0962068 21.1577 -0.983559 -0.0862663 -0.158652 -25.8599 0.148779 0.110864 -0.982636 -117.189 0 0 0 1 
				6
				0.102841 -0.991203 -0.0833112 20.7813 -0.945847 -0.071522 -0.316636 -22.0737 0.307892 0.111363 -0.944882 -115.397 0 0 0 1 
				7
				0.102596 -0.991835 -0.0757422 20.5048 -0.887078 -0.0567759 -0.458114 -18.3385 0.450074 0.11419 -0.885661 -113.938 0 0 0 1 
				8
				0.101302 -0.992486 -0.068617 20.2278 -0.811754 -0.0425866 -0.582445 -14.7164 0.575147 0.114703 -0.809969 -112.478 0 0 0 1 
				9
				0.0994056 -0.993073 -0.0626401 19.9732 -0.726104 -0.029351 -0.686957 -11.3393 0.680361 0.113771 -0.723993 -110.95 0 0 0 1 
				10
				0.0970566 -0.993613 -0.0575538 19.7399 -0.637132 -0.0176019 -0.770554 -8.32249 0.76462 0.111457 -0.634771 -109.446 0 0 0 1 
				11
				0.094535 -0.994088 -0.0534013 19.5351 -0.55189 -0.0076881 -0.833881 -5.7537 0.828541 0.108303 -0.549354 -108.04 0 0 0 1 
				12
				0.092172 -0.994474 -0.0502473 19.3672 -0.476883 0.000211562 -0.878967 -3.69193 0.87412 0.104978 -0.474228 -106.797 0 0 0 1 
				13
				0.0902461 -0.994759 -0.0480595 19.2418 -0.417808 0.00598861 -0.908515 -2.17652 0.904042 0.10207 -0.415078 -105.788 0 0 0 1 
				14
				0.0889668 -0.994936 -0.0467591 19.1632 -0.379543 0.00953969 -0.925125 -1.23995 0.920887 0.100052 -0.376772 -105.106 0 0 0 1 
				15
				0.0885095 -0.994998 -0.0463196 19.1359 -0.366081 0.0107535 -0.930521 -0.918326 0.926364 0.0993166 -0.363298 -104.872 0 0 0 1 
				16
				0.0889667 -0.994937 -0.0467588 19.1632 -0.379543 0.00953944 -0.925125 -1.23996 0.920887 0.100052 -0.376772 -105.184 0 0 0 1 
				17
				0.0902461 -0.994759 -0.0480594 19.2418 -0.417808 0.00598861 -0.908515 -2.17651 0.904042 0.10207 -0.415078 -105.956 0 0 0 1 
				18
				0.0921722 -0.994474 -0.0502471 19.3672 -0.476883 0.000211345 -0.878967 -3.69192 0.874121 0.104978 -0.474228 -107.06 0 0 0 1 
				19
				0.094535 -0.994088 -0.0534013 19.5351 -0.55189 -0.00768809 -0.833881 -5.75371 0.828541 0.108303 -0.549354 -108.395 0 0 0 1 
				20
				0.0970565 -0.993613 -0.0575538 19.7399 -0.637132 -0.0176019 -0.770554 -8.32246 0.76462 0.111457 -0.634771 -109.883 0 0 0 1 
				21
				0.0994056 -0.993073 -0.0626401 19.9732 -0.726104 -0.029351 -0.686958 -11.3393 0.680361 0.113771 -0.723993 -111.455 0 0 0 1 
				22
				0.101302 -0.992487 -0.0686169 20.2278 -0.811754 -0.0425867 -0.582445 -14.7164 0.575147 0.114703 -0.809969 -113.029 0 0 0 1 
				23
				0.102596 -0.991835 -0.0757422 20.5048 -0.887078 -0.0567759 -0.458114 -18.3385 0.450074 0.11419 -0.885661 -114.506 0 0 0 1 
				24
				0.102841 -0.991203 -0.0833112 20.7813 -0.945847 -0.071522 -0.316636 -22.0737 0.307892 0.111363 -0.944882 -115.948 0 0 0 1 
				25
				0.102357 -0.990084 -0.0962068 21.1577 -0.983559 -0.0862662 -0.158652 -25.8599 0.14878 0.110864 -0.982636 -117.694 0 0 0 1 
				26
				0.100242 -0.989628 -0.102895 21.3951 -0.994958 -0.100023 -0.00730157 -29.1492 -0.00306604 0.103108 -0.994665 -119.319 0 0 0 1 
				27
