<?xml version='1.0' encoding='UTF-8' ?>
<itpanim>
	<skeleton count>
		25
			0 -1
			1.37091e-06 -1 -6.12323e-17 1.44898e-05 1 1.37091e-06 -6.12323e-17 -1.98691e-11 6.12323e-17 -6.12323e-17 1 80.8015 0 0 0 1 
			1 0
			1.3868e-06 4.78456e-08 -1 -80.8015 2.75771e-06 -1 -4.78418e-08 1.44901e-05 -1 -2.75771e-06 -1.3868e-06 -0.000112056 0 0 0 1 
			2 1
			1.40269e-06 -0.000796318 -1 -90.1364 0 -1 0.000796318 0.0931538 -1 -1.11699e-09 -1.40269e-06 -2.58351e-07 0 0 0 1 
			3 2
			1.40269e-06 -0.000796318 -1 -116.969 0 -1 0.000796318 0.11452 -1 -1.11699e-09 -1.40269e-06 -3.17612e-07 0 0 0 1 
			4 3
			1.40269e-06 -0.000796318 -1 -143.801 0 -1 0.000796318 0.119367 -1 -1.11699e-09 -1.40269e-06 -3.31058e-07 0 0 0 1 
			5 4
			1 1.37091e-06 4.37113e-08 -2.89267 -1.37091e-06 1 3.58059e-15 -8.20407e-06 -4.37113e-08 -6.35048e-14 1 143.801 0 0 0 1 
			6 5
			0.995014 0.0902305 0.042489 -10.1726 -0.0897157 0.995871 -0.0138741 -0.527027 -0.0435655 0.00999304 0.999001 144.37 0 0 0 1 
			7 6
			0.994845 -0.0912189 0.0442967 -37.2146 0.0915704 0.995781 -0.00596753 -7.37347 -0.0435655 0.00999304 0.999001 144.37 0 0 0 1 
			8 7
			0.994845 -0.0912189 0.0442967 -64.9763 -0.0434925 0.0107859 0.998995 144.365 -0.091605 -0.995772 0.00676301 7.48842 0 0 0 1 
			9 4
			-1 -1.37091e-06 4.37114e-08 -2.89267 -1.37091e-06 1 3.84662e-15 -8.20407e-06 -4.37115e-08 -5.60777e-14 -1 -143.801 0 0 0 1 
			10 9
			-0.995014 0.0902277 0.042489 -10.1726 0.089713 0.995871 -0.0138741 -0.527027 -0.0435654 -0.00999316 -0.999001 -144.37 0 0 0 1 
			11 10
			-0.994845 -0.0912216 0.0442967 -37.2146 -0.0915731 0.99578 -0.00596753 -7.37347 -0.0435654 -0.00999316 -0.999001 -144.37 0 0 0 1 
			12 11
			-0.994845 -0.0912216 0.0442967 -64.9763 0.0434925 0.0107861 0.998995 144.365 -0.0916078 0.995772 -0.00676301 -7.48842 0 0 0 1 
			13 4
			1.34309e-06 -5.95475e-08 -1 -149.889 -1.40269e-06 -1 5.95456e-08 7.93768e-06 -1 1.40269e-06 -1.34309e-06 -0.000201315 0 0 0 1 
			14 13
			1 -0 0 0 0 1 0 0 -0 -0 1 -0 0 0 0 1 
			15 2
			1.37369e-06 -0.0998334 0.995004 80.3979 0 -0.995004 -0.0998334 -8.06668 1 1.3714e-07 -1.36683e-06 -8.2648 0 0 0 1 
			16 15
			1.37369e-06 0.0998334 0.995004 45.0607 0 -0.995004 0.0998334 0.903508 1 -1.3714e-07 -1.36683e-06 -8.2648 0 0 0 1 
			17 16
			1.3716e-06 -6.00745e-14 1 9.05003 0 -1 -6.00745e-14 1.19116e-05 1 8.23984e-20 -1.3716e-06 -8.2648 0 0 0 1 
			18 17
			1.3723e-06 -1 -6.00133e-14 -12.2319 0 6.00133e-14 -1 -0.75718 1 1.3723e-06 8.23562e-20 -8.2648 0 0 0 1 
			19 18
			1 -0 0 0 0 1 0 0 -0 -0 1 -0 0 0 0 1 
			20 2
			1.37369e-06 -0.0998334 0.995004 80.3979 0 -0.995004 -0.0998334 -8.06668 1 1.3714e-07 -1.36683e-06 8.26481 0 0 0 1 
			21 20
			1.37369e-06 0.0998334 0.995004 45.0607 0 -0.995004 0.0998334 0.903507 1 -1.3714e-07 -1.36683e-06 8.26481 0 0 0 1 
			22 21
			1.3716e-06 -6.00745e-14 1 9.05003 0 -1 -6.00745e-14 1.19116e-05 1 8.23984e-20 -1.3716e-06 8.26481 0 0 0 1 
			23 22
			1.3723e-06 -1 5.98908e-14 -12.2319 0 -5.98908e-14 -1 -0.75718 1 1.3723e-06 -8.21882e-20 8.26481 0 0 0 1 
			24 23
			1 -0 0 0 0 1 0 0 -0 -0 1 -0 0 0 0 1 
	</skeleton>
		<animations>
			49
			0
				-1
				1.46474e-06 1 0 0 -1 1.46474e-06 0 8.9233e-07 -0 -0 1 -81.4167 0 0 0 1 
				0
				0.00428754 0.999991 4.70024e-36 2.22499e-09 -0.999991 0.00428754 -1.2326e-32 0.0509027 -1.2326e-32 4.81482e-35 1 -80.5703 0 0 0 1 
				1
				0.00653495 0.999979 0 8.33329e-09 -0.999979 0.00653495 0 0.190644 -0 -0 1 -79.7186 0 0 0 1 
				2
				0.00722017 0.999974 8.89954e-35 1.74178e-08 -0.999974 0.00722017 -1.23256e-32 0.398473 -1.2326e-32 -0 1 -78.8627 0 0 0 1 
				3
				0.00681897 0.999977 -3.59032e-35 2.85713e-08 -0.999977 0.00681897 1.2326e-32 0.653636 1.2326e-32 -4.81482e-35 1 -78.004 0 0 0 1 
				4
				0.00579314 0.999983 0 4.09153e-08 -0.999983 0.00579314 0 0.936033 -0 -0 1 -77.1436 0 0 0 1 
				5
				0.00460326 0.999989 -4.81477e-35 5.35711e-08 -0.999989 0.00460326 -2.21639e-37 1.22557 -0 4.81482e-35 1 -76.2827 0 0 0 1 
				6
				0.00372602 0.999993 4.81479e-35 6.56318e-08 -0.999993 0.00372602 1.79401e-37 1.50148 -0 -4.81482e-35 1 -75.4227 0 0 0 1 
				7
				0.00363747 0.999993 0 7.61901e-08 -0.999993 0.00363747 0 1.74303 -0 -0 1 -74.5648 0 0 0 1 
				8
				0.00479873 0.999988 -1.10012e-35 8.43674e-08 -0.999988 0.00479873 1.2326e-32 1.9301 1.2326e-32 -4.81482e-35 1 -73.7102 0 0 0 1 
				9
				0.00767143 0.99997 -1.73603e-36 8.92852e-08 -0.99997 0.00767143 -1.23263e-32 2.04261 -1.2326e-32 9.62965e-35 1 -72.8601 0 0 0 1 
				10
				0.0127308 0.999919 -3.56586e-35 9.00364e-08 -0.999919 0.0127308 -1.23274e-32 2.05979 -1.2326e-32 1.92593e-34 1 -72.0158 0 0 0 1 
				11
				0.020453 0.999791 5.95498e-35 8.57138e-08 -0.999791 0.020453 -1.23273e-32 1.9609 -1.2326e-32 1.92593e-34 1 -71.1785 0 0 0 1 
				12
				0.0312975 0.99951 -7.74804e-37 7.54389e-08 -0.99951 0.0312975 1.2332e-32 1.72584 1.2326e-32 -3.85186e-34 1 -70.3495 0 0 0 1 
				13
				0.0457209 0.998954 1.78771e-34 5.8333e-08 -0.998954 0.0457209 -1.23307e-32 1.3345 -1.2326e-32 3.85186e-34 1 -69.53 0 0 0 1 
				14
				0.0641889 0.997938 2.24058e-35 3.34891e-08 -0.997938 0.0641889 -1.235e-32 0.766143 -1.2326e-32 7.70372e-34 1 -68.7212 0 0 0 1 
				15
				0.0871572 0.996195 0 0 -0.996195 0.0871572 0 8.9233e-07 -0 -0 1 -67.9244 0 0 0 1 
				16
				0.129109 0.99163 6.35473e-35 -6.83092e-08 -0.99163 0.129109 -1.24217e-32 -1.56273 -1.2326e-32 1.54074e-33 1 -67.0385 0 0 0 1 
				17
				0.197431 0.980317 2.43353e-33 -1.85713e-07 -0.980317 0.197431 -1.20833e-32 -4.24862 -1.2326e-32 -0 1 -66.0211 0 0 0 1 
				18
				0.280931 0.959728 5.05351e-34 -3.3407e-07 -0.959728 0.280931 -1.26952e-32 -7.64262 -1.2326e-32 3.08149e-33 1 -64.9676 0 0 0 1 
				19
				0.368362 0.929682 0 -4.95235e-07 -0.929682 0.368362 0 -11.3297 -0 -0 1 -63.9734 0 0 0 1 
				20
				0.449502 0.893279 0 -6.51639e-07 -0.893279 0.449502 0 -14.9078 -0 -0 1 -63.1306 0 0 0 1 
				21
				0.515565 0.85685 -2.10333e-33 -7.8571e-07 -0.85685 0.515565 -8.45816e-33 -17.9749 -6.16298e-33 6.16298e-33 1 -62.5317 0 0 0 1 
				22
				0.559118 0.829088 0 -8.79305e-07 -0.829088 0.559118 0 -20.1161 -0 -0 1 -62.2719 0 0 0 1 
				23
				0.573578 0.819151 6.56187e-33 -9.14281e-07 -0.819151 0.573578 1.21183e-32 -20.9163 6.16298e-33 -1.2326e-32 1 -62.4465 0 0 0 1 
				24
				0.56982 0.821769 0 -9.11176e-07 -0.821769 0.56982 0 -20.8453 -0 -0 1 -62.8982 0 0 0 1 
				25
				0.563117 0.826377 0 -9.02111e-07 -0.826377 0.563117 0 -20.6379 -0 -0 1 -63.4076 0 0 0 1 
				26
				0.55362 0.83277 0 -8.87492e-07 -0.83277 0.55362 0 -20.3034 -0 -0 1 -63.9708 0 0 0 1 
				27
				0.541468 0.840721 0 -8.6772e-07 -0.840721 0.541468 0 -19.8511 -0 -0 1 -64.5838 0 0 0 1 
				28
				0.52679 0.849995 1.25469e-33 -8.43186e-07 -0.849995 0.52679 -1.37236e-32 -19.2899 -1.2326e-32 6.16298e-33 1 -65.2429 0 0 0 1 
				29
				0.509711 0.860345 0 -8.14281e-07 -0.860345 0.509711 0 -18.6286 -0 -0 1 -65.9444 0 0 0 1 
				30
				0.490368 0.871516 0 -7.81408e-07 -0.871516 0.490368 0 -17.8765 -0 -0 1 -66.6843 0 0 0 1 
				31
				0.468902 0.88325 0 -7.4497e-07 -0.88325 0.468902 0 -17.0429 -0 -0 1 -67.4586 0 0 0 1 
				32
				0.445461 0.895301 0 -7.05356e-07 -0.895301 0.445461 0 -16.1367 -0 -0 1 -68.2638 0 0 0 1 
				33
				0.420204 0.90743 2.38318e-33 -6.62959e-07 -0.90743 0.420204 -1.24798e-32 -15.1667 -1.2326e-32 3.08149e-33 1 -69.0958 0 0 0 1 
				34
				0.393311 0.919405 2.0148e-33 -6.18181e-07 -0.919405 0.393311 -1.25445e-32 -14.1423 -1.2326e-32 3.08149e-33 1 -69.951 0 0 0 1 
				35
				0.36498 0.931015 2.86891e-33 -5.71426e-07 -0.931015 0.36498 1.12468e-33 -13.0727 -0 -3.08149e-33 1 -70.8252 0 0 0 1 
				36
				0.335414 0.942071 2.90298e-33 -5.23082e-07 -0.942071 0.335414 1.03357e-33 -11.9667 -0 -3.08149e-33 1 -71.7149 0 0 0 1 
				37
				0.304834 0.952405 0 -4.73543e-07 -0.952405 0.304834 0 -10.8334 -0 -0 1 -72.6161 0 0 0 1 
				38
				0.273482 0.961877 0 -4.23209e-07 -0.961877 0.273482 0 -9.68189 -0 -0 1 -73.525 0 0 0 1 
				39
				0.24161 0.970373 -5.96826e-33 -3.72485e-07 -0.970373 0.24161 1.12163e-32 -8.52145 1.2326e-32 3.08149e-33 1 -74.4377 0 0 0 1 
				40
				0.209475 0.977814 1.07541e-33 -3.21761e-07 -0.977814 0.209475 -1.23752e-32 -7.36102 -1.2326e-32 1.54074e-33 1 -75.3503 0 0 0 1 
				41
				0.177341 0.984149 -8.46748e-34 -2.71427e-07 -0.984149 0.177341 -1.26771e-32 -6.20953 -1.2326e-32 3.08149e-33 1 -76.2592 0 0 0 1 
				42
				0.145486 0.98936 1.52435e-33 -2.21887e-07 -0.98936 0.145486 2.24156e-34 -5.07619 -0 -1.54074e-33 1 -77.1605 0 0 0 1 
				43
				0.114188 0.993459 -1.23192e-34 -1.73544e-07 -0.993459 0.114188 -1.24213e-32 -3.97023 -1.2326e-32 1.54074e-33 1 -78.0501 0 0 0 1 
				44
				0.08372 0.996489 2.64261e-34 -1.26788e-07 -0.996489 0.08372 -1.23472e-32 -2.90057 -1.2326e-32 7.70372e-34 1 -78.9244 0 0 0 1 
				45
				0.0543518 0.998522 2.85321e-34 -8.201e-08 -0.998522 0.0543518 -1.23287e-32 -1.87617 -1.2326e-32 3.85186e-34 1 -79.7795 0 0 0 1 
				46
				0.0263566 0.999653 0 -3.9613e-08 -0.999653 0.0263566 0 -0.906238 -0 -0 1 -80.6115 0 0 0 1 
				47
				1.33158e-06 1 0 0 -1 1.33158e-06 0 8.9233e-07 -0 -0 1 -81.4167 0 0 0 1 
		</Joint>
			1
				-1
				1.33158e-06 2.79632e-06 -1 0 0 -1 -2.79632e-06 8.9233e-07 -1 3.72352e-12 -1.33158e-06 -81.4167 0 0 0 1 
				0
				1.33158e-06 0.00428887 -0.999991 2.22499e-09 0 -0.999991 -0.00428887 0.0509027 -1 5.71098e-09 -1.33157e-06 -80.5703 0 0 0 1 
				1
				1.33158e-06 0.00653628 -0.999979 8.33329e-09 0 -0.999979 -0.00653628 0.190644 -1 8.70359e-09 -1.33155e-06 -79.7186 0 0 0 1 
				2
				1.33158e-06 0.0072215 -0.999974 1.74178e-08 0 -0.999974 -0.0072215 0.398473 -1 9.61601e-09 -1.33155e-06 -78.8627 0 0 0 1 
				3
				1.33158e-06 0.0068203 -0.999977 2.85713e-08 0 -0.999977 -0.0068203 0.653636 -1 9.08178e-09 -1.33155e-06 -78.004 0 0 0 1 
				4
				1.33158e-06 0.00579447 -0.999983 4.09153e-08 0 -0.999983 -0.00579447 0.936033 -1 7.71581e-09 -1.33156e-06 -77.1436 0 0 0 1 
				5
				1.33158e-06 0.00460459 -0.999989 5.35711e-08 0 -0.999989 -0.00460459 1.22557 -1 6.13138e-09 -1.33157e-06 -76.2827 0 0 0 1 
				6
				1.33158e-06 0.00372735 -0.999993 6.56318e-08 0 -0.999993 -0.00372735 1.50148 -1 4.96327e-09 -1.33157e-06 -75.4227 0 0 0 1 
				7
				1.33158e-06 0.0036388 -0.999993 7.61901e-08 0 -0.999993 -0.0036388 1.74303 -1 4.84536e-09 -1.33157e-06 -74.5648 0 0 0 1 
				8
				1.33158e-06 0.00480006 -0.999988 8.43674e-08 0 -0.999988 -0.00480006 1.9301 -1 6.39167e-09 -1.33157e-06 -73.7102 0 0 0 1 
				9
				1.33158e-06 0.00767276 -0.99997 8.92852e-08 0 -0.99997 -0.00767276 2.04261 -1 1.02169e-08 -1.33154e-06 -72.8601 0 0 0 1 
				10
				1.33158e-06 0.0127321 -0.999919 9.00364e-08 0 -0.999919 -0.0127321 2.05979 -1 1.69538e-08 -1.33147e-06 -72.0158 0 0 0 1 
				11
				1.33158e-06 0.0204543 -0.999791 8.57138e-08 0 -0.999791 -0.0204543 1.9609 -1 2.72366e-08 -1.3313e-06 -71.1785 0 0 0 1 
				12
				1.33158e-06 0.0312989 -0.99951 7.54389e-08 0 -0.99951 -0.0312989 1.72584 -1 4.1677e-08 -1.33093e-06 -70.3495 0 0 0 1 
				13
				1.33158e-06 0.0457222 -0.998954 5.8333e-08 0 -0.998954 -0.0457222 1.3345 -1 6.08828e-08 -1.33019e-06 -69.53 0 0 0 1 
				14
				1.33158e-06 0.0641902 -0.997938 3.34891e-08 0 -0.997938 -0.0641902 0.766143 -1 8.54744e-08 -1.32883e-06 -68.7212 0 0 0 1 
				15
				1.33158e-06 0.0871585 -0.996195 0 0 -0.996195 -0.0871585 8.9233e-07 -1 1.16059e-07 -1.32651e-06 -67.9244 0 0 0 1 
				16
				1.33158e-06 0.129111 -0.99163 -6.83092e-08 0 -0.99163 -0.129111 -1.56273 -1 1.71921e-07 -1.32044e-06 -67.0385 0 0 0 1 
				17
				1.33158e-06 0.197433 -0.980316 -1.85713e-07 0 -0.980316 -0.197433 -4.24862 -1 2.62898e-07 -1.30537e-06 -66.0211 0 0 0 1 
				18
				1.33158e-06 0.280932 -0.959728 -3.3407e-07 0 -0.959728 -0.280932 -7.64262 -1 3.74084e-07 -1.27795e-06 -64.9676 0 0 0 1 
				19
				1.33158e-06 0.368364 -0.929682 -4.95235e-07 0 -0.929682 -0.368364 -11.3297 -1 4.90506e-07 -1.23795e-06 -63.9734 0 0 0 1 
				20
				1.33158e-06 0.449503 -0.893279 -6.51639e-07 0 -0.893279 -0.449503 -14.9078 -1 5.9855e-07 -1.18947e-06 -63.1306 0 0 0 1 
				21
				1.33158e-06 0.515566 -0.85685 -7.8571e-07 0 -0.85685 -0.515566 -17.9749 -1 6.86518e-07 -1.14096e-06 -62.5317 0 0 0 1 
				22
				1.33158e-06 0.559119 -0.829087 -8.79305e-07 0 -0.829087 -0.559119 -20.1161 -1 7.44512e-07 -1.104e-06 -62.2719 0 0 0 1 
				23
				1.33158e-06 0.573579 -0.81915 -9.14281e-07 0 -0.81915 -0.573579 -20.9163 -1 7.63766e-07 -1.09076e-06 -62.4465 0 0 0 1 
				24
				1.33158e-06 0.569822 -0.821768 -9.11176e-07 0 -0.821768 -0.569822 -20.8453 -1 7.58763e-07 -1.09425e-06 -62.8982 0 0 0 1 
				25
				1.33158e-06 0.563118 -0.826376 -9.02111e-07 0 -0.826376 -0.563118 -20.6379 -1 7.49837e-07 -1.10039e-06 -63.4076 0 0 0 1 
				26
				1.33158e-06 0.553621 -0.832769 -8.87492e-07 0 -0.832769 -0.553621 -20.3034 -1 7.37191e-07 -1.1089e-06 -63.9708 0 0 0 1 
				27
				1.33158e-06 0.541469 -0.84072 -8.6772e-07 0 -0.84072 -0.541469 -19.8511 -1 7.2101e-07 -1.11949e-06 -64.5838 0 0 0 1 
				28
				1.33158e-06 0.526791 -0.849995 -8.43186e-07 0 -0.849995 -0.526791 -19.2899 -1 7.01465e-07 -1.13184e-06 -65.2429 0 0 0 1 
				29
				1.33158e-06 0.509713 -0.860345 -8.14281e-07 0 -0.860345 -0.509713 -18.6286 -1 6.78723e-07 -1.14562e-06 -65.9444 0 0 0 1 
				30
				1.33158e-06 0.490369 -0.871515 -7.81408e-07 0 -0.871515 -0.490369 -17.8765 -1 6.52966e-07 -1.16049e-06 -66.6843 0 0 0 1 
				31
				1.33158e-06 0.468903 -0.88325 -7.4497e-07 0 -0.88325 -0.468903 -17.0429 -1 6.24383e-07 -1.17612e-06 -67.4586 0 0 0 1 
				32
				1.33158e-06 0.445462 -0.895301 -7.05356e-07 0 -0.895301 -0.445462 -16.1367 -1 5.93169e-07 -1.19217e-06 -68.2638 0 0 0 1 
				33
				1.33158e-06 0.420205 -0.907429 -6.62959e-07 0 -0.907429 -0.420205 -15.1667 -1 5.59537e-07 -1.20832e-06 -69.0958 0 0 0 1 
				34
				1.33158e-06 0.393312 -0.919405 -6.18181e-07 0 -0.919405 -0.393312 -14.1423 -1 5.23727e-07 -1.22426e-06 -69.951 0 0 0 1 
				35
				1.33158e-06 0.364981 -0.931015 -5.71426e-07 0 -0.931015 -0.364981 -13.0727 -1 4.86002e-07 -1.23972e-06 -70.8252 0 0 0 1 
				36
				1.33158e-06 0.335415 -0.94207 -5.23082e-07 0 -0.94207 -0.335415 -11.9667 -1 4.46633e-07 -1.25444e-06 -71.7149 0 0 0 1 
				37
				1.33158e-06 0.304836 -0.952405 -4.73543e-07 0 -0.952405 -0.304836 -10.8334 -1 4.05913e-07 -1.2682e-06 -72.6161 0 0 0 1 
				38
				1.33158e-06 0.273483 -0.961877 -4.23209e-07 0 -0.961877 -0.273483 -9.68189 -1 3.64165e-07 -1.28082e-06 -73.525 0 0 0 1 
				39
				1.33158e-06 0.241611 -0.970373 -3.72485e-07 0 -0.970373 -0.241611 -8.52145 -1 3.21724e-07 -1.29213e-06 -74.4377 0 0 0 1 
				40
				1.33158e-06 0.209476 -0.977814 -3.21761e-07 0 -0.977814 -0.209476 -7.36102 -1 2.78934e-07 -1.30204e-06 -75.3503 0 0 0 1 
				41
				1.33158e-06 0.177342 -0.984149 -2.71427e-07 0 -0.984149 -0.177342 -6.20953 -1 2.36146e-07 -1.31047e-06 -76.2592 0 0 0 1 
				42
				1.33158e-06 0.145487 -0.98936 -2.21887e-07 0 -0.98936 -0.145487 -5.07619 -1 1.93728e-07 -1.31741e-06 -77.1605 0 0 0 1 
				43
				1.33158e-06 0.114189 -0.993459 -1.73544e-07 0 -0.993459 -0.114189 -3.97023 -1 1.52052e-07 -1.32287e-06 -78.0501 0 0 0 1 
				44
				1.33158e-06 0.0837213 -0.996489 -1.26788e-07 0 -0.996489 -0.0837213 -2.90057 -1 1.11482e-07 -1.32691e-06 -78.9244 0 0 0 1 
				45
				1.33158e-06 0.0543531 -0.998522 -8.201e-08 0 -0.998522 -0.0543531 -1.87617 -1 7.23755e-08 -1.32961e-06 -79.7795 0 0 0 1 
				46
				1.33158e-06 0.026358 -0.999653 -3.9613e-08 0 -0.999653 -0.026358 -0.906238 -1 3.50978e-08 -1.33112e-06 -80.6115 0 0 0 1 
				47
				1.33158e-06 2.66316e-06 -1 0 0 -1 -2.66316e-06 8.9233e-07 -1 3.54621e-12 -1.33158e-06 -81.4167 0 0 0 1 
		</Joint>
			2
				-1
				-0.000201565 -1.14914e-06 -1 1.29129e-05 -0.0008487 -0.999999 1.32021e-06 0.0213505 -1 0.0008487 0.000201564 -90.7516 0 0 0 1 
				0
				-0.000153369 -0.00191078 -0.999998 5.37688e-05 -0.000420851 -0.999998 0.00191085 0.0722523 -1 0.000421143 0.000152565 -89.9052 0 0 0 1 
				1
				-4.13004e-05 -0.00715317 -0.999974 0.00016581 0.000748863 -0.999974 0.00715314 0.211994 -1 -0.000748548 4.66561e-05 -89.0534 0 0 0 1 
				2
				0.000130049 -0.014949 -0.999888 0.000332392 0.00248609 -0.999885 0.0149493 0.41982 -0.999997 -0.00248776 -9.28697e-05 -88.1975 0 0 0 1 
				3
				0.000357891 -0.024519 -0.999699 0.000536868 0.00461626 -0.999689 0.0245204 0.674979 -0.999989 -0.00462365 -0.000244594 -87.3387 0 0 0 1 
				4
				0.000635685 -0.0351069 -0.999383 0.000763087 0.0069704 -0.999359 0.0351104 0.957369 -0.999976 -0.00698842 -0.000390569 -86.4783 0 0 0 1 
				5
				0.000949227 -0.0459578 -0.998943 0.000994919 0.0093803 -0.998899 0.0459647 1.24689 -0.999956 -0.00941402 -0.000517084 -85.6174 0 0 0 1 
				6
				0.00127403 -0.0562925 -0.998413 0.00121573 0.0116734 -0.998345 0.0563036 1.5228 -0.999931 -0.0117266 -0.000614799 -84.7574 0 0 0 1 
				7
				0.00157607 -0.0653344 -0.997862 0.00140892 0.0136785 -0.997769 0.0653498 1.76433 -0.999905 -0.0137522 -0.000678875 -83.8994 0 0 0 1 
				8
				0.00181556 -0.0723335 -0.997379 0.00155849 0.0152308 -0.997263 0.0723528 1.95139 -0.999882 -0.0153223 -0.000708894 -83.0448 0 0 0 1 
				9
				0.00195065 -0.0765409 -0.997064 0.00164842 0.0161663 -0.996934 0.0765625 2.06389 -0.999867 -0.0162682 -0.000707287 -82.1947 0 0 0 1 
				10
				0.0019426 -0.0771844 -0.997015 0.00166224 0.0163149 -0.996882 0.0772059 2.08108 -0.999865 -0.0164162 -0.000677285 -81.3504 0 0 0 1 
				11
				0.00176578 -0.0734878 -0.997295 0.00158334 0.0155046 -0.997174 0.0735064 1.98219 -0.999878 -0.0155925 -0.000621393 -80.5131 0 0 0 1 
				12
				0.00141964 -0.0646946 -0.997904 0.00139559 0.0135656 -0.997812 0.0647079 1.74715 -0.999907 -0.013629 -0.000538919 -79.6841 0 0 0 1 
				13
				0.000940128 -0.0500423 -0.998747 0.0010827 0.0103238 -0.998693 0.0500494 1.35583 -0.999946 -0.010358 -0.000422271 -78.8646 0 0 0 1 
				14
				0.000414686 -0.0287401 -0.999587 0.00062775 0.00559685 -0.999571 0.0287419 0.787484 -0.999984 -0.00560646 -0.000253654 -78.0559 0 0 0 1 
				15
				1.49869e-06 -1.37588e-06 -1 1.39496e-05 -0.000797524 -1 1.37469e-06 0.0213522 -1 0.000797524 -1.49979e-06 -77.2593 0 0 0 1 
				16
				0.000149804 0.0585911 -0.998282 -0.0012375 -0.0138758 -0.998186 -0.0585875 -1.54142 -0.999904 0.0138607 0.000663466 -76.3737 0 0 0 1 
				17
				0.00340228 0.158655 -0.987328 -0.00337489 -0.036192 -0.986668 -0.158674 -4.22756 -0.999339 0.0362733 0.00238513 -75.3568 0 0 0 1 
				18
				0.0128436 0.282417 -0.959206 -0.00601881 -0.0634197 -0.957123 -0.282653 -7.62218 -0.997904 0.0644628 0.0056179 -74.3039 0 0 0 1 
				19
				0.0295624 0.411045 -0.911136 -0.00876658 -0.0907177 -0.906669 -0.411973 -11.3103 -0.995438 0.0948351 0.0104857 -73.3103 0 0 0 1 
				20
				0.0517459 0.527559 -0.847941 -0.0112558 -0.113865 -0.840425 -0.529831 -14.8898 -0.992148 0.123967 0.0165818 -72.4682 0 0 0 1 
				21
				0.0749477 0.619127 -0.781706 -0.0132122 -0.130337 -0.771104 -0.623226 -17.9585 -0.988633 0.148595 0.0229029 -71.8698 0 0 0 1 
				22
				0.093118 0.677744 -0.729378 -0.0144651 -0.139708 -0.716419 -0.683539 -20.1008 -0.985805 0.16555 0.0279748 -71.6103 0 0 0 1 
				23
				0.100159 0.698444 -0.708621 -0.014908 -0.142798 -0.694739 -0.704945 -20.9015 -0.984671 0.171796 0.0301521 -71.7851 0 0 0 1 
				24
				0.0992964 0.696669 -0.710487 -0.0148682 -0.142673 -0.696671 -0.703061 -20.8304 -0.984777 0.171178 0.0302186 -72.2368 0 0 0 1 
				25
				0.0971866 0.691396 -0.71591 -0.0147566 -0.142048 -0.702315 -0.69755 -20.6229 -0.985077 0.169486 0.0299558 -72.7461 0 0 0 1 
				26
				0.0939426 0.682772 -0.724567 -0.0145725 -0.140917 -0.711339 -0.688577 -20.2883 -0.985554 0.166791 0.0293891 -73.3092 0 0 0 1 
				27
				0.0896916 0.670906 -0.736099 -0.0143185 -0.139256 -0.72337 -0.676272 -19.8357 -0.986186 0.163162 0.0285473 -73.9222 0 0 0 1 
				28
				0.084569 0.655874 -0.750119 -0.0139976 -0.13703 -0.738007 -0.660733 -19.2741 -0.98695 0.158666 0.0274618 -74.5812 0 0 0 1 
				29
				0.0787195 0.63774 -0.766218 -0.0136096 -0.134202 -0.754828 -0.642047 -18.6125 -0.987822 0.15337 0.0261664 -75.2826 0 0 0 1 
				30
				0.0722975 0.61658 -0.783966 -0.0131579 -0.130736 -0.773382 -0.620313 -17.86 -0.988778 0.14734 0.0246956 -76.0223 0 0 0 1 
				31
				0.0654621 0.592481 -0.802921 -0.0126429 -0.126604 -0.793212 -0.595639 -17.026 -0.989791 0.140644 0.0230849 -76.7966 0 0 0 1 
				32
				0.058371 0.565545 -0.822649 -0.0120681 -0.121785 -0.813865 -0.568147 -16.1193 -0.990839 0.13335 0.0213688 -77.6015 0 0 0 1 
				33
				0.0511813 0.535905 -0.842726 -0.0114345 -0.116275 -0.834895 -0.537987 -15.1489 -0.991897 0.125523 0.0195814 -78.4334 0 0 0 1 
				34
				0.0440483 0.503739 -0.862732 -0.0107474 -0.110085 -0.855864 -0.505349 -14.1241 -0.992946 0.117234 0.0177549 -79.2884 0 0 0 1 
				35
				0.037119 0.469265 -0.882277 -0.010011 -0.103245 -0.87636 -0.470461 -13.054 -0.993963 0.108554 0.0159198 -80.1624 0 0 0 1 
				36
				0.0305271 0.432733 -0.901005 -0.0092298 -0.0958018 -0.896008 -0.433579 -11.9476 -0.994932 0.0995538 0.0141041 -81.0519 0 0 0 1 
				37
				0.024392 0.394434 -0.9186 -0.00841212 -0.0878182 -0.914476 -0.394995 -10.8139 -0.995838 0.0903045 0.0123326 -81.9529 0 0 0 1 
				38
				0.0188175 0.354708 -0.934788 -0.00756358 -0.0793764 -0.931472 -0.355048 -9.662 -0.996667 0.0808813 0.0106274 -82.8616 0 0 0 1 
				39
				0.0138866 0.313927 -0.949346 -0.00669227 -0.070573 -0.946762 -0.314105 -8.50124 -0.99741 0.07136 0.00900748 -83.7741 0 0 0 1 
				40
				0.0096585 0.272484 -0.962112 -0.00580706 -0.0615138 -0.960173 -0.272552 -7.34052 -0.998059 0.0618156 0.00748768 -84.6866 0 0 0 1 
				41
				0.00616923 0.230793 -0.972983 -0.00491661 -0.0523129 -0.971595 -0.230795 -6.18878 -0.998612 0.0523234 0.00607943 -85.5953 0 0 0 1 
				42
				0.00343119 0.189292 -0.981915 -0.00403001 -0.0430919 -0.98098 -0.189263 -5.05524 -0.999065 0.042962 0.00479104 -86.4963 0 0 0 1 
				43
				0.00143203 0.14843 -0.988922 -0.0031573 -0.0339742 -0.988345 -0.148392 -3.94912 -0.999422 0.0338103 0.00362744 -87.3857 0 0 0 1 
				44
				0.000135791 0.108641 -0.994081 -0.00230748 -0.025079 -0.993768 -0.10861 -2.87935 -0.999685 0.0249453 0.00258967 -88.2598 0 0 0 1 
				45
				-0.000514765 0.0703567 -0.997522 -0.00148976 -0.016521 -0.997386 -0.0703386 -1.85488 -0.999863 0.0164439 0.00167578 -89.1147 0 0 0 1 
				46
				-0.000596179 0.0340051 -0.999421 -0.000713379 -0.00841043 -0.999386 -0.0339989 -0.884901 -0.999964 0.00838529 0.000881811 -89.9466 0 0 0 1 
				47
				-0.000201565 -1.2823e-06 -1 1.29157e-05 -0.0008487 -0.999999 1.45336e-06 0.0213505 -1 0.0008487 0.000201564 -90.7516 0 0 0 1 
		</Joint>
			3
				-1
				-0.000413965 -9.0256e-07 -1 -0.00539559 -0.000821564 -1 1.24266e-06 0.0199437 -1 0.000821565 0.000413963 -117.584 0 0 0 1 
				0
				-0.000317687 -0.0081066 -0.999967 -0.00388836 3.01599e-05 -0.999967 0.00810659 0.0823251 -1 -2.75836e-05 0.000317921 -116.738 0 0 0 1 
				1
				-7.53024e-05 -0.0208372 -0.999783 -0.000497232 0.00236403 -0.99978 0.0208369 0.253449 -0.999997 -0.00236195 0.000124546 -115.886 0 0 0 1 
				2
				0.000319755 -0.0371074 -0.999311 0.0046147 0.00582922 -0.999294 0.0371086 0.507879 -0.999983 -0.00583707 -0.000103223 -115.03 0 0 0 1 
				3
				0.000873783 -0.0558276 -0.99844 0.0113327 0.010074 -0.998389 0.0558336 0.820176 -0.999949 -0.0101071 -0.000309967 -114.171 0 0 0 1 
				4
				0.00157909 -0.0759391 -0.997111 0.0194425 0.014758 -0.997002 0.0759542 1.1657 -0.99989 -0.0148354 -0.000453639 -113.31 0 0 0 1 
				5
				0.00240436 -0.0963861 -0.995341 0.0285243 0.0195434 -0.995149 0.0964147 1.51985 -0.999806 -0.0196842 -0.000508987 -112.448 0 0 0 1 
				6
				0.00328828 -0.116085 -0.993234 0.0378812 0.0240854 -0.992942 0.11613 1.85724 -0.999705 -0.0243043 -0.000469135 -111.587 0 0 0 1 
				7
				0.00414147 -0.133962 -0.990978 0.0465607 0.0280449 -0.990581 0.134025 2.15252 -0.999598 -0.0283469 -0.000345519 -110.729 0 0 0 1 
				8
				0.00485603 -0.148993 -0.988826 0.0534576 0.0310987 -0.988337 0.149072 2.38119 -0.999505 -0.0314752 -0.000165915 -109.873 0 0 0 1 
				9
				0.00531467 -0.160161 -0.987076 0.057411 0.0329273 -0.986527 0.160249 2.51875 -0.999444 -0.0333535 3.06222e-05 -109.023 0 0 0 1 
				10
				0.00540345 -0.166425 -0.986039 0.0573426 0.0332004 -0.98548 0.166513 2.5399 -0.999434 -0.0336367 0.0002004 -108.178 0 0 0 1 
				11
				0.00503613 -0.166735 -0.985989 0.0525259 0.0315824 -0.985483 0.166811 2.41928 -0.999488 -0.03198 0.000302883 -107.342 0 0 0 1 
				12
				0.00418355 -0.160057 -0.987099 0.0429078 0.0277372 -0.986709 0.160112 2.13222 -0.999607 -0.0280492 0.000311602 -106.513 0 0 0 1 
				13
				0.00290174 -0.145328 -0.989379 0.0294136 0.0213132 -0.98915 0.145357 1.65398 -0.999769 -0.0215086 0.000227147 -105.695 0 0 0 1 
				14
				0.00136857 -0.121414 -0.992601 0.0143488 0.0119316 -0.99253 0.121421 0.958868 -0.999928 -0.0120095 9.03201e-05 -104.888 0 0 0 1 
				15
				-6.79012e-05 -0.0871571 -0.996195 0.0019163 -0.000794494 -0.996195 0.0871572 0.0212374 -1 0.000797389 -1.60298e-06 -104.092 0 0 0 1 
				16
				-0.000730676 -0.0122128 -0.999925 0.00304302 -0.0269316 -0.999562 0.012228 -1.89238 -0.999637 0.0269385 0.000401446 -103.204 0 0 0 1 
				17
				0.00524735 0.119546 -0.992815 0.0853622 -0.0716612 -0.990231 -0.119613 -5.17752 -0.997415 0.071774 0.00337071 -102.173 0 0 0 1 
				18
				0.0255359 0.283098 -0.958751 0.332557 -0.125795 -0.95053 -0.284021 -9.30358 -0.991728 0.127859 0.0113397 -101.083 0 0 0 1 
				19
				0.0628426 0.449845 -0.890893 0.774853 -0.178381 -0.873221 -0.453505 -13.7258 -0.981953 0.187418 0.0253684 -100.024 0 0 0 1 
				20
				0.112656 0.59411 -0.796456 1.36452 -0.219979 -0.766756 -0.603071 -17.9287 -0.968978 0.243143 0.0443125 -99.0951 0 0 0 1 
				21
				0.164358 0.699616 -0.695359 1.98286 -0.246035 -0.653589 -0.715743 -21.4418 -0.955224 0.288721 0.0647077 -98.4033 0 0 0 1 
				22
				0.204402 0.761816 -0.6147 2.46784 -0.258087 -0.563799 -0.784552 -23.8375 -0.944251 0.31901 0.0813731 -98.0686 0 0 0 1 
				23
				0.220011 0.783304 -0.581404 2.65585 -0.261163 -0.526954 -0.808773 -24.7218 -0.939888 0.32978 0.0886339 -98.2132 0 0 0 1 
				24
				0.218561 0.78329 -0.581969 2.63276 -0.260859 -0.527784 -0.808329 -24.6474 -0.94031 0.328481 0.0889756 -98.6677 0 0 0 1 
				25
				0.214431 0.780061 -0.587813 2.57632 -0.260046 -0.534497 -0.80417 -24.423 -0.941486 0.325297 0.0882391 -99.185 0 0 0 1 
				26
				0.207847 0.773684 -0.598509 2.4896 -0.25866 -0.546618 -0.796432 -24.0577 -0.943342 0.320346 0.0865083 -99.7609 0 0 0 1 
				27
				0.199059 0.764138 -0.613571 2.376 -0.256593 -0.563617 -0.785172 -23.5602 -0.945799 0.313734 0.0838797 -100.391 0 0 0 1 
				28
				0.188333 0.751331 -0.632481 2.23914 -0.253709 -0.584925 -0.770386 -22.9384 -0.948769 0.305556 0.0804587 -101.07 0 0 0 1 
				29
				0.175957 0.735142 -0.65468 2.08292 -0.249855 -0.609925 -0.75204 -22.2004 -0.952161 0.295902 0.0763583 -101.795 0 0 0 1 
				30
				0.162242 0.715448 -0.679568 1.91147 -0.244882 -0.637954 -0.730101 -21.3543 -0.955882 0.284866 0.0716973 -102.56 0 0 0 1 
				31
				0.147514 0.692149 -0.706519 1.72907 -0.238652 -0.668318 -0.704554 -20.4088 -0.959836 0.272544 0.0665967 -103.361 0 0 0 1 
				32
				0.132107 0.665178 -0.734905 1.53995 -0.231055 -0.700315 -0.675405 -19.3721 -0.96393 0.259029 0.0611758 -104.194 0 0 0 1 
				33
				0.11636 0.634526 -0.764092 1.34832 -0.22201 -0.733236 -0.64271 -18.2532 -0.968076 0.244422 0.0555514 -105.054 0 0 0 1 
				34
				0.100617 0.600265 -0.793447 1.15835 -0.211484 -0.766366 -0.606596 -17.0615 -0.972189 0.228835 0.0498371 -105.936 0 0 0 1 
				35
				0.0852107 0.562555 -0.822357 0.97396 -0.199489 -0.799014 -0.567257 -15.8072 -0.976188 0.212388 0.0441391 -106.837 0 0 0 1 
				36
				0.0704524 0.521631 -0.850257 0.798739 -0.186085 -0.83054 -0.524953 -14.5004 -0.980004 0.195205 0.0385544 -107.752 0 0 0 1 
				37
				0.056626 0.477819 -0.876631 0.635874 -0.17138 -0.860355 -0.480018 -13.1518 -0.983576 0.177418 0.03317 -108.677 0 0 0 1 
				38
				0.0439841 0.431542 -0.90102 0.488135 -0.155529 -0.887939 -0.432869 -11.7729 -0.986852 0.159174 0.0280621 -109.608 0 0 0 1 
				39
				0.0327339 0.383297 -0.923045 0.357728 -0.138732 -0.912857 -0.383987 -10.3754 -0.989789 0.140626 0.0232944 -110.54 0 0 0 1 
				40
				0.0230294 0.333641 -0.942419 0.246225 -0.121218 -0.934782 -0.333899 -8.97111 -0.992359 0.121928 0.0189158 -111.47 0 0 0 1 
				41
				0.0149697 0.283174 -0.958952 0.154569 -0.103239 -0.953496 -0.283174 -7.57209 -0.994544 0.10324 0.0149611 -112.393 0 0 0 1 
				42
				0.00859795 0.232549 -0.972547 0.0830684 -0.0850698 -0.968887 -0.232426 -6.1908 -0.996338 0.0847327 0.0114524 -113.305 0 0 0 1 
				43
				0.00389773 0.182435 -0.98321 0.0313696 -0.0669901 -0.980962 -0.182283 -4.83977 -0.997746 0.0665758 0.00839779 -114.204 0 0 0 1 
				44
				0.000794992 0.133489 -0.99105 -0.0015161 -0.0492726 -0.989841 -0.133365 -3.53114 -0.998785 0.0489376 0.00579041 -115.085 0 0 0 1 
				45
				-0.000836156 0.0863533 -0.996264 -0.0171472 -0.0321779 -0.995751 -0.0862818 -2.2769 -0.999482 0.0319855 0.00361127 -115.944 0 0 0 1 
				46
				-0.00116833 0.0416589 -0.999131 -0.0176004 -0.015953 -0.999006 -0.041635 -1.08923 -0.999872 0.0158905 0.00183176 -116.778 0 0 0 1 
				47
				-0.000413965 -1.03572e-06 -1 -0.00539559 -0.000821564 -1 1.37582e-06 0.0199438 -1 0.000821565 0.000413963 -117.584 0 0 0 1 
		</Joint>
			4
				-1
				-0.000413965 -9.0256e-07 -1 -0.0165033 -0.000821564 -1 1.24266e-06 0.0027469 -1 0.000821565 0.000413963 -144.416 0 0 0 1 
				0
				-0.000317687 -0.0081066 -0.999967 -0.0123734 3.01599e-05 -0.999967 0.00810659 0.0879819 -1 -2.75836e-05 0.000317921 -143.57 0 0 0 1 
				1
				-7.53024e-05 -0.0208372 -0.999783 -0.00241678 0.00236403 -0.99978 0.0208369 0.321728 -0.999997 -0.00236195 0.000124546 -142.718 0 0 0 1 
				2
				0.000319755 -0.0371074 -0.999311 0.0133744 0.00582922 -0.999294 0.0371087 0.669135 -0.999983 -0.00583707 -0.000103223 -141.862 0 0 0 1 
				3
				0.000873783 -0.0558276 -0.99844 0.035049 0.010074 -0.998389 0.0558336 1.09533 -0.999949 -0.0101071 -0.000309967 -141.002 0 0 0 1 
				4
				0.00157909 -0.0759391 -0.997111 0.0621813 0.014758 -0.997002 0.0759542 1.56653 -0.99989 -0.0148354 -0.000453639 -140.139 0 0 0 1 
				5
				0.00240436 -0.0963861 -0.995341 0.0935063 0.0195434 -0.995149 0.0964148 2.04907 -0.999806 -0.0196842 -0.000508987 -139.275 0 0 0 1 
				6
				0.00328828 -0.116085 -0.993234 0.126676 0.0240854 -0.992942 0.11613 2.50832 -0.999705 -0.0243043 -0.000469135 -138.412 0 0 0 1 
				7
				0.00414147 -0.133962 -0.990978 0.158336 0.0280449 -0.990581 0.134025 2.90983 -0.999598 -0.0283469 -0.000345519 -137.55 0 0 0 1 
				8
				0.00485603 -0.148993 -0.988826 0.184479 0.0310987 -0.988337 0.149072 3.22043 -0.999505 -0.0314751 -0.000165914 -136.692 0 0 0 1 
				9
				0.00531467 -0.160161 -0.987076 0.200793 0.0329273 -0.986527 0.160249 3.40706 -0.999444 -0.0333535 3.06223e-05 -135.84 0 0 0 1 
				10
				0.00540345 -0.166425 -0.986039 0.203137 0.0332004 -0.98548 0.166513 3.43553 -0.999434 -0.0336367 0.000200401 -134.995 0 0 0 1 
				11
				0.00503614 -0.166735 -0.985989 0.188466 0.0315824 -0.985483 0.166811 3.27149 -0.999488 -0.03198 0.000302883 -134.16 0 0 0 1 
				12
				0.00418355 -0.160057 -0.987099 0.155939 0.0277372 -0.986709 0.160112 2.88126 -0.999607 -0.0280492 0.000311602 -133.335 0 0 0 1 
				13
				0.00290174 -0.145328 -0.989379 0.107979 0.0213132 -0.98915 0.145357 2.23065 -0.999769 -0.0215086 0.000227147 -132.521 0 0 0 1 
				14
				0.00136857 -0.121414 -0.992601 0.0516593 0.0119316 -0.99253 0.121421 1.28383 -0.999928 -0.0120095 9.03202e-05 -131.718 0 0 0 1 
				15
				-6.79012e-05 -0.0871571 -0.996195 0.000516845 -0.000794494 -0.996195 0.0871572 0.00474847 -1 0.000797389 -1.60298e-06 -130.924 0 0 0 1 
				16
				-0.000730676 -0.0122128 -0.999925 -0.0165036 -0.0269316 -0.999562 0.012228 -2.61018 -0.999637 0.0269385 0.000401446 -130.027 0 0 0 1 
				17
				0.00524735 0.119546 -0.992815 0.225582 -0.0716612 -0.990231 -0.119613 -7.09556 -0.997415 0.071774 0.00337071 -128.936 0 0 0 1 
				18
				0.0255359 0.283098 -0.958751 1.01637 -0.125795 -0.95053 -0.284021 -12.6743 -0.991728 0.127859 0.0113397 -127.694 0 0 0 1 
				19
				0.0628426 0.449845 -0.890893 2.45889 -0.178381 -0.873221 -0.453505 -18.508 -0.981953 0.187418 0.0253684 -126.373 0 0 0 1 
				20
				0.112656 0.59411 -0.796456 4.38446 -0.219979 -0.766756 -0.603071 -23.8275 -0.968978 0.243143 0.0443124 -125.096 0 0 0 1 
				21
				0.164358 0.699616 -0.695359 6.38958 -0.246035 -0.653589 -0.715743 -28.0403 -0.955224 0.288721 0.0647077 -124.036 0 0 0 1 
				22
				0.204402 0.761816 -0.6147 7.94874 -0.258087 -0.563799 -0.784552 -30.7599 -0.944251 0.31901 0.0813731 -123.407 0 0 0 1 
				23
				0.220011 0.783304 -0.581404 8.55548 -0.261163 -0.526954 -0.808773 -31.7269 -0.939888 0.32978 0.0886339 -123.434 0 0 0 1 
				24
				0.218561 0.78329 -0.581969 8.49348 -0.260859 -0.527784 -0.808329 -31.6443 -0.94031 0.328481 0.0889755 -123.9 0 0 0 1 
				25
				0.214431 0.780061 -0.587813 8.32624 -0.260046 -0.534497 -0.80417 -31.398 -0.941486 0.325297 0.0882391 -124.449 0 0 0 1 
				26
				0.207847 0.773684 -0.598509 8.06288 -0.25866 -0.546618 -0.796432 -30.9955 -0.943342 0.320346 0.0865083 -125.075 0 0 0 1 
				27
				0.199059 0.764138 -0.613571 7.71352 -0.256593 -0.563618 -0.785172 -30.4425 -0.945799 0.313734 0.0838797 -125.77 0 0 0 1 
				28
				0.188333 0.751331 -0.632481 7.28894 -0.253709 -0.584925 -0.770386 -29.7432 -0.948769 0.305556 0.0804587 -126.529 0 0 0 1 
				29
				0.175957 0.735142 -0.65468 6.8007 -0.249855 -0.609925 -0.752039 -28.9017 -0.952161 0.295902 0.0763583 -127.345 0 0 0 1 
				30
				0.162242 0.715448 -0.679568 6.26134 -0.244882 -0.637954 -0.730101 -27.922 -0.955882 0.284866 0.0716973 -128.21 0 0 0 1 
				31
				0.147514 0.692149 -0.706519 5.68388 -0.238652 -0.668318 -0.704554 -26.8092 -0.959836 0.272544 0.0665967 -129.117 0 0 0 1 
				32
				0.132107 0.665178 -0.734905 5.08148 -0.231055 -0.700315 -0.675405 -25.5685 -0.96393 0.259029 0.0611757 -130.059 0 0 0 1 
				33
				0.11636 0.634526 -0.764092 4.46748 -0.22201 -0.733236 -0.64271 -24.2067 -0.968076 0.244422 0.0555514 -131.031 0 0 0 1 
				34
				0.100617 0.600265 -0.793447 3.85523 -0.211484 -0.766366 -0.606596 -22.7324 -0.972189 0.228835 0.0498371 -132.024 0 0 0 1 
				35
				0.0852107 0.562555 -0.822357 3.25764 -0.199489 -0.799014 -0.567257 -21.1561 -0.976188 0.212388 0.0441391 -133.032 0 0 0 1 
				36
				0.0704524 0.521631 -0.850257 2.68662 -0.186085 -0.83054 -0.524953 -19.4895 -0.980005 0.195205 0.0385544 -134.049 0 0 0 1 
				37
				0.056626 0.477819 -0.876631 2.15297 -0.17138 -0.860355 -0.480018 -17.7462 -0.983576 0.177418 0.03317 -135.07 0 0 0 1 
				38
				0.0439841 0.431542 -0.90102 1.66624 -0.155529 -0.887939 -0.432869 -15.9418 -0.986852 0.159174 0.0280621 -136.088 0 0 0 1 
				39
				0.0327339 0.383297 -0.923045 1.2342 -0.138732 -0.912857 -0.383987 -14.0935 -0.989789 0.140626 0.0232944 -137.099 0 0 0 1 
				40
				0.0230294 0.333641 -0.942419 0.862543 -0.121218 -0.934782 -0.333899 -12.2192 -0.992359 0.121928 0.0189158 -138.097 0 0 0 1 
				41
				0.0149697 0.283174 -0.958952 0.554868 -0.103239 -0.953496 -0.283174 -10.3376 -0.994544 0.10324 0.0149611 -139.079 0 0 0 1 
				42
				0.00859795 0.232549 -0.972547 0.312645 -0.0850698 -0.968887 -0.232426 -8.46873 -0.996338 0.0847327 0.0114524 -140.04 0 0 0 1 
				43
				0.00389773 0.182435 -0.98321 0.135071 -0.0669901 -0.980962 -0.182283 -6.63252 -0.997746 0.0665758 0.00839779 -140.976 0 0 0 1 
				44
				0.000794992 0.133489 -0.99105 0.0191683 -0.0492726 -0.989841 -0.133365 -4.84844 -0.998785 0.0489376 0.00579041 -141.885 0 0 0 1 
				45
				-0.000836155 0.0863532 -0.996264 -0.0400019 -0.0321779 -0.995751 -0.0862818 -3.13548 -0.999482 0.0319855 0.00361127 -142.763 0 0 0 1 
				46
				-0.00116833 0.0416589 -0.999131 -0.0491516 -0.015953 -0.999006 -0.041635 -1.51244 -0.999872 0.0158905 0.00183176 -143.607 0 0 0 1 
				47
				-0.000413965 -1.03572e-06 -1 -0.0165033 -0.000821564 -1 1.37582e-06 0.00274691 -1 0.000821565 0.000413963 -144.416 0 0 0 1 
		</Joint>
			5
				-1
				1 1.26066e-06 0.00041676 2.87617 -1.27119e-06 1 2.52793e-05 -0.00209645 -0.00041676 -2.52798e-05 1 -144.418 0 0 0 1 
				0
				0.999967 0.00810652 0.000314028 2.88017 -0.00810625 0.999967 -0.000826441 0.0596936 -0.000320717 0.000823869 1 -143.571 0 0 0 1 
				1
				0.999783 0.0208372 6.15058e-05 2.88953 -0.0208369 0.999778 -0.0031602 0.256615 -0.000127342 0.00315823 0.999995 -142.719 0 0 0 1 
				2
				0.999311 0.0371072 -0.000346509 2.90388 -0.0371086 0.999289 -0.00662504 0.556955 0.000100426 0.00663334 0.999978 -141.861 0 0 0 1 
				3
				0.99844 0.0558269 -0.000915445 2.92294 -0.0558336 0.998381 -0.0108692 0.928985 0.000307171 0.0109033 0.999941 -141.001 0 0 0 1 
				4
				0.997112 0.0759378 -0.00163677 2.94614 -0.0759541 0.99699 -0.0155522 1.34199 0.000450843 0.0156316 0.999878 -140.138 0 0 0 1 
				5
				0.995341 0.0963842 -0.00247833 2.97224 -0.0964147 0.995133 -0.0203361 1.76536 0.000506191 0.0204803 0.99979 -139.274 0 0 0 1 
				6
				0.993234 0.116082 -0.00337794 2.99922 -0.11613 0.992923 -0.0248764 2.16759 0.000466339 0.0251003 0.999685 -138.411 0 0 0 1 
				7
				0.990978 0.133959 -0.00424537 3.02427 -0.134025 0.990558 -0.028834 2.51735 0.000342724 0.0291429 0.999575 -137.549 0 0 0 1 
				8
				0.988826 0.148989 -0.00497191 3.04411 -0.149072 0.988312 -0.0318861 2.78444 0.000163119 0.032271 0.999479 -136.692 0 0 0 1 
				9
				0.987076 0.160157 -0.00543944 3.05531 -0.160249 0.986501 -0.0337133 2.93873 -3.34171e-05 0.0341493 0.999417 -135.84 0 0 0 1 
				10
				0.986039 0.166421 -0.00553321 3.05463 -0.166513 0.985453 -0.0339856 2.94909 -0.000203195 0.0344325 0.999407 -134.996 0 0 0 1 
				11
				0.985989 0.166731 -0.00516614 3.03981 -0.166811 0.985458 -0.0323676 2.78418 -0.000305677 0.0327759 0.999463 -134.161 0 0 0 1 
				12
				0.987099 0.160054 -0.00430824 3.01052 -0.160112 0.986687 -0.0285234 2.41334 -0.000314397 0.0288452 0.999584 -133.336 0 0 0 1 
				13
				0.989379 0.145325 -0.00301469 2.96923 -0.145357 0.989133 -0.0221012 1.8054 -0.000229943 0.0223047 0.999751 -132.522 0 0 0 1 
				14
				0.992601 0.121413 -0.00146247 2.92235 -0.121421 0.99252 -0.0127223 0.927797 -9.31163e-05 0.0128057 0.999918 -131.718 0 0 0 1 
				15
				0.996195 0.0871572 1.28498e-06 2.88177 -0.0871572 0.996195 9.95362e-07 -0.25219 -1.19334e-06 -1.10357e-06 1 -130.924 0 0 0 1 
				16
				0.999925 0.0122134 0.000723747 2.8759 -0.0122281 0.999584 0.0261356 -2.65039 -0.000404242 -0.0261425 0.999658 -130.028 0 0 0 1 
				17
				0.992815 -0.11955 -0.00514938 3.09805 0.119613 0.990288 0.070873 -6.75435 -0.0033735 -0.0709797 0.997472 -128.946 0 0 0 1 
				18
				0.958751 -0.283119 -0.0253078 3.7911 0.284021 0.95063 0.125039 -11.8574 -0.0113425 -0.127069 0.991829 -127.726 0 0 0 1 
				19
				0.890893 -0.449895 -0.0624819 5.03813 0.453504 0.873362 0.177687 -17.2004 -0.0253711 -0.186636 0.982102 -126.446 0 0 0 1 
				20
				0.796456 -0.5942 -0.11218 6.69122 0.603071 0.766931 0.21937 -22.0868 -0.0443152 -0.242371 0.969171 -125.223 0 0 0 1 
				21
				0.69536 -0.699747 -0.163799 8.40442 0.715743 0.653784 0.245516 -25.9731 -0.0647103 -0.28796 0.955454 -124.221 0 0 0 1 
				22
				0.614701 -0.761979 -0.203794 9.73057 0.784552 0.564004 0.25764 -28.4931 -0.0813758 -0.318258 0.944505 -123.641 0 0 0 1 
				23
				0.581405 -0.783479 -0.219385 10.2411 0.808772 0.527162 0.260745 -29.3899 -0.0886366 -0.329031 0.94015 -123.689 0 0 0 1 
				24
				0.581969 -0.783464 -0.217936 10.1807 0.808328 0.527992 0.260441 -29.3086 -0.0889782 -0.327732 0.940571 -124.156 0 0 0 1 
				25
				0.587814 -0.780231 -0.213808 10.0304 0.804169 0.534704 0.259622 -29.0744 -0.0882416 -0.324547 0.941744 -124.703 0 0 0 1 
				26
				0.598509 -0.773849 -0.207229 9.79791 0.796431 0.546824 0.258227 -28.6944 -0.0865109 -0.319595 0.943597 -125.323 0 0 0 1 
				27
				0.613572 -0.764296 -0.198449 9.49208 0.785172 0.563822 0.256147 -28.174 -0.0838823 -0.31298 0.946048 -126.011 0 0 0 1 
				28
				0.632481 -0.751481 -0.187733 9.12213 0.770385 0.585127 0.253245 -27.5176 -0.0804614 -0.3048 0.949012 -126.761 0 0 0 1 
				29
				0.65468 -0.735281 -0.17537 8.69804 0.752039 0.610124 0.249371 -26.7292 -0.0763608 -0.295144 0.952396 -127.564 0 0 0 1 
				30
				0.679568 -0.715577 -0.16167 8.23057 0.7301 0.638149 0.244376 -25.8132 -0.0717 -0.284105 0.956109 -128.416 0 0 0 1 
				31
