<?xml version='1.0' encoding='UTF-8' ?>
<itpanim>
	<skeleton count>
		37
			0 -1
			1.37091e-06 -1 -6.12323e-17 1e-06 1 1.37091e-06 -6.12323e-17 -1.37225e-12 6.12323e-17 -6.12323e-17 1 21.9617 0 0 0 1 
			1 0
			1.3868e-06 -2.28068e-12 -1 -21.9617 2.75771e-06 -1 6.10495e-12 1.00008e-06 -1 -2.75771e-06 -1.3868e-06 -3.04564e-05 0 0 0 1 
			2 1
			-0.000205999 -0.000823318 -1 -24.8731 -1.2413e-06 -1 0.000823318 0.0257198 -1 1.41091e-06 0.000205998 0.00512379 0 0 0 1 
			3 2
			-0.000383999 -0.00100932 -0.999999 -31.4555 -1.03656e-06 -0.999999 0.00100932 0.036812 -1 1.42414e-06 0.000383997 0.0107229 0 0 0 1 
			4 3
			-0.000383999 -0.00100932 -0.999999 -38.038 -1.03656e-06 -0.999999 0.00100932 0.0388247 -1 1.42414e-06 0.000383997 0.0107229 0 0 0 1 
			5 4
			1.34309e-06 9.82436e-13 -1 -40.5657 -1.40269e-06 -1 -2.86637e-12 -0.00211895 -1 1.40269e-06 -1.34309e-06 -0.00490874 0 0 0 1 
			6 5
			1 -0 0 0 0 1 0 0 -0 -0 1 -0 0 0 0 1 
			7 4
			0.950432 6.75818e-05 0.310933 10.539 -1.42282e-06 1 -0.000213002 -0.00652172 -0.310933 0.000202002 0.950432 36.5745 0 0 0 1 
			8 7
			0.476976 0.0235788 0.8786 28.6752 0.0457762 0.997617 -0.0516239 -2.17945 -0.877723 0.0648423 0.47476 23.1227 0 0 0 1 
			9 8
			0.476835 0.0205561 0.878752 22.2236 0.0472212 0.997684 -0.0489616 -2.11213 -0.877724 0.0648423 0.47476 23.1227 0 0 0 1 
			10 9
			0.476835 0.0205561 0.878752 15.4032 -0.877686 0.0656367 0.474721 23.121 -0.04792 -0.997632 0.0493396 2.13054 0 0 0 1 
			11 10
			1 -0 0 0 0 1 0 0 -0 -0 1 -0 0 0 0 1 
			12 11
			1 -0 0 0 0 1 0 0 -0 -0 1 -0 0 0 0 1 
			13 12
			1 -0 0 0 0 1 0 0 -0 -0 1 -0 0 0 0 1 
			14 10
			1 -0 0 0 0 1 0 0 -0 -0 1 -0 0 0 0 1 
			15 14
			1 -0 0 0 0 1 0 0 -0 -0 1 -0 0 0 0 1 
			16 15
			1 -0 0 0 0 1 0 0 -0 -0 1 -0 0 0 0 1 
			17 4
			-0.950193 6.50589e-05 0.311663 10.5594 -1.39561e-06 1 -0.000213002 -0.00652172 -0.311663 -0.000202828 -0.950193 -36.5678 0 0 0 1 
			18 17
			-0.476976 0.0235775 0.8786 28.6676 -0.045779 0.997617 -0.0516239 -2.17948 -0.877723 -0.0648447 -0.47476 -23.1259 0 0 0 1 
			19 18
			-0.476835 0.0205548 0.878752 22.216 -0.0472239 0.997684 -0.0489616 -2.11218 -0.877723 -0.0648447 -0.47476 -23.1259 0 0 0 1 
			20 19
			-0.476835 0.0205547 0.878752 15.3956 0.877685 0.0656391 0.474721 23.1242 -0.0479228 0.997632 -0.0493396 -2.13059 0 0 0 1 
			21 20
			1 -0 0 0 0 1 0 0 -0 -0 1 -0 0 0 0 1 
			22 21
			1 -0 0 0 0 1 0 0 -0 -0 1 -0 0 0 0 1 
			23 22
			1 -0 0 0 0 1 0 0 -0 -0 1 -0 0 0 0 1 
			24 20
			1 -0 0 0 0 1 0 0 -0 -0 1 -0 0 0 0 1 
			25 24
			1 -0 0 0 0 1 0 0 -0 -0 1 -0 0 0 0 1 
			26 25
			1 -0 0 0 0 1 0 0 -0 -0 1 -0 0 0 0 1 
			27 2
			1.37369e-06 -0.0998331 0.995004 21.852 0 -0.995004 -0.0998331 -2.1925 1 1.3714e-07 -1.36683e-06 -4.26131 0 0 0 1 
			28 27
			1.37369e-06 0.0998335 0.995004 12.303 0 -0.995004 0.0998335 0.256849 1 -1.3714e-07 -1.36683e-06 -4.26131 0 0 0 1 
			29 28
			1.3716e-06 -6.00745e-14 1 2.57273 0 -1 -6.00745e-14 4.22662e-06 1 8.23984e-20 -1.3716e-06 -4.26131 0 0 0 1 
			30 29
			1.3723e-06 -1 -6.00133e-14 -5.50713 0 6.00133e-14 -1 -0.331805 1 1.3723e-06 8.23562e-20 -4.26131 0 0 0 1 
			31 30
			1 -0 0 0 0 1 0 0 -0 -0 1 -0 0 0 0 1 
			32 2
			1.37369e-06 -0.0998331 0.995004 21.852 0 -0.995004 -0.0998331 -2.1925 1 1.3714e-07 -1.36683e-06 4.26131 0 0 0 1 
			33 32
			1.37369e-06 0.0998335 0.995004 12.303 0 -0.995004 0.0998335 0.256849 1 -1.3714e-07 -1.36683e-06 4.26131 0 0 0 1 
			34 33
			1.3716e-06 -6.00745e-14 1 2.57273 0 -1 -6.00745e-14 4.22662e-06 1 8.23984e-20 -1.3716e-06 4.26131 0 0 0 1 
			35 34
			1.3723e-06 -1 -6.00133e-14 -5.50713 0 6.00133e-14 -1 -0.331804 1 1.3723e-06 8.23562e-20 4.26131 0 0 0 1 
			36 35
			1 -0 0 0 0 1 0 0 -0 -0 1 -0 0 0 0 1 
	</skeleton>
		<animations>
			33
			0
				-1
				1.33158e-06 1 0 0 -1 1.33158e-06 0 9.75445e-07 -0 -0 1 -19.1942 0 0 0 1 
				0
				1.46474e-06 1 0 0 -1 1.46474e-06 0 9.59147e-07 -0 -0 1 -19.6654 0 0 0 1 
				1
				1.33158e-06 1 0 0 -1 1.33158e-06 0 9.41631e-07 -0 -0 1 -20.2036 0 0 0 1 
				2
				1.46474e-06 1 0 0 -1 1.46474e-06 0 9.23631e-07 -0 -0 1 -20.7683 0 0 0 1 
				3
				1.33158e-06 1 0 0 -1 1.33158e-06 0 9.05884e-07 -0 -0 1 -21.3192 0 0 0 1 
				4
				1.33158e-06 1 0 0 -1 1.33158e-06 0 8.89103e-07 -0 -0 1 -21.8169 0 0 0 1 
				5
				1.46474e-06 1 0 0 -1 1.46474e-06 0 8.74002e-07 -0 -0 1 -22.2223 0 0 0 1 
				6
				1.46474e-06 1 0 0 -1 1.46474e-06 0 8.61315e-07 -0 -0 1 -22.4949 0 0 0 1 
				7
				1.46474e-06 1 0 0 -1 1.46474e-06 0 8.51781e-07 -0 -0 1 -22.5941 0 0 0 1 
				8
				1.46474e-06 1 0 0 -1 1.46474e-06 0 8.45903e-07 -0 -0 1 -22.4477 0 0 0 1 
				9
				1.46474e-06 1 0 0 -1 1.46474e-06 0 8.43243e-07 -0 -0 1 -22.0593 0 0 0 1 
				10
				1.33158e-06 1 0 0 -1 1.33158e-06 0 8.43024e-07 -0 -0 1 -21.511 0 0 0 1 
				11
				1.46474e-06 1 0 0 -1 1.46474e-06 0 8.44471e-07 -0 -0 1 -20.8846 0 0 0 1 
				12
				1.33158e-06 1 0 0 -1 1.33158e-06 0 8.46831e-07 -0 -0 1 -20.2594 0 0 0 1 
				13
				1.46474e-06 1 0 0 -1 1.46474e-06 0 8.49354e-07 -0 -0 1 -19.7147 0 0 0 1 
				14
				1.46474e-06 1 0 0 -1 1.46474e-06 0 8.51262e-07 -0 -0 1 -19.3323 0 0 0 1 
				15
				1.46474e-06 1 0 0 -1 1.46474e-06 0 8.51781e-07 -0 -0 1 -19.1942 0 0 0 1 
				16
				1.46474e-06 1 0 0 -1 1.46474e-06 0 8.50333e-07 -0 -0 1 -19.3536 0 0 0 1 
				17
				1.46474e-06 1 0 0 -1 1.46474e-06 0 8.47364e-07 -0 -0 1 -19.7602 0 0 0 1 
				18
				1.46474e-06 1 0 0 -1 1.46474e-06 0 8.43728e-07 -0 -0 1 -20.3304 0 0 0 1 
				19
				1.46474e-06 1 0 0 -1 1.46474e-06 0 8.40282e-07 -0 -0 1 -20.9804 0 0 0 1 
				20
				1.46474e-06 1 0 0 -1 1.46474e-06 0 8.37855e-07 -0 -0 1 -21.6293 0 0 0 1 
				21
				1.46474e-06 1 0 0 -1 1.46474e-06 0 8.37274e-07 -0 -0 1 -22.1959 0 0 0 1 
				22
				1.46474e-06 1 0 0 -1 1.46474e-06 0 8.39397e-07 -0 -0 1 -22.5965 0 0 0 1 
				23
				1.46474e-06 1 0 0 -1 1.46474e-06 0 8.45079e-07 -0 -0 1 -22.7475 0 0 0 1 
				24
				1.46474e-06 1 0 0 -1 1.46474e-06 0 8.5481e-07 -0 -0 1 -22.6437 0 0 0 1 
				25
				1.46474e-06 1 0 0 -1 1.46474e-06 0 8.68033e-07 -0 -0 1 -22.3588 0 0 0 1 
				26
				1.46474e-06 1 0 0 -1 1.46474e-06 0 8.83934e-07 -0 -0 1 -21.9352 0 0 0 1 
				27
				1.46474e-06 1 0 0 -1 1.46474e-06 0 9.01695e-07 -0 -0 1 -21.415 0 0 0 1 
				28
				1.46474e-06 1 0 0 -1 1.46474e-06 0 9.20528e-07 -0 -0 1 -20.8393 0 0 0 1 
				29
				1.46474e-06 1 0 0 -1 1.46474e-06 0 9.39641e-07 -0 -0 1 -20.2491 0 0 0 1 
				30
				1.46474e-06 1 0 0 -1 1.46474e-06 0 9.58219e-07 -0 -0 1 -19.6866 0 0 0 1 
				31
				1.46474e-06 1 0 0 -1 1.46474e-06 0 9.75445e-07 -0 -0 1 -19.1942 0 0 0 1 
		</Joint>
			1
				-1
				1.33158e-06 2.66316e-06 -1 0 0 -1 -2.66316e-06 9.75445e-07 -1 3.54621e-12 -1.33158e-06 -19.1942 0 0 0 1 
				0
				1.33158e-06 2.79632e-06 -1 0 0 -1 -2.79632e-06 9.59147e-07 -1 3.72352e-12 -1.33158e-06 -19.6654 0 0 0 1 
				1
				1.33158e-06 2.66316e-06 -1 0 0 -1 -2.66316e-06 9.41631e-07 -1 3.54621e-12 -1.33158e-06 -20.2036 0 0 0 1 
				2
				1.33158e-06 2.79632e-06 -1 0 0 -1 -2.79632e-06 9.23631e-07 -1 3.72352e-12 -1.33158e-06 -20.7683 0 0 0 1 
				3
				1.33158e-06 2.66316e-06 -1 0 0 -1 -2.66316e-06 9.05884e-07 -1 3.54621e-12 -1.33158e-06 -21.3192 0 0 0 1 
				4
				1.33158e-06 2.66316e-06 -1 0 0 -1 -2.66316e-06 8.89103e-07 -1 3.54621e-12 -1.33158e-06 -21.8169 0 0 0 1 
				5
				1.33158e-06 2.79632e-06 -1 0 0 -1 -2.79632e-06 8.74002e-07 -1 3.72352e-12 -1.33158e-06 -22.2223 0 0 0 1 
				6
				1.33158e-06 2.79632e-06 -1 0 0 -1 -2.79632e-06 8.61315e-07 -1 3.72352e-12 -1.33158e-06 -22.4949 0 0 0 1 
				7
				1.33158e-06 2.79632e-06 -1 0 0 -1 -2.79632e-06 8.51781e-07 -1 3.72352e-12 -1.33158e-06 -22.5941 0 0 0 1 
				8
				1.33158e-06 2.79632e-06 -1 0 0 -1 -2.79632e-06 8.45903e-07 -1 3.72352e-12 -1.33158e-06 -22.4477 0 0 0 1 
				9
				1.33158e-06 2.79632e-06 -1 0 0 -1 -2.79632e-06 8.43243e-07 -1 3.72352e-12 -1.33158e-06 -22.0593 0 0 0 1 
				10
				1.33158e-06 2.66316e-06 -1 0 0 -1 -2.66316e-06 8.43024e-07 -1 3.54621e-12 -1.33158e-06 -21.511 0 0 0 1 
				11
				1.33158e-06 2.79632e-06 -1 0 0 -1 -2.79632e-06 8.44471e-07 -1 3.72352e-12 -1.33158e-06 -20.8846 0 0 0 1 
				12
				1.33158e-06 2.66316e-06 -1 0 0 -1 -2.66316e-06 8.46831e-07 -1 3.54621e-12 -1.33158e-06 -20.2594 0 0 0 1 
				13
				1.33158e-06 2.79632e-06 -1 0 0 -1 -2.79632e-06 8.49354e-07 -1 3.72352e-12 -1.33158e-06 -19.7147 0 0 0 1 
				14
				1.33158e-06 2.79632e-06 -1 0 0 -1 -2.79632e-06 8.51262e-07 -1 3.72352e-12 -1.33158e-06 -19.3323 0 0 0 1 
				15
				1.33158e-06 2.79632e-06 -1 0 0 -1 -2.79632e-06 8.51781e-07 -1 3.72352e-12 -1.33158e-06 -19.1942 0 0 0 1 
				16
				1.33158e-06 2.79632e-06 -1 0 0 -1 -2.79632e-06 8.50333e-07 -1 3.72352e-12 -1.33158e-06 -19.3536 0 0 0 1 
				17
				1.33158e-06 2.79632e-06 -1 0 0 -1 -2.79632e-06 8.47364e-07 -1 3.72352e-12 -1.33158e-06 -19.7602 0 0 0 1 
				18
				1.33158e-06 2.79632e-06 -1 0 0 -1 -2.79632e-06 8.43728e-07 -1 3.72352e-12 -1.33158e-06 -20.3304 0 0 0 1 
				19
				1.33158e-06 2.79632e-06 -1 0 0 -1 -2.79632e-06 8.40282e-07 -1 3.72352e-12 -1.33158e-06 -20.9804 0 0 0 1 
				20
				1.33158e-06 2.79632e-06 -1 0 0 -1 -2.79632e-06 8.37855e-07 -1 3.72352e-12 -1.33158e-06 -21.6293 0 0 0 1 
				21
				1.33158e-06 2.79632e-06 -1 0 0 -1 -2.79632e-06 8.37274e-07 -1 3.72352e-12 -1.33158e-06 -22.1959 0 0 0 1 
				22
				1.33158e-06 2.79632e-06 -1 0 0 -1 -2.79632e-06 8.39397e-07 -1 3.72352e-12 -1.33158e-06 -22.5965 0 0 0 1 
				23
				1.33158e-06 2.79632e-06 -1 0 0 -1 -2.79632e-06 8.45079e-07 -1 3.72352e-12 -1.33158e-06 -22.7475 0 0 0 1 
				24
				1.33158e-06 2.79632e-06 -1 0 0 -1 -2.79632e-06 8.5481e-07 -1 3.72352e-12 -1.33158e-06 -22.6437 0 0 0 1 
				25
				1.33158e-06 2.79632e-06 -1 0 0 -1 -2.79632e-06 8.68033e-07 -1 3.72352e-12 -1.33158e-06 -22.3588 0 0 0 1 
				26
				1.33158e-06 2.79632e-06 -1 0 0 -1 -2.79632e-06 8.83934e-07 -1 3.72352e-12 -1.33158e-06 -21.9352 0 0 0 1 
				27
				1.33158e-06 2.79632e-06 -1 0 0 -1 -2.79632e-06 9.01695e-07 -1 3.72352e-12 -1.33158e-06 -21.415 0 0 0 1 
				28
				1.33158e-06 2.79632e-06 -1 0 0 -1 -2.79632e-06 9.20528e-07 -1 3.72352e-12 -1.33158e-06 -20.8393 0 0 0 1 
				29
				1.33158e-06 2.79632e-06 -1 0 0 -1 -2.79632e-06 9.39641e-07 -1 3.72352e-12 -1.33158e-06 -20.2491 0 0 0 1 
				30
				1.33158e-06 2.79632e-06 -1 0 0 -1 -2.79632e-06 9.58219e-07 -1 3.72352e-12 -1.33158e-06 -19.6866 0 0 0 1 
				31
				1.33158e-06 2.79632e-06 -1 0 0 -1 -2.79632e-06 9.75445e-07 -1 3.72352e-12 -1.33158e-06 -19.1942 0 0 0 1 
		</Joint>
			2
				-1
				1.38779e-06 -1.52815e-06 -1 4.03108e-06 -0.00079765 -1 1.52704e-06 0.00523756 -1 0.00079765 -1.38901e-06 -22.1057 0 0 0 1 
				0
				1.3879e-06 -1.39539e-06 -1 4.03038e-06 -0.000797649 -1 1.39429e-06 0.00523752 -1 0.000797649 -1.38901e-06 -22.5768 0 0 0 1 
				1
				1.38779e-06 -1.52954e-06 -1 4.03109e-06 -0.00079765 -1 1.52844e-06 0.00523749 -1 0.00079765 -1.38901e-06 -23.115 0 0 0 1 
				2
				1.3879e-06 -1.39761e-06 -1 4.0304e-06 -0.000797649 -1 1.3965e-06 0.00523744 -1 0.000797649 -1.38901e-06 -23.6798 0 0 0 1 
				3
				1.38779e-06 -1.53187e-06 -1 4.0311e-06 -0.00079765 -1 1.53076e-06 0.0052374 -1 0.00079765 -1.38901e-06 -24.2306 0 0 0 1 
				4
				1.38779e-06 -1.53251e-06 -1 4.03111e-06 -0.00079765 -1 1.5314e-06 0.00523736 -1 0.00079765 -1.38901e-06 -24.7284 0 0 0 1 
				5
				1.3879e-06 -1.39918e-06 -1 4.0304e-06 -0.000797649 -1 1.39807e-06 0.00523733 -1 0.000797649 -1.38901e-06 -25.1337 0 0 0 1 
				6
				1.3879e-06 -1.39784e-06 -1 4.03039e-06 -0.000797649 -1 1.39674e-06 0.0052373 -1 0.000797649 -1.38901e-06 -25.4063 0 0 0 1 
				7
				1.3879e-06 -1.39499e-06 -1 4.03038e-06 -0.000797649 -1 1.39388e-06 0.00523729 -1 0.000797649 -1.38901e-06 -25.5056 0 0 0 1 
				8
				1.3879e-06 -1.38958e-06 -1 4.03035e-06 -0.000797649 -1 1.38848e-06 0.00523729 -1 0.000797649 -1.38901e-06 -25.3591 0 0 0 1 
				9
				1.38791e-06 -1.38148e-06 -1 4.03031e-06 -0.000797649 -1 1.38038e-06 0.0052373 -1 0.000797649 -1.38901e-06 -24.9708 0 0 0 1 
				10
				1.38781e-06 -1.50491e-06 -1 4.03096e-06 -0.00079765 -1 1.50381e-06 0.00523733 -1 0.00079765 -1.38901e-06 -24.4225 0 0 0 1 
				11
				1.38793e-06 -1.36146e-06 -1 4.03021e-06 -0.000797649 -1 1.36035e-06 0.00523736 -1 0.000797649 -1.38901e-06 -23.7961 0 0 0 1 
				12
				1.38783e-06 -1.48479e-06 -1 4.03086e-06 -0.00079765 -1 1.48368e-06 0.00523739 -1 0.00079765 -1.38901e-06 -23.1709 0 0 0 1 
				13
				1.38794e-06 -1.3433e-06 -1 4.03011e-06 -0.000797649 -1 1.34219e-06 0.00523741 -1 0.000797649 -1.38901e-06 -22.6261 0 0 0 1 
				14
				1.38795e-06 -1.33753e-06 -1 4.03008e-06 -0.000797649 -1 1.33642e-06 0.00523743 -1 0.000797649 -1.38901e-06 -22.2438 0 0 0 1 
				15
				1.38795e-06 -1.33538e-06 -1 4.03007e-06 -0.000797649 -1 1.33428e-06 0.00523744 -1 0.000797649 -1.38901e-06 -22.1057 0 0 0 1 
				16
				1.38795e-06 -1.33753e-06 -1 4.03008e-06 -0.00079765 -1 1.33642e-06 0.00523743 -1 0.00079765 -1.38901e-06 -22.265 0 0 0 1 
				17
				1.38794e-06 -1.3433e-06 -1 4.03011e-06 -0.000797649 -1 1.34219e-06 0.00523741 -1 0.000797649 -1.38901e-06 -22.6717 0 0 0 1 
				18
				1.38793e-06 -1.35163e-06 -1 4.03016e-06 -0.00079765 -1 1.35052e-06 0.00523738 -1 0.00079765 -1.38901e-06 -23.2418 0 0 0 1 
				19
				1.38793e-06 -1.36146e-06 -1 4.03021e-06 -0.000797649 -1 1.36035e-06 0.00523735 -1 0.000797649 -1.38901e-06 -23.8919 0 0 0 1 
				20
				1.38792e-06 -1.37176e-06 -1 4.03026e-06 -0.00079765 -1 1.37065e-06 0.00523732 -1 0.00079765 -1.38901e-06 -24.5407 0 0 0 1 
				21
				1.38791e-06 -1.38148e-06 -1 4.03031e-06 -0.000797649 -1 1.38038e-06 0.00523729 -1 0.000797649 -1.38901e-06 -25.1073 0 0 0 1 
				22
				1.3879e-06 -1.38958e-06 -1 4.03035e-06 -0.00079765 -1 1.38848e-06 0.00523728 -1 0.00079765 -1.38901e-06 -25.5079 0 0 0 1 
				23
				1.3879e-06 -1.39499e-06 -1 4.03038e-06 -0.000797649 -1 1.39388e-06 0.00523728 -1 0.000797649 -1.38901e-06 -25.6589 0 0 0 1 
				24
				1.3879e-06 -1.39784e-06 -1 4.0304e-06 -0.00079765 -1 1.39674e-06 0.00523729 -1 0.00079765 -1.38901e-06 -25.5552 0 0 0 1 
				25
				1.3879e-06 -1.39918e-06 -1 4.0304e-06 -0.000797649 -1 1.39807e-06 0.00523732 -1 0.000797649 -1.38901e-06 -25.2703 0 0 0 1 
				26
				1.3879e-06 -1.39935e-06 -1 4.03041e-06 -0.00079765 -1 1.39824e-06 0.00523735 -1 0.00079765 -1.38901e-06 -24.8466 0 0 0 1 
				27
				1.3879e-06 -1.39871e-06 -1 4.03041e-06 -0.000797649 -1 1.39761e-06 0.00523739 -1 0.000797649 -1.38901e-06 -24.3265 0 0 0 1 
				28
				1.3879e-06 -1.39761e-06 -1 4.0304e-06 -0.00079765 -1 1.3965e-06 0.00523744 -1 0.00079765 -1.38901e-06 -23.7508 0 0 0 1 
				29
				1.3879e-06 -1.39639e-06 -1 4.03039e-06 -0.000797649 -1 1.39528e-06 0.00523748 -1 0.000797649 -1.38901e-06 -23.1606 0 0 0 1 
				30
				1.3879e-06 -1.39539e-06 -1 4.03039e-06 -0.00079765 -1 1.39429e-06 0.00523752 -1 0.00079765 -1.38901e-06 -22.5981 0 0 0 1 
				31
				1.3879e-06 -1.39499e-06 -1 4.03038e-06 -0.000797649 -1 1.39388e-06 0.00523756 -1 0.000797649 -1.38901e-06 -22.1057 0 0 0 1 
		</Joint>
			3
				-1
				1.38777e-06 -1.55795e-06 -1 1.31598e-05 -0.00079765 -1 1.55684e-06 0.00522851 -1 0.00079765 -1.38901e-06 -28.6881 0 0 0 1 
				0
				1.38788e-06 -1.4256e-06 -1 1.31591e-05 -0.000797649 -1 1.42449e-06 0.00522847 -1 0.000797649 -1.38901e-06 -29.1593 0 0 0 1 
				1
				1.38777e-06 -1.56074e-06 -1 1.31598e-05 -0.00079765 -1 1.55963e-06 0.00522843 -1 0.00079765 -1.38901e-06 -29.6975 0 0 0 1 
				2
				1.38787e-06 -1.43004e-06 -1 1.31591e-05 -0.000797649 -1 1.42893e-06 0.00522839 -1 0.000797649 -1.38901e-06 -30.2622 0 0 0 1 
				3
				1.38776e-06 -1.5654e-06 -1 1.31598e-05 -0.00079765 -1 1.56429e-06 0.00522835 -1 0.00079765 -1.38901e-06 -30.8131 0 0 0 1 
				4
				1.38776e-06 -1.56667e-06 -1 1.31598e-05 -0.00079765 -1 1.56557e-06 0.00522831 -1 0.00079765 -1.38901e-06 -31.3108 0 0 0 1 
				5
				1.38787e-06 -1.43317e-06 -1 1.31591e-05 -0.000797649 -1 1.43207e-06 0.00522828 -1 0.000797649 -1.38901e-06 -31.7162 0 0 0 1 
				6
				1.38787e-06 -1.4305e-06 -1 1.31591e-05 -0.000797649 -1 1.42939e-06 0.00522825 -1 0.000797649 -1.38901e-06 -31.9887 0 0 0 1 
				7
				1.38788e-06 -1.42479e-06 -1 1.31591e-05 -0.000797649 -1 1.42368e-06 0.00522824 -1 0.000797649 -1.38901e-06 -32.088 0 0 0 1 
				8
				1.38788e-06 -1.41398e-06 -1 1.3159e-05 -0.000797649 -1 1.41287e-06 0.00522824 -1 0.000797649 -1.38901e-06 -31.9415 0 0 0 1 
				9
				1.3879e-06 -1.39778e-06 -1 1.31589e-05 -0.000797649 -1 1.39667e-06 0.00522825 -1 0.000797649 -1.38901e-06 -31.5532 0 0 0 1 
				10
				1.38781e-06 -1.51148e-06 -1 1.31595e-05 -0.00079765 -1 1.51037e-06 0.00522828 -1 0.00079765 -1.38901e-06 -31.0049 0 0 0 1 
				11
				1.38793e-06 -1.35774e-06 -1 1.31587e-05 -0.000797649 -1 1.35663e-06 0.00522831 -1 0.000797649 -1.38901e-06 -30.3785 0 0 0 1 
				12
				1.38784e-06 -1.47124e-06 -1 1.31593e-05 -0.00079765 -1 1.47013e-06 0.00522833 -1 0.00079765 -1.38901e-06 -29.7533 0 0 0 1 
				13
				1.38796e-06 -1.32141e-06 -1 1.31585e-05 -0.000797649 -1 1.32031e-06 0.00522836 -1 0.000797649 -1.38901e-06 -29.2086 0 0 0 1 
				14
				1.38797e-06 -1.30987e-06 -1 1.31585e-05 -0.000797649 -1 1.30876e-06 0.00522838 -1 0.000797649 -1.38901e-06 -28.8262 0 0 0 1 
				15
				1.38797e-06 -1.30558e-06 -1 1.31584e-05 -0.000797649 -1 1.30447e-06 0.00522838 -1 0.000797649 -1.38901e-06 -28.6881 0 0 0 1 
				16
				1.38797e-06 -1.30987e-06 -1 1.31585e-05 -0.00079765 -1 1.30876e-06 0.00522838 -1 0.00079765 -1.38901e-06 -28.8475 0 0 0 1 
				17
				1.38796e-06 -1.32141e-06 -1 1.31585e-05 -0.000797649 -1 1.32031e-06 0.00522836 -1 0.000797649 -1.38901e-06 -29.2541 0 0 0 1 
				18
				1.38795e-06 -1.33808e-06 -1 1.31586e-05 -0.00079765 -1 1.33697e-06 0.00522833 -1 0.00079765 -1.38901e-06 -29.8243 0 0 0 1 
				19
				1.38793e-06 -1.35774e-06 -1 1.31587e-05 -0.000797649 -1 1.35663e-06 0.0052283 -1 0.000797649 -1.38901e-06 -30.4743 0 0 0 1 
				20
				1.38791e-06 -1.37832e-06 -1 1.31588e-05 -0.00079765 -1 1.37722e-06 0.00522827 -1 0.00079765 -1.38901e-06 -31.1232 0 0 0 1 
				21
				1.3879e-06 -1.39778e-06 -1 1.31589e-05 -0.000797649 -1 1.39667e-06 0.00522824 -1 0.000797649 -1.38901e-06 -31.6897 0 0 0 1 
				22
				1.38789e-06 -1.41398e-06 -1 1.3159e-05 -0.00079765 -1 1.41287e-06 0.00522822 -1 0.00079765 -1.38901e-06 -32.0904 0 0 0 1 
				23
				1.38788e-06 -1.42479e-06 -1 1.31591e-05 -0.000797649 -1 1.42368e-06 0.00522822 -1 0.000797649 -1.38901e-06 -32.2413 0 0 0 1 
				24
				1.38787e-06 -1.4305e-06 -1 1.31591e-05 -0.00079765 -1 1.42939e-06 0.00522824 -1 0.00079765 -1.38901e-06 -32.1376 0 0 0 1 
				25
				1.38787e-06 -1.43317e-06 -1 1.31591e-05 -0.000797649 -1 1.43206e-06 0.00522826 -1 0.000797649 -1.38901e-06 -31.8527 0 0 0 1 
				26
				1.38787e-06 -1.43352e-06 -1 1.31591e-05 -0.00079765 -1 1.43241e-06 0.0052283 -1 0.00079765 -1.38901e-06 -31.429 0 0 0 1 
				27
				1.38787e-06 -1.43224e-06 -1 1.31591e-05 -0.000797649 -1 1.43113e-06 0.00522834 -1 0.000797649 -1.38901e-06 -30.9089 0 0 0 1 
				28
				1.38787e-06 -1.43003e-06 -1 1.31591e-05 -0.00079765 -1 1.42893e-06 0.00522838 -1 0.00079765 -1.38901e-06 -30.3332 0 0 0 1 
				29
				1.38787e-06 -1.42758e-06 -1 1.31591e-05 -0.000797649 -1 1.42648e-06 0.00522843 -1 0.000797649 -1.38901e-06 -29.743 0 0 0 1 
				30
				1.38788e-06 -1.4256e-06 -1 1.31591e-05 -0.00079765 -1 1.42449e-06 0.00522847 -1 0.00079765 -1.38901e-06 -29.1805 0 0 0 1 
				31
				1.38788e-06 -1.42479e-06 -1 1.31591e-05 -0.000797649 -1 1.42368e-06 0.00522851 -1 0.000797649 -1.38901e-06 -28.6881 0 0 0 1 
		</Joint>
			4
				-1
				1.38777e-06 -1.55795e-06 -1 2.22922e-05 -0.00079765 -1 1.55684e-06 0.00199078 -1 0.00079765 -1.38901e-06 -35.2705 0 0 0 1 
				0
				1.38788e-06 -1.4256e-06 -1 2.22919e-05 -0.000797649 -1 1.42449e-06 0.00199074 -1 0.000797649 -1.38901e-06 -35.7417 0 0 0 1 
				1
				1.38777e-06 -1.56074e-06 -1 2.22922e-05 -0.00079765 -1 1.55963e-06 0.0019907 -1 0.00079765 -1.38901e-06 -36.2799 0 0 0 1 
				2
				1.38787e-06 -1.43004e-06 -1 2.2292e-05 -0.000797649 -1 1.42893e-06 0.00199066 -1 0.000797649 -1.38901e-06 -36.8447 0 0 0 1 
				3
				1.38776e-06 -1.5654e-06 -1 2.22922e-05 -0.00079765 -1 1.56429e-06 0.00199062 -1 0.00079765 -1.38901e-06 -37.3955 0 0 0 1 
				4
				1.38776e-06 -1.56667e-06 -1 2.22922e-05 -0.00079765 -1 1.56557e-06 0.00199057 -1 0.00079765 -1.38901e-06 -37.8932 0 0 0 1 
				5
				1.38787e-06 -1.43317e-06 -1 2.2292e-05 -0.000797649 -1 1.43207e-06 0.00199054 -1 0.000797649 -1.38901e-06 -38.2986 0 0 0 1 
				6
				1.38787e-06 -1.4305e-06 -1 2.22919e-05 -0.000797649 -1 1.42939e-06 0.00199052 -1 0.000797649 -1.38901e-06 -38.5712 0 0 0 1 
				7
				1.38788e-06 -1.42479e-06 -1 2.22919e-05 -0.000797649 -1 1.42368e-06 0.0019905 -1 0.000797649 -1.38901e-06 -38.6705 0 0 0 1 
				8
				1.38788e-06 -1.41398e-06 -1 2.22919e-05 -0.000797649 -1 1.41287e-06 0.00199051 -1 0.000797649 -1.38901e-06 -38.524 0 0 0 1 
				9
				1.3879e-06 -1.39778e-06 -1 2.22919e-05 -0.000797649 -1 1.39667e-06 0.00199052 -1 0.000797649 -1.38901e-06 -38.1356 0 0 0 1 
				10
				1.38781e-06 -1.51148e-06 -1 2.22921e-05 -0.00079765 -1 1.51037e-06 0.00199054 -1 0.00079765 -1.38901e-06 -37.5873 0 0 0 1 
				11
				1.38793e-06 -1.35774e-06 -1 2.22918e-05 -0.000797649 -1 1.35663e-06 0.00199058 -1 0.000797649 -1.38901e-06 -36.9609 0 0 0 1 
				12
				1.38784e-06 -1.47124e-06 -1 2.2292e-05 -0.00079765 -1 1.47013e-06 0.0019906 -1 0.00079765 -1.38901e-06 -36.3357 0 0 0 1 
				13
				1.38796e-06 -1.32141e-06 -1 2.22917e-05 -0.000797649 -1 1.32031e-06 0.00199063 -1 0.000797649 -1.38901e-06 -35.791 0 0 0 1 
				14
				1.38797e-06 -1.30987e-06 -1 2.22917e-05 -0.000797649 -1 1.30876e-06 0.00199065 -1 0.000797649 -1.38901e-06 -35.4087 0 0 0 1 
				15
				1.38797e-06 -1.30558e-06 -1 2.22917e-05 -0.000797649 -1 1.30447e-06 0.00199065 -1 0.000797649 -1.38901e-06 -35.2705 0 0 0 1 
				16
				1.38797e-06 -1.30987e-06 -1 2.22917e-05 -0.00079765 -1 1.30876e-06 0.00199065 -1 0.00079765 -1.38901e-06 -35.4299 0 0 0 1 
				17
				1.38796e-06 -1.32141e-06 -1 2.22917e-05 -0.000797649 -1 1.32031e-06 0.00199063 -1 0.000797649 -1.38901e-06 -35.8365 0 0 0 1 
				18
				1.38795e-06 -1.33808e-06 -1 2.22918e-05 -0.00079765 -1 1.33697e-06 0.0019906 -1 0.00079765 -1.38901e-06 -36.4067 0 0 0 1 
				19
				1.38793e-06 -1.35774e-06 -1 2.22918e-05 -0.000797649 -1 1.35663e-06 0.00199057 -1 0.000797649 -1.38901e-06 -37.0567 0 0 0 1 
				20
				1.38791e-06 -1.37832e-06 -1 2.22918e-05 -0.00079765 -1 1.37722e-06 0.00199053 -1 0.00079765 -1.38901e-06 -37.7056 0 0 0 1 
				21
				1.3879e-06 -1.39778e-06 -1 2.22919e-05 -0.000797649 -1 1.39667e-06 0.00199051 -1 0.000797649 -1.38901e-06 -38.2722 0 0 0 1 
				22
				1.38789e-06 -1.41398e-06 -1 2.22919e-05 -0.00079765 -1 1.41287e-06 0.00199049 -1 0.00079765 -1.38901e-06 -38.6728 0 0 0 1 
				23
				1.38788e-06 -1.42479e-06 -1 2.22919e-05 -0.000797649 -1 1.42368e-06 0.00199049 -1 0.000797649 -1.38901e-06 -38.8238 0 0 0 1 
				24
				1.38787e-06 -1.4305e-06 -1 2.22919e-05 -0.00079765 -1 1.42939e-06 0.00199051 -1 0.00079765 -1.38901e-06 -38.72 0 0 0 1 
				25
				1.38787e-06 -1.43317e-06 -1 2.2292e-05 -0.000797649 -1 1.43206e-06 0.00199053 -1 0.000797649 -1.38901e-06 -38.4351 0 0 0 1 
				26
				1.38787e-06 -1.43352e-06 -1 2.2292e-05 -0.00079765 -1 1.43241e-06 0.00199056 -1 0.00079765 -1.38901e-06 -38.0115 0 0 0 1 
				27
				1.38787e-06 -1.43224e-06 -1 2.2292e-05 -0.000797649 -1 1.43113e-06 0.00199061 -1 0.000797649 -1.38901e-06 -37.4913 0 0 0 1 
				28
				1.38787e-06 -1.43003e-06 -1 2.2292e-05 -0.00079765 -1 1.42893e-06 0.00199065 -1 0.00079765 -1.38901e-06 -36.9156 0 0 0 1 
				29
				1.38787e-06 -1.42758e-06 -1 2.22919e-05 -0.000797649 -1 1.42648e-06 0.0019907 -1 0.000797649 -1.38901e-06 -36.3254 0 0 0 1 
				30
				1.38788e-06 -1.4256e-06 -1 2.22919e-05 -0.00079765 -1 1.42449e-06 0.00199074 -1 0.00079765 -1.38901e-06 -35.7629 0 0 0 1 
				31
				1.38788e-06 -1.42479e-06 -1 2.22919e-05 -0.000797649 -1 1.42368e-06 0.00199078 -1 0.000797649 -1.38901e-06 -35.2705 0 0 0 1 
		</Joint>
			5
				-1
				1.38685e-06 -1.55684e-06 -1 2.58001e-05 0 -1 1.55684e-06 -2.54364e-05 -1 -2.15911e-12 -1.38685e-06 -37.7982 0 0 0 1 
				0
				1.38685e-06 -1.41623e-06 -1 2.58001e-05 0 -1 1.41623e-06 -2.54712e-05 -1 -1.96411e-12 -1.38685e-06 -38.2694 0 0 0 1 
				1
				1.38685e-06 -1.54194e-06 -1 2.58001e-05 0 -1 1.54194e-06 -2.55166e-05 -1 -2.13844e-12 -1.38685e-06 -38.8076 0 0 0 1 
				2
				1.38685e-06 -1.40133e-06 -1 2.58001e-05 0 -1 1.40133e-06 -2.55566e-05 -1 -1.94344e-12 -1.38685e-06 -39.3723 0 0 0 1 
				3
				1.38685e-06 -1.52704e-06 -1 2.58001e-05 0 -1 1.52704e-06 -2.55951e-05 -1 -2.11778e-12 -1.38685e-06 -39.9232 0 0 0 1 
				4
				1.38685e-06 -1.51959e-06 -1 2.58001e-05 0 -1 1.51959e-06 -2.56362e-05 -1 -2.10744e-12 -1.38685e-06 -40.4209 0 0 0 1 
				5
				1.38685e-06 -1.37898e-06 -1 2.58001e-05 0 -1 1.37898e-06 -2.56691e-05 -1 -1.91244e-12 -1.38685e-06 -40.8263 0 0 0 1 
				6
				1.38685e-06 -1.37153e-06 -1 2.58001e-05 0 -1 1.37153e-06 -2.56936e-05 -1 -1.90211e-12 -1.38685e-06 -41.0989 0 0 0 1 
				7
				1.38685e-06 -1.36408e-06 -1 2.58001e-05 0 -1 1.36408e-06 -2.57098e-05 -1 -1.89178e-12 -1.38685e-06 -41.1982 0 0 0 1 
				8
				1.38685e-06 -1.35582e-06 -1 2.58001e-05 0 -1 1.35582e-06 -2.57041e-05 -1 -1.88032e-12 -1.38685e-06 -41.0517 0 0 0 1 
				9
				1.38685e-06 -1.34638e-06 -1 2.58001e-05 0 -1 1.34638e-06 -2.56953e-05 -1 -1.86723e-12 -1.38685e-06 -40.6633 0 0 0 1 
				10
				1.38685e-06 -1.46964e-06 -1 2.58001e-05 0 -1 1.46964e-06 -2.56706e-05 -1 -2.03817e-12 -1.38685e-06 -40.115 0 0 0 1 
				11
				1.38685e-06 -1.32683e-06 -1 2.58001e-05 0 -1 1.32683e-06 -2.56391e-05 -1 -1.84011e-12 -1.38685e-06 -39.4886 0 0 0 1 
				12
				1.38685e-06 -1.45126e-06 -1 2.58001e-05 0 -1 1.45126e-06 -2.56114e-05 -1 -2.01268e-12 -1.38685e-06 -38.8634 0 0 0 1 
				13
				1.38685e-06 -1.31099e-06 -1 2.58001e-05 0 -1 1.31099e-06 -2.55835e-05 -1 -1.81815e-12 -1.38685e-06 -38.3187 0 0 0 1 
				14
				1.38685e-06 -1.30621e-06 -1 2.58001e-05 0 -1 1.30621e-06 -2.55637e-05 -1 -1.81153e-12 -1.38685e-06 -37.9363 0 0 0 1 
				15
				1.38685e-06 -1.30447e-06 -1 2.58001e-05 0 -1 1.30447e-06 -2.55581e-05 -1 -1.80911e-12 -1.38685e-06 -37.7982 0 0 0 1 
				16
				1.38685e-06 -1.30622e-06 -1 2.58001e-05 0 -1 1.30622e-06 -2.5566e-05 -1 -1.81153e-12 -1.38685e-06 -37.9576 0 0 0 1 
				17
				1.38685e-06 -1.31099e-06 -1 2.58001e-05 0 -1 1.31099e-06 -2.55867e-05 -1 -1.81815e-12 -1.38685e-06 -38.3642 0 0 0 1 
				18
				1.38685e-06 -1.3181e-06 -1 2.58001e-05 0 -1 1.3181e-06 -2.56156e-05 -1 -1.82801e-12 -1.38685e-06 -38.9344 0 0 0 1 
				19
				1.38685e-06 -1.32683e-06 -1 2.58001e-05 0 -1 1.32683e-06 -2.56475e-05 -1 -1.84011e-12 -1.38685e-06 -39.5844 0 0 0 1 
				20
				1.38685e-06 -1.33648e-06 -1 2.58001e-05 0 -1 1.33648e-06 -2.5682e-05 -1 -1.8535e-12 -1.38685e-06 -40.2333 0 0 0 1 
				21
				1.38685e-06 -1.34638e-06 -1 2.58001e-05 0 -1 1.34638e-06 -2.57043e-05 -1 -1.86723e-12 -1.38685e-06 -40.7999 0 0 0 1 
				22
				1.38685e-06 -1.35582e-06 -1 2.58001e-05 0 -1 1.35582e-06 -2.57219e-05 -1 -1.88032e-12 -1.38685e-06 -41.2005 0 0 0 1 
				23
				1.38685e-06 -1.36408e-06 -1 2.58001e-05 0 -1 1.36408e-06 -2.57219e-05 -1 -1.89178e-12 -1.38685e-06 -41.3515 0 0 0 1 
				24
				1.38685e-06 -1.37153e-06 -1 2.58001e-05 0 -1 1.37153e-06 -2.57095e-05 -1 -1.90211e-12 -1.38685e-06 -41.2477 0 0 0 1 
				25
				1.38685e-06 -1.37898e-06 -1 2.58001e-05 0 -1 1.37898e-06 -2.56798e-05 -1 -1.91244e-12 -1.38685e-06 -40.9628 0 0 0 1 
				26
				1.38685e-06 -1.38643e-06 -1 2.58001e-05 0 -1 1.38643e-06 -2.56493e-05 -1 -1.92277e-12 -1.38685e-06 -40.5392 0 0 0 1 
				27
				1.38685e-06 -1.39388e-06 -1 2.58001e-05 0 -1 1.39388e-06 -2.5607e-05 -1 -1.93311e-12 -1.38685e-06 -40.019 0 0 0 1 
				28
				1.38685e-06 -1.40133e-06 -1 2.58001e-05 0 -1 1.40133e-06 -2.55626e-05 -1 -1.94344e-12 -1.38685e-06 -39.4433 0 0 0 1 
				29
				1.38685e-06 -1.40878e-06 -1 2.58001e-05 0 -1 1.40878e-06 -2.55165e-05 -1 -1.95377e-12 -1.38685e-06 -38.8531 0 0 0 1 
				30
				1.38685e-06 -1.41623e-06 -1 2.58001e-05 0 -1 1.41623e-06 -2.54717e-05 -1 -1.96411e-12 -1.38685e-06 -38.2906 0 0 0 1 
				31
				1.38685e-06 -1.42368e-06 -1 2.58001e-05 0 -1 1.42368e-06 -2.54344e-05 -1 -1.97444e-12 -1.38685e-06 -37.7982 0 0 0 1 
		</Joint>
			6
		</Joint>
			7
				-1
				0.950312 -1.23036e-06 -0.3113 1.35949 1.5982e-06 1 9.26503e-07 -2.03048e-05 0.3113 -1.37798e-06 0.950312 -35.2705 0 0 0 1 
				0
				0.950312 -1.36274e-06 -0.3113 1.35949 1.72396e-06 1 8.85186e-07 -2.01597e-05 0.3113 -1.37787e-06 0.950312 -35.7417 0 0 0 1 
				1
				0.950312 -1.22757e-06 -0.3113 1.35949 1.59554e-06 1 9.27372e-07 -2.03887e-05 0.3113 -1.37798e-06 0.950312 -36.2799 0 0 0 1 
				2
				0.950312 -1.35831e-06 -0.3113 1.35949 1.71975e-06 1 8.86567e-07 -2.02509e-05 0.3113 -1.37787e-06 0.950312 -36.8447 0 0 0 1 
				3
				0.950312 -1.22291e-06 -0.3113 1.35949 1.59112e-06 1 9.28822e-07 -2.04773e-05 0.3113 -1.37798e-06 0.950312 -37.3955 0 0 0 1 
				4
				0.950312 -1.22164e-06 -0.3113 1.35949 1.5899e-06 1 9.29219e-07 -2.05184e-05 0.3113 -1.37798e-06 0.950312 -37.8932 0 0 0 1 
				5
				0.950312 -1.35517e-06 -0.3113 1.35949 1.71677e-06 1 8.87543e-07 -2.03686e-05 0.3113 -1.37787e-06 0.950312 -38.2986 0 0 0 1 
				6
				0.950312 -1.35784e-06 -0.3113 1.35949 1.71931e-06 1 8.86711e-07 -2.03905e-05 0.3113 -1.37787e-06 0.950312 -38.5712 0 0 0 1 
				7
				0.950312 -1.36355e-06 -0.3113 1.35949 1.72473e-06 1 8.84934e-07 -2.03954e-05 0.3113 -1.37787e-06 0.950312 -38.6705 0 0 0 1 
				8
				0.950312 -1.37436e-06 -0.3113 1.35949 1.735e-06 1 8.81569e-07 -2.03782e-05 0.3113 -1.37787e-06 0.950312 -38.524 0 0 0 1 
				9
				0.950312 -1.39056e-06 -0.3113 1.35949 1.7504e-06 1 8.76526e-07 -2.03436e-05 0.3113 -1.37787e-06 0.950312 -38.1356 0 0 0 1 
				10
				0.950312 -1.27683e-06 -0.3113 1.35949 1.64235e-06 1 9.12038e-07 -2.04769e-05 0.3113 -1.37798e-06 0.950312 -37.5873 0 0 0 1 
				11
				0.950312 -1.43061e-06 -0.3113 1.35949 1.78845e-06 1 8.6406e-07 -2.02354e-05 0.3113 -1.37787e-06 0.950312 -36.9609 0 0 0 1 
				12
				0.950312 -1.31708e-06 -0.3113 1.35949 1.6806e-06 1 8.99509e-07 -2.0362e-05 0.3113 -1.37798e-06 0.950312 -36.3357 0 0 0 1 
				13
				0.950312 -1.46693e-06 -0.3113 1.35949 1.82297e-06 1 8.52753e-07 -2.01305e-05 0.3113 -1.37787e-06 0.950312 -35.791 0 0 0 1 
				14
				0.950312 -1.47847e-06 -0.3113 1.35949 1.83394e-06 1 8.4916e-07 -2.00965e-05 0.3113 -1.37787e-06 0.950312 -35.4086 0 0 0 1 
				15
				0.950312 -1.48276e-06 -0.3113 1.35949 1.83802e-06 1 8.47824e-07 -2.00834e-05 0.3113 -1.37787e-06 0.950312 -35.2705 0 0 0 1 
				16
				0.950312 -1.47844e-06 -0.3113 1.35949 1.83395e-06 1 8.49277e-07 -2.0097e-05 0.3113 -1.37798e-06 0.950312 -35.4299 0 0 0 1 
				17
				0.950312 -1.46693e-06 -0.3113 1.35949 1.82297e-06 1 8.52753e-07 -2.01344e-05 0.3113 -1.37787e-06 0.950312 -35.8365 0 0 0 1 
				18
				0.950312 -1.45023e-06 -0.3113 1.35949 1.80714e-06 1 8.58057e-07 -2.01871e-05 0.3113 -1.37798e-06 0.950312 -36.4067 0 0 0 1 
				19
				0.950312 -1.43061e-06 -0.3113 1.35949 1.78845e-06 1 8.6406e-07 -2.02456e-05 0.3113 -1.37787e-06 0.950312 -37.0567 0 0 0 1 
				20
				0.950312 -1.40999e-06 -0.3113 1.35949 1.76889e-06 1 8.70586e-07 -2.03047e-05 0.3113 -1.37798e-06 0.950312 -37.7056 0 0 0 1 
				21
				0.950312 -1.39056e-06 -0.3113 1.35949 1.7504e-06 1 8.76526e-07 -2.0358e-05 0.3113 -1.37787e-06 0.950312 -38.2722 0 0 0 1 
				22
				0.950312 -1.37433e-06 -0.3113 1.35949 1.73501e-06 1 8.81685e-07 -2.03954e-05 0.3113 -1.37798e-06 0.950312 -38.6728 0 0 0 1 
				23
				0.950312 -1.36355e-06 -0.3113 1.35949 1.72473e-06 1 8.84934e-07 -2.04093e-05 0.3113 -1.37787e-06 0.950312 -38.8238 0 0 0 1 
				24
				0.950312 -1.35781e-06 -0.3113 1.35949 1.71931e-06 1 8.86828e-07 -2.04046e-05 0.3113 -1.37798e-06 0.950312 -38.72 0 0 0 1 
				25
				0.950312 -1.35517e-06 -0.3113 1.35949 1.71677e-06 1 8.87543e-07 -2.03786e-05 0.3113 -1.37787e-06 0.950312 -38.4351 0 0 0 1 
				26
				0.950312 -1.3548e-06 -0.3113 1.35949 1.71644e-06 1 8.87767e-07 -2.0347e-05 0.3113 -1.37798e-06 0.950312 -38.0115 0 0 0 1 
				27
				0.950312 -1.3561e-06 -0.3113 1.35949 1.71765e-06 1 8.87253e-07 -2.03027e-05 0.3113 -1.37787e-06 0.950312 -37.4913 0 0 0 1 
				28
				0.950312 -1.35828e-06 -0.3113 1.35949 1.71975e-06 1 8.86683e-07 -2.02577e-05 0.3113 -1.37798e-06 0.950312 -36.9156 0 0 0 1 
				29
				0.950312 -1.36076e-06 -0.3113 1.35949 1.72208e-06 1 8.85804e-07 -2.02097e-05 0.3113 -1.37787e-06 0.950312 -36.3254 0 0 0 1 
				30
				0.950312 -1.36271e-06 -0.3113 1.35949 1.72397e-06 1 8.85302e-07 -2.01605e-05 0.3113 -1.37798e-06 0.950312 -35.7629 0 0 0 1 
				31
				0.950312 -1.36355e-06 -0.3113 1.35949 1.72473e-06 1 8.84934e-07 -2.01218e-05 0.3113 -1.37787e-06 0.950312 -35.2705 0 0 0 1 
		</Joint>
			8
				-1
				0.131636 -0.072 -0.98868 6.72093 -0.688528 0.710883 -0.143442 -1.12882e-05 0.713163 0.699615 0.0440036 -33.5143 0 0 0 1 
				0
				0.128087 -0.0766398 -0.988797 6.72093 -0.590894 0.794832 -0.13815 -1.04335e-05 0.796516 0.60197 0.0565219 -33.9854 0 0 0 1 
				1
				0.123768 -0.0808796 -0.98901 6.72093 -0.48126 0.866718 -0.131105 -1.1387e-05 0.867796 0.492197 0.0683482 -34.5236 0 0 0 1 
				2
				0.118909 -0.0845341 -0.9893 6.72093 -0.362329 0.923965 -0.122501 -1.05485e-05 0.924434 0.373019 0.0792383 -35.0884 0 0 0 1 
				3
				0.11378 -0.0874912 -0.989646 6.72093 -0.237472 0.964846 -0.112601 -1.15006e-05 0.964708 0.247825 0.0890032 -35.6392 0 0 0 1 
				4
				0.108384 -0.0897345 -0.990051 6.72093 -0.110387 0.988672 -0.101694 -1.15485e-05 0.987961 0.120311 0.0972511 -36.1369 0 0 0 1 
				5
				0.102849 -0.0912315 -0.990504 6.72093 0.0153705 0.995812 -0.0901243 -1.0683e-05 0.994578 -0.00595535 0.103821 -36.5423 0 0 0 1 
				6
				0.0973774 -0.0920178 -0.990984 6.72093 0.136185 0.987583 -0.0783199 -1.06906e-05 0.985886 -0.12733 0.1087 -36.8149 0 0 0 1 
				7
				0.0920254 -0.0921689 -0.991482 6.72093 0.24886 0.966238 -0.066724 -1.06648e-05 0.964158 -0.2406 0.111856 -36.9142 0 0 0 1 
				8
				0.0866995 -0.0917551 -0.992 6.72093 0.360646 0.931103 -0.0546024 -1.05898e-05 0.928664 -0.353027 0.113817 -36.7677 0 0 0 1 
				9
				0.0810949 -0.0906528 -0.992575 6.72093 0.474504 0.879273 -0.0415371 -1.04683e-05 0.87651 -0.467613 0.11432 -36.3793 0 0 0 1 
				10
				0.0756637 -0.0888789 -0.993164 6.72093 0.581542 0.813018 -0.028453 -1.12111e-05 0.80999 -0.575414 0.113203 -35.831 0 0 0 1 
				11
				0.0706336 -0.0865431 -0.993741 6.72093 0.674682 0.737928 -0.0163095 -1.01453e-05 0.734721 -0.669307 0.110512 -35.2046 0 0 0 1 
				12
				0.0664218 -0.0839805 -0.994251 6.72093 0.749435 0.662052 -0.00585433 -1.08804e-05 0.658738 -0.744738 0.106913 -34.5794 0 0 0 1 
				13
				0.0633077 -0.0816324 -0.99465 6.72093 0.803852 0.594824 0.00234563 -9.84573e-06 0.59145 -0.7997 0.103277 -34.0347 0 0 0 1 
				14
				0.0612927 -0.0798677 -0.994919 6.72093 0.837714 0.546053 0.00777323 -9.74989e-06 0.542658 -0.833935 0.100375 -33.6524 0 0 0 1 
				15
				0.060454 -0.0790655 -0.995035 6.72093 0.851151 0.524826 0.0100096 -9.71378e-06 0.521428 -0.84753 0.0990245 -33.5143 0 0 0 1 
				16
				0.0608724 -0.0794425 -0.994979 6.72093 0.844613 0.535302 0.00893273 -9.75027e-06 0.531905 -0.840916 0.0996833 -33.6736 0 0 0 1 
				17
				0.06238 -0.080781 -0.994778 6.72093 0.819814 0.572609 0.00490971 -9.84959e-06 0.569222 -0.815839 0.101945 -34.0802 0 0 0 1 
				18
				0.0648882 -0.0827796 -0.994453 6.72093 0.77699 0.629511 -0.00170263 -9.99163e-06 0.62616 -0.77257 0.105167 -34.6504 0 0 0 1 
				19
				0.0683933 -0.0851329 -0.99402 6.72093 0.71607 0.697949 -0.0105069 -1.01556e-05 0.69467 -0.711069 0.108696 -35.3005 0 0 0 1 
				20
				0.0727031 -0.0874629 -0.993511 6.72093 0.6379 0.76983 -0.0210911 -1.0325e-05 0.76668 -0.632228 0.111762 -35.9493 0 0 0 1 
				21
				0.0775101 -0.0894424 -0.992971 6.72093 0.545144 0.837697 -0.0329027 -1.04827e-05 0.834752 -0.538762 0.113689 -36.5159 0 0 0 1 
				22
				0.0826492 -0.0909179 -0.992423 6.72093 0.442631 0.895565 -0.0451821 -1.06069e-05 0.892887 -0.435543 0.114261 -36.9165 0 0 0 1 
				23
				0.0878331 -0.0918088 -0.991895 6.72093 0.336992 0.939772 -0.0571434 -1.06787e-05 0.937402 -0.329242 0.113482 -37.0675 0 0 0 1 
				24
				0.0933453 -0.0921654 -0.991359 6.72093 0.224119 0.972097 -0.0692718 -1.07046e-05 0.970081 -0.215716 0.111397 -36.9637 0 0 0 1 
				25
				0.0991811 -0.0918414 -0.990822 6.72093 0.0971493 0.991868 -0.0822138 -1.0693e-05 0.990316 -0.0881036 0.107297 -36.6788 0 0 0 1 
				26
				0.105269 -0.0906811 -0.990301 6.72093 -0.0396883 0.994657 -0.095299 -1.06632e-05 0.993651 0.0493354 0.101108 -36.2552 0 0 0 1 
				27
				0.111381 -0.0885818 -0.989822 6.72093 -0.181236 0.977505 -0.107873 -1.06121e-05 0.977112 0.191407 0.0928211 -35.735 0 0 0 1 
				28
				0.117243 -0.0855783 -0.989409 6.72093 -0.322314 0.93907 -0.119418 -1.05553e-05 0.939344 0.332902 0.0825165 -35.1593 0 0 0 1 
				29
				0.122807 -0.0816931 -0.989063 6.72093 -0.457196 0.879895 -0.129444 -1.04941e-05 0.880846 0.468092 0.0707073 -34.5691 0 0 0 1 
				30
				0.127719 -0.0770701 -0.988811 6.72093 -0.580608 0.802482 -0.137541 -1.04343e-05 0.804103 0.591678 0.0577444 -34.0067 0 0 0 1 
				31
				0.131636 -0.0720001 -0.98868 6.72093 -0.688527 0.710883 -0.143442 -1.03913e-05 0.713163 0.699615 0.0440035 -33.5143 0 0 0 1 
		</Joint>
			9
				-1
				0.0770685 0.128734 -0.98868 7.57105 -0.737141 -0.660339 -0.143442 -4.44662 -0.67133 0.739851 0.0440036 -28.9086 0 0 0 1 
				0
				0.076522 0.128158 -0.988797 7.54813 -0.794288 -0.591625 -0.13815 -3.81609 -0.602703 0.795962 0.0565219 -28.8414 0 0 0 1 
				1
				0.0756651 0.127023 -0.98901 7.52024 -0.845965 -0.51687 -0.131105 -3.10805 -0.527843 0.846587 0.0683482 -28.9193 0 0 0 1 
				2
				0.0744405 0.125475 -0.9893 7.48886 -0.890939 -0.437289 -0.122501 -2.33998 -0.447981 0.890525 0.0792383 -29.1182 0 0 0 1 
				3
				0.0728249 0.123681 -0.989646 7.45574 -0.928291 -0.354397 -0.112601 -1.53364 -0.364654 0.92688 0.0890032 -29.409 0 0 0 1 
				4
				0.0708911 0.121548 -0.990051 7.42089 -0.957509 -0.26988 -0.101694 -0.712905 -0.279556 0.955192 0.0972512 -29.7565 0 0 0 1 
				5
				0.0686714 0.119103 -0.990504 7.38514 -0.978538 -0.18531 -0.0901243 0.0992542 -0.194285 0.975435 0.103821 -30.1192 0 0 0 1 
				6
				0.0662286 0.116462 -0.990984 7.34981 -0.991644 -0.102511 -0.0783199 0.879489 -0.110708 0.987891 0.1087 -30.4479 0 0 0 1 
				7
				0.0636712 0.113621 -0.991482 7.31524 -0.9975 -0.0232666 -0.066724 1.60716 -0.0306497 0.993252 0.111856 -30.6875 0 0 0 1 
				8
				0.0607877 0.110638 -0.992 7.28085 -0.996816 0.0581053 -0.0546024 2.32909 0.0515994 0.992161 0.113817 -30.7702 0 0 0 1 
				9
				0.0574104 0.10723 -0.992575 7.24465 -0.988589 0.144797 -0.041537 3.0644 0.139268 0.983634 0.11432 -30.7187 0 0 0 1 
				10
				0.0536823 0.103647 -0.993164 7.20958 -0.972523 0.231061 -0.028453 3.75567 0.226533 0.967403 0.113203 -30.6 0 0 0 1 
				11
				0.0498346 0.0999766 -0.993741 7.17709 -0.950111 0.311484 -0.0163094 4.35718 0.307904 0.944978 0.110512 -30.4597 0 0 0 1 
				12
				0.046148 0.0966176 -0.994251 7.14989 -0.924434 0.381298 -0.00585434 4.83994 0.37854 0.91939 0.106913 -30.3252 0 0 0 1 
				13
				0.0429764 0.0939402 -0.99465 7.12978 -0.899726 0.436449 0.00234566 5.19138 0.434334 0.894812 0.103277 -30.215 0 0 0 1 
				14
				0.0407066 0.0920794 -0.994919 7.11677 -0.880821 0.473385 0.00777327 5.41006 0.471696 0.87603 0.100375 -30.1478 0 0 0 1 
				15
				0.039713 0.0912629 -0.995035 7.11135 -0.872369 0.488745 0.0100096 5.49684 0.487232 0.86764 0.0990245 -30.1468 0 0 0 1 
				16
				0.0401723 0.0916664 -0.994979 7.11405 -0.876606 0.481126 0.00893273 5.45462 0.479529 0.871846 0.0996833 -30.2385 0 0 0 1 
				17
				0.0418639 0.0930819 -0.994778 7.12379 -0.891321 0.453346 0.00490974 5.29446 0.451435 0.886461 0.101945 -30.4041 0 0 0 1 
				18
				0.0444882 0.0953087 -0.994453 7.13999 -0.912834 0.408328 -0.00170263 5.0179 0.4059 0.907846 0.105167 -30.6066 0 0 0 1 
				19
				0.0477241 0.0982225 -0.99402 7.16262 -0.937074 0.348973 -0.0105069 4.62447 0.345854 0.931971 0.108696 -30.8142 0 0 0 1 
				20
				0.0512653 0.101525 -0.993511 7.19046 -0.960214 0.278467 -0.0210911 4.11963 0.274519 0.955065 0.111762 -30.998 0 0 0 1 
				21
				0.0548493 0.104878 -0.992971 7.2215 -0.979131 0.200551 -0.0329026 3.5206 0.19569 0.974054 0.113689 -31.1249 0 0 0 1 
				22
				0.0582532 0.108183 -0.992423 7.25469 -0.991797 0.119571 -0.0451821 2.85856 0.113777 0.986914 0.114261 -31.1501 0 0 0 1 
				23
