<?xml version='1.0' encoding='UTF-8' ?>
<itpanim>
	<skeleton count>
		37
			0 -1
			1.37091e-06 -1 -6.12323e-17 1e-06 1 1.37091e-06 -6.12323e-17 -1.37225e-12 6.12323e-17 -6.12323e-17 1 21.9617 0 0 0 1 
			1 0
			1.3868e-06 -2.28068e-12 -1 -21.9617 2.75771e-06 -1 6.10495e-12 1.00008e-06 -1 -2.75771e-06 -1.3868e-06 -3.04564e-05 0 0 0 1 
			2 1
			-0.000205999 -0.000823318 -1 -24.8731 -1.2413e-06 -1 0.000823318 0.0257198 -1 1.41091e-06 0.000205998 0.00512379 0 0 0 1 
			3 2
			-0.000383999 -0.00100932 -0.999999 -31.4555 -1.03656e-06 -0.999999 0.00100932 0.036812 -1 1.42414e-06 0.000383997 0.0107229 0 0 0 1 
			4 3
			-0.000383999 -0.00100932 -0.999999 -38.038 -1.03656e-06 -0.999999 0.00100932 0.0388247 -1 1.42414e-06 0.000383997 0.0107229 0 0 0 1 
			5 4
			1.34309e-06 9.82436e-13 -1 -40.5657 -1.40269e-06 -1 -2.86637e-12 -0.00211895 -1 1.40269e-06 -1.34309e-06 -0.00490874 0 0 0 1 
			6 5
			1 -0 0 0 0 1 0 0 -0 -0 1 -0 0 0 0 1 
			7 4
			0.950432 6.75818e-05 0.310933 10.539 -1.42282e-06 1 -0.000213002 -0.00652172 -0.310933 0.000202002 0.950432 36.5745 0 0 0 1 
			8 7
			0.476976 0.0235788 0.8786 28.6752 0.0457762 0.997617 -0.0516239 -2.17945 -0.877723 0.0648423 0.47476 23.1227 0 0 0 1 
			9 8
			0.476835 0.0205561 0.878752 22.2236 0.0472212 0.997684 -0.0489616 -2.11213 -0.877724 0.0648423 0.47476 23.1227 0 0 0 1 
			10 9
			0.476835 0.0205561 0.878752 15.4032 -0.877686 0.0656367 0.474721 23.121 -0.04792 -0.997632 0.0493396 2.13054 0 0 0 1 
			11 10
			1 -0 0 0 0 1 0 0 -0 -0 1 -0 0 0 0 1 
			12 11
			1 -0 0 0 0 1 0 0 -0 -0 1 -0 0 0 0 1 
			13 12
			1 -0 0 0 0 1 0 0 -0 -0 1 -0 0 0 0 1 
			14 10
			1 -0 0 0 0 1 0 0 -0 -0 1 -0 0 0 0 1 
			15 14
			1 -0 0 0 0 1 0 0 -0 -0 1 -0 0 0 0 1 
			16 15
			1 -0 0 0 0 1 0 0 -0 -0 1 -0 0 0 0 1 
			17 4
			-0.950193 6.50589e-05 0.311663 10.5594 -1.39561e-06 1 -0.000213002 -0.00652172 -0.311663 -0.000202828 -0.950193 -36.5678 0 0 0 1 
			18 17
			-0.476976 0.0235775 0.8786 28.6676 -0.045779 0.997617 -0.0516239 -2.17948 -0.877723 -0.0648447 -0.47476 -23.1259 0 0 0 1 
			19 18
			-0.476835 0.0205548 0.878752 22.216 -0.0472239 0.997684 -0.0489616 -2.11218 -0.877723 -0.0648447 -0.47476 -23.1259 0 0 0 1 
			20 19
			-0.476835 0.0205547 0.878752 15.3956 0.877685 0.0656391 0.474721 23.1242 -0.0479228 0.997632 -0.0493396 -2.13059 0 0 0 1 
			21 20
			1 -0 0 0 0 1 0 0 -0 -0 1 -0 0 0 0 1 
			22 21
			1 -0 0 0 0 1 0 0 -0 -0 1 -0 0 0 0 1 
			23 22
			1 -0 0 0 0 1 0 0 -0 -0 1 -0 0 0 0 1 
			24 20
			1 -0 0 0 0 1 0 0 -0 -0 1 -0 0 0 0 1 
			25 24
			1 -0 0 0 0 1 0 0 -0 -0 1 -0 0 0 0 1 
			26 25
			1 -0 0 0 0 1 0 0 -0 -0 1 -0 0 0 0 1 
			27 2
			1.37369e-06 -0.0998331 0.995004 21.852 0 -0.995004 -0.0998331 -2.1925 1 1.3714e-07 -1.36683e-06 -4.26131 0 0 0 1 
			28 27
			1.37369e-06 0.0998335 0.995004 12.303 0 -0.995004 0.0998335 0.256849 1 -1.3714e-07 -1.36683e-06 -4.26131 0 0 0 1 
			29 28
			1.3716e-06 -6.00745e-14 1 2.57273 0 -1 -6.00745e-14 4.22662e-06 1 8.23984e-20 -1.3716e-06 -4.26131 0 0 0 1 
			30 29
			1.3723e-06 -1 -6.00133e-14 -5.50713 0 6.00133e-14 -1 -0.331805 1 1.3723e-06 8.23562e-20 -4.26131 0 0 0 1 
			31 30
			1 -0 0 0 0 1 0 0 -0 -0 1 -0 0 0 0 1 
			32 2
			1.37369e-06 -0.0998331 0.995004 21.852 0 -0.995004 -0.0998331 -2.1925 1 1.3714e-07 -1.36683e-06 4.26131 0 0 0 1 
			33 32
			1.37369e-06 0.0998335 0.995004 12.303 0 -0.995004 0.0998335 0.256849 1 -1.3714e-07 -1.36683e-06 4.26131 0 0 0 1 
			34 33
			1.3716e-06 -6.00745e-14 1 2.57273 0 -1 -6.00745e-14 4.22662e-06 1 8.23984e-20 -1.3716e-06 4.26131 0 0 0 1 
			35 34
			1.3723e-06 -1 -6.00133e-14 -5.50713 0 6.00133e-14 -1 -0.331804 1 1.3723e-06 8.23562e-20 4.26131 0 0 0 1 
			36 35
			1 -0 0 0 0 1 0 0 -0 -0 1 -0 0 0 0 1 
	</skeleton>
		<animations>
			33
			0
				-1
				1.33158e-06 1 0 0 -1 1.33158e-06 0 9.75445e-07 -0 -0 1 -22.0699 0 0 0 1 
				0
				1.33158e-06 1 0 0 -1 1.33158e-06 0 9.75445e-07 -0 -0 1 -22.0493 0 0 0 1 
				1
				1.33158e-06 1 0 0 -1 1.33158e-06 0 9.75445e-07 -0 -0 1 -22.0267 0 0 0 1 
				2
				1.46474e-06 1 0 0 -1 1.46474e-06 0 9.75445e-07 -0 -0 1 -22.0026 0 0 0 1 
				3
				1.33158e-06 1 0 0 -1 1.33158e-06 0 9.75445e-07 -0 -0 1 -21.9775 0 0 0 1 
				4
				1.46474e-06 1 0 0 -1 1.46474e-06 0 9.75445e-07 -0 -0 1 -21.9517 0 0 0 1 
				5
				1.33158e-06 1 0 0 -1 1.33158e-06 0 9.75445e-07 -0 -0 1 -21.9258 0 0 0 1 
				6
				1.19842e-06 1 1.47717e-38 0 -1 1.19842e-06 -1.2326e-32 9.75445e-07 -1.2326e-32 -0 1 -21.9002 0 0 0 1 
				7
				1.33158e-06 1 0 0 -1 1.33158e-06 0 9.75445e-07 -0 -0 1 -21.8754 0 0 0 1 
				8
				1.46474e-06 1 0 0 -1 1.46474e-06 0 9.75445e-07 -0 -0 1 -21.8517 0 0 0 1 
				9
				1.33158e-06 1 0 0 -1 1.33158e-06 0 9.75445e-07 -0 -0 1 -21.8298 0 0 0 1 
				10
				1.33158e-06 1 0 0 -1 1.33158e-06 0 9.75445e-07 -0 -0 1 -21.8099 0 0 0 1 
				11
				1.33158e-06 1 0 0 -1 1.33158e-06 0 9.75445e-07 -0 -0 1 -21.7927 0 0 0 1 
				12
				1.33158e-06 1 0 0 -1 1.33158e-06 0 9.75445e-07 -0 -0 1 -21.7785 0 0 0 1 
				13
				1.33158e-06 1 0 0 -1 1.33158e-06 0 9.75445e-07 -0 -0 1 -21.7678 0 0 0 1 
				14
				1.33158e-06 1 0 0 -1 1.33158e-06 0 9.75445e-07 -0 -0 1 -21.761 0 0 0 1 
				15
				1.33158e-06 1 0 0 -1 1.33158e-06 0 9.75445e-07 -0 -0 1 -21.7587 0 0 0 1 
				16
				1.33158e-06 1 0 0 -1 1.33158e-06 0 9.75445e-07 -0 -0 1 -21.761 0 0 0 1 
				17
				1.33158e-06 1 0 0 -1 1.33158e-06 0 9.75445e-07 -0 -0 1 -21.7678 0 0 0 1 
				18
				1.33158e-06 1 0 0 -1 1.33158e-06 0 9.75445e-07 -0 -0 1 -21.7785 0 0 0 1 
				19
				1.33158e-06 1 0 0 -1 1.33158e-06 0 9.75445e-07 -0 -0 1 -21.7927 0 0 0 1 
				20
				1.33158e-06 1 0 0 -1 1.33158e-06 0 9.75445e-07 -0 -0 1 -21.8099 0 0 0 1 
				21
				1.33158e-06 1 0 0 -1 1.33158e-06 0 9.75445e-07 -0 -0 1 -21.8298 0 0 0 1 
				22
				1.33158e-06 1 0 0 -1 1.33158e-06 0 9.75445e-07 -0 -0 1 -21.8517 0 0 0 1 
				23
				1.33158e-06 1 0 0 -1 1.33158e-06 0 9.75445e-07 -0 -0 1 -21.8754 0 0 0 1 
				24
				1.33158e-06 1 0 0 -1 1.33158e-06 0 9.75445e-07 -0 -0 1 -21.9002 0 0 0 1 
				25
				1.33158e-06 1 0 0 -1 1.33158e-06 0 9.75445e-07 -0 -0 1 -21.9258 0 0 0 1 
				26
				1.33158e-06 1 0 0 -1 1.33158e-06 0 9.75445e-07 -0 -0 1 -21.9517 0 0 0 1 
				27
				1.33158e-06 1 0 0 -1 1.33158e-06 0 9.75445e-07 -0 -0 1 -21.9775 0 0 0 1 
				28
				1.33158e-06 1 0 0 -1 1.33158e-06 0 9.75445e-07 -0 -0 1 -22.0026 0 0 0 1 
				29
				1.33158e-06 1 0 0 -1 1.33158e-06 0 9.75445e-07 -0 -0 1 -22.0267 0 0 0 1 
				30
				1.46474e-06 1 0 0 -1 1.46474e-06 0 9.75445e-07 -0 -0 1 -22.0493 0 0 0 1 
				31
				1.33158e-06 1 0 0 -1 1.33158e-06 0 9.75445e-07 -0 -0 1 -22.0699 0 0 0 1 
		</Joint>
			1
				-1
				1.33158e-06 2.66316e-06 -1 0 0 -1 -2.66316e-06 9.75445e-07 -1 3.54621e-12 -1.33158e-06 -22.0699 0 0 0 1 
				0
				1.33158e-06 2.66316e-06 -1 0 0 -1 -2.66316e-06 9.75445e-07 -1 3.54621e-12 -1.33158e-06 -22.0493 0 0 0 1 
				1
				1.33158e-06 2.66316e-06 -1 0 0 -1 -2.66316e-06 9.75445e-07 -1 3.54621e-12 -1.33158e-06 -22.0267 0 0 0 1 
				2
				1.33158e-06 2.79632e-06 -1 0 0 -1 -2.79632e-06 9.75445e-07 -1 3.72352e-12 -1.33158e-06 -22.0026 0 0 0 1 
				3
				1.33158e-06 2.66316e-06 -1 0 0 -1 -2.66316e-06 9.75445e-07 -1 3.54621e-12 -1.33158e-06 -21.9775 0 0 0 1 
				4
				1.33158e-06 2.79632e-06 -1 0 0 -1 -2.79632e-06 9.75445e-07 -1 3.72352e-12 -1.33158e-06 -21.9517 0 0 0 1 
				5
				1.33158e-06 2.66316e-06 -1 0 0 -1 -2.66316e-06 9.75445e-07 -1 3.54621e-12 -1.33158e-06 -21.9258 0 0 0 1 
				6
				1.33158e-06 2.53e-06 -1 0 0 -1 -2.53e-06 9.75445e-07 -1 3.3689e-12 -1.33158e-06 -21.9002 0 0 0 1 
				7
				1.33158e-06 2.66316e-06 -1 0 0 -1 -2.66316e-06 9.75445e-07 -1 3.54621e-12 -1.33158e-06 -21.8754 0 0 0 1 
				8
				1.33158e-06 2.79632e-06 -1 0 0 -1 -2.79632e-06 9.75445e-07 -1 3.72352e-12 -1.33158e-06 -21.8517 0 0 0 1 
				9
				1.33158e-06 2.66316e-06 -1 0 0 -1 -2.66316e-06 9.75445e-07 -1 3.54621e-12 -1.33158e-06 -21.8298 0 0 0 1 
				10
				1.33158e-06 2.66316e-06 -1 0 0 -1 -2.66316e-06 9.75445e-07 -1 3.54621e-12 -1.33158e-06 -21.8099 0 0 0 1 
				11
				1.33158e-06 2.66316e-06 -1 0 0 -1 -2.66316e-06 9.75445e-07 -1 3.54621e-12 -1.33158e-06 -21.7927 0 0 0 1 
				12
				1.33158e-06 2.66316e-06 -1 0 0 -1 -2.66316e-06 9.75445e-07 -1 3.54621e-12 -1.33158e-06 -21.7785 0 0 0 1 
				13
				1.33158e-06 2.66316e-06 -1 0 0 -1 -2.66316e-06 9.75445e-07 -1 3.54621e-12 -1.33158e-06 -21.7678 0 0 0 1 
				14
				1.33158e-06 2.66316e-06 -1 0 0 -1 -2.66316e-06 9.75445e-07 -1 3.54621e-12 -1.33158e-06 -21.761 0 0 0 1 
				15
				1.33158e-06 2.66316e-06 -1 0 0 -1 -2.66316e-06 9.75445e-07 -1 3.54621e-12 -1.33158e-06 -21.7587 0 0 0 1 
				16
				1.33158e-06 2.66316e-06 -1 0 0 -1 -2.66316e-06 9.75445e-07 -1 3.54621e-12 -1.33158e-06 -21.761 0 0 0 1 
				17
				1.33158e-06 2.66316e-06 -1 0 0 -1 -2.66316e-06 9.75445e-07 -1 3.54621e-12 -1.33158e-06 -21.7678 0 0 0 1 
				18
				1.33158e-06 2.66316e-06 -1 0 0 -1 -2.66316e-06 9.75445e-07 -1 3.54621e-12 -1.33158e-06 -21.7785 0 0 0 1 
				19
				1.33158e-06 2.66316e-06 -1 0 0 -1 -2.66316e-06 9.75445e-07 -1 3.54621e-12 -1.33158e-06 -21.7927 0 0 0 1 
				20
				1.33158e-06 2.66316e-06 -1 0 0 -1 -2.66316e-06 9.75445e-07 -1 3.54621e-12 -1.33158e-06 -21.8099 0 0 0 1 
				21
				1.33158e-06 2.66316e-06 -1 0 0 -1 -2.66316e-06 9.75445e-07 -1 3.54621e-12 -1.33158e-06 -21.8298 0 0 0 1 
				22
				1.33158e-06 2.66316e-06 -1 0 0 -1 -2.66316e-06 9.75445e-07 -1 3.54621e-12 -1.33158e-06 -21.8517 0 0 0 1 
				23
				1.33158e-06 2.66316e-06 -1 0 0 -1 -2.66316e-06 9.75445e-07 -1 3.54621e-12 -1.33158e-06 -21.8754 0 0 0 1 
				24
				1.33158e-06 2.66316e-06 -1 0 0 -1 -2.66316e-06 9.75445e-07 -1 3.54621e-12 -1.33158e-06 -21.9002 0 0 0 1 
				25
				1.33158e-06 2.66316e-06 -1 0 0 -1 -2.66316e-06 9.75445e-07 -1 3.54621e-12 -1.33158e-06 -21.9258 0 0 0 1 
				26
				1.33158e-06 2.66316e-06 -1 0 0 -1 -2.66316e-06 9.75445e-07 -1 3.54621e-12 -1.33158e-06 -21.9517 0 0 0 1 
				27
				1.33158e-06 2.66316e-06 -1 0 0 -1 -2.66316e-06 9.75445e-07 -1 3.54621e-12 -1.33158e-06 -21.9775 0 0 0 1 
				28
				1.33158e-06 2.66316e-06 -1 0 0 -1 -2.66316e-06 9.75445e-07 -1 3.54621e-12 -1.33158e-06 -22.0026 0 0 0 1 
				29
				1.33158e-06 2.66316e-06 -1 0 0 -1 -2.66316e-06 9.75445e-07 -1 3.54621e-12 -1.33158e-06 -22.0267 0 0 0 1 
				30
				1.33158e-06 2.79632e-06 -1 0 0 -1 -2.79632e-06 9.75445e-07 -1 3.72352e-12 -1.33158e-06 -22.0493 0 0 0 1 
				31
				1.33158e-06 2.66316e-06 -1 0 0 -1 -2.66316e-06 9.75445e-07 -1 3.54621e-12 -1.33158e-06 -22.0699 0 0 0 1 
		</Joint>
			2
				-1
				-0.000201565 -1.28234e-06 -1 4.03024e-06 -0.0008487 -1 1.45341e-06 0.00523744 -1 0.0008487 0.000201564 -24.9813 0 0 0 1 
				0
				-0.000201553 -1.18792e-07 -1 4.02431e-06 -0.00662136 -0.999978 1.45334e-06 0.00523734 -0.999978 0.00662136 0.000201548 -24.9608 0 0 0 1 
				1
				-0.000201532 1.15671e-06 -1 4.01742e-06 -0.0129497 -0.999916 1.45317e-06 0.00523703 -0.999916 0.0129497 0.00020153 -24.9382 0 0 0 1 
				2
				-0.000201498 2.65105e-06 -1 4.00961e-06 -0.0197036 -0.999806 1.31971e-06 0.00523647 -0.999806 0.0197036 0.000201512 -24.9142 0 0 0 1 
				3
				-0.000201459 3.93857e-06 -1 4.00284e-06 -0.0267527 -0.999642 1.45241e-06 0.00523561 -0.999642 0.0267527 0.000201492 -24.8891 0 0 0 1 
				4
				-0.000201401 5.52629e-06 -1 3.99471e-06 -0.0339709 -0.999423 1.31865e-06 0.00523448 -0.999423 0.0339709 0.000201472 -24.8634 0 0 0 1 
				5
				-0.00020134 6.85642e-06 -1 3.98756e-06 -0.0412318 -0.99915 1.45105e-06 0.00523308 -0.99915 0.0412318 0.000201452 -24.8375 0 0 0 1 
				6
				-0.000201273 8.16896e-06 -1 3.98058e-06 -0.0484055 -0.998828 1.58332e-06 0.00523142 -0.998828 0.0484055 0.000201432 -24.8119 0 0 0 1 
				7
				-0.000201184 9.70366e-06 -1 3.97265e-06 -0.0553619 -0.998466 1.44916e-06 0.00522953 -0.998466 0.0553619 0.000201413 -24.7871 0 0 0 1 
				8
				-0.000201089 1.11691e-05 -1 3.96506e-06 -0.0619754 -0.998078 1.31492e-06 0.00522752 -0.998078 0.0619754 0.000201394 -24.7635 0 0 0 1 
				9
				-0.000201008 1.22743e-05 -1 3.95919e-06 -0.0681206 -0.997677 1.44697e-06 0.00522545 -0.997677 0.0681206 0.000201377 -24.7416 0 0 0 1 
				10
				-0.000200921 1.33921e-05 -1 3.95336e-06 -0.0736683 -0.997283 1.44587e-06 0.00522338 -0.997283 0.0736683 0.000201362 -24.7218 0 0 0 1 
				11
				-0.000200841 1.43634e-05 -1 3.94826e-06 -0.0784896 -0.996915 1.44485e-06 0.00522149 -0.996915 0.0784896 0.000201349 -24.7046 0 0 0 1 
				12
				-0.000200771 1.51632e-05 -1 3.94414e-06 -0.0824597 -0.996594 1.44397e-06 0.00521982 -0.996594 0.0824597 0.000201338 -24.6904 0 0 0 1 
				13
				-0.000200716 1.57664e-05 -1 3.94082e-06 -0.0854542 -0.996342 1.44326e-06 0.00521847 -0.996342 0.0854542 0.000201329 -24.6797 0 0 0 1 
				14
				-0.000200681 1.61472e-05 -1 3.93877e-06 -0.0873443 -0.996178 1.44281e-06 0.0052176 -0.996178 0.0873443 0.000201324 -24.6729 0 0 0 1 
				15
				-0.000200668 1.62795e-05 -1 3.93832e-06 -0.0880012 -0.99612 1.44265e-06 0.00521726 -0.99612 0.0880012 0.000201322 -24.6706 0 0 0 1 
				16
				-0.000200681 1.61472e-05 -1 3.93874e-06 -0.0873443 -0.996178 1.44281e-06 0.00521765 -0.996178 0.0873443 0.000201324 -24.6729 0 0 0 1 
				17
				-0.000200716 1.57664e-05 -1 3.94075e-06 -0.0854542 -0.996342 1.44327e-06 0.00521847 -0.996342 0.0854542 0.000201329 -24.6797 0 0 0 1 
				18
				-0.000200771 1.51632e-05 -1 3.94414e-06 -0.0824597 -0.996594 1.44397e-06 0.00521982 -0.996594 0.0824597 0.000201338 -24.6904 0 0 0 1 
				19
				-0.000200841 1.43634e-05 -1 3.94826e-06 -0.0784896 -0.996915 1.44485e-06 0.00522149 -0.996915 0.0784896 0.000201349 -24.7046 0 0 0 1 
				20
				-0.000200921 1.33921e-05 -1 3.95337e-06 -0.0736683 -0.997283 1.44588e-06 0.00522337 -0.997283 0.0736683 0.000201362 -24.7218 0 0 0 1 
				21
				-0.000201008 1.22743e-05 -1 3.95912e-06 -0.0681206 -0.997677 1.44697e-06 0.00522544 -0.997677 0.0681206 0.000201377 -24.7416 0 0 0 1 
				22
				-0.000201097 1.10362e-05 -1 3.96573e-06 -0.0619754 -0.998078 1.44808e-06 0.00522752 -0.998078 0.0619754 0.000201394 -24.7635 0 0 0 1 
				23
				-0.000201184 9.70366e-06 -1 3.97265e-06 -0.0553619 -0.998466 1.44916e-06 0.00522953 -0.998466 0.0553619 0.000201413 -24.7871 0 0 0 1 
				24
				-0.000201266 8.30196e-06 -1 3.98002e-06 -0.0484055 -0.998828 1.45016e-06 0.00523142 -0.998828 0.0484055 0.000201432 -24.8119 0 0 0 1 
				25
				-0.00020134 6.85641e-06 -1 3.98747e-06 -0.0412318 -0.99915 1.45105e-06 0.00523308 -0.99915 0.0412318 0.000201452 -24.8375 0 0 0 1 
				26
				-0.000201405 5.39321e-06 -1 3.99526e-06 -0.0339709 -0.999423 1.45181e-06 0.00523448 -0.999423 0.0339709 0.000201472 -24.8634 0 0 0 1 
				27
				-0.000201459 3.93857e-06 -1 4.00284e-06 -0.0267527 -0.999642 1.45241e-06 0.00523561 -0.999642 0.0267527 0.000201492 -24.8891 0 0 0 1 
				28
				-0.000201501 2.51792e-06 -1 4.01034e-06 -0.0197036 -0.999806 1.45287e-06 0.00523646 -0.999806 0.0197036 0.000201512 -24.9142 0 0 0 1 
				29
				-0.000201532 1.15671e-06 -1 4.0175e-06 -0.0129497 -0.999916 1.45317e-06 0.00523704 -0.999916 0.0129497 0.00020153 -24.9382 0 0 0 1 
				30
				-0.000201552 1.4363e-08 -1 4.02351e-06 -0.00662136 -0.999978 1.32019e-06 0.00523734 -0.999978 0.00662136 0.000201548 -24.9608 0 0 0 1 
				31
				-0.000201565 -1.28234e-06 -1 4.03024e-06 -0.0008487 -1 1.45341e-06 0.00523744 -1 0.0008487 0.000201564 -24.9813 0 0 0 1 
		</Joint>
			3
				-1
				-0.000413965 -1.06196e-06 -1 -0.00132277 -0.000821564 -1 1.40205e-06 0.00489235 -1 0.000821565 0.000413964 -31.5637 0 0 0 1 
				0
				-0.000413929 2.49135e-06 -1 -0.00132271 -0.0123667 -0.999923 2.62776e-06 -0.0331062 -0.999923 0.0123667 0.000413928 -31.5431 0 0 0 1 
				1
				-0.000413851 6.38583e-06 -1 -0.0013226 -0.0250218 -0.999687 3.97146e-06 -0.0747638 -0.999687 0.0250218 0.000413882 -31.5202 0 0 0 1 
				2
				-0.000413718 1.06745e-05 -1 -0.00132241 -0.0385244 -0.999258 5.27163e-06 -0.119224 -0.999258 0.0385244 0.000413822 -31.4955 0 0 0 1 
				3
				-0.00041354 1.48774e-05 -1 -0.00132218 -0.0526117 -0.998615 6.9003e-06 -0.165628 -0.998615 0.0526117 0.00041375 -31.4694 0 0 0 1 
				4
				-0.000413291 1.94482e-05 -1 -0.00132183 -0.0670287 -0.997751 8.29793e-06 -0.213146 -0.997751 0.0670287 0.000413665 -31.4423 0 0 0 1 
				5
				-0.000413005 2.37772e-05 -1 -0.00132146 -0.0815206 -0.996672 9.97039e-06 -0.260948 -0.996672 0.0815206 0.000413569 -31.4147 0 0 0 1 
				6
				-0.000412674 2.80501e-05 -1 -0.00132104 -0.0958258 -0.995398 1.16238e-05 -0.308177 -0.995398 0.0958258 0.000413462 -31.3871 0 0 0 1 
				7
				-0.000412277 3.24515e-05 -1 -0.00132049 -0.109684 -0.993967 1.29643e-05 -0.353976 -0.993966 0.109684 0.000413349 -31.36 0 0 0 1 
				8
				-0.00041185 3.66391e-05 -1 -0.00131989 -0.122843 -0.992426 1.42314e-05 -0.397519 -0.992426 0.122843 0.000413231 -31.3339 0 0 0 1 
				9
				-0.000411444 4.02717e-05 -1 -0.00131939 -0.135057 -0.990838 1.56657e-05 -0.43798 -0.990838 0.135057 0.000413114 -31.3094 0 0 0 1 
				10
				-0.000411031 4.36678e-05 -1 -0.00131884 -0.14607 -0.989274 1.68398e-05 -0.474507 -0.989274 0.14607 0.000413001 -31.2871 0 0 0 1 
				11
				-0.000410646 4.66168e-05 -1 -0.00131833 -0.15563 -0.987815 1.78599e-05 -0.506252 -0.987815 0.15563 0.000412897 -31.2675 0 0 0 1 
				12
				-0.000410311 4.90435e-05 -1 -0.00131789 -0.163494 -0.986544 1.86997e-05 -0.532394 -0.986544 0.163494 0.000412808 -31.2513 0 0 0 1 
				13
				-0.000410048 5.08728e-05 -1 -0.00131754 -0.16942 -0.985544 1.9333e-05 -0.552111 -0.985544 0.16942 0.000412739 -31.2389 0 0 0 1 
				14
				-0.000409877 5.20269e-05 -1 -0.00131731 -0.173158 -0.984894 1.97327e-05 -0.564557 -0.984894 0.173158 0.000412694 -31.2311 0 0 0 1 
				15
				-0.000409817 5.24279e-05 -1 -0.00131723 -0.174457 -0.984665 1.98716e-05 -0.568882 -0.984665 0.174457 0.000412678 -31.2284 0 0 0 1 
				16
				-0.000409877 5.20269e-05 -1 -0.00131731 -0.173158 -0.984894 1.97327e-05 -0.564557 -0.984894 0.173158 0.000412694 -31.2311 0 0 0 1 
				17
				-0.000410048 5.08728e-05 -1 -0.00131754 -0.16942 -0.985544 1.9333e-05 -0.552111 -0.985544 0.16942 0.000412739 -31.2389 0 0 0 1 
				18
				-0.000410311 4.90435e-05 -1 -0.00131789 -0.163494 -0.986544 1.86997e-05 -0.532394 -0.986544 0.163494 0.000412808 -31.2512 0 0 0 1 
				19
				-0.000410646 4.66168e-05 -1 -0.00131833 -0.15563 -0.987815 1.78599e-05 -0.506252 -0.987815 0.15563 0.000412897 -31.2675 0 0 0 1 
				20
				-0.000411031 4.36678e-05 -1 -0.00131884 -0.14607 -0.989274 1.68398e-05 -0.474508 -0.989274 0.14607 0.000413001 -31.2871 0 0 0 1 
				21
				-0.000411444 4.02717e-05 -1 -0.00131939 -0.135057 -0.990838 1.56657e-05 -0.43798 -0.990838 0.135057 0.000413114 -31.3094 0 0 0 1 
				22
				-0.000411866 3.65067e-05 -1 -0.00131995 -0.122843 -0.992426 1.43648e-05 -0.397519 -0.992426 0.122843 0.000413231 -31.3339 0 0 0 1 
				23
				-0.000412277 3.24515e-05 -1 -0.00132049 -0.109684 -0.993967 1.29643e-05 -0.353976 -0.993966 0.109684 0.000413349 -31.36 0 0 0 1 
				24
				-0.000412661 2.81826e-05 -1 -0.001321 -0.0958258 -0.995398 1.14906e-05 -0.308177 -0.995398 0.0958258 0.000413462 -31.3871 0 0 0 1 
				25
				-0.000413005 2.37772e-05 -1 -0.00132146 -0.0815207 -0.996672 9.97039e-06 -0.260948 -0.996672 0.0815207 0.000413569 -31.4147 0 0 0 1 
				26
				-0.0004133 1.93153e-05 -1 -0.00132185 -0.0670287 -0.997751 8.43109e-06 -0.213146 -0.997751 0.0670287 0.000413665 -31.4423 0 0 0 1 
				27
				-0.00041354 1.48774e-05 -1 -0.00132218 -0.0526117 -0.998615 6.9003e-06 -0.165628 -0.998615 0.0526117 0.00041375 -31.4694 0 0 0 1 
				28
				-0.000413723 1.05415e-05 -1 -0.00132242 -0.0385244 -0.999258 5.40482e-06 -0.119224 -0.999258 0.0385244 0.000413822 -31.4955 0 0 0 1 
				29
				-0.000413851 6.38583e-06 -1 -0.0013226 -0.0250218 -0.999687 3.97146e-06 -0.0747638 -0.999687 0.0250218 0.000413882 -31.5202 0 0 0 1 
				30
				-0.000413927 2.6245e-06 -1 -0.00132271 -0.0123667 -0.999923 2.49461e-06 -0.0331062 -0.999923 0.0123667 0.000413928 -31.5431 0 0 0 1 
				31
				-0.000413965 -1.06196e-06 -1 -0.00132277 -0.000821564 -1 1.40205e-06 0.00489235 -1 0.000821565 0.000413964 -31.5637 0 0 0 1 
		</Joint>
			4
				-1
				-0.000413965 -1.06196e-06 -1 -0.00404766 -0.000821564 -1 1.40205e-06 0.0014972 -1 0.000821565 0.000413964 -38.1462 0 0 0 1 
				0
				-0.000413929 2.49135e-06 -1 -0.00404738 -0.0123667 -0.999923 2.62776e-06 -0.112496 -0.999923 0.0123667 0.000413928 -38.125 0 0 0 1 
				1
				-0.000413851 6.38583e-06 -1 -0.00404677 -0.0250218 -0.999687 3.97146e-06 -0.237456 -0.999687 0.0250218 0.000413882 -38.1006 0 0 0 1 
				2
				-0.000413718 1.06745e-05 -1 -0.0040457 -0.0385244 -0.999258 5.27163e-06 -0.370796 -0.999258 0.0385244 0.000413822 -38.0731 0 0 0 1 
				3
				-0.00041354 1.48774e-05 -1 -0.00404431 -0.0526117 -0.998615 6.9003e-06 -0.509931 -0.998615 0.0526117 0.00041375 -38.0428 0 0 0 1 
				4
				-0.000413291 1.94482e-05 -1 -0.00404232 -0.0670287 -0.997751 8.29793e-06 -0.652349 -0.997751 0.0670287 0.000413665 -38.0101 0 0 0 1 
				5
				-0.000413005 2.37772e-05 -1 -0.00404008 -0.0815207 -0.996672 9.97039e-06 -0.795546 -0.996672 0.0815207 0.000413569 -37.9754 0 0 0 1 
				6
				-0.000412674 2.80501e-05 -1 -0.0040375 -0.0958258 -0.995398 1.16238e-05 -0.936939 -0.995398 0.0958258 0.000413462 -37.9394 0 0 0 1 
				7
				-0.000412277 3.24515e-05 -1 -0.00403434 -0.109684 -0.993967 1.29643e-05 -1.07396 -0.993966 0.109684 0.000413349 -37.9029 0 0 0 1 
				8
				-0.00041185 3.66391e-05 -1 -0.00403094 -0.122843 -0.992426 1.42314e-05 -1.20413 -0.992426 0.122843 0.000413231 -37.8667 0 0 0 1 
				9
				-0.000411444 4.02717e-05 -1 -0.00402777 -0.135057 -0.990838 1.56657e-05 -1.32499 -0.990838 0.135057 0.000413114 -37.8318 0 0 0 1 
				10
				-0.000411031 4.36678e-05 -1 -0.00402451 -0.14607 -0.989274 1.68398e-05 -1.43401 -0.989274 0.14607 0.000413001 -37.7992 0 0 0 1 
				11
				-0.000410646 4.66168e-05 -1 -0.00402147 -0.15563 -0.987815 1.78599e-05 -1.52869 -0.987815 0.15563 0.000412897 -37.77 0 0 0 1 
				12
				-0.000410311 4.90435e-05 -1 -0.00401883 -0.163494 -0.986544 1.86997e-05 -1.60659 -0.986544 0.163494 0.000412808 -37.7454 0 0 0 1 
				13
				-0.000410048 5.08727e-05 -1 -0.00401676 -0.16942 -0.985544 1.9333e-05 -1.66532 -0.985544 0.16942 0.000412739 -37.7265 0 0 0 1 
				14
				-0.000409877 5.20269e-05 -1 -0.00401541 -0.173158 -0.984894 1.97327e-05 -1.70238 -0.984894 0.173158 0.000412694 -37.7144 0 0 0 1 
				15
				-0.000409817 5.24279e-05 -1 -0.00401493 -0.174457 -0.984665 1.98716e-05 -1.71525 -0.984665 0.174457 0.000412678 -37.7102 0 0 0 1 
				16
				-0.000409877 5.20269e-05 -1 -0.00401541 -0.173158 -0.984894 1.97327e-05 -1.70238 -0.984894 0.173158 0.000412694 -37.7145 0 0 0 1 
				17
				-0.000410048 5.08728e-05 -1 -0.00401676 -0.16942 -0.985544 1.9333e-05 -1.66532 -0.985544 0.16942 0.000412739 -37.7265 0 0 0 1 
				18
				-0.000410311 4.90435e-05 -1 -0.00401883 -0.163494 -0.986544 1.86997e-05 -1.60659 -0.986544 0.163494 0.000412808 -37.7454 0 0 0 1 
				19
				-0.000410646 4.66168e-05 -1 -0.00402147 -0.15563 -0.987815 1.78599e-05 -1.52869 -0.987815 0.15563 0.000412897 -37.77 0 0 0 1 
				20
				-0.000411031 4.36678e-05 -1 -0.00402451 -0.14607 -0.989274 1.68398e-05 -1.43401 -0.989274 0.14607 0.000413001 -37.7992 0 0 0 1 
				21
				-0.000411444 4.02717e-05 -1 -0.00402777 -0.135057 -0.990838 1.56657e-05 -1.32499 -0.990838 0.135057 0.000413114 -37.8318 0 0 0 1 
				22
				-0.000411866 3.65067e-05 -1 -0.0040311 -0.122843 -0.992426 1.43648e-05 -1.20413 -0.992426 0.122843 0.000413231 -37.8667 0 0 0 1 
				23
				-0.000412277 3.24515e-05 -1 -0.00403434 -0.109684 -0.993967 1.29643e-05 -1.07396 -0.993966 0.109684 0.000413349 -37.9029 0 0 0 1 
				24
				-0.000412661 2.81826e-05 -1 -0.00403737 -0.0958258 -0.995398 1.14906e-05 -0.936939 -0.995398 0.0958258 0.000413462 -37.9394 0 0 0 1 
				25
				-0.000413005 2.37772e-05 -1 -0.00404009 -0.0815207 -0.996672 9.97038e-06 -0.795546 -0.996672 0.0815207 0.000413569 -37.9754 0 0 0 1 
				26
				-0.0004133 1.93153e-05 -1 -0.00404241 -0.0670287 -0.997751 8.43109e-06 -0.652349 -0.997751 0.0670287 0.000413665 -38.0101 0 0 0 1 
				27
				-0.00041354 1.48774e-05 -1 -0.00404431 -0.0526117 -0.998615 6.9003e-06 -0.509931 -0.998615 0.0526117 0.00041375 -38.0428 0 0 0 1 
				28
				-0.000413723 1.05415e-05 -1 -0.00404575 -0.0385244 -0.999258 5.40482e-06 -0.370796 -0.999258 0.0385244 0.000413822 -38.0731 0 0 0 1 
				29
				-0.000413851 6.38583e-06 -1 -0.00404677 -0.0250218 -0.999687 3.97146e-06 -0.237456 -0.999687 0.0250218 0.000413882 -38.1006 0 0 0 1 
				30
				-0.000413927 2.6245e-06 -1 -0.00404736 -0.0123667 -0.999923 2.49461e-06 -0.112496 -0.999923 0.0123667 0.000413928 -38.125 0 0 0 1 
				31
				-0.000413965 -1.06196e-06 -1 -0.00404766 -0.000821564 -1 1.40205e-06 0.0014972 -1 0.000821565 0.000413964 -38.1462 0 0 0 1 
		</Joint>
			5
				-1
				2.15714e-06 4.11459e-06 -1 -0.00509404 2.70187e-07 -1 -4.11459e-06 -0.000579465 -1 -2.70178e-07 -2.15714e-06 -40.6739 0 0 0 1 
				0
				2.15717e-06 0.000988091 -0.999999 -0.00509366 2.69706e-07 -0.999999 -0.000988091 -0.143755 -1 -2.67575e-07 -2.15744e-06 -40.6525 0 0 0 1 
				1
				2.15722e-06 -1.55682e-06 -1 -0.00509285 2.69184e-07 -1 1.55682e-06 -0.300703 -1 -2.69187e-07 -2.15722e-06 -40.6275 0 0 0 1 
				2
				2.15712e-06 -0.0010624 -0.999999 -0.00509146 2.75531e-07 -0.999999 0.0010624 -0.468174 -1 -2.77822e-07 -2.15682e-06 -40.599 0 0 0 1 
				3
				2.1571e-06 0.00572573 -0.999983 -0.00508961 2.64968e-07 -0.999984 -0.00572573 -0.642917 -1 -2.52613e-07 -2.15858e-06 -40.567 0 0 0 1 
				4
				2.15716e-06 3.84016e-06 -1 -0.005087 2.50392e-07 -1 -3.84016e-06 -0.821777 -1 -2.50383e-07 -2.15716e-06 -40.5321 0 0 0 1 
				5
				2.15713e-06 -1.55682e-06 -1 -0.00508404 2.68748e-07 -1 1.55683e-06 -1.00161 -1 -2.68751e-07 -2.15713e-06 -40.4947 0 0 0 1 
				6
				2.15711e-06 1.00141e-05 -1 -0.00508061 2.7941e-07 -1 -1.00141e-05 -1.17916 -1 -2.79389e-07 -2.15711e-06 -40.4555 0 0 0 1 
				7
				2.1572e-06 -1.55686e-06 -1 -0.00507645 2.68455e-07 -1 1.55686e-06 -1.35121 -1 -2.68459e-07 -2.1572e-06 -40.4154 0 0 0 1 
				8
				2.15713e-06 -0.0132486 -0.999912 -0.00507197 2.57206e-07 -0.999912 0.0132486 -1.51464 -1 -2.85762e-07 -2.15354e-06 -40.3753 0 0 0 1 
				9
				2.15724e-06 -1.55678e-06 -1 -0.00506778 2.3106e-07 -1 1.55678e-06 -1.66637 -1 -2.31063e-07 -2.15724e-06 -40.3363 0 0 0 1 
				10
				2.15715e-06 -0.0157835 -0.999875 -0.00506347 2.15105e-07 -0.999875 0.0157835 -1.80323 -1 -2.49125e-07 -2.15349e-06 -40.2998 0 0 0 1 
				11
				2.15711e-06 -1.55682e-06 -1 -0.00505946 2.48865e-07 -1 1.55682e-06 -1.92207 -1 -2.48869e-07 -2.15711e-06 -40.2669 0 0 0 1 
				12
				2.15717e-06 3.64934e-06 -1 -0.00505597 2.48079e-07 -1 -3.64934e-06 -2.01986 -1 -2.48071e-07 -2.15717e-06 -40.2391 0 0 0 1 
				13
				2.15724e-06 0.0181774 -0.999835 -0.00505323 2.84444e-07 -0.999835 -0.0181774 -2.09356 -1 -2.45184e-07 -2.16205e-06 -40.2177 0 0 0 1 
				14
				2.15701e-06 -0.00949934 -0.999955 -0.00505145 2.23625e-07 -0.999955 0.00949934 -2.14007 -1 -2.44105e-07 -2.15478e-06 -40.204 0 0 0 1 
				15
				2.15717e-06 -4.40142e-06 -1 -0.00505082 2.71872e-07 -1 4.40142e-06 -2.15623 -1 -2.71882e-07 -2.15717e-06 -40.1991 0 0 0 1 
				16
				2.15708e-06 -0.000185982 -1 -0.00505145 2.50435e-07 -1 0.000185982 -2.14007 -1 -2.50837e-07 -2.15703e-06 -40.204 0 0 0 1 
				17
				2.1572e-06 0.0181777 -0.999835 -0.00505323 2.84444e-07 -0.999835 -0.0181777 -2.09356 -1 -2.45184e-07 -2.16202e-06 -40.2177 0 0 0 1 
				18
				2.15719e-06 3.81912e-06 -1 -0.00505597 2.56402e-07 -1 -3.81912e-06 -2.01986 -1 -2.56393e-07 -2.15719e-06 -40.2391 0 0 0 1 
				19
				2.15711e-06 -1.55682e-06 -1 -0.00505946 2.48865e-07 -1 1.55682e-06 -1.92207 -1 -2.48869e-07 -2.15711e-06 -40.2669 0 0 0 1 
				20
				2.15714e-06 -0.0157965 -0.999875 -0.00506347 2.06782e-07 -0.999875 0.0157965 -1.80323 -1 -2.40832e-07 -2.15361e-06 -40.2998 0 0 0 1 
				21
				2.15724e-06 -1.55683e-06 -1 -0.00506778 2.22738e-07 -1 1.55683e-06 -1.66637 -1 -2.22741e-07 -2.15724e-06 -40.3363 0 0 0 1 
				22
				2.1571e-06 -0.0132787 -0.999912 -0.00507217 2.40561e-07 -0.999912 0.0132787 -1.51464 -1 -2.69183e-07 -2.15371e-06 -40.3753 0 0 0 1 
				23
				2.1572e-06 -1.55683e-06 -1 -0.00507645 2.68455e-07 -1 1.55683e-06 -1.35121 -1 -2.68459e-07 -2.1572e-06 -40.4154 0 0 0 1 
				24
				2.15709e-06 1.01474e-05 -1 -0.00508045 2.79411e-07 -1 -1.01474e-05 -1.17916 -1 -2.79389e-07 -2.15709e-06 -40.4555 0 0 0 1 
				25
				2.15716e-06 -1.55685e-06 -1 -0.00508404 2.64587e-07 -1 1.55685e-06 -1.00161 -1 -2.6459e-07 -2.15716e-06 -40.4947 0 0 0 1 
				26
				2.15718e-06 -0.0036403 -0.999993 -0.00508711 2.52647e-07 -0.999994 0.00364029 -0.821778 -1 -2.60498e-07 -2.15625e-06 -40.5321 0 0 0 1 
				27
				2.1571e-06 0.00572573 -0.999983 -0.00508961 2.64968e-07 -0.999984 -0.00572573 -0.642917 -1 -2.52613e-07 -2.15858e-06 -40.567 0 0 0 1 
				28
				2.15716e-06 4.17954e-06 -1 -0.00509152 2.73474e-07 -1 -4.17954e-06 -0.468174 -1 -2.73465e-07 -2.15716e-06 -40.599 0 0 0 1 
				29
				2.15719e-06 -1.55684e-06 -1 -0.00509286 2.70457e-07 -1 1.55684e-06 -0.300703 -1 -2.7046e-07 -2.15718e-06 -40.6275 0 0 0 1 
				30
				2.15717e-06 0.000988224 -0.999999 -0.00509364 2.69707e-07 -0.999999 -0.000988224 -0.143755 -1 -2.67575e-07 -2.15744e-06 -40.6525 0 0 0 1 
				31
				2.15714e-06 4.11459e-06 -1 -0.00509404 2.70187e-07 -1 -4.11459e-06 -0.000579465 -1 -2.70178e-07 -2.15714e-06 -40.6739 0 0 0 1 
		</Joint>
			6
		</Joint>
			7
				-1
				0.950441 -1.39562e-06 -0.310905 1.35542 9.18992e-06 1 2.36048e-05 -0.000513673 0.310905 -2.52922e-05 0.950441 -38.1467 0 0 0 1 
				0
				0.950441 -4.94778e-06 -0.310905 1.35542 0.00360202 0.999933 0.0109955 -0.114509 0.310884 -0.0115705 0.950377 -38.1256 0 0 0 1 
				1
				0.950441 -8.84349e-06 -0.310905 1.35542 0.00754031 0.999707 0.0230224 -0.239469 0.310814 -0.0242257 0.950162 -38.1012 0 0 0 1 
				2
				0.950441 -1.31295e-05 -0.310905 1.35542 0.0117425 0.999288 0.0358549 -0.372811 0.310683 -0.0377287 0.949764 -38.0736 0 0 0 1 
				3
				0.950441 -1.73354e-05 -0.310905 1.35543 0.0161265 0.998657 0.0492432 -0.511946 0.310487 -0.0518165 0.949164 -38.0433 0 0 0 1 
				4
				0.950441 -2.19068e-05 -0.310906 1.35543 0.0206134 0.997804 0.0629449 -0.654365 0.310222 -0.0662342 0.948354 -38.0105 0 0 0 1 
				5
				0.950441 -2.62355e-05 -0.310906 1.35543 0.0251234 0.996736 0.0767181 -0.797562 0.309889 -0.080727 0.947339 -37.9758 0 0 0 1 
				6
				0.950441 -3.05101e-05 -0.310906 1.35543 0.0295753 0.995474 0.0903139 -0.938955 0.309496 -0.0950331 0.94614 -37.9398 0 0 0 1 
				7
				0.95044 -3.49104e-05 -0.310907 1.35544 0.0338882 0.994054 0.103485 -1.07597 0.309054 -0.108892 0.94479 -37.9033 0 0 0 1 
				8
				0.95044 -3.90925e-05 -0.310907 1.35544 0.0379841 0.992524 0.115992 -1.20614 0.308578 -0.122053 0.943336 -37.8671 0 0 0 1 
				9
				0.95044 -4.27313e-05 -0.310907 1.35544 0.0417852 0.990945 0.127601 -1.327 0.308087 -0.134268 0.941836 -37.8321 0 0 0 1 
				10
				0.95044 -4.61289e-05 -0.310908 1.35545 0.0452127 0.98939 0.138068 -1.43602 0.307603 -0.145282 0.940358 -37.7995 0 0 0 1 
				11
				0.95044 -4.9077e-05 -0.310908 1.35545 0.0481881 0.987939 0.147154 -1.5307 0.307151 -0.154843 0.938979 -37.7703 0 0 0 1 
				12
				0.95044 -5.15052e-05 -0.310909 1.35545 0.0506357 0.986674 0.154629 -1.6086 0.306757 -0.162708 0.937777 -37.7457 0 0 0 1 
				13
				0.95044 -5.33334e-05 -0.310909 1.35545 0.0524801 0.985679 0.160261 -1.66733 0.306447 -0.168635 0.936831 -37.7268 0 0 0 1 
				14
				0.95044 -5.44838e-05 -0.310909 1.35546 0.0536437 0.985032 0.163815 -1.70438 0.306246 -0.172374 0.936216 -37.7147 0 0 0 1 
				15
				0.95044 -5.48881e-05 -0.310909 1.35546 0.0540479 0.984803 0.165049 -1.71726 0.306175 -0.173673 0.935999 -37.7104 0 0 0 1 
				16
				0.95044 -5.44831e-05 -0.310909 1.35546 0.0536437 0.985032 0.163815 -1.70438 0.306246 -0.172374 0.936216 -37.7147 0 0 0 1 
				17
				0.95044 -5.33334e-05 -0.310909 1.35545 0.0524801 0.985679 0.160261 -1.66733 0.306447 -0.168635 0.936831 -37.7268 0 0 0 1 
				18
				0.95044 -5.15052e-05 -0.310909 1.35545 0.0506357 0.986674 0.154629 -1.6086 0.306757 -0.162708 0.937777 -37.7457 0 0 0 1 
				19
				0.95044 -4.9077e-05 -0.310908 1.35545 0.0481881 0.987939 0.147154 -1.5307 0.307151 -0.154843 0.938979 -37.7703 0 0 0 1 
				20
				0.95044 -4.61289e-05 -0.310908 1.35545 0.0452127 0.98939 0.138068 -1.43602 0.307603 -0.145282 0.940358 -37.7995 0 0 0 1 
				21
				0.95044 -4.27313e-05 -0.310907 1.35544 0.0417852 0.990945 0.127601 -1.327 0.308087 -0.134268 0.941836 -37.8321 0 0 0 1 
				22
				0.95044 -3.89679e-05 -0.310907 1.35544 0.0379839 0.992524 0.115992 -1.20614 0.308578 -0.122053 0.943336 -37.8671 0 0 0 1 
				23
				0.95044 -3.49104e-05 -0.310907 1.35544 0.0338882 0.994054 0.103485 -1.07597 0.309054 -0.108892 0.94479 -37.9033 0 0 0 1 
				24
				0.950441 -3.06426e-05 -0.310906 1.35543 0.0295754 0.995474 0.0903139 -0.938955 0.309496 -0.0950332 0.94614 -37.9398 0 0 0 1 
				25
				0.950441 -2.62355e-05 -0.310906 1.35543 0.0251234 0.996736 0.0767181 -0.797562 0.309889 -0.080727 0.947339 -37.9758 0 0 0 1 
				26
				0.950441 -2.17739e-05 -0.310906 1.35543 0.0206132 0.997804 0.0629449 -0.654365 0.310222 -0.0662342 0.948354 -38.0105 0 0 0 1 
				27
				0.950441 -1.73354e-05 -0.310905 1.35543 0.0161265 0.998657 0.0492432 -0.511946 0.310487 -0.0518165 0.949164 -38.0433 0 0 0 1 
				28
				0.950441 -1.29995e-05 -0.310905 1.35543 0.0117424 0.999288 0.0358549 -0.372811 0.310683 -0.0377287 0.949764 -38.0736 0 0 0 1 
				29
				0.950441 -8.84349e-06 -0.310905 1.35542 0.00754031 0.999707 0.0230224 -0.239469 0.310814 -0.0242257 0.950162 -38.1012 0 0 0 1 
				30
				0.950441 -5.08093e-06 -0.310905 1.35542 0.00360214 0.999933 0.0109955 -0.114508 0.310884 -0.0115705 0.950377 -38.1256 0 0 0 1 
				31
				0.950441 -1.39562e-06 -0.310905 1.35542 9.18992e-06 1 2.36048e-05 -0.000513673 0.310905 -2.52922e-05 0.950441 -38.1467 0 0 0 1 
		</Joint>
			8
				-1
				0.103926 -0.0173927 -0.994433 6.71759 0.0607862 0.998089 -0.011104 -0.000461826 0.992726 -0.0592938 0.104785 -36.3927 0 0 0 1 
				0
				0.10966 -0.017451 -0.993816 6.71759 0.0617694 0.998033 -0.0107092 -0.0941869 0.992048 -0.060213 0.110522 -36.3716 0 0 0 1 
				1
				0.11594 -0.0175212 -0.993102 6.71759 0.0628432 0.997971 -0.0102704 -0.196929 0.991266 -0.0612189 0.116806 -36.3476 0 0 0 1 
				2
				0.122638 -0.0176033 -0.992295 6.71759 0.0639862 0.997903 -0.00979465 -0.306562 0.990387 -0.062292 0.123507 -36.3208 0 0 0 1 
				3
				0.129624 -0.0176961 -0.991405 6.71759 0.0651767 0.997831 -0.0092891 -0.420964 0.989419 -0.0634124 0.130496 -36.2916 0 0 0 1 
				4
				0.136772 -0.0178001 -0.990443 6.71759 0.066392 0.997755 -0.00876328 -0.538069 0.988375 -0.0645589 0.137647 -36.2603 0 0 0 1 
				5
				0.143958 -0.0179125 -0.989422 6.7176 0.0676107 0.997678 -0.00822486 -0.655821 0.987272 -0.0657115 0.144834 -36.2275 0 0 0 1 
				6
				0.151051 -0.018032 -0.988362 6.7176 0.0688112 0.997601 -0.00768421 -0.772098 0.986128 -0.0668496 0.151929 -36.1937 0 0 0 1 
				7
				0.157923 -0.0181557 -0.987284 6.7176 0.0699714 0.997523 -0.00715155 -0.884783 0.984969 -0.0679523 0.158803 -36.1597 0 0 0 1 
				8
				0.164452 -0.018281 -0.986215 6.7176 0.0710712 0.997449 -0.00663802 -0.991846 0.983821 -0.0689998 0.165332 -36.1261 0 0 0 1 
				9
				0.170516 -0.018403 -0.985183 6.71761 0.0720914 0.997379 -0.00615322 -1.09126 0.982714 -0.069974 0.171396 -36.094 0 0 0 1 
				10
				0.175986 -0.0185186 -0.984219 6.71761 0.0730101 0.997315 -0.00571023 -1.18094 0.981682 -0.070853 0.176866 -36.0641 0 0 0 1 
				11
				0.180737 -0.0186229 -0.983355 6.71761 0.0738056 0.997259 -0.00532107 -1.25883 0.980759 -0.0716154 0.181615 -36.0374 0 0 0 1 
				12
				0.184646 -0.018712 -0.982627 6.71761 0.0744594 0.997212 -0.00499798 -1.32293 0.979981 -0.0722429 0.185525 -36.015 0 0 0 1 
				13
				0.187595 -0.0187802 -0.982067 6.71761 0.0749526 0.997176 -0.00475165 -1.37125 0.979382 -0.0727171 0.188473 -35.9978 0 0 0 1 
				14
				0.189456 -0.0188249 -0.981709 6.71762 0.0752638 0.997153 -0.00459619 -1.40174 0.979001 -0.0730163 0.190333 -35.9869 0 0 0 1 
				15
				0.190102 -0.01884 -0.981584 6.71761 0.0753716 0.997145 -0.00454159 -1.41233 0.978867 -0.0731201 0.190979 -35.9831 0 0 0 1 
				16
				0.189456 -0.0188248 -0.981709 6.71762 0.0752638 0.997153 -0.00459611 -1.40174 0.979001 -0.0730164 0.190333 -35.9869 0 0 0 1 
				17
				0.187595 -0.0187802 -0.982067 6.71761 0.0749526 0.997176 -0.00475165 -1.37125 0.979382 -0.0727171 0.188473 -35.9978 0 0 0 1 
				18
				0.184646 -0.018712 -0.982627 6.71761 0.0744594 0.997212 -0.00499801 -1.32293 0.979981 -0.0722429 0.185525 -36.015 0 0 0 1 
				19
				0.180737 -0.0186229 -0.983355 6.71761 0.0738056 0.997259 -0.00532107 -1.25883 0.980759 -0.0716154 0.181615 -36.0374 0 0 0 1 
				20
				0.175986 -0.0185186 -0.984219 6.71761 0.0730101 0.997315 -0.00571025 -1.18094 0.981682 -0.070853 0.176866 -36.0641 0 0 0 1 
				21
				0.170516 -0.018403 -0.985183 6.71761 0.0720914 0.997379 -0.00615326 -1.09126 0.982714 -0.069974 0.171396 -36.094 0 0 0 1 
				22
				0.164452 -0.0182807 -0.986216 6.7176 0.0710711 0.99745 -0.00663779 -0.991846 0.983822 -0.0689999 0.165332 -36.1261 0 0 0 1 
				23
				0.157923 -0.0181557 -0.987284 6.7176 0.0699714 0.997523 -0.00715156 -0.884783 0.984969 -0.0679523 0.158803 -36.1597 0 0 0 1 
				24
				0.151051 -0.0180322 -0.988362 6.7176 0.0688112 0.997601 -0.00768435 -0.772097 0.986128 -0.0668496 0.151929 -36.1937 0 0 0 1 
				25
				0.143958 -0.0179125 -0.989422 6.7176 0.0676107 0.997678 -0.00822486 -0.655821 0.987272 -0.0657115 0.144834 -36.2275 0 0 0 1 
				26
				0.136772 -0.0177999 -0.990443 6.71759 0.066392 0.997755 -0.00876313 -0.53807 0.988375 -0.0645589 0.137647 -36.2603 0 0 0 1 
				27
				0.129624 -0.0176961 -0.991405 6.71759 0.0651767 0.997831 -0.00928908 -0.420964 0.989419 -0.0634124 0.130496 -36.2916 0 0 0 1 
				28
				0.122638 -0.0176031 -0.992295 6.71759 0.0639862 0.997903 -0.00979447 -0.306563 0.990387 -0.0622921 0.123507 -36.3208 0 0 0 1 
				29
				0.11594 -0.0175212 -0.993102 6.71759 0.0628432 0.997971 -0.0102704 -0.196929 0.991266 -0.0612189 0.116806 -36.3476 0 0 0 1 
				30
				0.10966 -0.0174511 -0.993816 6.71759 0.0617694 0.998033 -0.0107094 -0.094186 0.992048 -0.060213 0.110522 -36.3716 0 0 0 1 
				31
				0.103926 -0.0173927 -0.994433 6.71759 0.0607862 0.998089 -0.011104 -0.000461826 0.992726 -0.0592938 0.104785 -36.3927 0 0 0 1 
		</Joint>
			9
				-1
				0.105092 -0.00766592 -0.994433 7.38876 -0.0321676 0.999421 -0.0111039 0.392104 0.993942 0.0331555 0.104785 -29.9815 0 0 0 1 
				0
				0.110846 -0.00655223 -0.993816 7.42579 -0.0369529 0.99926 -0.0107097 0.304728 0.99315 0.0379115 0.110522 -29.9649 0 0 0 1 
				1
				0.117138 -0.00526114 -0.993102 7.46635 -0.0422014 0.999056 -0.0102704 0.208921 0.992219 0.0431133 0.116806 -29.9459 0 0 0 1 
				2
				0.123837 -0.00380327 -0.992295 7.5096 -0.0478049 0.998809 -0.0097942 0.106669 0.99115 0.0486495 0.123507 -29.9248 0 0 0 1 
				3
				0.130808 -0.002194 -0.991405 7.55472 -0.0536558 0.998516 -0.0092892 -4.49223e-05 0.989955 0.0544097 0.130496 -29.9018 0 0 0 1 
				4
				0.137925 -0.000452926 -0.990443 7.60089 -0.0596501 0.998181 -0.0087631 -0.109301 0.988645 0.0602887 0.137647 -29.8773 0 0 0 1 
				5
				0.145061 0.00139282 -0.989422 7.64729 -0.0656832 0.997807 -0.0082253 -0.219183 0.98724 0.0661815 0.144834 -29.8516 0 0 0 1 
				6
				0.152087 0.00331099 -0.988362 7.69311 -0.0716471 0.997401 -0.00768367 -0.327706 0.985767 0.0719819 0.151929 -29.8252 0 0 0 1 
				7
				0.158877 0.00525755 -0.987284 7.73749 -0.0774341 0.996972 -0.00715179 -0.432898 0.984257 0.0775858 0.158803 -29.7986 0 0 0 1 
				8
				0.165309 0.00718981 -0.986216 7.77966 -0.0829394 0.996533 -0.00663722 -0.532858 0.982748 0.0828933 0.165332 -29.7725 0 0 0 1 
				9
				0.171267 0.00905439 -0.985183 7.81882 -0.0880561 0.996096 -0.00615322 -0.625682 0.981282 0.0878053 0.171396 -29.7475 0 0 0 1 
				10
				0.176628 0.0107961 -0.984219 7.85415 -0.0926781 0.99568 -0.00571019 -0.709433 0.979905 0.092224 0.176866 -29.7242 0 0 0 1 
				11
				0.181273 0.012354 -0.983355 7.88483 -0.0966976 0.9953 -0.00532129 -0.782182 0.978667 0.0960527 0.181615 -29.7035 0 0 0 1 
				12
				0.185088 0.0136688 -0.982627 7.91008 -0.100009 0.994974 -0.0049972 -0.842058 0.97762 0.0991968 0.185525 -29.6862 0 0 0 1 
				13
				0.18796 0.014678 -0.982067 7.92913 -0.102507 0.994721 -0.00475193 -0.887194 0.976813 0.101562 0.188473 -29.6729 0 0 0 1 
				14
