<?xml version='1.0' encoding='UTF-8' ?>
<itpanim>
	<skeleton count>
		25
			0 -1
			1.37091e-06 -1 -6.12323e-17 1e-06 1 1.37091e-06 -6.12323e-17 -1.37225e-12 6.12323e-17 -6.12323e-17 1 21.9617 0 0 0 1 
			1 0
			1.3868e-06 -2.28084e-12 -1 -21.9617 2.75771e-06 -1 6.10517e-12 1.00008e-06 -1 -2.75771e-06 -1.3868e-06 -3.04564e-05 0 0 0 1 
			2 1
			-0.000205999 -0.000823318 -1 -24.8731 -1.2413e-06 -1 0.000823318 0.0257198 -1 1.41091e-06 0.000205998 0.00512379 0 0 0 1 
			3 2
			-0.000383999 -0.00100932 -0.999999 -31.4555 -1.03656e-06 -0.999999 0.00100932 0.036812 -1 1.42414e-06 0.000383997 0.0107229 0 0 0 1 
			4 3
			-0.000383999 -0.00100932 -0.999999 -38.038 -1.03656e-06 -0.999999 0.00100932 0.0388247 -1 1.42414e-06 0.000383997 0.0107228 0 0 0 1 
			5 4
			1.34309e-06 9.80604e-13 -1 -40.5657 -1.40269e-06 -1 -2.8646e-12 -0.00211895 -1 1.40269e-06 -1.34309e-06 -0.00490874 0 0 0 1 
			6 5
			1 -0 0 0 0 1 0 0 -0 -0 1 -0 0 0 0 1 
			7 4
			0.950432 6.75818e-05 0.310933 10.539 -1.42282e-06 1 -0.000213002 -0.00652172 -0.310933 0.000202002 0.950432 36.5745 0 0 0 1 
			8 7
			0.476976 0.0235788 0.8786 28.6752 0.0457762 0.997617 -0.0516239 -2.17945 -0.877723 0.0648423 0.47476 23.1227 0 0 0 1 
			9 8
			0.476835 0.0205561 0.878752 22.2236 0.0472212 0.997684 -0.0489616 -2.11213 -0.877724 0.0648423 0.47476 23.1227 0 0 0 1 
			10 9
			0.476835 0.0205561 0.878752 15.4032 -0.877686 0.0656367 0.474721 23.121 -0.04792 -0.997632 0.0493396 2.13054 0 0 0 1 
			11 4
			-0.950193 6.50589e-05 0.311663 10.5594 -1.39561e-06 1 -0.000213002 -0.00652172 -0.311663 -0.000202828 -0.950193 -36.5678 0 0 0 1 
			12 11
			-0.476976 0.0235775 0.8786 28.6676 -0.045779 0.997617 -0.0516239 -2.17948 -0.877723 -0.0648447 -0.47476 -23.1259 0 0 0 1 
			13 12
			-0.476835 0.0205548 0.878752 22.216 -0.0472239 0.997684 -0.0489616 -2.11218 -0.877723 -0.0648447 -0.47476 -23.1259 0 0 0 1 
			14 13
			-0.476835 0.0205547 0.878752 15.3956 0.877685 0.0656391 0.474721 23.1242 -0.0479228 0.997632 -0.0493396 -2.13059 0 0 0 1 
			15 2
			1.37369e-06 -0.0998331 0.995004 21.852 0 -0.995004 -0.0998331 -2.1925 1 1.3714e-07 -1.36683e-06 -4.26131 0 0 0 1 
			16 15
			1.37369e-06 0.0998335 0.995004 12.303 0 -0.995004 0.0998335 0.256849 1 -1.3714e-07 -1.36683e-06 -4.26131 0 0 0 1 
			17 16
			1.3716e-06 -6.00745e-14 1 2.57273 0 -1 -6.00745e-14 4.22662e-06 1 8.23984e-20 -1.3716e-06 -4.26131 0 0 0 1 
			18 17
			1.3723e-06 -1 -6.00133e-14 -5.50713 0 6.00133e-14 -1 -0.331805 1 1.3723e-06 8.23562e-20 -4.26131 0 0 0 1 
			19 18
			1 -0 0 0 0 1 0 0 -0 -0 1 -0 0 0 0 1 
			20 2
			1.37369e-06 -0.0998331 0.995004 21.852 0 -0.995004 -0.0998331 -2.1925 1 1.3714e-07 -1.36683e-06 4.26131 0 0 0 1 
			21 20
			1.37369e-06 0.0998335 0.995004 12.303 0 -0.995004 0.0998335 0.256849 1 -1.3714e-07 -1.36683e-06 4.26131 0 0 0 1 
			22 21
			1.3716e-06 -6.00745e-14 1 2.57273 0 -1 -6.00745e-14 4.22662e-06 1 8.23984e-20 -1.3716e-06 4.26131 0 0 0 1 
			23 22
			1.3723e-06 -1 -6.00133e-14 -5.50713 0 6.00133e-14 -1 -0.331804 1 1.3723e-06 8.23562e-20 4.26131 0 0 0 1 
			24 23
			1 -0 0 0 0 1 0 0 -0 -0 1 -0 0 0 0 1 
	</skeleton>
		<animations>
			33
			0
				-1
				1.33158e-06 1 0 0 -1 1.33158e-06 0 9.75445e-07 -0 -0 1 -19.1942 0 0 0 1 
				0
				1.33158e-06 1 0 0 -1 1.33158e-06 0 9.59147e-07 -0 -0 1 -19.6654 0 0 0 1 
				1
				1.33158e-06 1 0 0 -1 1.33158e-06 0 9.41631e-07 -0 -0 1 -20.2036 0 0 0 1 
				2
				1.33158e-06 1 0 0 -1 1.33158e-06 0 9.23631e-07 -0 -0 1 -20.7683 0 0 0 1 
				3
				1.33158e-06 1 0 0 -1 1.33158e-06 0 9.05884e-07 -0 -0 1 -21.3192 0 0 0 1 
				4
				1.33158e-06 1 0 0 -1 1.33158e-06 0 8.89103e-07 -0 -0 1 -21.8169 0 0 0 1 
				5
				1.33158e-06 1 0 0 -1 1.33158e-06 0 8.74002e-07 -0 -0 1 -22.2223 0 0 0 1 
				6
				1.33158e-06 1 0 0 -1 1.33158e-06 0 8.61315e-07 -0 -0 1 -22.4949 0 0 0 1 
				7
				1.33158e-06 1 0 0 -1 1.33158e-06 0 8.51781e-07 -0 -0 1 -22.5941 0 0 0 1 
				8
				1.33158e-06 1 0 0 -1 1.33158e-06 0 8.45903e-07 -0 -0 1 -22.4477 0 0 0 1 
				9
				1.33158e-06 1 0 0 -1 1.33158e-06 0 8.43243e-07 -0 -0 1 -22.0593 0 0 0 1 
				10
				1.33158e-06 1 0 0 -1 1.33158e-06 0 8.43024e-07 -0 -0 1 -21.511 0 0 0 1 
				11
				1.33158e-06 1 0 0 -1 1.33158e-06 0 8.44471e-07 -0 -0 1 -20.8846 0 0 0 1 
				12
				1.33158e-06 1 0 0 -1 1.33158e-06 0 8.46831e-07 -0 -0 1 -20.2594 0 0 0 1 
				13
				1.33158e-06 1 0 0 -1 1.33158e-06 0 8.49354e-07 -0 -0 1 -19.7147 0 0 0 1 
				14
				1.33158e-06 1 0 0 -1 1.33158e-06 0 8.51262e-07 -0 -0 1 -19.3323 0 0 0 1 
				15
				1.33158e-06 1 0 0 -1 1.33158e-06 0 8.51781e-07 -0 -0 1 -19.1942 0 0 0 1 
				16
				1.33158e-06 1 0 0 -1 1.33158e-06 0 8.50333e-07 -0 -0 1 -19.3536 0 0 0 1 
				17
				1.33158e-06 1 0 0 -1 1.33158e-06 0 8.47364e-07 -0 -0 1 -19.7602 0 0 0 1 
				18
				1.33158e-06 1 0 0 -1 1.33158e-06 0 8.43728e-07 -0 -0 1 -20.3304 0 0 0 1 
				19
				1.33158e-06 1 0 0 -1 1.33158e-06 0 8.40282e-07 -0 -0 1 -20.9804 0 0 0 1 
				20
				1.33158e-06 1 0 0 -1 1.33158e-06 0 8.37855e-07 -0 -0 1 -21.6293 0 0 0 1 
				21
				1.33158e-06 1 0 0 -1 1.33158e-06 0 8.37274e-07 -0 -0 1 -22.1959 0 0 0 1 
				22
				1.33158e-06 1 0 0 -1 1.33158e-06 0 8.39397e-07 -0 -0 1 -22.5965 0 0 0 1 
				23
				1.33158e-06 1 0 0 -1 1.33158e-06 0 8.45079e-07 -0 -0 1 -22.7475 0 0 0 1 
				24
				1.33158e-06 1 0 0 -1 1.33158e-06 0 8.5481e-07 -0 -0 1 -22.6437 0 0 0 1 
				25
				1.33158e-06 1 0 0 -1 1.33158e-06 0 8.68033e-07 -0 -0 1 -22.3588 0 0 0 1 
				26
				1.33158e-06 1 0 0 -1 1.33158e-06 0 8.83934e-07 -0 -0 1 -21.9352 0 0 0 1 
				27
				1.33158e-06 1 0 0 -1 1.33158e-06 0 9.01695e-07 -0 -0 1 -21.415 0 0 0 1 
				28
				1.33158e-06 1 0 0 -1 1.33158e-06 0 9.20528e-07 -0 -0 1 -20.8393 0 0 0 1 
				29
				1.33158e-06 1 0 0 -1 1.33158e-06 0 9.39641e-07 -0 -0 1 -20.2491 0 0 0 1 
				30
				1.33158e-06 1 0 0 -1 1.33158e-06 0 9.58219e-07 -0 -0 1 -19.6866 0 0 0 1 
				31
				1.33158e-06 1 0 0 -1 1.33158e-06 0 9.75445e-07 -0 -0 1 -19.1942 0 0 0 1 
		</Joint>
			1
				-1
				1.33158e-06 2.66316e-06 -1 0 0 -1 -2.66316e-06 9.75445e-07 -1 3.54621e-12 -1.33158e-06 -19.1942 0 0 0 1 
				0
				1.33158e-06 2.66316e-06 -1 0 0 -1 -2.66316e-06 9.59147e-07 -1 3.54621e-12 -1.33158e-06 -19.6654 0 0 0 1 
				1
				1.33158e-06 2.66316e-06 -1 0 0 -1 -2.66316e-06 9.41631e-07 -1 3.54621e-12 -1.33158e-06 -20.2036 0 0 0 1 
				2
				1.33158e-06 2.66316e-06 -1 0 0 -1 -2.66316e-06 9.23631e-07 -1 3.54621e-12 -1.33158e-06 -20.7683 0 0 0 1 
				3
				1.33158e-06 2.66316e-06 -1 0 0 -1 -2.66316e-06 9.05884e-07 -1 3.54621e-12 -1.33158e-06 -21.3192 0 0 0 1 
				4
				1.33158e-06 2.66316e-06 -1 0 0 -1 -2.66316e-06 8.89103e-07 -1 3.54621e-12 -1.33158e-06 -21.8169 0 0 0 1 
				5
				1.33158e-06 2.66316e-06 -1 0 0 -1 -2.66316e-06 8.74002e-07 -1 3.54621e-12 -1.33158e-06 -22.2223 0 0 0 1 
				6
				1.33158e-06 2.66316e-06 -1 0 0 -1 -2.66316e-06 8.61315e-07 -1 3.54621e-12 -1.33158e-06 -22.4949 0 0 0 1 
				7
				1.33158e-06 2.66316e-06 -1 0 0 -1 -2.66316e-06 8.51781e-07 -1 3.54621e-12 -1.33158e-06 -22.5941 0 0 0 1 
				8
				1.33158e-06 2.66316e-06 -1 0 0 -1 -2.66316e-06 8.45903e-07 -1 3.54621e-12 -1.33158e-06 -22.4477 0 0 0 1 
				9
				1.33158e-06 2.66316e-06 -1 0 0 -1 -2.66316e-06 8.43243e-07 -1 3.54621e-12 -1.33158e-06 -22.0593 0 0 0 1 
				10
				1.33158e-06 2.66316e-06 -1 0 0 -1 -2.66316e-06 8.43024e-07 -1 3.54621e-12 -1.33158e-06 -21.511 0 0 0 1 
				11
				1.33158e-06 2.66316e-06 -1 0 0 -1 -2.66316e-06 8.44471e-07 -1 3.54621e-12 -1.33158e-06 -20.8846 0 0 0 1 
				12
				1.33158e-06 2.66316e-06 -1 0 0 -1 -2.66316e-06 8.46831e-07 -1 3.54621e-12 -1.33158e-06 -20.2594 0 0 0 1 
				13
				1.33158e-06 2.66316e-06 -1 0 0 -1 -2.66316e-06 8.49354e-07 -1 3.54621e-12 -1.33158e-06 -19.7147 0 0 0 1 
				14
				1.33158e-06 2.66316e-06 -1 0 0 -1 -2.66316e-06 8.51262e-07 -1 3.54621e-12 -1.33158e-06 -19.3323 0 0 0 1 
				15
				1.33158e-06 2.66316e-06 -1 0 0 -1 -2.66316e-06 8.51781e-07 -1 3.54621e-12 -1.33158e-06 -19.1942 0 0 0 1 
				16
				1.33158e-06 2.66316e-06 -1 0 0 -1 -2.66316e-06 8.50333e-07 -1 3.54621e-12 -1.33158e-06 -19.3536 0 0 0 1 
				17
				1.33158e-06 2.66316e-06 -1 0 0 -1 -2.66316e-06 8.47364e-07 -1 3.54621e-12 -1.33158e-06 -19.7602 0 0 0 1 
				18
				1.33158e-06 2.66316e-06 -1 0 0 -1 -2.66316e-06 8.43728e-07 -1 3.54621e-12 -1.33158e-06 -20.3304 0 0 0 1 
				19
				1.33158e-06 2.66316e-06 -1 0 0 -1 -2.66316e-06 8.40282e-07 -1 3.54621e-12 -1.33158e-06 -20.9804 0 0 0 1 
				20
				1.33158e-06 2.66316e-06 -1 0 0 -1 -2.66316e-06 8.37855e-07 -1 3.54621e-12 -1.33158e-06 -21.6293 0 0 0 1 
				21
				1.33158e-06 2.66316e-06 -1 0 0 -1 -2.66316e-06 8.37274e-07 -1 3.54621e-12 -1.33158e-06 -22.1959 0 0 0 1 
				22
				1.33158e-06 2.66316e-06 -1 0 0 -1 -2.66316e-06 8.39397e-07 -1 3.54621e-12 -1.33158e-06 -22.5965 0 0 0 1 
				23
				1.33158e-06 2.66316e-06 -1 0 0 -1 -2.66316e-06 8.45079e-07 -1 3.54621e-12 -1.33158e-06 -22.7475 0 0 0 1 
				24
				1.33158e-06 2.66316e-06 -1 0 0 -1 -2.66316e-06 8.5481e-07 -1 3.54621e-12 -1.33158e-06 -22.6437 0 0 0 1 
				25
				1.33158e-06 2.66316e-06 -1 0 0 -1 -2.66316e-06 8.68033e-07 -1 3.54621e-12 -1.33158e-06 -22.3588 0 0 0 1 
				26
				1.33158e-06 2.66316e-06 -1 0 0 -1 -2.66316e-06 8.83934e-07 -1 3.54621e-12 -1.33158e-06 -21.9352 0 0 0 1 
				27
				1.33158e-06 2.66316e-06 -1 0 0 -1 -2.66316e-06 9.01695e-07 -1 3.54621e-12 -1.33158e-06 -21.415 0 0 0 1 
				28
				1.33158e-06 2.66316e-06 -1 0 0 -1 -2.66316e-06 9.20528e-07 -1 3.54621e-12 -1.33158e-06 -20.8393 0 0 0 1 
				29
				1.33158e-06 2.66316e-06 -1 0 0 -1 -2.66316e-06 9.39641e-07 -1 3.54621e-12 -1.33158e-06 -20.2491 0 0 0 1 
				30
				1.33158e-06 2.66316e-06 -1 0 0 -1 -2.66316e-06 9.58219e-07 -1 3.54621e-12 -1.33158e-06 -19.6866 0 0 0 1 
				31
				1.33158e-06 2.66316e-06 -1 0 0 -1 -2.66316e-06 9.75445e-07 -1 3.54621e-12 -1.33158e-06 -19.1942 0 0 0 1 
		</Joint>
			2
				-1
				1.38779e-06 -1.52815e-06 -1 4.03108e-06 -0.000797649 -1 1.52704e-06 0.00523756 -1 0.000797649 -1.38901e-06 -22.1057 0 0 0 1 
				0
				1.38779e-06 -1.52855e-06 -1 4.03108e-06 -0.000797649 -0.999999 1.52744e-06 0.00523752 -1 0.000797649 -1.38901e-06 -22.5768 0 0 0 1 
				1
				1.38779e-06 -1.52954e-06 -1 4.03109e-06 -0.000797649 -1 1.52844e-06 0.00523749 -1 0.000797649 -1.38901e-06 -23.115 0 0 0 1 
				2
				1.38779e-06 -1.53077e-06 -1 4.03109e-06 -0.000797649 -0.999999 1.52966e-06 0.00523744 -1 0.000797649 -1.38901e-06 -23.6798 0 0 0 1 
				3
				1.38779e-06 -1.53187e-06 -1 4.0311e-06 -0.000797649 -1 1.53076e-06 0.0052374 -1 0.000797649 -1.38901e-06 -24.2306 0 0 0 1 
				4
				1.38779e-06 -1.53251e-06 -1 4.03111e-06 -0.000797649 -1 1.5314e-06 0.00523736 -1 0.000797649 -1.38901e-06 -24.7284 0 0 0 1 
				5
				1.38779e-06 -1.53234e-06 -1 4.0311e-06 -0.000797649 -0.999999 1.53123e-06 0.00523733 -1 0.000797649 -1.38901e-06 -25.1337 0 0 0 1 
				6
				1.38779e-06 -1.531e-06 -1 4.03109e-06 -0.000797649 -0.999999 1.52989e-06 0.0052373 -1 0.000797649 -1.38901e-06 -25.4063 0 0 0 1 
				7
				1.38779e-06 -1.52815e-06 -1 4.03108e-06 -0.000797649 -0.999999 1.52704e-06 0.00523729 -1 0.000797649 -1.38901e-06 -25.5056 0 0 0 1 
				8
				1.3878e-06 -1.52274e-06 -1 4.03105e-06 -0.000797649 -0.999999 1.52163e-06 0.00523729 -1 0.000797649 -1.38901e-06 -25.3591 0 0 0 1 
				9
				1.3878e-06 -1.51464e-06 -1 4.03101e-06 -0.000797649 -0.999999 1.51353e-06 0.0052373 -1 0.000797649 -1.38901e-06 -24.9708 0 0 0 1 
				10
				1.38781e-06 -1.50491e-06 -1 4.03096e-06 -0.000797649 -1 1.50381e-06 0.00523733 -1 0.000797649 -1.38901e-06 -24.4225 0 0 0 1 
				11
				1.38782e-06 -1.49462e-06 -1 4.03091e-06 -0.000797649 -0.999999 1.49351e-06 0.00523736 -1 0.000797649 -1.38901e-06 -23.7961 0 0 0 1 
				12
				1.38783e-06 -1.48479e-06 -1 4.03086e-06 -0.000797649 -1 1.48368e-06 0.00523739 -1 0.000797649 -1.38901e-06 -23.1709 0 0 0 1 
				13
				1.38783e-06 -1.47646e-06 -1 4.03081e-06 -0.000797649 -0.999999 1.47535e-06 0.00523741 -1 0.000797649 -1.38901e-06 -22.6261 0 0 0 1 
				14
				1.38784e-06 -1.47069e-06 -1 4.03078e-06 -0.000797649 -0.999999 1.46958e-06 0.00523743 -1 0.000797649 -1.38901e-06 -22.2438 0 0 0 1 
				15
				1.38784e-06 -1.46854e-06 -1 4.03077e-06 -0.000797649 -0.999999 1.46743e-06 0.00523744 -1 0.000797649 -1.38901e-06 -22.1057 0 0 0 1 
				16
				1.38784e-06 -1.47069e-06 -1 4.03078e-06 -0.000797649 -1 1.46958e-06 0.00523743 -1 0.000797649 -1.38901e-06 -22.265 0 0 0 1 
				17
				1.38783e-06 -1.47646e-06 -1 4.03081e-06 -0.000797649 -0.999999 1.47535e-06 0.00523741 -1 0.000797649 -1.38901e-06 -22.6717 0 0 0 1 
				18
				1.38783e-06 -1.48479e-06 -1 4.03085e-06 -0.000797649 -1 1.48368e-06 0.00523738 -1 0.000797649 -1.38901e-06 -23.2418 0 0 0 1 
				19
				1.38782e-06 -1.49462e-06 -1 4.03091e-06 -0.000797649 -0.999999 1.49351e-06 0.00523735 -1 0.000797649 -1.38901e-06 -23.8919 0 0 0 1 
				20
				1.38781e-06 -1.50491e-06 -1 4.03096e-06 -0.000797649 -1 1.50381e-06 0.00523732 -1 0.000797649 -1.38901e-06 -24.5407 0 0 0 1 
				21
				1.3878e-06 -1.51464e-06 -1 4.03101e-06 -0.000797649 -0.999999 1.51353e-06 0.00523729 -1 0.000797649 -1.38901e-06 -25.1073 0 0 0 1 
				22
				1.3878e-06 -1.52274e-06 -1 4.03105e-06 -0.000797649 -1 1.52163e-06 0.00523728 -1 0.000797649 -1.38901e-06 -25.5079 0 0 0 1 
				23
				1.38779e-06 -1.52815e-06 -1 4.03108e-06 -0.000797649 -0.999999 1.52704e-06 0.00523728 -1 0.000797649 -1.38901e-06 -25.6589 0 0 0 1 
				24
				1.38779e-06 -1.531e-06 -1 4.03109e-06 -0.000797649 -1 1.52989e-06 0.00523729 -1 0.000797649 -1.38901e-06 -25.5552 0 0 0 1 
				25
				1.38779e-06 -1.53234e-06 -1 4.0311e-06 -0.000797649 -0.999999 1.53123e-06 0.00523731 -1 0.000797649 -1.38901e-06 -25.2703 0 0 0 1 
				26
				1.38779e-06 -1.53251e-06 -1 4.03111e-06 -0.000797649 -1 1.5314e-06 0.00523735 -1 0.000797649 -1.38901e-06 -24.8466 0 0 0 1 
				27
				1.38779e-06 -1.53187e-06 -1 4.0311e-06 -0.000797649 -0.999999 1.53076e-06 0.00523739 -1 0.000797649 -1.38901e-06 -24.3265 0 0 0 1 
				28
				1.38779e-06 -1.53077e-06 -1 4.0311e-06 -0.000797649 -1 1.52966e-06 0.00523744 -1 0.000797649 -1.38901e-06 -23.7508 0 0 0 1 
				29
				1.38779e-06 -1.52954e-06 -1 4.03109e-06 -0.000797649 -0.999999 1.52844e-06 0.00523748 -1 0.000797649 -1.38901e-06 -23.1606 0 0 0 1 
				30
				1.38779e-06 -1.52855e-06 -1 4.03108e-06 -0.000797649 -1 1.52744e-06 0.00523752 -1 0.000797649 -1.38901e-06 -22.5981 0 0 0 1 
				31
				1.38779e-06 -1.52815e-06 -1 4.03108e-06 -0.000797649 -0.999999 1.52704e-06 0.00523756 -1 0.000797649 -1.38901e-06 -22.1057 0 0 0 1 
		</Joint>
			3
				-1
				1.38777e-06 -1.55795e-06 -1 1.31598e-05 -0.000797649 -1 1.55684e-06 0.00522851 -1 0.000797649 -1.38901e-06 -28.6881 0 0 0 1 
				0
				1.38777e-06 -1.55876e-06 -1 1.31598e-05 -0.000797649 -0.999999 1.55765e-06 0.00522847 -1 0.000797649 -1.38901e-06 -29.1593 0 0 0 1 
				1
				1.38777e-06 -1.56074e-06 -1 1.31598e-05 -0.000797649 -1 1.55963e-06 0.00522843 -1 0.000797649 -1.38901e-06 -29.6975 0 0 0 1 
				2
				1.38777e-06 -1.56319e-06 -1 1.31598e-05 -0.000797649 -0.999999 1.56209e-06 0.00522839 -1 0.000797649 -1.38901e-06 -30.2622 0 0 0 1 
				3
				1.38776e-06 -1.5654e-06 -1 1.31598e-05 -0.000797649 -1 1.56429e-06 0.00522835 -1 0.000797649 -1.38901e-06 -30.8131 0 0 0 1 
				4
				1.38776e-06 -1.56667e-06 -1 1.31598e-05 -0.000797649 -1 1.56557e-06 0.00522831 -1 0.000797649 -1.38901e-06 -31.3108 0 0 0 1 
				5
				1.38776e-06 -1.56633e-06 -1 1.31598e-05 -0.000797649 -0.999999 1.56522e-06 0.00522828 -1 0.000797649 -1.38901e-06 -31.7162 0 0 0 1 
				6
				1.38777e-06 -1.56366e-06 -1 1.31598e-05 -0.000797649 -0.999999 1.56255e-06 0.00522825 -1 0.000797649 -1.38901e-06 -31.9887 0 0 0 1 
				7
				1.38777e-06 -1.55795e-06 -1 1.31598e-05 -0.000797649 -0.999999 1.55684e-06 0.00522824 -1 0.000797649 -1.38901e-06 -32.088 0 0 0 1 
				8
				1.38778e-06 -1.54714e-06 -1 1.31597e-05 -0.000797649 -0.999999 1.54603e-06 0.00522824 -1 0.000797649 -1.38901e-06 -31.9415 0 0 0 1 
				9
				1.38779e-06 -1.53094e-06 -1 1.31596e-05 -0.000797649 -0.999999 1.52983e-06 0.00522825 -1 0.000797649 -1.38901e-06 -31.5532 0 0 0 1 
				10
				1.38781e-06 -1.51148e-06 -1 1.31595e-05 -0.000797649 -1 1.51038e-06 0.00522828 -1 0.000797649 -1.38901e-06 -31.0049 0 0 0 1 
				11
				1.38782e-06 -1.49089e-06 -1 1.31594e-05 -0.000797649 -0.999999 1.48979e-06 0.0052283 -1 0.000797649 -1.38901e-06 -30.3785 0 0 0 1 
				12
				1.38784e-06 -1.47123e-06 -1 1.31593e-05 -0.000797649 -1 1.47013e-06 0.00522834 -1 0.000797649 -1.38901e-06 -29.7533 0 0 0 1 
				13
				1.38785e-06 -1.45457e-06 -1 1.31592e-05 -0.000797649 -0.999999 1.45346e-06 0.00522836 -1 0.000797649 -1.38901e-06 -29.2086 0 0 0 1 
				14
				1.38786e-06 -1.44303e-06 -1 1.31591e-05 -0.000797649 -0.999999 1.44192e-06 0.00522838 -1 0.000797649 -1.38901e-06 -28.8262 0 0 0 1 
				15
				1.38786e-06 -1.43874e-06 -1 1.31591e-05 -0.000797649 -0.999999 1.43763e-06 0.00522838 -1 0.000797649 -1.38901e-06 -28.6881 0 0 0 1 
				16
				1.38786e-06 -1.44303e-06 -1 1.31592e-05 -0.000797649 -1 1.44192e-06 0.00522838 -1 0.000797649 -1.38901e-06 -28.8475 0 0 0 1 
				17
				1.38785e-06 -1.45457e-06 -1 1.31592e-05 -0.000797649 -0.999999 1.45346e-06 0.00522836 -1 0.000797649 -1.38901e-06 -29.2541 0 0 0 1 
				18
				1.38784e-06 -1.47123e-06 -1 1.31593e-05 -0.000797649 -1 1.47013e-06 0.00522833 -1 0.000797649 -1.38901e-06 -29.8243 0 0 0 1 
				19
				1.38782e-06 -1.49089e-06 -1 1.31594e-05 -0.000797649 -0.999999 1.48979e-06 0.00522829 -1 0.000797649 -1.38901e-06 -30.4743 0 0 0 1 
				20
				1.38781e-06 -1.51148e-06 -1 1.31595e-05 -0.000797649 -1 1.51037e-06 0.00522827 -1 0.000797649 -1.38901e-06 -31.1231 0 0 0 1 
				21
				1.38779e-06 -1.53094e-06 -1 1.31596e-05 -0.000797649 -0.999999 1.52983e-06 0.00522824 -1 0.000797649 -1.38901e-06 -31.6897 0 0 0 1 
				22
				1.38778e-06 -1.54714e-06 -1 1.31597e-05 -0.000797649 -1 1.54603e-06 0.00522822 -1 0.000797649 -1.38901e-06 -32.0904 0 0 0 1 
				23
				1.38777e-06 -1.55795e-06 -1 1.31598e-05 -0.000797649 -0.999999 1.55684e-06 0.00522822 -1 0.000797649 -1.38901e-06 -32.2413 0 0 0 1 
				24
				1.38777e-06 -1.56366e-06 -1 1.31598e-05 -0.000797649 -1 1.56255e-06 0.00522824 -1 0.000797649 -1.38901e-06 -32.1376 0 0 0 1 
				25
				1.38776e-06 -1.56633e-06 -1 1.31598e-05 -0.000797649 -0.999999 1.56522e-06 0.00522826 -1 0.000797649 -1.38901e-06 -31.8527 0 0 0 1 
				26
				1.38776e-06 -1.56667e-06 -1 1.31598e-05 -0.000797649 -1 1.56557e-06 0.0052283 -1 0.000797649 -1.38901e-06 -31.429 0 0 0 1 
				27
				1.38776e-06 -1.5654e-06 -1 1.31598e-05 -0.000797649 -0.999999 1.56429e-06 0.00522834 -1 0.000797649 -1.38901e-06 -30.9089 0 0 0 1 
				28
				1.38777e-06 -1.56319e-06 -1 1.31598e-05 -0.000797649 -1 1.56209e-06 0.00522838 -1 0.000797649 -1.38901e-06 -30.3332 0 0 0 1 
				29
				1.38777e-06 -1.56074e-06 -1 1.31598e-05 -0.000797649 -0.999999 1.55964e-06 0.00522842 -1 0.000797649 -1.38901e-06 -29.743 0 0 0 1 
				30
				1.38777e-06 -1.55876e-06 -1 1.31598e-05 -0.000797649 -1 1.55765e-06 0.00522847 -1 0.000797649 -1.38901e-06 -29.1805 0 0 0 1 
				31
				1.38777e-06 -1.55795e-06 -1 1.31597e-05 -0.000797649 -0.999999 1.55684e-06 0.00522851 -1 0.000797649 -1.38901e-06 -28.6881 0 0 0 1 
		</Joint>
			4
				-1
				1.38777e-06 -1.55795e-06 -1 2.22922e-05 -0.000797649 -1 1.55684e-06 0.00199078 -1 0.000797649 -1.38901e-06 -35.2705 0 0 0 1 
				0
				1.38777e-06 -1.55876e-06 -1 2.22922e-05 -0.000797649 -0.999999 1.55765e-06 0.00199074 -1 0.000797649 -1.38901e-06 -35.7417 0 0 0 1 
				1
				1.38777e-06 -1.56074e-06 -1 2.22922e-05 -0.000797649 -1 1.55963e-06 0.0019907 -1 0.000797649 -1.38901e-06 -36.2799 0 0 0 1 
				2
				1.38777e-06 -1.56319e-06 -1 2.22922e-05 -0.000797649 -0.999999 1.56209e-06 0.00199066 -1 0.000797649 -1.38901e-06 -36.8447 0 0 0 1 
				3
				1.38776e-06 -1.5654e-06 -1 2.22922e-05 -0.000797649 -1 1.56429e-06 0.00199062 -1 0.000797649 -1.38901e-06 -37.3955 0 0 0 1 
				4
				1.38776e-06 -1.56667e-06 -1 2.22922e-05 -0.000797649 -1 1.56557e-06 0.00199057 -1 0.000797649 -1.38901e-06 -37.8932 0 0 0 1 
				5
				1.38776e-06 -1.56633e-06 -1 2.22922e-05 -0.000797649 -0.999999 1.56522e-06 0.00199054 -1 0.000797649 -1.38901e-06 -38.2986 0 0 0 1 
				6
				1.38777e-06 -1.56366e-06 -1 2.22922e-05 -0.000797649 -0.999999 1.56255e-06 0.00199052 -1 0.000797649 -1.38901e-06 -38.5712 0 0 0 1 
				7
				1.38777e-06 -1.55795e-06 -1 2.22922e-05 -0.000797649 -0.999999 1.55684e-06 0.0019905 -1 0.000797649 -1.38901e-06 -38.6705 0 0 0 1 
				8
				1.38778e-06 -1.54714e-06 -1 2.22922e-05 -0.000797649 -0.999999 1.54603e-06 0.00199051 -1 0.000797649 -1.38901e-06 -38.524 0 0 0 1 
				9
				1.38779e-06 -1.53094e-06 -1 2.22921e-05 -0.000797649 -0.999999 1.52983e-06 0.00199052 -1 0.000797649 -1.38901e-06 -38.1356 0 0 0 1 
				10
				1.38781e-06 -1.51148e-06 -1 2.22921e-05 -0.000797649 -1 1.51038e-06 0.00199055 -1 0.000797649 -1.38901e-06 -37.5873 0 0 0 1 
				11
				1.38782e-06 -1.49089e-06 -1 2.22921e-05 -0.000797649 -0.999999 1.48979e-06 0.00199057 -1 0.000797649 -1.38901e-06 -36.9609 0 0 0 1 
				12
				1.38784e-06 -1.47123e-06 -1 2.2292e-05 -0.000797649 -1 1.47013e-06 0.0019906 -1 0.000797649 -1.38901e-06 -36.3357 0 0 0 1 
				13
				1.38785e-06 -1.45457e-06 -1 2.2292e-05 -0.000797649 -0.999999 1.45346e-06 0.00199063 -1 0.000797649 -1.38901e-06 -35.791 0 0 0 1 
				14
				1.38786e-06 -1.44303e-06 -1 2.2292e-05 -0.000797649 -0.999999 1.44192e-06 0.00199065 -1 0.000797649 -1.38901e-06 -35.4087 0 0 0 1 
				15
				1.38786e-06 -1.43874e-06 -1 2.2292e-05 -0.000797649 -0.999999 1.43763e-06 0.00199065 -1 0.000797649 -1.38901e-06 -35.2705 0 0 0 1 
				16
				1.38786e-06 -1.44303e-06 -1 2.2292e-05 -0.000797649 -1 1.44192e-06 0.00199065 -1 0.000797649 -1.38901e-06 -35.4299 0 0 0 1 
				17
				1.38785e-06 -1.45457e-06 -1 2.2292e-05 -0.000797649 -0.999999 1.45346e-06 0.00199063 -1 0.000797649 -1.38901e-06 -35.8365 0 0 0 1 
				18
				1.38784e-06 -1.47123e-06 -1 2.2292e-05 -0.000797649 -1 1.47013e-06 0.0019906 -1 0.000797649 -1.38901e-06 -36.4067 0 0 0 1 
				19
				1.38782e-06 -1.49089e-06 -1 2.22921e-05 -0.000797649 -0.999999 1.48979e-06 0.00199057 -1 0.000797649 -1.38901e-06 -37.0567 0 0 0 1 
				20
				1.38781e-06 -1.51148e-06 -1 2.22921e-05 -0.000797649 -1 1.51037e-06 0.00199053 -1 0.000797649 -1.38901e-06 -37.7056 0 0 0 1 
				21
				1.38779e-06 -1.53094e-06 -1 2.22921e-05 -0.000797649 -0.999999 1.52983e-06 0.00199051 -1 0.000797649 -1.38901e-06 -38.2722 0 0 0 1 
				22
				1.38778e-06 -1.54714e-06 -1 2.22922e-05 -0.000797649 -1 1.54603e-06 0.00199049 -1 0.000797649 -1.38901e-06 -38.6728 0 0 0 1 
				23
				1.38777e-06 -1.55795e-06 -1 2.22922e-05 -0.000797649 -0.999999 1.55684e-06 0.00199049 -1 0.000797649 -1.38901e-06 -38.8238 0 0 0 1 
				24
				1.38777e-06 -1.56366e-06 -1 2.22922e-05 -0.000797649 -1 1.56255e-06 0.00199051 -1 0.000797649 -1.38901e-06 -38.72 0 0 0 1 
				25
				1.38776e-06 -1.56633e-06 -1 2.22922e-05 -0.000797649 -0.999999 1.56522e-06 0.00199053 -1 0.000797649 -1.38901e-06 -38.4351 0 0 0 1 
				26
				1.38776e-06 -1.56667e-06 -1 2.22922e-05 -0.000797649 -1 1.56557e-06 0.00199057 -1 0.000797649 -1.38901e-06 -38.0115 0 0 0 1 
				27
				1.38776e-06 -1.5654e-06 -1 2.22922e-05 -0.000797649 -0.999999 1.56429e-06 0.00199061 -1 0.000797649 -1.38901e-06 -37.4913 0 0 0 1 
				28
				1.38777e-06 -1.56319e-06 -1 2.22922e-05 -0.000797649 -1 1.56209e-06 0.00199065 -1 0.000797649 -1.38901e-06 -36.9156 0 0 0 1 
				29
				1.38777e-06 -1.56074e-06 -1 2.22922e-05 -0.000797649 -0.999999 1.55964e-06 0.00199069 -1 0.000797649 -1.38901e-06 -36.3254 0 0 0 1 
				30
				1.38777e-06 -1.55876e-06 -1 2.22922e-05 -0.000797649 -1 1.55765e-06 0.00199074 -1 0.000797649 -1.38901e-06 -35.7629 0 0 0 1 
				31
				1.38777e-06 -1.55795e-06 -1 2.22922e-05 -0.000797649 -0.999999 1.55684e-06 0.00199078 -1 0.000797649 -1.38901e-06 -35.2705 0 0 0 1 
		</Joint>
			5
				-1
				1.38685e-06 -1.55684e-06 -1 2.58001e-05 0 -1 1.55684e-06 -2.54348e-05 -1 -2.15911e-12 -1.38685e-06 -37.7982 0 0 0 1 
				0
				1.38685e-06 -1.54939e-06 -1 2.58001e-05 0 -1 1.54939e-06 -2.54715e-05 -1 -2.14877e-12 -1.38685e-06 -38.2694 0 0 0 1 
				1
				1.38685e-06 -1.54194e-06 -1 2.58001e-05 0 -1 1.54194e-06 -2.55141e-05 -1 -2.13844e-12 -1.38685e-06 -38.8076 0 0 0 1 
				2
				1.38685e-06 -1.53449e-06 -1 2.58001e-05 0 -1 1.53449e-06 -2.55572e-05 -1 -2.12811e-12 -1.38685e-06 -39.3724 0 0 0 1 
				3
				1.38685e-06 -1.52704e-06 -1 2.58001e-05 0 -1 1.52704e-06 -2.55943e-05 -1 -2.11778e-12 -1.38685e-06 -39.9232 0 0 0 1 
				4
				1.38685e-06 -1.51959e-06 -1 2.58001e-05 0 -1 1.51959e-06 -2.56365e-05 -1 -2.10745e-12 -1.38685e-06 -40.4209 0 0 0 1 
				5
				1.38685e-06 -1.51214e-06 -1 2.58001e-05 0 -1 1.51214e-06 -2.56694e-05 -1 -2.09711e-12 -1.38685e-06 -40.8263 0 0 0 1 
				6
				1.38685e-06 -1.50469e-06 -1 2.58001e-05 0 -1 1.50469e-06 -2.56943e-05 -1 -2.08678e-12 -1.38685e-06 -41.0989 0 0 0 1 
				7
				1.38685e-06 -1.49724e-06 -1 2.58001e-05 0 -1 1.49724e-06 -2.57104e-05 -1 -2.07645e-12 -1.38685e-06 -41.1982 0 0 0 1 
				8
				1.38685e-06 -1.48898e-06 -1 2.58001e-05 0 -1 1.48898e-06 -2.57048e-05 -1 -2.06499e-12 -1.38685e-06 -41.0517 0 0 0 1 
				9
				1.38685e-06 -1.47954e-06 -1 2.58001e-05 0 -1 1.47954e-06 -2.56947e-05 -1 -2.0519e-12 -1.38685e-06 -40.6633 0 0 0 1 
				10
				1.38685e-06 -1.46964e-06 -1 2.58001e-05 0 -1 1.46964e-06 -2.56692e-05 -1 -2.03818e-12 -1.38685e-06 -40.115 0 0 0 1 
				11
				1.38685e-06 -1.45998e-06 -1 2.58001e-05 0 -1 1.45998e-06 -2.56394e-05 -1 -2.02478e-12 -1.38685e-06 -39.4886 0 0 0 1 
				12
				1.38685e-06 -1.45126e-06 -1 2.58001e-05 0 -1 1.45126e-06 -2.56097e-05 -1 -2.01268e-12 -1.38685e-06 -38.8634 0 0 0 1 
				13
				1.38685e-06 -1.44415e-06 -1 2.58001e-05 0 -1 1.44415e-06 -2.55838e-05 -1 -2.00282e-12 -1.38685e-06 -38.3187 0 0 0 1 
				14
				1.38685e-06 -1.43937e-06 -1 2.58001e-05 0 -1 1.43937e-06 -2.55645e-05 -1 -1.9962e-12 -1.38685e-06 -37.9363 0 0 0 1 
				15
				1.38685e-06 -1.43763e-06 -1 2.58001e-05 0 -1 1.43763e-06 -2.55574e-05 -1 -1.99378e-12 -1.38685e-06 -37.7982 0 0 0 1 
				16
				1.38685e-06 -1.43937e-06 -1 2.58001e-05 0 -1 1.43937e-06 -2.55666e-05 -1 -1.9962e-12 -1.38685e-06 -37.9576 0 0 0 1 
				17
				1.38685e-06 -1.44415e-06 -1 2.58001e-05 0 -1 1.44415e-06 -2.55875e-05 -1 -2.00282e-12 -1.38685e-06 -38.3642 0 0 0 1 
				18
				1.38685e-06 -1.45126e-06 -1 2.58001e-05 0 -1 1.45126e-06 -2.56137e-05 -1 -2.01268e-12 -1.38685e-06 -38.9344 0 0 0 1 
				19
				1.38685e-06 -1.45998e-06 -1 2.58001e-05 0 -1 1.45998e-06 -2.56475e-05 -1 -2.02478e-12 -1.38685e-06 -39.5844 0 0 0 1 
				20
				1.38685e-06 -1.46964e-06 -1 2.58001e-05 0 -1 1.46964e-06 -2.56806e-05 -1 -2.03818e-12 -1.38685e-06 -40.2333 0 0 0 1 
				21
				1.38685e-06 -1.47954e-06 -1 2.58001e-05 0 -1 1.47954e-06 -2.57036e-05 -1 -2.0519e-12 -1.38685e-06 -40.7999 0 0 0 1 
				22
				1.38685e-06 -1.48898e-06 -1 2.58001e-05 0 -1 1.48898e-06 -2.57212e-05 -1 -2.06499e-12 -1.38685e-06 -41.2005 0 0 0 1 
				23
				1.38685e-06 -1.49724e-06 -1 2.58001e-05 0 -1 1.49724e-06 -2.57226e-05 -1 -2.07645e-12 -1.38685e-06 -41.3515 0 0 0 1 
				24
				1.38685e-06 -1.50469e-06 -1 2.58001e-05 0 -1 1.50469e-06 -2.57083e-05 -1 -2.08678e-12 -1.38685e-06 -41.2477 0 0 0 1 
				25
				1.38685e-06 -1.51214e-06 -1 2.58001e-05 0 -1 1.51214e-06 -2.56805e-05 -1 -2.09711e-12 -1.38685e-06 -40.9628 0 0 0 1 
				26
				1.38685e-06 -1.51959e-06 -1 2.58001e-05 0 -1 1.51959e-06 -2.56477e-05 -1 -2.10745e-12 -1.38685e-06 -40.5392 0 0 0 1 
				27
				1.38685e-06 -1.52704e-06 -1 2.58001e-05 0 -1 1.52704e-06 -2.5608e-05 -1 -2.11778e-12 -1.38685e-06 -40.019 0 0 0 1 
				28
				1.38685e-06 -1.53449e-06 -1 2.58001e-05 0 -1 1.53449e-06 -2.55614e-05 -1 -2.12811e-12 -1.38685e-06 -39.4433 0 0 0 1 
				29
				1.38685e-06 -1.54194e-06 -1 2.58001e-05 0 -1 1.54194e-06 -2.5518e-05 -1 -2.13844e-12 -1.38685e-06 -38.8531 0 0 0 1 
				30
				1.38685e-06 -1.54939e-06 -1 2.58001e-05 0 -1 1.54939e-06 -2.547e-05 -1 -2.14878e-12 -1.38685e-06 -38.2906 0 0 0 1 
				31
				1.38685e-06 -1.55684e-06 -1 2.58e-05 0 -1 1.55684e-06 -2.54338e-05 -1 -2.15911e-12 -1.38685e-06 -37.7982 0 0 0 1 
		</Joint>
			6
		</Joint>
			7
				-1
				0.950312 -1.23036e-06 -0.3113 1.35949 1.76398e-06 1 1.43261e-06 -2.03031e-05 0.3113 -1.91055e-06 0.950312 -35.2705 0 0 0 1 
				0
				0.950311 -1.22962e-06 -0.3113 1.35949 1.76324e-06 1 1.43275e-06 -2.03407e-05 0.3113 -1.91046e-06 0.950312 -35.7417 0 0 0 1 
				1
				0.950312 -1.22757e-06 -0.3113 1.35949 1.76133e-06 1 1.43348e-06 -2.03861e-05 0.3113 -1.91055e-06 0.950312 -36.2799 0 0 0 1 
				2
				0.950311 -1.22518e-06 -0.3113 1.35949 1.75903e-06 1 1.43413e-06 -2.0432e-05 0.3113 -1.91046e-06 0.950312 -36.8447 0 0 0 1 
				3
				0.950312 -1.22291e-06 -0.3113 1.35949 1.7569e-06 1 1.43493e-06 -2.04765e-05 0.3113 -1.91055e-06 0.950312 -37.3955 0 0 0 1 
				4
				0.950312 -1.22164e-06 -0.3113 1.35949 1.75569e-06 1 1.43532e-06 -2.05185e-05 0.3113 -1.91055e-06 0.950312 -37.8932 0 0 0 1 
				5
				0.950311 -1.22204e-06 -0.3113 1.35949 1.75605e-06 1 1.43511e-06 -2.05496e-05 0.3113 -1.91046e-06 0.950312 -38.2986 0 0 0 1 
				6
				0.950311 -1.22471e-06 -0.3113 1.35949 1.75859e-06 1 1.43428e-06 -2.05717e-05 0.3113 -1.91046e-06 0.950312 -38.5712 0 0 0 1 
				7
				0.950311 -1.23042e-06 -0.3113 1.35949 1.76401e-06 1 1.4325e-06 -2.05765e-05 0.3113 -1.91046e-06 0.950312 -38.6705 0 0 0 1 
				8
				0.950311 -1.24123e-06 -0.3113 1.35949 1.77428e-06 1 1.42913e-06 -2.05594e-05 0.3113 -1.91046e-06 0.950312 -38.524 0 0 0 1 
				9
				0.950311 -1.25743e-06 -0.3113 1.35949 1.78968e-06 1 1.42409e-06 -2.05238e-05 0.3113 -1.91046e-06 0.950312 -38.1356 0 0 0 1 
				10
				0.950312 -1.27683e-06 -0.3113 1.35949 1.80814e-06 1 1.41814e-06 -2.04754e-05 0.3113 -1.91055e-06 0.950312 -37.5873 0 0 0 1 
				11
				0.950311 -1.29748e-06 -0.3113 1.35949 1.82773e-06 1 1.41162e-06 -2.04163e-05 0.3113 -1.91046e-06 0.950312 -36.9609 0 0 0 1 
				12
				0.950312 -1.31708e-06 -0.3113 1.35949 1.84639e-06 1 1.40561e-06 -2.03601e-05 0.3113 -1.91055e-06 0.950312 -36.3357 0 0 0 1 
				13
				0.950311 -1.3338e-06 -0.3113 1.35949 1.86225e-06 1 1.40032e-06 -2.0311e-05 0.3113 -1.91046e-06 0.950312 -35.791 0 0 0 1 
				14
				0.950311 -1.34534e-06 -0.3113 1.35949 1.87322e-06 1 1.39672e-06 -2.0278e-05 0.3113 -1.91046e-06 0.950312 -35.4086 0 0 0 1 
				15
				0.950311 -1.34963e-06 -0.3113 1.35949 1.8773e-06 1 1.39539e-06 -2.02632e-05 0.3113 -1.91046e-06 0.950312 -35.2705 0 0 0 1 
				16
				0.950312 -1.34528e-06 -0.3113 1.35949 1.87319e-06 1 1.39683e-06 -2.02783e-05 0.3113 -1.91055e-06 0.950312 -35.4299 0 0 0 1 
				17
				0.950311 -1.3338e-06 -0.3113 1.35949 1.86225e-06 1 1.40032e-06 -2.03159e-05 0.3113 -1.91046e-06 0.950312 -35.8365 0 0 0 1 
				18
				0.950312 -1.31708e-06 -0.3113 1.35949 1.84639e-06 1 1.40561e-06 -2.03662e-05 0.3113 -1.91055e-06 0.950312 -36.4067 0 0 0 1 
				19
				0.950311 -1.29748e-06 -0.3113 1.35949 1.82773e-06 1 1.41162e-06 -2.04263e-05 0.3113 -1.91046e-06 0.950312 -37.0567 0 0 0 1 
				20
				0.950312 -1.27683e-06 -0.3113 1.35949 1.80814e-06 1 1.41814e-06 -2.04843e-05 0.3113 -1.91055e-06 0.950312 -37.7056 0 0 0 1 
				21
				0.950311 -1.25743e-06 -0.3113 1.35949 1.78968e-06 1 1.42409e-06 -2.05385e-05 0.3113 -1.91046e-06 0.950312 -38.2722 0 0 0 1 
				22
				0.950312 -1.24117e-06 -0.3113 1.35949 1.77426e-06 1 1.42924e-06 -2.05757e-05 0.3113 -1.91055e-06 0.950312 -38.6728 0 0 0 1 
				23
				0.950311 -1.23042e-06 -0.3113 1.35949 1.76401e-06 1 1.4325e-06 -2.05907e-05 0.3113 -1.91046e-06 0.950312 -38.8238 0 0 0 1 
				24
				0.950312 -1.22465e-06 -0.3113 1.35949 1.75856e-06 1 1.43439e-06 -2.05844e-05 0.3113 -1.91055e-06 0.950312 -38.72 0 0 0 1 
				25
				0.950311 -1.22204e-06 -0.3113 1.35949 1.75605e-06 1 1.43511e-06 -2.056e-05 0.3113 -1.91046e-06 0.950312 -38.4351 0 0 0 1 
				26
				0.950312 -1.22164e-06 -0.3113 1.35949 1.75569e-06 1 1.43532e-06 -2.05263e-05 0.3113 -1.91055e-06 0.950312 -38.0115 0 0 0 1 
				27
				0.950311 -1.22297e-06 -0.3113 1.35949 1.75693e-06 1 1.43482e-06 -2.04844e-05 0.3113 -1.91046e-06 0.950312 -37.4913 0 0 0 1 
				28
				0.950312 -1.22512e-06 -0.3113 1.35949 1.759e-06 1 1.43424e-06 -2.04375e-05 0.3113 -1.91055e-06 0.950312 -36.9156 0 0 0 1 
				29
				0.950311 -1.22763e-06 -0.3113 1.35949 1.76136e-06 1 1.43337e-06 -2.03919e-05 0.3113 -1.91046e-06 0.950312 -36.3254 0 0 0 1 
				30
				0.950312 -1.22955e-06 -0.3113 1.35949 1.76321e-06 1 1.43286e-06 -2.03396e-05 0.3113 -1.91055e-06 0.950312 -35.7629 0 0 0 1 
				31
				0.950311 -1.23042e-06 -0.3113 1.35949 1.76401e-06 1 1.4325e-06 -2.03019e-05 0.3113 -1.91046e-06 0.950312 -35.2705 0 0 0 1 
		</Joint>
			8
				-1
				0.131636 -0.072 -0.98868 6.72093 -0.688527 0.710883 -0.143442 -1.03511e-05 0.713164 0.699615 0.0440036 -33.5143 0 0 0 1 
				0
				0.128087 -0.0766396 -0.988797 6.72093 -0.590894 0.794832 -0.138149 -1.03929e-05 0.796516 0.60197 0.056522 -33.9854 0 0 0 1 
				1
				0.123768 -0.0808798 -0.98901 6.72093 -0.481259 0.866718 -0.131106 -1.04491e-05 0.867796 0.492197 0.0683482 -34.5236 0 0 0 1 
				2
				0.118909 -0.0845339 -0.9893 6.72093 -0.362329 0.923965 -0.122501 -1.05079e-05 0.924434 0.373018 0.0792383 -35.0884 0 0 0 1 
				3
				0.11378 -0.0874913 -0.989646 6.72093 -0.237471 0.964846 -0.112601 -1.05645e-05 0.964708 0.247824 0.0890033 -35.6392 0 0 0 1 
				4
				0.108384 -0.0897345 -0.990051 6.72093 -0.110386 0.988672 -0.101694 -1.06133e-05 0.987961 0.12031 0.0972512 -36.1369 0 0 0 1 
				5
				0.102849 -0.0912313 -0.990504 6.72093 0.015371 0.995812 -0.0901241 -1.06424e-05 0.994578 -0.00595588 0.103821 -36.5423 0 0 0 1 
				6
				0.0973774 -0.0920177 -0.990984 6.72093 0.136185 0.987582 -0.0783198 -1.06502e-05 0.985886 -0.127331 0.1087 -36.8149 0 0 0 1 
				7
				0.0920255 -0.0921687 -0.991481 6.72093 0.248861 0.966238 -0.0667238 -1.06243e-05 0.964157 -0.240601 0.111856 -36.9142 0 0 0 1 
				8
				0.0866995 -0.091755 -0.992 6.72093 0.360647 0.931103 -0.0546022 -1.05493e-05 0.928664 -0.353028 0.113817 -36.7677 0 0 0 1 
				9
				0.0810949 -0.0906527 -0.992575 6.72093 0.474504 0.879272 -0.041537 -1.04268e-05 0.87651 -0.467613 0.11432 -36.3793 0 0 0 1 
				10
				0.0756637 -0.0888788 -0.993164 6.72093 0.581543 0.813018 -0.0284529 -1.02743e-05 0.809989 -0.575415 0.113203 -35.831 0 0 0 1 
				11
				0.0706337 -0.0865431 -0.993741 6.72093 0.674682 0.737928 -0.0163093 -1.01047e-05 0.734721 -0.669307 0.110512 -35.2046 0 0 0 1 
				12
				0.0664217 -0.0839806 -0.994251 6.72093 0.749435 0.662052 -0.0058544 -9.94318e-06 0.658737 -0.744738 0.106913 -34.5794 0 0 0 1 
				13
				0.0633079 -0.0816322 -0.994649 6.72093 0.803853 0.594824 0.00234601 -9.80461e-06 0.59145 -0.7997 0.103277 -34.0347 0 0 0 1 
				14
				0.0612927 -0.0798677 -0.994919 6.72093 0.837714 0.546053 0.00777328 -9.7097e-06 0.542657 -0.833935 0.100375 -33.6524 0 0 0 1 
				15
				0.0604541 -0.0790655 -0.995034 6.72093 0.851151 0.524825 0.0100098 -9.67196e-06 0.521428 -0.84753 0.0990245 -33.5143 0 0 0 1 
				16
				0.0608722 -0.0794425 -0.994979 6.72093 0.844614 0.535302 0.00893266 -9.71018e-06 0.531904 -0.840917 0.0996833 -33.6736 0 0 0 1 
				17
				0.0623799 -0.0807811 -0.994778 6.72093 0.819814 0.572609 0.0049096 -9.80949e-06 0.569222 -0.815839 0.101945 -34.0802 0 0 0 1 
				18
				0.0648883 -0.0827794 -0.994453 6.72093 0.77699 0.62951 -0.00170233 -9.9493e-06 0.626159 -0.77257 0.105167 -34.6504 0 0 0 1 
				19
				0.0683934 -0.0851328 -0.994019 6.72093 0.71607 0.697949 -0.0105067 -1.01147e-05 0.694669 -0.711069 0.108696 -35.3004 0 0 0 1 
				20
				0.0727032 -0.0874628 -0.993511 6.72093 0.637901 0.76983 -0.0210909 -1.02832e-05 0.766679 -0.632228 0.111762 -35.9493 0 0 0 1 
				21
				0.0775101 -0.0894423 -0.992971 6.72093 0.545144 0.837696 -0.0329026 -1.04415e-05 0.834751 -0.538762 0.113689 -36.5159 0 0 0 1 
				22
				0.0826493 -0.0909177 -0.992423 6.72093 0.442631 0.895565 -0.0451818 -1.05658e-05 0.892887 -0.435543 0.114261 -36.9165 0 0 0 1 
				23
				0.0878331 -0.0918085 -0.991895 6.72093 0.336992 0.939771 -0.0571431 -1.06385e-05 0.937401 -0.329242 0.113482 -37.0675 0 0 0 1 
				24
				0.0933453 -0.0921653 -0.991359 6.72093 0.22412 0.972097 -0.0692716 -1.0663e-05 0.970081 -0.215717 0.111397 -36.9637 0 0 0 1 
				25
				0.099181 -0.0918412 -0.990822 6.72093 0.0971498 0.991868 -0.0822135 -1.06528e-05 0.990316 -0.0881041 0.107297 -36.6788 0 0 0 1 
				26
				0.105269 -0.090681 -0.9903 6.72093 -0.0396878 0.994657 -0.0952988 -1.06211e-05 0.993651 0.0493349 0.101108 -36.2552 0 0 0 1 
				27
				0.111381 -0.0885816 -0.989822 6.72093 -0.181236 0.977505 -0.107873 -1.05722e-05 0.977112 0.191406 0.0928211 -35.735 0 0 0 1 
				28
				0.117243 -0.0855781 -0.989409 6.72093 -0.322314 0.93907 -0.119418 -1.05137e-05 0.939344 0.332901 0.0825166 -35.1593 0 0 0 1 
				29
				0.122807 -0.0816929 -0.989062 6.72093 -0.457196 0.879895 -0.129444 -1.04548e-05 0.880846 0.468092 0.0707073 -34.5691 0 0 0 1 
				30
				0.127719 -0.07707 -0.988811 6.72093 -0.580608 0.802482 -0.137541 -1.0392e-05 0.804104 0.591678 0.0577445 -34.0067 0 0 0 1 
				31
				0.131636 -0.0719999 -0.98868 6.72093 -0.688527 0.710883 -0.143442 -1.03497e-05 0.713164 0.699615 0.0440036 -33.5143 0 0 0 1 
		</Joint>
			9
				-1
				0.0770685 0.128734 -0.98868 7.57105 -0.737141 -0.660339 -0.143442 -4.44661 -0.671329 0.739852 0.0440036 -28.9086 0 0 0 1 
				0
				0.0765217 0.128158 -0.988797 7.54813 -0.794288 -0.591625 -0.138149 -3.81609 -0.602702 0.795962 0.056522 -28.8414 0 0 0 1 
				1
				0.0756653 0.127023 -0.98901 7.52024 -0.845965 -0.51687 -0.131106 -3.10805 -0.527843 0.846588 0.0683482 -28.9193 0 0 0 1 
				2
				0.0744404 0.125475 -0.9893 7.48886 -0.890939 -0.437288 -0.122501 -2.33998 -0.44798 0.890525 0.0792384 -29.1183 0 0 0 1 
				3
				0.072825 0.123681 -0.989646 7.45574 -0.928291 -0.354397 -0.112601 -1.53363 -0.364654 0.92688 0.0890033 -29.409 0 0 0 1 
				4
				0.0708911 0.121548 -0.990051 7.42089 -0.957509 -0.26988 -0.101694 -0.712901 -0.279555 0.955192 0.0972512 -29.7565 0 0 0 1 
				5
				0.0686713 0.119103 -0.990504 7.38514 -0.978538 -0.185309 -0.0901241 0.0992575 -0.194284 0.975436 0.103821 -30.1192 0 0 0 1 
				6
				0.0662286 0.116462 -0.990984 7.34981 -0.991643 -0.10251 -0.0783198 0.879493 -0.110707 0.987891 0.1087 -30.4479 0 0 0 1 
				7
				0.0636711 0.113621 -0.991481 7.31524 -0.9975 -0.0232653 -0.0667237 1.60717 -0.0306483 0.993252 0.111856 -30.6875 0 0 0 1 
				8
				0.0607876 0.110638 -0.992 7.28085 -0.996816 0.0581061 -0.0546022 2.3291 0.0516002 0.992161 0.113817 -30.7702 0 0 0 1 
				9
				0.0574104 0.10723 -0.992575 7.24465 -0.988589 0.144798 -0.0415369 3.0644 0.139269 0.983634 0.11432 -30.7187 0 0 0 1 
				10
				0.0536823 0.103647 -0.993164 7.20958 -0.972523 0.231062 -0.0284529 3.75567 0.226534 0.967402 0.113203 -30.6 0 0 0 1 
				11
				0.0498345 0.0999767 -0.993741 7.17709 -0.950111 0.311484 -0.0163093 4.35718 0.307903 0.944977 0.110512 -30.4597 0 0 0 1 
				12
				0.0461481 0.0966175 -0.994251 7.14989 -0.924433 0.381298 -0.0058544 4.83995 0.378541 0.919389 0.106913 -30.3252 0 0 0 1 
				13
				0.042976 0.0939403 -0.994649 7.12978 -0.899725 0.436449 0.00234607 5.19138 0.434335 0.894811 0.103277 -30.215 0 0 0 1 
				14
				0.0407066 0.0920794 -0.994919 7.11677 -0.880821 0.473386 0.00777334 5.41007 0.471696 0.876029 0.100375 -30.1478 0 0 0 1 
				15
				0.0397129 0.0912631 -0.995034 7.11135 -0.872369 0.488746 0.0100098 5.49684 0.487232 0.86764 0.0990245 -30.1468 0 0 0 1 
				16
				0.0401723 0.0916664 -0.994979 7.11405 -0.876606 0.481126 0.00893266 5.45462 0.479529 0.871846 0.0996832 -30.2385 0 0 0 1 
				17
				0.0418641 0.0930819 -0.994778 7.12379 -0.89132 0.453347 0.00490966 5.29446 0.451436 0.886461 0.101945 -30.4041 0 0 0 1 
				18
				0.044488 0.0953087 -0.994453 7.13999 -0.912833 0.408329 -0.00170233 5.0179 0.405901 0.907846 0.105167 -30.6066 0 0 0 1 
				19
				0.047724 0.0982226 -0.994019 7.16262 -0.937073 0.348974 -0.0105066 4.62447 0.345855 0.931971 0.108696 -30.8142 0 0 0 1 
				20
				0.0512651 0.101525 -0.993511 7.19046 -0.960214 0.278466 -0.0210909 4.11964 0.274518 0.955065 0.111762 -30.998 0 0 0 1 
				21
				0.0548493 0.104878 -0.992971 7.2215 -0.97913 0.200551 -0.0329026 3.5206 0.195691 0.974053 0.113689 -31.1249 0 0 0 1 
				22
				0.058253 0.108183 -0.992423 7.25469 -0.991797 0.119572 -0.0451818 2.85856 0.113778 0.986914 0.114261 -31.1501 0 0 0 1 
				23
