<?xml version='1.0' encoding='UTF-8' ?>
<itpanim>
	<skeleton count>
		37
			0 -1
			1.37091e-06 -1 -6.12323e-17 1e-06 1 1.37091e-06 -6.12323e-17 -1.37225e-12 6.12323e-17 -6.12323e-17 1 21.9617 0 0 0 1 
			1 0
			1.3868e-06 -2.28068e-12 -1 -21.9617 2.75771e-06 -1 6.10495e-12 1.00008e-06 -1 -2.75771e-06 -1.3868e-06 -3.04564e-05 0 0 0 1 
			2 1
			-0.000205999 -0.000823318 -1 -24.8731 -1.2413e-06 -1 0.000823318 0.0257198 -1 1.41091e-06 0.000205998 0.00512379 0 0 0 1 
			3 2
			-0.000383999 -0.00100932 -0.999999 -31.4555 -1.03656e-06 -0.999999 0.00100932 0.036812 -1 1.42414e-06 0.000383997 0.0107229 0 0 0 1 
			4 3
			-0.000383999 -0.00100932 -0.999999 -38.038 -1.03656e-06 -0.999999 0.00100932 0.0388247 -1 1.42414e-06 0.000383997 0.0107229 0 0 0 1 
			5 4
			1.34309e-06 9.82436e-13 -1 -40.5657 -1.40269e-06 -1 -2.86637e-12 -0.00211895 -1 1.40269e-06 -1.34309e-06 -0.00490874 0 0 0 1 
			6 5
			1 -0 0 0 0 1 0 0 -0 -0 1 -0 0 0 0 1 
			7 4
			0.950432 6.75818e-05 0.310933 10.539 -1.42282e-06 1 -0.000213002 -0.00652172 -0.310933 0.000202002 0.950432 36.5745 0 0 0 1 
			8 7
			0.476976 0.0235788 0.8786 28.6752 0.0457762 0.997617 -0.0516239 -2.17945 -0.877723 0.0648423 0.47476 23.1227 0 0 0 1 
			9 8
			0.476835 0.0205561 0.878752 22.2236 0.0472212 0.997684 -0.0489616 -2.11213 -0.877724 0.0648423 0.47476 23.1227 0 0 0 1 
			10 9
			0.476835 0.0205561 0.878752 15.4032 -0.877686 0.0656367 0.474721 23.121 -0.04792 -0.997632 0.0493396 2.13054 0 0 0 1 
			11 10
			1 -0 0 0 0 1 0 0 -0 -0 1 -0 0 0 0 1 
			12 11
			1 -0 0 0 0 1 0 0 -0 -0 1 -0 0 0 0 1 
			13 12
			1 -0 0 0 0 1 0 0 -0 -0 1 -0 0 0 0 1 
			14 10
			1 -0 0 0 0 1 0 0 -0 -0 1 -0 0 0 0 1 
			15 14
			1 -0 0 0 0 1 0 0 -0 -0 1 -0 0 0 0 1 
			16 15
			1 -0 0 0 0 1 0 0 -0 -0 1 -0 0 0 0 1 
			17 4
			-0.950193 6.50589e-05 0.311663 10.5594 -1.39561e-06 1 -0.000213002 -0.00652172 -0.311663 -0.000202828 -0.950193 -36.5678 0 0 0 1 
			18 17
			-0.476976 0.0235775 0.8786 28.6676 -0.045779 0.997617 -0.0516239 -2.17948 -0.877723 -0.0648447 -0.47476 -23.1259 0 0 0 1 
			19 18
			-0.476835 0.0205548 0.878752 22.216 -0.0472239 0.997684 -0.0489616 -2.11218 -0.877723 -0.0648447 -0.47476 -23.1259 0 0 0 1 
			20 19
			-0.476835 0.0205547 0.878752 15.3956 0.877685 0.0656391 0.474721 23.1242 -0.0479228 0.997632 -0.0493396 -2.13059 0 0 0 1 
			21 20
			1 -0 0 0 0 1 0 0 -0 -0 1 -0 0 0 0 1 
			22 21
			1 -0 0 0 0 1 0 0 -0 -0 1 -0 0 0 0 1 
			23 22
			1 -0 0 0 0 1 0 0 -0 -0 1 -0 0 0 0 1 
			24 20
			1 -0 0 0 0 1 0 0 -0 -0 1 -0 0 0 0 1 
			25 24
			1 -0 0 0 0 1 0 0 -0 -0 1 -0 0 0 0 1 
			26 25
			1 -0 0 0 0 1 0 0 -0 -0 1 -0 0 0 0 1 
			27 2
			1.37369e-06 -0.0998331 0.995004 21.852 0 -0.995004 -0.0998331 -2.1925 1 1.3714e-07 -1.36683e-06 -4.26131 0 0 0 1 
			28 27
			1.37369e-06 0.0998335 0.995004 12.303 0 -0.995004 0.0998335 0.256849 1 -1.3714e-07 -1.36683e-06 -4.26131 0 0 0 1 
			29 28
			1.3716e-06 -6.00745e-14 1 2.57273 0 -1 -6.00745e-14 4.22662e-06 1 8.23984e-20 -1.3716e-06 -4.26131 0 0 0 1 
			30 29
			1.3723e-06 -1 -6.00133e-14 -5.50713 0 6.00133e-14 -1 -0.331805 1 1.3723e-06 8.23562e-20 -4.26131 0 0 0 1 
			31 30
			1 -0 0 0 0 1 0 0 -0 -0 1 -0 0 0 0 1 
			32 2
			1.37369e-06 -0.0998331 0.995004 21.852 0 -0.995004 -0.0998331 -2.1925 1 1.3714e-07 -1.36683e-06 4.26131 0 0 0 1 
			33 32
			1.37369e-06 0.0998335 0.995004 12.303 0 -0.995004 0.0998335 0.256849 1 -1.3714e-07 -1.36683e-06 4.26131 0 0 0 1 
			34 33
			1.3716e-06 -6.00745e-14 1 2.57273 0 -1 -6.00745e-14 4.22662e-06 1 8.23984e-20 -1.3716e-06 4.26131 0 0 0 1 
			35 34
			1.3723e-06 -1 -6.00133e-14 -5.50713 0 6.00133e-14 -1 -0.331804 1 1.3723e-06 8.23562e-20 4.26131 0 0 0 1 
			36 35
			1 -0 0 0 0 1 0 0 -0 -0 1 -0 0 0 0 1 
	</skeleton>
		<animations>
			49
			0
				-1
				1.46474e-06 1 0 0 -1 1.46474e-06 0 8.21693e-07 -0 -0 1 -22.2988 0 0 0 1 
				0
				0.0322956 0.999478 1.30889e-35 -1.30635e-08 -0.999478 0.0322956 -1.2332e-32 -0.298856 -1.2326e-32 3.85186e-34 1 -22.0421 0 0 0 1 
				1
				0.0653541 0.997862 0 -2.64503e-08 -0.997862 0.0653541 0 -0.605112 -0 -0 1 -21.7755 0 0 0 1 
				2
				0.0988688 0.9951 3.14543e-34 -4.00516e-08 -0.9951 0.0988688 1.24179e-32 -0.916274 1.2326e-32 -1.54074e-33 1 -21.5025 0 0 0 1 
				3
				0.13253 0.991179 1.63356e-33 -5.37585e-08 -0.991179 0.13253 -1.22172e-32 -1.22985 -1.2326e-32 -0 1 -21.2263 0 0 0 1 
				4
				0.166039 0.986119 5.27232e-34 -6.74653e-08 -0.986119 0.166039 -1.24107e-32 -1.54343 -1.2326e-32 1.54074e-33 1 -20.9501 0 0 0 1 
				5
				0.199102 0.979979 -2.07557e-33 -8.10666e-08 -0.979979 0.199102 -1.29995e-32 -1.85459 -1.2326e-32 4.62223e-33 1 -20.677 0 0 0 1 
				6
				0.231424 0.972853 0 -9.44535e-08 -0.972853 0.231424 0 -2.16084 -0 -0 1 -20.4105 0 0 0 1 
				7
				0.262721 0.964872 -2.65041e-34 -1.07517e-07 -0.964872 0.262721 1.27025e-32 -2.4597 1.2326e-32 -3.08149e-33 1 -20.1537 0 0 0 1 
				8
				0.29273 0.956195 6.61665e-34 -1.20151e-07 -0.956195 0.29273 -1.26881e-32 -2.74874 -1.2326e-32 3.08149e-33 1 -19.9099 0 0 0 1 
				9
				0.321202 0.947011 -2.9182e-33 -1.32252e-07 -0.947011 0.321202 -9.89779e-34 -3.02556 -0 3.08149e-33 1 -19.6823 0 0 0 1 
				10
				0.347895 0.937533 -2.889e-33 -1.43708e-07 -0.937533 0.347895 -1.07204e-33 -3.28766 -0 3.08149e-33 1 -19.4742 0 0 0 1 
				11
				0.372584 0.927998 0 -1.54413e-07 -0.927998 0.372584 0 -3.53255 -0 -0 1 -19.2888 0 0 0 1 
				12
				0.396575 0.918002 -2.82881e-33 -1.64925e-07 -0.918002 0.396575 -1.22204e-33 -3.77303 -0 3.08149e-33 1 -19.1201 0 0 0 1 
				13
				0.420939 0.907089 -2.79518e-33 -1.75722e-07 -0.907089 0.420939 -1.29712e-33 -4.02005 -0 3.08149e-33 1 -18.9606 0 0 0 1 
				14
				0.445101 0.89548 2.75941e-33 -1.86564e-07 -0.89548 0.445101 1.37157e-33 -4.26808 -0 -3.08149e-33 1 -18.8117 0 0 0 1 
				15
				0.468515 0.883455 -2.55727e-33 -1.9721e-07 -0.883455 0.468515 -8.33216e-33 -4.51163 -6.16298e-33 6.16298e-33 1 -18.6745 0 0 0 1 
				16
				0.490681 0.871339 0 -2.07427e-07 -0.871339 0.490681 0 -4.74537 -0 -0 1 -18.5502 0 0 0 1 
				17
				0.511128 0.859504 0 -2.16982e-07 -0.859504 0.511128 0 -4.96397 -0 -0 1 -18.4402 0 0 0 1 
				18
				0.529398 0.848374 -1.29683e-33 -2.25635e-07 -0.848374 0.529398 1.37197e-32 -5.16191 1.2326e-32 -6.16298e-33 1 -18.3456 0 0 0 1 
				19
				0.545058 0.838398 1.55133e-33 -2.33144e-07 -0.838398 0.545058 -1.36932e-32 -5.33371 -1.2326e-32 6.16298e-33 1 -18.2678 0 0 0 1 
				20
				0.557709 0.830036 0 -2.39277e-07 -0.830036 0.557709 0 -5.47403 -0 -0 1 -18.2078 0 0 0 1 
				21
				0.566959 0.823746 1.58257e-33 -2.43802e-07 -0.823746 0.566959 8.57088e-33 -5.57753 6.16298e-33 -6.16298e-33 1 -18.167 0 0 0 1 
				22
				0.572394 0.819979 0 -2.46476e-07 -0.819979 0.572394 0 -5.63871 -0 -0 1 -18.1466 0 0 0 1 
				23
				0.573578 0.819151 6.56187e-33 -2.4706e-07 -0.819151 0.573578 1.21183e-32 -5.65208 6.16298e-33 -1.2326e-32 1 -18.1479 0 0 0 1 
				24
				0.570052 0.821608 0 -2.45322e-07 -0.821608 0.570052 0 -5.61232 -0 -0 1 -18.1734 0 0 0 1 
				25
				0.561974 0.827155 -8.56117e-33 -2.41359e-07 -0.827155 0.561974 1.6343e-33 -5.52165 6.16298e-33 6.16298e-33 1 -18.2238 0 0 0 1 
				26
				0.549844 0.835267 1.75906e-33 -2.35457e-07 -0.835267 0.549844 8.53641e-33 -5.38662 6.16298e-33 -6.16298e-33 1 -18.2967 0 0 0 1 
				27
				0.534145 0.845393 0 -2.27902e-07 -0.845393 0.534145 0 -5.21378 -0 -0 1 -18.3896 0 0 0 1 
				28
				0.515347 0.856981 4.24667e-33 -2.1897e-07 -0.856981 0.515347 -1.90207e-32 -5.00945 -1.84889e-32 6.16298e-33 1 -18.5006 0 0 0 1 
				29
				0.493937 0.869498 0 -2.0894e-07 -0.869498 0.493937 0 -4.77998 -0 -0 1 -18.6272 0 0 0 1 
				30
				0.47045 0.882427 0 -1.98096e-07 -0.882427 0.47045 0 -4.5319 -0 -0 1 -18.7672 0 0 0 1 
				31
				0.445458 0.895303 -1.35199e-35 -1.86725e-07 -0.895303 0.445458 -6.8904e-33 -4.27177 -6.16298e-33 3.08149e-33 1 -18.9182 0 0 0 1 
				32
				0.419552 0.907731 0 -1.75104e-07 -0.907731 0.419552 0 -4.00591 -0 -0 1 -19.0781 0 0 0 1 
				33
				0.393361 0.919384 0 -1.63509e-07 -0.919384 0.393361 0 -3.74066 -0 -0 1 -19.2445 0 0 0 1 
				34
				0.367566 0.929997 0 -1.52228e-07 -0.929997 0.367566 0 -3.48256 -0 -0 1 -19.4153 0 0 0 1 
				35
				0.342876 0.939381 -2.89469e-33 -1.41545e-07 -0.939381 0.342876 -1.05657e-33 -3.23817 -0 3.08149e-33 1 -19.588 0 0 0 1 
				36
				0.318297 0.947991 0 -1.31011e-07 -0.947991 0.318297 0 -2.99719 -0 -0 1 -19.7694 0 0 0 1 
				37
				0.292464 0.956277 -6.58143e-34 -1.20039e-07 -0.956277 0.292464 1.26882e-32 -2.74617 1.2326e-32 -3.08149e-33 1 -19.9662 0 0 0 1 
				38
				0.265522 0.964105 -2.97088e-33 -1.08692e-07 -0.964105 0.265522 -8.18202e-34 -2.48657 -0 3.08149e-33 1 -20.1763 0 0 0 1 
				39
				0.237622 0.971358 2.92892e-33 -9.70321e-08 -0.971358 0.237622 -1.19729e-32 -2.21984 -1.2326e-32 -0 1 -20.3975 0 0 0 1 
				40
				0.20892 0.977933 1.50674e-33 -8.51225e-08 -0.977933 0.20892 3.21892e-34 -1.94738 -0 -1.54074e-33 1 -20.6274 0 0 0 1 
				41
				0.179577 0.983744 -1.5157e-33 -7.30243e-08 -0.983744 0.179577 -2.76683e-34 -1.6706 -0 1.54074e-33 1 -20.864 0 0 0 1 
				42
				0.149768 0.988721 0 -6.0801e-08 -0.988721 0.149768 0 -1.39096 -0 -0 1 -21.105 0 0 0 1 
				43
				0.119672 0.992814 0 -4.85161e-08 -0.992814 0.119672 0 -1.10992 -0 -0 1 -21.3481 0 0 0 1 
				44
				0.0894644 0.99599 0 -3.62312e-08 -0.99599 0.0894644 0 -0.828872 -0 -0 1 -21.5913 0 0 0 1 
				45
				0.0593269 0.998239 0 -2.40078e-08 -0.998239 0.0593269 0 -0.549234 -0 -0 1 -21.8323 0 0 0 1 
				46
				0.0294439 0.999566 -3.85019e-34 -1.19096e-08 -0.999566 0.0294439 -1.13414e-35 -0.272458 -0 3.85186e-34 1 -22.0689 0 0 0 1 
				47
				1.46474e-06 1 0 0 -1 1.46474e-06 0 8.21693e-07 -0 -0 1 -22.2988 0 0 0 1 
		</Joint>
			1
				-1
				1.33158e-06 2.79632e-06 -1 0 0 -1 -2.79632e-06 8.21693e-07 -1 3.72352e-12 -1.33158e-06 -22.2988 0 0 0 1 
				0
				1.33158e-06 0.0322969 -0.999478 -1.30635e-08 0 -0.999478 -0.0322969 -0.298856 -1 4.3006e-08 -1.33089e-06 -22.0421 0 0 0 1 
				1
				1.33158e-06 0.0653554 -0.997862 -2.64503e-08 0 -0.997862 -0.0653554 -0.605112 -1 8.7026e-08 -1.32873e-06 -21.7755 0 0 0 1 
				2
				1.33158e-06 0.0988701 -0.9951 -4.00516e-08 0 -0.9951 -0.0988701 -0.916274 -1 1.31654e-07 -1.32506e-06 -21.5025 0 0 0 1 
				3
				1.33158e-06 0.132531 -0.991179 -5.37585e-08 0 -0.991179 -0.132531 -1.22985 -1 1.76476e-07 -1.31983e-06 -21.2263 0 0 0 1 
				4
				1.33158e-06 0.16604 -0.986119 -6.74653e-08 0 -0.986119 -0.16604 -1.54343 -1 2.21096e-07 -1.3131e-06 -20.9501 0 0 0 1 
				5
				1.33158e-06 0.199103 -0.979979 -8.10666e-08 0 -0.979979 -0.199103 -1.85459 -1 2.65122e-07 -1.30492e-06 -20.677 0 0 0 1 
				6
				1.33158e-06 0.231425 -0.972853 -9.44535e-08 0 -0.972853 -0.231425 -2.16084 -1 3.08161e-07 -1.29543e-06 -20.4105 0 0 0 1 
				7
				1.33158e-06 0.262722 -0.964872 -1.07517e-07 0 -0.964872 -0.262722 -2.4597 -1 3.49836e-07 -1.2848e-06 -20.1537 0 0 0 1 
				8
				1.33158e-06 0.292731 -0.956195 -1.20151e-07 0 -0.956195 -0.292731 -2.74874 -1 3.89795e-07 -1.27325e-06 -19.9099 0 0 0 1 
				9
				1.33158e-06 0.321203 -0.94701 -1.32252e-07 0 -0.94701 -0.321203 -3.02556 -1 4.27708e-07 -1.26102e-06 -19.6823 0 0 0 1 
				10
				1.33158e-06 0.347897 -0.937533 -1.43708e-07 0 -0.937533 -0.347897 -3.28766 -1 4.63253e-07 -1.2484e-06 -19.4742 0 0 0 1 
				11
				1.33158e-06 0.372586 -0.927998 -1.54413e-07 0 -0.927998 -0.372586 -3.53255 -1 4.96128e-07 -1.2357e-06 -19.2888 0 0 0 1 
				12
				1.33158e-06 0.396577 -0.918002 -1.64925e-07 0 -0.918002 -0.396577 -3.77303 -1 5.28074e-07 -1.22239e-06 -19.1201 0 0 0 1 
				13
				1.33158e-06 0.42094 -0.907089 -1.75722e-07 0 -0.907089 -0.42094 -4.02005 -1 5.60515e-07 -1.20786e-06 -18.9606 0 0 0 1 
				14
				1.33158e-06 0.445102 -0.89548 -1.86564e-07 0 -0.89548 -0.445102 -4.26808 -1 5.92689e-07 -1.1924e-06 -18.8117 0 0 0 1 
				15
				1.33158e-06 0.468517 -0.883455 -1.9721e-07 0 -0.883455 -0.468517 -4.51163 -1 6.23868e-07 -1.17639e-06 -18.6745 0 0 0 1 
				16
				1.33158e-06 0.490683 -0.871338 -2.07427e-07 0 -0.871338 -0.490683 -4.74537 -1 6.53384e-07 -1.16026e-06 -18.5502 0 0 0 1 
				17
				1.33158e-06 0.511129 -0.859504 -2.16982e-07 0 -0.859504 -0.511129 -4.96397 -1 6.8061e-07 -1.1445e-06 -18.4402 0 0 0 1 
				18
				1.33158e-06 0.529399 -0.848373 -2.25635e-07 0 -0.848373 -0.529399 -5.16191 -1 7.04938e-07 -1.12968e-06 -18.3456 0 0 0 1 
				19
				1.33158e-06 0.545059 -0.838398 -2.33144e-07 0 -0.838398 -0.545059 -5.33371 -1 7.2579e-07 -1.11639e-06 -18.2678 0 0 0 1 
				20
				1.33158e-06 0.55771 -0.830036 -2.39277e-07 0 -0.830036 -0.55771 -5.47403 -1 7.42636e-07 -1.10526e-06 -18.2078 0 0 0 1 
				21
				1.33158e-06 0.56696 -0.823745 -2.43802e-07 0 -0.823745 -0.56696 -5.57753 -1 7.54953e-07 -1.09688e-06 -18.167 0 0 0 1 
				22
				1.33158e-06 0.572395 -0.819978 -2.46476e-07 0 -0.819978 -0.572395 -5.63871 -1 7.6219e-07 -1.09187e-06 -18.1466 0 0 0 1 
				23
				1.33158e-06 0.573579 -0.81915 -2.4706e-07 0 -0.81915 -0.573579 -5.65208 -1 7.63766e-07 -1.09076e-06 -18.1479 0 0 0 1 
				24
				1.33158e-06 0.570053 -0.821608 -2.45322e-07 0 -0.821608 -0.570053 -5.61232 -1 7.59072e-07 -1.09404e-06 -18.1734 0 0 0 1 
				25
				1.33158e-06 0.561975 -0.827154 -2.41359e-07 0 -0.827154 -0.561975 -5.52165 -1 7.48315e-07 -1.10142e-06 -18.2238 0 0 0 1 
				26
				1.33158e-06 0.549845 -0.835267 -2.35457e-07 0 -0.835267 -0.549845 -5.38662 -1 7.32163e-07 -1.11222e-06 -18.2967 0 0 0 1 
				27
				1.33158e-06 0.534146 -0.845392 -2.27902e-07 0 -0.845392 -0.534146 -5.21378 -1 7.11259e-07 -1.12571e-06 -18.3896 0 0 0 1 
				28
				1.33158e-06 0.515349 -0.856981 -2.1897e-07 0 -0.856981 -0.515349 -5.00945 -1 6.86228e-07 -1.14114e-06 -18.5006 0 0 0 1 
				29
				1.33158e-06 0.493938 -0.869497 -2.0894e-07 0 -0.869497 -0.493938 -4.77998 -1 6.57719e-07 -1.15781e-06 -18.6272 0 0 0 1 
				30
				1.33158e-06 0.470451 -0.882426 -1.98096e-07 0 -0.882426 -0.470451 -4.5319 -1 6.26444e-07 -1.17502e-06 -18.7672 0 0 0 1 
				31
				1.33158e-06 0.445459 -0.895302 -1.86725e-07 0 -0.895302 -0.445459 -4.27177 -1 5.93164e-07 -1.19217e-06 -18.9182 0 0 0 1 
				32
				1.33158e-06 0.419553 -0.907731 -1.75104e-07 0 -0.907731 -0.419553 -4.00591 -1 5.58669e-07 -1.20872e-06 -19.0781 0 0 0 1 
				33
				1.33158e-06 0.393362 -0.919384 -1.63509e-07 0 -0.919384 -0.393362 -3.74066 -1 5.23793e-07 -1.22423e-06 -19.2445 0 0 0 1 
				34
				1.33158e-06 0.367567 -0.929997 -1.52228e-07 0 -0.929997 -0.367567 -3.48256 -1 4.89445e-07 -1.23837e-06 -19.4153 0 0 0 1 
				35
				1.33158e-06 0.342877 -0.93938 -1.41545e-07 0 -0.93938 -0.342877 -3.23817 -1 4.56568e-07 -1.25086e-06 -19.588 0 0 0 1 
				36
				1.33158e-06 0.318298 -0.947991 -1.31011e-07 0 -0.947991 -0.318298 -2.99719 -1 4.23839e-07 -1.26233e-06 -19.7694 0 0 0 1 
				37
				1.33158e-06 0.292465 -0.956276 -1.20039e-07 0 -0.956276 -0.292465 -2.74617 -1 3.89441e-07 -1.27336e-06 -19.9662 0 0 0 1 
				38
				1.33158e-06 0.265523 -0.964104 -1.08692e-07 0 -0.964104 -0.265523 -2.48657 -1 3.53565e-07 -1.28378e-06 -20.1763 0 0 0 1 
				39
				1.33158e-06 0.237623 -0.971357 -9.70321e-08 0 -0.971357 -0.237623 -2.21984 -1 3.16414e-07 -1.29344e-06 -20.3975 0 0 0 1 
				40
				1.33158e-06 0.208921 -0.977933 -8.51225e-08 0 -0.977933 -0.208921 -1.94738 -1 2.78195e-07 -1.3022e-06 -20.6274 0 0 0 1 
				41
				1.33158e-06 0.179579 -0.983744 -7.30243e-08 0 -0.983744 -0.179579 -1.6706 -1 2.39123e-07 -1.30993e-06 -20.864 0 0 0 1 
				42
				1.33158e-06 0.14977 -0.988721 -6.0801e-08 0 -0.988721 -0.14977 -1.39096 -1 1.99431e-07 -1.31656e-06 -21.105 0 0 0 1 
				43
				1.33158e-06 0.119673 -0.992813 -4.85161e-08 0 -0.992813 -0.119673 -1.10992 -1 1.59354e-07 -1.32201e-06 -21.3481 0 0 0 1 
				44
				1.33158e-06 0.0894658 -0.99599 -3.62312e-08 0 -0.99599 -0.0894658 -0.828872 -1 1.19131e-07 -1.32624e-06 -21.5913 0 0 0 1 
				45
				1.33158e-06 0.0593282 -0.998239 -2.40078e-08 0 -0.998239 -0.0593282 -0.549234 -1 7.90003e-08 -1.32924e-06 -21.8323 0 0 0 1 
				46
				1.33158e-06 0.0294452 -0.999566 -1.19096e-08 0 -0.999566 -0.0294452 -0.272458 -1 3.92087e-08 -1.331e-06 -22.0689 0 0 0 1 
				47
				1.33158e-06 2.79632e-06 -1 0 0 -1 -2.79632e-06 8.21693e-07 -1 3.72352e-12 -1.33158e-06 -22.2988 0 0 0 1 
		</Joint>
			2
				-1
				-0.000201565 -1.14914e-06 -1 4.02943e-06 -0.0008487 -0.999999 1.32021e-06 0.00523727 -1 0.0008487 0.000201564 -25.2103 0 0 0 1 
				0
				-4.23225e-05 0.0231796 -0.999731 -0.000117362 0.00125144 -0.999731 -0.0231797 -0.293621 -0.999999 -0.00125208 1.33032e-05 -24.9535 0 0 0 1 
				1
				3.52629e-05 0.0452386 -0.998976 -0.000232874 0.00445589 -0.998966 -0.045238 -0.59988 -0.99999 -0.00444974 -0.000236805 -24.687 0 0 0 1 
				2
				-6.00878e-05 0.06654 -0.997784 -0.000344414 0.00839119 -0.997749 -0.0665382 -0.911049 -0.999965 -0.00837659 -0.000498398 -24.4139 0 0 0 1 
				3
				-0.000379215 0.0874478 -0.996169 -0.000453901 0.0126793 -0.996089 -0.0874456 -1.22463 -0.99992 -0.0126639 -0.000731048 -24.1377 0 0 0 1 
				4
				-0.000933523 0.108313 -0.994116 -0.000563195 0.0169521 -0.993972 -0.108313 -1.53822 -0.999856 -0.0169535 -0.000908244 -23.8614 0 0 0 1 
				5
				-0.00169529 0.129486 -0.99158 -0.000674057 0.0208425 -0.991361 -0.129493 -1.8494 -0.999781 -0.0208866 -0.00101817 -23.5884 0 0 0 1 
				6
				-0.00259704 0.151324 -0.988481 -0.000788385 0.0239757 -0.98819 -0.151343 -2.15567 -0.999709 -0.0240926 -0.00106173 -23.3218 0 0 0 1 
				7
				-0.00353119 0.174181 -0.984707 -0.000908148 0.0259833 -0.984365 -0.174213 -2.45454 -0.999656 -0.0262012 -0.00104982 -23.065 0 0 0 1 
				8
				-0.00435047 0.198391 -0.980113 -0.00103509 0.0265183 -0.979755 -0.198437 -2.74361 -0.999639 -0.0268542 -0.000998601 -22.8213 0 0 0 1 
				9
				-0.00486769 0.22428 -0.974513 -0.00117063 0.0252454 -0.974186 -0.224331 -3.02046 -0.999669 -0.0256939 -0.000919986 -22.5937 0 0 0 1 
				10
				-0.00485248 0.252164 -0.967672 -0.00131668 0.0218333 -0.967426 -0.252209 -3.28259 -0.99975 -0.0223513 -0.000811142 -22.3855 0 0 0 1 
				11
				-0.00402967 0.282335 -0.959308 -0.0014749 0.0159699 -0.959175 -0.282363 -3.52752 -0.999864 -0.0164578 -0.000643688 -22.2002 0 0 0 1 
				12
				-0.00190746 0.317364 -0.948302 -0.00165836 0.00670584 -0.948278 -0.31737 -3.76807 -0.999976 -0.00696453 -0.000319387 -22.0315 0 0 0 1 
				13
				0.00200098 0.35835 -0.933585 -0.00187326 -0.00611488 -0.933565 -0.358356 -4.01515 -0.999979 0.00642583 0.00032322 -21.8721 0 0 0 1 
				14
				0.00790915 0.403195 -0.91508 -0.00210832 -0.0215085 -0.914828 -0.40327 -4.26329 -0.999737 0.0228715 0.00143662 -21.7232 0 0 0 1 
				15
				0.0158778 0.449825 -0.892976 -0.00235237 -0.0384948 -0.892151 -0.450094 -4.50696 -0.999133 0.0415214 0.00315047 -21.5861 0 0 0 1 
				16
				0.0257812 0.496311 -0.867762 -0.0025964 -0.0561582 -0.865961 -0.496949 -4.74083 -0.998089 0.0615439 0.00554637 -21.462 0 0 0 1 
				17
				0.0372899 0.540888 -0.840267 -0.00282987 -0.0736587 -0.837077 -0.542104 -4.95958 -0.996586 0.082108 0.00862662 -21.3521 0 0 0 1 
				18
				0.0498619 0.581974 -0.811677 -0.00304546 -0.0902453 -0.806738 -0.583977 -5.15769 -0.994671 0.102368 0.0122949 -21.2576 0 0 0 1 
				19
				0.0627749 0.618261 -0.783462 -0.00323565 -0.105307 -0.776525 -0.621224 -5.32964 -0.992456 0.121501 0.0163609 -21.1799 0 0 0 1 
				20
				0.0751922 0.648762 -0.757267 -0.00339535 -0.118394 -0.748237 -0.652782 -5.47011 -0.990116 0.13874 0.0205482 -21.12 0 0 0 1 
				21
				0.0861988 0.672723 -0.734856 -0.00352081 -0.129179 -0.723828 -0.67778 -5.57374 -0.987868 0.153352 0.0245088 -21.0793 0 0 0 1 
				22
				0.0948315 0.689496 -0.718055 -0.00360873 -0.137398 -0.705337 -0.695429 -5.63502 -0.985966 0.164608 0.0278469 -21.0589 0 0 0 1 
				23
				0.100159 0.698444 -0.708621 -0.00365556 -0.142798 -0.694739 -0.704945 -5.64844 -0.984671 0.171796 0.0301521 -21.0602 0 0 0 1 
				24
				0.102104 0.69995 -0.706856 -0.00366359 -0.145837 -0.69236 -0.706661 -5.60869 -0.984026 0.175239 0.0313858 -21.0858 0 0 0 1 
				25
				0.101333 0.695334 -0.711507 -0.00363918 -0.147294 -0.69682 -0.701959 -5.518 -0.983888 0.175932 0.0318072 -21.1362 0 0 0 1 
				26
				0.0982172 0.685269 -0.721637 -0.00358697 -0.147329 -0.70714 -0.691554 -5.38292 -0.984199 0.174241 0.031507 -21.209 0 0 0 1 
				27
				0.0931815 0.67031 -0.736208 -0.00350832 -0.146046 -0.722225 -0.676063 -5.21 -0.98488 0.170517 0.0305979 -21.302 0 0 0 1 
				28
				0.0866714 0.650949 -0.754158 -0.00340687 -0.143518 -0.740952 -0.656044 -5.00557 -0.985845 0.165095 0.0292035 -21.4129 0 0 0 1 
				29
				0.0791405 0.6277 -0.774422 -0.00328493 -0.139831 -0.762188 -0.632074 -4.77599 -0.987008 0.158311 0.0274522 -21.5395 0 0 0 1 
				30
				0.0710413 0.601179 -0.795951 -0.00314614 -0.135113 -0.784813 -0.604825 -4.52779 -0.98828 0.150511 0.0254729 -21.6794 0 0 0 1 
				31
				0.0627938 0.572105 -0.817773 -0.00299355 -0.12954 -0.807786 -0.575066 -4.26753 -0.989584 0.142045 0.0233867 -21.8304 0 0 0 1 
				32
				0.0547608 0.541295 -0.839048 -0.00283224 -0.123341 -0.830206 -0.543641 -4.00156 -0.990852 0.133259 0.0213011 -21.9902 0 0 0 1 
				33
				0.0472453 0.50968 -0.859066 -0.00266647 -0.116798 -0.851308 -0.5115 -3.7362 -0.992031 0.124503 0.0193092 -22.1566 0 0 0 1 
				34
				0.0404907 0.478334 -0.877244 -0.00250231 -0.110254 -0.870463 -0.479726 -3.478 -0.993078 0.116144 0.0174927 -22.3273 0 0 0 1 
				35
				0.0346686 0.448423 -0.893149 -0.00234546 -0.104094 -0.887205 -0.44948 -3.23352 -0.993963 0.108554 0.0159198 -22.5 0 0 0 1 
				36
				0.0293739 0.418464 -0.907758 -0.00218854 -0.0978897 -0.902581 -0.419245 -2.99246 -0.994764 0.101175 0.014451 -22.6813 0 0 0 1 
				37
				0.0242119 0.386316 -0.922049 -0.00201994 -0.090987 -0.91764 -0.386858 -2.74137 -0.995558 0.093261 0.0129319 -22.8782 0 0 0 1 
				38
				0.0193053 0.352182 -0.935732 -0.00184115 -0.0834409 -0.932074 -0.352527 -2.48169 -0.996326 0.084884 0.0113924 -23.0882 0 0 0 1 
				39
				0.0147659 0.316289 -0.948548 -0.00165301 -0.0753192 -0.945604 -0.31648 -2.21488 -0.99705 0.076117 0.00985998 -23.3093 0 0 0 1 
				40
				0.0106912 0.278886 -0.960265 -0.00145715 -0.0666998 -0.957982 -0.278965 -1.94236 -0.997716 0.0670319 0.00835966 -23.5392 0 0 0 1 
				41
				0.00716352 0.240242 -0.970687 -0.00125465 -0.057671 -0.968996 -0.240249 -1.66553 -0.99831 0.0577015 0.00691357 -23.7757 0 0 0 1 
				42
				0.00424904 0.200658 -0.979652 -0.00104725 -0.0483329 -0.978475 -0.200627 -1.38584 -0.998822 0.0482019 0.00554083 -24.0167 0 0 0 1 
				43
				0.00199458 0.160453 -0.987041 -0.0008366 -0.0387931 -0.986288 -0.160409 -1.10475 -0.999245 0.0386103 0.00425724 -24.2598 0 0 0 1 
				44
				0.000426382 0.119949 -0.99278 -0.000624392 -0.0291615 -0.992356 -0.11991 -0.823675 -0.999575 0.0290021 0.00307476 -24.5029 0 0 0 1 
				45
				-0.000449452 0.0794773 -0.996837 -0.00041235 -0.0195507 -0.996647 -0.0794534 -0.544015 -0.999809 0.0194531 0.00200178 -24.7439 0 0 0 1 
				46
				-0.000647216 0.0393803 -0.999224 -0.000202283 -0.0100756 -0.999174 -0.0393718 -0.267226 -0.999949 0.0100423 0.00104346 -24.9804 0 0 0 1 
				47
				-0.000201565 -1.14914e-06 -1 4.02943e-06 -0.0008487 -0.999999 1.32021e-06 0.00523727 -1 0.0008487 0.000201564 -25.2103 0 0 0 1 
		</Joint>
			3
				-1
				-0.000413965 -9.0256e-07 -1 -0.00132277 -0.000821564 -1 1.24266e-06 0.00489218 -1 0.000821565 0.000413963 -31.7927 0 0 0 1 
				0
				-0.000103266 0.0140645 -0.999901 -0.000469678 0.00337327 -0.999895 -0.0140647 -0.280143 -0.999994 -0.00337439 5.58123e-05 -31.5359 0 0 0 1 
				1
				0.000112317 0.0251077 -0.999685 -0.000132371 0.00977374 -0.999637 -0.0251054 -0.56531 -0.999952 -0.00976784 -0.000357672 -31.2693 0 0 0 1 
				2
				8.70383e-05 0.0341441 -0.999417 -0.000918918 0.017636 -0.999262 -0.0341373 -0.850577 -0.999845 -0.0176228 -0.000689141 -30.996 0 0 0 1 
				3
				-0.000264526 0.0421859 -0.99911 -0.00317119 0.0262101 -0.998766 -0.0421784 -1.13594 -0.999656 -0.0261979 -0.000841496 -30.7194 0 0 0 1 
				4
				-0.000975562 0.0502126 -0.998738 -0.00697124 0.0347664 -0.998133 -0.0502161 -1.4214 -0.999395 -0.0347716 -0.000771973 -30.4427 0 0 0 1 
				5
				-0.00203004 0.0592043 -0.998244 -0.0121435 0.042577 -0.997336 -0.0592371 -1.70697 -0.999091 -0.0426225 -0.000496116 -30.1691 0 0 0 1 
				6
				-0.00336056 0.0701754 -0.997529 -0.018251 0.0488943 -0.99633 -0.0702558 -1.99263 -0.998798 -0.0490096 -8.2957e-05 -29.9021 0 0 0 1 
				7
				-0.00483993 0.0841424 -0.996442 -0.0245929 0.0529783 -0.995033 -0.0842807 -2.2783 -0.998584 -0.0531977 0.000358171 -29.6449 0 0 0 1 
				8
				-0.00626804 0.102089 -0.994756 -0.0302068 0.0541222 -0.993283 -0.102278 -2.56385 -0.998515 -0.0544795 0.000700681 -29.401 0 0 0 1 
				9
				-0.00735586 0.124985 -0.992131 -0.0338669 0.0516341 -0.990787 -0.125199 -2.84909 -0.998639 -0.0521488 0.000834581 -29.1736 0 0 0 1 
				10
				-0.00769934 0.153805 -0.988071 -0.0340639 0.044821 -0.987054 -0.153996 -3.1337 -0.998965 -0.045472 0.000705979 -28.9661 0 0 0 1 
				11
				-0.00674861 0.189452 -0.981867 -0.0289929 0.0330261 -0.981312 -0.189572 -3.41726 -0.999432 -0.0337066 0.000365626 -28.7815 0 0 0 1 
				12
				-0.00349921 0.235858 -0.971781 -0.0154501 0.0143164 -0.971676 -0.235884 -3.71883 -0.999892 -0.0147379 2.34492e-05 -28.6137 0 0 0 1 
				13
				0.00329054 0.294101 -0.955769 0.00975646 -0.0115983 -0.955698 -0.294119 -4.0504 -0.999927 0.0120531 0.000266305 -28.4545 0 0 0 1 
				14
				0.0144866 0.360275 -0.932734 0.0480647 -0.042613 -0.931761 -0.360562 -4.39998 -0.998987 0.0449699 0.00185437 -28.3042 0 0 0 1 
				15
				0.0305672 0.430328 -0.902155 0.0999066 -0.0765294 -0.898919 -0.431378 -4.75563 -0.996599 0.0822273 0.00545533 -28.1633 0 0 0 1 
				16
				0.0514813 0.500363 -0.864284 0.164484 -0.111221 -0.857175 -0.502872 -5.106 -0.992461 0.122015 0.0115225 -28.0325 0 0 0 1 
				17
				0.076582 0.56682 -0.820274 0.239657 -0.144731 -0.807657 -0.571614 -5.4402 -0.986503 0.162494 0.0201844 -27.9129 0 0 0 1 
				18
				0.104613 0.626696 -0.77221 0.321882 -0.175389 -0.752674 -0.634602 -5.74778 -0.978925 0.201825 0.031176 -27.806 0 0 0 1 
				19
				0.133822 0.677847 -0.722921 0.406423 -0.201999 -0.69551 -0.689537 -6.01917 -0.9702 0.238305 0.0438499 -27.7139 0 0 0 1 
				20
				0.162166 0.719137 -0.67568 0.487782 -0.223917 -0.640063 -0.73497 -6.24607 -0.961022 0.270484 0.0572304 -27.6388 0 0 0 1 
				21
				0.187454 0.750276 -0.633992 0.559944 -0.24097 -0.590586 -0.770157 -6.42095 -0.952258 0.297142 0.0700863 -27.5834 0 0 0 1 
				22
				0.207442 0.771519 -0.601437 0.616568 -0.253301 -0.55148 -0.794801 -6.53654 -0.944884 0.31722 0.0810268 -27.5507 0 0 0 1 
				23
				0.220011 0.783304 -0.581404 0.651526 -0.261163 -0.526954 -0.808773 -6.58563 -0.939888 0.32978 0.0886339 -27.5435 0 0 0 1 
				24
				0.225079 0.787256 -0.574079 0.664302 -0.265709 -0.517271 -0.813529 -6.56594 -0.93741 0.335646 0.0927539 -27.5649 0 0 0 1 
				25
				0.224222 0.785434 -0.576904 0.659264 -0.26824 -0.519369 -0.811359 -6.48483 -0.936895 0.336673 0.0942311 -27.6143 0 0 0 1 
				26
				0.218215 0.778486 -0.588507 0.63884 -0.268962 -0.53171 -0.803084 -6.34992 -0.938105 0.333531 0.0933556 -27.6892 0 0 0 1 
				27
				0.207939 0.766726 -0.607366 0.605832 -0.267886 -0.552558 -0.789251 -6.16843 -0.940744 0.326821 0.0904971 -27.7866 0 0 0 1 
				28
				0.194309 0.750293 -0.631906 0.563168 -0.264938 -0.580103 -0.770252 -5.94722 -0.944485 0.317082 0.0860618 -27.9038 0 0 0 1 
				29
				0.178273 0.729339 -0.660517 0.513829 -0.260049 -0.612482 -0.746485 -5.6932 -0.948996 0.304845 0.0804747 -28.038 0 0 0 1 
				30
				0.160802 0.70418 -0.691573 0.460786 -0.253246 -0.647797 -0.718489 -5.41377 -0.953944 0.290672 0.0741639 -28.1862 0 0 0 1 
				31
				0.142819 0.675361 -0.723526 0.406802 -0.244689 -0.684236 -0.686986 -5.11664 -0.959026 0.275153 0.0675317 -28.3457 0 0 0 1 
				32
				0.125148 0.643673 -0.754999 0.354252 -0.234685 -0.72018 -0.652889 -4.80966 -0.963982 0.258895 0.0609319 -28.5138 0 0 0 1 
				33
				0.108499 0.610186 -0.784793 0.305124 -0.223703 -0.754219 -0.617341 -4.50106 -0.968599 0.242541 0.0546686 -28.6879 0 0 0 1 
				34
				0.093462 0.57627 -0.811897 0.261004 -0.212373 -0.78516 -0.58174 -4.19963 -0.972709 0.226795 0.0490015 -28.8654 0 0 0 1 
				35
				0.0804725 0.543515 -0.835533 0.223009 -0.201447 -0.812086 -0.547664 -3.91445 -0.976188 0.212388 0.044139 -29.0438 0 0 0 1 
				36
				0.0686058 0.510201 -0.857315 0.188489 -0.190223 -0.836884 -0.513265 -3.63243 -0.979341 0.198294 0.0396366 -29.2303 0 0 0 1 
				37
				0.0569359 0.473613 -0.878891 0.154871 -0.177503 -0.861492 -0.475736 -3.33577 -0.982472 0.183092 0.0350181 -29.4323 0 0 0 1 
				38
				0.0457527 0.433954 -0.899773 0.12296 -0.163368 -0.885339 -0.435299 -3.02629 -0.985504 0.16691 0.0303874 -29.6474 0 0 0 1 
				39
				0.0353257 0.391489 -0.919505 0.0934904 -0.147931 -0.907895 -0.392229 -2.70591 -0.988367 0.149879 0.0258412 -29.8731 0 0 0 1 
				40
				0.0258941 0.346538 -0.937678 0.0671005 -0.131338 -0.928683 -0.346841 -2.37654 -0.991 0.132134 0.0214664 -30.1073 0 0 0 1 
				41
				0.0176637 0.299481 -0.953939 0.0443289 -0.113768 -0.947289 -0.2995 -2.04017 -0.99335 0.113818 0.0173388 -30.3476 0 0 0 1 
				42
				0.0108032 0.250761 -0.967989 0.0256074 -0.0954327 -0.963368 -0.250629 -1.69894 -0.995377 0.0950853 0.0135233 -30.5918 0 0 0 1 
				43
				0.00543511 0.200864 -0.979604 0.0112397 -0.0765662 -0.976659 -0.200685 -1.35498 -0.99705 0.0760953 0.0100711 -30.8377 0 0 0 1 
				44
				0.00163198 0.150301 -0.988639 0.00139444 -0.0574151 -0.986995 -0.150146 -1.01045 -0.998349 0.0570079 0.00701882 -31.0828 0 0 0 1 
				45
				-0.000583509 0.0996041 -0.995027 -0.00389292 -0.0382345 -0.994302 -0.0995091 -0.667494 -0.999269 0.0379862 0.00438849 -31.3252 0 0 0 1 
				46
				-0.0012393 0.0493214 -0.998782 -0.00472106 -0.0192851 -0.998598 -0.0492884 -0.328314 -0.999813 0.0192005 0.00218873 -31.5626 0 0 0 1 
				47
				-0.000413965 -9.0256e-07 -1 -0.00132277 -0.000821564 -1 1.24266e-06 0.00489218 -1 0.000821565 0.000413963 -31.7927 0 0 0 1 
		</Joint>
			4
				-1
				-0.000413965 -9.0256e-07 -1 -0.00404766 -0.000821564 -1 1.24266e-06 0.00149703 -1 0.000821565 0.000413963 -38.3751 0 0 0 1 
				0
				-0.000103266 0.0140645 -0.999901 -0.00117773 0.00337327 -0.999895 -0.0140647 -0.255926 -0.999994 -0.00337439 5.58123e-05 -38.1183 0 0 0 1 
				1
				0.000112317 0.0251077 -0.999685 0.000556408 0.00977374 -0.999637 -0.0251054 -0.498963 -0.999952 -0.00976784 -0.000357672 -37.8514 0 0 0 1 
				2
				8.70383e-05 0.0341441 -0.999417 -0.000414722 0.017636 -0.999262 -0.0341373 -0.732478 -0.999845 -0.0176228 -0.000689141 -37.5774 0 0 0 1 
				3
				-0.000264526 0.0421859 -0.99911 -0.00499733 0.0262101 -0.998766 -0.0421784 -0.961401 -0.999656 -0.0261979 -0.000841496 -37.2995 0 0 0 1 
				4
				-0.000975562 0.0502126 -0.998738 -0.0134939 0.0347664 -0.998133 -0.0502161 -1.19055 -0.999395 -0.0347716 -0.000771973 -37.0211 0 0 0 1 
				5
				-0.00203003 0.0592043 -0.998244 -0.0256252 0.042577 -0.997336 -0.0592371 -1.42471 -0.999091 -0.0426225 -0.000496116 -36.7455 0 0 0 1 
				6
				-0.00336056 0.0701754 -0.997529 -0.0405128 0.0488943 -0.99633 -0.0702558 -1.66878 -0.998798 -0.0490096 -8.29569e-05 -36.4765 0 0 0 1 
				7
				-0.00483993 0.0841424 -0.996442 -0.0566208 0.0529783 -0.995033 -0.0842807 -1.92757 -0.998584 -0.0531977 0.000358171 -36.2179 0 0 0 1 
				8
				-0.00626804 0.102089 -0.994756 -0.0716712 0.0541222 -0.993283 -0.102278 -2.2056 -0.998515 -0.0544795 0.000700681 -35.9736 0 0 0 1 
				9
				-0.00735586 0.124985 -0.992131 -0.0825378 0.0516341 -0.990787 -0.125199 -2.50722 -0.998639 -0.0521488 0.000834582 -35.747 0 0 0 1 
				10
				-0.00769934 0.153805 -0.988071 -0.0850538 0.044821 -0.987054 -0.153996 -2.83669 -0.998965 -0.045472 0.00070598 -35.5416 0 0 0 1 
				11
				-0.00674861 0.189452 -0.981867 -0.0737964 0.0330261 -0.981312 -0.189572 -3.19789 -0.999432 -0.0337066 0.000365626 -35.3602 0 0 0 1 
				12
				-0.00349921 0.235858 -0.971781 -0.0389581 0.0143164 -0.971676 -0.235884 -3.62264 -0.999892 -0.0147379 2.34496e-05 -35.1954 0 0 0 1 
				13
				0.00329054 0.294101 -0.955769 0.0308242 -0.0115983 -0.955698 -0.294119 -4.12482 -0.999927 0.0120531 0.000266305 -35.0364 0 0 0 1 
				14
				0.0144866 0.360275 -0.932734 0.142696 -0.042613 -0.931761 -0.360562 -4.6786 -0.998986 0.0449699 0.00185437 -34.88 0 0 0 1 
				15
				0.0305672 0.430328 -0.902155 0.300247 -0.0765294 -0.898919 -0.431378 -5.25757 -0.996599 0.0822273 0.00545533 -34.7235 0 0 0 1 
				16
				0.0514813 0.500363 -0.864284 0.502348 -0.111221 -0.857175 -0.502872 -5.83638 -0.992461 0.122015 0.0115225 -34.5655 0 0 0 1 
				17
				0.076582 0.56682 -0.820274 0.742611 -0.144731 -0.807657 -0.571614 -6.39125 -0.986503 0.162494 0.0201844 -34.4068 0 0 0 1 
				18
				0.104613 0.626696 -0.77221 1.00923 -0.175389 -0.752674 -0.634602 -6.90075 -0.978925 0.201825 0.031176 -34.2501 0 0 0 1 
				19
				0.133822 0.677847 -0.722921 1.28593 -0.201999 -0.69551 -0.689538 -7.34742 -0.9702 0.238305 0.0438499 -34.1006 0 0 0 1 
				20
				0.162167 0.719137 -0.67568 1.55378 -0.223917 -0.640063 -0.73497 -7.7187 -0.961022 0.270484 0.0572304 -33.9652 0 0 0 1 
				21
				0.187454 0.750276 -0.633992 1.79234 -0.24097 -0.590586 -0.770157 -8.00593 -0.952257 0.297142 0.0700863 -33.8522 0 0 0 1 
				22
				0.207442 0.771519 -0.601437 1.98049 -0.253301 -0.55148 -0.794801 -8.20277 -0.944884 0.31722 0.0810268 -33.7709 0 0 0 1 
				23
				0.220011 0.783304 -0.581404 2.09815 -0.261163 -0.526954 -0.808773 -8.30365 -0.939888 0.32978 0.0886339 -33.7309 0 0 0 1 
				24
				0.225079 0.787256 -0.574079 2.14428 -0.265709 -0.517271 -0.813529 -8.3139 -0.93741 0.335646 0.0927539 -33.736 0 0 0 1 
				25
				0.224222 0.785434 -0.576904 2.13361 -0.26824 -0.519369 -0.811359 -8.24946 -0.936895 0.336673 0.0942311 -33.782 0 0 0 1 
				26
				0.218215 0.778486 -0.588507 2.07366 -0.268962 -0.53171 -0.803084 -8.11926 -0.938106 0.333531 0.0933556 -33.8649 0 0 0 1 
				27
				0.207939 0.766726 -0.607366 1.97303 -0.267886 -0.552558 -0.789251 -7.93066 -0.940744 0.326821 0.0904972 -33.9796 0 0 0 1 
				28
				0.194309 0.750293 -0.631906 1.84068 -0.264938 -0.580103 -0.770252 -7.68999 -0.944485 0.317082 0.0860618 -34.1214 0 0 0 1 
				29
				0.178273 0.729339 -0.660517 1.68583 -0.260049 -0.612482 -0.746485 -7.40372 -0.948996 0.304845 0.0804747 -34.2853 0 0 0 1 
				30
				0.160802 0.70418 -0.691573 1.51783 -0.253246 -0.647797 -0.718489 -7.07943 -0.953944 0.290672 0.0741639 -34.4661 0 0 0 1 
				31
				0.142819 0.675361 -0.723527 1.34553 -0.244689 -0.684235 -0.686986 -6.7259 -0.959026 0.275153 0.0675317 -34.659 0 0 0 1 
				32
				0.125148 0.643673 -0.754999 1.17673 -0.234685 -0.72018 -0.652889 -6.35301 -0.963982 0.258895 0.0609319 -34.8596 0 0 0 1 
				33
				0.108499 0.610186 -0.784793 1.01808 -0.223703 -0.754219 -0.617341 -5.97205 -0.968599 0.242541 0.0546686 -35.0641 0 0 0 1 
				34
				0.093462 0.57627 -0.811897 0.875051 -0.212373 -0.78516 -0.58174 -5.59598 -0.972709 0.226795 0.0490015 -35.2686 0 0 0 1 
				35
				0.0804725 0.543515 -0.835533 0.751619 -0.201447 -0.812086 -0.547664 -5.23883 -0.976188 0.212388 0.044139 -35.4699 0 0 0 1 
				36
				0.0686058 0.510201 -0.857315 0.639055 -0.190223 -0.836884 -0.513265 -4.88287 -0.979341 0.198293 0.0396366 -35.6772 0 0 0 1 
				37
				0.0569359 0.473613 -0.878891 0.528694 -0.177503 -0.861492 -0.475736 -4.50244 -0.982472 0.183092 0.0350181 -35.8997 0 0 0 1 
				38
				0.0457527 0.433954 -0.899773 0.42325 -0.163368 -0.885339 -0.435299 -4.09987 -0.985504 0.16691 0.0303874 -36.1347 0 0 0 1 
				39
				0.0353257 0.391489 -0.919504 0.325231 -0.147931 -0.907895 -0.392229 -3.67782 -0.988367 0.149879 0.0258412 -36.3792 0 0 0 1 
				40
				0.0258941 0.346538 -0.937678 0.236849 -0.131338 -0.928683 -0.346841 -3.23919 -0.991 0.132134 0.0214664 -36.6307 0 0 0 1 
				41
				0.0176637 0.299481 -0.953939 0.159996 -0.113768 -0.947289 -0.2995 -2.78714 -0.99335 0.113818 0.0173388 -36.8865 0 0 0 1 
				42
				0.0108032 0.250761 -0.967989 0.0962138 -0.0954327 -0.963368 -0.250629 -2.32518 -0.995377 0.0950854 0.0135233 -37.144 0 0 0 1 
				43
				0.00543511 0.200864 -0.979604 0.0466116 -0.0765662 -0.976659 -0.200685 -1.85701 -0.99705 0.0760953 0.0100711 -37.4008 0 0 0 1 
				44
				0.00163198 0.150301 -0.988639 0.0118343 -0.0574151 -0.986995 -0.150146 -1.3864 -0.998349 0.0570079 0.00701882 -37.6545 0 0 0 1 
				45
				-0.000583509 0.0996041 -0.995027 -0.00793432 -0.0382345 -0.994302 -0.0995091 -0.917168 -0.999269 0.0379862 0.00438849 -37.9029 0 0 0 1 
				46
				-0.0012393 0.0493214 -0.998782 -0.0129779 -0.0192851 -0.998598 -0.0492884 -0.453247 -0.999813 0.0192005 0.00218873 -38.1438 0 0 0 1 
				47
				-0.000413965 -9.0256e-07 -1 -0.00404766 -0.000821564 -1 1.24266e-06 0.00149703 -1 0.000821565 0.000413963 -38.3751 0 0 0 1 
		</Joint>
			5
				-1
				2.15712e-06 -3.77906e-05 -1 -0.00509404 2.7015e-07 -1 3.77906e-05 -0.000579632 -1 -2.70231e-07 -2.15711e-06 -40.9028 0 0 0 1 
				0
				0.00061896 0.0396297 -0.999214 -0.00143876 0.00636557 -0.999194 -0.039625 -0.247399 -0.99998 -0.00633604 -0.000870727 -40.646 0 0 0 1 
				1
				0.00114813 0.0838153 -0.996481 0.00084031 0.0132609 -0.996395 -0.0837928 -0.474258 -0.999911 -0.013118 -0.00225545 -40.3789 0 0 0 1 
				2
				0.00136252 0.130881 -0.991397 -0.000194713 0.0205347 -0.991193 -0.130826 -0.687899 -0.999788 -0.0201798 -0.00403813 -40.1047 0 0 0 1 
				3
				0.00108257 0.179136 -0.983824 -0.00566597 0.0280058 -0.983444 -0.179036 -0.89515 -0.999607 -0.0273589 -0.00608147 -39.8264 0 0 0 1 
				4
				0.000185738 0.226951 -0.973906 -0.0159598 0.0354737 -0.973295 -0.226802 -1.10267 -0.99937 -0.034506 -0.00823158 -39.5472 0 0 0 1 
				5
				-0.0013939 0.272754 -0.962083 -0.0307565 0.0427216 -0.961189 -0.272562 -1.31708 -0.999086 -0.0414817 -0.0103127 -39.2709 0 0 0 1 
				6
				-0.00366771 0.315008 -0.949082 -0.0490073 0.0495184 -0.947867 -0.314796 -1.54519 -0.998767 -0.0481516 -0.0121222 -39.0011 0 0 0 1 
				7
				-0.00659306 0.352286 -0.935869 -0.0688546 0.0556357 -0.934311 -0.352091 -1.79365 -0.99843 -0.0543891 -0.0134397 -38.742 0 0 0 1 
				8
				-0.0100829 0.383315 -0.923563 -0.0875149 0.0608624 -0.921662 -0.383191 -2.06879 -0.998095 -0.0600739 -0.0140365 -38.4975 0 0 0 1 
				9
				-0.0140222 0.406909 -0.913361 -0.101131 0.0650039 -0.911148 -0.40692 -2.3767 -0.997786 -0.065078 -0.0136743 -38.2712 0 0 0 1 
				10
				-0.0182806 0.421876 -0.906469 -0.104515 0.0678821 -0.904005 -0.422099 -2.72339 -0.997526 -0.0692492 -0.0121121 -38.0667 0 0 0 1 
				11
				-0.0227277 0.427005 -0.903964 -0.0908547 0.0693428 -0.901347 -0.427512 -3.11441 -0.997334 -0.0723998 -0.00912414 -37.8864 0 0 0 1 
				12
				-0.0276044 0.420309 -0.906961 -0.0478031 0.0692476 -0.904324 -0.421194 -3.58645 -0.997218 -0.0744316 -0.00414207 -37.7228 0 0 0 1 
				13
				-0.0330857 0.401787 -0.915135 0.0391418 0.067694 -0.912633 -0.403135 -4.15413 -0.997157 -0.0752872 0.00299655 -37.564 0 0 0 1 
				14
				-0.0389542 0.37327 -0.926905 0.179314 0.0649557 -0.924701 -0.375112 -4.78631 -0.997127 -0.07482 0.011775 -37.4051 0 0 0 1 
				15
				-0.0450274 0.336582 -0.940577 0.377511 0.0613198 -0.938825 -0.338891 -5.45102 -0.997102 -0.0729353 0.0216337 -37.2426 0 0 0 1 
				16
				-0.051169 0.293564 -0.954569 0.632477 0.0570547 -0.953401 -0.296263 -6.11751 -0.997059 -0.0696222 0.0320354 -37.0742 0 0 0 1 
				17
				-0.0572363 0.246197 -0.967528 0.936187 0.0524248 -0.967039 -0.249174 -6.75709 -0.996983 -0.0649842 0.0424429 -36.9004 0 0 0 1 
				18
				-0.0630595 0.196688 -0.978436 1.27366 0.0476924 -0.978673 -0.19981 -7.34408 -0.996869 -0.0592639 0.0523341 -36.7246 0 0 0 1 
				19
				-0.0684679 0.147364 -0.98671 1.62419 0.0430881 -0.987671 -0.150498 -7.85801 -0.996723 -0.0528197 0.0612741 -36.553 0 0 0 1 
				20
				-0.07327 0.100554 -0.99223 1.96369 0.0388229 -0.993862 -0.103586 -8.2847 -0.996556 -0.046111 0.0689165 -36.3944 0 0 0 1 
				21
				-0.0772532 0.0586076 -0.995287 2.26616 0.0350889 -0.997492 -0.061461 -8.61503 -0.996394 -0.0396716 0.075003 -36.2592 0 0 0 1 
				22
				-0.0802053 0.0239054 -0.996492 2.50484 0.0320385 -0.999134 -0.0265475 -8.84303 -0.996263 -0.0340553 0.07937 -36.1593 0 0 0 1 
				23
				-0.0818977 -0.00122459 -0.99664 2.65427 0.0298099 -0.999555 -0.00122142 -8.96379 -0.996195 -0.0298098 0.0818978 -36.1066 0 0 0 1 
				24
				-0.0823004 -0.0183252 -0.996439 2.71322 0.0282047 -0.999473 0.0160514 -8.98553 -0.996208 -0.0267833 0.0827739 -36.1054 0 0 0 1 
				25
