<?xml version='1.0' encoding='UTF-8' ?>
<itpanim>
	<skeleton count>
		25
			0 -1
			1.37091e-06 -1 -6.12323e-17 1e-06 1 1.37091e-06 -6.12323e-17 -1.37266e-12 6.12323e-17 -6.12323e-17 1 28.5847 0 0 0 1 
			1 0
			1.3868e-06 -2.28068e-12 -1 -28.5847 2.75771e-06 -1 6.10495e-12 1.00011e-06 -1 -2.75771e-06 -1.3868e-06 -3.96413e-05 0 0 0 1 
			2 1
			-0.000205999 -0.000823318 -1 -32.3694 -1.2413e-06 -1 0.000823318 0.0334634 -1 1.41091e-06 0.000205998 0.006668 0 0 0 1 
			3 2
			-0.000383998 -0.00100932 -0.999999 -40.926 -1.01137e-06 -0.999999 0.00100932 0.0478891 -1 1.39895e-06 0.000383997 0.0139528 0 0 0 1 
			4 3
			-0.000383998 -0.00100932 -0.999999 -49.4827 -1.01137e-06 -0.999999 0.00100932 0.0505055 -1 1.39895e-06 0.000383997 0.0139528 0 0 0 1 
			5 4
			1.34309e-06 9.82436e-13 -1 -52.7685 -1.40269e-06 -1 -2.86637e-12 -0.00275479 -1 1.40269e-06 -1.34309e-06 -0.00638105 0 0 0 1 
			6 5
			1 -0 0 0 0 1 0 0 -0 -0 1 -0 0 0 0 1 
			7 4
			0.950432 6.75818e-05 0.310933 13.7112 -1.42282e-06 1 -0.000213002 -0.00848516 -0.310933 0.000202002 0.950432 47.5785 0 0 0 1 
			8 7
			0.476976 0.0235792 0.8786 37.3074 0.0457757 0.997617 -0.0516241 -2.835 -0.877724 0.064842 0.47476 30.0749 0 0 0 1 
			9 8
			0.476835 0.0205565 0.878752 28.9208 0.0472206 0.997684 -0.0489619 -2.74739 -0.877724 0.064842 0.47476 30.0749 0 0 0 1 
			10 9
			0.476835 0.0205565 0.878752 20.0548 -0.877686 0.0656364 0.474721 30.0727 -0.0479195 -0.997632 0.0493399 2.77133 0 0 0 1 
			11 4
			-0.950193 6.50589e-05 0.311663 13.7378 -1.39561e-06 1 -0.000213002 -0.00848516 -0.311663 -0.000202828 -0.950193 -47.5698 0 0 0 1 
			12 11
			-0.476976 0.0235779 0.8786 37.2976 -0.0457784 0.997617 -0.0516241 -2.83503 -0.877723 -0.0648444 -0.47476 -30.0791 0 0 0 1 
			13 12
			-0.476835 0.0205552 0.878752 28.9109 -0.0472234 0.997684 -0.0489619 -2.74745 -0.877723 -0.0648444 -0.47476 -30.0791 0 0 0 1 
			14 13
			-0.476835 0.0205552 0.878752 20.045 0.877685 0.0656388 0.474721 30.0769 -0.0479222 0.997632 -0.0493399 -2.7714 0 0 0 1 
			15 2
			1.37369e-06 -0.0998331 0.995004 28.4419 0 -0.995004 -0.0998331 -2.8537 1 1.3714e-07 -1.36683e-06 -5.53938 0 0 0 1 
			16 15
			1.37369e-06 0.0998335 0.995004 16.029 0 -0.995004 0.0998335 0.337498 1 -1.3714e-07 -1.36683e-06 -5.53938 0 0 0 1 
			17 16
			1.3716e-06 -6.00745e-14 1 3.38056 0 -1 -6.00745e-14 5.01e-06 1 8.23984e-20 -1.3716e-06 -5.53938 0 0 0 1 
			18 17
			1.3716e-06 -1 -6.12323e-17 -7.15885 0 6.12323e-17 -1 -0.467524 1 1.3716e-06 8.39865e-23 -5.53938 0 0 0 1 
			19 18
			1 -0 0 0 0 1 0 0 -0 -0 1 -0 0 0 0 1 
			20 2
			1.37369e-06 -0.0998331 0.995004 28.4419 0 -0.995004 -0.0998331 -2.8537 1 1.3714e-07 -1.36683e-06 5.53939 0 0 0 1 
			21 20
			1.37369e-06 0.0998335 0.995004 16.029 0 -0.995004 0.0998335 0.337498 1 -1.3714e-07 -1.36683e-06 5.53939 0 0 0 1 
			22 21
			1.3716e-06 -6.00745e-14 1 3.38056 0 -1 -6.00745e-14 5.01e-06 1 8.23984e-20 -1.3716e-06 5.53939 0 0 0 1 
			23 22
			1.3716e-06 -1 -6.12323e-17 -7.15885 0 6.12323e-17 -1 -0.467524 1 1.3716e-06 8.39865e-23 5.53939 0 0 0 1 
			24 23
			1 -0 0 0 0 1 0 0 -0 -0 1 -0 0 0 0 1 
	</skeleton>
		<animations>
			33
			0
				-1
				1.33158e-06 1 0 0 -1 1.33158e-06 0 9.75445e-07 -0 -0 1 -28.5913 0 0 0 1 
				0
				1.33158e-06 1 0 0 -1 1.33158e-06 0 9.75445e-07 -0 -0 1 -28.5645 0 0 0 1 
				1
				1.33158e-06 1 0 0 -1 1.33158e-06 0 9.75445e-07 -0 -0 1 -28.5352 0 0 0 1 
				2
				1.46474e-06 1 0 0 -1 1.46474e-06 0 9.75445e-07 -0 -0 1 -28.5039 0 0 0 1 
				3
				1.33158e-06 1 0 0 -1 1.33158e-06 0 9.75445e-07 -0 -0 1 -28.4712 0 0 0 1 
				4
				1.46474e-06 1 0 0 -1 1.46474e-06 0 9.75445e-07 -0 -0 1 -28.4377 0 0 0 1 
				5
				1.33158e-06 1 0 0 -1 1.33158e-06 0 9.75445e-07 -0 -0 1 -28.404 0 0 0 1 
				6
				1.19842e-06 1 1.47717e-38 0 -1 1.19842e-06 -1.2326e-32 9.75445e-07 -1.2326e-32 -0 1 -28.3707 0 0 0 1 
				7
				1.33158e-06 1 0 0 -1 1.33158e-06 0 9.75445e-07 -0 -0 1 -28.3384 0 0 0 1 
				8
				1.46474e-06 1 0 0 -1 1.46474e-06 0 9.75445e-07 -0 -0 1 -28.3077 0 0 0 1 
				9
				1.33158e-06 1 0 0 -1 1.33158e-06 0 9.75445e-07 -0 -0 1 -28.2792 0 0 0 1 
				10
				1.33158e-06 1 0 0 -1 1.33158e-06 0 9.75445e-07 -0 -0 1 -28.2534 0 0 0 1 
				11
				1.33158e-06 1 0 0 -1 1.33158e-06 0 9.75445e-07 -0 -0 1 -28.231 0 0 0 1 
				12
				1.33158e-06 1 0 0 -1 1.33158e-06 0 9.75445e-07 -0 -0 1 -28.2125 0 0 0 1 
				13
				1.33158e-06 1 0 0 -1 1.33158e-06 0 9.75445e-07 -0 -0 1 -28.1986 0 0 0 1 
				14
				1.33158e-06 1 0 0 -1 1.33158e-06 0 9.75445e-07 -0 -0 1 -28.1898 0 0 0 1 
				15
				1.33158e-06 1 0 0 -1 1.33158e-06 0 9.75445e-07 -0 -0 1 -28.1868 0 0 0 1 
				16
				1.33158e-06 1 0 0 -1 1.33158e-06 0 9.75445e-07 -0 -0 1 -28.1898 0 0 0 1 
				17
				1.33158e-06 1 0 0 -1 1.33158e-06 0 9.75445e-07 -0 -0 1 -28.1986 0 0 0 1 
				18
				1.33158e-06 1 0 0 -1 1.33158e-06 0 9.75445e-07 -0 -0 1 -28.2125 0 0 0 1 
				19
				1.33158e-06 1 0 0 -1 1.33158e-06 0 9.75445e-07 -0 -0 1 -28.231 0 0 0 1 
				20
				1.33158e-06 1 0 0 -1 1.33158e-06 0 9.75445e-07 -0 -0 1 -28.2534 0 0 0 1 
				21
				1.33158e-06 1 0 0 -1 1.33158e-06 0 9.75445e-07 -0 -0 1 -28.2792 0 0 0 1 
				22
				1.33158e-06 1 0 0 -1 1.33158e-06 0 9.75445e-07 -0 -0 1 -28.3077 0 0 0 1 
				23
				1.33158e-06 1 0 0 -1 1.33158e-06 0 9.75445e-07 -0 -0 1 -28.3384 0 0 0 1 
				24
				1.33158e-06 1 0 0 -1 1.33158e-06 0 9.75445e-07 -0 -0 1 -28.3707 0 0 0 1 
				25
				1.33158e-06 1 0 0 -1 1.33158e-06 0 9.75445e-07 -0 -0 1 -28.404 0 0 0 1 
				26
				1.33158e-06 1 0 0 -1 1.33158e-06 0 9.75445e-07 -0 -0 1 -28.4377 0 0 0 1 
				27
				1.33158e-06 1 0 0 -1 1.33158e-06 0 9.75445e-07 -0 -0 1 -28.4712 0 0 0 1 
				28
				1.33158e-06 1 0 0 -1 1.33158e-06 0 9.75445e-07 -0 -0 1 -28.5039 0 0 0 1 
				29
				1.33158e-06 1 0 0 -1 1.33158e-06 0 9.75445e-07 -0 -0 1 -28.5352 0 0 0 1 
				30
				1.46474e-06 1 0 0 -1 1.46474e-06 0 9.75445e-07 -0 -0 1 -28.5645 0 0 0 1 
				31
				1.33158e-06 1 0 0 -1 1.33158e-06 0 9.75445e-07 -0 -0 1 -28.5913 0 0 0 1 
		</Joint>
			1
				-1
				1.33158e-06 2.66316e-06 -1 0 0 -1 -2.66316e-06 9.75445e-07 -1 3.54621e-12 -1.33158e-06 -28.5913 0 0 0 1 
				0
				1.33158e-06 2.66316e-06 -1 0 0 -1 -2.66316e-06 9.75445e-07 -1 3.54621e-12 -1.33158e-06 -28.5645 0 0 0 1 
				1
				1.33158e-06 2.66316e-06 -1 0 0 -1 -2.66316e-06 9.75445e-07 -1 3.54621e-12 -1.33158e-06 -28.5352 0 0 0 1 
				2
				1.33158e-06 2.79632e-06 -1 0 0 -1 -2.79632e-06 9.75445e-07 -1 3.72352e-12 -1.33158e-06 -28.5039 0 0 0 1 
				3
				1.33158e-06 2.66316e-06 -1 0 0 -1 -2.66316e-06 9.75445e-07 -1 3.54621e-12 -1.33158e-06 -28.4712 0 0 0 1 
				4
				1.33158e-06 2.79632e-06 -1 0 0 -1 -2.79632e-06 9.75445e-07 -1 3.72352e-12 -1.33158e-06 -28.4377 0 0 0 1 
				5
				1.33158e-06 2.66316e-06 -1 0 0 -1 -2.66316e-06 9.75445e-07 -1 3.54621e-12 -1.33158e-06 -28.404 0 0 0 1 
				6
				1.33158e-06 2.53e-06 -1 0 0 -1 -2.53e-06 9.75445e-07 -1 3.3689e-12 -1.33158e-06 -28.3707 0 0 0 1 
				7
				1.33158e-06 2.66316e-06 -1 0 0 -1 -2.66316e-06 9.75445e-07 -1 3.54621e-12 -1.33158e-06 -28.3384 0 0 0 1 
				8
				1.33158e-06 2.79632e-06 -1 0 0 -1 -2.79632e-06 9.75445e-07 -1 3.72352e-12 -1.33158e-06 -28.3077 0 0 0 1 
				9
				1.33158e-06 2.66316e-06 -1 0 0 -1 -2.66316e-06 9.75445e-07 -1 3.54621e-12 -1.33158e-06 -28.2792 0 0 0 1 
				10
				1.33158e-06 2.66316e-06 -1 0 0 -1 -2.66316e-06 9.75445e-07 -1 3.54621e-12 -1.33158e-06 -28.2534 0 0 0 1 
				11
				1.33158e-06 2.66316e-06 -1 0 0 -1 -2.66316e-06 9.75445e-07 -1 3.54621e-12 -1.33158e-06 -28.231 0 0 0 1 
				12
				1.33158e-06 2.66316e-06 -1 0 0 -1 -2.66316e-06 9.75445e-07 -1 3.54621e-12 -1.33158e-06 -28.2125 0 0 0 1 
				13
				1.33158e-06 2.66316e-06 -1 0 0 -1 -2.66316e-06 9.75445e-07 -1 3.54621e-12 -1.33158e-06 -28.1986 0 0 0 1 
				14
				1.33158e-06 2.66316e-06 -1 0 0 -1 -2.66316e-06 9.75445e-07 -1 3.54621e-12 -1.33158e-06 -28.1898 0 0 0 1 
				15
				1.33158e-06 2.66316e-06 -1 0 0 -1 -2.66316e-06 9.75445e-07 -1 3.54621e-12 -1.33158e-06 -28.1868 0 0 0 1 
				16
				1.33158e-06 2.66316e-06 -1 0 0 -1 -2.66316e-06 9.75445e-07 -1 3.54621e-12 -1.33158e-06 -28.1898 0 0 0 1 
				17
				1.33158e-06 2.66316e-06 -1 0 0 -1 -2.66316e-06 9.75445e-07 -1 3.54621e-12 -1.33158e-06 -28.1986 0 0 0 1 
				18
				1.33158e-06 2.66316e-06 -1 0 0 -1 -2.66316e-06 9.75445e-07 -1 3.54621e-12 -1.33158e-06 -28.2125 0 0 0 1 
				19
				1.33158e-06 2.66316e-06 -1 0 0 -1 -2.66316e-06 9.75445e-07 -1 3.54621e-12 -1.33158e-06 -28.231 0 0 0 1 
				20
				1.33158e-06 2.66316e-06 -1 0 0 -1 -2.66316e-06 9.75445e-07 -1 3.54621e-12 -1.33158e-06 -28.2534 0 0 0 1 
				21
				1.33158e-06 2.66316e-06 -1 0 0 -1 -2.66316e-06 9.75445e-07 -1 3.54621e-12 -1.33158e-06 -28.2792 0 0 0 1 
				22
				1.33158e-06 2.66316e-06 -1 0 0 -1 -2.66316e-06 9.75445e-07 -1 3.54621e-12 -1.33158e-06 -28.3077 0 0 0 1 
				23
				1.33158e-06 2.66316e-06 -1 0 0 -1 -2.66316e-06 9.75445e-07 -1 3.54621e-12 -1.33158e-06 -28.3384 0 0 0 1 
				24
				1.33158e-06 2.66316e-06 -1 0 0 -1 -2.66316e-06 9.75445e-07 -1 3.54621e-12 -1.33158e-06 -28.3707 0 0 0 1 
				25
				1.33158e-06 2.66316e-06 -1 0 0 -1 -2.66316e-06 9.75445e-07 -1 3.54621e-12 -1.33158e-06 -28.404 0 0 0 1 
				26
				1.33158e-06 2.66316e-06 -1 0 0 -1 -2.66316e-06 9.75445e-07 -1 3.54621e-12 -1.33158e-06 -28.4377 0 0 0 1 
				27
				1.33158e-06 2.66316e-06 -1 0 0 -1 -2.66316e-06 9.75445e-07 -1 3.54621e-12 -1.33158e-06 -28.4712 0 0 0 1 
				28
				1.33158e-06 2.66316e-06 -1 0 0 -1 -2.66316e-06 9.75445e-07 -1 3.54621e-12 -1.33158e-06 -28.5039 0 0 0 1 
				29
				1.33158e-06 2.66316e-06 -1 0 0 -1 -2.66316e-06 9.75445e-07 -1 3.54621e-12 -1.33158e-06 -28.5352 0 0 0 1 
				30
				1.33158e-06 2.79632e-06 -1 0 0 -1 -2.79632e-06 9.75445e-07 -1 3.72352e-12 -1.33158e-06 -28.5645 0 0 0 1 
				31
				1.33158e-06 2.66316e-06 -1 0 0 -1 -2.66316e-06 9.75445e-07 -1 3.54621e-12 -1.33158e-06 -28.5913 0 0 0 1 
		</Joint>
			2
				-1
				-0.000201565 -1.28234e-06 -1 5.23894e-06 -0.0008487 -1 1.45341e-06 0.00680798 -1 0.0008487 0.000201564 -32.376 0 0 0 1 
				0
				-0.000201553 -1.18792e-07 -1 5.23104e-06 -0.00662136 -0.999978 1.45334e-06 0.00680785 -0.999978 0.00662136 0.000201548 -32.3492 0 0 0 1 
				1
				-0.000201532 1.15671e-06 -1 5.22227e-06 -0.0129497 -0.999916 1.45317e-06 0.00680745 -0.999916 0.0129497 0.00020153 -32.3199 0 0 0 1 
				2
				-0.000201498 2.65105e-06 -1 5.21212e-06 -0.0197036 -0.999806 1.31971e-06 0.00680671 -0.999806 0.0197036 0.000201512 -32.2887 0 0 0 1 
				3
				-0.000201459 3.93857e-06 -1 5.20333e-06 -0.0267527 -0.999642 1.45241e-06 0.00680562 -0.999642 0.0267527 0.000201492 -32.256 0 0 0 1 
				4
				-0.000201401 5.52629e-06 -1 5.19265e-06 -0.0339709 -0.999423 1.31865e-06 0.00680415 -0.999423 0.0339709 0.000201472 -32.2226 0 0 0 1 
				5
				-0.00020134 6.85642e-06 -1 5.18349e-06 -0.0412318 -0.99915 1.45105e-06 0.00680232 -0.99915 0.0412318 0.000201452 -32.189 0 0 0 1 
				6
				-0.000201273 8.16896e-06 -1 5.17447e-06 -0.0484055 -0.998828 1.58332e-06 0.00680014 -0.998828 0.0484055 0.000201432 -32.1557 0 0 0 1 
				7
				-0.000201184 9.70366e-06 -1 5.16413e-06 -0.0553619 -0.998466 1.44916e-06 0.00679771 -0.998466 0.0553619 0.000201413 -32.1235 0 0 0 1 
				8
				-0.000201089 1.11691e-05 -1 5.1542e-06 -0.0619754 -0.998078 1.31492e-06 0.00679505 -0.998078 0.0619754 0.000201394 -32.0928 0 0 0 1 
				9
				-0.000201008 1.22743e-05 -1 5.14647e-06 -0.0681206 -0.997677 1.44697e-06 0.00679231 -0.997677 0.0681206 0.000201377 -32.0643 0 0 0 1 
				10
				-0.000200921 1.33921e-05 -1 5.13893e-06 -0.0736683 -0.997283 1.44587e-06 0.00678962 -0.997283 0.0736683 0.000201362 -32.0386 0 0 0 1 
				11
				-0.000200841 1.43634e-05 -1 5.13234e-06 -0.0784896 -0.996915 1.44485e-06 0.00678713 -0.996915 0.0784896 0.000201349 -32.0162 0 0 0 1 
				12
				-0.000200771 1.51632e-05 -1 5.12685e-06 -0.0824597 -0.996594 1.44397e-06 0.00678501 -0.996594 0.0824597 0.000201338 -31.9978 0 0 0 1 
				13
				-0.000200716 1.57664e-05 -1 5.1228e-06 -0.0854542 -0.996342 1.44326e-06 0.00678331 -0.996342 0.0854542 0.000201329 -31.9839 0 0 0 1 
				14
				-0.000200681 1.61472e-05 -1 5.12018e-06 -0.0873443 -0.996178 1.44281e-06 0.00678216 -0.996178 0.0873443 0.000201324 -31.9751 0 0 0 1 
				15
				-0.000200668 1.62795e-05 -1 5.11927e-06 -0.0880012 -0.99612 1.44265e-06 0.00678177 -0.99612 0.0880012 0.000201322 -31.972 0 0 0 1 
				16
				-0.000200681 1.61472e-05 -1 5.12006e-06 -0.0873443 -0.996178 1.44281e-06 0.00678216 -0.996178 0.0873443 0.000201324 -31.9751 0 0 0 1 
				17
				-0.000200716 1.57664e-05 -1 5.12274e-06 -0.0854542 -0.996342 1.44327e-06 0.00678331 -0.996342 0.0854542 0.000201329 -31.9839 0 0 0 1 
				18
				-0.000200771 1.51632e-05 -1 5.12685e-06 -0.0824597 -0.996594 1.44397e-06 0.00678501 -0.996594 0.0824597 0.000201338 -31.9978 0 0 0 1 
				19
				-0.000200841 1.43634e-05 -1 5.13234e-06 -0.0784896 -0.996915 1.44485e-06 0.00678713 -0.996915 0.0784896 0.000201349 -32.0162 0 0 0 1 
				20
				-0.000200921 1.33921e-05 -1 5.13893e-06 -0.0736683 -0.997283 1.44588e-06 0.00678961 -0.997283 0.0736683 0.000201362 -32.0386 0 0 0 1 
				21
				-0.000201008 1.22743e-05 -1 5.14648e-06 -0.0681206 -0.997677 1.44697e-06 0.00679228 -0.997677 0.0681206 0.000201377 -32.0643 0 0 0 1 
				22
				-0.000201097 1.10362e-05 -1 5.15496e-06 -0.0619754 -0.998078 1.44808e-06 0.00679505 -0.998078 0.0619754 0.000201394 -32.0928 0 0 0 1 
				23
				-0.000201184 9.70366e-06 -1 5.16413e-06 -0.0553619 -0.998466 1.44916e-06 0.00679771 -0.998466 0.0553619 0.000201413 -32.1235 0 0 0 1 
				24
				-0.000201266 8.30196e-06 -1 5.17366e-06 -0.0484055 -0.998828 1.45016e-06 0.00680014 -0.998828 0.0484055 0.000201432 -32.1557 0 0 0 1 
				25
				-0.00020134 6.85641e-06 -1 5.18342e-06 -0.0412318 -0.99915 1.45105e-06 0.00680232 -0.99915 0.0412318 0.000201452 -32.189 0 0 0 1 
				26
				-0.000201405 5.39321e-06 -1 5.19349e-06 -0.0339709 -0.999423 1.45181e-06 0.00680415 -0.999423 0.0339709 0.000201472 -32.2226 0 0 0 1 
				27
				-0.000201459 3.93857e-06 -1 5.20333e-06 -0.0267527 -0.999642 1.45241e-06 0.00680562 -0.999642 0.0267527 0.000201492 -32.256 0 0 0 1 
				28
				-0.000201501 2.51792e-06 -1 5.21308e-06 -0.0197036 -0.999806 1.45287e-06 0.00680671 -0.999806 0.0197036 0.000201512 -32.2887 0 0 0 1 
				29
				-0.000201532 1.15671e-06 -1 5.22228e-06 -0.0129497 -0.999916 1.45317e-06 0.00680745 -0.999916 0.0129497 0.00020153 -32.3199 0 0 0 1 
				30
				-0.000201552 1.4363e-08 -1 5.23008e-06 -0.00662136 -0.999978 1.32019e-06 0.00680785 -0.999978 0.00662136 0.000201548 -32.3492 0 0 0 1 
				31
				-0.000201565 -1.28234e-06 -1 5.23894e-06 -0.0008487 -1 1.45341e-06 0.00680798 -1 0.0008487 0.000201564 -32.376 0 0 0 1 
		</Joint>
			3
				-1
				-0.000413965 -1.06196e-06 -1 -0.0017195 -0.000821564 -1 1.40205e-06 0.00635939 -1 0.000821565 0.000413964 -40.9326 0 0 0 1 
				0
				-0.000413929 2.49135e-06 -1 -0.00171943 -0.0123667 -0.999923 2.62776e-06 -0.043036 -0.999923 0.0123667 0.000413928 -40.9058 0 0 0 1 
				1
				-0.000413851 6.38583e-06 -1 -0.00171928 -0.0250218 -0.999687 3.97146e-06 -0.0971877 -0.999687 0.0250218 0.000413882 -40.8761 0 0 0 1 
				2
				-0.000413718 1.06745e-05 -1 -0.00171903 -0.0385244 -0.999258 5.27163e-06 -0.154982 -0.999258 0.0385244 0.000413822 -40.8439 0 0 0 1 
				3
				-0.00041354 1.48774e-05 -1 -0.00171873 -0.0526117 -0.998615 6.9003e-06 -0.215304 -0.998615 0.0526117 0.00041375 -40.81 0 0 0 1 
				4
				-0.000413291 1.94482e-05 -1 -0.00171827 -0.0670287 -0.997751 8.29793e-06 -0.277075 -0.997751 0.0670287 0.000413665 -40.7748 0 0 0 1 
				5
				-0.000413005 2.37772e-05 -1 -0.0017178 -0.0815206 -0.996672 9.97039e-06 -0.339213 -0.996672 0.0815206 0.000413569 -40.7389 0 0 0 1 
				6
				-0.000412674 2.80501e-05 -1 -0.00171725 -0.0958258 -0.995398 1.16238e-05 -0.400607 -0.995398 0.0958258 0.000413462 -40.703 0 0 0 1 
				7
				-0.000412277 3.24515e-05 -1 -0.00171654 -0.109684 -0.993967 1.29643e-05 -0.460143 -0.993966 0.109684 0.000413349 -40.6678 0 0 0 1 
				8
				-0.00041185 3.66391e-05 -1 -0.00171576 -0.122843 -0.992426 1.42314e-05 -0.516745 -0.992426 0.122843 0.000413231 -40.6339 0 0 0 1 
				9
				-0.000411444 4.02717e-05 -1 -0.0017151 -0.135057 -0.990838 1.56657e-05 -0.569341 -0.990838 0.135057 0.000413114 -40.602 0 0 0 1 
				10
				-0.000411031 4.36678e-05 -1 -0.00171439 -0.14607 -0.989274 1.68398e-05 -0.616824 -0.989274 0.14607 0.000413001 -40.573 0 0 0 1 
				11
				-0.000410646 4.66168e-05 -1 -0.00171373 -0.15563 -0.987815 1.78599e-05 -0.65809 -0.987815 0.15563 0.000412897 -40.5475 0 0 0 1 
				12
				-0.000410311 4.90435e-05 -1 -0.00171315 -0.163494 -0.986544 1.86997e-05 -0.692072 -0.986544 0.163494 0.000412808 -40.5264 0 0 0 1 
				13
				-0.000410048 5.08728e-05 -1 -0.0017127 -0.16942 -0.985544 1.9333e-05 -0.717704 -0.985544 0.16942 0.000412739 -40.5104 0 0 0 1 
				14
				-0.000409877 5.20269e-05 -1 -0.00171241 -0.173158 -0.984894 1.97327e-05 -0.733883 -0.984894 0.173158 0.000412694 -40.5002 0 0 0 1 
				15
				-0.000409817 5.24279e-05 -1 -0.0017123 -0.174457 -0.984665 1.98716e-05 -0.739505 -0.984665 0.174457 0.000412678 -40.4967 0 0 0 1 
				16
				-0.000409877 5.20269e-05 -1 -0.00171241 -0.173158 -0.984894 1.97327e-05 -0.733882 -0.984894 0.173158 0.000412694 -40.5002 0 0 0 1 
				17
				-0.000410048 5.08728e-05 -1 -0.0017127 -0.16942 -0.985544 1.9333e-05 -0.717704 -0.985544 0.16942 0.000412739 -40.5104 0 0 0 1 
				18
				-0.000410311 4.90435e-05 -1 -0.00171315 -0.163494 -0.986544 1.86997e-05 -0.692072 -0.986544 0.163494 0.000412808 -40.5264 0 0 0 1 
				19
				-0.000410646 4.66168e-05 -1 -0.00171373 -0.15563 -0.987815 1.78599e-05 -0.65809 -0.987815 0.15563 0.000412897 -40.5475 0 0 0 1 
				20
				-0.000411031 4.36678e-05 -1 -0.00171439 -0.14607 -0.989274 1.68398e-05 -0.616824 -0.989274 0.14607 0.000413001 -40.573 0 0 0 1 
				21
				-0.000411444 4.02717e-05 -1 -0.0017151 -0.135057 -0.990838 1.56657e-05 -0.569342 -0.990838 0.135057 0.000413114 -40.602 0 0 0 1 
				22
				-0.000411866 3.65067e-05 -1 -0.00171583 -0.122843 -0.992426 1.43648e-05 -0.516745 -0.992426 0.122843 0.000413231 -40.6339 0 0 0 1 
				23
				-0.000412277 3.24515e-05 -1 -0.00171654 -0.109684 -0.993967 1.29643e-05 -0.460143 -0.993966 0.109684 0.000413349 -40.6678 0 0 0 1 
				24
				-0.000412661 2.81826e-05 -1 -0.0017172 -0.0958258 -0.995398 1.14906e-05 -0.400607 -0.995398 0.0958258 0.000413462 -40.703 0 0 0 1 
				25
				-0.000413005 2.37772e-05 -1 -0.0017178 -0.0815207 -0.996672 9.97039e-06 -0.339213 -0.996672 0.0815207 0.000413569 -40.7389 0 0 0 1 
				26
				-0.0004133 1.93153e-05 -1 -0.00171831 -0.0670287 -0.997751 8.43109e-06 -0.277075 -0.997751 0.0670287 0.000413665 -40.7748 0 0 0 1 
				27
				-0.00041354 1.48774e-05 -1 -0.00171873 -0.0526117 -0.998615 6.9003e-06 -0.215304 -0.998615 0.0526117 0.00041375 -40.81 0 0 0 1 
				28
				-0.000413723 1.05415e-05 -1 -0.00171905 -0.0385244 -0.999258 5.40482e-06 -0.154982 -0.999258 0.0385244 0.000413822 -40.8439 0 0 0 1 
				29
				-0.000413851 6.38583e-06 -1 -0.00171928 -0.0250218 -0.999687 3.97146e-06 -0.0971877 -0.999687 0.0250218 0.000413882 -40.8761 0 0 0 1 
				30
				-0.000413927 2.6245e-06 -1 -0.00171942 -0.0123667 -0.999923 2.49461e-06 -0.043036 -0.999923 0.0123667 0.000413928 -40.9058 0 0 0 1 
				31
				-0.000413965 -1.06196e-06 -1 -0.0017195 -0.000821564 -1 1.40205e-06 0.00635939 -1 0.000821565 0.000413964 -40.9326 0 0 0 1 
		</Joint>
			4
				-1
				-0.000413965 -1.06196e-06 -1 -0.00526165 -0.000821564 -1 1.40205e-06 0.00194595 -1 0.000821565 0.000413964 -49.4893 0 0 0 1 
				0
				-0.000413929 2.49135e-06 -1 -0.00526129 -0.0123667 -0.999923 2.62776e-06 -0.146237 -0.999923 0.0123667 0.000413928 -49.4618 0 0 0 1 
				1
				-0.000413851 6.38583e-06 -1 -0.00526049 -0.0250218 -0.999687 3.97146e-06 -0.308675 -0.999687 0.0250218 0.000413882 -49.4301 0 0 0 1 
				2
				-0.000413718 1.06745e-05 -1 -0.00525911 -0.0385244 -0.999258 5.27163e-06 -0.482008 -0.999258 0.0385244 0.000413822 -49.3943 0 0 0 1 
				3
				-0.00041354 1.48774e-05 -1 -0.0052573 -0.0526117 -0.998615 6.9003e-06 -0.662872 -0.998615 0.0526117 0.00041375 -49.3549 0 0 0 1 
				4
				-0.000413291 1.94482e-05 -1 -0.00525472 -0.0670287 -0.997751 8.29793e-06 -0.848006 -0.997751 0.0670287 0.000413665 -49.3124 0 0 0 1 
				5
				-0.000413005 2.37772e-05 -1 -0.00525181 -0.0815207 -0.996672 9.97039e-06 -1.03415 -0.996672 0.0815207 0.000413569 -49.2673 0 0 0 1 
				6
				-0.000412674 2.80501e-05 -1 -0.00524844 -0.0958258 -0.995398 1.16238e-05 -1.21795 -0.995398 0.0958258 0.000413462 -49.2206 0 0 0 1 
				7
				-0.000412277 3.24515e-05 -1 -0.00524434 -0.109684 -0.993967 1.29643e-05 -1.39607 -0.993966 0.109684 0.000413349 -49.1731 0 0 0 1 
				8
				-0.00041185 3.66391e-05 -1 -0.00523992 -0.122843 -0.992426 1.42314e-05 -1.56528 -0.992426 0.122843 0.000413231 -49.1261 0 0 0 1 
				9
				-0.000411444 4.02717e-05 -1 -0.0052358 -0.135057 -0.990838 1.56657e-05 -1.72239 -0.990838 0.135057 0.000413114 -49.0806 0 0 0 1 
				10
				-0.000411031 4.36678e-05 -1 -0.00523156 -0.14607 -0.989274 1.68398e-05 -1.86411 -0.989274 0.14607 0.000413001 -49.0382 0 0 0 1 
				11
				-0.000410646 4.66168e-05 -1 -0.00522761 -0.15563 -0.987815 1.78599e-05 -1.98718 -0.987815 0.15563 0.000412897 -49.0003 0 0 0 1 
				12
				-0.000410311 4.90435e-05 -1 -0.00522418 -0.163494 -0.986544 1.86997e-05 -2.08845 -0.986544 0.163494 0.000412808 -48.9683 0 0 0 1 
				13
				-0.000410048 5.08727e-05 -1 -0.00522148 -0.16942 -0.985544 1.9333e-05 -2.1648 -0.985544 0.16942 0.000412739 -48.9438 0 0 0 1 
				14
				-0.000409877 5.20269e-05 -1 -0.00521973 -0.173158 -0.984894 1.97327e-05 -2.21296 -0.984894 0.173158 0.000412694 -48.9281 0 0 0 1 
				15
				-0.000409817 5.24279e-05 -1 -0.00521911 -0.174457 -0.984665 1.98716e-05 -2.2297 -0.984665 0.174457 0.000412678 -48.9226 0 0 0 1 
				16
				-0.000409877 5.20269e-05 -1 -0.00521973 -0.173158 -0.984894 1.97327e-05 -2.21296 -0.984894 0.173158 0.000412694 -48.9281 0 0 0 1 
				17
				-0.000410048 5.08728e-05 -1 -0.00522148 -0.16942 -0.985544 1.9333e-05 -2.1648 -0.985544 0.16942 0.000412739 -48.9438 0 0 0 1 
				18
				-0.000410311 4.90435e-05 -1 -0.00522418 -0.163494 -0.986544 1.86997e-05 -2.08845 -0.986544 0.163494 0.000412808 -48.9683 0 0 0 1 
				19
				-0.000410646 4.66168e-05 -1 -0.00522761 -0.15563 -0.987815 1.78599e-05 -1.98718 -0.987815 0.15563 0.000412897 -49.0003 0 0 0 1 
				20
				-0.000411031 4.36678e-05 -1 -0.00523156 -0.14607 -0.989274 1.68398e-05 -1.86411 -0.989274 0.14607 0.000413001 -49.0383 0 0 0 1 
				21
				-0.000411444 4.02717e-05 -1 -0.0052358 -0.135057 -0.990838 1.56657e-05 -1.72239 -0.990838 0.135057 0.000413114 -49.0806 0 0 0 1 
				22
				-0.000411866 3.65067e-05 -1 -0.00524013 -0.122843 -0.992426 1.43648e-05 -1.56528 -0.992426 0.122843 0.000413231 -49.1261 0 0 0 1 
				23
				-0.000412277 3.24515e-05 -1 -0.00524434 -0.109684 -0.993967 1.29643e-05 -1.39607 -0.993966 0.109684 0.000413349 -49.1731 0 0 0 1 
				24
				-0.000412661 2.81826e-05 -1 -0.00524828 -0.0958258 -0.995398 1.14906e-05 -1.21795 -0.995398 0.0958258 0.000413462 -49.2205 0 0 0 1 
				25
				-0.000413005 2.37772e-05 -1 -0.00525181 -0.0815207 -0.996672 9.97038e-06 -1.03415 -0.996672 0.0815207 0.000413569 -49.2673 0 0 0 1 
				26
				-0.0004133 1.93153e-05 -1 -0.00525484 -0.0670287 -0.997751 8.43109e-06 -0.848006 -0.997751 0.0670287 0.000413665 -49.3124 0 0 0 1 
				27
				-0.00041354 1.48774e-05 -1 -0.0052573 -0.0526117 -0.998615 6.9003e-06 -0.662872 -0.998615 0.0526117 0.00041375 -49.3549 0 0 0 1 
				28
				-0.000413723 1.05415e-05 -1 -0.00525918 -0.0385244 -0.999258 5.40482e-06 -0.482008 -0.999258 0.0385244 0.000413822 -49.3943 0 0 0 1 
				29
				-0.000413851 6.38583e-06 -1 -0.00526049 -0.0250218 -0.999687 3.97146e-06 -0.308675 -0.999687 0.0250218 0.000413882 -49.4301 0 0 0 1 
				30
				-0.000413927 2.6245e-06 -1 -0.00526127 -0.0123667 -0.999923 2.49461e-06 -0.146237 -0.999923 0.0123667 0.000413928 -49.4618 0 0 0 1 
				31
				-0.000413965 -1.06196e-06 -1 -0.00526165 -0.000821564 -1 1.40205e-06 0.00194595 -1 0.000821565 0.000413964 -49.4893 0 0 0 1 
		</Joint>
			5
				-1
				2.15714e-06 4.11459e-06 -1 -0.00662186 2.70187e-07 -1 -4.11459e-06 -0.000753557 -1 -2.70178e-07 -2.15714e-06 -52.7751 0 0 0 1 
				0
				2.15717e-06 0.000988091 -0.999999 -0.00662138 2.69706e-07 -0.999999 -0.000988091 -0.186872 -1 -2.67575e-07 -2.15744e-06 -52.7474 0 0 0 1 
				1
				2.15722e-06 -1.55682e-06 -1 -0.00662033 2.69184e-07 -1 1.55682e-06 -0.390892 -1 -2.69187e-07 -2.15722e-06 -52.7149 0 0 0 1 
				2
				2.15712e-06 -0.0010624 -0.999999 -0.00661851 2.75531e-07 -0.999999 0.0010624 -0.608592 -1 -2.77822e-07 -2.15682e-06 -52.6777 0 0 0 1 
				3
				2.1571e-06 0.00572573 -0.999983 -0.00661611 2.64968e-07 -0.999984 -0.00572573 -0.835744 -1 -2.52613e-07 -2.15858e-06 -52.6362 0 0 0 1 
				4
				2.15716e-06 3.84016e-06 -1 -0.00661272 2.50392e-07 -1 -3.84016e-06 -1.06825 -1 -2.50383e-07 -2.15716e-06 -52.5908 0 0 0 1 
				5
				2.15713e-06 -1.55682e-06 -1 -0.00660887 2.68748e-07 -1 1.55683e-06 -1.30201 -1 -2.68751e-07 -2.15713e-06 -52.5422 0 0 0 1 
				6
				2.15711e-06 1.00141e-05 -1 -0.00660441 2.7941e-07 -1 -1.00141e-05 -1.53282 -1 -2.79389e-07 -2.15711e-06 -52.4912 0 0 0 1 
				7
				2.1572e-06 -1.55686e-06 -1 -0.00659901 2.68455e-07 -1 1.55686e-06 -1.75647 -1 -2.68459e-07 -2.1572e-06 -52.4391 0 0 0 1 
				8
				2.15713e-06 -0.0132486 -0.999912 -0.00659318 2.57206e-07 -0.999912 0.0132486 -1.96892 -1 -2.85762e-07 -2.15354e-06 -52.387 0 0 0 1 
				9
				2.15724e-06 -1.55678e-06 -1 -0.00658774 2.3106e-07 -1 1.55678e-06 -2.16616 -1 -2.31063e-07 -2.15724e-06 -52.3364 0 0 0 1 
				10
				2.15715e-06 -0.0157835 -0.999875 -0.00658213 2.15105e-07 -0.999875 0.0157835 -2.34407 -1 -2.49125e-07 -2.15349e-06 -52.2888 0 0 0 1 
				11
				2.15711e-06 -1.55682e-06 -1 -0.00657692 2.48865e-07 -1 1.55682e-06 -2.49855 -1 -2.48869e-07 -2.15711e-06 -52.2461 0 0 0 1 
				12
				2.15717e-06 3.64934e-06 -1 -0.00657238 2.48079e-07 -1 -3.64934e-06 -2.62566 -1 -2.48071e-07 -2.15717e-06 -52.21 0 0 0 1 
				13
				2.15724e-06 0.0181774 -0.999835 -0.00656882 2.84444e-07 -0.999835 -0.0181774 -2.72148 -1 -2.45184e-07 -2.16205e-06 -52.1821 0 0 0 1 
				14
				2.15701e-06 -0.00949934 -0.999955 -0.00656651 2.23625e-07 -0.999955 0.00949934 -2.78193 -1 -2.44105e-07 -2.15478e-06 -52.1642 0 0 0 1 
				15
				2.15717e-06 -4.40142e-06 -1 -0.00656569 2.71872e-07 -1 4.40142e-06 -2.80293 -1 -2.71882e-07 -2.15717e-06 -52.158 0 0 0 1 
				16
				2.15708e-06 -0.000185982 -1 -0.00656651 2.50435e-07 -1 0.000185982 -2.78193 -1 -2.50837e-07 -2.15703e-06 -52.1642 0 0 0 1 
				17
				2.1572e-06 0.0181777 -0.999835 -0.00656882 2.84444e-07 -0.999835 -0.0181777 -2.72148 -1 -2.45184e-07 -2.16202e-06 -52.1821 0 0 0 1 
				18
				2.15719e-06 3.81912e-06 -1 -0.00657239 2.56402e-07 -1 -3.81912e-06 -2.62566 -1 -2.56393e-07 -2.15719e-06 -52.21 0 0 0 1 
				19
				2.15711e-06 -1.55682e-06 -1 -0.00657692 2.48865e-07 -1 1.55682e-06 -2.49855 -1 -2.48869e-07 -2.15711e-06 -52.2461 0 0 0 1 
				20
				2.15714e-06 -0.0157965 -0.999875 -0.00658213 2.06782e-07 -0.999875 0.0157965 -2.34407 -1 -2.40832e-07 -2.15361e-06 -52.2888 0 0 0 1 
				21
				2.15724e-06 -1.55683e-06 -1 -0.00658773 2.22738e-07 -1 1.55683e-06 -2.16616 -1 -2.22741e-07 -2.15724e-06 -52.3364 0 0 0 1 
				22
				2.1571e-06 -0.0132787 -0.999912 -0.00659344 2.40561e-07 -0.999912 0.0132787 -1.96892 -1 -2.69183e-07 -2.15371e-06 -52.387 0 0 0 1 
				23
				2.1572e-06 -1.55683e-06 -1 -0.00659901 2.68455e-07 -1 1.55683e-06 -1.75647 -1 -2.68459e-07 -2.1572e-06 -52.4391 0 0 0 1 
				24
				2.15709e-06 1.01474e-05 -1 -0.0066042 2.79411e-07 -1 -1.01474e-05 -1.53282 -1 -2.79389e-07 -2.15709e-06 -52.4912 0 0 0 1 
				25
				2.15716e-06 -1.55685e-06 -1 -0.00660887 2.64587e-07 -1 1.55685e-06 -1.30201 -1 -2.6459e-07 -2.15716e-06 -52.5422 0 0 0 1 
				26
				2.15718e-06 -0.0036403 -0.999993 -0.00661286 2.52647e-07 -0.999994 0.00364029 -1.06825 -1 -2.60498e-07 -2.15625e-06 -52.5908 0 0 0 1 
				27
				2.1571e-06 0.00572573 -0.999983 -0.00661611 2.64968e-07 -0.999984 -0.00572573 -0.835744 -1 -2.52613e-07 -2.15858e-06 -52.6362 0 0 0 1 
				28
				2.15716e-06 4.17954e-06 -1 -0.0066186 2.73474e-07 -1 -4.17954e-06 -0.608592 -1 -2.73465e-07 -2.15716e-06 -52.6777 0 0 0 1 
				29
				2.15719e-06 -1.55684e-06 -1 -0.00662033 2.70457e-07 -1 1.55684e-06 -0.390892 -1 -2.7046e-07 -2.15718e-06 -52.7149 0 0 0 1 
				30
				2.15717e-06 0.000988224 -0.999999 -0.00662136 2.69707e-07 -0.999999 -0.000988224 -0.186872 -1 -2.67575e-07 -2.15744e-06 -52.7474 0 0 0 1 
				31
				2.15714e-06 4.11459e-06 -1 -0.00662186 2.70187e-07 -1 -4.11459e-06 -0.000753557 -1 -2.70178e-07 -2.15714e-06 -52.7751 0 0 0 1 
		</Joint>
			6
		</Joint>
			7
				-1
				0.950441 -1.39562e-06 -0.310905 1.76195 9.18992e-06 1 2.36048e-05 -0.000668034 0.310905 -2.52922e-05 0.950441 -49.49 0 0 0 1 
				0
				0.950441 -4.94778e-06 -0.310905 1.76195 0.00360202 0.999933 0.0109955 -0.148853 0.310884 -0.0115705 0.950377 -49.4625 0 0 0 1 
				1
				0.950441 -8.84349e-06 -0.310905 1.76195 0.00754031 0.999707 0.0230224 -0.311292 0.310814 -0.0242257 0.950162 -49.4308 0 0 0 1 
				2
				0.950441 -1.31295e-05 -0.310905 1.76195 0.0117425 0.999288 0.0358549 -0.484627 0.310683 -0.0377287 0.949764 -49.395 0 0 0 1 
				3
				0.950441 -1.73354e-05 -0.310905 1.76195 0.0161265 0.998657 0.0492432 -0.665492 0.310487 -0.0518165 0.949164 -49.3555 0 0 0 1 
				4
				0.950441 -2.19068e-05 -0.310906 1.76196 0.0206134 0.997804 0.0629449 -0.850626 0.310222 -0.0662342 0.948354 -49.3129 0 0 0 1 
				5
				0.950441 -2.62355e-05 -0.310906 1.76196 0.0251234 0.996736 0.0767181 -1.03677 0.309889 -0.080727 0.947339 -49.2678 0 0 0 1 
				6
				0.950441 -3.05101e-05 -0.310906 1.76196 0.0295753 0.995474 0.0903139 -1.22057 0.309496 -0.0950331 0.94614 -49.221 0 0 0 1 
				7
				0.95044 -3.49104e-05 -0.310907 1.76197 0.0338882 0.994054 0.103485 -1.39869 0.309054 -0.108892 0.94479 -49.1735 0 0 0 1 
				8
				0.95044 -3.90925e-05 -0.310907 1.76197 0.0379841 0.992524 0.115992 -1.5679 0.308578 -0.122053 0.943336 -49.1265 0 0 0 1 
				9
				0.95044 -4.27313e-05 -0.310907 1.76197 0.0417852 0.990945 0.127601 -1.725 0.308087 -0.134268 0.941836 -49.081 0 0 0 1 
				10
				0.95044 -4.61289e-05 -0.310908 1.76198 0.0452127 0.98939 0.138068 -1.86672 0.307603 -0.145282 0.940358 -49.0386 0 0 0 1 
				11
				0.95044 -4.9077e-05 -0.310908 1.76198 0.0481881 0.987939 0.147154 -1.98979 0.307151 -0.154843 0.938979 -49.0007 0 0 0 1 
				12
				0.95044 -5.15052e-05 -0.310909 1.76199 0.0506357 0.986674 0.154629 -2.09106 0.306757 -0.162708 0.937777 -48.9686 0 0 0 1 
				13
				0.95044 -5.33334e-05 -0.310909 1.76199 0.0524801 0.985679 0.160261 -2.1674 0.306447 -0.168635 0.936831 -48.9441 0 0 0 1 
				14
				0.95044 -5.44838e-05 -0.310909 1.76199 0.0536437 0.985032 0.163815 -2.21557 0.306246 -0.172374 0.936216 -48.9283 0 0 0 1 
				15
				0.95044 -5.48881e-05 -0.310909 1.76199 0.0540479 0.984803 0.165049 -2.23231 0.306175 -0.173673 0.935999 -48.9228 0 0 0 1 
				16
				0.95044 -5.44831e-05 -0.310909 1.76199 0.0536437 0.985032 0.163815 -2.21557 0.306246 -0.172374 0.936216 -48.9283 0 0 0 1 
				17
				0.95044 -5.33334e-05 -0.310909 1.76199 0.0524801 0.985679 0.160261 -2.1674 0.306447 -0.168635 0.936831 -48.9441 0 0 0 1 
				18
				0.95044 -5.15052e-05 -0.310909 1.76199 0.0506357 0.986674 0.154629 -2.09106 0.306757 -0.162708 0.937777 -48.9686 0 0 0 1 
				19
				0.95044 -4.9077e-05 -0.310908 1.76198 0.0481881 0.987939 0.147154 -1.98979 0.307151 -0.154843 0.938979 -49.0007 0 0 0 1 
				20
				0.95044 -4.61289e-05 -0.310908 1.76198 0.0452127 0.98939 0.138068 -1.86672 0.307603 -0.145282 0.940358 -49.0386 0 0 0 1 
				21
				0.95044 -4.27313e-05 -0.310907 1.76197 0.0417852 0.990945 0.127601 -1.725 0.308087 -0.134268 0.941836 -49.081 0 0 0 1 
				22
				0.95044 -3.89679e-05 -0.310907 1.76197 0.0379839 0.992524 0.115992 -1.5679 0.308578 -0.122053 0.943336 -49.1265 0 0 0 1 
				23
				0.95044 -3.49104e-05 -0.310907 1.76197 0.0338882 0.994054 0.103485 -1.39869 0.309054 -0.108892 0.94479 -49.1735 0 0 0 1 
				24
				0.950441 -3.06426e-05 -0.310906 1.76196 0.0295754 0.995474 0.0903139 -1.22057 0.309496 -0.0950332 0.94614 -49.221 0 0 0 1 
				25
				0.950441 -2.62355e-05 -0.310906 1.76196 0.0251234 0.996736 0.0767181 -1.03677 0.309889 -0.080727 0.947339 -49.2678 0 0 0 1 
				26
				0.950441 -2.17739e-05 -0.310906 1.76196 0.0206132 0.997804 0.0629449 -0.850626 0.310222 -0.0662342 0.948354 -49.3129 0 0 0 1 
				27
				0.950441 -1.73354e-05 -0.310905 1.76195 0.0161265 0.998657 0.0492432 -0.665492 0.310487 -0.0518165 0.949164 -49.3555 0 0 0 1 
				28
				0.950441 -1.29995e-05 -0.310905 1.76195 0.0117424 0.999288 0.0358549 -0.484627 0.310683 -0.0377287 0.949764 -49.395 0 0 0 1 
				29
				0.950441 -8.84349e-06 -0.310905 1.76195 0.00754031 0.999707 0.0230224 -0.311293 0.310814 -0.0242257 0.950162 -49.4308 0 0 0 1 
				30
				0.950441 -5.08093e-06 -0.310905 1.76195 0.00360214 0.999933 0.0109955 -0.148853 0.310884 -0.0115705 0.950377 -49.4625 0 0 0 1 
				31
				0.950441 -1.39562e-06 -0.310905 1.76195 9.18992e-06 1 2.36048e-05 -0.000668034 0.310905 -2.52922e-05 0.950441 -49.49 0 0 0 1 
		</Joint>
			8
				-1
				0.103926 -0.0173927 -0.994433 8.73236 0.0607862 0.998089 -0.011104 -0.000600637 0.992726 -0.0592938 0.104785 -47.2099 0 0 0 1 
				0
				0.10966 -0.0174509 -0.993816 8.73236 0.0617694 0.998033 -0.0107092 -0.122436 0.992048 -0.060213 0.110522 -47.1825 0 0 0 1 
				1
				0.11594 -0.0175212 -0.993102 8.73236 0.0628432 0.997971 -0.0102704 -0.255993 0.991266 -0.0612189 0.116806 -47.1513 0 0 0 1 
				2
				0.122638 -0.0176032 -0.992295 8.73236 0.0639862 0.997903 -0.00979464 -0.398508 0.990387 -0.062292 0.123507 -47.1165 0 0 0 1 
				3
				0.129624 -0.0176961 -0.991405 8.73236 0.0651767 0.997831 -0.0092891 -0.547222 0.989419 -0.0634124 0.130496 -47.0785 0 0 0 1 
				4
				0.136772 -0.0178001 -0.990443 8.73237 0.066392 0.997755 -0.00876328 -0.69945 0.988375 -0.0645589 0.137647 -47.0378 0 0 0 1 
				5
				0.143958 -0.0179125 -0.989422 8.73237 0.0676107 0.997678 -0.00822486 -0.852519 0.987272 -0.0657115 0.144834 -46.9951 0 0 0 1 
				6
				0.151051 -0.018032 -0.988362 8.73237 0.0688112 0.997601 -0.0076842 -1.00367 0.986128 -0.0668496 0.151929 -46.9512 0 0 0 1 
				7
				0.157923 -0.0181557 -0.987284 8.73238 0.0699714 0.997523 -0.00715155 -1.15015 0.984969 -0.0679523 0.158803 -46.907 0 0 0 1 
				8
				0.164452 -0.018281 -0.986215 8.73238 0.0710712 0.997449 -0.00663801 -1.28933 0.983822 -0.0689998 0.165332 -46.8634 0 0 0 1 
				9
				0.170516 -0.018403 -0.985183 8.73238 0.0720914 0.997379 -0.00615321 -1.41855 0.982714 -0.069974 0.171396 -46.8216 0 0 0 1 
				10
				0.175986 -0.0185186 -0.984219 8.73239 0.0730101 0.997315 -0.00571025 -1.53514 0.981682 -0.070853 0.176866 -46.7827 0 0 0 1 
				11
				0.180737 -0.0186229 -0.983355 8.73239 0.0738056 0.997259 -0.00532107 -1.63638 0.980758 -0.0716154 0.181616 -46.748 0 0 0 1 
				12
				0.184646 -0.018712 -0.982627 8.73239 0.0744594 0.997212 -0.004998 -1.71971 0.979981 -0.0722429 0.185525 -46.7189 0 0 0 1 
				13
				0.187595 -0.0187802 -0.982067 8.73239 0.0749526 0.997176 -0.00475167 -1.78252 0.979382 -0.0727171 0.188473 -46.6966 0 0 0 1 
				14
				0.189456 -0.0188249 -0.981709 8.7324 0.0752638 0.997153 -0.00459619 -1.82215 0.979001 -0.0730163 0.190333 -46.6824 0 0 0 1 
				15
				0.190102 -0.01884 -0.981584 8.73239 0.0753716 0.997145 -0.00454159 -1.83592 0.978867 -0.0731201 0.190979 -46.6774 0 0 0 1 
				16
				0.189456 -0.0188248 -0.981709 8.7324 0.0752638 0.997153 -0.00459611 -1.82215 0.979001 -0.0730164 0.190333 -46.6824 0 0 0 1 
				17
				0.187595 -0.0187802 -0.982067 8.73239 0.0749526 0.997176 -0.00475167 -1.78252 0.979382 -0.0727171 0.188473 -46.6966 0 0 0 1 
				18
				0.184646 -0.018712 -0.982627 8.73239 0.0744594 0.997212 -0.00499801 -1.71971 0.979981 -0.0722429 0.185525 -46.7189 0 0 0 1 
				19
				0.180737 -0.0186229 -0.983355 8.73239 0.0738056 0.997259 -0.00532107 -1.63638 0.980758 -0.0716154 0.181616 -46.748 0 0 0 1 
				20
				0.175986 -0.0185186 -0.984219 8.73239 0.0730101 0.997315 -0.00571025 -1.53514 0.981682 -0.070853 0.176866 -46.7827 0 0 0 1 
				21
				0.170516 -0.018403 -0.985183 8.73238 0.0720914 0.997379 -0.00615326 -1.41855 0.982714 -0.069974 0.171396 -46.8216 0 0 0 1 
				22
				0.164452 -0.0182807 -0.986216 8.73238 0.0710711 0.997449 -0.00663778 -1.28933 0.983822 -0.0689999 0.165332 -46.8634 0 0 0 1 
				23
				0.157923 -0.0181557 -0.987284 8.73238 0.0699714 0.997523 -0.00715156 -1.15015 0.984969 -0.0679523 0.158803 -46.907 0 0 0 1 
				24
				0.151051 -0.0180322 -0.988362 8.73237 0.0688112 0.997601 -0.00768435 -1.00367 0.986128 -0.0668496 0.151929 -46.9512 0 0 0 1 
				25
				0.143958 -0.0179125 -0.989422 8.73237 0.0676107 0.997678 -0.00822485 -0.85252 0.987272 -0.0657115 0.144834 -46.9951 0 0 0 1 
				26
				0.136773 -0.0177999 -0.990443 8.73237 0.066392 0.997755 -0.00876312 -0.699451 0.988375 -0.0645589 0.137647 -47.0378 0 0 0 1 
				27
				0.129624 -0.0176961 -0.991405 8.73236 0.0651767 0.997831 -0.00928908 -0.547222 0.989419 -0.0634124 0.130496 -47.0785 0 0 0 1 
				28
				0.122638 -0.0176031 -0.992295 8.73236 0.0639862 0.997903 -0.00979447 -0.39851 0.990387 -0.0622921 0.123507 -47.1165 0 0 0 1 
				29
				0.11594 -0.0175212 -0.993102 8.73236 0.0628432 0.997971 -0.0102704 -0.255993 0.991266 -0.0612189 0.116806 -47.1513 0 0 0 1 
				30
				0.10966 -0.0174511 -0.993816 8.73236 0.0617694 0.998033 -0.0107094 -0.122435 0.992048 -0.060213 0.110522 -47.1825 0 0 0 1 
				31
				0.103926 -0.0173927 -0.994433 8.73236 0.0607862 0.998089 -0.011104 -0.000600637 0.992726 -0.0592938 0.104785 -47.2099 0 0 0 1 
		</Joint>
			9
				-1
				0.105092 -0.00766572 -0.994433 9.60483 -0.0321676 0.999421 -0.0111037 0.509705 0.993942 0.0331555 0.104785 -38.8758 0 0 0 1 
				0
				0.110846 -0.00655203 -0.993816 9.65297 -0.0369529 0.99926 -0.0107095 0.396123 0.99315 0.0379114 0.110522 -38.8542 0 0 0 1 
				1
				0.117138 -0.00526076 -0.993102 9.70569 -0.0422014 0.999057 -0.01027 0.271581 0.992219 0.0431133 0.116806 -38.8295 0 0 0 1 
				2
				0.123837 -0.00380308 -0.992295 9.76192 -0.0478049 0.998809 -0.00979401 0.138662 0.991151 0.0486495 0.123507 -38.8021 0 0 0 1 
				3
				0.130808 -0.002194 -0.991405 9.82057 -0.0536558 0.998516 -0.0092892 -5.76098e-05 0.989955 0.0544097 0.130496 -38.7722 0 0 0 1 
				4
				0.137925 -0.000452925 -0.990443 9.88058 -0.0596501 0.998181 -0.0087631 -0.142083 0.988645 0.0602887 0.137647 -38.7403 0 0 0 1 
				5
				0.145061 0.00139318 -0.989422 9.94091 -0.0656832 0.997807 -0.00822495 -0.284921 0.98724 0.0661815 0.144834 -38.7069 0 0 0 1 
				6
				0.152087 0.00331126 -0.988362 10.0005 -0.0716472 0.997401 -0.0076834 -0.425994 0.985767 0.0719819 0.151929 -38.6726 0 0 0 1 
				7
				0.158877 0.00525755 -0.987284 10.0582 -0.0774341 0.996972 -0.00715179 -0.562737 0.984257 0.0775858 0.158803 -38.6381 0 0 0 1 
				8
				0.165309 0.00718957 -0.986216 10.113 -0.0829394 0.996533 -0.00663747 -0.692676 0.982748 0.0828933 0.165332 -38.6041 0 0 0 1 
				9
				0.171267 0.00905439 -0.985183 10.1639 -0.0880561 0.996096 -0.00615321 -0.81334 0.981282 0.0878052 0.171396 -38.5716 0 0 0 1 
				10
				0.176628 0.0107961 -0.984219 10.2098 -0.092678 0.99568 -0.00571021 -0.922209 0.979905 0.092224 0.176866 -38.5414 0 0 0 1 
				11
				0.181273 0.0123544 -0.983355 10.2497 -0.0966976 0.9953 -0.00532095 -1.01678 0.978667 0.0960527 0.181616 -38.5145 0 0 0 1 
				12
				0.185088 0.0136688 -0.982627 10.2825 -0.100009 0.994974 -0.00499722 -1.09461 0.97762 0.0991968 0.185525 -38.4919 0 0 0 1 
				13
				0.18796 0.014678 -0.982067 10.3073 -0.102507 0.994721 -0.00475195 -1.15329 0.976813 0.101562 0.188473 -38.4746 0 0 0 1 
				14
				0.189771 0.0153235 -0.981709 10.3229 -0.104084 0.994558 -0.00459599 -1.19031 0.976296 0.103052 0.190333 -38.4636 0 0 0 1 
				15
				0.190399 0.0155494 -0.981584 10.3283 -0.104632 0.994501 -0.00454168 -1.20317 0.976115 0.10357 0.190979 -38.4597 0 0 0 1 
				16
				0.189771 0.0153236 -0.981709 10.3229 -0.104084 0.994558 -0.00459593 -1.19031 0.976296 0.103052 0.190333 -38.4636 0 0 0 1 
				17
				0.18796 0.014678 -0.982067 10.3073 -0.102507 0.994721 -0.00475195 -1.15329 0.976813 0.101562 0.188473 -38.4746 0 0 0 1 
				18
				0.185088 0.0136687 -0.982627 10.2825 -0.100009 0.994974 -0.00499723 -1.09461 0.97762 0.0991965 0.185525 -38.4919 0 0 0 1 
				19
