<?xml version='1.0' encoding='UTF-8' ?>
<itpanim>
	<skeleton count>
		25
			0 -1
			1.37091e-06 -1 -6.12323e-17 1e-06 1 1.37091e-06 -6.12323e-17 -1.37266e-12 6.12323e-17 -6.12323e-17 1 28.5847 0 0 0 1 
			1 0
			1.3868e-06 -2.28068e-12 -1 -28.5847 2.75771e-06 -1 6.10495e-12 1.00011e-06 -1 -2.75771e-06 -1.3868e-06 -3.96413e-05 0 0 0 1 
			2 1
			-0.000205999 -0.000823318 -1 -32.3694 -1.2413e-06 -1 0.000823318 0.0334634 -1 1.41091e-06 0.000205998 0.006668 0 0 0 1 
			3 2
			-0.000383998 -0.00100932 -0.999999 -40.926 -1.01137e-06 -0.999999 0.00100932 0.0478891 -1 1.39895e-06 0.000383997 0.0139528 0 0 0 1 
			4 3
			-0.000383998 -0.00100932 -0.999999 -49.4827 -1.01137e-06 -0.999999 0.00100932 0.0505055 -1 1.39895e-06 0.000383997 0.0139528 0 0 0 1 
			5 4
			1.34309e-06 9.82436e-13 -1 -52.7685 -1.40269e-06 -1 -2.86637e-12 -0.00275479 -1 1.40269e-06 -1.34309e-06 -0.00638105 0 0 0 1 
			6 5
			1 -0 0 0 0 1 0 0 -0 -0 1 -0 0 0 0 1 
			7 4
			0.950432 6.75818e-05 0.310933 13.7112 -1.42282e-06 1 -0.000213002 -0.00848516 -0.310933 0.000202002 0.950432 47.5785 0 0 0 1 
			8 7
			0.476976 0.0235792 0.8786 37.3074 0.0457757 0.997617 -0.0516241 -2.835 -0.877724 0.064842 0.47476 30.0749 0 0 0 1 
			9 8
			0.476835 0.0205565 0.878752 28.9208 0.0472206 0.997684 -0.0489619 -2.74739 -0.877724 0.064842 0.47476 30.0749 0 0 0 1 
			10 9
			0.476835 0.0205565 0.878752 20.0548 -0.877686 0.0656364 0.474721 30.0727 -0.0479195 -0.997632 0.0493399 2.77133 0 0 0 1 
			11 4
			-0.950193 6.50589e-05 0.311663 13.7378 -1.39561e-06 1 -0.000213002 -0.00848516 -0.311663 -0.000202828 -0.950193 -47.5698 0 0 0 1 
			12 11
			-0.476976 0.0235779 0.8786 37.2976 -0.0457784 0.997617 -0.0516241 -2.83503 -0.877723 -0.0648444 -0.47476 -30.0791 0 0 0 1 
			13 12
			-0.476835 0.0205552 0.878752 28.9109 -0.0472234 0.997684 -0.0489619 -2.74745 -0.877723 -0.0648444 -0.47476 -30.0791 0 0 0 1 
			14 13
			-0.476835 0.0205552 0.878752 20.045 0.877685 0.0656388 0.474721 30.0769 -0.0479222 0.997632 -0.0493399 -2.7714 0 0 0 1 
			15 2
			1.37369e-06 -0.0998331 0.995004 28.4419 0 -0.995004 -0.0998331 -2.8537 1 1.3714e-07 -1.36683e-06 -5.53938 0 0 0 1 
			16 15
			1.37369e-06 0.0998335 0.995004 16.029 0 -0.995004 0.0998335 0.337498 1 -1.3714e-07 -1.36683e-06 -5.53938 0 0 0 1 
			17 16
			1.3716e-06 -6.00745e-14 1 3.38056 0 -1 -6.00745e-14 5.01e-06 1 8.23984e-20 -1.3716e-06 -5.53938 0 0 0 1 
			18 17
			1.3716e-06 -1 -6.12323e-17 -7.15885 0 6.12323e-17 -1 -0.467524 1 1.3716e-06 8.39865e-23 -5.53938 0 0 0 1 
			19 18
			1 -0 0 0 0 1 0 0 -0 -0 1 -0 0 0 0 1 
			20 2
			1.37369e-06 -0.0998331 0.995004 28.4419 0 -0.995004 -0.0998331 -2.8537 1 1.3714e-07 -1.36683e-06 5.53939 0 0 0 1 
			21 20
			1.37369e-06 0.0998335 0.995004 16.029 0 -0.995004 0.0998335 0.337498 1 -1.3714e-07 -1.36683e-06 5.53939 0 0 0 1 
			22 21
			1.3716e-06 -6.00745e-14 1 3.38056 0 -1 -6.00745e-14 5.01e-06 1 8.23984e-20 -1.3716e-06 5.53939 0 0 0 1 
			23 22
			1.3716e-06 -1 -6.12323e-17 -7.15885 0 6.12323e-17 -1 -0.467524 1 1.3716e-06 8.39865e-23 5.53939 0 0 0 1 
			24 23
			1 -0 0 0 0 1 0 0 -0 -0 1 -0 0 0 0 1 
	</skeleton>
		<animations>
			49
			0
				-1
				1.46474e-06 1 0 0 -1 1.46474e-06 0 8.21693e-07 -0 -0 1 -28.889 0 0 0 1 
				0
				0.0322956 0.999478 1.30889e-35 -1.69815e-08 -0.999478 0.0322956 -1.2332e-32 -0.388491 -1.2326e-32 3.85186e-34 1 -28.5552 0 0 0 1 
				1
				0.0653541 0.997862 0 -3.43834e-08 -0.997862 0.0653541 0 -0.7866 -0 -0 1 -28.2087 0 0 0 1 
				2
				0.0988688 0.9951 3.14543e-34 -5.20641e-08 -0.9951 0.0988688 1.24179e-32 -1.19109 1.2326e-32 -1.54074e-33 1 -27.8538 0 0 0 1 
				3
				0.13253 0.991179 1.63356e-33 -6.9882e-08 -0.991179 0.13253 -1.22172e-32 -1.59871 -1.2326e-32 -0 1 -27.4947 0 0 0 1 
				4
				0.166039 0.986119 5.27232e-34 -8.76998e-08 -0.986119 0.166039 -1.24107e-32 -2.00634 -1.2326e-32 1.54074e-33 1 -27.1356 0 0 0 1 
				5
				0.199102 0.979979 -2.07557e-33 -1.05381e-07 -0.979979 0.199102 -1.29995e-32 -2.41082 -1.2326e-32 4.62223e-33 1 -26.7807 0 0 0 1 
				6
				0.231424 0.972853 0 -1.22782e-07 -0.972853 0.231424 0 -2.80893 -0 -0 1 -26.4342 0 0 0 1 
				7
				0.262721 0.964872 -2.65041e-34 -1.39764e-07 -0.964872 0.262721 1.27025e-32 -3.19742 1.2326e-32 -3.08149e-33 1 -26.1005 0 0 0 1 
				8
				0.29273 0.956195 6.61665e-34 -1.56188e-07 -0.956195 0.29273 -1.26881e-32 -3.57316 -1.2326e-32 3.08149e-33 1 -25.7836 0 0 0 1 
				9
				0.321202 0.947011 -2.9182e-33 -1.71917e-07 -0.947011 0.321202 -9.89779e-34 -3.933 -0 3.08149e-33 1 -25.4877 0 0 0 1 
				10
				0.347895 0.937533 -2.889e-33 -1.8681e-07 -0.937533 0.347895 -1.07204e-33 -4.27371 -0 3.08149e-33 1 -25.2171 0 0 0 1 
				11
				0.372584 0.927998 0 -2.00725e-07 -0.927998 0.372584 0 -4.59205 -0 -0 1 -24.9762 0 0 0 1 
				12
				0.396575 0.918002 -2.82881e-33 -2.1439e-07 -0.918002 0.396575 -1.22204e-33 -4.90466 -0 3.08149e-33 1 -24.7568 0 0 0 1 
				13
				0.420939 0.907089 -2.79518e-33 -2.28425e-07 -0.907089 0.420939 -1.29712e-33 -5.22576 -0 3.08149e-33 1 -24.5495 0 0 0 1 
				14
				0.445101 0.89548 2.75941e-33 -2.42519e-07 -0.89548 0.445101 1.37157e-33 -5.54818 -0 -3.08149e-33 1 -24.3559 0 0 0 1 
				15
				0.468515 0.883455 -2.55727e-33 -2.56358e-07 -0.883455 0.468515 -8.33216e-33 -5.86478 -6.16298e-33 6.16298e-33 1 -24.1776 0 0 0 1 
				16
				0.490681 0.871339 0 -2.69639e-07 -0.871339 0.490681 0 -6.16862 -0 -0 1 -24.0161 0 0 0 1 
				17
				0.511128 0.859504 0 -2.8206e-07 -0.859504 0.511128 0 -6.45278 -0 -0 1 -23.873 0 0 0 1 
				18
				0.529398 0.848374 -1.29683e-33 -2.93308e-07 -0.848374 0.529398 1.37197e-32 -6.7101 1.2326e-32 -6.16298e-33 1 -23.7501 0 0 0 1 
				19
				0.545058 0.838398 1.55133e-33 -3.0307e-07 -0.838398 0.545058 -1.36932e-32 -6.93342 -1.2326e-32 6.16298e-33 1 -23.6489 0 0 0 1 
				20
				0.557709 0.830036 0 -3.11043e-07 -0.830036 0.557709 0 -7.11582 -0 -0 1 -23.571 0 0 0 1 
				21
				0.566959 0.823746 1.58257e-33 -3.16924e-07 -0.823746 0.566959 8.57088e-33 -7.25037 6.16298e-33 -6.16298e-33 1 -23.5179 0 0 0 1 
				22
				0.572394 0.819979 0 -3.204e-07 -0.819979 0.572394 0 -7.3299 -0 -0 1 -23.4914 0 0 0 1 
				23
				0.573578 0.819151 6.56187e-33 -3.2116e-07 -0.819151 0.573578 1.21183e-32 -7.34728 6.16298e-33 -1.2326e-32 1 -23.493 0 0 0 1 
				24
				0.570052 0.821608 0 -3.189e-07 -0.821608 0.570052 0 -7.29559 -0 -0 1 -23.5263 0 0 0 1 
				25
				0.561974 0.827155 -8.56117e-33 -3.13749e-07 -0.827155 0.561974 1.6343e-33 -7.17773 6.16298e-33 6.16298e-33 1 -23.5917 0 0 0 1 
				26
				0.549844 0.835267 1.75906e-33 -3.06076e-07 -0.835267 0.549844 8.53641e-33 -7.00221 6.16298e-33 -6.16298e-33 1 -23.6864 0 0 0 1 
				27
				0.534145 0.845393 0 -2.96255e-07 -0.845393 0.534145 0 -6.77752 -0 -0 1 -23.8073 0 0 0 1 
				28
				0.515347 0.856981 4.24667e-33 -2.84645e-07 -0.856981 0.515347 -1.90207e-32 -6.51191 -1.84889e-32 6.16298e-33 1 -23.9515 0 0 0 1 
				29
				0.493937 0.869498 0 -2.71606e-07 -0.869498 0.493937 0 -6.21361 -0 -0 1 -24.1161 0 0 0 1 
				30
				0.47045 0.882427 0 -2.5751e-07 -0.882427 0.47045 0 -5.89113 -0 -0 1 -24.298 0 0 0 1 
				31
				0.445458 0.895303 -1.35199e-35 -2.42728e-07 -0.895303 0.445458 -6.8904e-33 -5.55297 -6.16298e-33 3.08149e-33 1 -24.4944 0 0 0 1 
				32
				0.419552 0.907731 0 -2.27622e-07 -0.907731 0.419552 0 -5.20738 -0 -0 1 -24.7022 0 0 0 1 
				33
				0.393361 0.919384 0 -2.1255e-07 -0.919384 0.393361 0 -4.86257 -0 -0 1 -24.9186 0 0 0 1 
				34
				0.367566 0.929997 0 -1.97885e-07 -0.929997 0.367566 0 -4.52707 -0 -0 1 -25.1405 0 0 0 1 
				35
				0.342876 0.939381 -2.89469e-33 -1.83998e-07 -0.939381 0.342876 -1.05657e-33 -4.20938 -0 3.08149e-33 1 -25.365 0 0 0 1 
				36
				0.318297 0.947991 0 -1.70305e-07 -0.947991 0.318297 0 -3.89612 -0 -0 1 -25.6008 0 0 0 1 
				37
				0.292464 0.956277 -6.58143e-34 -1.56042e-07 -0.956277 0.292464 1.26882e-32 -3.56982 1.2326e-32 -3.08149e-33 1 -25.8567 0 0 0 1 
				38
				0.265522 0.964105 -2.97088e-33 -1.41291e-07 -0.964105 0.265522 -8.18202e-34 -3.23236 -0 3.08149e-33 1 -26.1299 0 0 0 1 
				39
				0.237622 0.971358 2.92892e-33 -1.26135e-07 -0.971358 0.237622 -1.19729e-32 -2.88562 -1.2326e-32 -0 1 -26.4173 0 0 0 1 
				40
				0.20892 0.977933 1.50674e-33 -1.10653e-07 -0.977933 0.20892 3.21892e-34 -2.53144 -0 -1.54074e-33 1 -26.7162 0 0 0 1 
				41
				0.179577 0.983744 -1.5157e-33 -9.49261e-08 -0.983744 0.179577 -2.76683e-34 -2.17165 -0 1.54074e-33 1 -27.0237 0 0 0 1 
				42
				0.149768 0.988721 0 -7.90367e-08 -0.988721 0.149768 0 -1.80815 -0 -0 1 -27.337 0 0 0 1 
				43
				0.119672 0.992814 0 -6.30672e-08 -0.992814 0.119672 0 -1.44281 -0 -0 1 -27.6531 0 0 0 1 
				44
				0.0894644 0.99599 0 -4.70978e-08 -0.99599 0.0894644 0 -1.07747 -0 -0 1 -27.9692 0 0 0 1 
				45
				0.0593269 0.998239 0 -3.12084e-08 -0.998239 0.0593269 0 -0.713963 -0 -0 1 -28.2825 0 0 0 1 
				46
				0.0294439 0.999566 -3.85019e-34 -1.54816e-08 -0.999566 0.0294439 -1.13414e-35 -0.354176 -0 3.85186e-34 1 -28.5901 0 0 0 1 
				47
				1.46474e-06 1 0 0 -1 1.46474e-06 0 8.21693e-07 -0 -0 1 -28.889 0 0 0 1 
		</Joint>
			1
				-1
				1.33158e-06 2.79632e-06 -1 0 0 -1 -2.79632e-06 8.21693e-07 -1 3.72352e-12 -1.33158e-06 -28.889 0 0 0 1 
				0
				1.33158e-06 0.0322969 -0.999478 -1.69815e-08 0 -0.999478 -0.0322969 -0.388491 -1 4.3006e-08 -1.33089e-06 -28.5552 0 0 0 1 
				1
				1.33158e-06 0.0653554 -0.997862 -3.43834e-08 0 -0.997862 -0.0653554 -0.7866 -1 8.7026e-08 -1.32873e-06 -28.2087 0 0 0 1 
				2
				1.33158e-06 0.0988701 -0.9951 -5.20641e-08 0 -0.9951 -0.0988701 -1.19109 -1 1.31654e-07 -1.32506e-06 -27.8538 0 0 0 1 
				3
				1.33158e-06 0.132531 -0.991179 -6.9882e-08 0 -0.991179 -0.132531 -1.59871 -1 1.76476e-07 -1.31983e-06 -27.4947 0 0 0 1 
				4
				1.33158e-06 0.16604 -0.986119 -8.76998e-08 0 -0.986119 -0.16604 -2.00634 -1 2.21096e-07 -1.3131e-06 -27.1356 0 0 0 1 
				5
				1.33158e-06 0.199103 -0.979979 -1.05381e-07 0 -0.979979 -0.199103 -2.41082 -1 2.65122e-07 -1.30492e-06 -26.7807 0 0 0 1 
				6
				1.33158e-06 0.231425 -0.972853 -1.22782e-07 0 -0.972853 -0.231425 -2.80893 -1 3.08161e-07 -1.29543e-06 -26.4342 0 0 0 1 
				7
				1.33158e-06 0.262722 -0.964872 -1.39764e-07 0 -0.964872 -0.262722 -3.19742 -1 3.49836e-07 -1.2848e-06 -26.1005 0 0 0 1 
				8
				1.33158e-06 0.292731 -0.956195 -1.56188e-07 0 -0.956195 -0.292731 -3.57316 -1 3.89795e-07 -1.27325e-06 -25.7836 0 0 0 1 
				9
				1.33158e-06 0.321203 -0.94701 -1.71917e-07 0 -0.94701 -0.321203 -3.933 -1 4.27708e-07 -1.26102e-06 -25.4877 0 0 0 1 
				10
				1.33158e-06 0.347897 -0.937533 -1.8681e-07 0 -0.937533 -0.347897 -4.27371 -1 4.63253e-07 -1.2484e-06 -25.2171 0 0 0 1 
				11
				1.33158e-06 0.372586 -0.927998 -2.00725e-07 0 -0.927998 -0.372586 -4.59205 -1 4.96128e-07 -1.2357e-06 -24.9762 0 0 0 1 
				12
				1.33158e-06 0.396577 -0.918002 -2.1439e-07 0 -0.918002 -0.396577 -4.90466 -1 5.28074e-07 -1.22239e-06 -24.7568 0 0 0 1 
				13
				1.33158e-06 0.42094 -0.907089 -2.28425e-07 0 -0.907089 -0.42094 -5.22576 -1 5.60515e-07 -1.20786e-06 -24.5495 0 0 0 1 
				14
				1.33158e-06 0.445102 -0.89548 -2.42519e-07 0 -0.89548 -0.445102 -5.54818 -1 5.92689e-07 -1.1924e-06 -24.3559 0 0 0 1 
				15
				1.33158e-06 0.468517 -0.883455 -2.56358e-07 0 -0.883455 -0.468517 -5.86478 -1 6.23868e-07 -1.17639e-06 -24.1776 0 0 0 1 
				16
				1.33158e-06 0.490683 -0.871338 -2.69639e-07 0 -0.871338 -0.490683 -6.16862 -1 6.53384e-07 -1.16026e-06 -24.0161 0 0 0 1 
				17
				1.33158e-06 0.511129 -0.859504 -2.8206e-07 0 -0.859504 -0.511129 -6.45278 -1 6.8061e-07 -1.1445e-06 -23.873 0 0 0 1 
				18
				1.33158e-06 0.529399 -0.848373 -2.93308e-07 0 -0.848373 -0.529399 -6.7101 -1 7.04938e-07 -1.12968e-06 -23.7501 0 0 0 1 
				19
				1.33158e-06 0.545059 -0.838398 -3.0307e-07 0 -0.838398 -0.545059 -6.93342 -1 7.2579e-07 -1.11639e-06 -23.6489 0 0 0 1 
				20
				1.33158e-06 0.55771 -0.830036 -3.11043e-07 0 -0.830036 -0.55771 -7.11582 -1 7.42636e-07 -1.10526e-06 -23.571 0 0 0 1 
				21
				1.33158e-06 0.56696 -0.823745 -3.16924e-07 0 -0.823745 -0.56696 -7.25037 -1 7.54953e-07 -1.09688e-06 -23.5179 0 0 0 1 
				22
				1.33158e-06 0.572395 -0.819978 -3.204e-07 0 -0.819978 -0.572395 -7.3299 -1 7.6219e-07 -1.09187e-06 -23.4914 0 0 0 1 
				23
				1.33158e-06 0.573579 -0.81915 -3.2116e-07 0 -0.81915 -0.573579 -7.34728 -1 7.63766e-07 -1.09076e-06 -23.493 0 0 0 1 
				24
				1.33158e-06 0.570053 -0.821608 -3.189e-07 0 -0.821608 -0.570053 -7.29559 -1 7.59072e-07 -1.09404e-06 -23.5263 0 0 0 1 
				25
				1.33158e-06 0.561975 -0.827154 -3.13749e-07 0 -0.827154 -0.561975 -7.17773 -1 7.48315e-07 -1.10142e-06 -23.5917 0 0 0 1 
				26
				1.33158e-06 0.549845 -0.835267 -3.06076e-07 0 -0.835267 -0.549845 -7.00221 -1 7.32163e-07 -1.11222e-06 -23.6864 0 0 0 1 
				27
				1.33158e-06 0.534146 -0.845392 -2.96255e-07 0 -0.845392 -0.534146 -6.77752 -1 7.11259e-07 -1.12571e-06 -23.8073 0 0 0 1 
				28
				1.33158e-06 0.515349 -0.856981 -2.84645e-07 0 -0.856981 -0.515349 -6.51191 -1 6.86228e-07 -1.14114e-06 -23.9515 0 0 0 1 
				29
				1.33158e-06 0.493938 -0.869497 -2.71606e-07 0 -0.869497 -0.493938 -6.21361 -1 6.57719e-07 -1.15781e-06 -24.1161 0 0 0 1 
				30
				1.33158e-06 0.470451 -0.882426 -2.5751e-07 0 -0.882426 -0.470451 -5.89113 -1 6.26444e-07 -1.17502e-06 -24.298 0 0 0 1 
				31
				1.33158e-06 0.445459 -0.895302 -2.42728e-07 0 -0.895302 -0.445459 -5.55297 -1 5.93164e-07 -1.19217e-06 -24.4944 0 0 0 1 
				32
				1.33158e-06 0.419553 -0.907731 -2.27622e-07 0 -0.907731 -0.419553 -5.20738 -1 5.58669e-07 -1.20872e-06 -24.7022 0 0 0 1 
				33
				1.33158e-06 0.393362 -0.919384 -2.1255e-07 0 -0.919384 -0.393362 -4.86257 -1 5.23793e-07 -1.22423e-06 -24.9186 0 0 0 1 
				34
				1.33158e-06 0.367567 -0.929997 -1.97885e-07 0 -0.929997 -0.367567 -4.52707 -1 4.89445e-07 -1.23837e-06 -25.1405 0 0 0 1 
				35
				1.33158e-06 0.342877 -0.93938 -1.83998e-07 0 -0.93938 -0.342877 -4.20938 -1 4.56568e-07 -1.25086e-06 -25.365 0 0 0 1 
				36
				1.33158e-06 0.318298 -0.947991 -1.70305e-07 0 -0.947991 -0.318298 -3.89612 -1 4.23839e-07 -1.26233e-06 -25.6008 0 0 0 1 
				37
				1.33158e-06 0.292465 -0.956276 -1.56042e-07 0 -0.956276 -0.292465 -3.56982 -1 3.89441e-07 -1.27336e-06 -25.8567 0 0 0 1 
				38
				1.33158e-06 0.265523 -0.964104 -1.41291e-07 0 -0.964104 -0.265523 -3.23236 -1 3.53565e-07 -1.28378e-06 -26.1299 0 0 0 1 
				39
				1.33158e-06 0.237623 -0.971357 -1.26135e-07 0 -0.971357 -0.237623 -2.88562 -1 3.16414e-07 -1.29344e-06 -26.4173 0 0 0 1 
				40
				1.33158e-06 0.208921 -0.977933 -1.10653e-07 0 -0.977933 -0.208921 -2.53144 -1 2.78195e-07 -1.3022e-06 -26.7162 0 0 0 1 
				41
				1.33158e-06 0.179579 -0.983744 -9.49261e-08 0 -0.983744 -0.179579 -2.17165 -1 2.39123e-07 -1.30993e-06 -27.0237 0 0 0 1 
				42
				1.33158e-06 0.14977 -0.988721 -7.90367e-08 0 -0.988721 -0.14977 -1.80815 -1 1.99431e-07 -1.31656e-06 -27.337 0 0 0 1 
				43
				1.33158e-06 0.119673 -0.992813 -6.30672e-08 0 -0.992813 -0.119673 -1.44281 -1 1.59354e-07 -1.32201e-06 -27.6531 0 0 0 1 
				44
				1.33158e-06 0.0894658 -0.99599 -4.70978e-08 0 -0.99599 -0.0894658 -1.07747 -1 1.19131e-07 -1.32624e-06 -27.9692 0 0 0 1 
				45
				1.33158e-06 0.0593282 -0.998239 -3.12084e-08 0 -0.998239 -0.0593282 -0.713963 -1 7.90003e-08 -1.32924e-06 -28.2825 0 0 0 1 
				46
				1.33158e-06 0.0294452 -0.999566 -1.54816e-08 0 -0.999566 -0.0294452 -0.354176 -1 3.92087e-08 -1.331e-06 -28.5901 0 0 0 1 
				47
				1.33158e-06 2.79632e-06 -1 0 0 -1 -2.79632e-06 8.21693e-07 -1 3.72352e-12 -1.33158e-06 -28.889 0 0 0 1 
		</Joint>
			2
				-1
				-0.000201565 -1.14914e-06 -1 5.23821e-06 -0.0008487 -0.999999 1.32021e-06 0.00680781 -1 0.0008487 0.000201564 -32.6736 0 0 0 1 
				0
				-4.23225e-05 0.0231796 -0.999731 -0.000152561 0.00125144 -0.999731 -0.0231797 -0.381685 -0.999999 -0.00125208 1.33032e-05 -32.3399 0 0 0 1 
				1
				3.52629e-05 0.0452386 -0.998976 -0.000302717 0.00445589 -0.998966 -0.045238 -0.7798 -0.99999 -0.00444974 -0.000236805 -31.9934 0 0 0 1 
				2
				-6.00878e-05 0.06654 -0.997784 -0.000447731 0.00839119 -0.997749 -0.0665382 -1.18429 -0.999965 -0.00837659 -0.000498398 -31.6384 0 0 0 1 
				3
				-0.000379215 0.0874478 -0.996169 -0.000590041 0.0126793 -0.996089 -0.0874456 -1.59193 -0.99992 -0.0126639 -0.000731048 -31.2793 0 0 0 1 
				4
				-0.000933523 0.108313 -0.994116 -0.000732067 0.0169521 -0.993972 -0.108313 -1.99957 -0.999856 -0.0169535 -0.000908244 -30.9202 0 0 0 1 
				5
				-0.00169529 0.129486 -0.99158 -0.000876196 0.0208425 -0.991361 -0.129493 -2.40408 -0.999781 -0.0208866 -0.00101817 -30.5652 0 0 0 1 
				6
				-0.00259704 0.151324 -0.988481 -0.00102493 0.0239757 -0.98819 -0.151343 -2.80221 -0.999709 -0.0240926 -0.00106173 -30.2187 0 0 0 1 
				7
				-0.00353119 0.174181 -0.984707 -0.0011806 0.0259833 -0.984365 -0.174213 -3.19072 -0.999656 -0.0262012 -0.00104982 -29.885 0 0 0 1 
				8
				-0.00435047 0.198391 -0.980113 -0.00134546 0.0265183 -0.979755 -0.198437 -3.56649 -0.999639 -0.0268542 -0.000998601 -29.5681 0 0 0 1 
				9
				-0.00486769 0.22428 -0.974513 -0.00152173 0.0252454 -0.974186 -0.224331 -3.92637 -0.999669 -0.0256939 -0.000919986 -29.2722 0 0 0 1 
				10
				-0.00485248 0.252164 -0.967672 -0.00171169 0.0218333 -0.967426 -0.252209 -4.26712 -0.99975 -0.0223513 -0.000811142 -29.0017 0 0 0 1 
				11
				-0.00402967 0.282335 -0.959308 -0.00191699 0.0159699 -0.959175 -0.282363 -4.58552 -0.999864 -0.0164578 -0.000643688 -28.7607 0 0 0 1 
				12
				-0.00190746 0.317364 -0.948302 -0.00215584 0.00670584 -0.948278 -0.31737 -4.8982 -0.999976 -0.00696453 -0.000319387 -28.5415 0 0 0 1 
				13
				0.00200098 0.35835 -0.933585 -0.0024351 -0.00611488 -0.933565 -0.358356 -5.2194 -0.999979 0.00642583 0.00032322 -28.3343 0 0 0 1 
				14
				0.00790915 0.403195 -0.91508 -0.0027402 -0.0215085 -0.914828 -0.40327 -5.54195 -0.999737 0.0228715 0.00143662 -28.1407 0 0 0 1 
				15
				0.0158778 0.449825 -0.892976 -0.00305828 -0.0384948 -0.892151 -0.450094 -5.85871 -0.999133 0.0415214 0.00315047 -27.9625 0 0 0 1 
				16
				0.0257812 0.496311 -0.867762 -0.00337499 -0.0561582 -0.865961 -0.496949 -6.16273 -0.998089 0.0615439 0.00554637 -27.8012 0 0 0 1 
				17
				0.0372899 0.540888 -0.840267 -0.00367888 -0.0736587 -0.837077 -0.542104 -6.44708 -0.996586 0.082108 0.00862662 -27.6583 0 0 0 1 
				18
				0.0498619 0.581974 -0.811677 -0.00395865 -0.0902453 -0.806738 -0.583977 -6.70461 -0.994671 0.102368 0.0122949 -27.5355 0 0 0 1 
				19
				0.0627749 0.618261 -0.783462 -0.00420593 -0.105307 -0.776525 -0.621224 -6.92814 -0.992456 0.121501 0.0163609 -27.4344 0 0 0 1 
				20
				0.0751922 0.648762 -0.757267 -0.00441356 -0.118394 -0.748237 -0.652782 -7.11073 -0.990116 0.13874 0.0205482 -27.3566 0 0 0 1 
				21
				0.0861988 0.672723 -0.734856 -0.00457692 -0.129179 -0.723828 -0.67778 -7.24544 -0.987868 0.153352 0.0245088 -27.3036 0 0 0 1 
				22
				0.0948315 0.689496 -0.718055 -0.00469135 -0.137398 -0.705337 -0.695429 -7.3251 -0.985966 0.164608 0.0278469 -27.2772 0 0 0 1 
				23
				0.100159 0.698444 -0.708621 -0.00475188 -0.142798 -0.694739 -0.704945 -7.34254 -0.984671 0.171796 0.0301521 -27.2789 0 0 0 1 
				24
				0.102104 0.69995 -0.706856 -0.00476262 -0.145837 -0.69236 -0.706661 -7.29087 -0.984026 0.175239 0.0313858 -27.3121 0 0 0 1 
				25
				0.101333 0.695334 -0.711507 -0.00473133 -0.147294 -0.69682 -0.701959 -7.17298 -0.983888 0.175932 0.0318072 -27.3776 0 0 0 1 
				26
				0.0982172 0.685269 -0.721637 -0.00466256 -0.147329 -0.70714 -0.691554 -6.99739 -0.984199 0.174241 0.031507 -27.4723 0 0 0 1 
				27
				0.0931815 0.67031 -0.736208 -0.00456074 -0.146046 -0.722225 -0.676063 -6.7726 -0.98488 0.170517 0.0305979 -27.5931 0 0 0 1 
				28
				0.0866714 0.650949 -0.754158 -0.00442872 -0.143518 -0.740952 -0.656044 -6.50686 -0.985845 0.165095 0.0292035 -27.7373 0 0 0 1 
				29
				0.0791405 0.6277 -0.774422 -0.00427019 -0.139831 -0.762188 -0.632074 -6.20842 -0.987008 0.158311 0.0274522 -27.9018 0 0 0 1 
				30
				0.0710413 0.601179 -0.795951 -0.00408934 -0.135113 -0.784813 -0.604825 -5.88579 -0.98828 0.150511 0.0254729 -28.0837 0 0 0 1 
				31
				0.0627938 0.572105 -0.817773 -0.00389136 -0.12954 -0.807786 -0.575066 -5.54747 -0.989584 0.142045 0.0233867 -28.28 0 0 0 1 
				32
				0.0547608 0.541295 -0.839048 -0.00368167 -0.123341 -0.830206 -0.543641 -5.20172 -0.990852 0.133259 0.0213011 -28.4878 0 0 0 1 
				33
				0.0472453 0.50968 -0.859066 -0.00346616 -0.116798 -0.851308 -0.5115 -4.85678 -0.992031 0.124503 0.0193092 -28.7041 0 0 0 1 
				34
				0.0404907 0.478334 -0.877244 -0.0032525 -0.110254 -0.870463 -0.479726 -4.52115 -0.993078 0.116144 0.0174927 -28.926 0 0 0 1 
				35
				0.0346686 0.448423 -0.893149 -0.0030491 -0.104094 -0.887205 -0.44948 -4.20333 -0.993963 0.108554 0.0159198 -29.1504 0 0 0 1 
				36
				0.0293739 0.418464 -0.907758 -0.00284494 -0.0978897 -0.902581 -0.419245 -3.88998 -0.994764 0.101175 0.014451 -29.3862 0 0 0 1 
				37
				0.0242119 0.386316 -0.922049 -0.00262586 -0.090987 -0.91764 -0.386858 -3.56357 -0.995558 0.093261 0.0129319 -29.6421 0 0 0 1 
				38
				0.0193053 0.352182 -0.935732 -0.0023934 -0.0834409 -0.932074 -0.352527 -3.22601 -0.996326 0.084884 0.0113924 -29.9151 0 0 0 1 
				39
				0.0147659 0.316289 -0.948548 -0.00214896 -0.0753192 -0.945604 -0.31648 -2.87918 -0.99705 0.076117 0.00985998 -30.2025 0 0 0 1 
				40
				0.0106912 0.278886 -0.960265 -0.00189414 -0.0666998 -0.957982 -0.278965 -2.52492 -0.997716 0.0670319 0.00835966 -30.5013 0 0 0 1 
				41
				0.00716352 0.240242 -0.970687 -0.00163098 -0.057671 -0.968996 -0.240249 -2.16506 -0.99831 0.0577015 0.00691357 -30.8088 0 0 0 1 
				42
				0.00424904 0.200658 -0.979652 -0.00136135 -0.0483329 -0.978475 -0.200627 -1.80149 -0.998822 0.0482019 0.00554083 -31.122 0 0 0 1 
				43
				0.00199458 0.160453 -0.987041 -0.00108753 -0.0387931 -0.986288 -0.160409 -1.43609 -0.999245 0.0386103 0.00425724 -31.4381 0 0 0 1 
				44
				0.000426382 0.119949 -0.99278 -0.000811648 -0.0291615 -0.992356 -0.11991 -1.07072 -0.999575 0.0290021 0.00307476 -31.7541 0 0 0 1 
				45
				-0.000449452 0.0794773 -0.996837 -0.000536024 -0.0195507 -0.996647 -0.0794534 -0.707179 -0.999809 0.0194531 0.00200178 -32.0673 0 0 0 1 
				46
				-0.000647216 0.0393803 -0.999224 -0.000262953 -0.0100756 -0.999174 -0.0393718 -0.347374 -0.999949 0.0100423 0.00104346 -32.3748 0 0 0 1 
				47
				-0.000201565 -1.14914e-06 -1 5.23821e-06 -0.0008487 -0.999999 1.32021e-06 0.00680781 -1 0.0008487 0.000201564 -32.6736 0 0 0 1 
		</Joint>
			3
				-1
				-0.000413965 -9.0256e-07 -1 -0.0017195 -0.000821564 -1 1.24266e-06 0.00635923 -1 0.000821565 0.000413963 -41.2303 0 0 0 1 
				0
				-0.000103266 0.0140645 -0.999901 -0.000610545 0.00337327 -0.999895 -0.0140647 -0.364165 -0.999994 -0.00337439 5.58123e-05 -40.8965 0 0 0 1 
				1
				0.000112317 0.0251077 -0.999685 -0.000172073 0.00977374 -0.999637 -0.0251054 -0.734861 -0.999952 -0.00976784 -0.000357672 -40.5499 0 0 0 1 
				2
				8.70383e-05 0.0341441 -0.999417 -0.00119454 0.017636 -0.999262 -0.0341373 -1.10569 -0.999845 -0.0176228 -0.000689141 -40.1946 0 0 0 1 
				3
				-0.000264526 0.0421859 -0.99911 -0.00412228 0.0262101 -0.998766 -0.0421784 -1.47663 -0.999656 -0.0261979 -0.000841496 -39.8351 0 0 0 1 
				4
				-0.000975562 0.0502126 -0.998738 -0.00906204 0.0347664 -0.998133 -0.0502161 -1.84772 -0.999395 -0.0347716 -0.000771973 -39.4754 0 0 0 1 
				5
				-0.00203004 0.0592043 -0.998244 -0.0157857 0.042577 -0.997336 -0.0592371 -2.21894 -0.999091 -0.0426225 -0.000496116 -39.1197 0 0 0 1 
				6
				-0.00336056 0.0701754 -0.997529 -0.0237251 0.0488943 -0.99633 -0.0702558 -2.59027 -0.998798 -0.0490096 -8.2957e-05 -38.7726 0 0 0 1 
				7
				-0.00483993 0.0841424 -0.996442 -0.0319691 0.0529783 -0.995033 -0.0842807 -2.96161 -0.998584 -0.0531977 0.000358171 -38.4383 0 0 0 1 
				8
				-0.00626804 0.102089 -0.994756 -0.0392666 0.0541222 -0.993283 -0.102278 -3.33281 -0.998515 -0.0544795 0.000700681 -38.1213 0 0 0 1 
				9
				-0.00735586 0.124985 -0.992131 -0.0440244 0.0516341 -0.990787 -0.125199 -3.7036 -0.998639 -0.0521488 0.000834581 -37.8257 0 0 0 1 
				10
				-0.00769934 0.153805 -0.988071 -0.0442806 0.044821 -0.987054 -0.153996 -4.07358 -0.998965 -0.045472 0.000705979 -37.5559 0 0 0 1 
				11
				-0.00674861 0.189452 -0.981867 -0.0376883 0.0330261 -0.981312 -0.189572 -4.44218 -0.999432 -0.0337066 0.000365626 -37.316 0 0 0 1 
				12
				-0.00349921 0.235858 -0.971781 -0.0200843 0.0143164 -0.971676 -0.235884 -4.8342 -0.999892 -0.0147379 2.34492e-05 -37.0978 0 0 0 1 
				13
				0.00329054 0.294101 -0.955769 0.0126828 -0.0115983 -0.955698 -0.294119 -5.26521 -0.999927 0.0120531 0.000266305 -36.8908 0 0 0 1 
				14
				0.0144866 0.360275 -0.932734 0.0624812 -0.042613 -0.931761 -0.360562 -5.71965 -0.998987 0.0449699 0.00185437 -36.6954 0 0 0 1 
				15
				0.0305672 0.430328 -0.902155 0.129871 -0.0765294 -0.898919 -0.431378 -6.18197 -0.996599 0.0822273 0.00545533 -36.5123 0 0 0 1 
				16
				0.0514813 0.500363 -0.864284 0.213817 -0.111221 -0.857175 -0.502872 -6.63741 -0.992461 0.122015 0.0115225 -36.3423 0 0 0 1 
				17
				0.076582 0.56682 -0.820274 0.311536 -0.144731 -0.807657 -0.571614 -7.07185 -0.986503 0.162494 0.0201844 -36.1868 0 0 0 1 
				18
				0.104613 0.626696 -0.77221 0.418422 -0.175389 -0.752674 -0.634602 -7.47168 -0.978925 0.201825 0.031176 -36.0479 0 0 0 1 
				19
				0.133822 0.677847 -0.722921 0.528318 -0.201999 -0.69551 -0.689537 -7.82447 -0.9702 0.238305 0.0438499 -35.9281 0 0 0 1 
				20
				0.162166 0.719137 -0.67568 0.63408 -0.223917 -0.640063 -0.73497 -8.11943 -0.961022 0.270484 0.0572304 -35.8305 0 0 0 1 
				21
				0.187454 0.750276 -0.633992 0.727885 -0.24097 -0.590586 -0.770157 -8.34676 -0.952258 0.297142 0.0700863 -35.7585 0 0 0 1 
				22
				0.207442 0.771519 -0.601437 0.801492 -0.253301 -0.55148 -0.794801 -8.49701 -0.944884 0.31722 0.0810268 -35.7159 0 0 0 1 
				23
				0.220011 0.783304 -0.581404 0.846935 -0.261163 -0.526954 -0.808773 -8.56082 -0.939888 0.32978 0.0886339 -35.7066 0 0 0 1 
				24
				0.225079 0.787256 -0.574079 0.863543 -0.265709 -0.517271 -0.813529 -8.53523 -0.93741 0.335646 0.0927539 -35.7344 0 0 0 1 
				25
				0.224222 0.785434 -0.576904 0.856993 -0.26824 -0.519369 -0.811359 -8.42979 -0.936895 0.336673 0.0942311 -35.7987 0 0 0 1 
				26
				0.218215 0.778486 -0.588507 0.830443 -0.268962 -0.53171 -0.803084 -8.25441 -0.938105 0.333531 0.0933556 -35.896 0 0 0 1 
				27
				0.207939 0.766726 -0.607366 0.787537 -0.267886 -0.552558 -0.789251 -8.0185 -0.940744 0.326821 0.0904971 -36.0226 0 0 0 1 
				28
				0.194309 0.750293 -0.631906 0.732076 -0.264938 -0.580103 -0.770252 -7.73095 -0.944485 0.317082 0.0860618 -36.175 0 0 0 1 
				29
				0.178273 0.729339 -0.660517 0.667939 -0.260049 -0.612482 -0.746485 -7.40074 -0.948996 0.304845 0.0804747 -36.3494 0 0 0 1 
				30
				0.160802 0.70418 -0.691573 0.598988 -0.253246 -0.647797 -0.718489 -7.03749 -0.953944 0.290672 0.0741639 -36.5421 0 0 0 1 
				31
				0.142819 0.675361 -0.723526 0.528811 -0.244689 -0.684236 -0.686986 -6.65124 -0.959026 0.275153 0.0675317 -36.7494 0 0 0 1 
				32
				0.125148 0.643673 -0.754999 0.460501 -0.234685 -0.72018 -0.652889 -6.2522 -0.963982 0.258895 0.0609319 -36.9679 0 0 0 1 
				33
				0.108499 0.610186 -0.784793 0.396638 -0.223703 -0.754219 -0.617341 -5.85104 -0.968599 0.242541 0.0546686 -37.1942 0 0 0 1 
				34
				0.093462 0.57627 -0.811897 0.339286 -0.212373 -0.78516 -0.58174 -5.4592 -0.972709 0.226795 0.0490015 -37.425 0 0 0 1 
				35
				0.0804725 0.543515 -0.835533 0.289895 -0.201447 -0.812086 -0.547664 -5.08849 -0.976188 0.212388 0.044139 -37.6569 0 0 0 1 
				36
				0.0686058 0.510201 -0.857315 0.245022 -0.190223 -0.836884 -0.513265 -4.72188 -0.979341 0.198294 0.0396366 -37.8994 0 0 0 1 
				37
				0.0569359 0.473613 -0.878891 0.20132 -0.177503 -0.861492 -0.475736 -4.33625 -0.982472 0.183092 0.0350181 -38.1619 0 0 0 1 
				38
				0.0457527 0.433954 -0.899773 0.159838 -0.163368 -0.885339 -0.435299 -3.93395 -0.985504 0.16691 0.0303874 -38.4415 0 0 0 1 
				39
				0.0353257 0.391489 -0.919505 0.12153 -0.147931 -0.907895 -0.392229 -3.51748 -0.988367 0.149879 0.0258412 -38.7349 0 0 0 1 
				40
				0.0258941 0.346538 -0.937678 0.0872256 -0.131338 -0.928683 -0.346841 -3.08932 -0.991 0.132134 0.0214664 -39.0393 0 0 0 1 
				41
				0.0176637 0.299481 -0.953939 0.0576243 -0.113768 -0.947289 -0.2995 -2.65207 -0.99335 0.113818 0.0173388 -39.3518 0 0 0 1 
				42
				0.0108032 0.250761 -0.967989 0.0332877 -0.0954327 -0.963368 -0.250629 -2.20849 -0.995377 0.0950853 0.0135233 -39.6693 0 0 0 1 
				43
				0.00543511 0.200864 -0.979604 0.0146108 -0.0765662 -0.976659 -0.200685 -1.76138 -0.99705 0.0760953 0.0100711 -39.9888 0 0 0 1 
				44
				0.00163198 0.150301 -0.988639 0.00181265 -0.0574151 -0.986995 -0.150146 -1.31352 -0.998349 0.0570079 0.00701882 -40.3075 0 0 0 1 
				45
				-0.000583509 0.0996041 -0.995027 -0.00506051 -0.0382345 -0.994302 -0.0995091 -0.867692 -0.999269 0.0379862 0.00438849 -40.6226 0 0 0 1 
				46
				-0.0012393 0.0493214 -0.998782 -0.00613702 -0.0192851 -0.998598 -0.0492884 -0.426784 -0.999813 0.0192005 0.00218873 -40.9312 0 0 0 1 
				47
				-0.000413965 -9.0256e-07 -1 -0.0017195 -0.000821564 -1 1.24266e-06 0.00635923 -1 0.000821565 0.000413963 -41.2303 0 0 0 1 
		</Joint>
			4
				-1
				-0.000413965 -9.0256e-07 -1 -0.00526165 -0.000821564 -1 1.24266e-06 0.00194578 -1 0.000821565 0.000413963 -49.787 0 0 0 1 
				0
				-0.000103266 0.0140645 -0.999901 -0.00153097 0.00337327 -0.999895 -0.0140647 -0.332684 -0.999994 -0.00337439 5.58123e-05 -49.4531 0 0 0 1 
				1
				0.000112317 0.0251077 -0.999685 0.000723284 0.00977374 -0.999637 -0.0251054 -0.648615 -0.999952 -0.00976784 -0.000357672 -49.1061 0 0 0 1 
				2
				8.70383e-05 0.0341441 -0.999417 -0.000539125 0.017636 -0.999262 -0.0341373 -0.952166 -0.999845 -0.0176228 -0.000689141 -48.7499 0 0 0 1 
				3
				-0.000264526 0.0421859 -0.99911 -0.00649611 0.0262101 -0.998766 -0.0421784 -1.24975 -0.999656 -0.0261979 -0.000841496 -48.3887 0 0 0 1 
				4
				-0.000975562 0.0502126 -0.998738 -0.017541 0.0347664 -0.998133 -0.0502161 -1.54762 -0.999395 -0.0347716 -0.000771973 -48.0268 0 0 0 1 
				5
				-0.00203003 0.0592043 -0.998244 -0.0333109 0.042577 -0.997336 -0.0592371 -1.85201 -0.999091 -0.0426225 -0.000496116 -47.6685 0 0 0 1 
				6
				-0.00336056 0.0701754 -0.997529 -0.0526638 0.0488943 -0.99633 -0.0702558 -2.16929 -0.998798 -0.0490096 -8.29569e-05 -47.3188 0 0 0 1 
				7
				-0.00483993 0.0841424 -0.996442 -0.0736029 0.0529783 -0.995033 -0.0842807 -2.50569 -0.998584 -0.0531977 0.000358171 -46.9827 0 0 0 1 
				8
				-0.00626804 0.102089 -0.994756 -0.0931672 0.0541222 -0.993283 -0.102278 -2.86711 -0.998515 -0.0544795 0.000700681 -46.6651 0 0 0 1 
				9
				-0.00735586 0.124985 -0.992131 -0.107293 0.0516341 -0.990787 -0.125199 -3.2592 -0.998639 -0.0521488 0.000834582 -46.3705 0 0 0 1 
				10
				-0.00769934 0.153805 -0.988071 -0.110564 0.044821 -0.987054 -0.153996 -3.68748 -0.998965 -0.045472 0.00070598 -46.1036 0 0 0 1 
				11
				-0.00674861 0.189452 -0.981867 -0.0959296 0.0330261 -0.981312 -0.189572 -4.15702 -0.999432 -0.0337066 0.000365626 -45.8677 0 0 0 1 
				12
				-0.00349921 0.235858 -0.971781 -0.0506429 0.0143164 -0.971676 -0.235884 -4.70916 -0.999892 -0.0147379 2.34496e-05 -45.6535 0 0 0 1 
				13
				0.00329054 0.294101 -0.955769 0.0400694 -0.0115983 -0.955698 -0.294119 -5.36195 -0.999927 0.0120531 0.000266305 -45.4469 0 0 0 1 
				14
				0.0144866 0.360275 -0.932734 0.185496 -0.042613 -0.931761 -0.360562 -6.08183 -0.998986 0.0449699 0.00185437 -45.2435 0 0 0 1 
				15
				0.0305672 0.430328 -0.902155 0.390298 -0.0765294 -0.898919 -0.431378 -6.83445 -0.996599 0.0822273 0.00545533 -45.0401 0 0 0 1 
				16
				0.0514813 0.500363 -0.864284 0.653015 -0.111221 -0.857175 -0.502872 -7.58685 -0.992461 0.122015 0.0115225 -44.8348 0 0 0 1 
				17
				0.076582 0.56682 -0.820274 0.965338 -0.144731 -0.807657 -0.571614 -8.30815 -0.986503 0.162494 0.0201844 -44.6284 0 0 0 1 
				18
				0.104613 0.626696 -0.77221 1.31192 -0.175389 -0.752674 -0.634602 -8.97045 -0.978925 0.201825 0.031176 -44.4248 0 0 0 1 
				19
				0.133822 0.677847 -0.722921 1.67161 -0.201999 -0.69551 -0.689538 -9.55109 -0.9702 0.238305 0.0438499 -44.2304 0 0 0 1 
				20
				0.162167 0.719137 -0.67568 2.0198 -0.223917 -0.640063 -0.73497 -10.0337 -0.961022 0.270484 0.0572304 -44.0544 0 0 0 1 
				21
				0.187454 0.750276 -0.633992 2.3299 -0.24097 -0.590586 -0.770157 -10.4071 -0.952257 0.297142 0.0700863 -43.9074 0 0 0 1 
				22
				0.207442 0.771519 -0.601437 2.57448 -0.253301 -0.55148 -0.794801 -10.663 -0.944884 0.31722 0.0810268 -43.8018 0 0 0 1 
				23
				0.220011 0.783304 -0.581404 2.72744 -0.261163 -0.526954 -0.808773 -10.7941 -0.939888 0.32978 0.0886339 -43.7498 0 0 0 1 
				24
				0.225079 0.787256 -0.574079 2.78741 -0.265709 -0.517271 -0.813529 -10.8074 -0.93741 0.335646 0.0927539 -43.7564 0 0 0 1 
				25
				0.224222 0.785434 -0.576904 2.77352 -0.26824 -0.519369 -0.811359 -10.7237 -0.936895 0.336673 0.0942311 -43.8163 0 0 0 1 
				26
				0.218215 0.778486 -0.588507 2.6956 -0.268962 -0.53171 -0.803084 -10.5544 -0.938106 0.333531 0.0933556 -43.9239 0 0 0 1 
				27
				0.207939 0.766726 -0.607366 2.56479 -0.267886 -0.552558 -0.789251 -10.3093 -0.940744 0.326821 0.0904972 -44.0731 0 0 0 1 
				28
				0.194309 0.750293 -0.631906 2.39274 -0.264938 -0.580103 -0.770252 -9.99641 -0.944485 0.317082 0.0860618 -44.2575 0 0 0 1 
				29
				0.178273 0.729339 -0.660517 2.19145 -0.260049 -0.612482 -0.746485 -9.62429 -0.948996 0.304845 0.0804747 -44.4704 0 0 0 1 
				30
				0.160802 0.70418 -0.691573 1.97307 -0.253246 -0.647797 -0.718489 -9.20273 -0.953944 0.290672 0.0741639 -44.7054 0 0 0 1 
				31
				0.142819 0.675361 -0.723527 1.74909 -0.244689 -0.684235 -0.686986 -8.74317 -0.959026 0.275153 0.0675317 -44.9562 0 0 0 1 
				32
				0.125148 0.643673 -0.754999 1.52966 -0.234685 -0.72018 -0.652889 -8.25844 -0.963982 0.258895 0.0609319 -45.2171 0 0 0 1 
				33
				0.108499 0.610186 -0.784793 1.32343 -0.223703 -0.754219 -0.617341 -7.76321 -0.968599 0.242541 0.0546686 -45.4828 0 0 0 1 
				34
				0.093462 0.57627 -0.811897 1.1375 -0.212373 -0.78516 -0.58174 -7.27435 -0.972709 0.226795 0.0490015 -45.7487 0 0 0 1 
				35
				0.0804725 0.543515 -0.835533 0.977049 -0.201447 -0.812086 -0.547664 -6.81009 -0.976188 0.212388 0.044139 -46.0103 0 0 0 1 
				36
				0.0686058 0.510201 -0.857315 0.830723 -0.190223 -0.836884 -0.513265 -6.34736 -0.979341 0.198293 0.0396366 -46.2798 0 0 0 1 
				37
				0.0569359 0.473613 -0.878891 0.687262 -0.177503 -0.861492 -0.475736 -5.85283 -0.982472 0.183092 0.0350181 -46.5691 0 0 0 1 
				38
				0.0457527 0.433954 -0.899773 0.550193 -0.163368 -0.885339 -0.435299 -5.32952 -0.985504 0.16691 0.0303874 -46.8745 0 0 0 1 
				39
				0.0353257 0.391489 -0.919504 0.422776 -0.147931 -0.907895 -0.392229 -4.78089 -0.988367 0.149879 0.0258412 -47.1924 0 0 0 1 
				40
				0.0258941 0.346538 -0.937678 0.307885 -0.131338 -0.928683 -0.346841 -4.21071 -0.991 0.132134 0.0214664 -47.5193 0 0 0 1 
				41
				0.0176637 0.299481 -0.953939 0.207983 -0.113768 -0.947289 -0.2995 -3.62307 -0.99335 0.113818 0.0173388 -47.8518 0 0 0 1 
				42
				0.0108032 0.250761 -0.967989 0.125071 -0.0954327 -0.963368 -0.250629 -3.02256 -0.995377 0.0950854 0.0135233 -48.1866 0 0 0 1 
				43
				0.00543511 0.200864 -0.979604 0.0605916 -0.0765662 -0.976659 -0.200685 -2.41397 -0.99705 0.0760953 0.0100711 -48.5204 0 0 0 1 
				44
				0.00163198 0.150301 -0.988639 0.0153837 -0.0574151 -0.986995 -0.150146 -1.80221 -0.998349 0.0570079 0.00701882 -48.8502 0 0 0 1 
				45
				-0.000583509 0.0996041 -0.995027 -0.010314 -0.0382345 -0.994302 -0.0995091 -1.19225 -0.999269 0.0379862 0.00438849 -49.1731 0 0 0 1 
				46
				-0.0012393 0.0493214 -0.998782 -0.0168704 -0.0192851 -0.998598 -0.0492884 -0.589187 -0.999813 0.0192005 0.00218873 -49.4863 0 0 0 1 
				47
				-0.000413965 -9.0256e-07 -1 -0.00526165 -0.000821564 -1 1.24266e-06 0.00194578 -1 0.000821565 0.000413963 -49.787 0 0 0 1 
		</Joint>
			5
				-1
				2.15712e-06 -3.77906e-05 -1 -0.00662186 2.7015e-07 -1 3.77906e-05 -0.00075372 -1 -2.70231e-07 -2.15711e-06 -53.0728 0 0 0 1 
				0
				0.00061896 0.0396297 -0.999214 -0.00187028 0.00636557 -0.999194 -0.039625 -0.3216 -0.99998 -0.00633604 -0.000870727 -52.7389 0 0 0 1 
				1
				0.00114813 0.0838153 -0.996481 0.00109234 0.0132609 -0.996395 -0.0837928 -0.6165 -0.999911 -0.013118 -0.00225545 -52.3917 0 0 0 1 
				2
				0.00136252 0.130881 -0.991397 -0.000253142 0.0205347 -0.991193 -0.130826 -0.894217 -0.999788 -0.0201798 -0.00403813 -52.0352 0 0 0 1 
				3
				0.00108257 0.179136 -0.983824 -0.0073653 0.0280058 -0.983444 -0.179036 -1.16363 -0.999607 -0.0273589 -0.00608147 -51.6734 0 0 0 1 
				4
				0.000185738 0.226951 -0.973906 -0.0207465 0.0354737 -0.973295 -0.226802 -1.43338 -0.99937 -0.034506 -0.00823158 -51.3106 0 0 0 1 
				5
				-0.0013939 0.272754 -0.962083 -0.0399812 0.0427216 -0.961189 -0.272562 -1.71211 -0.999086 -0.0414817 -0.0103127 -50.9513 0 0 0 1 
				6
				-0.00366771 0.315008 -0.949082 -0.0637059 0.0495184 -0.947867 -0.314796 -2.00863 -0.998767 -0.0481516 -0.0121222 -50.6007 0 0 0 1 
				7
				-0.00659306 0.352286 -0.935869 -0.089506 0.0556357 -0.934311 -0.352091 -2.33162 -0.99843 -0.0543891 -0.0134397 -50.2639 0 0 0 1 
				8
				-0.0100829 0.383315 -0.923563 -0.113763 0.0608624 -0.921662 -0.383191 -2.68928 -0.998095 -0.0600739 -0.0140365 -49.946 0 0 0 1 
				9
				-0.0140222 0.406909 -0.913361 -0.131463 0.0650039 -0.911148 -0.40692 -3.08954 -0.997786 -0.065078 -0.0136743 -49.6519 0 0 0 1 
				10
				-0.0182806 0.421876 -0.906469 -0.135862 0.0678821 -0.904005 -0.422099 -3.5402 -0.997526 -0.0692492 -0.0121121 -49.386 0 0 0 1 
				11
				-0.0227277 0.427005 -0.903964 -0.118104 0.0693428 -0.901347 -0.427512 -4.0485 -0.997334 -0.0723998 -0.00912414 -49.1517 0 0 0 1 
				12
				-0.0276044 0.420309 -0.906961 -0.0621407 0.0692476 -0.904324 -0.421194 -4.66212 -0.997218 -0.0744316 -0.00414207 -48.939 0 0 0 1 
				13
				-0.0330857 0.401787 -0.915135 0.0508816 0.067694 -0.912633 -0.403135 -5.40006 -0.997157 -0.0752872 0.00299655 -48.7325 0 0 0 1 
				14
				-0.0389542 0.37327 -0.926905 0.233096 0.0649557 -0.924701 -0.375112 -6.22185 -0.997127 -0.07482 0.011775 -48.526 0 0 0 1 
				15
				-0.0450274 0.336582 -0.940577 0.490736 0.0613198 -0.938825 -0.338891 -7.08591 -0.997102 -0.0729353 0.0216337 -48.3147 0 0 0 1 
				16
				-0.051169 0.293564 -0.954569 0.822173 0.0570547 -0.953401 -0.296263 -7.9523 -0.997059 -0.0696222 0.0320354 -48.0958 0 0 0 1 
				17
				-0.0572363 0.246197 -0.967528 1.21697 0.0524248 -0.967039 -0.249174 -8.78371 -0.996983 -0.0649842 0.0424429 -47.8699 0 0 0 1 
				18
				-0.0630595 0.196688 -0.978436 1.65566 0.0476924 -0.978673 -0.19981 -9.54675 -0.996869 -0.0592639 0.0523341 -47.6413 0 0 0 1 
				19
				-0.0684679 0.147364 -0.98671 2.11133 0.0430881 -0.987671 -0.150498 -10.2148 -0.996723 -0.0528197 0.0612741 -47.4183 0 0 0 1 
				20
				-0.07327 0.100554 -0.99223 2.55265 0.0388229 -0.993862 -0.103586 -10.7695 -0.996556 -0.046111 0.0689165 -47.2121 0 0 0 1 
				21
				-0.0772532 0.0586076 -0.995287 2.94584 0.0350889 -0.997492 -0.061461 -11.1989 -0.996394 -0.0396716 0.075003 -47.0364 0 0 0 1 
				22
				-0.0802053 0.0239054 -0.996492 3.2561 0.0320385 -0.999134 -0.0265475 -11.4953 -0.996263 -0.0340553 0.07937 -46.9065 0 0 0 1 
				23
				-0.0818977 -0.00122459 -0.99664 3.45036 0.0298099 -0.999555 -0.00122142 -11.6523 -0.996195 -0.0298098 0.0818978 -46.8381 0 0 0 1 
				24
				-0.0823004 -0.0183252 -0.996439 3.52698 0.0282047 -0.999473 0.0160514 -11.6805 -0.996208 -0.0267833 0.0827739 -46.8365 0 0 0 1 
				25
				-0.0816427 -0.0307634 -0.996187 3.51027 0.0268815 -0.999228 0.0286543 -11.6051 -0.996299 -0.0244396 0.0824066 -46.8947 0 0 0 1 
				26
				-0.0800688 -0.0391561 -0.99602 3.41261 0.0257758 -0.998975 0.0372002 -11.4382 -0.996456 -0.0226946 0.0809961 -47.0064 0 0 0 1 
				27
				-0.0777123 -0.0441178 -0.995999 3.24804 0.0248309 -0.998796 0.0423043 -11.1895 -0.996666 -0.021444 0.0787142 -47.1642 0 0 0 1 
				28
				-0.0747053 -0.0462416 -0.996133 3.03121 0.023991 -0.998719 0.0445624 -10.8669 -0.996917 -0.0205692 0.0757189 -47.3609 0 0 0 1 
				29
				-0.0711823 -0.0461168 -0.996397 2.77723 0.0232037 -0.998737 0.0445674 -10.4788 -0.997193 -0.0199477 0.0721624 -47.5886 0 0 0 1 
				30
