<?xml version='1.0' encoding='UTF-8' ?>
<itpanim>
	<skeleton count>
		37
			0 -1
			1.37091e-06 -1 -6.12323e-17 1e-06 1 1.37091e-06 -6.12323e-17 -1.37225e-12 6.12323e-17 -6.12323e-17 1 21.9617 0 0 0 1 
			1 0
			1.3868e-06 -2.28068e-12 -1 -21.9617 2.75771e-06 -1 6.10495e-12 1.00008e-06 -1 -2.75771e-06 -1.3868e-06 -3.04564e-05 0 0 0 1 
			2 1
			-0.000205999 -0.000823318 -1 -24.8731 -1.2413e-06 -1 0.000823318 0.0257198 -1 1.41091e-06 0.000205998 0.00512379 0 0 0 1 
			3 2
			-0.000383999 -0.00100932 -0.999999 -31.4555 -1.03656e-06 -0.999999 0.00100932 0.036812 -1 1.42414e-06 0.000383997 0.0107229 0 0 0 1 
			4 3
			-0.000383999 -0.00100932 -0.999999 -38.038 -1.03656e-06 -0.999999 0.00100932 0.0388247 -1 1.42414e-06 0.000383997 0.0107229 0 0 0 1 
			5 4
			1.34309e-06 9.82436e-13 -1 -40.5657 -1.40269e-06 -1 -2.86637e-12 -0.00211895 -1 1.40269e-06 -1.34309e-06 -0.00490874 0 0 0 1 
			6 5
			1 -0 0 0 0 1 0 0 -0 -0 1 -0 0 0 0 1 
			7 4
			0.950432 6.75818e-05 0.310933 10.539 -1.42282e-06 1 -0.000213002 -0.00652172 -0.310933 0.000202002 0.950432 36.5745 0 0 0 1 
			8 7
			0.476976 0.0235788 0.8786 28.6752 0.0457762 0.997617 -0.0516239 -2.17945 -0.877723 0.0648423 0.47476 23.1227 0 0 0 1 
			9 8
			0.476835 0.0205561 0.878752 22.2236 0.0472212 0.997684 -0.0489616 -2.11213 -0.877724 0.0648423 0.47476 23.1227 0 0 0 1 
			10 9
			0.476835 0.0205561 0.878752 15.4032 -0.877686 0.0656367 0.474721 23.121 -0.04792 -0.997632 0.0493396 2.13054 0 0 0 1 
			11 10
			1 -0 0 0 0 1 0 0 -0 -0 1 -0 0 0 0 1 
			12 11
			1 -0 0 0 0 1 0 0 -0 -0 1 -0 0 0 0 1 
			13 12
			1 -0 0 0 0 1 0 0 -0 -0 1 -0 0 0 0 1 
			14 10
			1 -0 0 0 0 1 0 0 -0 -0 1 -0 0 0 0 1 
			15 14
			1 -0 0 0 0 1 0 0 -0 -0 1 -0 0 0 0 1 
			16 15
			1 -0 0 0 0 1 0 0 -0 -0 1 -0 0 0 0 1 
			17 4
			-0.950193 6.50589e-05 0.311663 10.5594 -1.39561e-06 1 -0.000213002 -0.00652172 -0.311663 -0.000202828 -0.950193 -36.5678 0 0 0 1 
			18 17
			-0.476976 0.0235775 0.8786 28.6676 -0.045779 0.997617 -0.0516239 -2.17948 -0.877723 -0.0648447 -0.47476 -23.1259 0 0 0 1 
			19 18
			-0.476835 0.0205548 0.878752 22.216 -0.0472239 0.997684 -0.0489616 -2.11218 -0.877723 -0.0648447 -0.47476 -23.1259 0 0 0 1 
			20 19
			-0.476835 0.0205547 0.878752 15.3956 0.877685 0.0656391 0.474721 23.1242 -0.0479228 0.997632 -0.0493396 -2.13059 0 0 0 1 
			21 20
			1 -0 0 0 0 1 0 0 -0 -0 1 -0 0 0 0 1 
			22 21
			1 -0 0 0 0 1 0 0 -0 -0 1 -0 0 0 0 1 
			23 22
			1 -0 0 0 0 1 0 0 -0 -0 1 -0 0 0 0 1 
			24 20
			1 -0 0 0 0 1 0 0 -0 -0 1 -0 0 0 0 1 
			25 24
			1 -0 0 0 0 1 0 0 -0 -0 1 -0 0 0 0 1 
			26 25
			1 -0 0 0 0 1 0 0 -0 -0 1 -0 0 0 0 1 
			27 2
			1.37369e-06 -0.0998331 0.995004 21.852 0 -0.995004 -0.0998331 -2.1925 1 1.3714e-07 -1.36683e-06 -4.26131 0 0 0 1 
			28 27
			1.37369e-06 0.0998335 0.995004 12.303 0 -0.995004 0.0998335 0.256849 1 -1.3714e-07 -1.36683e-06 -4.26131 0 0 0 1 
			29 28
			1.3716e-06 -6.00745e-14 1 2.57273 0 -1 -6.00745e-14 4.22662e-06 1 8.23984e-20 -1.3716e-06 -4.26131 0 0 0 1 
			30 29
			1.3723e-06 -1 -6.00133e-14 -5.50713 0 6.00133e-14 -1 -0.331805 1 1.3723e-06 8.23562e-20 -4.26131 0 0 0 1 
			31 30
			1 -0 0 0 0 1 0 0 -0 -0 1 -0 0 0 0 1 
			32 2
			1.37369e-06 -0.0998331 0.995004 21.852 0 -0.995004 -0.0998331 -2.1925 1 1.3714e-07 -1.36683e-06 4.26131 0 0 0 1 
			33 32
			1.37369e-06 0.0998335 0.995004 12.303 0 -0.995004 0.0998335 0.256849 1 -1.3714e-07 -1.36683e-06 4.26131 0 0 0 1 
			34 33
			1.3716e-06 -6.00745e-14 1 2.57273 0 -1 -6.00745e-14 4.22662e-06 1 8.23984e-20 -1.3716e-06 4.26131 0 0 0 1 
			35 34
			1.3723e-06 -1 -6.00133e-14 -5.50713 0 6.00133e-14 -1 -0.331804 1 1.3723e-06 8.23562e-20 4.26131 0 0 0 1 
			36 35
			1 -0 0 0 0 1 0 0 -0 -0 1 -0 0 0 0 1 
	</skeleton>
		<animations>
			17
			0
				-1
				1.33158e-06 1 0 0 -1 1.33158e-06 0 9.75445e-07 -0 -0 1 -22.187 0 0 0 1 
				0
				1.33158e-06 1 0 0 -1 1.33158e-06 0 9.54324e-07 -0 -0 1 -22.0071 0 0 0 1 
				1
				1.33158e-06 1 0 0 -1 1.33158e-06 0 9.32669e-07 -0 -0 1 -21.817 0 0 0 1 
				2
				1.33158e-06 1 0 0 -1 1.33158e-06 0 9.12032e-07 -0 -0 1 -21.6465 0 0 0 1 
				3
				1.33158e-06 1 0 0 -1 1.33158e-06 0 8.93967e-07 -0 -0 1 -21.5254 0 0 0 1 
				4
				1.33158e-06 1 0 0 -1 1.33158e-06 0 8.77029e-07 -0 -0 1 -21.4946 0 0 0 1 
				5
				1.33158e-06 1 0 0 -1 1.33158e-06 0 8.60951e-07 -0 -0 1 -21.5289 0 0 0 1 
				6
				1.33158e-06 1 0 0 -1 1.33158e-06 0 8.49158e-07 -0 -0 1 -21.5529 0 0 0 1 
				7
				1.46474e-06 1 0 0 -1 1.46474e-06 0 8.45079e-07 -0 -0 1 -21.4909 0 0 0 1 
				8
				1.46474e-06 1 0 0 -1 1.46474e-06 0 8.51169e-07 -0 -0 1 -21.329 0 0 0 1 
				9
				1.46474e-06 1 0 0 -1 1.46474e-06 0 8.65194e-07 -0 -0 1 -21.1048 0 0 0 1 
				10
				1.46474e-06 1 0 0 -1 1.46474e-06 0 8.83082e-07 -0 -0 1 -20.8252 0 0 0 1 
				11
				1.46474e-06 1 0 0 -1 1.46474e-06 0 9.00756e-07 -0 -0 1 -20.4968 0 0 0 1 
				12
				1.46474e-06 1 0 0 -1 1.46474e-06 0 9.18085e-07 -0 -0 1 -20.1019 0 0 0 1 
				13
				1.46474e-06 1 0 0 -1 1.46474e-06 0 9.36913e-07 -0 -0 1 -19.6426 0 0 0 1 
				14
				1.46474e-06 1 0 0 -1 1.46474e-06 0 9.56334e-07 -0 -0 1 -19.1578 0 0 0 1 
				15
				1.46474e-06 1 0 0 -1 1.46474e-06 0 9.75445e-07 -0 -0 1 -18.6863 0 0 0 1 
		</Joint>
			1
				-1
				1.33158e-06 2.66316e-06 -1 0 0 -1 -2.66316e-06 9.75445e-07 -1 3.54621e-12 -1.33158e-06 -22.187 0 0 0 1 
				0
				1.33158e-06 2.66316e-06 -1 0 0 -1 -2.66316e-06 9.54324e-07 -1 3.54621e-12 -1.33158e-06 -22.0071 0 0 0 1 
				1
				1.33158e-06 2.66316e-06 -1 0 0 -1 -2.66316e-06 9.32669e-07 -1 3.54621e-12 -1.33158e-06 -21.817 0 0 0 1 
				2
				1.33158e-06 2.66316e-06 -1 0 0 -1 -2.66316e-06 9.12032e-07 -1 3.54621e-12 -1.33158e-06 -21.6465 0 0 0 1 
				3
				1.33158e-06 2.66316e-06 -1 0 0 -1 -2.66316e-06 8.93967e-07 -1 3.54621e-12 -1.33158e-06 -21.5254 0 0 0 1 
				4
				1.33158e-06 2.66316e-06 -1 0 0 -1 -2.66316e-06 8.77029e-07 -1 3.54621e-12 -1.33158e-06 -21.4946 0 0 0 1 
				5
				1.33158e-06 2.66316e-06 -1 0 0 -1 -2.66316e-06 8.60951e-07 -1 3.54621e-12 -1.33158e-06 -21.5289 0 0 0 1 
				6
				1.33158e-06 2.66316e-06 -1 0 0 -1 -2.66316e-06 8.49158e-07 -1 3.54621e-12 -1.33158e-06 -21.5529 0 0 0 1 
				7
				1.33158e-06 2.79632e-06 -1 0 0 -1 -2.79632e-06 8.45079e-07 -1 3.72352e-12 -1.33158e-06 -21.4909 0 0 0 1 
				8
				1.33158e-06 2.79632e-06 -1 0 0 -1 -2.79632e-06 8.51169e-07 -1 3.72352e-12 -1.33158e-06 -21.329 0 0 0 1 
				9
				1.33158e-06 2.79632e-06 -1 0 0 -1 -2.79632e-06 8.65194e-07 -1 3.72352e-12 -1.33158e-06 -21.1048 0 0 0 1 
				10
				1.33158e-06 2.79632e-06 -1 0 0 -1 -2.79632e-06 8.83082e-07 -1 3.72352e-12 -1.33158e-06 -20.8252 0 0 0 1 
				11
				1.33158e-06 2.79632e-06 -1 0 0 -1 -2.79632e-06 9.00756e-07 -1 3.72352e-12 -1.33158e-06 -20.4968 0 0 0 1 
				12
				1.33158e-06 2.79632e-06 -1 0 0 -1 -2.79632e-06 9.18085e-07 -1 3.72352e-12 -1.33158e-06 -20.1019 0 0 0 1 
				13
				1.33158e-06 2.79632e-06 -1 0 0 -1 -2.79632e-06 9.36913e-07 -1 3.72352e-12 -1.33158e-06 -19.6426 0 0 0 1 
				14
				1.33158e-06 2.79632e-06 -1 0 0 -1 -2.79632e-06 9.56334e-07 -1 3.72352e-12 -1.33158e-06 -19.1578 0 0 0 1 
				15
				1.33158e-06 2.79632e-06 -1 0 0 -1 -2.79632e-06 9.75445e-07 -1 3.72352e-12 -1.33158e-06 -18.6863 0 0 0 1 
		</Joint>
			2
				-1
				-0.000201565 -1.28234e-06 -1 4.03023e-06 -0.0008487 -1 1.45341e-06 0.00523743 -1 0.0008487 0.000201564 -25.0984 0 0 0 1 
				0
				-0.000176196 -1.31363e-06 -1 4.03035e-06 -0.000842319 -1 1.46204e-06 0.00523742 -1 0.000842319 0.000176195 -24.9186 0 0 0 1 
				1
				-0.000150827 -1.34476e-06 -1 4.0304e-06 -0.000835937 -1 1.47084e-06 0.0052374 -1 0.000835938 0.000150826 -24.7285 0 0 0 1 
				2
				-0.000125458 -1.37573e-06 -1 4.03055e-06 -0.000829556 -1 1.4798e-06 0.00523739 -1 0.000829556 0.000125457 -24.558 0 0 0 1 
				3
				-0.000100089 -1.40654e-06 -1 4.03064e-06 -0.000823175 -1 1.48893e-06 0.00523738 -1 0.000823175 0.000100087 -24.4369 0 0 0 1 
				4
				-7.23792e-05 -1.44e-06 -1 4.03078e-06 -0.000816205 -1 1.49908e-06 0.00523736 -1 0.000816205 7.2378e-05 -24.4061 0 0 0 1 
				5
				-4.30081e-05 -1.47526e-06 -1 4.03089e-06 -0.000808817 -1 1.51004e-06 0.00523735 -1 0.000808817 4.30069e-05 -24.4404 0 0 0 1 
				6
				-1.68082e-05 -1.50653e-06 -1 4.03101e-06 -0.000802227 -1 1.52001e-06 0.00523733 -1 0.000802227 1.6807e-05 -24.4643 0 0 0 1 
				7
				1.3879e-06 -1.39499e-06 -1 4.03038e-06 -0.000797649 -1 1.39388e-06 0.00523733 -1 0.000797649 -1.38901e-06 -24.4023 0 0 0 1 
				8
				8.56102e-06 -1.40349e-06 -1 4.03041e-06 -0.000795845 -1 1.39668e-06 0.00523734 -1 0.000795845 -8.56213e-06 -24.2405 0 0 0 1 
				9
				7.73018e-06 -1.4025e-06 -1 4.03041e-06 -0.000796054 -1 1.39635e-06 0.00523737 -1 0.000796054 -7.73129e-06 -24.0163 0 0 0 1 
				10
				3.7282e-06 -1.39776e-06 -1 4.0304e-06 -0.000797061 -1 1.39479e-06 0.0052374 -1 0.000797061 -3.72931e-06 -23.7366 0 0 0 1 
				11
				1.3879e-06 -1.39499e-06 -1 4.03039e-06 -0.000797649 -1 1.39388e-06 0.00523743 -1 0.000797649 -1.38901e-06 -23.4083 0 0 0 1 
				12
				1.3879e-06 -1.39499e-06 -1 4.03039e-06 -0.000797649 -1 1.39388e-06 0.00523746 -1 0.000797649 -1.38901e-06 -23.0134 0 0 0 1 
				13
				1.3879e-06 -1.39499e-06 -1 4.03038e-06 -0.00079765 -1 1.39388e-06 0.0052375 -1 0.00079765 -1.38901e-06 -22.554 0 0 0 1 
				14
				1.3879e-06 -1.39499e-06 -1 4.03038e-06 -0.000797649 -1 1.39388e-06 0.00523754 -1 0.000797649 -1.38901e-06 -22.0692 0 0 0 1 
				15
				1.3879e-06 -1.39499e-06 -1 4.03038e-06 -0.000797649 -1 1.39388e-06 0.00523758 -1 0.000797649 -1.38901e-06 -21.5978 0 0 0 1 
		</Joint>
			3
				-1
				-0.000413965 -1.06196e-06 -1 -0.00132277 -0.000821564 -1 1.40205e-06 0.00489234 -1 0.000821565 0.000413964 -31.6809 0 0 0 1 
				0
				-0.000362046 -1.1236e-06 -1 -0.00115577 -0.000818575 -1 1.41997e-06 0.00493433 -1 0.000818575 0.000362045 -31.501 0 0 0 1 
				1
				-0.000310127 -1.18535e-06 -1 -0.000988784 -0.000815585 -1 1.43829e-06 0.00497633 -1 0.000815586 0.000310126 -31.3109 0 0 0 1 
				2
				-0.000258208 -1.2472e-06 -1 -0.000821793 -0.000812596 -1 1.45702e-06 0.00501832 -1 0.000812596 0.000258206 -31.1404 0 0 0 1 
				3
				-0.000206288 -1.30915e-06 -1 -0.000654803 -0.000809607 -1 1.47616e-06 0.00506031 -1 0.000809607 0.000206287 -31.0193 0 0 0 1 
				4
				-0.00014958 -1.37693e-06 -1 -0.000472407 -0.000806342 -1 1.49754e-06 0.00510617 -1 0.000806342 0.000149579 -30.9885 0 0 0 1 
				5
				-8.94706e-05 -1.4489e-06 -1 -0.000279074 -0.000802881 -1 1.52074e-06 0.00515479 -1 0.000802881 8.94694e-05 -31.0228 0 0 0 1 
				6
				-3.58512e-05 -1.51322e-06 -1 -0.000106614 -0.000799794 -1 1.54189e-06 0.00519815 -1 0.000799794 3.58499e-05 -31.0468 0 0 0 1 
				7
				1.38788e-06 -1.42479e-06 -1 1.31591e-05 -0.000797649 -1 1.42368e-06 0.00522828 -1 0.000797649 -1.38901e-06 -30.9848 0 0 0 1 
				8
				1.6068e-05 -1.44356e-06 -1 6.03756e-05 -0.000796804 -1 1.43076e-06 0.00524017 -1 0.000796804 -1.60691e-05 -30.8229 0 0 0 1 
				9
				1.43676e-05 -1.44039e-06 -1 5.49067e-05 -0.000796902 -1 1.42894e-06 0.00523882 -1 0.000796902 -1.43688e-05 -30.5987 0 0 0 1 
				10
				6.17741e-06 -1.43091e-06 -1 2.85639e-05 -0.000797374 -1 1.42599e-06 0.00523222 -1 0.000797374 -6.17855e-06 -30.319 0 0 0 1 
				11
				1.38788e-06 -1.42479e-06 -1 1.31591e-05 -0.000797649 -1 1.42368e-06 0.00522838 -1 0.000797649 -1.38901e-06 -29.9907 0 0 0 1 
				12
				1.38788e-06 -1.42479e-06 -1 1.31591e-05 -0.000797649 -1 1.42368e-06 0.00522841 -1 0.000797649 -1.38901e-06 -29.5958 0 0 0 1 
				13
				1.38788e-06 -1.42479e-06 -1 1.31591e-05 -0.00079765 -1 1.42368e-06 0.00522845 -1 0.00079765 -1.38901e-06 -29.1365 0 0 0 1 
				14
				1.38788e-06 -1.42479e-06 -1 1.31591e-05 -0.000797649 -1 1.42368e-06 0.00522849 -1 0.000797649 -1.38901e-06 -28.6516 0 0 0 1 
				15
				1.38788e-06 -1.42479e-06 -1 1.31591e-05 -0.000797649 -1 1.42368e-06 0.00522853 -1 0.000797649 -1.38901e-06 -28.1802 0 0 0 1 
		</Joint>
			4
				-1
				-0.000413965 -1.06196e-06 -1 -0.00404766 -0.000821564 -1 1.40205e-06 0.0014972 -1 0.000821565 0.000413964 -38.2633 0 0 0 1 
				0
				-0.000362046 -1.1236e-06 -1 -0.00353892 -0.000818575 -1 1.41997e-06 0.00155886 -1 0.000818575 0.000362045 -38.0834 0 0 0 1 
				1
				-0.000310127 -1.18535e-06 -1 -0.00303017 -0.000815585 -1 1.43829e-06 0.00162053 -1 0.000815586 0.000310126 -37.8933 0 0 0 1 
				2
				-0.000258208 -1.2472e-06 -1 -0.00252143 -0.000812596 -0.999999 1.45702e-06 0.0016822 -0.999999 0.000812596 0.000258206 -37.7228 0 0 0 1 
				3
				-0.000206288 -1.30915e-06 -1 -0.00201268 -0.000809607 -1 1.47616e-06 0.00174387 -1 0.000809607 0.000206287 -37.6017 0 0 0 1 
				4
				-0.00014958 -1.37693e-06 -1 -0.00145701 -0.000806342 -1 1.49754e-06 0.00181123 -1 0.000806342 0.000149579 -37.5709 0 0 0 1 
				5
				-8.94706e-05 -1.4489e-06 -1 -0.00086801 -0.000802881 -1 1.52074e-06 0.00188262 -1 0.000802881 8.94694e-05 -37.6052 0 0 0 1 
				6
				-3.58512e-05 -1.51322e-06 -1 -0.000342604 -0.000799794 -1 1.54189e-06 0.00194631 -1 0.000799794 3.58499e-05 -37.6292 0 0 0 1 
				7
				1.38788e-06 -1.42479e-06 -1 2.22919e-05 -0.000797649 -1 1.42368e-06 0.00199055 -1 0.000797649 -1.38901e-06 -37.5672 0 0 0 1 
				8
				1.6068e-05 -1.44356e-06 -1 0.000166139 -0.000796804 -1 1.43076e-06 0.002008 -1 0.000796804 -1.60691e-05 -37.4053 0 0 0 1 
				9
				1.43676e-05 -1.44039e-06 -1 0.000149478 -0.000796902 -1 1.42894e-06 0.00200601 -1 0.000796902 -1.43688e-05 -37.1812 0 0 0 1 
				10
				6.17741e-06 -1.43091e-06 -1 6.92236e-05 -0.000797374 -1 1.42599e-06 0.0019963 -1 0.000797374 -6.17855e-06 -36.9015 0 0 0 1 
				11
				1.38788e-06 -1.42479e-06 -1 2.22919e-05 -0.000797649 -1 1.42368e-06 0.00199065 -1 0.000797649 -1.38901e-06 -36.5731 0 0 0 1 
				12
				1.38788e-06 -1.42479e-06 -1 2.22919e-05 -0.000797649 -1 1.42368e-06 0.00199068 -1 0.000797649 -1.38901e-06 -36.1782 0 0 0 1 
				13
				1.38788e-06 -1.42479e-06 -1 2.22919e-05 -0.00079765 -1 1.42368e-06 0.00199072 -1 0.00079765 -1.38901e-06 -35.7189 0 0 0 1 
				14
				1.38788e-06 -1.42479e-06 -1 2.22919e-05 -0.000797649 -1 1.42368e-06 0.00199076 -1 0.000797649 -1.38901e-06 -35.2341 0 0 0 1 
				15
				1.38788e-06 -1.42479e-06 -1 2.22919e-05 -0.000797649 -1 1.42368e-06 0.0019908 -1 0.000797649 -1.38901e-06 -34.7626 0 0 0 1 
		</Joint>
			5
				-1
				2.15714e-06 4.11459e-06 -1 -0.00509404 2.70187e-07 -1 -4.11459e-06 -0.000579471 -1 -2.70178e-07 -2.15714e-06 -40.791 0 0 0 1 
				0
				2.06085e-06 4.75833e-05 -1 -0.00445406 2.37973e-07 -1 -4.75833e-05 -0.000510246 -1 -2.37875e-07 -2.06086e-06 -40.6111 0 0 0 1 
				1
				1.96456e-06 -5.24843e-05 -1 -0.00381408 2.05727e-07 -1 5.24843e-05 -0.000441013 -1 -2.0583e-07 -1.96455e-06 -40.421 0 0 0 1 
				2
				1.8763e-06 -1.55684e-06 -1 -0.0031741 0 -1 1.55684e-06 -0.000371791 -1 -2.92111e-12 -1.8763e-06 -40.2505 0 0 0 1 
				3
				1.77755e-06 -1.55684e-06 -1 -0.00253412 0 -1 1.55684e-06 -0.00030257 -1 -2.76737e-12 -1.77755e-06 -40.1294 0 0 0 1 
				4
				1.67016e-06 -1.55684e-06 -1 -0.0018351 0 -1 1.55684e-06 -0.000226957 -1 -2.60017e-12 -1.67016e-06 -40.0986 0 0 0 1 
				5
				1.55681e-06 -1.55684e-06 -1 -0.00109416 0 -1 1.55684e-06 -0.000146816 -1 -2.42371e-12 -1.55681e-06 -40.1329 0 0 0 1 
				6
				1.45629e-06 -1.55684e-06 -1 -0.000433225 0 -1 1.55684e-06 -7.53284e-05 -1 -2.2672e-12 -1.45629e-06 -40.1569 0 0 0 1 
				7
				1.38685e-06 -1.42368e-06 -1 2.58001e-05 0 -1 1.42368e-06 -2.56662e-05 -1 -1.97444e-12 -1.38685e-06 -40.0949 0 0 0 1 
				8
				1.35958e-06 -1.42369e-06 -1 0.000206754 0 -1 1.42369e-06 -6.0742e-06 -1 -1.93561e-12 -1.35958e-06 -39.933 0 0 0 1 
				9
				1.36273e-06 -1.42368e-06 -1 0.000185795 0 -1 1.42368e-06 -8.31825e-06 -1 -1.9401e-12 -1.36273e-06 -39.7088 0 0 0 1 
				10
				1.37795e-06 -1.42368e-06 -1 8.48382e-05 0 -1 1.42368e-06 -1.92118e-05 -1 -1.96176e-12 -1.37795e-06 -39.4292 0 0 0 1 
				11
				1.38685e-06 -1.42368e-06 -1 2.58001e-05 0 -1 1.42368e-06 -2.55661e-05 -1 -1.97444e-12 -1.38685e-06 -39.1008 0 0 0 1 
				12
				1.38685e-06 -1.42368e-06 -1 2.58001e-05 0 -1 1.42368e-06 -2.55329e-05 -1 -1.97444e-12 -1.38685e-06 -38.7059 0 0 0 1 
				13
				1.38685e-06 -1.42368e-06 -1 2.58001e-05 0 -1 1.42368e-06 -2.5491e-05 -1 -1.97444e-12 -1.38685e-06 -38.2466 0 0 0 1 
				14
				1.38685e-06 -1.42368e-06 -1 2.58001e-05 0 -1 1.42368e-06 -2.54511e-05 -1 -1.97444e-12 -1.38685e-06 -37.7618 0 0 0 1 
				15
				1.38685e-06 -1.42368e-06 -1 2.58001e-05 0 -1 1.42368e-06 -2.54107e-05 -1 -1.97444e-12 -1.38685e-06 -37.2903 0 0 0 1 
		</Joint>
			6
		</Joint>
			7
				-1
				0.950441 -1.39562e-06 -0.310905 1.35542 9.18992e-06 1 2.36048e-05 -0.00051368 0.310905 -2.52922e-05 0.950441 -38.2638 0 0 0 1 
				0
				0.950425 -1.37529e-06 -0.310954 1.35593 8.24229e-06 1 2.07696e-05 -0.000452033 0.310954 -2.23029e-05 0.950425 -38.0839 0 0 0 1 
				1
				0.950409 -1.35494e-06 -0.311004 1.35644 7.29427e-06 1 1.79342e-05 -0.00039039 0.311004 -1.93134e-05 0.950409 -37.8937 0 0 0 1 
				2
				0.950392 -1.3344e-06 -0.311053 1.35695 6.34589e-06 1 1.50993e-05 -0.000328745 0.311053 -1.63242e-05 0.950392 -37.7232 0 0 0 1 
				3
				0.950376 -1.3138e-06 -0.311102 1.35746 5.39717e-06 1 1.22646e-05 -0.000267105 0.311102 -1.33351e-05 0.950376 -37.602 0 0 0 1 
				4
				0.950359 -1.29123e-06 -0.311156 1.35801 4.36045e-06 1 9.16823e-06 -0.000199777 0.311156 -1.00699e-05 0.950359 -37.5711 0 0 0 1 
				5
				0.95034 -1.26706e-06 -0.311213 1.3586 3.26102e-06 1 5.88669e-06 -0.000128414 0.311213 -6.60923e-06 0.95034 -37.6054 0 0 0 1 
				6
				0.950323 -1.24544e-06 -0.311264 1.35913 2.27986e-06 1 2.95941e-06 -6.47555e-05 0.311264 -3.52204e-06 0.950323 -37.6292 0 0 0 1 
				7
				0.950312 -1.36355e-06 -0.3113 1.35949 1.72473e-06 1 8.84934e-07 -2.03536e-05 0.3113 -1.37787e-06 0.950312 -37.5672 0 0 0 1 
				8
				0.950307 -1.35759e-06 -0.311314 1.35964 1.45597e-06 1 8.35868e-08 -2.90737e-06 0.311314 -5.32696e-07 0.950307 -37.4053 0 0 0 1 
				9
				0.950308 -1.35825e-06 -0.311312 1.35962 1.48709e-06 1 1.7647e-07 -4.90266e-06 0.311312 -6.30649e-07 0.950308 -37.1811 0 0 0 1 
				10
				0.95031 -1.36161e-06 -0.311304 1.35954 1.63706e-06 1 6.23511e-07 -1.45995e-05 0.311304 -1.10215e-06 0.95031 -36.9015 0 0 0 1 
				11
				0.950312 -1.36355e-06 -0.3113 1.35949 1.72473e-06 1 8.84934e-07 -2.02553e-05 0.3113 -1.37787e-06 0.950312 -36.5731 0 0 0 1 
				12
				0.950312 -1.36355e-06 -0.3113 1.35949 1.72473e-06 1 8.84934e-07 -2.02205e-05 0.3113 -1.37787e-06 0.950312 -36.1782 0 0 0 1 
				13
				0.950312 -1.36352e-06 -0.3113 1.35949 1.72474e-06 1 8.8505e-07 -2.01804e-05 0.3113 -1.37798e-06 0.950312 -35.7189 0 0 0 1 
				14
				0.950312 -1.36355e-06 -0.3113 1.35949 1.72473e-06 1 8.84934e-07 -2.01389e-05 0.3113 -1.37787e-06 0.950312 -35.2341 0 0 0 1 
				15
				0.950312 -1.36355e-06 -0.3113 1.35949 1.72473e-06 1 8.84934e-07 -2.00981e-05 0.3113 -1.37787e-06 0.950312 -34.7626 0 0 0 1 
		</Joint>
			8
				-1
				0.103926 -0.0173927 -0.994433 6.71759 0.0607862 0.998089 -0.011104 -0.000461832 0.992726 -0.0592938 0.104785 -36.5098 0 0 0 1 
				0
				0.104251 -0.0213349 -0.994322 6.71801 0.00932817 0.999747 -0.0204732 -0.000405532 0.994507 -0.00714086 0.104423 -36.3296 0 0 0 1 
				1
				0.104777 -0.0252566 -0.994175 6.71842 -0.0421735 0.998665 -0.0298154 -0.000349238 0.993601 0.0450518 0.103572 -36.1391 0 0 0 1 
				2
				0.105505 -0.0291444 -0.993991 6.71884 -0.0935546 0.994846 -0.0390996 -0.000292943 0.990008 0.0971177 0.102234 -35.9683 0 0 0 1 
				3
				0.106427 -0.0329856 -0.993773 6.71926 -0.144658 0.988303 -0.048296 -0.000236655 0.983742 0.148897 0.100411 -35.8468 0 0 0 1 
				4
				0.107547 -0.0367727 -0.99352 6.71972 -0.195362 0.979051 -0.0573848 -0.000175176 0.974817 0.200268 0.0981098 -35.8156 0 0 0 1 
				5
				0.108867 -0.0404947 -0.993231 6.7202 -0.245536 0.967115 -0.0663428 -0.000110016 0.963255 0.251097 0.0953441 -35.8496 0 0 0 1 
				6
				0.110378 -0.0441406 -0.992909 6.72063 -0.295032 0.952528 -0.0751429 -5.1893e-05 0.949091 0.301234 0.0921151 -35.8732 0 0 0 1 
				7
				0.112064 -0.0477024 -0.992555 6.72093 -0.343713 0.935332 -0.0837591 -1.06231e-05 0.932364 0.35054 0.0884215 -35.8109 0 0 0 1 
				8
				0.113932 -0.0511693 -0.99217 6.72105 -0.391448 0.915572 -0.0921693 5.30686e-06 0.91312 0.398884 0.084283 -35.6489 0 0 0 1 
				9
				0.115987 -0.0545288 -0.991753 6.72104 -0.438105 0.893305 -0.100353 3.48715e-06 0.89141 0.446131 0.079722 -35.4248 0 0 0 1 
				10
				0.118211 -0.0577742 -0.991306 6.72097 -0.483557 0.868589 -0.108285 -5.36359e-06 0.867294 0.492154 0.0747399 -35.1452 0 0 0 1 
				11
				0.120591 -0.0608993 -0.990832 6.72093 -0.527682 0.841492 -0.115943 -1.05248e-05 0.840839 0.536826 0.0693412 -34.8168 0 0 0 1 
				12
				0.123129 -0.0638932 -0.990332 6.72093 -0.570356 0.812089 -0.123307 -1.049e-05 0.812116 0.580025 0.0635502 -34.4219 0 0 0 1 
				13
				0.125826 -0.0667446 -0.989805 6.72093 -0.611462 0.780462 -0.130359 -1.04499e-05 0.781205 0.62163 0.0573907 -33.9626 0 0 0 1 
				14
				0.128666 -0.0694485 -0.989253 6.72093 -0.650888 0.746696 -0.137077 -1.04083e-05 0.748191 0.66153 0.0508711 -33.4778 0 0 0 1 
				15
				0.131636 -0.0720001 -0.98868 6.72093 -0.688527 0.710883 -0.143442 -1.03676e-05 0.713163 0.699615 0.0440035 -33.0063 0 0 0 1 
		</Joint>
			9
				-1
				0.105092 -0.00766592 -0.994433 7.38876 -0.0321676 0.999421 -0.0111039 0.392103 0.993942 0.0331555 0.104785 -30.0986 0 0 0 1 
				0
				0.106392 -0.00201454 -0.994322 7.39127 -0.172694 0.984763 -0.0204734 0.0598371 0.979213 0.173892 0.104423 -29.9069 0 0 0 1 
				1
				0.107707 0.00391401 -0.994175 7.39509 -0.309741 0.950353 -0.0298153 -0.272711 0.944701 0.311148 0.103572 -29.7223 0 0 0 1 
				2
				0.10898 0.0101947 -0.993991 7.40021 -0.44052 0.89689 -0.0390994 -0.604481 0.891103 0.442134 0.102234 -29.5747 0 0 0 1 
				3
				0.110134 0.0168898 -0.993773 7.40658 -0.562381 0.825467 -0.0482961 -0.934458 0.819511 0.564198 0.100411 -29.4937 0 0 0 1 
				4
				0.111087 0.0240476 -0.99352 7.41427 -0.672884 0.737519 -0.0573848 -1.26185 0.73136 0.674898 0.0981098 -29.5201 0 0 0 1 
				5
				0.111744 0.0317058 -0.993231 7.42328 -0.769809 0.634817 -0.0663428 -1.58581 0.628417 0.772012 0.0953441 -29.6287 0 0 0 1 
				6
				0.111989 0.039877 -0.992909 7.43347 -0.851193 0.519445 -0.0751429 -1.90541 0.512765 0.853573 0.0921151 -29.7438 0 0 0 1 
				7
				0.111701 0.0485483 -0.992555 7.44466 -0.9154 0.393735 -0.0837591 -2.21976 0.386738 0.917941 0.0884215 -29.7896 0 0 0 1 
				8
				0.110767 0.0577008 -0.99217 7.45684 -0.961138 0.260226 -0.0921694 -2.52802 0.25287 0.963822 0.084283 -29.7519 0 0 0 1 
				9
				0.109074 0.0672987 -0.991753 7.47009 -0.987491 0.121616 -0.100353 -2.82934 0.113859 0.990293 0.079722 -29.6679 0 0 0 1 
				10
				0.106499 0.0772636 -0.991306 7.48439 -0.993932 -0.0192949 -0.108285 -3.12288 -0.0274936 0.996824 0.0747399 -29.5441 0 0 0 1 
				11
				0.102934 0.0874963 -0.990832 7.49973 -0.980339 -0.159663 -0.115943 -3.40785 -0.168344 0.983286 0.0693412 -29.3866 0 0 0 1 
				12
				0.0982838 0.0978954 -0.990332 7.51612 -0.946992 -0.296651 -0.123307 -3.68345 -0.305854 0.949955 0.0635502 -29.1772 0 0 0 1 
				13
				0.0924636 0.10834 -0.989805 7.53353 -0.894572 -0.42749 -0.130359 -3.94891 -0.437254 0.897505 0.0573907 -28.9175 0 0 0 1 
				14
				0.0854065 0.118675 -0.989253 7.55187 -0.824145 -0.54954 -0.137077 -4.20353 -0.559902 0.826996 0.0508711 -28.6459 0 0 0 1 
				15
				0.0770687 0.128734 -0.98868 7.57105 -0.737141 -0.660339 -0.143442 -4.44661 -0.67133 0.739851 0.0440035 -28.4006 0 0 0 1 
		</Joint>
			10
				-1
				0.105092 -0.994439 0.00687407 8.10553 -0.0321676 -0.010308 -0.999429 0.172708 0.993942 0.104811 -0.033072 -23.3196 0 0 0 1 
				0
				0.106392 -0.994324 0.00122277 8.11691 -0.172694 -0.0196893 -0.984779 -1.118 0.979213 0.104562 -0.173809 -23.2283 0 0 0 1 
				1
				0.107707 -0.994171 -0.00470566 8.1297 -0.309741 -0.0290586 -0.950377 -2.38526 0.944701 0.10382 -0.311065 -23.2791 0 0 0 1 
				2
				0.10898 -0.993983 -0.0109862 8.14349 -0.44052 -0.0383852 -0.896921 -3.60899 0.891103 0.102586 -0.442052 -23.497 0 0 0 1 
				3
				0.110134 -0.993759 -0.0176811 8.15774 -0.562381 -0.0476388 -0.825505 -4.7701 0.819511 0.10086 -0.564118 -23.9043 0 0 0 1 
				4
				0.111087 -0.993501 -0.0248387 8.17192 -0.672884 -0.0567975 -0.737564 -5.85117 0.73136 0.0986472 -0.67482 -24.532 0 0 0 1 
				5
				0.111744 -0.993206 -0.0324966 8.18541 -0.769809 -0.0658373 -0.63487 -6.8362 0.628417 0.0959588 -0.771936 -25.3427 0 0 0 1 
				6
				0.111989 -0.992877 -0.0406677 8.19727 -0.851193 -0.0747293 -0.519505 -7.71086 0.512765 0.0927947 -0.853499 -26.2466 0 0 0 1 
				7
				0.111701 -0.992517 -0.0493386 8.2065 -0.9154 -0.0834456 -0.393802 -8.46312 0.386738 0.0891525 -0.91787 -27.1519 0 0 0 1 
				8
				0.110767 -0.992124 -0.0584908 8.21231 -0.961138 -0.0919621 -0.260299 -9.08334 0.25287 0.0850505 -0.963755 -28.0272 0 0 0 1 
				9
				0.109074 -0.991699 -0.0680884 8.21402 -0.987491 -0.100256 -0.121696 -9.5644 0.113859 0.0805105 -0.990229 -28.8914 0 0 0 1 
				10
				0.106499 -0.991244 -0.078053 8.21076 -0.993932 -0.108301 0.0192086 -9.90187 -0.0274936 0.0755336 -0.996764 -29.7316 0 0 0 1 
				11
				0.102934 -0.990763 -0.0882852 8.20177 -0.980339 -0.11607 0.159571 -10.0941 -0.168344 0.0701242 -0.983231 -30.5347 0 0 0 1 
				12
				0.0982838 -0.990254 -0.098684 8.18645 -0.946992 -0.123543 0.296553 -10.1423 -0.305854 0.0643066 -0.949904 -31.2632 0 0 0 1 
				13
				0.0924635 -0.989718 -0.109128 8.16417 -0.894572 -0.130699 0.427386 -10.0502 -0.437254 0.0581053 -0.897459 -31.8997 0 0 0 1 
				14
				0.0854065 -0.989158 -0.119463 8.13438 -0.824145 -0.137515 0.549431 -9.82451 -0.559902 0.0515296 -0.826955 -32.4646 0 0 0 1 
				15
				0.0770687 -0.988577 -0.129521 8.09669 -0.737141 -0.143968 0.660225 -9.47419 -0.67133 0.0445926 -0.739816 -32.9793 0 0 0 1 
		</Joint>
			11
		</Joint>
			12
		</Joint>
			13
		</Joint>
			14
		</Joint>
			15
		</Joint>
			16
		</Joint>
			17
				-1
				-0.950183 -1.36836e-06 -0.311692 -1.36352 6.54886e-06 1 -2.43541e-05 -0.000517409 0.311692 -2.51821e-05 -0.950183 -38.2627 0 0 0 1 
				0
				-0.950199 -1.34809e-06 -0.311642 -1.36301 5.63527e-06 1 -2.15077e-05 -0.000455717 0.311642 -2.21928e-05 -0.950199 -38.0829 0 0 0 1 
				1
				-0.950216 -1.32763e-06 -0.311593 -1.3625 4.72208e-06 1 -1.86609e-05 -0.000394021 0.311593 -1.92033e-05 -0.950215 -37.8929 0 0 0 1 
				2
				-0.950232 -1.30716e-06 -0.311544 -1.36199 3.8093e-06 1 -1.58144e-05 -0.000332326 0.311544 -1.62141e-05 -0.950231 -37.7224 0 0 0 1 
				3
				-0.950248 -1.28656e-06 -0.311494 -1.36148 2.89696e-06 1 -1.29678e-05 -0.000270633 0.311494 -1.3225e-05 -0.950248 -37.6014 0 0 0 1 
				4
				-0.950266 -1.26388e-06 -0.311441 -1.36093 1.90087e-06 1 -9.85808e-06 -0.000203245 0.311441 -9.9598e-06 -0.950266 -37.5707 0 0 0 1 
				5
				-0.950284 -1.23984e-06 -0.311383 -1.36034 8.45526e-07 1 -6.5621e-06 -0.00013182 0.311383 -6.49914e-06 -0.950284 -37.6051 0 0 0 1 
				6
				-0.950301 -1.21822e-06 -0.311332 -1.35981 -9.54297e-08 1 -3.62165e-06 -6.81045e-05 0.311332 -3.41195e-06 -0.950301 -37.6291 0 0 0 1 
				7
				-0.950312 -1.33628e-06 -0.311297 -1.35945 -8.75224e-07 1 -1.62077e-06 -2.40246e-05 0.311297 -1.26778e-06 -0.950313 -37.5672 0 0 0 1 
				8
				-0.950317 -1.33032e-06 -0.311283 -1.3593 -1.13268e-06 1 -8.15713e-07 -6.56236e-06 0.311283 -4.22603e-07 -0.950317 -37.4053 0 0 0 1 
				9
				-0.950317 -1.33104e-06 -0.311285 -1.35932 -1.10287e-06 1 -9.09027e-07 -8.55836e-06 0.311285 -5.20557e-07 -0.950317 -37.1812 0 0 0 1 
				10
				-0.950314 -1.33433e-06 -0.311293 -1.3594 -9.59215e-07 1 -1.35814e-06 -1.82661e-05 0.311293 -9.92059e-07 -0.950314 -36.9015 0 0 0 1 
				11
				-0.950312 -1.33628e-06 -0.311297 -1.35945 -8.75224e-07 1 -1.62077e-06 -2.39244e-05 0.311297 -1.26778e-06 -0.950313 -36.5731 0 0 0 1 
				12
				-0.950312 -1.33628e-06 -0.311297 -1.35945 -8.75224e-07 1 -1.62077e-06 -2.38912e-05 0.311297 -1.26778e-06 -0.950313 -36.1782 0 0 0 1 
				13
				-0.950313 -1.33631e-06 -0.311297 -1.35945 -8.75219e-07 1 -1.62088e-06 -2.38495e-05 0.311297 -1.26789e-06 -0.950313 -35.7189 0 0 0 1 
				14
				-0.950312 -1.33628e-06 -0.311297 -1.35945 -8.75224e-07 1 -1.62077e-06 -2.38093e-05 0.311297 -1.26778e-06 -0.950313 -35.2341 0 0 0 1 
				15
				-0.950312 -1.33628e-06 -0.311297 -1.35945 -8.75224e-07 1 -1.62077e-06 -2.3769e-05 0.311297 -1.26778e-06 -0.950313 -34.7626 0 0 0 1 
		</Joint>
			18
				-1
				-0.0886961 0.0451623 -0.995034 -6.72423 0.540642 0.841193 -0.0100124 -0.000480462 0.836564 -0.538846 -0.0990272 -36.5042 0 0 0 1 
				0
				-0.0874311 0.047564 -0.995034 -6.72381 0.563378 0.826138 -0.0100121 -0.000423924 0.82156 -0.561456 -0.0990267 -36.3247 0 0 0 1 
				1
				-0.0861022 0.0499302 -0.995034 -6.7234 0.585695 0.810469 -0.0100125 -0.00036738 0.805945 -0.583649 -0.0990271 -36.135 0 0 0 1 
				2
				-0.0847093 0.0522595 -0.995034 -6.72298 0.607577 0.794197 -0.0100127 -0.000310835 0.789731 -0.605408 -0.0990276 -35.9648 0 0 0 1 
				3
				-0.0832523 0.0545501 -0.995034 -6.72256 0.629007 0.777335 -0.0100123 -0.000254289 0.772929 -0.626717 -0.0990273 -35.8441 0 0 0 1 
				4
				-0.0817334 0.0567996 -0.995035 -6.72211 0.649969 0.759895 -0.0100122 -0.000192521 0.755553 -0.64756 -0.0990268 -35.8136 0 0 0 1 
				5
				-0.0801548 0.0590072 -0.995034 -6.72162 0.670448 0.741889 -0.0100125 -0.00012705 0.737615 -0.667921 -0.0990272 -35.8484 0 0 0 1 
				6
				-0.0785164 0.0611711 -0.995034 -6.72119 0.690428 0.723332 -0.0100126 -6.86429e-05 0.719128 -0.687785 -0.0990276 -35.8727 0 0 0 1 
				7
				-0.0768189 0.063289 -0.995034 -6.72089 0.709894 0.704237 -0.0100126 -2.89624e-05 0.700106 -0.707138 -0.0990272 -35.8109 0 0 0 1 
				8
				-0.0750801 0.0653413 -0.995034 -6.72077 0.728664 0.684798 -0.0100124 -1.29527e-05 0.680743 -0.725798 -0.0990266 -35.6492 0 0 0 1 
				9
				-0.0732991 0.0673336 -0.995034 -6.72079 0.746786 0.664989 -0.0100124 -1.47805e-05 0.661013 -0.743812 -0.0990269 -35.425 0 0 0 1 
				10
				-0.071442 0.0693008 -0.995034 -6.72085 0.764584 0.644446 -0.0100125 -2.36777e-05 0.640552 -0.761503 -0.0990268 -35.1452 0 0 0 1 
				11
				-0.0694723 0.0712758 -0.995034 -6.72089 0.782343 0.622767 -0.0100126 -2.88622e-05 0.618961 -0.779154 -0.0990272 -34.8169 0 0 0 1 
				12
				-0.0673627 0.0732732 -0.995034 -6.72089 0.800184 0.599671 -0.0100125 -2.88291e-05 0.595959 -0.796885 -0.0990275 -34.4219 0 0 0 1 
				13
				-0.0651324 0.0752628 -0.995034 -6.72089 0.817829 0.575374 -0.0100126 -2.87873e-05 0.571763 -0.81442 -0.0990276 -33.9626 0 0 0 1 
				14
				-0.0628175 0.0772057 -0.995034 -6.72089 0.83492 0.550279 -0.0100126 -2.87472e-05 0.546774 -0.831404 -0.0990278 -33.4778 0 0 0 1 
				15
				-0.060458 0.0790663 -0.995034 -6.72089 0.851151 0.524826 -0.0100125 -2.87068e-05 0.521428 -0.84753 -0.0990272 -33.0063 0 0 0 1 
		</Joint>
			19
				-1
				0.0125094 -0.0987429 -0.995034 -7.29704 -0.999618 -0.0257439 -0.0100124 3.49106 -0.0246274 0.99478 -0.0990272 -31.1016 0 0 0 1 
				0
				0.00927168 -0.0990987 -0.995034 -7.28846 -0.999925 0.00697649 -0.0100121 3.63795 0.00793403 0.995053 -0.0990267 -31.019 0 0 0 1 
				1
				0.00602459 -0.0993495 -0.995034 -7.27946 -0.999162 0.0396893 -0.0100124 3.78213 0.0404869 0.994261 -0.0990271 -30.9301 0 0 0 1 
				2
				0.00277094 -0.0994939 -0.995034 -7.27004 -0.997328 0.0723594 -0.0100126 3.9235 0.0729963 0.992403 -0.0990276 -30.8646 0 0 0 1 
				3
				-0.00048614 -0.099531 -0.995034 -7.26022 -0.994427 0.104953 -0.0100124 4.06196 0.105428 0.989484 -0.0990273 -30.8524 0 0 0 1 
				4
				-0.00374255 -0.0994613 -0.995035 -7.24995 -0.99046 0.137433 -0.0100122 4.1974 0.137747 0.985505 -0.0990268 -30.9342 0 0 0 1 
				5
				-0.00699453 -0.099286 -0.995034 -7.23927 -0.985433 0.169766 -0.0100125 4.32971 0.169918 0.98047 -0.0990272 -31.0848 0 0 0 1 
				6
				-0.0102393 -0.0990044 -0.995034 -7.22826 -0.979351 0.201918 -0.0100126 4.45881 0.201907 0.974386 -0.0990276 -31.2285 0 0 0 1 
				7
				-0.0134731 -0.098616 -0.995034 -7.217 -0.97222 0.233854 -0.0100126 4.58456 0.23368 0.967258 -0.0990272 -31.2895 0 0 0 1 
				8
				-0.0166635 -0.0981267 -0.995034 -7.20565 -0.964127 0.265253 -0.0100124 4.7058 0.264919 0.959173 -0.0990266 -31.2528 0 0 0 1 
				9
				-0.019816 -0.0975392 -0.995034 -7.19416 -0.955082 0.296174 -0.0100124 4.82283 0.29568 0.950141 -0.0990269 -31.1561 0 0 0 1 
				10
				-0.0229864 -0.0968411 -0.995034 -7.18223 -0.944914 0.327165 -0.0100125 4.93776 0.32651 0.939992 -0.0990268 -31.0085 0 0 0 1 
				11
				-0.0262298 -0.0960138 -0.995034 -7.16955 -0.933379 0.358753 -0.0100126 5.05245 0.357933 0.928481 -0.0990272 -30.8195 0 0 0 1 
				12
				-0.0295761 -0.0950366 -0.995034 -7.15593 -0.920244 0.391218 -0.0100125 5.16767 0.390227 0.915378 -0.0990275 -30.5732 0 0 0 1 
				13
				-0.0329809 -0.0939095 -0.995034 -7.14153 -0.905551 0.424119 -0.0100126 5.28162 0.422953 0.900724 -0.0990276 -30.2701 0 0 0 1 
				14
				-0.0363802 -0.0926458 -0.995034 -7.12657 -0.889499 0.456827 -0.0100127 5.392 0.455486 0.884718 -0.0990278 -29.9467 0 0 0 1 
				15
				-0.0397118 -0.0912667 -0.995034 -7.11133 -0.872369 0.488745 -0.0100125 5.49682 0.487232 0.86764 -0.0990272 -29.6389 0 0 0 1 
		</Joint>
			20
				-1
				0.0125094 0.999913 -0.00418105 -7.21172 -0.999618 0.0124025 -0.0246814 -3.32671 -0.0246274 0.00448821 0.999687 -31.2695 0 0 0 1 
				0
				0.00789125 0.999916 -0.0102831 -7.22522 -0.999898 0.00776778 -0.0119929 -3.18191 -0.011912 0.0103767 0.999875 -30.9649 0 0 0 1 
				1
				0.00323902 0.99986 -0.0164273 -7.23837 -0.999992 0.00327509 0.00216962 -3.03252 0.00222312 0.0164202 0.999863 -30.6539 0 0 0 1 
				2
				-0.00100604 0.999743 -0.0226329 -7.25114 -0.999906 -0.000697242 0.0136475 -2.87865 0.0136282 0.0226446 0.99965 -30.3668 0 0 0 1 
				3
				-0.0043452 0.999571 -0.0289611 -7.26353 -0.999826 -0.00381663 0.0182814 -2.7204 0.018163 0.0290355 0.999413 -30.1333 0 0 0 1 
				4
				-0.00648382 0.999348 -0.0355121 -7.27548 -0.999916 -0.00608047 0.0114541 -2.55791 0.0112307 0.0355834 0.999304 -29.9947 0 0 0 1 
				5
				-0.00758449 0.999078 -0.0422683 -7.28698 -0.999963 -0.00774616 -0.00366234 -2.39131 -0.00398638 0.042239 0.9991 -29.9259 0 0 0 1 
				6
				-0.00792994 0.998764 -0.0490692 -7.29809 -0.999785 -0.00885955 -0.0187565 -2.22074 -0.019168 0.0489099 0.998619 -29.8514 0 0 0 1 
				7
				-0.00794001 0.998415 -0.055717 -7.30889 -0.99963 -0.00937389 -0.025521 -2.04634 -0.0260028 0.0554937 0.99812 -29.6958 0 0 0 1 
				8
				-0.00799365 0.998037 -0.0621085 -7.3193 -0.999768 -0.00921896 -0.0194671 -1.8699 -0.0200014 0.0619385 0.99788 -29.446 0 0 0 1 
				9
				-0.00793551 0.997635 -0.06828 -7.32931 -0.99995 -0.00833658 -0.00559093 -1.69119 -0.00614692 0.0682322 0.997651 -29.1394 0 0 0 1 
				10
				-0.00735164 0.997211 -0.074268 -7.33901 -0.999935 -0.00668524 0.00921758 -1.5069 0.00869537 0.0743309 0.997196 -28.7815 0 0 0 1 
				11
				-0.00572673 0.996768 -0.0801284 -7.34845 -0.999828 -0.00429171 0.0180698 -1.31354 0.0176675 0.0802181 0.996621 -28.3783 0 0 0 1 
				12
				-0.002642 0.996309 -0.0858049 -7.35765 -0.999825 -0.00104336 0.0186706 -1.10874 0.0185122 0.0858392 0.996137 -27.9117 0 0 0 1 
				13
				0.00161873 0.99583 -0.0912129 -7.36647 -0.999887 0.00297454 0.0147303 -0.894573 0.0149402 0.0911787 0.995723 -27.3854 0 0 0 1 
				14
				0.00648604 0.995323 -0.0963848 -7.3747 -0.999933 0.00738546 0.00897772 -0.674717 0.00964758 0.09632 0.995304 -26.8401 0 0 0 1 
				15
				0.0113576 0.99478 -0.101408 -7.38218 -0.999921 0.0118387 0.00414432 -0.453065 0.00532323 0.101353 0.994836 -26.3158 0 0 0 1 
		</Joint>
			21
		</Joint>
			22
		</Joint>
			23
		</Joint>
			24
		</Joint>
			25
		</Joint>
			26
		</Joint>
			27
				-1
				-1.37125e-06 1.187e-06 1 4.26131 -0.00143416 -0.999999 1.18503e-06 5.45907e-06 0.999999 -0.00143416 1.37295e-06 -22.187 0 0 0 1 
				0
				0.010751 0.0649743 0.997829 4.26131 -0.110305 -0.99172 0.0657649 5.44475e-06 0.99384 -0.110772 -0.00349497 -22.0071 0 0 0 1 
				1
				0.0279151 0.130053 0.991114 4.26131 -0.151258 -0.979534 0.132794 5.43384e-06 0.9881 -0.153621 -0.00767228 -21.817 0 0 0 1 
				2
				0.0480492 0.191582 0.9803 4.26131 -0.18098 -0.963519 0.197173 5.4211e-06 0.982312 -0.186889 -0.0116238 -21.6465 0 0 0 1 
				3
				0.0684724 0.246343 0.966761 4.26131 -0.201585 -0.945631 0.255237 5.40881e-06 0.977075 -0.212361 -0.0150904 -21.5254 0 0 0 1 
				4
				0.0848046 0.298888 0.950512 4.26131 -0.202828 -0.928797 0.310156 5.39389e-06 0.975535 -0.219093 -0.0181434 -21.4946 0 0 0 1 
				5
				0.0964722 0.349942 0.931791 4.26131 -0.191852 -0.912064 0.362397 5.37416e-06 0.976671 -0.213727 -0.020852 -21.5289 0 0 0 1 
				6
				0.111265 0.38991 0.914106 4.26131 -0.196844 -0.892946 0.404845 5.35968e-06 0.974101 -0.224982 -0.0226025 -21.5529 0 0 0 1 
				7
				0.138057 0.408706 0.902164 4.26131 -0.238392 -0.870394 0.430794 5.9275e-06 0.961306 -0.274543 -0.0227317 -21.4909 0 0 0 1 
				8
				0.155783 0.408952 0.899161 4.26131 -0.222769 -0.872278 0.435321 5.9366e-06 0.962344 -0.268121 -0.0447841 -21.329 0 0 0 1 
				9
				0.159899 0.397689 0.90348 4.26131 -0.171217 -0.89021 0.42215 5.96314e-06 0.972171 -0.222192 -0.0742524 -21.1048 0 0 0 1 
				10
				0.163736 0.379027 0.910785 4.26131 -0.121246 -0.908513 0.399878 5.99021e-06 0.979025 -0.175903 -0.1028 -20.8252 0 0 0 1 
				11
				0.165464 0.362329 0.917245 4.26131 -0.0642787 -0.924126 0.376643 6.02462e-06 0.984119 -0.12128 -0.129619 -20.4968 0 0 0 1 
				12
				0.165337 0.347304 0.923062 4.26131 0.00633781 -0.936298 0.351149 6.0593e-06 0.986217 -0.0522076 -0.157006 -20.1019 0 0 0 1 
				13
				0.162742 0.330162 0.929789 4.26131 0.0893405 -0.943412 0.319362 6.09975e-06 0.982616 0.0310944 -0.183029 -19.6426 0 0 0 1 
				14
				0.159168 0.312311 0.936551 4.26131 0.174325 -0.942629 0.284711 6.14039e-06 0.971739 0.117947 -0.20448 -19.1577 0 0 0 1 
				15
				0.155789 0.295541 0.942542 4.26131 0.249982 -0.934927 0.251834 6.18185e-06 0.955635 0.196386 -0.219531 -18.6863 0 0 0 1 
		</Joint>
			28
				-1
				-1.37517e-06 1.18214e-06 1 4.2613 0.00187771 -0.999998 1.18472e-06 -0.0139678 0.999998 0.00187771 1.37295e-06 -12.4438 0 0 0 1 
				0
				-0.00398613 0.065737 0.997829 4.36606 0.113281 -0.991384 0.0657649 -1.07471 0.993555 0.113297 -0.00349498 -12.324 0 0 0 1 
				1
				-0.0133746 0.132341 0.991114 4.53329 0.156877 -0.97865 0.132794 -1.47372 0.987527 0.157259 -0.00767228 -12.1898 0 0 0 1 
				2
				-0.0262863 0.195758 0.9803 4.72946 0.188564 -0.962064 0.197173 -1.76331 0.981709 0.190032 -0.0116238 -12.0757 0 0 0 1 
				3
				-0.0401287 0.252514 0.966761 4.92845 0.209755 -0.943852 0.255237 -1.96407 0.97693 0.213025 -0.0150904 -12.0056 0 0 0 1 
				4
				-0.0501987 0.306604 0.950512 5.08758 0.210946 -0.926987 0.310156 -1.97618 0.976208 0.216077 -0.0181435 -11.9898 0 0 0 1 
				5
				-0.0556853 0.3587 0.931791 5.20125 0.199469 -0.910429 0.362397 -1.86923 0.978321 0.206044 -0.020852 -12.0131 0 0 0 1 
				6
				-0.06525 0.400191 0.914106 5.34539 0.201888 -0.891819 0.404845 -1.91788 0.977233 0.210963 -0.0226025 -12.0621 0 0 0 1 
				7
				-0.0886884 0.422178 0.902164 5.60642 0.236783 -0.870833 0.430794 -2.32268 0.967506 0.251823 -0.0227317 -12.1247 0 0 0 1 
				8
				-0.116666 0.421781 0.899161 5.77913 0.337083 -0.834788 0.435321 -2.17047 0.934219 0.353879 -0.0447841 -11.9528 0 0 0 1 
				9
				-0.138806 0.405533 0.90348 5.81923 0.452053 -0.785772 0.42215 -1.66819 0.881125 0.467018 -0.0742524 -11.6328 0 0 0 1 
				10
				-0.161774 0.379868 0.910785 5.85661 0.574699 -0.714016 0.399878 -1.18131 0.802216 0.588117 -0.1028 -11.2864 0 0 0 1 
				11
				-0.174979 0.357831 0.917245 5.87345 0.673339 -0.636203 0.376643 -0.626272 0.718329 0.683522 -0.129619 -10.9084 0 0 0 1 
				12
				-0.175666 0.342196 0.923062 5.87221 0.747962 -0.563248 0.351149 0.0617563 0.640074 0.7521 -0.157006 -10.493 0 0 0 1 
				13
				-0.167701 0.327671 0.929789 5.84693 0.810161 -0.491575 0.319362 0.870464 0.561707 0.806837 -0.183029 -10.0688 0 0 0 1 
				14
				-0.156557 0.313628 0.936551 5.81211 0.861673 -0.42007 0.284711 1.69848 0.48271 0.851574 -0.20448 -9.68995 0 0 0 1 
				15
				-0.14751 0.299759 0.942542 5.77918 0.903287 -0.347349 0.251834 2.43562 0.40288 0.888534 -0.219531 -9.3754 0 0 0 1 
		</Joint>
			29
				-1
				-1.90919e-06 -8.95864e-05 1 4.26128 1.89423e-06 -1 -8.95864e-05 0.00432703 1 1.89405e-06 1.90936e-06 -2.70069 0 0 0 1 
				0
				-0.000815489 -0.0125195 0.999921 4.32722 -0.0113626 -0.999857 -0.012528 0.0290042 0.999935 -0.0113719 0.000673119 -2.64364 0 0 0 1 
				1
