<?xml version='1.0' encoding='UTF-8' ?>
<itpanim>
	<skeleton count>
		25
			0 -1
			1.37091e-06 -1 -6.12323e-17 1e-06 1 1.37091e-06 -6.12323e-17 -1.37225e-12 6.12323e-17 -6.12323e-17 1 21.9617 0 0 0 1 
			1 0
			1.3868e-06 -2.28084e-12 -1 -21.9617 2.75771e-06 -1 6.10517e-12 1.00008e-06 -1 -2.75771e-06 -1.3868e-06 -3.04564e-05 0 0 0 1 
			2 1
			-0.000205999 -0.000823318 -1 -24.8731 -1.2413e-06 -1 0.000823318 0.0257198 -1 1.41091e-06 0.000205998 0.00512379 0 0 0 1 
			3 2
			-0.000383999 -0.00100932 -0.999999 -31.4555 -1.03656e-06 -0.999999 0.00100932 0.036812 -1 1.42414e-06 0.000383997 0.0107229 0 0 0 1 
			4 3
			-0.000383999 -0.00100932 -0.999999 -38.038 -1.03656e-06 -0.999999 0.00100932 0.0388247 -1 1.42414e-06 0.000383997 0.0107228 0 0 0 1 
			5 4
			1.34309e-06 9.80604e-13 -1 -40.5657 -1.40269e-06 -1 -2.8646e-12 -0.00211895 -1 1.40269e-06 -1.34309e-06 -0.00490874 0 0 0 1 
			6 5
			1 -0 0 0 0 1 0 0 -0 -0 1 -0 0 0 0 1 
			7 4
			0.950432 6.75818e-05 0.310933 10.539 -1.42282e-06 1 -0.000213002 -0.00652172 -0.310933 0.000202002 0.950432 36.5745 0 0 0 1 
			8 7
			0.476976 0.0235788 0.8786 28.6752 0.0457762 0.997617 -0.0516239 -2.17945 -0.877723 0.0648423 0.47476 23.1227 0 0 0 1 
			9 8
			0.476835 0.0205561 0.878752 22.2236 0.0472212 0.997684 -0.0489616 -2.11213 -0.877724 0.0648423 0.47476 23.1227 0 0 0 1 
			10 9
			0.476835 0.0205561 0.878752 15.4032 -0.877686 0.0656367 0.474721 23.121 -0.04792 -0.997632 0.0493396 2.13054 0 0 0 1 
			11 4
			-0.950193 6.50589e-05 0.311663 10.5594 -1.39561e-06 1 -0.000213002 -0.00652172 -0.311663 -0.000202828 -0.950193 -36.5678 0 0 0 1 
			12 11
			-0.476976 0.0235775 0.8786 28.6676 -0.045779 0.997617 -0.0516239 -2.17948 -0.877723 -0.0648447 -0.47476 -23.1259 0 0 0 1 
			13 12
			-0.476835 0.0205548 0.878752 22.216 -0.0472239 0.997684 -0.0489616 -2.11218 -0.877723 -0.0648447 -0.47476 -23.1259 0 0 0 1 
			14 13
			-0.476835 0.0205547 0.878752 15.3956 0.877685 0.0656391 0.474721 23.1242 -0.0479228 0.997632 -0.0493396 -2.13059 0 0 0 1 
			15 2
			1.37369e-06 -0.0998331 0.995004 21.852 0 -0.995004 -0.0998331 -2.1925 1 1.3714e-07 -1.36683e-06 -4.26131 0 0 0 1 
			16 15
			1.37369e-06 0.0998335 0.995004 12.303 0 -0.995004 0.0998335 0.256849 1 -1.3714e-07 -1.36683e-06 -4.26131 0 0 0 1 
			17 16
			1.3716e-06 -6.00745e-14 1 2.57273 0 -1 -6.00745e-14 4.22662e-06 1 8.23984e-20 -1.3716e-06 -4.26131 0 0 0 1 
			18 17
			1.3723e-06 -1 -6.00133e-14 -5.50713 0 6.00133e-14 -1 -0.331805 1 1.3723e-06 8.23562e-20 -4.26131 0 0 0 1 
			19 18
			1 -0 0 0 0 1 0 0 -0 -0 1 -0 0 0 0 1 
			20 2
			1.37369e-06 -0.0998331 0.995004 21.852 0 -0.995004 -0.0998331 -2.1925 1 1.3714e-07 -1.36683e-06 4.26131 0 0 0 1 
			21 20
			1.37369e-06 0.0998335 0.995004 12.303 0 -0.995004 0.0998335 0.256849 1 -1.3714e-07 -1.36683e-06 4.26131 0 0 0 1 
			22 21
			1.3716e-06 -6.00745e-14 1 2.57273 0 -1 -6.00745e-14 4.22662e-06 1 8.23984e-20 -1.3716e-06 4.26131 0 0 0 1 
			23 22
			1.3723e-06 -1 -6.00133e-14 -5.50713 0 6.00133e-14 -1 -0.331804 1 1.3723e-06 8.23562e-20 4.26131 0 0 0 1 
			24 23
			1 -0 0 0 0 1 0 0 -0 -0 1 -0 0 0 0 1 
	</skeleton>
		<animations>
			17
			0
				-1
				1.33158e-06 1 0 0 -1 1.33158e-06 0 9.75445e-07 -0 -0 1 -22.187 0 0 0 1 
				0
				1.33158e-06 1 0 0 -1 1.33158e-06 0 9.54324e-07 -0 -0 1 -22.0071 0 0 0 1 
				1
				1.33158e-06 1 0 0 -1 1.33158e-06 0 9.32669e-07 -0 -0 1 -21.817 0 0 0 1 
				2
				1.33158e-06 1 0 0 -1 1.33158e-06 0 9.12032e-07 -0 -0 1 -21.6465 0 0 0 1 
				3
				1.33158e-06 1 0 0 -1 1.33158e-06 0 8.93967e-07 -0 -0 1 -21.5254 0 0 0 1 
				4
				1.33158e-06 1 0 0 -1 1.33158e-06 0 8.77029e-07 -0 -0 1 -21.4946 0 0 0 1 
				5
				1.33158e-06 1 0 0 -1 1.33158e-06 0 8.60951e-07 -0 -0 1 -21.5289 0 0 0 1 
				6
				1.33158e-06 1 0 0 -1 1.33158e-06 0 8.49158e-07 -0 -0 1 -21.5529 0 0 0 1 
				7
				1.33158e-06 1 0 0 -1 1.33158e-06 0 8.45079e-07 -0 -0 1 -21.4909 0 0 0 1 
				8
				1.33158e-06 1 0 0 -1 1.33158e-06 0 8.51169e-07 -0 -0 1 -21.329 0 0 0 1 
				9
				1.33158e-06 1 0 0 -1 1.33158e-06 0 8.65194e-07 -0 -0 1 -21.1048 0 0 0 1 
				10
				1.33158e-06 1 0 0 -1 1.33158e-06 0 8.83082e-07 -0 -0 1 -20.8252 0 0 0 1 
				11
				1.33158e-06 1 0 0 -1 1.33158e-06 0 9.00756e-07 -0 -0 1 -20.4968 0 0 0 1 
				12
				1.33158e-06 1 0 0 -1 1.33158e-06 0 9.18085e-07 -0 -0 1 -20.1019 0 0 0 1 
				13
				1.33158e-06 1 0 0 -1 1.33158e-06 0 9.36913e-07 -0 -0 1 -19.6426 0 0 0 1 
				14
				1.33158e-06 1 0 0 -1 1.33158e-06 0 9.56334e-07 -0 -0 1 -19.1578 0 0 0 1 
				15
				1.33158e-06 1 0 0 -1 1.33158e-06 0 9.75445e-07 -0 -0 1 -18.6863 0 0 0 1 
		</Joint>
			1
				-1
				1.33158e-06 2.66316e-06 -1 0 0 -1 -2.66316e-06 9.75445e-07 -1 3.54621e-12 -1.33158e-06 -22.187 0 0 0 1 
				0
				1.33158e-06 2.66316e-06 -1 0 0 -1 -2.66316e-06 9.54324e-07 -1 3.54621e-12 -1.33158e-06 -22.0071 0 0 0 1 
				1
				1.33158e-06 2.66316e-06 -1 0 0 -1 -2.66316e-06 9.32669e-07 -1 3.54621e-12 -1.33158e-06 -21.817 0 0 0 1 
				2
				1.33158e-06 2.66316e-06 -1 0 0 -1 -2.66316e-06 9.12032e-07 -1 3.54621e-12 -1.33158e-06 -21.6465 0 0 0 1 
				3
				1.33158e-06 2.66316e-06 -1 0 0 -1 -2.66316e-06 8.93967e-07 -1 3.54621e-12 -1.33158e-06 -21.5254 0 0 0 1 
				4
				1.33158e-06 2.66316e-06 -1 0 0 -1 -2.66316e-06 8.77029e-07 -1 3.54621e-12 -1.33158e-06 -21.4946 0 0 0 1 
				5
				1.33158e-06 2.66316e-06 -1 0 0 -1 -2.66316e-06 8.60951e-07 -1 3.54621e-12 -1.33158e-06 -21.5289 0 0 0 1 
				6
				1.33158e-06 2.66316e-06 -1 0 0 -1 -2.66316e-06 8.49158e-07 -1 3.54621e-12 -1.33158e-06 -21.5529 0 0 0 1 
				7
				1.33158e-06 2.66316e-06 -1 0 0 -1 -2.66316e-06 8.45079e-07 -1 3.54621e-12 -1.33158e-06 -21.4909 0 0 0 1 
				8
				1.33158e-06 2.66316e-06 -1 0 0 -1 -2.66316e-06 8.51169e-07 -1 3.54621e-12 -1.33158e-06 -21.329 0 0 0 1 
				9
				1.33158e-06 2.66316e-06 -1 0 0 -1 -2.66316e-06 8.65194e-07 -1 3.54621e-12 -1.33158e-06 -21.1048 0 0 0 1 
				10
				1.33158e-06 2.66316e-06 -1 0 0 -1 -2.66316e-06 8.83082e-07 -1 3.54621e-12 -1.33158e-06 -20.8252 0 0 0 1 
				11
				1.33158e-06 2.66316e-06 -1 0 0 -1 -2.66316e-06 9.00756e-07 -1 3.54621e-12 -1.33158e-06 -20.4968 0 0 0 1 
				12
				1.33158e-06 2.66316e-06 -1 0 0 -1 -2.66316e-06 9.18085e-07 -1 3.54621e-12 -1.33158e-06 -20.1019 0 0 0 1 
				13
				1.33158e-06 2.66316e-06 -1 0 0 -1 -2.66316e-06 9.36913e-07 -1 3.54621e-12 -1.33158e-06 -19.6426 0 0 0 1 
				14
				1.33158e-06 2.66316e-06 -1 0 0 -1 -2.66316e-06 9.56334e-07 -1 3.54621e-12 -1.33158e-06 -19.1578 0 0 0 1 
				15
				1.33158e-06 2.66316e-06 -1 0 0 -1 -2.66316e-06 9.75445e-07 -1 3.54621e-12 -1.33158e-06 -18.6863 0 0 0 1 
		</Joint>
			2
				-1
				-0.000201565 -1.28234e-06 -1 4.03023e-06 -0.0008487 -1 1.45341e-06 0.00523743 -1 0.0008487 0.000201564 -25.0984 0 0 0 1 
				0
				-0.000176196 -1.31363e-06 -1 4.03035e-06 -0.000842319 -1 1.46204e-06 0.00523742 -1 0.000842319 0.000176195 -24.9186 0 0 0 1 
				1
				-0.000150827 -1.34476e-06 -1 4.0304e-06 -0.000835938 -1 1.47084e-06 0.0052374 -1 0.000835938 0.000150826 -24.7285 0 0 0 1 
				2
				-0.000125458 -1.37573e-06 -1 4.03055e-06 -0.000829556 -1 1.4798e-06 0.00523739 -1 0.000829556 0.000125457 -24.5579 0 0 0 1 
				3
				-0.000100089 -1.40654e-06 -1 4.03064e-06 -0.000823175 -1 1.48893e-06 0.00523738 -1 0.000823175 0.000100087 -24.4369 0 0 0 1 
				4
				-7.23793e-05 -1.44e-06 -1 4.03078e-06 -0.000816205 -1 1.49908e-06 0.00523736 -1 0.000816205 7.23781e-05 -24.4061 0 0 0 1 
				5
				-4.30081e-05 -1.47526e-06 -1 4.03089e-06 -0.000808817 -1 1.51005e-06 0.00523735 -1 0.000808817 4.30069e-05 -24.4404 0 0 0 1 
				6
				-1.68082e-05 -1.50653e-06 -1 4.03101e-06 -0.000802227 -1 1.52001e-06 0.00523733 -1 0.000802227 1.6807e-05 -24.4643 0 0 0 1 
				7
				1.38779e-06 -1.52815e-06 -1 4.03108e-06 -0.000797649 -0.999999 1.52704e-06 0.00523733 -1 0.000797649 -1.38901e-06 -24.4023 0 0 0 1 
				8
				8.56091e-06 -1.53665e-06 -1 4.03111e-06 -0.000795845 -0.999999 1.52984e-06 0.00523734 -1 0.000795845 -8.56213e-06 -24.2405 0 0 0 1 
				9
				7.73007e-06 -1.53566e-06 -1 4.03111e-06 -0.000796054 -1 1.52951e-06 0.00523737 -1 0.000796054 -7.73129e-06 -24.0163 0 0 0 1 
				10
				3.72809e-06 -1.53092e-06 -1 4.03109e-06 -0.000797061 -0.999999 1.52795e-06 0.0052374 -1 0.00079706 -3.72931e-06 -23.7366 0 0 0 1 
				11
				1.38779e-06 -1.52815e-06 -1 4.03108e-06 -0.000797649 -0.999999 1.52704e-06 0.00523743 -1 0.000797649 -1.38901e-06 -23.4083 0 0 0 1 
				12
				1.38779e-06 -1.52815e-06 -1 4.03108e-06 -0.000797649 -0.999999 1.52704e-06 0.00523746 -1 0.000797649 -1.38901e-06 -23.0134 0 0 0 1 
				13
				1.38779e-06 -1.52815e-06 -1 4.03108e-06 -0.000797649 -1 1.52704e-06 0.0052375 -1 0.000797649 -1.38901e-06 -22.554 0 0 0 1 
				14
				1.38779e-06 -1.52815e-06 -1 4.03108e-06 -0.000797649 -0.999999 1.52704e-06 0.00523754 -1 0.000797649 -1.38901e-06 -22.0692 0 0 0 1 
				15
				1.38779e-06 -1.52815e-06 -1 4.03108e-06 -0.000797649 -0.999999 1.52704e-06 0.00523758 -1 0.000797649 -1.38901e-06 -21.5978 0 0 0 1 
		</Joint>
			3
				-1
				-0.000413965 -1.06196e-06 -1 -0.00132277 -0.000821564 -1 1.40205e-06 0.00489234 -1 0.000821565 0.000413964 -31.6809 0 0 0 1 
				0
				-0.000362046 -1.1236e-06 -1 -0.00115577 -0.000818575 -1 1.41997e-06 0.00493433 -1 0.000818575 0.000362045 -31.501 0 0 0 1 
				1
				-0.000310127 -1.18535e-06 -1 -0.000988784 -0.000815586 -1 1.43829e-06 0.00497633 -1 0.000815586 0.000310126 -31.3109 0 0 0 1 
				2
				-0.000258208 -1.2472e-06 -1 -0.000821793 -0.000812596 -1 1.45702e-06 0.00501832 -1 0.000812596 0.000258206 -31.1404 0 0 0 1 
				3
				-0.000206288 -1.30915e-06 -1 -0.000654803 -0.000809607 -1 1.47616e-06 0.00506031 -1 0.000809607 0.000206287 -31.0193 0 0 0 1 
				4
				-0.00014958 -1.37693e-06 -1 -0.000472407 -0.000806342 -1 1.49754e-06 0.00510617 -1 0.000806342 0.000149579 -30.9885 0 0 0 1 
				5
				-8.94706e-05 -1.4489e-06 -1 -0.000279074 -0.000802881 -1 1.52074e-06 0.00515479 -1 0.000802881 8.94694e-05 -31.0228 0 0 0 1 
				6
				-3.58512e-05 -1.51322e-06 -1 -0.000106614 -0.000799794 -1 1.54189e-06 0.00519815 -1 0.000799794 3.585e-05 -31.0468 0 0 0 1 
				7
				1.38777e-06 -1.55795e-06 -1 1.31598e-05 -0.000797649 -0.999999 1.55684e-06 0.00522828 -1 0.000797649 -1.38901e-06 -30.9848 0 0 0 1 
				8
				1.60679e-05 -1.57784e-06 -1 6.03763e-05 -0.000796804 -0.999999 1.56504e-06 0.00524017 -1 0.000796804 -1.60691e-05 -30.8229 0 0 0 1 
				9
				1.43675e-05 -1.57355e-06 -1 5.49074e-05 -0.000796902 -1 1.5621e-06 0.00523882 -1 0.000796902 -1.43688e-05 -30.5987 0 0 0 1 
				10
				6.1773e-06 -1.56444e-06 -1 2.85646e-05 -0.000797373 -0.999999 1.55951e-06 0.00523222 -1 0.000797373 -6.17854e-06 -30.319 0 0 0 1 
				11
				1.38777e-06 -1.55795e-06 -1 1.31598e-05 -0.000797649 -0.999999 1.55684e-06 0.00522838 -1 0.000797649 -1.38901e-06 -29.9907 0 0 0 1 
				12
				1.38777e-06 -1.55795e-06 -1 1.31598e-05 -0.000797649 -0.999999 1.55684e-06 0.00522841 -1 0.000797649 -1.38901e-06 -29.5958 0 0 0 1 
				13
				1.38777e-06 -1.55795e-06 -1 1.31598e-05 -0.000797649 -1 1.55684e-06 0.00522845 -1 0.000797649 -1.38901e-06 -29.1365 0 0 0 1 
				14
				1.38777e-06 -1.55795e-06 -1 1.31598e-05 -0.000797649 -0.999999 1.55684e-06 0.00522849 -1 0.000797649 -1.38901e-06 -28.6516 0 0 0 1 
				15
				1.38777e-06 -1.55795e-06 -1 1.31597e-05 -0.000797649 -0.999999 1.55684e-06 0.00522853 -1 0.000797649 -1.38901e-06 -28.1802 0 0 0 1 
		</Joint>
			4
				-1
				-0.000413965 -1.06196e-06 -1 -0.00404766 -0.000821564 -1 1.40205e-06 0.0014972 -1 0.000821565 0.000413964 -38.2633 0 0 0 1 
				0
				-0.000362046 -1.1236e-06 -1 -0.00353891 -0.000818575 -1 1.41997e-06 0.00155887 -1 0.000818575 0.000362044 -38.0834 0 0 0 1 
				1
				-0.000310127 -1.18535e-06 -1 -0.00303017 -0.000815585 -0.999999 1.43829e-06 0.00162053 -1 0.000815586 0.000310126 -37.8933 0 0 0 1 
				2
				-0.000258208 -1.2472e-06 -1 -0.00252143 -0.000812596 -0.999999 1.45702e-06 0.0016822 -1 0.000812596 0.000258206 -37.7228 0 0 0 1 
				3
				-0.000206288 -1.30915e-06 -1 -0.00201268 -0.000809607 -1 1.47616e-06 0.00174387 -1 0.000809607 0.000206287 -37.6017 0 0 0 1 
				4
				-0.00014958 -1.37693e-06 -1 -0.00145701 -0.000806342 -1 1.49754e-06 0.00181123 -1 0.000806342 0.000149579 -37.5709 0 0 0 1 
				5
				-8.94706e-05 -1.4489e-06 -1 -0.00086801 -0.000802881 -1 1.52074e-06 0.00188262 -1 0.000802881 8.94694e-05 -37.6052 0 0 0 1 
				6
				-3.58512e-05 -1.51322e-06 -1 -0.000342604 -0.000799794 -1 1.54189e-06 0.00194631 -1 0.000799794 3.585e-05 -37.6292 0 0 0 1 
				7
				1.38777e-06 -1.55795e-06 -1 2.22922e-05 -0.000797649 -0.999999 1.55684e-06 0.00199055 -1 0.000797649 -1.38901e-06 -37.5672 0 0 0 1 
				8
				1.60679e-05 -1.57784e-06 -1 0.00016614 -0.000796804 -0.999999 1.56504e-06 0.002008 -1 0.000796804 -1.60691e-05 -37.4053 0 0 0 1 
				9
				1.43675e-05 -1.57355e-06 -1 0.000149478 -0.000796902 -1 1.5621e-06 0.002006 -1 0.000796902 -1.43688e-05 -37.1812 0 0 0 1 
				10
				6.1773e-06 -1.56444e-06 -1 6.92238e-05 -0.000797373 -0.999999 1.55951e-06 0.0019963 -1 0.000797373 -6.17854e-06 -36.9015 0 0 0 1 
				11
				1.38777e-06 -1.55795e-06 -1 2.22922e-05 -0.000797649 -0.999999 1.55684e-06 0.00199065 -1 0.000797649 -1.38901e-06 -36.5731 0 0 0 1 
				12
				1.38777e-06 -1.55795e-06 -1 2.22922e-05 -0.000797649 -0.999999 1.55684e-06 0.00199068 -1 0.000797649 -1.38901e-06 -36.1782 0 0 0 1 
				13
				1.38777e-06 -1.55795e-06 -1 2.22922e-05 -0.000797649 -1 1.55684e-06 0.00199072 -1 0.000797649 -1.38901e-06 -35.7189 0 0 0 1 
				14
				1.38777e-06 -1.55795e-06 -1 2.22922e-05 -0.000797649 -0.999999 1.55684e-06 0.00199076 -1 0.000797649 -1.38901e-06 -35.2341 0 0 0 1 
				15
				1.38777e-06 -1.55795e-06 -1 2.22922e-05 -0.000797649 -0.999999 1.55684e-06 0.0019908 -1 0.000797649 -1.38901e-06 -34.7626 0 0 0 1 
		</Joint>
			5
				-1
				2.15724e-06 -1.55684e-06 -1 -0.00509404 2.70258e-07 -1 1.55684e-06 -0.00057947 -1 -2.70262e-07 -2.15724e-06 -40.791 0 0 0 1 
				0
				2.06087e-06 -9.02331e-05 -1 -0.00445406 2.37957e-07 -1 9.02331e-05 -0.000510244 -1 -2.38143e-07 -2.06085e-06 -40.6111 0 0 0 1 
				1
				1.96456e-06 -5.2484e-05 -1 -0.00381408 2.05662e-07 -1 5.2484e-05 -0.000441015 -1 -2.05765e-07 -1.96455e-06 -40.421 0 0 0 1 
				2
				1.87625e-06 -1.55684e-06 -1 -0.0031741 0 -1 1.55684e-06 -0.00037179 -1 -2.92102e-12 -1.87625e-06 -40.2505 0 0 0 1 
				3
				1.77758e-06 -1.55684e-06 -1 -0.00253412 0 -1 1.55684e-06 -0.000302569 -1 -2.76741e-12 -1.77758e-06 -40.1294 0 0 0 1 
				4
				1.67015e-06 -1.55684e-06 -1 -0.0018351 0 -1 1.55684e-06 -0.000226957 -1 -2.60016e-12 -1.67015e-06 -40.0986 0 0 0 1 
				5
				1.55681e-06 -1.55684e-06 -1 -0.00109416 0 -1 1.55684e-06 -0.000146815 -1 -2.42371e-12 -1.55682e-06 -40.1329 0 0 0 1 
				6
				1.45629e-06 -1.55684e-06 -1 -0.000433225 0 -1 1.55684e-06 -7.53286e-05 -1 -2.2672e-12 -1.45629e-06 -40.1569 0 0 0 1 
				7
				1.38685e-06 -1.55684e-06 -1 2.58001e-05 0 -1 1.55684e-06 -2.56673e-05 -1 -2.15911e-12 -1.38685e-06 -40.0949 0 0 0 1 
				8
				1.35958e-06 -1.55684e-06 -1 0.000206754 0 -1 1.55684e-06 -6.0715e-06 -1 -2.11665e-12 -1.35958e-06 -39.933 0 0 0 1 
				9
				1.36274e-06 -1.55684e-06 -1 0.000185795 0 -1 1.55684e-06 -8.32016e-06 -1 -2.12156e-12 -1.36274e-06 -39.7088 0 0 0 1 
				10
				1.37795e-06 -1.55684e-06 -1 8.48381e-05 0 -1 1.55684e-06 -1.92096e-05 -1 -2.14525e-12 -1.37795e-06 -39.4292 0 0 0 1 
				11
				1.38685e-06 -1.55684e-06 -1 2.58001e-05 0 -1 1.55684e-06 -2.55663e-05 -1 -2.15911e-12 -1.38685e-06 -39.1008 0 0 0 1 
				12
				1.38685e-06 -1.55684e-06 -1 2.58001e-05 0 -1 1.55684e-06 -2.55327e-05 -1 -2.15911e-12 -1.38685e-06 -38.7059 0 0 0 1 
				13
				1.38685e-06 -1.55684e-06 -1 2.58001e-05 0 -1 1.55684e-06 -2.54902e-05 -1 -2.15911e-12 -1.38685e-06 -38.2466 0 0 0 1 
				14
				1.38685e-06 -1.55684e-06 -1 2.58001e-05 0 -1 1.55684e-06 -2.54526e-05 -1 -2.15911e-12 -1.38685e-06 -37.7618 0 0 0 1 
				15
				1.38685e-06 -1.55684e-06 -1 2.58e-05 0 -1 1.55684e-06 -2.54109e-05 -1 -2.15911e-12 -1.38685e-06 -37.2903 0 0 0 1 
		</Joint>
			6
		</Joint>
			7
				-1
				0.950441 -1.39584e-06 -0.310905 1.35542 9.35573e-06 1 2.4111e-05 -0.000513679 0.310905 -2.58248e-05 0.950441 -38.2638 0 0 0 1 
				0
				0.950425 -1.37557e-06 -0.310954 1.35593 8.40812e-06 1 2.12755e-05 -0.000452032 0.310954 -2.28353e-05 0.950425 -38.0839 0 0 0 1 
				1
				0.950409 -1.3551e-06 -0.311004 1.35644 7.46012e-06 1 1.84405e-05 -0.000390391 0.311004 -1.98461e-05 0.950408 -37.8937 0 0 0 1 
				2
				0.950392 -1.3346e-06 -0.311053 1.35695 6.5117e-06 1 1.56053e-05 -0.000328745 0.311053 -1.68566e-05 0.950392 -37.7231 0 0 0 1 
				3
				0.950376 -1.3139e-06 -0.311102 1.35746 5.56298e-06 1 1.27708e-05 -0.000267103 0.311102 -1.38677e-05 0.950376 -37.602 0 0 0 1 
				4
				0.950359 -1.29125e-06 -0.311156 1.35801 4.52624e-06 1 9.67457e-06 -0.000199777 0.311156 -1.06027e-05 0.950359 -37.5711 0 0 0 1 
				5
				0.95034 -1.26711e-06 -0.311213 1.3586 3.42683e-06 1 6.39286e-06 -0.000128413 0.311213 -7.14186e-06 0.95034 -37.6054 0 0 0 1 
				6
				0.950323 -1.24546e-06 -0.311264 1.35913 2.44567e-06 1 3.46558e-06 -6.47555e-05 0.311264 -4.05467e-06 0.950323 -37.6292 0 0 0 1 
				7
				0.950311 -1.23042e-06 -0.3113 1.35949 1.76401e-06 1 1.4325e-06 -2.05354e-05 0.3113 -1.91046e-06 0.950312 -37.5672 0 0 0 1 
				8
				0.950307 -1.22446e-06 -0.311314 1.35964 1.49521e-06 1 6.3103e-07 -3.08548e-06 0.311314 -1.06515e-06 0.950307 -37.4053 0 0 0 1 
				9
				0.950308 -1.22509e-06 -0.311312 1.35962 1.52635e-06 1 7.2409e-07 -5.08539e-06 0.311312 -1.16328e-06 0.950308 -37.1811 0 0 0 1 
				10
				0.95031 -1.22848e-06 -0.311304 1.35954 1.6763e-06 1 1.17095e-06 -1.47784e-05 0.311304 -1.63461e-06 0.95031 -36.9015 0 0 0 1 
				11
				0.950311 -1.23042e-06 -0.3113 1.35949 1.76401e-06 1 1.4325e-06 -2.04363e-05 0.3113 -1.91046e-06 0.950312 -36.5731 0 0 0 1 
				12
				0.950311 -1.23042e-06 -0.3113 1.35949 1.76401e-06 1 1.4325e-06 -2.0401e-05 0.3113 -1.91046e-06 0.950312 -36.1782 0 0 0 1 
				13
				0.950312 -1.23036e-06 -0.3113 1.35949 1.76398e-06 1 1.43261e-06 -2.03606e-05 0.3113 -1.91055e-06 0.950312 -35.7189 0 0 0 1 
				14
				0.950311 -1.23042e-06 -0.3113 1.35949 1.76401e-06 1 1.4325e-06 -2.03211e-05 0.3113 -1.91046e-06 0.950312 -35.2341 0 0 0 1 
				15
				0.950311 -1.23042e-06 -0.3113 1.35949 1.76401e-06 1 1.4325e-06 -2.02791e-05 0.3113 -1.91046e-06 0.950312 -34.7626 0 0 0 1 
		</Joint>
			8
				-1
				0.103926 -0.0173926 -0.994433 6.71759 0.0607867 0.998089 -0.0111039 -0.000460896 0.992726 -0.0592943 0.104785 -36.5098 0 0 0 1 
				0
				0.104251 -0.0213349 -0.994322 6.71801 0.0093287 0.999747 -0.0204732 -0.000404595 0.994507 -0.00714139 0.104423 -36.3296 0 0 0 1 
				1
				0.104777 -0.0252565 -0.994175 6.71842 -0.042173 0.998665 -0.0298153 -0.000348303 0.993601 0.0450513 0.103572 -36.1391 0 0 0 1 
				2
				0.105505 -0.0291445 -0.993991 6.71884 -0.0935541 0.994846 -0.0390996 -0.000292007 0.990008 0.0971172 0.102234 -35.9683 0 0 0 1 
				3
				0.106427 -0.032986 -0.993773 6.71926 -0.144657 0.988302 -0.0482963 -0.000235718 0.983741 0.148897 0.100411 -35.8468 0 0 0 1 
				4
				0.107547 -0.0367727 -0.99352 6.71972 -0.195362 0.979051 -0.0573848 -0.000174241 0.974817 0.200267 0.0981098 -35.8156 0 0 0 1 
				5
				0.108867 -0.0404947 -0.993231 6.7202 -0.245536 0.967115 -0.0663428 -0.00010908 0.963255 0.251096 0.0953441 -35.8496 0 0 0 1 
				6
				0.110378 -0.0441406 -0.992909 6.72063 -0.295031 0.952528 -0.0751429 -5.09576e-05 0.949091 0.301233 0.0921151 -35.8732 0 0 0 1 
				7
				0.112064 -0.0477023 -0.992555 6.72093 -0.343712 0.935332 -0.0837589 -1.05833e-05 0.932364 0.35054 0.0884214 -35.8109 0 0 0 1 
				8
				0.113932 -0.051169 -0.99217 6.72105 -0.391447 0.915572 -0.092169 5.35014e-06 0.91312 0.398883 0.0842831 -35.6489 0 0 0 1 
				9
				0.115986 -0.0545287 -0.991753 6.72104 -0.438104 0.893305 -0.100353 3.52595e-06 0.89141 0.446131 0.079722 -35.4248 0 0 0 1 
				10
				0.118211 -0.0577742 -0.991306 6.72097 -0.483556 0.868589 -0.108285 -5.32109e-06 0.867294 0.492153 0.0747398 -35.1452 0 0 0 1 
				11
				0.120591 -0.0608993 -0.990832 6.72093 -0.527681 0.841492 -0.115943 -1.04841e-05 0.840839 0.536825 0.0693412 -34.8168 0 0 0 1 
				12
				0.123129 -0.063893 -0.990331 6.72093 -0.570356 0.812089 -0.123306 -1.04489e-05 0.812116 0.580024 0.0635503 -34.4219 0 0 0 1 
				13
				0.125826 -0.0667445 -0.989805 6.72093 -0.611462 0.780462 -0.130358 -1.04086e-05 0.781206 0.62163 0.0573907 -33.9626 0 0 0 1 
				14
				0.128666 -0.0694486 -0.989253 6.72093 -0.650887 0.746696 -0.137077 -1.03689e-05 0.748191 0.66153 0.050871 -33.4778 0 0 0 1 
				15
				0.131636 -0.0719999 -0.98868 6.72093 -0.688527 0.710883 -0.143442 -1.03269e-05 0.713164 0.699615 0.0440036 -33.0063 0 0 0 1 
		</Joint>
			9
				-1
				0.105092 -0.00766599 -0.994433 7.38876 -0.0321671 0.999421 -0.0111039 0.392108 0.993942 0.0331549 0.104785 -30.0986 0 0 0 1 
				0
				0.106392 -0.00201434 -0.994322 7.39127 -0.172694 0.984763 -0.0204732 0.0598414 0.979212 0.173892 0.104423 -29.9069 0 0 0 1 
				1
				0.107707 0.00391402 -0.994175 7.39509 -0.30974 0.950353 -0.0298153 -0.272707 0.944701 0.311147 0.103572 -29.7223 0 0 0 1 
				2
				0.10898 0.0101947 -0.993991 7.40021 -0.440519 0.896891 -0.0390993 -0.604477 0.891103 0.442133 0.102234 -29.5747 0 0 0 1 
				3
				0.110134 0.0168896 -0.993773 7.40658 -0.56238 0.825467 -0.0482963 -0.934453 0.819511 0.564197 0.100411 -29.4937 0 0 0 1 
				4
				0.111087 0.0240476 -0.99352 7.41427 -0.672883 0.737519 -0.0573847 -1.26185 0.73136 0.674898 0.0981098 -29.5201 0 0 0 1 
				5
				0.111744 0.0317058 -0.993231 7.42328 -0.769808 0.634818 -0.0663428 -1.58581 0.628417 0.772011 0.0953441 -29.6287 0 0 0 1 
				6
				0.111989 0.039877 -0.992909 7.43347 -0.851193 0.519446 -0.0751429 -1.9054 0.512766 0.853572 0.0921151 -29.7438 0 0 0 1 
				7
				0.1117 0.0485482 -0.992555 7.44465 -0.915399 0.393736 -0.0837589 -2.21975 0.386738 0.917941 0.0884215 -29.7896 0 0 0 1 
				8
				0.110767 0.057701 -0.99217 7.45683 -0.961138 0.260226 -0.0921691 -2.52802 0.25287 0.963822 0.0842831 -29.7519 0 0 0 1 
				9
				0.109074 0.0672986 -0.991753 7.47009 -0.987491 0.121617 -0.100353 -2.82933 0.11386 0.990293 0.079722 -29.6679 0 0 0 1 
				10
				0.106499 0.0772635 -0.991306 7.48439 -0.993932 -0.0192943 -0.108285 -3.12288 -0.027493 0.996824 0.0747399 -29.5441 0 0 0 1 
				11
				0.102934 0.0874963 -0.990832 7.49972 -0.980339 -0.159663 -0.115943 -3.40785 -0.168343 0.983286 0.0693413 -29.3866 0 0 0 1 
				12
				0.0982834 0.0978954 -0.990331 7.51612 -0.946992 -0.29665 -0.123306 -3.68345 -0.305853 0.949955 0.0635503 -29.1772 0 0 0 1 
				13
				0.0924634 0.10834 -0.989805 7.53353 -0.894572 -0.427489 -0.130358 -3.94891 -0.437254 0.897505 0.0573907 -28.9175 0 0 0 1 
				14
				0.0854066 0.118675 -0.989253 7.55187 -0.824145 -0.54954 -0.137077 -4.20353 -0.559901 0.826996 0.0508711 -28.6459 0 0 0 1 
				15
				0.0770684 0.128734 -0.98868 7.57105 -0.737141 -0.660339 -0.143442 -4.44661 -0.671329 0.739851 0.0440036 -28.4006 0 0 0 1 
		</Joint>
			10
				-1
				0.105092 -0.994438 0.00687413 8.10553 -0.0321671 -0.010308 -0.999429 0.172716 0.993942 0.104811 -0.0330715 -23.3196 0 0 0 1 
				0
				0.106392 -0.994323 0.00122258 8.11691 -0.172694 -0.019689 -0.984778 -1.118 0.979212 0.104562 -0.173808 -23.2283 0 0 0 1 
				1
				0.107707 -0.994171 -0.00470567 8.1297 -0.30974 -0.0290585 -0.950377 -2.38525 0.944701 0.10382 -0.311065 -23.2791 0 0 0 1 
				2
				0.10898 -0.993983 -0.0109862 8.14349 -0.440519 -0.0383851 -0.896921 -3.60898 0.891103 0.102586 -0.442052 -23.497 0 0 0 1 
				3
				0.110134 -0.993759 -0.017681 8.15774 -0.56238 -0.0476389 -0.825505 -4.7701 0.819511 0.10086 -0.564117 -23.9043 0 0 0 1 
				4
				0.111087 -0.9935 -0.0248387 8.17192 -0.672883 -0.0567974 -0.737565 -5.85116 0.73136 0.0986471 -0.674819 -24.532 0 0 0 1 
				5
				0.111744 -0.993205 -0.0324967 8.18541 -0.769808 -0.0658373 -0.63487 -6.83619 0.628417 0.0959589 -0.771935 -25.3427 0 0 0 1 
				6
				0.111989 -0.992877 -0.0406676 8.19727 -0.851193 -0.0747293 -0.519505 -7.71086 0.512766 0.0927947 -0.853499 -26.2465 0 0 0 1 
				7
				0.1117 -0.992516 -0.0493386 8.20649 -0.915399 -0.0834454 -0.393802 -8.46312 0.386738 0.0891524 -0.91787 -27.1519 0 0 0 1 
				8
				0.110767 -0.992123 -0.058491 8.21231 -0.961138 -0.0919618 -0.260299 -9.08334 0.25287 0.0850506 -0.963754 -28.0272 0 0 0 1 
				9
				0.109074 -0.991699 -0.0680883 8.21402 -0.987491 -0.100256 -0.121696 -9.56439 0.11386 0.0805105 -0.990229 -28.8914 0 0 0 1 
				10
				0.106499 -0.991244 -0.0780528 8.21076 -0.993932 -0.108301 0.0192081 -9.90186 -0.027493 0.0755336 -0.996764 -29.7316 0 0 0 1 
				11
				0.102934 -0.990762 -0.0882852 8.20177 -0.980339 -0.11607 0.15957 -10.0941 -0.168343 0.0701242 -0.983231 -30.5347 0 0 0 1 
				12
				0.0982834 -0.990253 -0.0986839 8.18644 -0.946992 -0.123543 0.296552 -10.1423 -0.305853 0.0643067 -0.949904 -31.2632 0 0 0 1 
				13
				0.0924634 -0.989718 -0.109128 8.16417 -0.894572 -0.130699 0.427385 -10.0502 -0.437254 0.0581054 -0.897459 -31.8997 0 0 0 1 
				14
				0.0854065 -0.989158 -0.119463 8.13438 -0.824145 -0.137515 0.54943 -9.82451 -0.559901 0.0515296 -0.826955 -32.4646 0 0 0 1 
				15
				0.0770684 -0.988577 -0.129521 8.09668 -0.737141 -0.143968 0.660224 -9.47419 -0.671329 0.0445927 -0.739816 -32.9793 0 0 0 1 
		</Joint>
			11
				-1
				-0.950183 -1.36847e-06 -0.311692 -1.36352 6.63176e-06 1 -2.46072e-05 -0.000517408 0.311692 -2.54484e-05 -0.950183 -38.2627 0 0 0 1 
				0
				-0.950199 -1.3481e-06 -0.311642 -1.36301 5.7182e-06 1 -2.17606e-05 -0.000455715 0.311642 -2.24589e-05 -0.950199 -38.0829 0 0 0 1 
				1
				-0.950216 -1.32771e-06 -0.311593 -1.3625 4.80502e-06 1 -1.89141e-05 -0.000394022 0.311593 -1.94697e-05 -0.950215 -37.8929 0 0 0 1 
				2
				-0.950232 -1.30716e-06 -0.311544 -1.36199 3.89221e-06 1 -1.60673e-05 -0.000332325 0.311544 -1.64802e-05 -0.950232 -37.7224 0 0 0 1 
				3
				-0.950248 -1.28661e-06 -0.311494 -1.36148 2.97986e-06 1 -1.32209e-05 -0.000270631 0.311494 -1.34913e-05 -0.950248 -37.6014 0 0 0 1 
				4
				-0.950266 -1.26398e-06 -0.31144 -1.36093 1.98376e-06 1 -1.01113e-05 -0.000203246 0.311441 -1.02263e-05 -0.950266 -37.5707 0 0 0 1 
				5
				-0.950284 -1.23986e-06 -0.311383 -1.36034 9.2843e-07 1 -6.81518e-06 -0.000131819 0.311383 -6.76546e-06 -0.950284 -37.6051 0 0 0 1 
				6
				-0.950301 -1.21823e-06 -0.311332 -1.35981 -1.25261e-08 1 -3.87473e-06 -6.81045e-05 0.311332 -3.67826e-06 -0.950301 -37.6291 0 0 0 1 
				7
				-0.950312 -1.20309e-06 -0.311297 -1.35945 -6.65763e-07 1 -1.83234e-06 -2.38443e-05 0.311297 -1.53405e-06 -0.950313 -37.5672 0 0 0 1 
				8
				-0.950317 -1.19712e-06 -0.311283 -1.3593 -9.23255e-07 1 -1.02717e-06 -6.37864e-06 0.311283 -6.88742e-07 -0.950317 -37.4053 0 0 0 1 
				9
				-0.950317 -1.19788e-06 -0.311285 -1.35932 -8.93423e-07 1 -1.12066e-06 -8.37858e-06 0.311285 -7.86873e-07 -0.950317 -37.1812 0 0 0 1 
				10
				-0.950314 -1.20114e-06 -0.311293 -1.3594 -7.49794e-07 1 -1.56959e-06 -1.80827e-05 0.311293 -1.2582e-06 -0.950314 -36.9015 0 0 0 1 
				11
				-0.950312 -1.20309e-06 -0.311297 -1.35945 -6.65763e-07 1 -1.83234e-06 -2.37433e-05 0.311297 -1.53405e-06 -0.950313 -36.5731 0 0 0 1 
				12
				-0.950312 -1.20309e-06 -0.311297 -1.35945 -6.65763e-07 1 -1.83234e-06 -2.37097e-05 0.311297 -1.53405e-06 -0.950313 -36.1782 0 0 0 1 
				13
				-0.950313 -1.20315e-06 -0.311297 -1.35945 -6.65793e-07 1 -1.83245e-06 -2.36676e-05 0.311297 -1.53415e-06 -0.950313 -35.7189 0 0 0 1 
				14
				-0.950312 -1.20309e-06 -0.311297 -1.35945 -6.65763e-07 1 -1.83234e-06 -2.36295e-05 0.311297 -1.53405e-06 -0.950313 -35.2341 0 0 0 1 
				15
				-0.950312 -1.20309e-06 -0.311297 -1.35945 -6.65763e-07 1 -1.83234e-06 -2.35879e-05 0.311297 -1.53405e-06 -0.950313 -34.7626 0 0 0 1 
		</Joint>
			12
				-1
				-0.0886962 0.0451621 -0.995034 -6.72423 0.540642 0.841193 -0.0100126 -0.000479993 0.836564 -0.538846 -0.0990272 -36.5042 0 0 0 1 
				0
				-0.0874311 0.0475638 -0.995034 -6.72381 0.563379 0.826138 -0.0100123 -0.000423455 0.82156 -0.561456 -0.0990266 -36.3247 0 0 0 1 
				1
				-0.0861023 0.0499302 -0.995034 -6.72339 0.585696 0.810469 -0.0100126 -0.000366913 0.805945 -0.583649 -0.0990272 -36.135 0 0 0 1 
				2
				-0.0847093 0.0522596 -0.995034 -6.72298 0.607577 0.794197 -0.0100127 -0.000310366 0.78973 -0.605408 -0.0990277 -35.9648 0 0 0 1 
				3
				-0.0832524 0.05455 -0.995034 -6.72256 0.629007 0.777335 -0.0100124 -0.00025382 0.772929 -0.626717 -0.0990274 -35.8441 0 0 0 1 
				4
				-0.0817333 0.0567998 -0.995034 -6.72211 0.649969 0.759894 -0.0100121 -0.000192054 0.755552 -0.64756 -0.0990268 -35.8136 0 0 0 1 
				5
				-0.0801548 0.0590072 -0.995034 -6.72162 0.670448 0.741889 -0.0100125 -0.000126581 0.737614 -0.667921 -0.0990272 -35.8484 0 0 0 1 
				6
				-0.0785164 0.0611711 -0.995034 -6.72119 0.690428 0.723332 -0.0100126 -6.81752e-05 0.719128 -0.687786 -0.0990276 -35.8727 0 0 0 1 
				7
				-0.0768188 0.063289 -0.995034 -6.72089 0.709894 0.704237 -0.0100125 -2.76004e-05 0.700106 -0.707138 -0.0990271 -35.8109 0 0 0 1 
				8
				-0.07508 0.0653414 -0.995034 -6.72077 0.728664 0.684798 -0.0100122 -1.15874e-05 0.680743 -0.725798 -0.0990265 -35.6492 0 0 0 1 
				9
				-0.0732991 0.0673337 -0.995034 -6.72079 0.746786 0.664989 -0.0100123 -1.34191e-05 0.661013 -0.743812 -0.0990269 -35.425 0 0 0 1 
				10
				-0.0714419 0.069301 -0.995034 -6.72085 0.764584 0.644446 -0.0100123 -2.23128e-05 0.640552 -0.761503 -0.0990269 -35.1452 0 0 0 1 
				11
				-0.0694721 0.0712759 -0.995034 -6.72089 0.782343 0.622767 -0.0100125 -2.74994e-05 0.618961 -0.779154 -0.0990271 -34.8168 0 0 0 1 
				12
				-0.0672129 0.0734144 -0.995034 -6.72089 0.801424 0.598012 -0.010013 -2.74658e-05 0.594307 -0.798118 -0.0990302 -34.4219 0 0 0 1 
				13
				-0.0647111 0.0756293 -0.995034 -6.72089 0.821046 0.570774 -0.0100133 -2.74239e-05 0.567182 -0.817617 -0.0990305 -33.9626 0 0 0 1 
				14
				-0.0623288 0.0776055 -0.995034 -6.72089 0.838397 0.544967 -0.0100136 -2.73856e-05 0.541484 -0.834858 -0.0990314 -33.4778 0 0 0 1 
				15
				-0.0604579 0.0790664 -0.995034 -6.72089 0.85115 0.524826 -0.0100125 -2.7344e-05 0.521428 -0.84753 -0.0990272 -33.0063 0 0 0 1 
		</Joint>
			13
				-1
				0.0125095 -0.0987428 -0.995034 -7.29704 -0.999618 -0.0257441 -0.0100124 3.49106 -0.0246276 0.99478 -0.0990272 -31.1016 0 0 0 1 
				0
				0.00927176 -0.0990987 -0.995034 -7.28845 -0.999925 0.00697643 -0.0100121 3.63795 0.00793398 0.995053 -0.0990266 -31.019 0 0 0 1 
				1
				0.00602476 -0.0993496 -0.995034 -7.27946 -0.999161 0.0396892 -0.0100125 3.78213 0.0404869 0.994261 -0.0990272 -30.9301 0 0 0 1 
				2
				0.00277092 -0.099494 -0.995034 -7.27004 -0.997328 0.0723596 -0.0100126 3.9235 0.0729964 0.992403 -0.0990277 -30.8646 0 0 0 1 
				3
				-0.000486057 -0.099531 -0.995034 -7.26022 -0.994427 0.104953 -0.0100124 4.06196 0.105428 0.989484 -0.0990274 -30.8524 0 0 0 1 
				4
				-0.00374268 -0.0994612 -0.995034 -7.24995 -0.99046 0.137433 -0.010012 4.1974 0.137747 0.985504 -0.0990268 -30.9342 0 0 0 1 
				5
				-0.00699455 -0.099286 -0.995034 -7.23927 -0.985433 0.169766 -0.0100125 4.32971 0.169917 0.98047 -0.0990272 -31.0848 0 0 0 1 
				6
				-0.0102393 -0.0990044 -0.995034 -7.22826 -0.979351 0.201918 -0.0100126 4.45881 0.201907 0.974386 -0.0990276 -31.2285 0 0 0 1 
				7
				-0.0134731 -0.098616 -0.995034 -7.217 -0.97222 0.233854 -0.0100125 4.58456 0.23368 0.967258 -0.0990271 -31.2895 0 0 0 1 
				8
				-0.0166636 -0.0981266 -0.995034 -7.20565 -0.964126 0.265253 -0.0100123 4.7058 0.264918 0.959173 -0.0990265 -31.2528 0 0 0 1 
				9
				-0.0198162 -0.0975392 -0.995034 -7.19416 -0.955081 0.296174 -0.0100123 4.82283 0.29568 0.95014 -0.0990269 -31.1561 0 0 0 1 
				10
				-0.0229866 -0.096841 -0.995034 -7.18223 -0.944914 0.327165 -0.0100124 4.93777 0.32651 0.939992 -0.0990269 -31.0085 0 0 0 1 
				11
				-0.0262298 -0.0960137 -0.995034 -7.16955 -0.933379 0.358753 -0.0100125 5.05245 0.357933 0.928481 -0.0990271 -30.8195 0 0 0 1 
				12
				-0.0298128 -0.0949655 -0.995034 -7.15496 -0.919268 0.393505 -0.0100131 5.17568 0.392501 0.914404 -0.0990302 -30.5838 0 0 0 1 
				13
				-0.0336134 -0.093688 -0.995034 -7.1388 -0.902673 0.43021 -0.0100133 5.3024 0.429012 0.897854 -0.0990305 -30.2997 0 0 0 1 
				14
				-0.0370858 -0.0923696 -0.995034 -7.12342 -0.885993 0.46359 -0.0100136 5.41446 0.462213 0.881222 -0.0990314 -29.9808 0 0 0 1 
				15
				-0.0397118 -0.0912668 -0.995034 -7.11133 -0.872369 0.488745 -0.0100125 5.49682 0.487232 0.86764 -0.0990272 -29.6389 0 0 0 1 
		</Joint>
			14
				-1
				0.0125095 0.999913 -0.00418103 -7.21172 -0.999618 0.0124027 -0.0246816 -3.32671 -0.0246276 0.00448819 0.999687 -31.2696 0 0 0 1 
				0
				0.00789134 0.999916 -0.0102831 -7.22522 -0.999898 0.00776786 -0.0119929 -3.18191 -0.011912 0.0103766 0.999875 -30.9649 0 0 0 1 
				1
				0.00323919 0.99986 -0.0164274 -7.23836 -0.999992 0.00327527 0.00216957 -3.03252 0.00222307 0.0164202 0.999862 -30.6539 0 0 0 1 
				2
				-0.00100606 0.999743 -0.022633 -7.25114 -0.999906 -0.000697255 0.0136476 -2.87864 0.0136283 0.0226446 0.99965 -30.3667 0 0 0 1 
				3
				-0.00434511 0.999571 -0.0289611 -7.26353 -0.999825 -0.00381655 0.0182811 -2.7204 0.0181627 0.0290355 0.999413 -30.1333 0 0 0 1 
				4
				-0.00648394 0.999348 -0.0355121 -7.27548 -0.999916 -0.00608061 0.0114539 -2.55791 0.0112305 0.0355834 0.999303 -29.9947 0 0 0 1 
				5
				-0.0075845 0.999077 -0.0422684 -7.28698 -0.999963 -0.00774617 -0.00366239 -2.39131 -0.00398643 0.042239 0.999099 -29.9259 0 0 0 1 
				6
				-0.0079299 0.998764 -0.0490691 -7.29809 -0.999785 -0.00885951 -0.0187566 -2.22073 -0.0191682 0.0489098 0.998619 -29.8514 0 0 0 1 
				7
				-0.00794008 0.998415 -0.0557169 -7.30889 -0.99963 -0.00937395 -0.0255209 -2.04634 -0.0260027 0.0554937 0.99812 -29.6958 0 0 0 1 
				8
				-0.00799377 0.998037 -0.0621085 -7.3193 -0.999768 -0.0092191 -0.0194674 -1.8699 -0.0200017 0.0619384 0.997879 -29.446 0 0 0 1 
				9
				-0.00793568 0.997635 -0.06828 -7.32931 -0.99995 -0.0083367 -0.00559028 -1.69118 -0.00614628 0.0682322 0.99765 -29.1394 0 0 0 1 
				10
				-0.00735186 0.997211 -0.0742679 -7.33901 -0.999935 -0.0066854 0.00921825 -1.5069 0.00869603 0.0743308 0.997196 -28.7815 0 0 0 1 
				11
				-0.0057268 0.996768 -0.0801285 -7.34845 -0.999827 -0.00429179 0.0180696 -1.31354 0.0176673 0.0802181 0.996621 -28.3783 0 0 0 1 
				12
				-0.0023597 0.996276 -0.0861875 -7.35829 -0.999829 -0.000773596 0.0184317 -1.09407 0.0182964 0.0862163 0.996108 -27.9068 0 0 0 1 
				13
				0.00242406 0.995736 -0.0922141 -7.36806 -0.999894 0.00373791 0.0140778 -0.854165 0.0143624 0.0921701 0.99564 -27.3737 0 0 0 1 
				14
				0.00744253 0.995209 -0.0974798 -7.37636 -0.999931 0.00828438 0.00823424 -0.628344 0.00900235 0.0974118 0.995203 -26.8284 0 0 0 1 
				15
				0.0113575 0.99478 -0.101408 -7.38218 -0.999921 0.0118387 0.00414412 -0.453062 0.00532303 0.101353 0.994836 -26.3158 0 0 0 1 
		</Joint>
			15
				-1
				-8.38583e-07 1.187e-06 1 4.26131 -0.00143416 -0.999999 1.18579e-06 5.45841e-06 0.999999 -0.00143416 8.40284e-07 -22.187 0 0 0 1 
				0
				0.0107512 0.0649743 0.997829 4.26131 -0.110305 -0.99172 0.0657649 5.4439e-06 0.99384 -0.110772 -0.00349524 -22.0071 0 0 0 1 
				1
				0.0279151 0.130053 0.991114 4.26131 -0.151258 -0.979534 0.132794 5.43441e-06 0.9881 -0.153621 -0.00767228 -21.817 0 0 0 1 
				2
				0.0480487 0.191582 0.9803 4.26131 -0.18098 -0.963519 0.197173 5.42111e-06 0.982312 -0.186889 -0.0116233 -21.6465 0 0 0 1 
				3
				0.0684732 0.246343 0.966761 4.26131 -0.201585 -0.945631 0.255237 5.40861e-06 0.977075 -0.212362 -0.0150912 -21.5254 0 0 0 1 
				4
				0.0848041 0.298888 0.950512 4.26131 -0.202828 -0.928797 0.310156 5.39427e-06 0.975535 -0.219093 -0.0181429 -21.4946 0 0 0 1 
				5
				0.0964722 0.349942 0.931791 4.26131 -0.191852 -0.912064 0.362397 5.37462e-06 0.976671 -0.213727 -0.020852 -21.5289 0 0 0 1 
				6
				0.111266 0.38991 0.914106 4.26131 -0.196844 -0.892946 0.404845 5.35883e-06 0.974101 -0.224982 -0.0226027 -21.5529 0 0 0 1 
				7
				0.138056 0.408706 0.902164 4.26131 -0.238392 -0.870394 0.430794 5.35986e-06 0.961306 -0.274542 -0.0227315 -21.4909 0 0 0 1 
				8
				0.155783 0.408952 0.89916 4.26131 -0.222769 -0.872278 0.435321 5.37063e-06 0.962344 -0.268121 -0.0447842 -21.329 0 0 0 1 
				9
				0.159899 0.397688 0.90348 4.26131 -0.171217 -0.89021 0.422149 5.39599e-06 0.972171 -0.222192 -0.0742523 -21.1048 0 0 0 1 
				10
				0.163734 0.379027 0.910785 4.26131 -0.121242 -0.908514 0.399878 5.42331e-06 0.979026 -0.175899 -0.102801 -20.8252 0 0 0 1 
				11
				0.165464 0.362329 0.917245 4.26131 -0.0642787 -0.924126 0.376642 5.45745e-06 0.984119 -0.12128 -0.12962 -20.4968 0 0 0 1 
				12
				0.165336 0.347304 0.923062 4.26131 0.00634035 -0.936298 0.351148 5.49259e-06 0.986217 -0.052205 -0.157006 -20.1019 0 0 0 1 
				13
				0.162742 0.330162 0.929789 4.26131 0.0893393 -0.943412 0.319362 5.53194e-06 0.982615 0.031093 -0.18303 -19.6426 0 0 0 1 
				14
				0.159168 0.312311 0.936551 4.26131 0.174322 -0.94263 0.284712 5.57322e-06 0.971739 0.117944 -0.204479 -19.1578 0 0 0 1 
				15
				0.155789 0.295541 0.942542 4.26131 0.249982 -0.934927 0.251834 5.61468e-06 0.955635 0.196386 -0.219531 -18.6863 0 0 0 1 
		</Joint>
			16
				-1
				-8.42509e-07 1.18421e-06 1 4.2613 0.00187771 -0.999998 1.18579e-06 -0.0139678 0.999998 0.00187771 8.40284e-07 -12.4438 0 0 0 1 
				0
				-0.00398587 0.065737 0.997829 4.36606 0.113281 -0.991384 0.0657649 -1.07471 0.993555 0.113297 -0.00349524 -12.324 0 0 0 1 
				1
				-0.0133746 0.132341 0.991114 4.53329 0.156877 -0.97865 0.132794 -1.47372 0.987527 0.157259 -0.00767228 -12.1898 0 0 0 1 
				2
				-0.0262868 0.195758 0.9803 4.72946 0.188564 -0.962064 0.197173 -1.76331 0.981709 0.190032 -0.0116233 -12.0757 0 0 0 1 
				3
				-0.040128 0.252514 0.966761 4.92846 0.209755 -0.943852 0.255237 -1.96407 0.97693 0.213025 -0.0150912 -12.0056 0 0 0 1 
				4
				-0.0501992 0.306604 0.950512 5.08757 0.210946 -0.926987 0.310156 -1.97618 0.976208 0.216077 -0.0181429 -11.9898 0 0 0 1 
				5
				-0.0556852 0.358699 0.931791 5.20125 0.199469 -0.910429 0.362397 -1.86923 0.978321 0.206044 -0.020852 -12.0131 0 0 0 1 
				6
				-0.0652497 0.400191 0.914106 5.34539 0.201888 -0.891819 0.404845 -1.91788 0.977233 0.210963 -0.0226027 -12.0621 0 0 0 1 
				7
				-0.0886886 0.422178 0.902164 5.60641 0.236783 -0.870833 0.430794 -2.32268 0.967506 0.251823 -0.0227315 -12.1247 0 0 0 1 
				8
				-0.116665 0.421781 0.89916 5.77913 0.337083 -0.834788 0.435321 -2.17047 0.934219 0.353878 -0.0447842 -11.9528 0 0 0 1 
				9
				-0.138806 0.405532 0.90348 5.81923 0.452053 -0.785772 0.422149 -1.66819 0.881125 0.467017 -0.0742523 -11.6328 0 0 0 1 
				10
				-0.161773 0.379868 0.910785 5.85659 0.574699 -0.714016 0.399878 -1.18127 0.802216 0.588117 -0.102801 -11.2864 0 0 0 1 
				11
				-0.174979 0.357832 0.917245 5.87345 0.673339 -0.636203 0.376643 -0.626271 0.718329 0.683521 -0.12962 -10.9084 0 0 0 1 
				12
				-0.175666 0.342196 0.923062 5.8722 0.747962 -0.563247 0.351148 0.0617802 0.640074 0.7521 -0.157006 -10.493 0 0 0 1 
				13
				-0.1677 0.327672 0.929789 5.84693 0.810161 -0.491575 0.319362 0.870452 0.561707 0.806836 -0.18303 -10.0688 0 0 0 1 
				14
				-0.156557 0.313628 0.936551 5.81211 0.861672 -0.420071 0.284712 1.69845 0.482711 0.851574 -0.204479 -9.68995 0 0 0 1 
				15
				-0.14751 0.299759 0.942542 5.77918 0.903287 -0.347349 0.251834 2.43562 0.40288 0.888534 -0.219531 -9.3754 0 0 0 1 
		</Joint>
			17
				-1
				-1.37652e-06 8.28149e-07 1 4.26129 1.89496e-06 -1 8.28152e-07 0.00432704 1 1.89496e-06 1.37652e-06 -2.70069 0 0 0 1 
				0
				-0.000815227 -0.0125189 0.999921 4.32723 -0.0113625 -0.999857 -0.0125274 0.0290048 0.999935 -0.0113718 0.000672863 -2.64364 0 0 0 1 
				1
				-0.00140424 -0.025222 0.999681 4.40298 -0.0239675 -0.999394 -0.0252484 0.0547592 0.999712 -0.0239953 0.000798881 -2.56817 0 0 0 1 
				2
				-0.00217886 -0.0375701 0.999292 4.47334 -0.0341758 -0.998707 -0.0376226 0.073892 0.999413 -0.0342336 0.00089205 -2.51073 0 0 0 1 
				3
				-0.00266882 -0.0490627 0.998792 4.53748 -0.0383679 -0.998055 -0.0491291 0.079602 0.99926 -0.0384527 0.00078119 -2.48726 0 0 0 1 
				4
				-0.00306689 -0.0601785 0.998183 4.59847 -0.0399187 -0.997385 -0.060253 0.0791033 0.999198 -0.0400309 0.00065662 -2.47848 0 0 0 1 
				5
