<?xml version='1.0' encoding='UTF-8' ?>
<itpanim>
	<skeleton count>
		25
			0 -1
			1.37091e-06 -1 -6.12323e-17 1.44898e-05 1 1.37091e-06 -6.12323e-17 -1.98691e-11 6.12323e-17 -6.12323e-17 1 80.8015 0 0 0 1 
			1 0
			1.3868e-06 4.78456e-08 -1 -80.8015 2.75771e-06 -1 -4.78418e-08 1.44901e-05 -1 -2.75771e-06 -1.3868e-06 -0.000112056 0 0 0 1 
			2 1
			1.40269e-06 -0.000796318 -1 -90.1364 0 -1 0.000796318 0.0931538 -1 -1.11699e-09 -1.40269e-06 -2.58351e-07 0 0 0 1 
			3 2
			1.40269e-06 -0.000796318 -1 -116.969 0 -1 0.000796318 0.11452 -1 -1.11699e-09 -1.40269e-06 -3.17612e-07 0 0 0 1 
			4 3
			1.40269e-06 -0.000796318 -1 -143.801 0 -1 0.000796318 0.119367 -1 -1.11699e-09 -1.40269e-06 -3.31058e-07 0 0 0 1 
			5 4
			1 1.37091e-06 4.37113e-08 -2.89267 -1.37091e-06 1 3.58059e-15 -8.20407e-06 -4.37113e-08 -6.35048e-14 1 143.801 0 0 0 1 
			6 5
			0.995014 0.0902305 0.042489 -10.1726 -0.0897157 0.995871 -0.0138741 -0.527027 -0.0435655 0.00999304 0.999001 144.37 0 0 0 1 
			7 6
			0.994845 -0.0912189 0.0442967 -37.2146 0.0915704 0.995781 -0.00596753 -7.37347 -0.0435655 0.00999304 0.999001 144.37 0 0 0 1 
			8 7
			0.994845 -0.0912189 0.0442967 -64.9763 -0.0434925 0.0107859 0.998995 144.365 -0.091605 -0.995772 0.00676301 7.48842 0 0 0 1 
			9 4
			-1 -1.37091e-06 4.37114e-08 -2.89267 -1.37091e-06 1 3.84662e-15 -8.20407e-06 -4.37115e-08 -5.60777e-14 -1 -143.801 0 0 0 1 
			10 9
			-0.995014 0.0902277 0.042489 -10.1726 0.089713 0.995871 -0.0138741 -0.527027 -0.0435654 -0.00999316 -0.999001 -144.37 0 0 0 1 
			11 10
			-0.994845 -0.0912216 0.0442967 -37.2146 -0.0915731 0.99578 -0.00596753 -7.37347 -0.0435654 -0.00999316 -0.999001 -144.37 0 0 0 1 
			12 11
			-0.994845 -0.0912216 0.0442967 -64.9763 0.0434925 0.0107861 0.998995 144.365 -0.0916078 0.995772 -0.00676301 -7.48842 0 0 0 1 
			13 4
			1.34309e-06 -5.95475e-08 -1 -149.889 -1.40269e-06 -1 5.95456e-08 7.93768e-06 -1 1.40269e-06 -1.34309e-06 -0.000201315 0 0 0 1 
			14 13
			1 -0 0 0 0 1 0 0 -0 -0 1 -0 0 0 0 1 
			15 2
			1.37369e-06 -0.0998334 0.995004 80.3979 0 -0.995004 -0.0998334 -8.06668 1 1.3714e-07 -1.36683e-06 -8.2648 0 0 0 1 
			16 15
			1.37369e-06 0.0998334 0.995004 45.0607 0 -0.995004 0.0998334 0.903508 1 -1.3714e-07 -1.36683e-06 -8.2648 0 0 0 1 
			17 16
			1.3716e-06 -6.00745e-14 1 9.05003 0 -1 -6.00745e-14 1.19116e-05 1 8.23984e-20 -1.3716e-06 -8.2648 0 0 0 1 
			18 17
			1.3723e-06 -1 -6.00133e-14 -12.2319 0 6.00133e-14 -1 -0.75718 1 1.3723e-06 8.23562e-20 -8.2648 0 0 0 1 
			19 18
			1 -0 0 0 0 1 0 0 -0 -0 1 -0 0 0 0 1 
			20 2
			1.37369e-06 -0.0998334 0.995004 80.3979 0 -0.995004 -0.0998334 -8.06668 1 1.3714e-07 -1.36683e-06 8.26481 0 0 0 1 
			21 20
			1.37369e-06 0.0998334 0.995004 45.0607 0 -0.995004 0.0998334 0.903507 1 -1.3714e-07 -1.36683e-06 8.26481 0 0 0 1 
			22 21
			1.3716e-06 -6.00745e-14 1 9.05003 0 -1 -6.00745e-14 1.19116e-05 1 8.23984e-20 -1.3716e-06 8.26481 0 0 0 1 
			23 22
			1.3723e-06 -1 5.98908e-14 -12.2319 0 -5.98908e-14 -1 -0.75718 1 1.3723e-06 -8.21882e-20 8.26481 0 0 0 1 
			24 23
			1 -0 0 0 0 1 0 0 -0 -0 1 -0 0 0 0 1 
	</skeleton>
		<animations>
			25
			0
				-1
				1.33158e-06 1 0 0 -1 1.33158e-06 0 9.75445e-07 -0 -0 1 -80.5089 0 0 0 1 
				0
				1.46474e-06 1 0 0 -1 1.46474e-06 0 9.75445e-07 -0 -0 1 -80.3616 0 0 0 1 
				1
				1.33158e-06 1 0 0 -1 1.33158e-06 0 9.75445e-07 -0 -0 1 -80.2069 0 0 0 1 
				2
				1.33158e-06 1 0 0 -1 1.33158e-06 0 9.75445e-07 -0 -0 1 -80.0492 0 0 0 1 
				3
				1.33158e-06 1 0 0 -1 1.33158e-06 0 9.75445e-07 -0 -0 1 -79.8931 0 0 0 1 
				4
				1.33158e-06 1 0 0 -1 1.33158e-06 0 9.75445e-07 -0 -0 1 -79.7429 0 0 0 1 
				5
				1.33158e-06 1 0 0 -1 1.33158e-06 0 9.75445e-07 -0 -0 1 -79.603 0 0 0 1 
				6
				1.33158e-06 1 0 0 -1 1.33158e-06 0 9.75445e-07 -0 -0 1 -79.4779 0 0 0 1 
				7
				1.33158e-06 1 0 0 -1 1.33158e-06 0 9.75445e-07 -0 -0 1 -79.3721 0 0 0 1 
				8
				1.33158e-06 1 0 0 -1 1.33158e-06 0 0.290881 -0 -0 1 -79.3413 0 0 0 1 
				9
				1.33158e-06 1 0 0 -1 1.33158e-06 0 0.788292 -0 -0 1 -79.3866 0 0 0 1 
				10
				1.33158e-06 1 0 0 -1 1.33158e-06 0 0.891559 -0 -0 1 -79.4246 0 0 0 1 
				11
				1.33158e-06 1 0 0 -1 1.33158e-06 0 9.75445e-07 -0 -0 1 -79.3721 0 0 0 1 
				12
				1.33158e-06 1 0 0 -1 1.33158e-06 0 -2.84337 -0 -0 1 -79.1313 0 0 0 1 
				13
				1.33158e-06 1 0 0 -1 1.33158e-06 0 -7.09462 -0 -0 1 -78.7676 0 0 0 1 
				14
				1.33158e-06 1 0 0 -1 1.33158e-06 0 -10.9517 -0 -0 1 -78.4585 0 0 0 1 
				15
				1.33158e-06 1 0 0 -1 1.33158e-06 0 -12.6127 -0 -0 1 -78.3816 0 0 0 1 
				16
				1.33158e-06 1 0 0 -1 1.33158e-06 0 -12.2443 -0 -0 1 -78.5164 0 0 0 1 
				17
				1.33158e-06 1 0 0 -1 1.33158e-06 0 -11.2331 -0 -0 1 -78.7209 0 0 0 1 
				18
				1.33158e-06 1 0 0 -1 1.33158e-06 0 -9.72929 -0 -0 1 -78.9789 0 0 0 1 
				19
				1.33158e-06 1 0 0 -1 1.33158e-06 0 -7.88291 -0 -0 1 -79.2741 0 0 0 1 
				20
				1.33158e-06 1 0 0 -1 1.33158e-06 0 -5.83947 -0 -0 1 -79.5907 0 0 0 1 
				21
				1.33158e-06 1 0 0 -1 1.33158e-06 0 -3.74438 -0 -0 1 -79.9129 0 0 0 1 
				22
				1.33158e-06 1 0 0 -1 1.33158e-06 0 -1.74784 -0 -0 1 -80.2244 0 0 0 1 
				23
				1.33158e-06 1 0 0 -1 1.33158e-06 0 9.75445e-07 -0 -0 1 -80.5089 0 0 0 1 
		</Joint>
			1
				-1
				1.33158e-06 2.66316e-06 -1 0 0 -1 -2.66316e-06 9.75445e-07 -1 3.54621e-12 -1.33158e-06 -80.5089 0 0 0 1 
				0
				1.33158e-06 2.79632e-06 -1 0 0 -1 -2.79632e-06 9.75445e-07 -1 3.72352e-12 -1.33158e-06 -80.3616 0 0 0 1 
				1
				1.33158e-06 2.66316e-06 -1 0 0 -1 -2.66316e-06 9.75445e-07 -1 3.54621e-12 -1.33158e-06 -80.2069 0 0 0 1 
				2
				1.33158e-06 2.66316e-06 -1 0 0 -1 -2.66316e-06 9.75445e-07 -1 3.54621e-12 -1.33158e-06 -80.0492 0 0 0 1 
				3
				1.33158e-06 2.66316e-06 -1 0 0 -1 -2.66316e-06 9.75445e-07 -1 3.54621e-12 -1.33158e-06 -79.8931 0 0 0 1 
				4
				1.33158e-06 2.66316e-06 -1 0 0 -1 -2.66316e-06 9.75445e-07 -1 3.54621e-12 -1.33158e-06 -79.7429 0 0 0 1 
				5
				1.33158e-06 2.66316e-06 -1 0 0 -1 -2.66316e-06 9.75445e-07 -1 3.54621e-12 -1.33158e-06 -79.603 0 0 0 1 
				6
				1.33158e-06 2.66316e-06 -1 0 0 -1 -2.66316e-06 9.75445e-07 -1 3.54621e-12 -1.33158e-06 -79.4779 0 0 0 1 
				7
				1.33158e-06 2.66316e-06 -1 0 0 -1 -2.66316e-06 9.75445e-07 -1 3.54621e-12 -1.33158e-06 -79.3721 0 0 0 1 
				8
				1.33158e-06 2.66316e-06 -1 0 0 -1 -2.66316e-06 0.290881 -1 3.54621e-12 -1.33158e-06 -79.3413 0 0 0 1 
				9
				1.33158e-06 2.66316e-06 -1 0 0 -1 -2.66316e-06 0.788292 -1 3.54621e-12 -1.33158e-06 -79.3866 0 0 0 1 
				10
				1.33158e-06 2.66316e-06 -1 0 0 -1 -2.66316e-06 0.891559 -1 3.54621e-12 -1.33158e-06 -79.4246 0 0 0 1 
				11
				1.33158e-06 2.66316e-06 -1 0 0 -1 -2.66316e-06 9.75445e-07 -1 3.54621e-12 -1.33158e-06 -79.3721 0 0 0 1 
				12
				1.33158e-06 2.66316e-06 -1 0 0 -1 -2.66316e-06 -2.84337 -1 3.54621e-12 -1.33158e-06 -79.1313 0 0 0 1 
				13
				1.33158e-06 2.66316e-06 -1 0 0 -1 -2.66316e-06 -7.09462 -1 3.54621e-12 -1.33158e-06 -78.7676 0 0 0 1 
				14
				1.33158e-06 2.66316e-06 -1 0 0 -1 -2.66316e-06 -10.9517 -1 3.54621e-12 -1.33158e-06 -78.4585 0 0 0 1 
				15
				1.33158e-06 2.66316e-06 -1 0 0 -1 -2.66316e-06 -12.6127 -1 3.54621e-12 -1.33158e-06 -78.3816 0 0 0 1 
				16
				1.33158e-06 2.66316e-06 -1 0 0 -1 -2.66316e-06 -12.2443 -1 3.54621e-12 -1.33158e-06 -78.5164 0 0 0 1 
				17
				1.33158e-06 2.66316e-06 -1 0 0 -1 -2.66316e-06 -11.2331 -1 3.54621e-12 -1.33158e-06 -78.7209 0 0 0 1 
				18
				1.33158e-06 2.66316e-06 -1 0 0 -1 -2.66316e-06 -9.72929 -1 3.54621e-12 -1.33158e-06 -78.9789 0 0 0 1 
				19
				1.33158e-06 2.66316e-06 -1 0 0 -1 -2.66316e-06 -7.88291 -1 3.54621e-12 -1.33158e-06 -79.2741 0 0 0 1 
				20
				1.33158e-06 2.66316e-06 -1 0 0 -1 -2.66316e-06 -5.83947 -1 3.54621e-12 -1.33158e-06 -79.5907 0 0 0 1 
				21
				1.33158e-06 2.66316e-06 -1 0 0 -1 -2.66316e-06 -3.74438 -1 3.54621e-12 -1.33158e-06 -79.9129 0 0 0 1 
				22
				1.33158e-06 2.66316e-06 -1 0 0 -1 -2.66316e-06 -1.74784 -1 3.54621e-12 -1.33158e-06 -80.2244 0 0 0 1 
				23
				1.33158e-06 2.66316e-06 -1 0 0 -1 -2.66316e-06 9.75445e-07 -1 3.54621e-12 -1.33158e-06 -80.5089 0 0 0 1 
		</Joint>
			2
				-1
				-0.000201565 -1.28234e-06 -1 1.29152e-05 -0.0008487 -1 1.45341e-06 0.0213506 -1 0.0008487 0.000201564 -89.8438 0 0 0 1 
				0
				-0.000201565 -1.14914e-06 -1 1.2913e-05 -0.0008487 -0.999999 1.32021e-06 0.0213506 -1 0.0008487 0.000201564 -89.6966 0 0 0 1 
				1
				-0.000201565 -1.28234e-06 -1 1.29157e-05 -0.0008487 -1 1.45341e-06 0.0213506 -1 0.0008487 0.000201564 -89.5418 0 0 0 1 
				2
				-0.000201565 -1.28234e-06 -1 1.29153e-05 -0.0008487 -1 1.45341e-06 0.0213506 -1 0.0008487 0.000201564 -89.3842 0 0 0 1 
				3
				-0.000201565 -1.28234e-06 -1 1.29157e-05 -0.0008487 -1 1.45341e-06 0.0213506 -1 0.0008487 0.000201564 -89.228 0 0 0 1 
				4
				-0.000201565 -1.28234e-06 -1 1.29157e-05 -0.0008487 -1 1.45341e-06 0.0213506 -1 0.0008487 0.000201564 -89.0778 0 0 0 1 
				5
				-0.000201565 -1.28234e-06 -1 1.29154e-05 -0.0008487 -1 1.45341e-06 0.0213506 -1 0.0008487 0.000201564 -88.9379 0 0 0 1 
				6
				-0.000201565 -1.28234e-06 -1 1.29156e-05 -0.0008487 -1 1.45341e-06 0.0213506 -1 0.0008487 0.000201564 -88.8128 0 0 0 1 
				7
				-0.000201565 -1.28234e-06 -1 1.29157e-05 -0.0008487 -1 1.45341e-06 0.0213506 -1 0.0008487 0.000201564 -88.707 0 0 0 1 
				8
				-0.000201544 4.4497e-07 -1 1.28789e-05 -0.00941845 -0.999956 1.45328e-06 0.312229 -0.999956 0.00941845 0.000201539 -88.6764 0 0 0 1 
				9
				-0.000201476 3.39811e-06 -1 1.28157e-05 -0.024071 -0.99971 1.45261e-06 0.809636 -0.99971 0.024071 0.000201499 -88.722 0 0 0 1 
				10
				-0.000201461 4.01112e-06 -1 1.28032e-05 -0.0271125 -0.999632 1.45246e-06 0.912901 -0.999632 0.0271125 0.000201496 -88.7601 0 0 0 1 
				11
				-0.000201565 -1.28234e-06 -1 1.29157e-05 -0.0008487 -1 1.45341e-06 0.0213506 -1 0.0008487 0.000201564 -88.707 0 0 0 1 
				12
				-0.000200941 -1.81495e-05 -1 1.32756e-05 0.0828277 -0.996564 1.44364e-06 -2.8221 -0.996564 -0.0828277 0.000201754 -88.4645 0 0 0 1 
				13
				-0.00019744 -4.31282e-05 -1 1.38096e-05 0.206673 -0.97841 1.39146e-06 -7.07374 -0.97841 -0.206673 0.000202091 -88.0981 0 0 0 1 
				14
				-0.000191603 -6.5261e-05 -1 1.42828e-05 0.316286 -0.948664 1.3094e-06 -10.9315 -0.948664 -0.316286 0.000202408 -87.7866 0 0 0 1 
				15
				-0.00018835 -7.45728e-05 -1 1.44816e-05 0.362311 -0.932057 1.26496e-06 -12.5928 -0.932057 -0.362311 0.000202571 -87.7088 0 0 0 1 
				16
				-0.000189117 -7.25242e-05 -1 1.44377e-05 0.352175 -0.935934 1.27566e-06 -12.2244 -0.935934 -0.352175 0.000202542 -87.8437 0 0 0 1 
				17
				-0.000191112 -6.68602e-05 -1 1.43173e-05 0.32414 -0.946009 1.30341e-06 -11.213 -0.946009 -0.32414 0.000202465 -88.0489 0 0 0 1 
				18
				-0.000193764 -5.8333e-05 -1 1.41345e-05 0.281921 -0.959438 1.34056e-06 -9.70881 -0.959438 -0.281921 0.00020235 -88.3078 0 0 0 1 
				19
				-0.000196497 -4.77155e-05 -1 1.39077e-05 0.229338 -0.973347 1.37949e-06 -7.86213 -0.973347 -0.229338 0.000202202 -88.6041 0 0 0 1 
				20
				-0.000198843 -3.58114e-05 -1 1.3653e-05 0.170359 -0.985382 1.41321e-06 -5.81843 -0.985382 -0.170359 0.000202037 -88.9219 0 0 0 1 
				21
				-0.000200502 -2.34823e-05 -1 1.33898e-05 0.10925 -0.994014 1.43691e-06 -3.72316 -0.994014 -0.10925 0.000201867 -89.2454 0 0 0 1 
				22
				-0.000201372 -1.1659e-05 -1 1.3137e-05 0.0506245 -0.998718 1.44969e-06 -1.72652 -0.998718 -0.0506245 0.000201704 -89.5582 0 0 0 1 
				23
				-0.000201565 -1.28234e-06 -1 1.29152e-05 -0.0008487 -1 1.45341e-06 0.0213506 -1 0.0008487 0.000201564 -89.8438 0 0 0 1 
		</Joint>
			3
				-1
				-0.000413965 -1.06196e-06 -1 -0.0053956 -0.000821564 -1 1.40205e-06 0.0199439 -1 0.000821565 0.000413964 -116.676 0 0 0 1 
				0
				-0.000413965 -9.0256e-07 -1 -0.00539559 -0.000821564 -1 1.24266e-06 0.0199439 -1 0.000821565 0.000413963 -116.529 0 0 0 1 
				1
				-0.000413965 -1.06196e-06 -1 -0.00539559 -0.000821564 -1 1.40205e-06 0.0199439 -1 0.000821565 0.000413964 -116.374 0 0 0 1 
				2
				-0.000413965 -1.06196e-06 -1 -0.0053956 -0.000821564 -1 1.40205e-06 0.0199439 -1 0.000821565 0.000413964 -116.217 0 0 0 1 
				3
				-0.000413965 -1.06196e-06 -1 -0.0053956 -0.000821564 -1 1.40205e-06 0.0199439 -1 0.000821565 0.000413964 -116.06 0 0 0 1 
				4
				-0.000413965 -1.06196e-06 -1 -0.0053956 -0.000821564 -1 1.40205e-06 0.0199439 -1 0.000821565 0.000413964 -115.91 0 0 0 1 
				5
				-0.000413965 -1.06196e-06 -1 -0.0053956 -0.000821564 -1 1.40205e-06 0.0199439 -1 0.000821565 0.000413964 -115.77 0 0 0 1 
				6
				-0.000413965 -1.06196e-06 -1 -0.0053956 -0.000821564 -1 1.40205e-06 0.0199439 -1 0.000821565 0.000413964 -115.645 0 0 0 1 
				7
				-0.000413965 -1.06196e-06 -1 -0.0053956 -0.000821564 -1 1.40205e-06 0.0199439 -1 0.000821565 0.000413964 -115.539 0 0 0 1 
				8
				-0.000413897 4.2126e-06 -1 -0.00539517 -0.0179604 -0.999839 3.22183e-06 0.0808722 -0.999839 0.0179604 0.000413906 -115.508 0 0 0 1 
				9
				-0.000413615 1.3228e-05 -1 -0.0053936 -0.0472533 -0.998883 6.33145e-06 0.185094 -0.998883 0.0472533 0.000413778 -115.548 0 0 0 1 
				10
				-0.000413539 1.50989e-05 -1 -0.00539326 -0.0533305 -0.998577 6.9768e-06 0.206744 -0.998577 0.0533305 0.000413756 -115.584 0 0 0 1 
				11
				-0.000413965 -1.06196e-06 -1 -0.0053956 -0.000821564 -1 1.40205e-06 0.0199439 -1 0.000821565 0.000413964 -115.539 0 0 0 1 
				12
				-0.000410578 -5.24585e-05 -1 -0.00537739 0.16595 -0.986134 -1.64043e-05 -0.578565 -0.986134 -0.16595 0.00041359 -115.201 0 0 0 1 
				13
				-0.000392541 -0.000127065 -1 -0.00528133 0.405223 -0.914218 -4.2901e-05 -1.50868 -0.914218 -0.405223 0.000410358 -114.343 0 0 0 1 
				14
				-0.000363373 -0.000189919 -1 -0.00512289 0.600798 -0.799401 -6.64924e-05 -2.4277 -0.799401 -0.600798 0.000404584 -113.229 0 0 0 1 
				15
				-0.000347406 -0.000214979 -1 -0.00503486 0.676035 -0.73687 -7.6447e-05 -2.85535 -0.73687 -0.676035 0.000401326 -112.704 0 0 0 1 
				16
				-0.000351128 -0.00020955 -1 -0.0050556 0.659884 -0.751367 -7.42545e-05 -2.75859 -0.751367 -0.659884 0.000402104 -112.943 0 0 0 1 
				17
				-0.00036086 -0.000194291 -1 -0.00510957 0.613971 -0.789328 -6.81978e-05 -2.49863 -0.789328 -0.613971 0.000404126 -113.419 0 0 0 1 
				18
				-0.000373946 -0.000170691 -1 -0.00518144 0.541708 -0.840567 -5.90923e-05 -2.12623 -0.840567 -0.541708 0.000406791 -114.04 0 0 0 1 
				19
				-0.000387624 -0.000140407 -1 -0.00525563 0.447235 -0.894416 -4.77763e-05 -1.68932 -0.894416 -0.447235 0.000409492 -114.712 0 0 0 1 
				20
				-0.000399551 -0.000105509 -1 -0.00531959 0.336562 -0.941661 -3.51198e-05 -1.22717 -0.941661 -0.336562 0.000411752 -115.355 0 0 0 1 
				21
				-0.000408133 -6.8595e-05 -1 -0.00536515 0.218047 -0.975938 -2.20477e-05 -0.77087 -0.975938 -0.218047 0.00041327 -115.913 0 0 0 1 
				22
				-0.000412774 -3.27245e-05 -1 -0.00538951 0.101991 -0.994785 -9.54514e-06 -0.346883 -0.994785 -0.101991 0.000413959 -116.354 0 0 0 1 
				23
				-0.000413965 -1.06196e-06 -1 -0.0053956 -0.000821564 -1 1.40205e-06 0.0199439 -1 0.000821565 0.000413964 -116.676 0 0 0 1 
		</Joint>
			4
				-1
				-0.000413965 -1.06196e-06 -1 -0.0165033 -0.000821564 -1 1.40205e-06 0.002747 -1 0.000821565 0.000413964 -143.509 0 0 0 1 
				0
				-0.000413965 -9.0256e-07 -1 -0.0165033 -0.000821564 -1 1.24266e-06 0.00274701 -1 0.000821565 0.000413963 -143.361 0 0 0 1 
				1
				-0.000413965 -1.06196e-06 -1 -0.0165033 -0.000821564 -1 1.40205e-06 0.00274702 -1 0.000821565 0.000413964 -143.207 0 0 0 1 
				2
				-0.000413965 -1.06196e-06 -1 -0.0165033 -0.000821564 -1 1.40205e-06 0.00274703 -1 0.000821565 0.000413964 -143.049 0 0 0 1 
				3
				-0.000413965 -1.06196e-06 -1 -0.0165033 -0.000821564 -1 1.40205e-06 0.00274702 -1 0.000821565 0.000413964 -142.893 0 0 0 1 
				4
				-0.000413965 -1.06196e-06 -1 -0.0165033 -0.000821564 -1 1.40205e-06 0.00274705 -1 0.000821565 0.000413964 -142.743 0 0 0 1 
				5
				-0.000413965 -1.06196e-06 -1 -0.0165033 -0.000821564 -1 1.40205e-06 0.00274703 -1 0.000821565 0.000413964 -142.603 0 0 0 1 
				6
				-0.000413965 -1.06196e-06 -1 -0.0165033 -0.000821564 -1 1.40205e-06 0.00274704 -1 0.000821565 0.000413964 -142.478 0 0 0 1 
				7
				-0.000413965 -1.06196e-06 -1 -0.0165033 -0.000821564 -1 1.40205e-06 0.00274706 -1 0.000821565 0.000413964 -142.372 0 0 0 1 
				8
				-0.000413897 4.2126e-06 -1 -0.0165011 -0.0179604 -0.999839 3.22183e-06 -0.396201 -0.999839 0.0179604 0.000413906 -142.336 0 0 0 1 
				9
				-0.000413615 1.3228e-05 -1 -0.016492 -0.0472533 -0.998883 6.33145e-06 -1.07798 -0.998883 0.0472533 0.000413778 -142.35 0 0 0 1 
				10
				-0.000413539 1.50989e-05 -1 -0.0164896 -0.0533305 -0.998577 6.9768e-06 -1.2194 -0.998577 0.0533305 0.000413756 -142.378 0 0 0 1 
				11
				-0.000413965 -1.06196e-06 -1 -0.0165033 -0.000821564 -1 1.40205e-06 0.00274706 -1 0.000821565 0.000413964 -142.372 0 0 0 1 
				12
				-0.000410578 -5.24585e-05 -1 -0.0163939 0.16595 -0.986134 -1.64043e-05 3.87905 -0.986134 -0.16595 0.00041359 -141.661 0 0 0 1 
				13
				-0.000392541 -0.000127065 -1 -0.0158135 0.405223 -0.914218 -4.2901e-05 9.36886 -0.914218 -0.405223 0.000410358 -138.871 0 0 0 1 
				14
				-0.000363373 -0.000189919 -1 -0.0148722 0.600798 -0.799401 -6.64924e-05 13.697 -0.799401 -0.600798 0.000404584 -134.676 0 0 0 1 
				15
				-0.000347406 -0.000214979 -1 -0.0143556 0.676035 -0.73687 -7.64471e-05 15.2879 -0.73687 -0.676035 0.000401326 -132.472 0 0 0 1 
				16
				-0.000351128 -0.00020955 -1 -0.0144762 0.659884 -0.751367 -7.42545e-05 14.9513 -0.751367 -0.659884 0.000402104 -133.101 0 0 0 1 
				17
				-0.000360859 -0.000194291 -1 -0.0147914 0.613971 -0.789328 -6.81978e-05 13.9795 -0.789328 -0.613971 0.000404126 -134.596 0 0 0 1 
				18
				-0.000373946 -0.000170691 -1 -0.0152145 0.541708 -0.840567 -5.90923e-05 12.4132 -0.840567 -0.541708 0.000406791 -136.592 0 0 0 1 
				19
				-0.000387624 -0.000140407 -1 -0.0156558 0.447235 -0.894416 -4.77763e-05 10.3154 -0.894416 -0.447235 0.000409492 -138.709 0 0 0 1 
				20
				-0.000399551 -0.000105509 -1 -0.01604 0.336562 -0.941661 -3.51198e-05 7.80817 -0.941661 -0.336562 0.000411752 -140.62 0 0 0 1 
				21
				-0.000408133 -6.85951e-05 -1 -0.016316 0.218047 -0.975938 -2.20477e-05 5.08459 -0.975938 -0.218047 0.00041327 -142.098 0 0 0 1 
				22
				-0.000412774 -3.27245e-05 -1 -0.0164651 0.101991 -0.994785 -9.54514e-06 2.39459 -0.994785 -0.101991 0.000413959 -143.046 0 0 0 1 
				23
				-0.000413965 -1.06196e-06 -1 -0.0165033 -0.000821564 -1 1.40205e-06 0.002747 -1 0.000821565 0.000413964 -143.509 0 0 0 1 
		</Joint>
			5
				-1
				1 1.39382e-06 0.00041676 2.87617 -1.40435e-06 1 2.52793e-05 -0.00209673 -0.00041676 -2.52798e-05 1 -143.51 0 0 0 1 
				0
				1 1.26066e-06 0.00041676 2.87617 -1.27119e-06 1 2.52792e-05 -0.00209634 -0.00041676 -2.52798e-05 1 -143.363 0 0 0 1 
				1
				1 1.39382e-06 0.00041676 2.87617 -1.40435e-06 1 2.52792e-05 -0.00209672 -0.00041676 -2.52798e-05 1 -143.208 0 0 0 1 
				2
				1 1.39382e-06 0.00041676 2.87617 -1.40435e-06 1 2.52793e-05 -0.00209671 -0.00041676 -2.52798e-05 1 -143.05 0 0 0 1 
				3
				1 1.39382e-06 0.00041676 2.87617 -1.40435e-06 1 2.52793e-05 -0.00209671 -0.00041676 -2.52798e-05 1 -142.894 0 0 0 1 
				4
				1 1.39382e-06 0.00041676 2.87617 -1.40435e-06 1 2.52793e-05 -0.00209669 -0.00041676 -2.52798e-05 1 -142.744 0 0 0 1 
				5
				1 1.39382e-06 0.00041676 2.87617 -1.40435e-06 1 2.52793e-05 -0.0020967 -0.00041676 -2.52798e-05 1 -142.604 0 0 0 1 
				6
				1 1.39382e-06 0.00041676 2.87617 -1.40435e-06 1 2.52793e-05 -0.0020967 -0.00041676 -2.52798e-05 1 -142.479 0 0 0 1 
				7
				1 1.39382e-06 0.00041676 2.87617 -1.40435e-06 1 2.52793e-05 -0.00209668 -0.00041676 -2.52798e-05 1 -142.373 0 0 0 1 
				8
				1 -3.88079e-06 0.000416697 2.87618 -3.27205e-06 0.999853 0.0171642 -0.401049 -0.000416702 -0.0171642 0.999853 -142.337 0 0 0 1 
				9
				1 -1.28964e-05 0.000416422 2.87619 -6.46359e-06 0.99892 0.0464579 -1.08284 -0.000416571 -0.0464579 0.99892 -142.351 0 0 0 1 
				10
				1 -1.47674e-05 0.000416347 2.87619 -7.12593e-06 0.998619 0.0525353 -1.22425 -0.000416548 -0.0525353 0.998619 -142.379 0 0 0 1 
				11
				1 1.39382e-06 0.00041676 2.87617 -1.40435e-06 1 2.52793e-05 -0.00209668 -0.00041676 -2.52798e-05 1 -142.373 0 0 0 1 
				12
				1 5.27876e-05 0.000413332 2.87628 1.68684e-05 0.986002 -0.166735 3.87433 -0.000416348 0.166735 0.986002 -141.663 0 0 0 1 
				13
				1 0.00012738 0.000395236 2.87686 4.40342e-05 0.913895 -0.405951 9.36456 -0.000412914 0.405951 0.913895 -138.874 0 0 0 1 
				14
				1 0.000190211 0.000366018 2.8778 6.81724e-05 0.798922 -0.601435 13.6934 -0.000406819 0.601435 0.798922 -134.68 0 0 0 1 
				15
				1 0.000215258 0.000350031 2.87832 7.83375e-05 0.736331 -0.676621 15.2845 -0.000403387 0.676621 0.736331 -132.477 0 0 0 1 
				16
				1 0.000209832 0.000353757 2.8782 7.60998e-05 0.750842 -0.660483 14.9479 -0.000404206 0.660483 0.750842 -133.105 0 0 0 1 
				17
				1 0.000194581 0.000363501 2.87789 6.99147e-05 0.788839 -0.614599 13.9759 -0.000406333 0.6146 0.788839 -134.6 0 0 0 1 
				18
				1 0.000170991 0.000376606 2.87746 6.06071e-05 0.840135 -0.542378 12.4093 -0.000409142 0.542378 0.840135 -136.596 0 0 0 1 
				19
				1 0.000140718 0.000390308 2.87702 4.90269e-05 0.89406 -0.447947 10.3112 -0.000411993 0.447947 0.89406 -138.712 0 0 0 1 
				20
				1 0.000105829 0.000402263 2.87664 3.60609e-05 0.941393 -0.337312 7.80371 -0.000414385 0.337312 0.941393 -140.623 0 0 0 1 
				21
				1 6.89223e-05 0.000410875 2.87636 2.26575e-05 0.975764 -0.218824 5.07993 -0.000415999 0.218824 0.975764 -142.101 0 0 0 1 
				22
				1 3.30554e-05 0.000415544 2.87621 9.83033e-06 0.994704 -0.102783 2.38981 -0.000416741 0.102783 0.994704 -143.048 0 0 0 1 
				23
				1 1.39382e-06 0.00041676 2.87617 -1.40435e-06 1 2.52793e-05 -0.00209673 -0.00041676 -2.52798e-05 1 -143.51 0 0 0 1 
		</Joint>
			6
				-1
				0.103929 -0.01739 -0.994433 16.3477 0.0607859 0.998089 -0.0111012 -0.00211565 0.992725 -0.0592937 0.104788 -143.515 0 0 0 1 
				0
				0.126765 -0.00656959 -0.991911 16.3477 0.0434366 0.999056 -0.00106577 -0.00211347 0.990981 -0.0429501 0.126931 -143.368 0 0 0 1 
				1
				0.150498 0.0052022 -0.988597 16.3477 0.0249401 0.999648 0.00905708 -0.00211563 0.988296 -0.0260188 0.150315 -143.213 0 0 0 1 
				2
				0.174368 0.0176101 -0.984523 16.3477 0.00584492 0.999804 0.0189186 -0.00211563 0.984663 -0.00905326 0.174231 -143.056 0 0 0 1 
				3
				0.197651 0.0302947 -0.979804 16.3477 -0.0133133 0.999513 0.0282185 -0.00211563 0.980182 0.007467 0.197958 -142.9 0 0 0 1 
				4
				0.21971 0.0428589 -0.974624 16.3477 -0.0319415 0.998815 0.0367221 -0.00211561 0.975042 0.0230627 0.220818 -142.749 0 0 0 1 
				5
				0.239948 0.0548675 -0.969234 16.3477 -0.0494302 0.997797 0.0442472 -0.00211562 0.969526 0.0372924 0.242132 -142.61 0 0 0 1 
				6
				0.257772 0.0658486 -0.963959 16.3477 -0.0651875 0.996587 0.0506457 -0.00211562 0.964004 0.049783 0.261184 -142.484 0 0 0 1 
				7
				0.272625 0.0753096 -0.959168 16.3477 -0.0786041 0.995343 0.0558081 -0.00211559 0.958904 0.0601799 0.277275 -142.379 0 0 0 1 
				8
				0.258339 0.0874571 -0.962088 16.3477 -0.0504758 0.995755 0.0769639 -0.401093 0.964735 0.0286793 0.261657 -142.343 0 0 0 1 
				9
				0.220371 0.10126 -0.970146 16.3477 0.0108467 0.994281 0.106243 -1.08292 0.975356 -0.0339356 0.218012 -142.357 0 0 0 1 
				10
				0.207805 0.102151 -0.972822 16.3477 0.0263336 0.993587 0.109957 -1.22435 0.977816 -0.0484675 0.203783 -142.385 0 0 0 1 
				11
				0.272625 0.0753096 -0.959168 16.3477 -0.0786041 0.995343 0.0558081 -0.00211559 0.958904 0.0601799 0.277275 -142.379 0 0 0 1 
				12
				0.487722 0.0527892 -0.871401 16.3478 -0.382693 0.91008 -0.15906 3.87456 0.784649 0.411056 0.464068 -141.668 0 0 0 1 
				13
				0.732309 0.172037 -0.658883 16.3484 -0.620555 0.567026 -0.541658 9.36516 0.280419 0.805534 0.521997 -138.88 0 0 0 1 
				14
				0.801179 0.392173 -0.452009 16.3493 -0.539734 0.147332 -0.828843 13.6943 -0.258454 0.908016 0.329709 -134.685 0 0 0 1 
				15
				0.783431 0.490591 -0.381519 16.3498 -0.423838 -0.0272157 -0.905329 15.2856 -0.454529 0.870965 0.18661 -132.482 0 0 0 1 
				16
				0.79931 0.444538 -0.404339 16.3497 -0.457017 0.0128053 -0.889366 14.9489 -0.390179 0.895669 0.213397 -133.111 0 0 0 1 
				17
				0.816004 0.349681 -0.460282 16.3494 -0.527579 0.125142 -0.840238 13.9768 -0.236214 0.928473 0.286601 -134.606 0 0 0 1 
				18
				0.805529 0.22323 -0.5489 16.349 -0.592553 0.300287 -0.747469 12.4101 -0.0020299 0.92736 0.374165 -136.601 0 0 0 1 
				19
				0.743447 0.0917152 -0.662477 16.3485 -0.605181 0.513895 -0.608003 10.3119 0.28468 0.852937 0.437558 -138.718 0 0 0 1 
				20
				0.621239 -0.0135375 -0.783504 16.3481 -0.533247 0.725344 -0.435343 7.80419 0.574204 0.688253 0.443394 -140.629 0 0 0 1 
				21
				0.452107 -0.0674495 -0.88941 16.3479 -0.375588 0.89003 -0.258417 5.08024 0.809032 0.450884 0.377056 -142.106 0 0 0 1 
				22
				0.266824 -0.0634119 -0.961657 16.3477 -0.163811 0.980329 -0.110095 2.38994 0.949721 0.186906 0.251187 -143.053 0 0 0 1 
				23
				0.103929 -0.01739 -0.994433 16.3477 0.0607859 0.998089 -0.0111012 -0.00211565 0.992725 -0.0592937 0.104788 -143.515 0 0 0 1 
		</Joint>
			7
				-1
				0.105095 -0.00766305 -0.994433 19.2329 -0.0321679 0.999421 -0.0111011 1.68541 0.993942 0.0331555 0.104788 -115.956 0 0 0 1 
				0
				0.126687 0.00793063 -0.991911 19.8669 -0.0707849 0.997491 -0.00106543 1.20376 0.989414 0.0703473 0.126931 -115.857 0 0 0 1 
				1
				0.148386 0.0256579 -0.988597 20.5258 -0.111486 0.993725 0.00905723 0.690264 0.982625 0.108871 0.150315 -115.777 0 0 0 1 
				2
				0.169359 0.045075 -0.984523 21.1884 -0.15299 0.988047 0.0189188 0.160149 0.973608 0.147418 0.174231 -115.72 0 0 0 1 
				3
				0.188901 0.0655768 -0.979804 21.8348 -0.194044 0.980587 0.0282186 -0.371716 0.962634 0.184795 0.197958 -115.688 0 0 0 1 
				4
				0.206492 0.0864319 -0.974623 22.4472 -0.233397 0.971688 0.0367223 -0.888866 0.950204 0.219891 0.220818 -115.681 0 0 0 1 
				5
				0.221766 0.106796 -0.969234 23.0091 -0.269832 0.96189 0.0442473 -1.37438 0.937022 0.251718 0.242132 -115.694 0 0 0 1 
				6
				0.234469 0.125724 -0.963959 23.5039 -0.302197 0.951899 0.0506457 -1.81183 0.92396 0.27943 0.261184 -115.722 0 0 0 1 
				7
				0.244474 0.142226 -0.959168 23.9162 -0.329381 0.942546 0.0558082 -2.1843 0.911998 0.302289 0.277275 -115.758 0 0 0 1 
				8
				0.22792 0.149801 -0.962088 23.5196 -0.300048 0.950814 0.0769638 -1.80239 0.926296 0.271131 0.261657 -115.56 0 0 0 1 
				9
				0.190456 0.150144 -0.970146 22.4656 -0.22277 0.969065 0.106243 -0.781802 0.956086 0.195885 0.218012 -115.279 0 0 0 1 
				10
				0.179198 0.146649 -0.972822 22.1167 -0.19986 0.973635 0.109957 -0.493284 0.963298 0.174724 0.203783 -115.239 0 0 0 1 
				11
				0.244474 0.142226 -0.959168 23.9162 -0.329381 0.942546 0.0558082 -2.1843 0.911998 0.302289 0.277275 -115.758 0 0 0 1 
				12
				0.438163 0.220618 -0.871401 29.8878 -0.677778 0.717856 -0.15906 -6.74966 0.590449 0.660311 0.464068 -119.885 0 0 0 1 
				13
				0.554851 0.507951 -0.658883 36.6786 -0.818502 0.191472 -0.541658 -7.86252 -0.148978 0.839836 0.521997 -131.095 0 0 0 1 
				14
				0.404151 0.795204 -0.452009 38.5914 -0.5198 -0.206949 -0.828843 -1.28968 -0.752642 0.569932 0.329708 -141.86 0 0 0 1 
				15
				0.287291 0.878583 -0.381519 38.0992 -0.308016 -0.292414 -0.905329 3.51909 -0.906967 0.377606 0.18661 -145.101 0 0 0 1 
				16
				0.352822 0.843817 -0.404339 38.5399 -0.366935 -0.272741 -0.889366 2.26135 -0.860742 0.462153 0.213397 -143.943 0 0 0 1 
				17
				0.46549 0.755949 -0.460282 39.0031 -0.503314 -0.201679 -0.840238 -0.669668 -0.728007 0.622789 0.286601 -141.163 0 0 0 1 
				18
				0.575192 0.606517 -0.5489 38.7119 -0.662551 -0.0481291 -0.747469 -4.04019 -0.47977 0.793613 0.374165 -136.658 0 0 0 1 
				19
				0.627202 0.409563 -0.662477 36.9879 -0.769592 0.195091 -0.608003 -6.48899 -0.119773 0.891178 0.437558 -130.815 0 0 0 1 
				20
				0.585727 0.207473 -0.783504 33.5948 -0.755669 0.489328 -0.435343 -6.99967 0.293068 0.847062 0.443394 -124.688 0 0 0 1 
				21
				0.453901 0.0540746 -0.88941 28.8991 -0.596855 0.759595 -0.258417 -5.34675 0.661618 0.648144 0.377056 -119.646 0 0 0 1 
				22
				0.273788 -0.0159929 -0.961657 23.7552 -0.331973 0.936842 -0.110095 -2.15775 0.902681 0.349387 0.251187 -116.687 0 0 0 1 
				23
				0.105095 -0.00766305 -0.994433 19.2329 -0.0321679 0.999421 -0.0111011 1.68541 0.993942 0.0331555 0.104788 -115.956 0 0 0 1 
		</Joint>
			8
				-1
				0.105095 -0.994438 0.00687119 22.1506 -0.0321679 -0.0103053 -0.999429 0.792368 0.993942 0.104814 -0.033072 -88.3621 0 0 0 1 
				0
				0.142871 -0.989458 0.0236713 23.384 -0.0697687 -0.0339255 -0.996986 -0.761352 0.987279 0.140789 -0.0738801 -88.389 0 0 0 1 
				1
				0.181418 -0.982604 0.0397106 24.6452 -0.109137 -0.0602484 -0.992199 -2.40478 0.977331 0.175669 -0.118169 -88.4973 0 0 0 1 
				2
				0.219356 -0.974131 0.0543313 25.8902 -0.148959 -0.0884734 -0.984878 -4.0871 0.964207 0.207946 -0.164513 -88.6908 0 0 0 1 
				3
				0.255457 -0.96449 0.0670851 27.079 -0.187988 -0.117614 -0.975104 -5.75872 0.948368 0.236486 -0.211358 -88.9637 0 0 0 1 
				4
				0.288733 -0.954248 0.0777468 28.1798 -0.225023 -0.146568 -0.963267 -7.36836 0.93059 0.260632 -0.257047 -89.3013 0 0 0 1 
				5
				0.318385 -0.944027 0.0862826 29.1657 -0.258955 -0.174169 -0.950056 -8.86539 0.911906 0.28014 -0.299913 -89.6804 0 0 0 1 
				6
				0.343747 -0.934466 0.0928024 30.0131 -0.288788 -0.19923 -0.936434 -10.2013 0.893555 0.295096 -0.338347 -90.0712 0 0 0 1 
				7
				0.36431 -0.926158 0.0975194 30.7033 -0.313615 -0.220609 -0.923568 -11.3285 0.876883 0.305881 -0.370827 -90.4391 0 0 0 1 
				8
				0.355237 -0.929746 0.0968434 29.8471 -0.297912 -0.210803 -0.931027 -10.1323 0.886033 0.301885 -0.351867 -89.8446 0 0 0 1 
				9
				0.320671 -0.942924 0.0898054 27.753 -0.246934 -0.174756 -0.953144 -6.96628 0.914437 0.283469 -0.288879 -88.7367 0 0 0 1 
				10
				0.307135 -0.947732 0.0864446 27.0916 -0.230058 -0.162082 -0.959584 -6.04176 0.92344 0.274835 -0.267815 -88.4961 0 0 0 1 
				11
				0.36431 -0.926158 0.0975194 30.7033 -0.313615 -0.220609 -0.923568 -11.3285 0.876883 0.305881 -0.370827 -90.4391 0 0 0 1 
				12
				0.543334 -0.835863 0.0782331 42.052 -0.547629 -0.423515 -0.721621 -25.566 0.636309 0.349239 -0.687854 -103.493 0 0 0 1 
				13
				0.715187 -0.692867 -0.0918851 52.0822 -0.689202 -0.677249 -0.257555 -30.5856 0.116222 0.247528 -0.961885 -135.231 0 0 0 1 
				14
				0.729993 -0.598407 -0.33018 49.8114 -0.568964 -0.799749 0.191521 -15.7202 -0.378669 0.0480514 -0.924284 -162.755 0 0 0 1 
				15
				0.70184 -0.568979 -0.428584 46.0749 -0.455985 -0.82109 0.343349 -5.03197 -0.547265 -0.045548 -0.835719 -170.28 0 0 0 1 
				16
				0.728023 -0.565724 -0.387221 48.3349 -0.49302 -0.824518 0.277671 -7.92539 -0.476356 -0.0112434 -0.879181 -167.838 0 0 0 1 
				17
				0.759384 -0.57877 -0.297256 51.9259 -0.566768 -0.812798 0.134658 -14.6426 -0.319545 0.0662183 -0.945254 -161.374 0 0 0 1 
				18
				0.766372 -0.618399 -0.173945 54.6802 -0.636937 -0.7667 -0.0805112 -22.4338 -0.0835753 0.172493 -0.981459 -149.977 0 0 0 1 
				19
				0.722827 -0.689586 -0.0446318 54.4001 -0.659187 -0.6687 -0.343967 -27.8542 0.207349 0.278049 -0.937921 -134.14 0 0 0 1 
				20
				0.617275 -0.78476 0.0558877 49.8556 -0.601143 -0.516286 -0.609981 -27.9783 0.507542 0.342929 -0.790443 -116.552 0 0 0 1 
				21
				0.45886 -0.882993 0.0988505 41.5002 -0.457909 -0.330355 -0.825339 -21.9165 0.761424 0.333451 -0.555917 -101.278 0 0 0 1 
				22
				0.27522 -0.958329 0.0765523 31.356 -0.255642 -0.149712 -0.955109 -11.3739 0.926769 0.243295 -0.286193 -91.6274 0 0 0 1 
				23
				0.105095 -0.994438 0.00687119 22.1506 -0.0321679 -0.0103053 -0.999429 0.792368 0.993942 0.104814 -0.033072 -88.3621 0 0 0 1 
		</Joint>
			9
				-1
				-1 1.38936e-06 -0.000411167 -2.90918 1.39976e-06 1 -2.52793e-05 -0.00210466 0.000411167 -2.52798e-05 -1 -143.507 0 0 0 1 
				0
				-1 1.25621e-06 -0.000411167 -2.90918 1.2666e-06 1 -2.52792e-05 -0.00210504 0.000411167 -2.52798e-05 -1 -143.36 0 0 0 1 
				1
				-1 1.38936e-06 -0.000411167 -2.90918 1.39976e-06 1 -2.52793e-05 -0.00210465 0.000411167 -2.52798e-05 -1 -143.205 0 0 0 1 
				2
				-1 1.38936e-06 -0.000411167 -2.90918 1.39976e-06 1 -2.52793e-05 -0.00210464 0.000411167 -2.52798e-05 -1 -143.048 0 0 0 1 
				3
				-1 1.38936e-06 -0.000411167 -2.90918 1.39976e-06 1 -2.52793e-05 -0.00210464 0.000411167 -2.52798e-05 -1 -142.892 0 0 0 1 
				4
				-1 1.38936e-06 -0.000411167 -2.90918 1.39976e-06 1 -2.52793e-05 -0.00210463 0.000411167 -2.52798e-05 -1 -142.741 0 0 0 1 
				5
				-1 1.38936e-06 -0.000411167 -2.90918 1.39976e-06 1 -2.52793e-05 -0.00210462 0.000411167 -2.52798e-05 -1 -142.602 0 0 0 1 
				6
				-1 1.38936e-06 -0.000411167 -2.90918 1.39976e-06 1 -2.52793e-05 -0.00210463 0.000411167 -2.52798e-05 -1 -142.476 0 0 0 1 
				7
				-1 1.38936e-06 -0.000411167 -2.90918 1.39976e-06 1 -2.52793e-05 -0.0021046 0.000411167 -2.52798e-05 -1 -142.371 0 0 0 1 
				8
				-1 -3.88524e-06 -0.000411104 -2.90918 3.17161e-06 0.999853 -0.0171642 -0.401046 0.00041111 -0.0171642 -0.999853 -142.335 0 0 0 1 
				9
				-1 -1.29009e-05 -0.000410829 -2.90917 6.19932e-06 0.99892 -0.0464579 -1.08282 0.000410985 -0.0464579 -0.99892 -142.349 0 0 0 1 
				10
				-1 -1.47718e-05 -0.000410754 -2.90917 6.82767e-06 0.998619 -0.0525353 -1.22423 0.000410963 -0.0525353 -0.998619 -142.377 0 0 0 1 
				11
				-1 1.38936e-06 -0.000411167 -2.90918 1.39976e-06 1 -2.52793e-05 -0.0021046 0.000411167 -2.52798e-05 -1 -142.371 0 0 0 1 
				12
				-1 5.27832e-05 -0.00040774 -2.90907 -1.59403e-05 0.986002 0.166735 3.87422 0.000410833 0.166735 -0.986002 -141.66 0 0 0 1 
				13
				-1 0.000127376 -0.000389643 -2.90849 -4.17679e-05 0.913895 0.405951 9.3643 0.000407801 0.405951 -0.913895 -138.872 0 0 0 1 
				14
				-1 0.000190206 -0.000360426 -2.90755 -6.48124e-05 0.798922 0.601435 13.693 0.000402349 0.601435 -0.798922 -134.677 0 0 0 1 
				15
				-1 0.000215253 -0.000344438 -2.90703 -7.45566e-05 0.736331 0.676621 15.2841 0.000399266 0.676621 -0.736331 -132.475 0 0 0 1 
				16
				-1 0.000209827 -0.000348164 -2.90716 -7.24093e-05 0.750842 0.660483 14.9475 0.000400003 0.660483 -0.750842 -133.103 0 0 0 1 
				17
				-1 0.000194576 -0.000357908 -2.90747 -6.6481e-05 0.788839 0.614599 13.9755 0.000401919 0.6146 -0.788839 -134.598 0 0 0 1 
				18
				-1 0.000170987 -0.000371014 -2.90789 -5.75775e-05 0.840135 0.542378 12.4089 0.000404441 0.542378 -0.840135 -136.593 0 0 0 1 
				19
				-1 0.000140714 -0.000384715 -2.90833 -4.65257e-05 0.89406 0.447947 10.3109 0.000406991 0.447947 -0.89406 -138.71 0 0 0 1 
				20
				-1 0.000105825 -0.00039667 -2.90872 -3.41786e-05 0.941393 0.337312 7.80349 0.000409119 0.337312 -0.941393 -140.621 0 0 0 1 
				21
				-1 6.89178e-05 -0.000405282 -2.90899 -2.1438e-05 0.975764 0.218824 5.07979 0.000410541 0.218824 -0.975764 -142.098 0 0 0 1 
				22
				-1 3.3051e-05 -0.000409951 -2.90914 -9.25994e-06 0.994704 0.102783 2.38973 0.000411177 0.102783 -0.994704 -143.045 0 0 0 1 
				23
				-1 1.38936e-06 -0.000411167 -2.90918 1.39976e-06 1 -2.52793e-05 -0.00210466 0.000411167 -2.52798e-05 -1 -143.507 0 0 0 1 
		</Joint>
			10
				-1
				-0.088697 0.0451662 -0.995034 -16.3807 0.540643 0.841193 -0.0100096 -0.0020858 0.836564 -0.538846 -0.0990301 -143.502 0 0 0 1 
				0
				-0.117469 0.0330785 -0.992525 -16.3807 0.452725 0.89133 -0.0238759 -0.00208798 0.883878 -0.452146 -0.119679 -143.355 0 0 0 1 
				1
				-0.145944 0.0172938 -0.989142 -16.3807 0.355052 0.934151 -0.0360543 -0.00208579 0.923384 -0.356459 -0.142474 -143.2 0 0 0 1 
				2
				-0.173051 -0.00178336 -0.984911 -16.3807 0.251087 0.966877 -0.0458672 -0.00208578 0.95237 -0.255236 -0.166871 -143.042 0 0 0 1 
				3
				-0.197808 -0.0234015 -0.979961 -16.3807 0.145169 0.987992 -0.052896 -0.00208578 0.969432 -0.152723 -0.192035 -142.886 0 0 0 1 
				4
				-0.219029 -0.0465301 -0.974608 -16.3807 0.0419093 0.997492 -0.0570411 -0.00208577 0.974818 -0.0533388 -0.21653 -142.736 0 0 0 1 
				5
				-0.236522 -0.069966 -0.969104 -16.3807 -0.0552293 0.99676 -0.0584832 -0.00208577 0.970055 0.0396904 -0.23962 -142.596 0 0 0 1 
				6
				-0.250075 -0.092265 -0.963821 -16.3807 -0.141847 0.9882 -0.057795 -0.00208577 0.95778 0.122262 -0.260211 -142.471 0 0 0 1 
				7
				-0.259746 -0.111935 -0.959168 -16.3807 -0.214179 0.975199 -0.0558051 -0.00208574 0.941626 0.190938 -0.277278 -142.365 0 0 0 1 
				8
				-0.242329 -0.128354 -0.961666 -16.3807 -0.21915 0.972834 -0.0746209 -0.401004 0.945119 0.192666 -0.263875 -142.329 0 0 0 1 
				9
				-0.205204 -0.139488 -0.968728 -16.3807 -0.159661 0.981304 -0.107478 -1.08273 0.965609 0.132613 -0.223638 -142.343 0 0 0 1 
				10
				-0.195093 -0.137227 -0.971137 -16.3807 -0.127312 0.985329 -0.113657 -1.22414 0.972487 0.101464 -0.209702 -142.371 0 0 0 1 
				11
				-0.259746 -0.111935 -0.959168 -16.3807 -0.214179 0.975199 -0.0558051 -0.00208574 0.941626 0.190938 -0.277278 -142.365 0 0 0 1 
				12
				-0.464776 -0.0981178 -0.879975 -16.3806 -0.492987 0.854222 0.165134 3.874 0.735491 0.510567 -0.445393 -141.655 0 0 0 1 
				13
				-0.697802 -0.213874 -0.683616 -16.38 -0.682313 0.488926 0.543507 9.36374 0.217995 0.8457 -0.487103 -138.866 0 0 0 1 
				14
				-0.776086 -0.412806 -0.476741 -16.3791 -0.557424 0.0955283 0.824714 13.6921 -0.294904 0.905796 -0.304246 -134.672 0 0 0 1 
				15
				-0.783432 -0.49059 -0.381517 -16.3785 -0.423837 -0.0272149 0.905329 15.2831 -0.454529 0.870965 -0.186609 -132.469 0 0 0 1 
				16
				-0.825593 -0.421946 -0.374644 -16.3787 -0.441895 0.0705946 0.894285 14.9465 -0.350892 0.903869 -0.244738 -133.097 0 0 0 1 
				17
				-0.865174 -0.296752 -0.404243 -16.379 -0.477932 0.243866 0.843866 13.9746 -0.151838 0.923292 -0.352814 -134.592 0 0 0 1 
				18
				-0.86647 -0.135238 -0.480562 -16.3794 -0.48313 0.469636 0.738937 12.4082 0.125757 0.87244 -0.472263 -136.588 0 0 0 1 
				19
				-0.799976 0.0257064 -0.599481 -16.3798 -0.410626 0.705039 0.578192 10.3103 0.437521 0.708702 -0.553459 -138.704 0 0 0 1 
				20
				-0.657986 0.141716 -0.739575 -16.3802 -0.23919 0.891937 0.383714 7.80303 0.714033 0.429377 -0.552985 -140.615 0 0 0 1 
				21
				-0.462399 0.180287 -0.86815 -16.3805 0.0133138 0.980412 0.196509 5.0795 0.886572 0.0793071 -0.455742 -142.093 0 0 0 1 
				22
				-0.259349 0.138154 -0.955851 -16.3806 0.291831 0.954661 0.0588001 2.38961 0.920637 -0.263697 -0.287908 -143.04 0 0 0 1 
				23
				-0.088697 0.0451662 -0.995034 -16.3807 0.540643 0.841193 -0.0100096 -0.0020858 0.836564 -0.538846 -0.0990301 -143.502 0 0 0 1 
		</Joint>
			11
				-1
				0.0125067 -0.0987458 -0.995034 -18.8431 -0.999619 -0.0257435 -0.0100096 15.0071 -0.0246273 0.99478 -0.0990301 -120.277 0 0 0 1 
				0
				0.0112039 -0.121522 -0.992525 -19.6418 -0.994361 0.103329 -0.023876 12.5664 0.105458 0.987196 -0.119679 -118.817 0 0 0 1 
				1
				0.000913485 -0.146962 -0.989142 -20.4323 -0.97093 0.236631 -0.0360543 9.85479 0.239361 0.960421 -0.142474 -117.565 0 0 0 1 
				2
				-0.0194158 -0.171967 -0.984911 -21.1849 -0.928865 0.367569 -0.0458673 6.96853 0.369911 0.913959 -0.166871 -116.603 0 0 0 1 
				3
				-0.049172 -0.193022 -0.979961 -21.8722 -0.870013 0.490184 -0.0528961 4.02806 0.490571 0.849978 -0.192035 -115.973 0 0 0 1 
				4
				-0.085766 -0.206841 -0.974608 -22.4613 -0.798168 0.599729 -0.0570411 1.16139 0.596299 0.773009 -0.21653 -115.673 0 0 0 1 
				5
				-0.125513 -0.212331 -0.969104 -22.9469 -0.71937 0.692161 -0.0584833 -1.53535 0.683193 0.689804 -0.23962 -115.666 0 0 0 1 
				6
				-0.164253 -0.209931 -0.963821 -23.3232 -0.640068 0.766142 -0.0577949 -3.94 0.750556 0.607417 -0.260211 -115.881 0 0 0 1 
				7
				-0.198139 -0.201837 -0.959168 -23.5917 -0.567009 0.821819 -0.0558051 -5.94806 0.799526 0.5328 -0.277278 -116.224 0 0 0 1 
				8
				-0.1942 -0.193609 -0.961666 -23.1082 -0.494063 0.866218 -0.0746209 -6.48498 0.84746 0.460632 -0.263875 -116.091 0 0 0 1 
				9
				-0.155908 -0.193024 -0.968728 -22.0775 -0.437499 0.892773 -0.107478 -5.51519 0.8856 0.407061 -0.223638 -115.536 0 0 0 1 
				10
				-0.138425 -0.194245 -0.971137 -21.7968 -0.447417 0.887074 -0.113657 -4.75854 0.883548 0.41877 -0.209702 -115.373 0 0 0 1 
				11
