<?xml version='1.0' encoding='UTF-8' ?>
<itpanim>
	<skeleton count>
		25
			0 -1
			1.37091e-06 -1 -6.12323e-17 1.44664e-05 1 1.37091e-06 -6.12323e-17 -3.33788e-06 6.12323e-17 -6.12323e-17 1 44.5 0 0 0 1 
			1 0
			1.3868e-06 4.78456e-08 -1 -44.5 2.75771e-06 -1 -4.78418e-08 1.44666e-05 -1 -2.75771e-06 -1.3868e-06 -5.83747e-05 0 0 0 1 
			2 1
			1.40269e-06 -0.000796318 -1 -49.6773 0 -1 0.000796318 0.0514213 -1 -1.11699e-09 -1.40269e-06 3.19526e-06 0 0 0 1 
			3 2
			1.40269e-06 -0.000796318 -1 -64.5592 0 -1 0.000796318 0.0632714 -1 -1.11699e-09 -1.40269e-06 3.16239e-06 0 0 0 1 
			4 3
			1.40269e-06 -0.000796318 -1 -79.4411 0 -1 0.000796318 0.06596 -1 -1.11699e-09 -1.40269e-06 3.15493e-06 0 0 0 1 
			5 4
			1 1.37091e-06 4.37113e-08 -1.60435 -1.37091e-06 1 3.58059e-15 -1.09939e-05 -4.37113e-08 -6.35048e-14 1 79.4411 0 0 0 1 
			6 5
			0.995014 0.0902305 0.042489 -5.65533 -0.0897157 0.995871 -0.0138741 -0.287945 -0.0435655 0.00999304 0.999001 79.7571 0 0 0 1 
			7 6
			0.994845 -0.0912189 0.0442967 -20.654 0.0915704 0.995781 -0.00596753 -4.08763 -0.0435655 0.00999304 0.999001 79.7571 0 0 0 1 
			8 7
			0.994845 -0.0912189 0.0442967 -36.0513 -0.0434925 0.0107859 0.998995 79.7539 -0.091605 -0.995772 0.00676301 4.15114 0 0 0 1 
			9 4
			-1 -1.37091e-06 4.37114e-08 -1.60434 -1.37091e-06 1 3.84662e-15 -1.09939e-05 -4.37115e-08 -5.60777e-14 -1 -79.4411 0 0 0 1 
			10 9
			-0.995014 0.0902277 0.042489 -5.65533 0.089713 0.995871 -0.0138741 -0.287946 -0.0435654 -0.00999315 -0.999001 -79.7571 0 0 0 1 
			11 10
			-0.994845 -0.0912216 0.0442967 -20.654 -0.0915731 0.995781 -0.00596753 -4.08763 -0.0435654 -0.00999315 -0.999001 -79.7571 0 0 0 1 
			12 11
			-0.994845 -0.0912216 0.0442967 -36.0513 0.0434925 0.0107861 0.998995 79.7539 -0.0916078 0.995772 -0.00676301 -4.15114 0 0 0 1 
			13 4
			1.34309e-06 -5.95475e-08 -1 -82.8177 -1.40269e-06 -1 5.95456e-08 1.08462e-05 -1 1.40269e-06 -1.34309e-06 -0.000107894 0 0 0 1 
			14 13
			1 -0 0 0 0 1 0 0 -0 -0 1 -0 0 0 0 1 
			15 2
			1.37369e-06 -0.0998334 0.995004 44.2777 0 -0.995004 -0.0998334 -4.44257 1 1.3714e-07 -1.36683e-06 -4.58386 0 0 0 1 
			16 15
			1.37369e-06 0.0998334 0.995004 24.6789 0 -0.995004 0.0998334 0.469723 1 -1.3714e-07 -1.36683e-06 -4.58386 0 0 0 1 
			17 16
			1.3716e-06 -6.00745e-14 1 4.70494 0 -1 -6.00745e-14 1.29981e-05 1 8.23984e-20 -1.3716e-06 -4.58386 0 0 0 1 
			18 17
			1.3723e-06 -1 -6.00133e-14 -6.78409 0 6.00133e-14 -1 -0.105526 1 1.3723e-06 8.23562e-20 -4.58386 0 0 0 1 
			19 18
			1 -0 0 0 0 1 0 0 -0 -0 1 -0 0 0 0 1 
			20 2
			1.37369e-06 -0.0998334 0.995004 44.2777 0 -0.995004 -0.0998334 -4.44257 1 1.3714e-07 -1.36683e-06 4.58386 0 0 0 1 
			21 20
			1.37369e-06 0.0998334 0.995004 24.6789 0 -0.995004 0.0998334 0.469723 1 -1.3714e-07 -1.36683e-06 4.58386 0 0 0 1 
			22 21
			1.3716e-06 -6.00745e-14 1 4.70494 0 -1 -6.00745e-14 1.29981e-05 1 8.23984e-20 -1.3716e-06 4.58386 0 0 0 1 
			23 22
			1.3723e-06 -1 5.98908e-14 -6.78409 0 -5.98908e-14 -1 -0.105526 1 1.3723e-06 -8.21882e-20 4.58386 0 0 0 1 
			24 23
			1 -0 0 0 0 1 0 0 -0 -0 1 -0 0 0 0 1 
	</skeleton>
		<animations>
			25
			0
				-1
				1.33158e-06 1 0 3.33786e-06 -1 1.33158e-06 0 9.52023e-07 -0 -0 1 -44.6521 0 0 0 1 
				0
				1.46474e-06 1 0 3.33786e-06 -1 1.46474e-06 0 9.52023e-07 -0 -0 1 -44.5705 0 0 0 1 
				1
				1.33158e-06 1 0 3.33786e-06 -1 1.33158e-06 0 9.52023e-07 -0 -0 1 -44.4847 0 0 0 1 
				2
				1.33158e-06 1 0 3.33786e-06 -1 1.33158e-06 0 9.52023e-07 -0 -0 1 -44.3972 0 0 0 1 
				3
				1.33158e-06 1 0 3.33786e-06 -1 1.33158e-06 0 9.52023e-07 -0 -0 1 -44.3106 0 0 0 1 
				4
				1.33158e-06 1 0 3.33786e-06 -1 1.33158e-06 0 9.52023e-07 -0 -0 1 -44.2273 0 0 0 1 
				5
				1.33158e-06 1 0 3.33786e-06 -1 1.33158e-06 0 9.52023e-07 -0 -0 1 -44.1497 0 0 0 1 
				6
				1.33158e-06 1 0 3.33786e-06 -1 1.33158e-06 0 9.52023e-07 -0 -0 1 -44.0803 0 0 0 1 
				7
				1.33158e-06 1 0 3.33786e-06 -1 1.33158e-06 0 9.52023e-07 -0 -0 1 -44.0216 0 0 0 1 
				8
				1.33158e-06 1 0 3.33786e-06 -1 1.33158e-06 0 0.16133 -0 -0 1 -44.0046 0 0 0 1 
				9
				1.33158e-06 1 0 3.33786e-06 -1 1.33158e-06 0 0.437206 -0 -0 1 -44.0297 0 0 0 1 
				10
				1.33158e-06 1 0 3.33786e-06 -1 1.33158e-06 0 0.49448 -0 -0 1 -44.0508 0 0 0 1 
				11
				1.33158e-06 1 0 3.33786e-06 -1 1.33158e-06 0 9.52023e-07 -0 -0 1 -44.0216 0 0 0 1 
				12
				1.33158e-06 1 0 3.33786e-06 -1 1.33158e-06 0 -1.577 -0 -0 1 -43.8881 0 0 0 1 
				13
				1.33158e-06 1 0 3.33786e-06 -1 1.33158e-06 0 -3.93484 -0 -0 1 -43.6864 0 0 0 1 
				14
				1.33158e-06 1 0 3.33786e-06 -1 1.33158e-06 0 -6.07409 -0 -0 1 -43.515 0 0 0 1 
				15
				1.33158e-06 1 0 3.33786e-06 -1 1.33158e-06 0 -6.99528 -0 -0 1 -43.4723 0 0 0 1 
				16
				1.33158e-06 1 0 3.33786e-06 -1 1.33158e-06 0 -6.79099 -0 -0 1 -43.547 0 0 0 1 
				17
				1.33158e-06 1 0 3.33786e-06 -1 1.33158e-06 0 -6.23017 -0 -0 1 -43.6605 0 0 0 1 
				18
				1.33158e-06 1 0 3.33786e-06 -1 1.33158e-06 0 -5.39609 -0 -0 1 -43.8036 0 0 0 1 
				19
				1.33158e-06 1 0 3.33786e-06 -1 1.33158e-06 0 -4.37205 -0 -0 1 -43.9673 0 0 0 1 
				20
				1.33158e-06 1 0 3.33786e-06 -1 1.33158e-06 0 -3.2387 -0 -0 1 -44.1429 0 0 0 1 
				21
				1.33158e-06 1 0 3.33786e-06 -1 1.33158e-06 0 -2.07672 -0 -0 1 -44.3216 0 0 0 1 
				22
				1.33158e-06 1 0 3.33786e-06 -1 1.33158e-06 0 -0.969391 -0 -0 1 -44.4944 0 0 0 1 
				23
				1.33158e-06 1 0 3.33786e-06 -1 1.33158e-06 0 9.52023e-07 -0 -0 1 -44.6521 0 0 0 1 
		</Joint>
			1
				-1
				1.33158e-06 2.66316e-06 -1 3.33786e-06 0 -1 -2.66316e-06 9.52023e-07 -1 3.54621e-12 -1.33158e-06 -44.6521 0 0 0 1 
				0
				1.33158e-06 2.79632e-06 -1 3.33786e-06 0 -1 -2.79632e-06 9.52023e-07 -1 3.72352e-12 -1.33158e-06 -44.5705 0 0 0 1 
				1
				1.33158e-06 2.66316e-06 -1 3.33786e-06 0 -1 -2.66316e-06 9.52023e-07 -1 3.54621e-12 -1.33158e-06 -44.4847 0 0 0 1 
				2
				1.33158e-06 2.66316e-06 -1 3.33786e-06 0 -1 -2.66316e-06 9.52023e-07 -1 3.54621e-12 -1.33158e-06 -44.3972 0 0 0 1 
				3
				1.33158e-06 2.66316e-06 -1 3.33786e-06 0 -1 -2.66316e-06 9.52023e-07 -1 3.54621e-12 -1.33158e-06 -44.3106 0 0 0 1 
				4
				1.33158e-06 2.66316e-06 -1 3.33786e-06 0 -1 -2.66316e-06 9.52023e-07 -1 3.54621e-12 -1.33158e-06 -44.2273 0 0 0 1 
				5
				1.33158e-06 2.66316e-06 -1 3.33786e-06 0 -1 -2.66316e-06 9.52023e-07 -1 3.54621e-12 -1.33158e-06 -44.1497 0 0 0 1 
				6
				1.33158e-06 2.66316e-06 -1 3.33786e-06 0 -1 -2.66316e-06 9.52023e-07 -1 3.54621e-12 -1.33158e-06 -44.0803 0 0 0 1 
				7
				1.33158e-06 2.66316e-06 -1 3.33786e-06 0 -1 -2.66316e-06 9.52023e-07 -1 3.54621e-12 -1.33158e-06 -44.0216 0 0 0 1 
				8
				1.33158e-06 2.66316e-06 -1 3.33786e-06 0 -1 -2.66316e-06 0.16133 -1 3.54621e-12 -1.33158e-06 -44.0046 0 0 0 1 
				9
				1.33158e-06 2.66316e-06 -1 3.33786e-06 0 -1 -2.66316e-06 0.437206 -1 3.54621e-12 -1.33158e-06 -44.0297 0 0 0 1 
				10
				1.33158e-06 2.66316e-06 -1 3.33786e-06 0 -1 -2.66316e-06 0.49448 -1 3.54621e-12 -1.33158e-06 -44.0508 0 0 0 1 
				11
				1.33158e-06 2.66316e-06 -1 3.33786e-06 0 -1 -2.66316e-06 9.52023e-07 -1 3.54621e-12 -1.33158e-06 -44.0216 0 0 0 1 
				12
				1.33158e-06 2.66316e-06 -1 3.33786e-06 0 -1 -2.66316e-06 -1.577 -1 3.54621e-12 -1.33158e-06 -43.8881 0 0 0 1 
				13
				1.33158e-06 2.66316e-06 -1 3.33786e-06 0 -1 -2.66316e-06 -3.93484 -1 3.54621e-12 -1.33158e-06 -43.6864 0 0 0 1 
				14
				1.33158e-06 2.66316e-06 -1 3.33786e-06 0 -1 -2.66316e-06 -6.07409 -1 3.54621e-12 -1.33158e-06 -43.515 0 0 0 1 
				15
				1.33158e-06 2.66316e-06 -1 3.33786e-06 0 -1 -2.66316e-06 -6.99528 -1 3.54621e-12 -1.33158e-06 -43.4723 0 0 0 1 
				16
				1.33158e-06 2.66316e-06 -1 3.33786e-06 0 -1 -2.66316e-06 -6.79099 -1 3.54621e-12 -1.33158e-06 -43.547 0 0 0 1 
				17
				1.33158e-06 2.66316e-06 -1 3.33786e-06 0 -1 -2.66316e-06 -6.23017 -1 3.54621e-12 -1.33158e-06 -43.6605 0 0 0 1 
				18
				1.33158e-06 2.66316e-06 -1 3.33786e-06 0 -1 -2.66316e-06 -5.39609 -1 3.54621e-12 -1.33158e-06 -43.8036 0 0 0 1 
				19
				1.33158e-06 2.66316e-06 -1 3.33786e-06 0 -1 -2.66316e-06 -4.37205 -1 3.54621e-12 -1.33158e-06 -43.9673 0 0 0 1 
				20
				1.33158e-06 2.66316e-06 -1 3.33786e-06 0 -1 -2.66316e-06 -3.2387 -1 3.54621e-12 -1.33158e-06 -44.1429 0 0 0 1 
				21
				1.33158e-06 2.66316e-06 -1 3.33786e-06 0 -1 -2.66316e-06 -2.07672 -1 3.54621e-12 -1.33158e-06 -44.3216 0 0 0 1 
				22
				1.33158e-06 2.66316e-06 -1 3.33786e-06 0 -1 -2.66316e-06 -0.969391 -1 3.54621e-12 -1.33158e-06 -44.4944 0 0 0 1 
				23
				1.33158e-06 2.66316e-06 -1 3.33786e-06 0 -1 -2.66316e-06 9.52023e-07 -1 3.54621e-12 -1.33158e-06 -44.6521 0 0 0 1 
		</Joint>
			2
				-1
				-0.000201565 -1.28234e-06 -1 1.0501e-05 -0.0008487 -1 1.45341e-06 0.0118419 -1 0.0008487 0.000201564 -49.8295 0 0 0 1 
				0
				-0.000201565 -1.14914e-06 -1 1.04997e-05 -0.0008487 -0.999999 1.32021e-06 0.0118419 -1 0.0008487 0.000201564 -49.7478 0 0 0 1 
				1
				-0.000201565 -1.28234e-06 -1 1.0501e-05 -0.0008487 -1 1.45341e-06 0.011842 -1 0.0008487 0.000201564 -49.662 0 0 0 1 
				2
				-0.000201565 -1.28234e-06 -1 1.0501e-05 -0.0008487 -1 1.45341e-06 0.011842 -1 0.0008487 0.000201564 -49.5746 0 0 0 1 
				3
				-0.000201565 -1.28234e-06 -1 1.0501e-05 -0.0008487 -1 1.45341e-06 0.011842 -1 0.0008487 0.000201564 -49.488 0 0 0 1 
				4
				-0.000201565 -1.28234e-06 -1 1.0501e-05 -0.0008487 -1 1.45341e-06 0.011842 -1 0.0008487 0.000201564 -49.4047 0 0 0 1 
				5
				-0.000201565 -1.28234e-06 -1 1.0501e-05 -0.0008487 -1 1.45341e-06 0.011842 -1 0.0008487 0.000201564 -49.3271 0 0 0 1 
				6
				-0.000201565 -1.28234e-06 -1 1.0501e-05 -0.0008487 -1 1.45341e-06 0.011842 -1 0.0008487 0.000201564 -49.2577 0 0 0 1 
				7
				-0.000201565 -1.28234e-06 -1 1.0501e-05 -0.0008487 -1 1.45341e-06 0.011842 -1 0.0008487 0.000201564 -49.199 0 0 0 1 
				8
				-0.000201544 4.4497e-07 -1 1.04808e-05 -0.00941845 -0.999956 1.45328e-06 0.17317 -0.999956 0.00941845 0.000201539 -49.1821 0 0 0 1 
				9
				-0.000201476 3.39811e-06 -1 1.04456e-05 -0.024071 -0.99971 1.45261e-06 0.449043 -0.99971 0.024071 0.000201499 -49.2073 0 0 0 1 
				10
				-0.000201461 4.01112e-06 -1 1.04384e-05 -0.0271125 -0.999632 1.45246e-06 0.506317 -0.999632 0.0271125 0.000201496 -49.2285 0 0 0 1 
				11
				-0.000201565 -1.28234e-06 -1 1.0501e-05 -0.0008487 -1 1.45341e-06 0.011842 -1 0.0008487 0.000201564 -49.199 0 0 0 1 
				12
				-0.000200941 -1.81495e-05 -1 1.07008e-05 0.0828277 -0.996564 1.44364e-06 -1.5652 -0.996564 -0.0828277 0.000201754 -49.0645 0 0 0 1 
				13
				-0.00019744 -4.31282e-05 -1 1.09969e-05 0.206673 -0.97841 1.39146e-06 -3.92326 -0.97841 -0.206673 0.000202091 -48.8613 0 0 0 1 
				14
				-0.000191603 -6.5261e-05 -1 1.12591e-05 0.316286 -0.948664 1.3094e-06 -6.06286 -0.948664 -0.316286 0.000202408 -48.6886 0 0 0 1 
				15
				-0.00018835 -7.45728e-05 -1 1.13698e-05 0.362311 -0.932057 1.26496e-06 -6.98424 -0.932057 -0.362311 0.000202571 -48.6454 0 0 0 1 
				16
				-0.000189117 -7.25242e-05 -1 1.13455e-05 0.352175 -0.935934 1.27566e-06 -6.77991 -0.935934 -0.352175 0.000202542 -48.7202 0 0 0 1 
				17
				-0.000191112 -6.68602e-05 -1 1.12784e-05 0.32414 -0.946009 1.30341e-06 -6.21897 -0.946009 -0.32414 0.000202465 -48.834 0 0 0 1 
				18
				-0.000193764 -5.8333e-05 -1 1.11771e-05 0.281921 -0.959438 1.34056e-06 -5.38473 -0.959438 -0.281921 0.00020235 -48.9776 0 0 0 1 
				19
				-0.000196497 -4.77155e-05 -1 1.10514e-05 0.229338 -0.973347 1.37949e-06 -4.36052 -0.973347 -0.229338 0.000202202 -49.1419 0 0 0 1 
				20
				-0.000198843 -3.58114e-05 -1 1.09104e-05 0.170359 -0.985382 1.41321e-06 -3.22704 -0.985382 -0.170359 0.000202037 -49.3182 0 0 0 1 
				21
				-0.000200502 -2.34823e-05 -1 1.07643e-05 0.10925 -0.994014 1.43691e-06 -2.06495 -0.994014 -0.10925 0.000201867 -49.4976 0 0 0 1 
				22
				-0.000201372 -1.1659e-05 -1 1.06239e-05 0.0506245 -0.998718 1.44969e-06 -0.957566 -0.998718 -0.0506245 0.000201704 -49.6711 0 0 0 1 
				23
				-0.000201565 -1.28234e-06 -1 1.0501e-05 -0.0008487 -1 1.45341e-06 0.0118419 -1 0.0008487 0.000201564 -49.8295 0 0 0 1 
		</Joint>
			3
				-1
				-0.000413965 -1.06196e-06 -1 -0.00298919 -0.000821564 -1 1.40205e-06 0.0110617 -1 0.000821565 0.000413964 -64.7114 0 0 0 1 
				0
				-0.000413965 -9.0256e-07 -1 -0.00298919 -0.000821564 -1 1.24266e-06 0.0110617 -1 0.000821565 0.000413963 -64.6297 0 0 0 1 
				1
				-0.000413965 -1.06196e-06 -1 -0.00298919 -0.000821564 -1 1.40205e-06 0.0110617 -1 0.000821565 0.000413964 -64.5439 0 0 0 1 
				2
				-0.000413965 -1.06196e-06 -1 -0.00298919 -0.000821564 -1 1.40205e-06 0.0110618 -1 0.000821565 0.000413964 -64.4565 0 0 0 1 
				3
				-0.000413965 -1.06196e-06 -1 -0.00298919 -0.000821564 -1 1.40205e-06 0.0110618 -1 0.000821565 0.000413964 -64.3699 0 0 0 1 
				4
				-0.000413965 -1.06196e-06 -1 -0.00298918 -0.000821564 -1 1.40205e-06 0.0110618 -1 0.000821565 0.000413964 -64.2866 0 0 0 1 
				5
				-0.000413965 -1.06196e-06 -1 -0.00298918 -0.000821564 -1 1.40205e-06 0.0110618 -1 0.000821565 0.000413964 -64.209 0 0 0 1 
				6
				-0.000413965 -1.06196e-06 -1 -0.00298918 -0.000821564 -1 1.40205e-06 0.0110618 -1 0.000821565 0.000413964 -64.1396 0 0 0 1 
				7
				-0.000413965 -1.06196e-06 -1 -0.00298918 -0.000821564 -1 1.40205e-06 0.0110618 -1 0.000821565 0.000413964 -64.0809 0 0 0 1 
				8
				-0.000413897 4.2126e-06 -1 -0.00298895 -0.0179604 -0.999839 3.22183e-06 0.044854 -0.999839 0.0179604 0.000413906 -64.0635 0 0 0 1 
				9
				-0.000413615 1.3228e-05 -1 -0.00298808 -0.0472533 -0.998883 6.33145e-06 0.102658 -0.998883 0.0472533 0.000413778 -64.0855 0 0 0 1 
				10
				-0.000413539 1.50989e-05 -1 -0.00298789 -0.0533305 -0.998577 6.9768e-06 0.114665 -0.998577 0.0533305 0.000413756 -64.1055 0 0 0 1 
				11
				-0.000413965 -1.06196e-06 -1 -0.00298918 -0.000821564 -1 1.40205e-06 0.0110618 -1 0.000821565 0.000413964 -64.0809 0 0 0 1 
				12
				-0.000410578 -5.24585e-05 -1 -0.00297909 0.16595 -0.986134 -1.64043e-05 -0.320885 -0.986134 -0.16595 0.00041359 -63.8933 0 0 0 1 
				13
				-0.000392541 -0.000127065 -1 -0.00292581 0.405223 -0.914218 -4.2901e-05 -0.836746 -0.914218 -0.405223 0.000410358 -63.4171 0 0 0 1 
				14
				-0.000363373 -0.000189919 -1 -0.00283794 0.600798 -0.799401 -6.64924e-05 -1.34646 -0.799401 -0.600798 0.000404584 -62.7993 0 0 0 1 
				15
				-0.000347406 -0.000214979 -1 -0.00278911 0.676035 -0.73687 -7.6447e-05 -1.58364 -0.73687 -0.676035 0.000401326 -62.5081 0 0 0 1 
				16
				-0.000351128 -0.00020955 -1 -0.00280062 0.659884 -0.751367 -7.42545e-05 -1.52998 -0.751367 -0.659884 0.000402104 -62.6409 0 0 0 1 
				17
				-0.00036086 -0.000194291 -1 -0.00283055 0.613971 -0.789328 -6.81978e-05 -1.3858 -0.789328 -0.613971 0.000404126 -62.9051 0 0 0 1 
				18
				-0.000373946 -0.000170691 -1 -0.00287041 0.541708 -0.840567 -5.90923e-05 -1.17926 -0.840567 -0.541708 0.000406791 -63.2494 0 0 0 1 
				19
				-0.000387624 -0.000140407 -1 -0.00291156 0.447235 -0.894416 -4.77763e-05 -0.936937 -0.894416 -0.447235 0.000409492 -63.6219 0 0 0 1 
				20
				-0.000399551 -0.000105509 -1 -0.00294703 0.336562 -0.941661 -3.51198e-05 -0.680619 -0.941661 -0.336562 0.000411752 -63.9786 0 0 0 1 
				21
				-0.000408133 -6.8595e-05 -1 -0.0029723 0.218047 -0.975938 -2.20477e-05 -0.427543 -0.975938 -0.218047 0.00041327 -64.2879 0 0 0 1 
				22
				-0.000412774 -3.27245e-05 -1 -0.00298581 0.101991 -0.994785 -9.54514e-06 -0.192389 -0.994785 -0.101991 0.000413959 -64.5327 0 0 0 1 
				23
				-0.000413965 -1.06196e-06 -1 -0.00298919 -0.000821564 -1 1.40205e-06 0.0110617 -1 0.000821565 0.000413964 -64.7114 0 0 0 1 
		</Joint>
			4
				-1
				-0.000413965 -1.06196e-06 -1 -0.00914976 -0.000821564 -1 1.40205e-06 0.00152397 -1 0.000821565 0.000413964 -79.5933 0 0 0 1 
				0
				-0.000413965 -9.0256e-07 -1 -0.00914976 -0.000821564 -1 1.24266e-06 0.00152397 -1 0.000821565 0.000413963 -79.5116 0 0 0 1 
				1
				-0.000413965 -1.06196e-06 -1 -0.00914977 -0.000821564 -1 1.40205e-06 0.00152397 -1 0.000821565 0.000413964 -79.4258 0 0 0 1 
				2
				-0.000413965 -1.06196e-06 -1 -0.00914976 -0.000821564 -1 1.40205e-06 0.00152398 -1 0.000821565 0.000413964 -79.3383 0 0 0 1 
				3
				-0.000413965 -1.06196e-06 -1 -0.00914976 -0.000821564 -1 1.40205e-06 0.00152398 -1 0.000821565 0.000413964 -79.2518 0 0 0 1 
				4
				-0.000413965 -1.06196e-06 -1 -0.00914976 -0.000821564 -1 1.40205e-06 0.00152397 -1 0.000821565 0.000413964 -79.1684 0 0 0 1 
				5
				-0.000413965 -1.06196e-06 -1 -0.00914976 -0.000821564 -1 1.40205e-06 0.001524 -1 0.000821565 0.000413964 -79.0908 0 0 0 1 
				6
				-0.000413965 -1.06196e-06 -1 -0.00914976 -0.000821564 -1 1.40205e-06 0.00152399 -1 0.000821565 0.000413964 -79.0214 0 0 0 1 
				7
				-0.000413965 -1.06196e-06 -1 -0.00914977 -0.000821564 -1 1.40205e-06 0.00152399 -1 0.000821565 0.000413964 -78.9628 0 0 0 1 
				8
				-0.000413897 4.2126e-06 -1 -0.00914854 -0.0179604 -0.999839 3.22183e-06 -0.219742 -0.999839 0.0179604 0.000413906 -78.943 0 0 0 1 
				9
				-0.000413615 1.3228e-05 -1 -0.00914349 -0.0472533 -0.998883 6.33145e-06 -0.597875 -0.998883 0.0472533 0.000413778 -78.9509 0 0 0 1 
				10
				-0.000413539 1.50989e-05 -1 -0.00914218 -0.0533305 -0.998577 6.9768e-06 -0.676307 -0.998577 0.0533305 0.000413756 -78.9663 0 0 0 1 
				11
				-0.000413965 -1.06196e-06 -1 -0.00914977 -0.000821564 -1 1.40205e-06 0.00152399 -1 0.000821565 0.000413964 -78.9628 0 0 0 1 
				12
				-0.000410578 -5.24585e-05 -1 -0.00908913 0.16595 -0.986134 -1.64043e-05 2.15142 -0.986134 -0.16595 0.00041359 -78.5684 0 0 0 1 
				13
				-0.000392541 -0.000127065 -1 -0.00876723 0.405223 -0.914218 -4.2901e-05 5.19619 -0.914218 -0.405223 0.000410358 -77.0213 0 0 0 1 
				14
				-0.000363373 -0.000189919 -1 -0.00824511 0.600798 -0.799401 -6.64924e-05 7.5967 -0.799401 -0.600798 0.000404584 -74.6943 0 0 0 1 
				15
				-0.000347406 -0.000214979 -1 -0.0079586 0.676035 -0.73687 -7.64471e-05 8.47901 -0.73687 -0.676035 0.000401326 -73.4723 0 0 0 1 
				16
				-0.000351128 -0.00020955 -1 -0.0080255 0.659884 -0.751367 -7.42545e-05 8.29236 -0.751367 -0.659884 0.000402104 -73.8209 0 0 0 1 
				17
				-0.000360859 -0.000194291 -1 -0.00820031 0.613971 -0.789328 -6.81978e-05 7.75337 -0.789328 -0.613971 0.000404126 -74.6501 0 0 0 1 
				18
				-0.000373946 -0.000170691 -1 -0.00843498 0.541708 -0.840567 -5.90923e-05 6.88464 -0.840567 -0.541708 0.000406791 -75.7572 0 0 0 1 
				19
				-0.000387624 -0.000140407 -1 -0.00867976 0.447235 -0.894416 -4.77763e-05 5.72117 -0.894416 -0.447235 0.000409492 -76.9313 0 0 0 1 
				20
				-0.000399551 -0.000105509 -1 -0.00889283 0.336562 -0.941661 -3.51198e-05 4.33059 -0.941661 -0.336562 0.000411752 -77.9914 0 0 0 1 
				21
				-0.000408133 -6.85951e-05 -1 -0.00904592 0.218047 -0.975938 -2.20477e-05 2.82003 -0.975938 -0.218047 0.00041327 -78.8111 0 0 0 1 
				22
				-0.000412774 -3.27245e-05 -1 -0.00912858 0.101991 -0.994785 -9.54514e-06 1.3281 -0.994785 -0.101991 0.000413959 -79.3367 0 0 0 1 
				23
				-0.000413965 -1.06196e-06 -1 -0.00914976 -0.000821564 -1 1.40205e-06 0.00152397 -1 0.000821565 0.000413964 -79.5933 0 0 0 1 
		</Joint>
			5
				-1
				1 1.39382e-06 0.00041676 1.5952 -1.40435e-06 1 2.52793e-05 -0.00116248 -0.00041676 -2.52798e-05 1 -79.5939 0 0 0 1 
				0
				1 1.26066e-06 0.00041676 1.5952 -1.27119e-06 1 2.52792e-05 -0.00116226 -0.00041676 -2.52798e-05 1 -79.5123 0 0 0 1 
				1
				1 1.39382e-06 0.00041676 1.5952 -1.40435e-06 1 2.52792e-05 -0.00116247 -0.00041676 -2.52798e-05 1 -79.4265 0 0 0 1 
				2
				1 1.39382e-06 0.00041676 1.5952 -1.40435e-06 1 2.52793e-05 -0.00116247 -0.00041676 -2.52798e-05 1 -79.339 0 0 0 1 
				3
				1 1.39382e-06 0.00041676 1.5952 -1.40435e-06 1 2.52793e-05 -0.00116246 -0.00041676 -2.52798e-05 1 -79.2524 0 0 0 1 
				4
				1 1.39382e-06 0.00041676 1.5952 -1.40435e-06 1 2.52793e-05 -0.00116247 -0.00041676 -2.52798e-05 1 -79.1691 0 0 0 1 
				5
				1 1.39382e-06 0.00041676 1.5952 -1.40435e-06 1 2.52793e-05 -0.00116245 -0.00041676 -2.52798e-05 1 -79.0915 0 0 0 1 
				6
				1 1.39382e-06 0.00041676 1.5952 -1.40435e-06 1 2.52793e-05 -0.00116245 -0.00041676 -2.52798e-05 1 -79.0221 0 0 0 1 
				7
				1 1.39382e-06 0.00041676 1.5952 -1.40435e-06 1 2.52793e-05 -0.00116247 -0.00041676 -2.52798e-05 1 -78.9634 0 0 0 1 
				8
				1 -3.88079e-06 0.000416697 1.5952 -3.27205e-06 0.999853 0.0171642 -0.222431 -0.000416702 -0.0171642 0.999853 -78.9436 0 0 0 1 
				9
				1 -1.28964e-05 0.000416422 1.5952 -6.46359e-06 0.99892 0.0464579 -0.600567 -0.000416571 -0.0464579 0.99892 -78.9514 0 0 0 1 
				10
				1 -1.47674e-05 0.000416347 1.5952 -7.12593e-06 0.998619 0.0525353 -0.678999 -0.000416548 -0.0525353 0.998619 -78.9669 0 0 0 1 
				11
				1 1.39382e-06 0.00041676 1.5952 -1.40435e-06 1 2.52793e-05 -0.00116247 -0.00041676 -2.52798e-05 1 -78.9634 0 0 0 1 
				12
				1 5.27876e-05 0.000413332 1.59526 1.68684e-05 0.986002 -0.166735 2.1488 -0.000416348 0.166735 0.986002 -78.5695 0 0 0 1 
				13
				1 0.00012738 0.000395236 1.59558 4.40342e-05 0.913895 -0.405951 5.19381 -0.000412914 0.405951 0.913895 -77.023 0 0 0 1 
				14
				1 0.000190211 0.000366018 1.5961 6.81724e-05 0.798922 -0.601435 7.59466 -0.000406819 0.601435 0.798922 -74.6966 0 0 0 1 
				15
				1 0.000215258 0.000350031 1.59639 7.83375e-05 0.736331 -0.676621 8.47716 -0.000403387 0.676621 0.736331 -73.4748 0 0 0 1 
				16
				1 0.000209832 0.000353757 1.59632 7.60998e-05 0.750842 -0.660483 8.29047 -0.000404206 0.660483 0.750842 -73.8233 0 0 0 1 
				17
				1 0.000194581 0.000363501 1.59615 6.99147e-05 0.788839 -0.614599 7.75136 -0.000406333 0.6146 0.788839 -74.6524 0 0 0 1 
				18
				1 0.000170991 0.000376606 1.59591 6.06071e-05 0.840135 -0.542378 6.88248 -0.000409142 0.542378 0.840135 -75.7593 0 0 0 1 
				19
				1 0.000140718 0.000390308 1.59567 4.90269e-05 0.89406 -0.447947 5.71885 -0.000411993 0.447947 0.89406 -76.9331 0 0 0 1 
				20
				1 0.000105829 0.000402263 1.59545 3.60609e-05 0.941393 -0.337312 4.32812 -0.000414385 0.337312 0.941393 -77.9929 0 0 0 1 
				21
				1 6.89223e-05 0.000410875 1.5953 2.26575e-05 0.975764 -0.218824 2.81745 -0.000415999 0.218824 0.975764 -78.8123 0 0 0 1 
				22
				1 3.30554e-05 0.000415544 1.59522 9.83033e-06 0.994704 -0.102783 1.32544 -0.000416741 0.102783 0.994704 -79.3376 0 0 0 1 
				23
				1 1.39382e-06 0.00041676 1.5952 -1.40435e-06 1 2.52793e-05 -0.00116248 -0.00041676 -2.52798e-05 1 -79.5939 0 0 0 1 
		</Joint>
			6
				-1
				0.103929 -0.01739 -0.994433 9.06681 0.0607859 0.998089 -0.0111012 -0.00117297 0.992725 -0.0592937 0.104788 -79.5971 0 0 0 1 
				0
				0.126765 -0.00656956 -0.991911 9.06681 0.0434366 0.999056 -0.00106573 -0.00117176 0.990981 -0.0429501 0.126931 -79.5154 0 0 0 1 
				1
				0.150498 0.00520218 -0.988597 9.06681 0.0249401 0.999648 0.00905707 -0.00117296 0.988296 -0.0260188 0.150315 -79.4296 0 0 0 1 
				2
				0.174368 0.0176101 -0.984523 9.06681 0.00584492 0.999804 0.0189186 -0.00117296 0.984663 -0.00905326 0.174231 -79.3421 0 0 0 1 
				3
				0.197651 0.0302947 -0.979804 9.06681 -0.0133133 0.999513 0.0282185 -0.00117296 0.980182 0.007467 0.197958 -79.2555 0 0 0 1 
				4
				0.21971 0.0428589 -0.974624 9.06681 -0.0319415 0.998815 0.0367221 -0.00117296 0.975042 0.0230627 0.220818 -79.1722 0 0 0 1 
				5
				0.239948 0.0548675 -0.969234 9.06681 -0.0494302 0.997797 0.0442472 -0.00117294 0.969526 0.0372924 0.242132 -79.0946 0 0 0 1 
				6
				0.257772 0.0658486 -0.963959 9.06681 -0.0651875 0.996587 0.0506457 -0.00117295 0.964004 0.049783 0.261184 -79.0252 0 0 0 1 
				7
				0.272625 0.0753096 -0.959168 9.06681 -0.0786041 0.995343 0.0558081 -0.00117296 0.958904 0.0601799 0.277275 -78.9665 0 0 0 1 
				8
				0.258339 0.0874571 -0.962088 9.06681 -0.0504758 0.995756 0.0769639 -0.222455 0.964735 0.0286793 0.261657 -78.9467 0 0 0 1 
				9
				0.220371 0.10126 -0.970146 9.06681 0.0108467 0.994281 0.106243 -0.600615 0.975356 -0.0339357 0.218012 -78.9545 0 0 0 1 
				10
				0.207805 0.102151 -0.972822 9.06682 0.0263336 0.993587 0.109957 -0.679053 0.977816 -0.0484675 0.203783 -78.97 0 0 0 1 
				11
				0.272625 0.0753096 -0.959168 9.06681 -0.0786041 0.995343 0.0558081 -0.00117296 0.958904 0.0601799 0.277275 -78.9665 0 0 0 1 
				12
				0.487722 0.0527893 -0.871401 9.06687 -0.382693 0.91008 -0.15906 2.14892 0.784649 0.411056 0.464068 -78.5726 0 0 0 1 
				13
				0.732309 0.172037 -0.658883 9.06719 -0.620555 0.567026 -0.541658 5.19414 0.280419 0.805534 0.521997 -77.0261 0 0 0 1 
				14
				0.801179 0.392173 -0.452009 9.06771 -0.539734 0.147332 -0.828843 7.59517 -0.258454 0.908016 0.329708 -74.6996 0 0 0 1 
				15
				0.783431 0.490591 -0.381519 9.068 -0.423838 -0.0272157 -0.905329 8.47774 -0.454529 0.870965 0.18661 -73.4778 0 0 0 1 
				16
				0.79931 0.444538 -0.404339 9.06793 -0.457017 0.0128054 -0.889366 8.29104 -0.390179 0.895669 0.213397 -73.8263 0 0 0 1 
				17
				0.816004 0.349681 -0.460282 9.06776 -0.527579 0.125142 -0.840238 7.75189 -0.236214 0.928473 0.286601 -74.6555 0 0 0 1 
				18
				0.805529 0.22323 -0.5489 9.06752 -0.592553 0.300287 -0.747469 6.88294 -0.00202988 0.92736 0.374165 -75.7623 0 0 0 1 
				19
				0.743447 0.0917152 -0.662477 9.06728 -0.605181 0.513895 -0.608003 5.71922 0.28468 0.852937 0.437558 -76.9362 0 0 0 1 
				20
				0.621239 -0.0135374 -0.783504 9.06706 -0.533247 0.725344 -0.435343 4.32839 0.574204 0.688253 0.443394 -77.996 0 0 0 1 
				21
				0.452107 -0.0674495 -0.88941 9.06691 -0.375588 0.890031 -0.258417 2.81762 0.809032 0.450884 0.377056 -78.8154 0 0 0 1 
				22
				0.266824 -0.0634119 -0.961657 9.06683 -0.163811 0.980329 -0.110095 1.32552 0.949722 0.186906 0.251187 -79.3408 0 0 0 1 
				23
				0.103929 -0.01739 -0.994433 9.06681 0.0607859 0.998089 -0.0111012 -0.00117297 0.992725 -0.0592937 0.104788 -79.5971 0 0 0 1 
		</Joint>
			7
				-1
				0.105095 -0.00766301 -0.994433 10.667 -0.0321679 0.999421 -0.0111011 0.934766 0.993942 0.0331555 0.104788 -64.3118 0 0 0 1 
				0
				0.126687 0.00793066 -0.991911 11.0186 -0.0707849 0.997491 -0.0010654 0.667635 0.989414 0.0703473 0.126931 -64.2569 0 0 0 1 
				1
				0.148386 0.025658 -0.988597 11.3841 -0.111486 0.993725 0.00905728 0.382837 0.982625 0.108871 0.150315 -64.2125 0 0 0 1 
				2
				0.169359 0.0450747 -0.984523 11.7516 -0.152989 0.988047 0.0189185 0.0888231 0.973608 0.147418 0.174231 -64.181 0 0 0 1 
				3
				0.188901 0.0655767 -0.979804 12.1101 -0.194044 0.980587 0.0282184 -0.206162 0.962634 0.184795 0.197958 -64.1634 0 0 0 1 
				4
				0.206492 0.0864319 -0.974623 12.4497 -0.233397 0.971688 0.0367223 -0.492986 0.950204 0.219891 0.220818 -64.1592 0 0 0 1 
				5
				0.221767 0.106796 -0.969234 12.7614 -0.269832 0.96189 0.0442473 -0.762265 0.937022 0.251718 0.242132 -64.1665 0 0 0 1 
				6
				0.234469 0.125724 -0.963959 13.0358 -0.302197 0.951899 0.0506457 -1.00488 0.92396 0.27943 0.261184 -64.1821 0 0 0 1 
				7
				0.244474 0.142226 -0.959168 13.2645 -0.329381 0.942546 0.0558081 -1.21146 0.911998 0.302289 0.277275 -64.202 0 0 0 1 
				8
				0.22792 0.149801 -0.962088 13.0445 -0.300048 0.950814 0.076964 -0.999647 0.926296 0.271131 0.261657 -64.0924 0 0 0 1 
				9
				0.190456 0.150144 -0.970146 12.4599 -0.22277 0.969065 0.106243 -0.433605 0.956086 0.195885 0.218012 -63.9367 0 0 0 1 
				10
				0.179198 0.146649 -0.972822 12.2665 -0.19986 0.973635 0.109957 -0.273586 0.963299 0.174724 0.203783 -63.9142 0 0 0 1 
				11
				0.244474 0.142226 -0.959168 13.2645 -0.329381 0.942546 0.0558081 -1.21146 0.911998 0.302289 0.277275 -64.202 0 0 0 1 
				12
				0.438163 0.220619 -0.871401 16.5765 -0.677778 0.717856 -0.15906 -3.74352 0.590449 0.660311 0.464068 -66.4911 0 0 0 1 
				13
				0.554851 0.507951 -0.658883 20.3428 -0.818502 0.191472 -0.541657 -4.36074 -0.148978 0.839836 0.521997 -72.7084 0 0 0 1 
				14
				0.404151 0.795204 -0.452009 21.4037 -0.5198 -0.206949 -0.828843 -0.71529 -0.752642 0.569932 0.329708 -78.6791 0 0 0 1 
				15
				0.287291 0.878583 -0.381519 21.1307 -0.308016 -0.292414 -0.905329 1.95177 -0.906968 0.377606 0.18661 -80.4763 0 0 0 1 
				16
				0.352822 0.843817 -0.404339 21.3752 -0.366935 -0.27274 -0.889366 1.2542 -0.860742 0.462154 0.213397 -79.834 0 0 0 1 
				17
				0.46549 0.755949 -0.460282 21.632 -0.503315 -0.201679 -0.840238 -0.371405 -0.728007 0.622789 0.286601 -78.2925 0 0 0 1 
				18
				0.575192 0.606517 -0.5489 21.4705 -0.662551 -0.0481291 -0.747469 -2.24079 -0.47977 0.793613 0.374165 -75.7936 0 0 0 1 
				19
				0.627202 0.409563 -0.662477 20.5144 -0.769592 0.195091 -0.608003 -3.59895 -0.119773 0.891178 0.437558 -72.5529 0 0 0 1 
				20
				0.585727 0.207473 -0.783504 18.6325 -0.755668 0.489328 -0.435343 -3.88218 0.293068 0.847062 0.443394 -69.1548 0 0 0 1 
				21
				0.453901 0.0540746 -0.88941 16.0281 -0.596855 0.759595 -0.258417 -2.96543 0.661618 0.648144 0.377056 -66.3585 0 0 0 1 
				22
				0.273789 -0.0159929 -0.961657 13.1752 -0.331973 0.936842 -0.110095 -1.19674 0.902681 0.349387 0.251187 -64.7176 0 0 0 1 
				23
				0.105095 -0.00766301 -0.994433 10.667 -0.0321679 0.999421 -0.0111011 0.934766 0.993942 0.0331555 0.104788 -64.3118 0 0 0 1 
		</Joint>
			8
				-1
				0.105095 -0.994438 0.00687116 12.2852 -0.0321679 -0.0103052 -0.999429 0.439467 0.993942 0.104814 -0.033072 -49.0077 0 0 0 1 
				0
				0.142871 -0.989458 0.0236712 12.9693 -0.0697687 -0.0339254 -0.996986 -0.422263 0.987279 0.140789 -0.0738801 -49.0226 0 0 0 1 
				1
				0.181418 -0.982604 0.0397105 13.6688 -0.109137 -0.0602483 -0.992199 -1.33375 0.977331 0.175669 -0.118169 -49.0827 0 0 0 1 
				2
				0.219356 -0.974131 0.0543316 14.3593 -0.148959 -0.0884737 -0.984878 -2.2668 0.964207 0.207946 -0.164513 -49.19 0 0 0 1 
				3
				0.255457 -0.96449 0.0670852 15.0187 -0.187988 -0.117614 -0.975104 -3.19392 0.948368 0.236486 -0.211358 -49.3414 0 0 0 1 
				4
				0.288733 -0.954248 0.0777468 15.6292 -0.225023 -0.146568 -0.963267 -4.08667 0.93059 0.260632 -0.257047 -49.5286 0 0 0 1 
				5
				0.318385 -0.944027 0.0862826 16.176 -0.258955 -0.174169 -0.950057 -4.91696 0.911907 0.28014 -0.299913 -49.7389 0 0 0 1 
				6
				0.343747 -0.934466 0.0928024 16.646 -0.288788 -0.19923 -0.936434 -5.6579 0.893555 0.295096 -0.338347 -49.9556 0 0 0 1 
				7
				0.36431 -0.926158 0.0975194 17.0288 -0.313615 -0.220609 -0.923568 -6.28305 0.876883 0.305881 -0.370827 -50.1597 0 0 0 1 
				8
				0.355237 -0.929746 0.0968432 16.5539 -0.297912 -0.210803 -0.931027 -5.61959 0.886033 0.301885 -0.351867 -49.83 0 0 0 1 
				9
				0.320671 -0.942924 0.0898054 15.3924 -0.246934 -0.174756 -0.953144 -3.86366 0.914437 0.283469 -0.288879 -49.2155 0 0 0 1 
				10
				0.307135 -0.947732 0.0864446 15.0256 -0.230058 -0.162082 -0.959584 -3.3509 0.92344 0.274835 -0.267814 -49.082 0 0 0 1 
				11
				0.36431 -0.926158 0.0975194 17.0288 -0.313615 -0.220609 -0.923568 -6.28305 0.876883 0.305881 -0.370827 -50.1597 0 0 0 1 
				12
				0.543334 -0.835863 0.078233 23.323 -0.547629 -0.423515 -0.721621 -14.1795 0.636309 0.349239 -0.687854 -57.3998 0 0 0 1 
				13
				0.715187 -0.692867 -0.0918849 28.886 -0.689202 -0.677249 -0.257555 -16.9635 0.116222 0.247527 -0.961885 -75.0023 0 0 0 1 
				14
				0.729993 -0.598407 -0.33018 27.6266 -0.568964 -0.79975 0.191521 -8.71882 -0.378669 0.0480513 -0.924284 -90.2678 0 0 0 1 
				15
				0.70184 -0.568979 -0.428584 25.5542 -0.455985 -0.82109 0.343349 -2.79085 -0.547265 -0.045548 -0.835719 -94.4412 0 0 0 1 
				16
				0.728023 -0.565724 -0.38722 26.8077 -0.49302 -0.824518 0.277671 -4.39561 -0.476355 -0.0112435 -0.879181 -93.0871 0 0 0 1 
				17
				0.759384 -0.57877 -0.297256 28.7993 -0.566768 -0.812798 0.134658 -8.1211 -0.319545 0.0662181 -0.945255 -89.5019 0 0 0 1 
				18
				0.766372 -0.618399 -0.173945 30.3269 -0.636937 -0.7667 -0.0805113 -12.4423 -0.0835753 0.172493 -0.981459 -83.1808 0 0 0 1 
				19
				0.722827 -0.689586 -0.0446318 30.1716 -0.659187 -0.6687 -0.343966 -15.4486 0.207349 0.278049 -0.937921 -74.3971 0 0 0 1 
				20
				0.617275 -0.78476 0.0558879 27.6511 -0.601142 -0.516286 -0.609981 -15.5174 0.507543 0.342929 -0.790443 -64.6424 0 0 0 1 
				21
				0.45886 -0.882993 0.0988505 23.017 -0.457909 -0.330355 -0.825339 -12.1554 0.761424 0.333451 -0.555917 -56.1714 0 0 0 1 
				22
				0.27522 -0.958329 0.0765522 17.3908 -0.255642 -0.149712 -0.955109 -6.30823 0.926769 0.243295 -0.286193 -50.8187 0 0 0 1 
				23
				0.105095 -0.994438 0.00687116 12.2852 -0.0321679 -0.0103052 -0.999429 0.439467 0.993942 0.104814 -0.033072 -49.0077 0 0 0 1 
		</Joint>
			9
				-1
				-1 1.38936e-06 -0.000411167 -1.6135 1.39976e-06 1 -2.52793e-05 -0.00116688 0.000411167 -2.52798e-05 -1 -79.5926 0 0 0 1 
				0
				-1 1.25621e-06 -0.000411167 -1.6135 1.2666e-06 1 -2.52792e-05 -0.00116709 0.000411167 -2.52798e-05 -1 -79.5109 0 0 0 1 
				1
				-1 1.38936e-06 -0.000411167 -1.6135 1.39976e-06 1 -2.52793e-05 -0.00116688 0.000411167 -2.52798e-05 -1 -79.4251 0 0 0 1 
				2
				-1 1.38936e-06 -0.000411167 -1.6135 1.39976e-06 1 -2.52793e-05 -0.00116687 0.000411167 -2.52798e-05 -1 -79.3377 0 0 0 1 
				3
				-1 1.38936e-06 -0.000411167 -1.6135 1.39976e-06 1 -2.52793e-05 -0.00116687 0.000411167 -2.52798e-05 -1 -79.2511 0 0 0 1 
				4
				-1 1.38936e-06 -0.000411167 -1.6135 1.39976e-06 1 -2.52793e-05 -0.00116688 0.000411167 -2.52798e-05 -1 -79.1678 0 0 0 1 
				5
				-1 1.38936e-06 -0.000411167 -1.6135 1.39976e-06 1 -2.52793e-05 -0.00116686 0.000411167 -2.52798e-05 -1 -79.0902 0 0 0 1 
				6
				-1 1.38936e-06 -0.000411167 -1.6135 1.39976e-06 1 -2.52793e-05 -0.00116686 0.000411167 -2.52798e-05 -1 -79.0208 0 0 0 1 
				7
				-1 1.38936e-06 -0.000411167 -1.6135 1.39976e-06 1 -2.52793e-05 -0.00116686 0.000411167 -2.52798e-05 -1 -78.9621 0 0 0 1 
				8
				-1 -3.88524e-06 -0.000411104 -1.6135 3.17161e-06 0.999853 -0.0171642 -0.222429 0.00041111 -0.0171642 -0.999853 -78.9423 0 0 0 1 
				9
				-1 -1.29009e-05 -0.000410829 -1.61349 6.19932e-06 0.99892 -0.0464579 -0.600555 0.000410985 -0.0464579 -0.99892 -78.9501 0 0 0 1 
				10
				-1 -1.47718e-05 -0.000410754 -1.61349 6.82767e-06 0.998619 -0.0525353 -0.678986 0.000410963 -0.0525353 -0.998619 -78.9655 0 0 0 1 
				11
				-1 1.38936e-06 -0.000411167 -1.6135 1.39976e-06 1 -2.52793e-05 -0.00116686 0.000411167 -2.52798e-05 -1 -78.9621 0 0 0 1 
				12
				-1 5.27832e-05 -0.00040774 -1.61344 -1.59403e-05 0.986002 0.166735 2.14873 0.000410833 0.166735 -0.986002 -78.5681 0 0 0 1 
				13
				-1 0.000127376 -0.000389643 -1.61311 -4.17679e-05 0.913895 0.405951 5.19366 0.000407801 0.405951 -0.913895 -77.0217 0 0 0 1 
				14
				-1 0.000190206 -0.000360426 -1.61259 -6.48124e-05 0.798922 0.601435 7.59444 0.000402349 0.601435 -0.798922 -74.6953 0 0 0 1 
				15
				-1 0.000215253 -0.000344438 -1.61231 -7.45566e-05 0.736331 0.676621 8.4769 0.000399266 0.676621 -0.736331 -73.4735 0 0 0 1 
				16
				-1 0.000209827 -0.000348164 -1.61237 -7.24093e-05 0.750842 0.660483 8.29022 0.000400003 0.660483 -0.750842 -73.822 0 0 0 1 
				17
				-1 0.000194576 -0.000357908 -1.61255 -6.6481e-05 0.788839 0.614599 7.75114 0.000401919 0.6146 -0.788839 -74.6512 0 0 0 1 
				18
				-1 0.000170987 -0.000371014 -1.61278 -5.75775e-05 0.840135 0.542378 6.88229 0.000404441 0.542378 -0.840135 -75.758 0 0 0 1 
				19
				-1 0.000140714 -0.000384715 -1.61303 -4.65257e-05 0.89406 0.447947 5.71869 0.000406991 0.447947 -0.89406 -76.9318 0 0 0 1 
				20
				-1 0.000105825 -0.00039667 -1.61324 -3.41786e-05 0.941393 0.337312 4.328 0.000409119 0.337312 -0.941393 -77.9916 0 0 0 1 
				21
				-1 6.89178e-05 -0.000405282 -1.61339 -2.1438e-05 0.975764 0.218824 2.81737 0.000410541 0.218824 -0.975764 -78.811 0 0 0 1 
				22
				-1 3.3051e-05 -0.000409951 -1.61348 -9.25994e-06 0.994704 0.102783 1.3254 0.000411177 0.102783 -0.994704 -79.3363 0 0 0 1 
				23
				-1 1.38936e-06 -0.000411167 -1.6135 1.39976e-06 1 -2.52793e-05 -0.00116688 0.000411167 -2.52798e-05 -1 -79.5926 0 0 0 1 
		</Joint>
			10
				-1
				-0.0886971 0.0451662 -0.995034 -9.08511 0.540643 0.841193 -0.0100096 -0.00115642 0.836564 -0.538846 -0.0990301 -79.5895 0 0 0 1 
				0
				-0.117469 0.0330786 -0.992525 -9.08511 0.452725 0.89133 -0.0238758 -0.00115763 0.883878 -0.452146 -0.119679 -79.5079 0 0 0 1 
				1
				-0.145944 0.0172938 -0.989142 -9.08511 0.355052 0.934151 -0.0360543 -0.00115642 0.923384 -0.356459 -0.142474 -79.4221 0 0 0 1 
				2
				-0.173051 -0.00178336 -0.984911 -9.08511 0.251087 0.966877 -0.0458672 -0.00115641 0.95237 -0.255236 -0.166871 -79.3346 0 0 0 1 
				3
				-0.197808 -0.0234016 -0.979961 -9.08511 0.145169 0.987992 -0.0528961 -0.00115641 0.969432 -0.152723 -0.192035 -79.248 0 0 0 1 
				4
				-0.219029 -0.04653 -0.974608 -9.08511 0.0419093 0.997492 -0.0570411 -0.00115642 0.974818 -0.0533388 -0.21653 -79.1647 0 0 0 1 
				5
				-0.236522 -0.069966 -0.969104 -9.08511 -0.0552293 0.99676 -0.0584833 -0.0011564 0.970055 0.0396904 -0.23962 -79.0871 0 0 0 1 
				6
				-0.250075 -0.092265 -0.963821 -9.08511 -0.141847 0.9882 -0.057795 -0.00115641 0.95778 0.122262 -0.260211 -79.0177 0 0 0 1 
				7
				-0.259746 -0.111935 -0.959168 -9.08511 -0.214179 0.975199 -0.0558052 -0.0011564 0.941626 0.190938 -0.277278 -78.959 0 0 0 1 
				8
				-0.242329 -0.128354 -0.961666 -9.08511 -0.219149 0.972834 -0.0746209 -0.222406 0.945119 0.192666 -0.263875 -78.9392 0 0 0 1 
				9
				-0.205204 -0.139488 -0.968728 -9.0851 -0.159661 0.981304 -0.107478 -0.600509 0.965609 0.132613 -0.223638 -78.947 0 0 0 1 
				10
				-0.195093 -0.137227 -0.971137 -9.0851 -0.127312 0.985329 -0.113657 -0.678935 0.972487 0.101464 -0.209702 -78.9625 0 0 0 1 
				11
				-0.259746 -0.111935 -0.959168 -9.08511 -0.214179 0.975199 -0.0558052 -0.0011564 0.941626 0.190938 -0.277278 -78.959 0 0 0 1 
				12
				-0.464776 -0.0981178 -0.879975 -9.08505 -0.492987 0.854222 0.165135 2.14862 0.735491 0.510567 -0.445393 -78.5651 0 0 0 1 
				13
				-0.697802 -0.213874 -0.683616 -9.08473 -0.682313 0.488926 0.543507 5.19335 0.217995 0.8457 -0.487103 -77.0186 0 0 0 1 
				14
				-0.776086 -0.412806 -0.476741 -9.0842 -0.557424 0.0955283 0.824714 7.59396 -0.294904 0.905796 -0.304246 -74.6923 0 0 0 1 
				15
				-0.783432 -0.49059 -0.381517 -9.08392 -0.423837 -0.0272149 0.905329 8.47634 -0.454529 0.870965 -0.186609 -73.4705 0 0 0 1 
				16
				-0.825593 -0.421946 -0.374644 -9.08398 -0.441895 0.0705946 0.894285 8.28968 -0.350892 0.903869 -0.244738 -73.819 0 0 0 1 
				17
				-0.865174 -0.296752 -0.404243 -9.08416 -0.477932 0.243866 0.843866 7.75064 -0.151838 0.923292 -0.352814 -74.6482 0 0 0 1 
				18
				-0.86647 -0.135238 -0.480562 -9.08439 -0.48313 0.469636 0.738937 6.88186 0.125757 0.87244 -0.472263 -75.755 0 0 0 1 
				19
				-0.799976 0.0257063 -0.599481 -9.08464 -0.410626 0.705039 0.578192 5.71834 0.437521 0.708702 -0.553459 -76.9288 0 0 0 1 
				20
				-0.657986 0.141716 -0.739575 -9.08485 -0.23919 0.891937 0.383714 4.32774 0.714033 0.429377 -0.552985 -77.9886 0 0 0 1 
				21
				-0.462399 0.180287 -0.86815 -9.085 0.0133138 0.980412 0.196509 2.81721 0.886572 0.0793071 -0.455742 -78.8079 0 0 0 1 
				22
				-0.259349 0.138154 -0.955851 -9.08509 0.291831 0.954661 0.0588 1.32533 0.920637 -0.263697 -0.287908 -79.3332 0 0 0 1 
				23
				-0.0886971 0.0451662 -0.995034 -9.08511 0.540643 0.841193 -0.0100096 -0.00115642 0.836564 -0.538846 -0.0990301 -79.5895 0 0 0 1 
		</Joint>
			11
				-1
				0.0125068 -0.0987458 -0.995034 -10.4508 -0.999619 -0.0257437 -0.0100096 8.32329 -0.0246274 0.99478 -0.0990301 -66.7087 0 0 0 1 
				0
				0.0112038 -0.121522 -0.992525 -10.8938 -0.994361 0.103329 -0.0238759 6.9696 0.105458 0.987196 -0.119679 -65.8985 0 0 0 1 
				1
				0.000913486 -0.146962 -0.989142 -11.3323 -0.97093 0.236631 -0.0360543 5.4657 0.239361 0.960421 -0.142474 -65.2044 0 0 0 1 
				2
				-0.0194158 -0.171967 -0.984911 -11.7496 -0.928865 0.367569 -0.0458673 3.86491 0.369911 0.913959 -0.166871 -64.6707 0 0 0 1 
				3
				-0.0491719 -0.193022 -0.979961 -12.1308 -0.870013 0.490184 -0.0528961 2.23406 0.490571 0.849978 -0.192035 -64.3214 0 0 0 1 
				4
				-0.085766 -0.206841 -0.974608 -12.4576 -0.798168 0.599729 -0.0570411 0.644134 0.596299 0.773009 -0.21653 -64.1551 0 0 0 1 
				5
				-0.125513 -0.212331 -0.969104 -12.7269 -0.71937 0.692161 -0.0584833 -0.85154 0.683194 0.689804 -0.23962 -64.1509 0 0 0 1 
				6
				-0.164253 -0.209931 -0.963821 -12.9356 -0.640068 0.766142 -0.057795 -2.18522 0.750556 0.607417 -0.260211 -64.2705 0 0 0 1 
				7
				-0.198139 -0.201837 -0.959168 -13.0845 -0.567009 0.821819 -0.0558052 -3.29893 0.799526 0.5328 -0.277278 -64.4605 0 0 0 1 
