<?xml version='1.0' encoding='UTF-8' ?>
<itpanim>
	<skeleton count>
		25
			0 -1
			1.37091e-06 -1 -6.12323e-17 1.44898e-05 1 1.37091e-06 -6.12323e-17 -1.98691e-11 6.12323e-17 -6.12323e-17 1 80.8015 0 0 0 1 
			1 0
			1.3868e-06 4.78456e-08 -1 -80.8015 2.75771e-06 -1 -4.78418e-08 1.44901e-05 -1 -2.75771e-06 -1.3868e-06 -0.000112056 0 0 0 1 
			2 1
			1.40269e-06 -0.000796318 -1 -90.1364 0 -1 0.000796318 0.0931538 -1 -1.11699e-09 -1.40269e-06 -2.58351e-07 0 0 0 1 
			3 2
			1.40269e-06 -0.000796318 -1 -116.969 0 -1 0.000796318 0.11452 -1 -1.11699e-09 -1.40269e-06 -3.17612e-07 0 0 0 1 
			4 3
			1.40269e-06 -0.000796318 -1 -143.801 0 -1 0.000796318 0.119367 -1 -1.11699e-09 -1.40269e-06 -3.31058e-07 0 0 0 1 
			5 4
			1 1.37091e-06 4.37113e-08 -2.89267 -1.37091e-06 1 3.58059e-15 -8.20407e-06 -4.37113e-08 -6.35048e-14 1 143.801 0 0 0 1 
			6 5
			0.995014 0.0902305 0.042489 -10.1726 -0.0897157 0.995871 -0.0138741 -0.527027 -0.0435655 0.00999304 0.999001 144.37 0 0 0 1 
			7 6
			0.994845 -0.0912189 0.0442967 -37.2146 0.0915704 0.995781 -0.00596753 -7.37347 -0.0435655 0.00999304 0.999001 144.37 0 0 0 1 
			8 7
			0.994845 -0.0912189 0.0442967 -64.9763 -0.0434925 0.0107859 0.998995 144.365 -0.091605 -0.995772 0.00676301 7.48842 0 0 0 1 
			9 4
			-1 -1.37091e-06 4.37114e-08 -2.89267 -1.37091e-06 1 3.84662e-15 -8.20407e-06 -4.37115e-08 -5.60777e-14 -1 -143.801 0 0 0 1 
			10 9
			-0.995014 0.0902277 0.042489 -10.1726 0.089713 0.995871 -0.0138741 -0.527027 -0.0435654 -0.00999316 -0.999001 -144.37 0 0 0 1 
			11 10
			-0.994845 -0.0912216 0.0442967 -37.2146 -0.0915731 0.99578 -0.00596753 -7.37347 -0.0435654 -0.00999316 -0.999001 -144.37 0 0 0 1 
			12 11
			-0.994845 -0.0912216 0.0442967 -64.9763 0.0434925 0.0107861 0.998995 144.365 -0.0916078 0.995772 -0.00676301 -7.48842 0 0 0 1 
			13 4
			1.34309e-06 -5.95475e-08 -1 -149.889 -1.40269e-06 -1 5.95456e-08 7.93768e-06 -1 1.40269e-06 -1.34309e-06 -0.000201315 0 0 0 1 
			14 13
			1 -0 0 0 0 1 0 0 -0 -0 1 -0 0 0 0 1 
			15 2
			1.37369e-06 -0.0998334 0.995004 80.3979 0 -0.995004 -0.0998334 -8.06668 1 1.3714e-07 -1.36683e-06 -8.2648 0 0 0 1 
			16 15
			1.37369e-06 0.0998334 0.995004 45.0607 0 -0.995004 0.0998334 0.903508 1 -1.3714e-07 -1.36683e-06 -8.2648 0 0 0 1 
			17 16
			1.3716e-06 -6.00745e-14 1 9.05003 0 -1 -6.00745e-14 1.19116e-05 1 8.23984e-20 -1.3716e-06 -8.2648 0 0 0 1 
			18 17
			1.3723e-06 -1 -6.00133e-14 -12.2319 0 6.00133e-14 -1 -0.75718 1 1.3723e-06 8.23562e-20 -8.2648 0 0 0 1 
			19 18
			1 -0 0 0 0 1 0 0 -0 -0 1 -0 0 0 0 1 
			20 2
			1.37369e-06 -0.0998334 0.995004 80.3979 0 -0.995004 -0.0998334 -8.06668 1 1.3714e-07 -1.36683e-06 8.26481 0 0 0 1 
			21 20
			1.37369e-06 0.0998334 0.995004 45.0607 0 -0.995004 0.0998334 0.903507 1 -1.3714e-07 -1.36683e-06 8.26481 0 0 0 1 
			22 21
			1.3716e-06 -6.00745e-14 1 9.05003 0 -1 -6.00745e-14 1.19116e-05 1 8.23984e-20 -1.3716e-06 8.26481 0 0 0 1 
			23 22
			1.3723e-06 -1 5.98908e-14 -12.2319 0 -5.98908e-14 -1 -0.75718 1 1.3723e-06 -8.21882e-20 8.26481 0 0 0 1 
			24 23
			1 -0 0 0 0 1 0 0 -0 -0 1 -0 0 0 0 1 
	</skeleton>
		<animations>
			33
			0
				-1
				1.33158e-06 1 0 0 -1 1.33158e-06 0 9.75445e-07 -0 -0 1 -80.5171 0 0 0 1 
				0
				1.33158e-06 1 0 0 -1 1.33158e-06 0 9.75445e-07 -0 -0 1 -80.3573 0 0 0 1 
				1
				1.33158e-06 1 0 0 -1 1.33158e-06 0 9.75445e-07 -0 -0 1 -80.195 0 0 0 1 
				2
				1.33158e-06 1 0 0 -1 1.33158e-06 0 9.75445e-07 -0 -0 1 -80.0319 0 0 0 1 
				3
				1.33158e-06 1 0 0 -1 1.33158e-06 0 9.75445e-07 -0 -0 1 -79.8699 0 0 0 1 
				4
				1.33158e-06 1 0 0 -1 1.33158e-06 0 9.75445e-07 -0 -0 1 -79.7109 0 0 0 1 
				5
				1.33158e-06 1 0 0 -1 1.33158e-06 0 9.75445e-07 -0 -0 1 -79.5566 0 0 0 1 
				6
				1.33158e-06 1 0 0 -1 1.33158e-06 0 9.75445e-07 -0 -0 1 -79.4011 0 0 0 1 
				7
				1.33158e-06 1 0 0 -1 1.33158e-06 0 9.75445e-07 -0 -0 1 -79.3803 0 0 0 1 
				8
				1.33158e-06 1 0 0 -1 1.33158e-06 0 0.598649 -0 -0 1 -79.5554 0 0 0 1 
				9
				1.33158e-06 1 0 0 -1 1.33158e-06 0 2.06668 -0 -0 1 -79.9849 0 0 0 1 
				10
				1.33158e-06 1 0 0 -1 1.33158e-06 0 3.87916 -0 -0 1 -80.5152 0 0 0 1 
				11
				1.33158e-06 1 0 0 -1 1.33158e-06 0 5.51115 -0 -0 1 -80.9927 0 0 0 1 
				12
				1.33158e-06 1 0 0 -1 1.33158e-06 0 6.45425 -0 -0 1 -81.2686 0 0 0 1 
				13
				1.33158e-06 1 0 0 -1 1.33158e-06 0 6.20005 -0 -0 1 -81.1942 0 0 0 1 
				14
				1.33158e-06 1 0 0 -1 1.33158e-06 0 4.22361 -0 -0 1 -80.616 0 0 0 1 
				15
				1.33158e-06 1 0 0 -1 1.33158e-06 0 9.75445e-07 -0 -0 1 -79.3803 0 0 0 1 
				16
				1.33158e-06 1 0 0 -1 1.33158e-06 0 -13.3508 -0 -0 1 -75.4567 0 0 0 1 
				17
				1.33158e-06 1 0 0 -1 1.33158e-06 0 -35.8225 -0 -0 1 -68.8523 0 0 0 1 
				18
				1.33158e-06 1 0 0 -1 1.33158e-06 0 -56.9164 -0 -0 1 -62.6746 0 0 0 1 
				19
				1.33158e-06 1 0 0 -1 1.33158e-06 0 -66.1338 -0 -0 1 -60.0314 0 0 0 1 
				20
				1.33158e-06 1 0 0 -1 1.33158e-06 0 -64.2025 -0 -0 1 -60.7022 0 0 0 1 
				21
				1.33158e-06 1 0 0 -1 1.33158e-06 0 -58.9004 -0 -0 1 -62.3786 0 0 0 1 
				22
				1.33158e-06 1 0 0 -1 1.33158e-06 0 -51.015 -0 -0 1 -64.8255 0 0 0 1 
				23
				1.33158e-06 1 0 0 -1 1.33158e-06 0 -41.3336 -0 -0 1 -67.8083 0 0 0 1 
				24
				1.33158e-06 1 0 0 -1 1.33158e-06 0 -30.6189 -0 -0 1 -71.0992 0 0 0 1 
				25
				1.33158e-06 1 0 0 -1 1.33158e-06 0 -19.6335 -0 -0 1 -74.4709 0 0 0 1 
				26
				1.33158e-06 1 0 0 -1 1.33158e-06 0 -9.16469 -0 -0 1 -77.6885 0 0 0 1 
				27
				1.33158e-06 1 0 0 -1 1.33158e-06 0 9.75445e-07 -0 -0 1 -80.5171 0 0 0 1 
				28
				1.33158e-06 1 0 0 -1 1.33158e-06 0 9.75445e-07 -0 -0 1 -80.5171 0 0 0 1 
				29
				1.33158e-06 1 0 0 -1 1.33158e-06 0 9.75445e-07 -0 -0 1 -80.5171 0 0 0 1 
				30
				1.33158e-06 1 0 0 -1 1.33158e-06 0 9.75445e-07 -0 -0 1 -80.5171 0 0 0 1 
				31
				1.33158e-06 1 0 0 -1 1.33158e-06 0 9.75445e-07 -0 -0 1 -80.5171 0 0 0 1 
		</Joint>
			1
				-1
				1.33158e-06 2.66316e-06 -1 0 0 -1 -2.66316e-06 9.75445e-07 -1 3.54621e-12 -1.33158e-06 -80.5171 0 0 0 1 
				0
				1.33158e-06 2.66316e-06 -1 0 0 -1 -2.66316e-06 9.75445e-07 -1 3.54621e-12 -1.33158e-06 -80.3573 0 0 0 1 
				1
				1.33158e-06 2.66316e-06 -1 0 0 -1 -2.66316e-06 9.75445e-07 -1 3.54621e-12 -1.33158e-06 -80.195 0 0 0 1 
				2
				1.33158e-06 2.66316e-06 -1 0 0 -1 -2.66316e-06 9.75445e-07 -1 3.54621e-12 -1.33158e-06 -80.0319 0 0 0 1 
				3
				1.33158e-06 2.66316e-06 -1 0 0 -1 -2.66316e-06 9.75445e-07 -1 3.54621e-12 -1.33158e-06 -79.8699 0 0 0 1 
				4
				1.33158e-06 2.66316e-06 -1 0 0 -1 -2.66316e-06 9.75445e-07 -1 3.54621e-12 -1.33158e-06 -79.7109 0 0 0 1 
				5
				1.33158e-06 2.66316e-06 -1 0 0 -1 -2.66316e-06 9.75445e-07 -1 3.54621e-12 -1.33158e-06 -79.5566 0 0 0 1 
				6
				1.33158e-06 2.66316e-06 -1 0 0 -1 -2.66316e-06 9.75445e-07 -1 3.54621e-12 -1.33158e-06 -79.4011 0 0 0 1 
				7
				1.33158e-06 2.66316e-06 -1 0 0 -1 -2.66316e-06 9.75445e-07 -1 3.54621e-12 -1.33158e-06 -79.3803 0 0 0 1 
				8
				1.33158e-06 2.66316e-06 -1 0 0 -1 -2.66316e-06 0.598649 -1 3.54621e-12 -1.33158e-06 -79.5554 0 0 0 1 
				9
				1.33158e-06 2.66316e-06 -1 0 0 -1 -2.66316e-06 2.06668 -1 3.54621e-12 -1.33158e-06 -79.9849 0 0 0 1 
				10
				1.33158e-06 2.66316e-06 -1 0 0 -1 -2.66316e-06 3.87916 -1 3.54621e-12 -1.33158e-06 -80.5152 0 0 0 1 
				11
				1.33158e-06 2.66316e-06 -1 0 0 -1 -2.66316e-06 5.51115 -1 3.54621e-12 -1.33158e-06 -80.9927 0 0 0 1 
				12
				1.33158e-06 2.66316e-06 -1 0 0 -1 -2.66316e-06 6.45425 -1 3.54621e-12 -1.33158e-06 -81.2686 0 0 0 1 
				13
				1.33158e-06 2.66316e-06 -1 0 0 -1 -2.66316e-06 6.20005 -1 3.54621e-12 -1.33158e-06 -81.1942 0 0 0 1 
				14
				1.33158e-06 2.66316e-06 -1 0 0 -1 -2.66316e-06 4.22361 -1 3.54621e-12 -1.33158e-06 -80.616 0 0 0 1 
				15
				1.33158e-06 2.66316e-06 -1 0 0 -1 -2.66316e-06 9.75445e-07 -1 3.54621e-12 -1.33158e-06 -79.3803 0 0 0 1 
				16
				1.33158e-06 2.66316e-06 -1 0 0 -1 -2.66316e-06 -13.3508 -1 3.54621e-12 -1.33158e-06 -75.4567 0 0 0 1 
				17
				1.33158e-06 2.66316e-06 -1 0 0 -1 -2.66316e-06 -35.8225 -1 3.54621e-12 -1.33158e-06 -68.8523 0 0 0 1 
				18
				1.33158e-06 2.66316e-06 -1 0 0 -1 -2.66316e-06 -56.9164 -1 3.54621e-12 -1.33158e-06 -62.6746 0 0 0 1 
				19
				1.33158e-06 2.66316e-06 -1 0 0 -1 -2.66316e-06 -66.1338 -1 3.54621e-12 -1.33158e-06 -60.0314 0 0 0 1 
				20
				1.33158e-06 2.66316e-06 -1 0 0 -1 -2.66316e-06 -64.2025 -1 3.54621e-12 -1.33158e-06 -60.7022 0 0 0 1 
				21
				1.33158e-06 2.66316e-06 -1 0 0 -1 -2.66316e-06 -58.9004 -1 3.54621e-12 -1.33158e-06 -62.3786 0 0 0 1 
				22
				1.33158e-06 2.66316e-06 -1 0 0 -1 -2.66316e-06 -51.015 -1 3.54621e-12 -1.33158e-06 -64.8255 0 0 0 1 
				23
				1.33158e-06 2.66316e-06 -1 0 0 -1 -2.66316e-06 -41.3336 -1 3.54621e-12 -1.33158e-06 -67.8083 0 0 0 1 
				24
				1.33158e-06 2.66316e-06 -1 0 0 -1 -2.66316e-06 -30.6189 -1 3.54621e-12 -1.33158e-06 -71.0992 0 0 0 1 
				25
				1.33158e-06 2.66316e-06 -1 0 0 -1 -2.66316e-06 -19.6335 -1 3.54621e-12 -1.33158e-06 -74.4709 0 0 0 1 
				26
				1.33158e-06 2.66316e-06 -1 0 0 -1 -2.66316e-06 -9.16469 -1 3.54621e-12 -1.33158e-06 -77.6885 0 0 0 1 
				27
				1.33158e-06 2.66316e-06 -1 0 0 -1 -2.66316e-06 9.75445e-07 -1 3.54621e-12 -1.33158e-06 -80.5171 0 0 0 1 
				28
				1.33158e-06 2.66316e-06 -1 0 0 -1 -2.66316e-06 9.75445e-07 -1 3.54621e-12 -1.33158e-06 -80.5171 0 0 0 1 
				29
				1.33158e-06 2.66316e-06 -1 0 0 -1 -2.66316e-06 9.75445e-07 -1 3.54621e-12 -1.33158e-06 -80.5171 0 0 0 1 
				30
				1.33158e-06 2.66316e-06 -1 0 0 -1 -2.66316e-06 9.75445e-07 -1 3.54621e-12 -1.33158e-06 -80.5171 0 0 0 1 
				31
				1.33158e-06 2.66316e-06 -1 0 0 -1 -2.66316e-06 9.75445e-07 -1 3.54621e-12 -1.33158e-06 -80.5171 0 0 0 1 
		</Joint>
			2
				-1
				-0.000201565 -1.28234e-06 -1 1.29152e-05 -0.0008487 -1 1.45341e-06 0.0213506 -1 0.0008487 0.000201564 -89.852 0 0 0 1 
				0
				-0.000201565 -1.2823e-06 -1 1.29157e-05 -0.0008487 -0.999999 1.45336e-06 0.0213506 -1 0.0008487 0.000201564 -89.6922 0 0 0 1 
				1
				-0.000201565 -1.28234e-06 -1 1.29157e-05 -0.0008487 -1 1.45341e-06 0.0213506 -1 0.0008487 0.000201564 -89.5299 0 0 0 1 
				2
				-0.000201565 -1.28234e-06 -1 1.29157e-05 -0.0008487 -1 1.45341e-06 0.0213506 -1 0.0008487 0.000201564 -89.3668 0 0 0 1 
				3
				-0.000201565 -1.28234e-06 -1 1.29157e-05 -0.0008487 -1 1.45341e-06 0.0213506 -1 0.0008487 0.000201564 -89.2048 0 0 0 1 
				4
				-0.000201565 -1.28234e-06 -1 1.29157e-05 -0.0008487 -1 1.45341e-06 0.0213506 -1 0.0008487 0.000201564 -89.0458 0 0 0 1 
				5
				-0.000201565 -1.28234e-06 -1 1.29154e-05 -0.0008487 -1 1.45341e-06 0.0213506 -1 0.0008487 0.000201564 -88.8915 0 0 0 1 
				6
				-0.000201565 -1.28234e-06 -1 1.29156e-05 -0.0008487 -1 1.45341e-06 0.0213506 -1 0.0008487 0.000201564 -88.736 0 0 0 1 
				7
				-0.000201565 -1.28234e-06 -1 1.29157e-05 -0.0008487 -1 1.45341e-06 0.0213506 -1 0.0008487 0.000201564 -88.7152 0 0 0 1 
				8
				-0.000201569 -1.9135e-06 -1 1.2929e-05 0.00228259 -0.999997 1.4534e-06 0.619999 -0.999997 -0.00228259 0.000201572 -88.8903 0 0 0 1 
				9
				-0.000201569 -3.4613e-06 -1 1.29623e-05 0.00996114 -0.99995 1.45327e-06 2.08803 -0.99995 -0.00996114 0.000201594 -89.3196 0 0 0 1 
				10
				-0.000201554 -5.3722e-06 -1 1.30027e-05 0.0194405 -0.999811 1.45288e-06 3.90051 -0.999811 -0.0194405 0.00020162 -89.8497 0 0 0 1 
				11
				-0.000201524 -7.09261e-06 -1 1.30401e-05 0.0279744 -0.999609 1.45232e-06 5.53249 -0.999609 -0.0279744 0.000201644 -90.327 0 0 0 1 
				12
				-0.000201501 -8.08668e-06 -1 1.3061e-05 0.0329051 -0.999458 1.4519e-06 6.47559 -0.999458 -0.0329051 0.000201658 -90.6028 0 0 0 1 
				13
				-0.000201508 -7.81876e-06 -1 1.30555e-05 0.0315761 -0.999501 1.45202e-06 6.22139 -0.999501 -0.0315761 0.000201654 -90.5285 0 0 0 1 
				14
				-0.00020155 -5.73535e-06 -1 1.30105e-05 0.0212418 -0.999774 1.45276e-06 4.24495 -0.999774 -0.0212418 0.000201627 -89.9504 0 0 0 1 
				15
				-0.000201565 -1.28234e-06 -1 1.29157e-05 -0.0008487 -1 1.45341e-06 0.0213506 -1 0.0008487 0.000201564 -88.7152 0 0 0 1 
				16
				-0.00020093 1.27764e-05 -1 1.26155e-05 -0.0706226 -0.997503 1.44571e-06 -13.3295 -0.997503 0.0706226 0.00020133 -84.7931 0 0 0 1 
				17
				-0.000197712 3.62293e-05 -1 1.21145e-05 -0.187113 -0.982338 1.40508e-06 -35.8015 -0.982338 0.187113 0.000200999 -78.1911 0 0 0 1 
				18
				-0.000192228 5.77659e-05 -1 1.16539e-05 -0.294141 -0.955762 1.33168e-06 -56.896 -0.955762 0.294141 0.000200716 -72.0157 0 0 0 1 
				19
				-0.000189119 6.69726e-05 -1 1.1457e-05 -0.339861 -0.940476 1.2883e-06 -66.1137 -0.940476 0.339861 0.000200624 -69.3735 0 0 0 1 
				20
				-0.000189919 6.47608e-05 -1 1.15045e-05 -0.328865 -0.944377 1.29918e-06 -64.1823 -0.944377 0.328865 0.000200653 -70.0442 0 0 0 1 
				21
				-0.000191957 5.8732e-05 -1 1.16334e-05 -0.29889 -0.954288 1.32686e-06 -58.8801 -0.954288 0.29889 0.000200737 -71.7199 0 0 0 1 
				22
				-0.000194583 4.98431e-05 -1 1.18235e-05 -0.254706 -0.967019 1.36232e-06 -50.9944 -0.967019 0.254706 0.000200861 -74.1659 0 0 0 1 
				23
				-0.000197176 3.90852e-05 -1 1.20532e-05 -0.201252 -0.97954 1.39666e-06 -41.3127 -0.97954 0.201252 0.000201008 -77.1475 0 0 0 1 
				24
				-0.000199286 2.74834e-05 -1 1.23013e-05 -0.143626 -0.989632 1.42428e-06 -30.5978 -0.989632 0.143626 0.000201167 -80.4372 0 0 0 1 
				25
				-0.000200681 1.61218e-05 -1 1.25439e-05 -0.0872179 -0.996189 1.4426e-06 -19.6122 -0.996189 0.0872179 0.000201322 -83.8077 0 0 0 1 
				26
				-0.00020137 6.15081e-06 -1 1.2757e-05 -0.0377307 -0.999288 1.4514e-06 -9.14336 -0.999288 0.0377307 0.000201458 -87.0242 0 0 0 1 
				27
				-0.000201565 -1.28234e-06 -1 1.29152e-05 -0.0008487 -1 1.45341e-06 0.0213506 -1 0.0008487 0.000201564 -89.852 0 0 0 1 
				28
				-0.000201564 -4.56823e-06 -1 1.29857e-05 0.0154522 -0.999881 1.45308e-06 0.0213481 -0.999881 -0.0154522 0.000201611 -89.8517 0 0 0 1 
				29
				-0.000201565 -4.18762e-06 -1 1.29773e-05 0.0135642 -0.999908 1.45315e-06 0.0213485 -0.999908 -0.0135642 0.000201604 -89.8517 0 0 0 1 
				30
				-0.00020157 -2.35438e-06 -1 1.29388e-05 0.00446981 -0.99999 1.45338e-06 0.0213503 -0.99999 -0.00446981 0.000201578 -89.8519 0 0 0 1 
				31
				-0.000201565 -1.28234e-06 -1 1.29152e-05 -0.0008487 -1 1.45341e-06 0.0213506 -1 0.0008487 0.000201564 -89.852 0 0 0 1 
		</Joint>
			3
				-1
				-0.000413965 -1.06196e-06 -1 -0.0053956 -0.000821564 -1 1.40205e-06 0.0199439 -1 0.000821565 0.000413964 -116.684 0 0 0 1 
				0
				-0.000413965 -1.03572e-06 -1 -0.0053956 -0.000821564 -1 1.37582e-06 0.0199439 -1 0.000821565 0.000413963 -116.525 0 0 0 1 
				1
				-0.000413965 -1.06196e-06 -1 -0.0053956 -0.000821564 -1 1.40205e-06 0.0199439 -1 0.000821565 0.000413964 -116.362 0 0 0 1 
				2
				-0.000413965 -1.06196e-06 -1 -0.0053956 -0.000821564 -1 1.40205e-06 0.0199439 -1 0.000821565 0.000413964 -116.199 0 0 0 1 
				3
				-0.000413965 -1.06196e-06 -1 -0.00539559 -0.000821564 -1 1.40205e-06 0.0199439 -1 0.000821565 0.000413964 -116.037 0 0 0 1 
				4
				-0.000413965 -1.06196e-06 -1 -0.00539559 -0.000821564 -1 1.40205e-06 0.0199439 -1 0.000821565 0.000413964 -115.878 0 0 0 1 
				5
				-0.000413965 -1.06196e-06 -1 -0.00539559 -0.000821564 -1 1.40205e-06 0.0199439 -1 0.000821565 0.000413964 -115.724 0 0 0 1 
				6
				-0.000413965 -1.06196e-06 -1 -0.00539559 -0.000821564 -1 1.40205e-06 0.0199439 -1 0.000821565 0.000413964 -115.568 0 0 0 1 
				7
				-0.000413965 -1.06196e-06 -1 -0.00539559 -0.000821564 -1 1.40205e-06 0.0199439 -1 0.000821565 0.000413964 -115.548 0 0 0 1 
				8
				-0.000413969 -2.98938e-06 -1 -0.00539564 0.00544099 -0.999985 7.36933e-07 0.702612 -0.999985 -0.00544099 0.00041398 -115.723 0 0 0 1 
				9
				-0.000413939 -7.71581e-06 -1 -0.00539552 0.0207969 -0.999784 -8.94534e-07 2.37667 -0.999784 -0.0207969 0.00041401 -116.15 0 0 0 1 
				10
				-0.00041382 -1.355e-05 -1 -0.00539493 0.0397488 -0.99921 -2.90951e-06 4.44349 -0.99921 -0.0397488 0.000414031 -116.676 0 0 0 1 
				11
				-0.000413634 -1.88009e-05 -1 -0.005394 0.0568013 -0.998386 -4.72434e-06 6.30445 -0.998385 -0.0568013 0.000414034 -117.148 0 0 0 1 
				12
				-0.000413493 -2.18339e-05 -1 -0.00539328 0.0666484 -0.997777 -5.77328e-06 7.37983 -0.997776 -0.0666484 0.000414028 -117.419 0 0 0 1 
				13
				-0.000413534 -2.10165e-05 -1 -0.0053935 0.0639948 -0.99795 -5.49057e-06 7.08997 -0.99795 -0.0639948 0.000414031 -117.346 0 0 0 1 
				14
				-0.00041379 -1.46586e-05 -1 -0.00539481 0.043349 -0.99906 -3.29261e-06 4.83627 -0.99906 -0.043349 0.000414036 -116.776 0 0 0 1 
				15
				-0.000413965 -1.06196e-06 -1 -0.00539559 -0.000821564 -1 1.40205e-06 0.0199439 -1 0.000821565 0.000413964 -115.548 0 0 0 1 
				16
				-0.00041118 4.17958e-05 -1 -0.00537976 -0.140025 -0.990148 1.61916e-05 -15.2033 -0.990148 0.140025 0.000412981 -111.562 0 0 0 1 
				17
				-0.000395578 0.000112148 -1 -0.00529543 -0.366802 -0.930299 4.07681e-05 -40.8023 -0.930299 0.366802 0.000409142 -104.557 0 0 0 1 
				18
				-0.000368973 0.000173991 -1 -0.00515006 -0.561533 -0.827455 6.32206e-05 -64.7709 -0.827454 0.561533 0.00040301 -97.6731 0 0 0 1 
				19
				-0.000354013 0.00019919 -1 -0.00506739 -0.638589 -0.769548 7.27828e-05 -75.2166 -0.769548 0.638589 0.00039963 -94.6224 0 0 0 1 
				20
				-0.000357825 0.000193218 -1 -0.00508867 -0.620459 -0.784239 7.04867e-05 -72.9898 -0.784239 0.620459 0.000400504 -95.3973 0 0 0 1 
				21
				-0.000367577 0.000176677 -1 -0.00514287 -0.569734 -0.821829 6.42227e-05 -66.8824 -0.821829 0.569734 0.000402745 -97.3379 0 0 0 1 
				22
				-0.000380236 0.00015166 -1 -0.00521262 -0.491848 -0.870681 5.49712e-05 -57.8101 -0.870681 0.491848 0.000405658 -100.124 0 0 0 1 
				23
				-0.000392833 0.00012054 -1 -0.0052813 -0.393463 -0.91934 4.37486e-05 -46.6932 -0.91934 0.393463 0.000408575 -103.439 0 0 0 1 
				24
				-0.000403115 8.6175e-05 -1 -0.00533692 -0.283434 -0.958992 3.16157e-05 -34.4312 -0.958992 0.283435 0.000411009 -106.997 0 0 0 1 
				25
				-0.000409884 5.19496e-05 -1 -0.00537338 -0.172909 -0.984938 1.97053e-05 -21.9314 -0.984938 0.172909 0.000412693 -110.542 0 0 0 1 
				26
				-0.000413147 2.16257e-05 -1 -0.005391 -0.0745344 -0.997219 9.22811e-06 -10.1345 -0.997218 0.0745344 0.00041361 -113.839 0 0 0 1 
				27
				-0.000413965 -1.06196e-06 -1 -0.0053956 -0.000821564 -1 1.40205e-06 0.0199439 -1 0.000821565 0.000413964 -116.684 0 0 0 1 
				28
				-0.000413885 -1.10956e-05 -1 -0.00539529 0.0317761 -0.999495 -2.06169e-06 0.457323 -0.999495 -0.0317761 0.000414029 -116.68 0 0 0 1 
				29
				-0.000413905 -9.93353e-06 -1 -0.00539535 0.0280015 -0.999608 -1.66031e-06 0.406667 -0.999608 -0.0280015 0.00041402 -116.681 0 0 0 1 
				30
				-0.000413966 -4.33539e-06 -1 -0.00539563 0.00981533 -0.999952 2.71963e-07 0.162651 -0.999952 -0.00981532 0.000413989 -116.684 0 0 0 1 
				31
				-0.000413965 -1.06196e-06 -1 -0.0053956 -0.000821564 -1 1.40205e-06 0.0199439 -1 0.000821565 0.000413964 -116.684 0 0 0 1 
		</Joint>
			4
				-1
				-0.000413965 -1.06196e-06 -1 -0.0165033 -0.000821564 -1 1.40205e-06 0.00274699 -1 0.000821565 0.000413964 -143.517 0 0 0 1 
				0
				-0.000413965 -1.03572e-06 -1 -0.0165033 -0.000821564 -1 1.37582e-06 0.00274701 -1 0.000821565 0.000413963 -143.357 0 0 0 1 
				1
				-0.000413965 -1.06196e-06 -1 -0.0165033 -0.000821564 -1 1.40205e-06 0.00274702 -1 0.000821565 0.000413964 -143.195 0 0 0 1 
				2
				-0.000413965 -1.06196e-06 -1 -0.0165033 -0.000821564 -1 1.40205e-06 0.00274703 -1 0.000821565 0.000413964 -143.032 0 0 0 1 
				3
				-0.000413965 -1.06196e-06 -1 -0.0165033 -0.000821564 -1 1.40205e-06 0.00274703 -1 0.000821565 0.000413964 -142.87 0 0 0 1 
				4
				-0.000413965 -1.06196e-06 -1 -0.0165033 -0.000821564 -1 1.40205e-06 0.00274705 -1 0.000821565 0.000413964 -142.711 0 0 0 1 
				5
				-0.000413965 -1.06196e-06 -1 -0.0165033 -0.000821564 -1 1.40205e-06 0.00274705 -1 0.000821565 0.000413964 -142.556 0 0 0 1 
				6
				-0.000413965 -1.06196e-06 -1 -0.0165033 -0.000821564 -1 1.40205e-06 0.00274706 -1 0.000821565 0.000413964 -142.401 0 0 0 1 
				7
				-0.000413965 -1.06196e-06 -1 -0.0165033 -0.000821564 -1 1.40205e-06 0.00274706 -1 0.000821565 0.000413964 -142.38 0 0 0 1 
				8
				-0.000413969 -2.98938e-06 -1 -0.0165034 0.00544099 -0.999985 7.36933e-07 0.853454 -0.999985 -0.00544099 0.00041398 -142.554 0 0 0 1 
				9
				-0.000413939 -7.71581e-06 -1 -0.0165025 0.0207969 -0.999784 -8.94535e-07 2.93955 -0.999784 -0.0207969 0.00041401 -142.977 0 0 0 1 
				10
				-0.00041382 -1.355e-05 -1 -0.0164987 0.0397488 -0.99921 -2.9095e-06 5.51489 -0.99921 -0.0397488 0.000414031 -143.487 0 0 0 1 
				11
				-0.000413634 -1.88009e-05 -1 -0.0164927 0.0568013 -0.998386 -4.72434e-06 7.8334 -0.998385 -0.0568013 0.000414034 -143.936 0 0 0 1 
				12
				-0.000413493 -2.18339e-05 -1 -0.0164882 0.0666484 -0.997777 -5.77328e-06 9.173 -0.997777 -0.0666484 0.000414028 -144.192 0 0 0 1 
				13
				-0.000413534 -2.10165e-05 -1 -0.0164895 0.0639948 -0.99795 -5.49056e-06 8.81194 -0.99795 -0.0639948 0.000414031 -144.123 0 0 0 1 
				14
				-0.00041379 -1.46586e-05 -1 -0.0164977 0.043349 -0.99906 -3.29261e-06 6.00427 -0.99906 -0.043349 0.000414036 -143.583 0 0 0 1 
				15
				-0.000413965 -1.06196e-06 -1 -0.0165033 -0.000821564 -1 1.40205e-06 0.00274706 -1 0.000821565 0.000413964 -142.38 0 0 0 1 
				16
				-0.00041118 4.17958e-05 -1 -0.0164129 -0.140025 -0.990148 1.61916e-05 -18.9557 -0.990148 0.140025 0.000412981 -138.13 0 0 0 1 
				17
				-0.000395578 0.000112148 -1 -0.0159103 -0.366802 -0.930299 4.07681e-05 -50.64 -0.930299 0.366802 0.000409142 -129.521 0 0 0 1 
				18
				-0.000368973 0.000173991 -1 -0.0150513 -0.561533 -0.827455 6.32207e-05 -79.8341 -0.827454 0.561533 0.00040301 -119.878 0 0 0 1 
				19
				-0.000354013 0.00019919 -1 -0.0145674 -0.638589 -0.769548 7.27828e-05 -92.3477 -0.769548 0.638589 0.00039963 -115.274 0 0 0 1 
				20
				-0.000357825 0.000193218 -1 -0.0146909 -0.620459 -0.784239 7.04867e-05 -89.6344 -0.784239 0.620459 0.000400504 -116.443 0 0 0 1 
				21
				-0.000367577 0.000176677 -1 -0.0150067 -0.569734 -0.821829 6.42227e-05 -82.1658 -0.821829 0.569734 0.000402745 -119.392 0 0 0 1 
				22
				-0.000380236 0.00015166 -1 -0.015416 -0.491848 -0.870681 5.49712e-05 -71.0034 -0.870681 0.491848 0.000405658 -123.489 0 0 0 1 
				23
				-0.000392833 0.00012054 -1 -0.0158226 -0.393463 -0.91934 4.37486e-05 -57.2463 -0.91934 0.393463 0.000408575 -128.109 0 0 0 1 
				24
				-0.000403115 8.6175e-05 -1 -0.0161539 -0.283435 -0.958992 3.16157e-05 -42.0317 -0.958992 0.283435 0.000411009 -132.731 0 0 0 1 
				25
				-0.000409884 5.19496e-05 -1 -0.0163718 -0.172909 -0.984938 1.97053e-05 -26.5662 -0.984938 0.172909 0.000412693 -136.971 0 0 0 1 
				26
				-0.000413147 2.16257e-05 -1 -0.0164768 -0.0745344 -0.997219 9.22811e-06 -12.1296 -0.997218 0.0745344 0.00041361 -140.597 0 0 0 1 
				27
				-0.000413965 -1.06196e-06 -1 -0.0165033 -0.000821564 -1 1.40205e-06 0.00274699 -1 0.000821565 0.000413964 -143.517 0 0 0 1 
				28
				-0.000413885 -1.10956e-05 -1 -0.0165008 0.0317761 -0.999495 -2.06169e-06 1.3148 -0.999495 -0.0317761 0.000414029 -143.499 0 0 0 1 
				29
				-0.000413905 -9.93353e-06 -1 -0.0165014 0.0280015 -0.999608 -1.66031e-06 1.16286 -0.999608 -0.0280015 0.00041402 -143.503 0 0 0 1 
				30
				-0.000413966 -4.33539e-06 -1 -0.0165033 0.00981533 -0.999952 2.71963e-07 0.430867 -0.999952 -0.00981533 0.000413989 -143.515 0 0 0 1 
				31
				-0.000413965 -1.06196e-06 -1 -0.0165033 -0.000821564 -1 1.40205e-06 0.00274699 -1 0.000821565 0.000413964 -143.517 0 0 0 1 
		</Joint>
			5
				-1
				1 1.39382e-06 0.00041676 2.87617 -1.40435e-06 1 2.52793e-05 -0.00209674 -0.00041676 -2.52798e-05 1 -143.518 0 0 0 1 
				0
				1 1.39382e-06 0.00041676 2.87617 -1.40435e-06 1 2.52791e-05 -0.00209672 -0.00041676 -2.52797e-05 1 -143.358 0 0 0 1 
				1
				1 1.39382e-06 0.00041676 2.87617 -1.40435e-06 1 2.52793e-05 -0.00209672 -0.00041676 -2.52798e-05 1 -143.196 0 0 0 1 
				2
				1 1.39382e-06 0.00041676 2.87617 -1.40435e-06 1 2.52793e-05 -0.00209671 -0.00041676 -2.52798e-05 1 -143.033 0 0 0 1 
				3
				1 1.39382e-06 0.00041676 2.87617 -1.40435e-06 1 2.52793e-05 -0.0020967 -0.00041676 -2.52798e-05 1 -142.871 0 0 0 1 
				4
				1 1.39382e-06 0.00041676 2.87617 -1.40435e-06 1 2.52793e-05 -0.00209669 -0.00041676 -2.52798e-05 1 -142.712 0 0 0 1 
				5
				1 1.39382e-06 0.00041676 2.87617 -1.40435e-06 1 2.52793e-05 -0.00209669 -0.00041676 -2.52798e-05 1 -142.558 0 0 0 1 
				6
				1 1.39382e-06 0.00041676 2.87617 -1.40435e-06 1 2.52793e-05 -0.00209668 -0.00041676 -2.52798e-05 1 -142.402 0 0 0 1 
				7
				1 1.39382e-06 0.00041676 2.87617 -1.40435e-06 1 2.52793e-05 -0.00209668 -0.00041676 -2.52798e-05 1 -142.381 0 0 0 1 
				8
				1 3.32124e-06 0.000416763 2.87617 -7.21719e-07 0.999981 -0.00623726 0.848612 -0.000416776 0.00623726 0.999981 -142.556 0 0 0 1 
				9
				1 8.04765e-06 0.000416729 2.87618 9.5269e-07 0.999767 -0.021593 2.93472 -0.000416806 0.021593 0.999767 -142.978 0 0 0 1 
				10
				1 1.38818e-05 0.000416605 2.87618 3.02066e-06 0.999178 -0.0405444 5.51007 -0.000416825 0.0405444 0.999178 -143.489 0 0 0 1 
				11
				1 1.91325e-05 0.000416415 2.87619 4.88318e-06 0.99834 -0.0575963 7.82858 -0.000416826 0.0575963 0.99834 -143.938 0 0 0 1 
				12
				1 2.21654e-05 0.000416272 2.87619 5.95965e-06 0.997723 -0.0674429 9.16819 -0.000416819 0.0674429 0.997723 -144.193 0 0 0 1 
				13
				1 2.13481e-05 0.000416313 2.87619 5.66951e-06 0.997899 -0.0647894 8.80713 -0.000416822 0.0647894 0.997899 -144.125 0 0 0 1 
				14
				1 1.49903e-05 0.000416574 2.87618 3.41383e-06 0.999025 -0.0441445 5.99944 -0.00041683 0.0441445 0.999025 -143.584 0 0 0 1 
				15
				1 1.39382e-06 0.00041676 2.87617 -1.40435e-06 1 2.52793e-05 -0.00209668 -0.00041676 -2.52798e-05 1 -142.381 0 0 0 1 
				16
				1 -4.14661e-05 0.000414009 2.87627 -1.65831e-05 0.990259 0.139237 -18.9606 -0.00041575 -0.139237 0.990259 -138.131 0 0 0 1 
				17
				1 -0.00011183 0.000398464 2.87677 -4.17938e-05 0.930591 0.366061 -50.6446 -0.000411743 -0.366061 0.930591 -129.521 0 0 0 1 
				18
				1 -0.000173695 0.000371907 2.87763 -6.47909e-05 0.827901 0.560874 -79.8383 -0.000405324 -0.560874 0.827901 -119.877 0 0 0 1 
				19
				1 -0.000198905 0.000356968 2.87811 -7.45685e-05 0.770057 0.637976 -92.3517 -0.000401782 -0.637976 0.770056 -115.272 0 0 0 1 
				20
				1 -0.000192931 0.000360775 2.87799 -7.22217e-05 0.784733 0.619834 -89.6384 -0.000402697 -0.619834 0.784733 -116.441 0 0 0 1 
				21
				1 -0.000176382 0.000370514 2.87767 -6.58158e-05 0.822282 0.56908 -82.17 -0.000405043 -0.56908 0.822282 -119.391 0 0 0 1 
				22
				1 -0.000151355 0.000383153 2.87726 -5.63466e-05 0.871072 0.491155 -71.0077 -0.000408093 -0.491155 0.871072 -123.487 0 0 0 1 
				23
				1 -0.000120224 0.000395725 2.87686 -4.48489e-05 0.919653 0.392731 -57.2508 -0.000411146 -0.392731 0.919653 -128.109 0 0 0 1 
				24
				1 -8.58517e-05 0.00040598 2.87652 -3.24083e-05 0.959217 0.282671 -42.0365 -0.000413691 -0.282671 0.959217 -132.731 0 0 0 1 
				25
				1 -5.1621e-05 0.000412722 2.87631 -2.01888e-05 0.985075 0.172124 -26.571 -0.000415447 -0.172124 0.985075 -136.971 0 0 0 1 
				26
				1 -2.12945e-05 0.000415961 2.8762 -9.43653e-06 0.997278 0.0737403 -12.1344 -0.000416398 -0.0737403 0.997277 -140.598 0 0 0 1 
				27
				1 1.39382e-06 0.00041676 2.87617 -1.40435e-06 1 2.52793e-05 -0.00209674 -0.00041676 -2.52798e-05 1 -143.518 0 0 0 1 
				28
				1 1.14274e-05 0.000416672 2.87618 2.15055e-06 0.999469 -0.032572 1.30997 -0.000416824 0.032572 0.999469 -143.5 0 0 0 1 
				29
				1 1.02653e-05 0.000416693 2.87618 1.73862e-06 0.999585 -0.0287975 1.15803 -0.000416816 0.0287975 0.999585 -143.504 0 0 0 1 
				30
				1 4.66756e-06 0.000416759 2.87617 -2.44832e-07 0.999944 -0.0106116 0.426027 -0.000416785 0.0106116 0.999944 -143.516 0 0 0 1 
				31
				1 1.39382e-06 0.00041676 2.87617 -1.40435e-06 1 2.52793e-05 -0.00209674 -0.00041676 -2.52798e-05 1 -143.518 0 0 0 1 
		</Joint>
			6
				-1
				0.103929 -0.01739 -0.994433 16.3477 0.0607859 0.998089 -0.0111012 -0.00211566 0.992725 -0.0592937 0.104788 -143.524 0 0 0 1 
				0
				0.205071 0.0998069 -0.973645 16.3477 0.0458865 0.992713 0.111426 -0.00211564 0.977671 -0.0675274 0.198997 -143.364 0 0 0 1 
				1
				0.303228 0.215769 -0.928168 16.3477 0.0191759 0.972449 0.232327 -0.00211564 0.952725 -0.0882466 0.290736 -143.202 0 0 0 1 
				2
				0.394779 0.326263 -0.858896 16.3477 -0.0200752 0.937666 0.346958 -0.00211563 0.918557 -0.119729 0.376721 -143.038 0 0 0 1 
				3
				0.476349 0.427312 -0.768437 16.3477 -0.0702905 0.889673 0.451156 -0.00211562 0.876442 -0.160894 0.453831 -142.876 0 0 0 1 
				4
				0.545406 0.515625 -0.660805 16.3477 -0.129106 0.830661 0.541603 -0.00211561 0.828169 -0.21008 0.519618 -142.717 0 0 0 1 
				5
				0.600377 0.588927 -0.541029 16.3477 -0.193791 0.7635 0.616046 -0.00211561 0.775882 -0.265014 0.572516 -142.563 0 0 0 1 
				6
				0.642429 0.648841 -0.407788 16.3477 -0.26508 0.687418 0.676158 -0.0021156 0.719039 -0.326287 0.613612 -142.408 0 0 0 1 
				7
				0.647051 0.655615 -0.389223 16.3477 -0.275014 0.676815 0.682854 -0.0021156 0.711121 -0.3348 0.618237 -142.387 0 0 0 1 
				8
				0.652309 0.649863 -0.390092 16.3477 -0.265482 0.677958 0.685487 0.848603 0.709939 -0.343587 0.614764 -142.561 0 0 0 1 
				9
				0.664899 0.635556 -0.3924 16.3477 -0.24201 0.680315 0.691811 2.93473 0.706641 -0.36502 0.606152 -142.984 0 0 0 1 
				10
				0.679901 0.617488 -0.395529 16.3477 -0.212883 0.682357 0.699335 5.51011 0.701723 -0.391278 0.595388 -143.494 0 0 0 1 
				11
				0.692876 0.600854 -0.398619 16.3477 -0.186534 0.683371 0.70584 7.82865 0.696511 -0.414704 0.585571 -143.944 0 0 0 1 
				12
				0.700135 0.591092 -0.400526 16.3477 -0.171259 0.683599 0.709481 9.16827 0.693168 -0.428139 0.579841 -144.199 0 0 0 1 
				13
				0.698142 0.593762 -0.400056 16.3477 -0.175354 0.683557 0.70852 8.80721 0.694153 -0.424497 0.581339 -144.13 0 0 0 1 
				14
				0.682479 0.614114 -0.396342 16.3477 -0.207282 0.68262 0.70076 5.99949 0.700897 -0.396099 0.593169 -143.59 0 0 0 1 
				15
				0.647051 0.655615 -0.389223 16.3477 -0.275014 0.676815 0.682854 -0.0021156 0.711121 -0.3348 0.618237 -142.387 0 0 0 1 
				16
				0.526286 0.773605 -0.352928 16.3478 -0.485248 0.614082 0.622445 -18.9608 0.698253 -0.156326 0.698573 -138.136 0 0 0 1 
				17
				0.253202 0.904542 -0.343064 16.3483 -0.775779 0.401715 0.486613 -50.6452 0.577976 0.14293 0.803439 -129.526 0 0 0 1 
				18
				-0.024324 0.914576 -0.403682 16.3491 -0.932165 0.125154 0.339714 -79.8392 0.361217 0.384561 0.849491 -119.882 0 0 0 1 
				19
				-0.130355 0.858639 -0.495728 16.3496 -0.959236 0.0172304 0.282082 -92.3527 0.250748 0.512291 0.821391 -115.278 0 0 0 1 
				20
				-0.095528 0.806931 -0.582869 16.3495 -0.948451 0.103971 0.299384 -89.6394 0.302184 0.581422 0.755403 -116.447 0 0 0 1 
				21
				-0.0262923 0.736735 -0.67567 16.3492 -0.910138 0.26192 0.321008 -82.1709 0.413469 0.623394 0.663644 -119.396 0 0 0 1 
				22
				0.0541753 0.639558 -0.766831 16.3488 -0.824519 0.46183 0.326928 -71.0085 0.563235 0.614555 0.552348 -123.493 0 0 0 1 
				23
				0.123829 0.513879 -0.848878 16.3484 -0.68187 0.665565 0.303441 -57.2514 0.720916 0.54125 0.432815 -128.114 0 0 0 1 
				24
				0.165291 0.368129 -0.914965 16.348 -0.491243 0.835183 0.247285 -42.0369 0.855196 0.408596 0.318889 -132.736 0 0 0 1 
				25
				0.168278 0.218825 -0.961144 16.3478 -0.280627 0.945337 0.166093 -26.5713 0.94495 0.241773 0.220488 -136.977 0 0 0 1 
				26
				0.143847 0.085934 -0.985862 16.3477 -0.0833184 0.993737 0.0744634 -12.1345 0.986086 0.0714291 0.150106 -140.604 0 0 0 1 
				27
				0.103929 -0.01739 -0.994433 16.3477 0.0607859 0.998089 -0.0111012 -0.00211566 0.992725 -0.0592937 0.104788 -143.524 0 0 0 1 
				28
				0.0738671 -0.0650643 -0.995143 16.3477 0.123255 0.990815 -0.0556324 1.31 0.989622 -0.118547 0.0812081 -143.506 0 0 0 1 
				29
				0.0798456 -0.0598419 -0.995009 16.3477 0.116183 0.991952 -0.0503348 1.15805 0.990013 -0.111584 0.0861555 -143.51 0 0 0 1 
				30
				0.0960171 -0.0332425 -0.994824 16.3477 0.0812907 0.996366 -0.0254481 0.426024 0.992055 -0.0784265 0.0983705 -143.522 0 0 0 1 
				31
				0.103929 -0.01739 -0.994433 16.3477 0.0607859 0.998089 -0.0111012 -0.00211566 0.992725 -0.0592937 0.104788 -143.524 0 0 0 1 
		</Joint>
			7
				-1
				0.105095 -0.00766305 -0.994433 19.2329 -0.0321679 0.999421 -0.0111011 1.68541 0.993942 0.0331555 0.104788 -115.964 0 0 0 1 
				0
				0.150398 0.171453 -0.973645 22.0408 -0.342242 0.932981 0.111426 1.27177 0.927497 0.316464 0.198997 -116.222 0 0 0 1 
				1
				0.0902195 0.361059 -0.928168 24.7658 -0.617445 0.751522 0.232327 0.530239 0.781423 0.552132 0.290736 -116.752 0 0 0 1 
				2
				-0.0706821 0.50725 -0.858896 27.3074 -0.80883 0.474777 0.346958 -0.559436 0.583779 0.719225 0.376721 -117.538 0 0 0 1 
				3
				-0.299999 0.565247 -0.768437 29.5719 -0.880411 0.146064 0.451156 -1.9535 0.367255 0.811887 0.453831 -118.545 0 0 0 1 
				4
				-0.547468 0.513435 -0.660805 31.4891 -0.821402 -0.178789 0.541603 -3.58632 0.159933 0.839297 0.519618 -119.726 0 0 0 1 
				5
				-0.760711 0.358616 -0.541029 33.0152 -0.648757 -0.446768 0.616046 -5.38207 -0.0207899 0.81963 0.572516 -121.023 0 0 0 1 
				6
				-0.905459 0.117697 -0.407788 34.1826 -0.386084 -0.627494 0.676158 -7.3612 -0.176303 0.769674 0.613612 -122.446 0 0 0 1 
				7
				-0.91758 0.0809427 -0.389223 34.3109 -0.346395 -0.643212 0.682854 -7.63697 -0.195081 0.761398 0.618237 -122.645 0 0 0 1 
				8
				-0.918119 0.0698971 -0.390092 34.4569 -0.340256 -0.643687 0.685487 -6.52164 -0.203184 0.76209 0.614764 -122.852 0 0 0 1 
				9
				-0.9188 0.0427609 -0.3924 34.8064 -0.325456 -0.644574 0.691811 -3.78389 -0.223348 0.763345 0.606151 -123.366 0 0 0 1 
				10
				-0.918407 0.00926779 -0.395529 35.2229 -0.307693 -0.645179 0.699335 -0.399893 -0.248706 0.763976 0.595388 -124.013 0 0 0 1 
				11
				-0.91688 -0.0208437 -0.398619 35.5831 -0.292198 -0.645299 0.70584 2.65014 -0.271941 0.763646 0.585571 -124.607 0 0 0 1 
				12
				-0.915489 -0.0382099 -0.400526 35.7847 -0.283469 -0.645199 0.709481 4.41383 -0.285528 0.763059 0.579841 -124.955 0 0 0 1 
				13
				-0.915875 -0.0335875 -0.400056 35.7293 -0.285821 -0.645217 0.70852 3.93907 -0.28192 0.763261 0.581339 -124.859 0 0 0 1 
				14
				-0.918099 0.00269022 -0.396342 35.2945 -0.304408 -0.645192 0.700759 0.244966 -0.253831 0.764016 0.593169 -124.132 0 0 0 1 
				15
				-0.91758 0.0809427 -0.389223 34.3109 -0.346395 -0.643212 0.682854 -7.63697 -0.195081 0.761398 0.618237 -122.645 0 0 0 1 
				16
				-0.88536 0.302622 -0.352928 30.9584 -0.463649 -0.630549 0.622445 -32.4321 -0.0341732 0.714722 0.698573 -118.752 0 0 0 1 
				17
				-0.708846 0.616315 -0.343064 23.3776 -0.695343 -0.528872 0.486613 -72.1822 0.11847 0.583481 0.803439 -113.481 0 0 0 1 
				18
				-0.394453 0.825499 -0.403682 15.6739 -0.902402 -0.265075 0.339714 -105.718 0.173428 0.498285 0.849491 -109.854 0 0 0 1 
				19
				-0.132109 0.858371 -0.495728 12.7307 -0.959269 0.0152708 0.282082 -118.983 0.249701 0.512802 0.821391 -108.317 0 0 0 1 
				20
				0.0126365 0.812468 -0.582869 13.6975 -0.926199 0.229185 0.299384 -115.97 0.376824 0.536069 0.755403 -108.058 0 0 0 1 
				21
				0.113245 0.728454 -0.67567 15.6193 -0.844338 0.429007 0.321008 -107.438 0.523707 0.534142 0.663644 -107.918 0 0 0 1 
				22
				0.171601 0.618484 -0.766831 17.8528 -0.724806 0.606444 0.326928 -93.8986 0.66724 0.499703 0.552347 -107.857 0 0 0 1 
				23
				0.194707 0.491421 -0.848878 19.7861 -0.581738 0.754655 0.303441 -76.1814 0.789728 0.434743 0.432815 -108.1 0 0 0 1 
				24
				0.191301 0.355308 -0.914965 20.9368 -0.429997 0.868305 0.247285 -55.6747 0.88233 0.346126 0.318889 -108.995 0 0 0 1 
				25
				0.167732 0.219243 -0.961144 21.0195 -0.282982 0.944634 0.166093 -34.362 0.944345 0.244128 0.220488 -110.743 0 0 0 1 
				26
				0.138088 0.0949127 -0.985862 20.3412 -0.14638 0.986422 0.0744634 -14.4476 0.979543 0.134028 0.150106 -113.228 0 0 0 1 
				27
				0.105095 -0.00766305 -0.994433 19.2329 -0.0321679 0.999421 -0.0111011 1.68541 0.993942 0.0331555 0.104788 -115.964 0 0 0 1 
				28
				0.0798379 -0.0575812 -0.995143 18.3984 0.026429 0.998102 -0.055632 4.73177 0.996458 -0.0218591 0.0812081 -116.032 0 0 0 1 
				29
				0.085255 -0.0518454 -0.995009 18.5643 0.0197752 0.998537 -0.0503348 4.38348 0.996163 -0.0153853 0.0861555 -116.025 0 0 0 1 
				30
				0.0987231 -0.0240436 -0.994825 19.0133 -0.0129895 0.999592 -0.0254479 2.68279 0.99503 0.0154345 0.0983705 -115.981 0 0 0 1 
				31
				0.105095 -0.00766305 -0.994433 19.2329 -0.0321679 0.999421 -0.0111011 1.68541 0.993942 0.0331555 0.104788 -115.964 0 0 0 1 
		</Joint>
			8
				-1
				0.105095 -0.994438 0.00687119 22.1506 -0.0321679 -0.0103053 -0.999429 0.79237 0.993942 0.104814 -0.033072 -88.3703 0 0 0 1 
				0
				0.0950337 -0.992827 -0.0725474 26.2161 -0.329699 0.0373728 -0.943346 -8.22946 0.939291 0.113568 -0.323782 -90.4731 0 0 0 1 
				1
				-0.0162136 -0.985823 -0.167005 27.2705 -0.581678 0.145153 -0.800363 -16.6111 0.813257 0.0841663 -0.575785 -95.0585 0 0 0 1 
				2
				-0.219543 -0.947038 -0.234348 25.3452 -0.735788 0.318464 -0.59766 -23.014 0.640638 0.0412185 -0.766736 -101.331 0 0 0 1 
				3
				-0.476014 -0.844117 -0.246733 21.2434 -0.754055 0.536131 -0.379427 -26.3952 0.452562 0.00543836 -0.891717 -108.349 0 0 0 1 
				4
				-0.727292 -0.656403 -0.200452 16.2904 -0.628133 0.754298 -0.191007 -26.3899 0.276578 -0.0130077 -0.960904 -115.286 0 0 0 1 
				5
				-0.914598 -0.388068 -0.113637 11.8965 -0.383091 0.921514 -0.0636745 -23.3927 0.129428 -0.0147032 -0.99148 -121.6 0 0 0 1 
				6
				-0.998631 -0.0513995 -0.00969667 9.04549 -0.0513412 0.998662 -0.00616478 -18.0796 0.0100006 -0.0056585 -0.999934 -127.34 0 0 0 1 
				7
				-0.999987 -0.00354454 0.00359372 8.8373 -0.00355815 0.999987 -0.00378819 -17.2535 -0.00358024 -0.00380093 -0.999986 -128.061 0 0 0 1 
				8
				-0.999918 0.00318658 0.0124108 8.96832 0.00313863 0.999988 -0.00388084 -15.9677 -0.012423 -0.00384157 -0.999916 -128.493 0 0 0 1 
				9
				-0.999223 0.0193868 0.0343021 9.29893 0.019251 0.999806 -0.00428499 -12.8191 -0.0343785 -0.00362131 -0.999402 -129.567 0 0 0 1 
				10
				-0.997339 0.0387677 0.0617351 9.72636 0.0385274 0.999245 -0.00507795 -8.94198 -0.0618853 -0.00268594 -0.99808 -130.918 0 0 0 1 
				11
				-0.994673 0.0556018 0.0867967 10.129 0.0552858 0.998452 -0.00604187 -5.46179 -0.0869983 -0.00121107 -0.996208 -132.157 0 0 0 1 
				12
				-0.992714 0.0650501 0.101427 10.3691 0.0647044 0.997882 -0.0066979 -3.45576 -0.101648 -8.63231e-05 -0.994821 -132.882 0 0 0 1 
				13
				-0.993265 0.0625155 0.0975528 10.303 0.0621739 0.998044 -0.00654037 -3.99582 -0.0977709 -0.000431078 -0.995209 -132.686 0 0 0 1 
				14
				-0.996834 0.0423597 0.0672905 9.80646 0.0420968 0.999099 -0.00532023 -8.20592 -0.0674552 -0.00247067 -0.997719 -131.179 0 0 0 1 
				15
				-0.999987 -0.00354454 0.00359372 8.8373 -0.00355815 0.999987 -0.00378819 -17.2535 -0.00358024 -0.00380093 -0.999986 -128.061 0 0 0 1 
				16
				-0.975092 -0.128982 -0.180441 6.37925 -0.129412 0.991546 -0.00943894 -45.3038 0.180133 0.0141473 -0.98354 -119.7 0 0 0 1 
				17
				-0.839469 -0.386843 -0.381634 3.69879 -0.393511 0.917089 -0.0640142 -91.4861 0.374756 0.0964392 -0.922094 -110.192 0 0 0 1 
				18
				-0.596801 -0.677233 -0.43033 4.72316 -0.663205 0.718216 -0.210532 -130.77 0.45165 0.159751 -0.877777 -105.04 0 0 0 1 
				19
				-0.381972 -0.847628 -0.368272 9.06315 -0.774808 0.510924 -0.372329 -145.614 0.503755 0.143121 -0.851908 -101.384 0 0 0 1 
				20
				-0.243644 -0.917674 -0.313866 14.0483 -0.773349 0.379119 -0.508133 -141.683 0.585293 0.118924 -0.802053 -97.5965 0 0 0 1 
				21
				-0.131278 -0.957008 -0.258655 18.7631 -0.719417 0.271481 -0.639326 -130.878 0.68206 0.102151 -0.724127 -93.3785 0 0 0 1 
				22
				-0.0461816 -0.977395 -0.206316 22.6167 -0.627141 0.189129 -0.755595 -114.02 0.777535 0.0944944 -0.621699 -89.3328 0 0 0 1 
				23
				0.0150107 -0.9875 -0.156901 25.1915 -0.511669 0.127231 -0.84971 -92.3314 0.859052 0.0930363 -0.503363 -86.176 0 0 0 1 
				24
				0.057187 -0.992298 -0.109888 26.2477 -0.386054 0.079527 -0.919042 -67.6121 0.920702 0.09498 -0.378532 -84.4995 0 0 0 1 
				25
				0.082175 -0.994467 -0.0654378 25.676 -0.260553 0.0419391 -0.964548 -42.2181 0.961956 0.0963117 -0.255665 -84.5265 0 0 0 1 
				26
