<?xml version='1.0' encoding='UTF-8' ?>
<itpanim>
	<skeleton count>
		25
			0 -1
			1.37091e-06 -1 -6.12323e-17 1.44664e-05 1 1.37091e-06 -6.12323e-17 -3.33788e-06 6.12323e-17 -6.12323e-17 1 44.5 0 0 0 1 
			1 0
			1.3868e-06 4.78456e-08 -1 -44.5 2.75771e-06 -1 -4.78418e-08 1.44666e-05 -1 -2.75771e-06 -1.3868e-06 -5.83747e-05 0 0 0 1 
			2 1
			1.40269e-06 -0.000796318 -1 -49.6773 0 -1 0.000796318 0.0514213 -1 -1.11699e-09 -1.40269e-06 3.19526e-06 0 0 0 1 
			3 2
			1.40269e-06 -0.000796318 -1 -64.5592 0 -1 0.000796318 0.0632714 -1 -1.11699e-09 -1.40269e-06 3.16239e-06 0 0 0 1 
			4 3
			1.40269e-06 -0.000796318 -1 -79.4411 0 -1 0.000796318 0.06596 -1 -1.11699e-09 -1.40269e-06 3.15493e-06 0 0 0 1 
			5 4
			1 1.37091e-06 4.37113e-08 -1.60435 -1.37091e-06 1 3.58059e-15 -1.09939e-05 -4.37113e-08 -6.35048e-14 1 79.4411 0 0 0 1 
			6 5
			0.995014 0.0902305 0.042489 -5.65533 -0.0897157 0.995871 -0.0138741 -0.287945 -0.0435655 0.00999304 0.999001 79.7571 0 0 0 1 
			7 6
			0.994845 -0.0912189 0.0442967 -20.654 0.0915704 0.995781 -0.00596753 -4.08763 -0.0435655 0.00999304 0.999001 79.7571 0 0 0 1 
			8 7
			0.994845 -0.0912189 0.0442967 -36.0513 -0.0434925 0.0107859 0.998995 79.7539 -0.091605 -0.995772 0.00676301 4.15114 0 0 0 1 
			9 4
			-1 -1.37091e-06 4.37114e-08 -1.60434 -1.37091e-06 1 3.84662e-15 -1.09939e-05 -4.37115e-08 -5.60777e-14 -1 -79.4411 0 0 0 1 
			10 9
			-0.995014 0.0902277 0.042489 -5.65533 0.089713 0.995871 -0.0138741 -0.287946 -0.0435654 -0.00999315 -0.999001 -79.7571 0 0 0 1 
			11 10
			-0.994845 -0.0912216 0.0442967 -20.654 -0.0915731 0.995781 -0.00596753 -4.08763 -0.0435654 -0.00999315 -0.999001 -79.7571 0 0 0 1 
			12 11
			-0.994845 -0.0912216 0.0442967 -36.0513 0.0434925 0.0107861 0.998995 79.7539 -0.0916078 0.995772 -0.00676301 -4.15114 0 0 0 1 
			13 4
			1.34309e-06 -5.95475e-08 -1 -82.8177 -1.40269e-06 -1 5.95456e-08 1.08462e-05 -1 1.40269e-06 -1.34309e-06 -0.000107894 0 0 0 1 
			14 13
			1 -0 0 0 0 1 0 0 -0 -0 1 -0 0 0 0 1 
			15 2
			1.37369e-06 -0.0998334 0.995004 44.2777 0 -0.995004 -0.0998334 -4.44257 1 1.3714e-07 -1.36683e-06 -4.58386 0 0 0 1 
			16 15
			1.37369e-06 0.0998334 0.995004 24.6789 0 -0.995004 0.0998334 0.469723 1 -1.3714e-07 -1.36683e-06 -4.58386 0 0 0 1 
			17 16
			1.3716e-06 -6.00745e-14 1 4.70494 0 -1 -6.00745e-14 1.29981e-05 1 8.23984e-20 -1.3716e-06 -4.58386 0 0 0 1 
			18 17
			1.3723e-06 -1 -6.00133e-14 -6.78409 0 6.00133e-14 -1 -0.105526 1 1.3723e-06 8.23562e-20 -4.58386 0 0 0 1 
			19 18
			1 -0 0 0 0 1 0 0 -0 -0 1 -0 0 0 0 1 
			20 2
			1.37369e-06 -0.0998334 0.995004 44.2777 0 -0.995004 -0.0998334 -4.44257 1 1.3714e-07 -1.36683e-06 4.58386 0 0 0 1 
			21 20
			1.37369e-06 0.0998334 0.995004 24.6789 0 -0.995004 0.0998334 0.469723 1 -1.3714e-07 -1.36683e-06 4.58386 0 0 0 1 
			22 21
			1.3716e-06 -6.00745e-14 1 4.70494 0 -1 -6.00745e-14 1.29981e-05 1 8.23984e-20 -1.3716e-06 4.58386 0 0 0 1 
			23 22
			1.3723e-06 -1 5.98908e-14 -6.78409 0 -5.98908e-14 -1 -0.105526 1 1.3723e-06 -8.21882e-20 4.58386 0 0 0 1 
			24 23
			1 -0 0 0 0 1 0 0 -0 -0 1 -0 0 0 0 1 
	</skeleton>
		<animations>
			29
			0
				-1
				1.33158e-06 1 0 3.33786e-06 -1 1.33158e-06 0 9.52023e-07 -0 -0 1 -44.6567 0 0 0 1 
				0
				1.33158e-06 1 0 3.33786e-06 -1 1.33158e-06 0 9.52023e-07 -0 -0 1 -44.5681 0 0 0 1 
				1
				1.33158e-06 1 0 3.33786e-06 -1 1.33158e-06 0 9.52023e-07 -0 -0 1 -44.478 0 0 0 1 
				2
				1.33158e-06 1 0 3.33786e-06 -1 1.33158e-06 0 9.52023e-07 -0 -0 1 -44.3876 0 0 0 1 
				3
				1.33158e-06 1 0 3.33786e-06 -1 1.33158e-06 0 9.52023e-07 -0 -0 1 -44.2977 0 0 0 1 
				4
				1.33158e-06 1 0 3.33786e-06 -1 1.33158e-06 0 9.52023e-07 -0 -0 1 -44.2095 0 0 0 1 
				5
				1.33158e-06 1 0 3.33786e-06 -1 1.33158e-06 0 9.52023e-07 -0 -0 1 -44.124 0 0 0 1 
				6
				1.33158e-06 1 0 3.33786e-06 -1 1.33158e-06 0 9.52023e-07 -0 -0 1 -44.0377 0 0 0 1 
				7
				1.33158e-06 1 0 3.33786e-06 -1 1.33158e-06 0 9.52023e-07 -0 -0 1 -44.0262 0 0 0 1 
				8
				1.33158e-06 1 0 3.33786e-06 -1 1.33158e-06 0 0.332025 -0 -0 1 -44.1233 0 0 0 1 
				9
				1.33158e-06 1 0 3.33786e-06 -1 1.33158e-06 0 1.14623 -0 -0 1 -44.3615 0 0 0 1 
				10
				1.33158e-06 1 0 3.33786e-06 -1 1.33158e-06 0 2.15148 -0 -0 1 -44.6556 0 0 0 1 
				11
				1.33158e-06 1 0 3.33786e-06 -1 1.33158e-06 0 3.05662 -0 -0 1 -44.9204 0 0 0 1 
				12
				1.33158e-06 1 0 3.33786e-06 -1 1.33158e-06 0 3.57968 -0 -0 1 -45.0735 0 0 0 1 
				13
				1.33158e-06 1 0 3.33786e-06 -1 1.33158e-06 0 3.43869 -0 -0 1 -45.0322 0 0 0 1 
				14
				1.33158e-06 1 0 3.33786e-06 -1 1.33158e-06 0 2.34251 -0 -0 1 -44.7115 0 0 0 1 
				15
				1.33158e-06 1 0 3.33786e-06 -1 1.33158e-06 0 9.52023e-07 -0 -0 1 -44.0262 0 0 0 1 
				16
				1.33158e-06 1 0 3.33786e-06 -1 1.33158e-06 0 -7.40465 -0 -0 1 -41.8501 0 0 0 1 
				17
				1.33158e-06 1 0 3.33786e-06 -1 1.33158e-06 0 -19.868 -0 -0 1 -38.1871 0 0 0 1 
				18
				1.33158e-06 1 0 3.33786e-06 -1 1.33158e-06 0 -31.5672 -0 -0 1 -34.7608 0 0 0 1 
				19
				1.33158e-06 1 0 3.33786e-06 -1 1.33158e-06 0 -36.6794 -0 -0 1 -33.2948 0 0 0 1 
				20
				1.33158e-06 1 0 3.33786e-06 -1 1.33158e-06 0 -35.6082 -0 -0 1 -33.6669 0 0 0 1 
				21
				1.33158e-06 1 0 3.33786e-06 -1 1.33158e-06 0 -32.6676 -0 -0 1 -34.5966 0 0 0 1 
				22
				1.33158e-06 1 0 3.33786e-06 -1 1.33158e-06 0 -28.2941 -0 -0 1 -35.9538 0 0 0 1 
				23
				1.33158e-06 1 0 3.33786e-06 -1 1.33158e-06 0 -22.9246 -0 -0 1 -37.608 0 0 0 1 
				24
				1.33158e-06 1 0 3.33786e-06 -1 1.33158e-06 0 -16.982 -0 -0 1 -39.4333 0 0 0 1 
				25
				1.33158e-06 1 0 3.33786e-06 -1 1.33158e-06 0 -10.8892 -0 -0 1 -41.3033 0 0 0 1 
				26
				1.33158e-06 1 0 3.33786e-06 -1 1.33158e-06 0 -5.08295 -0 -0 1 -43.0879 0 0 0 1 
				27
				1.33158e-06 1 0 3.33786e-06 -1 1.33158e-06 0 9.52023e-07 -0 -0 1 -44.6567 0 0 0 1 
		</Joint>
			1
				-1
				1.33158e-06 2.66316e-06 -1 3.33786e-06 0 -1 -2.66316e-06 9.52023e-07 -1 3.54621e-12 -1.33158e-06 -44.6567 0 0 0 1 
				0
				1.33158e-06 2.66316e-06 -1 3.33786e-06 0 -1 -2.66316e-06 9.52023e-07 -1 3.54621e-12 -1.33158e-06 -44.5681 0 0 0 1 
				1
				1.33158e-06 2.66316e-06 -1 3.33786e-06 0 -1 -2.66316e-06 9.52023e-07 -1 3.54621e-12 -1.33158e-06 -44.478 0 0 0 1 
				2
				1.33158e-06 2.66316e-06 -1 3.33786e-06 0 -1 -2.66316e-06 9.52023e-07 -1 3.54621e-12 -1.33158e-06 -44.3876 0 0 0 1 
				3
				1.33158e-06 2.66316e-06 -1 3.33786e-06 0 -1 -2.66316e-06 9.52023e-07 -1 3.54621e-12 -1.33158e-06 -44.2977 0 0 0 1 
				4
				1.33158e-06 2.66316e-06 -1 3.33786e-06 0 -1 -2.66316e-06 9.52023e-07 -1 3.54621e-12 -1.33158e-06 -44.2095 0 0 0 1 
				5
				1.33158e-06 2.66316e-06 -1 3.33786e-06 0 -1 -2.66316e-06 9.52023e-07 -1 3.54621e-12 -1.33158e-06 -44.124 0 0 0 1 
				6
				1.33158e-06 2.66316e-06 -1 3.33786e-06 0 -1 -2.66316e-06 9.52023e-07 -1 3.54621e-12 -1.33158e-06 -44.0377 0 0 0 1 
				7
				1.33158e-06 2.66316e-06 -1 3.33786e-06 0 -1 -2.66316e-06 9.52023e-07 -1 3.54621e-12 -1.33158e-06 -44.0262 0 0 0 1 
				8
				1.33158e-06 2.66316e-06 -1 3.33786e-06 0 -1 -2.66316e-06 0.332025 -1 3.54621e-12 -1.33158e-06 -44.1233 0 0 0 1 
				9
				1.33158e-06 2.66316e-06 -1 3.33786e-06 0 -1 -2.66316e-06 1.14623 -1 3.54621e-12 -1.33158e-06 -44.3615 0 0 0 1 
				10
				1.33158e-06 2.66316e-06 -1 3.33786e-06 0 -1 -2.66316e-06 2.15148 -1 3.54621e-12 -1.33158e-06 -44.6556 0 0 0 1 
				11
				1.33158e-06 2.66316e-06 -1 3.33786e-06 0 -1 -2.66316e-06 3.05662 -1 3.54621e-12 -1.33158e-06 -44.9204 0 0 0 1 
				12
				1.33158e-06 2.66316e-06 -1 3.33786e-06 0 -1 -2.66316e-06 3.57968 -1 3.54621e-12 -1.33158e-06 -45.0735 0 0 0 1 
				13
				1.33158e-06 2.66316e-06 -1 3.33786e-06 0 -1 -2.66316e-06 3.43869 -1 3.54621e-12 -1.33158e-06 -45.0322 0 0 0 1 
				14
				1.33158e-06 2.66316e-06 -1 3.33786e-06 0 -1 -2.66316e-06 2.34251 -1 3.54621e-12 -1.33158e-06 -44.7115 0 0 0 1 
				15
				1.33158e-06 2.66316e-06 -1 3.33786e-06 0 -1 -2.66316e-06 9.52023e-07 -1 3.54621e-12 -1.33158e-06 -44.0262 0 0 0 1 
				16
				1.33158e-06 2.66316e-06 -1 3.33786e-06 0 -1 -2.66316e-06 -7.40465 -1 3.54621e-12 -1.33158e-06 -41.8501 0 0 0 1 
				17
				1.33158e-06 2.66316e-06 -1 3.33786e-06 0 -1 -2.66316e-06 -19.868 -1 3.54621e-12 -1.33158e-06 -38.1871 0 0 0 1 
				18
				1.33158e-06 2.66316e-06 -1 3.33786e-06 0 -1 -2.66316e-06 -31.5672 -1 3.54621e-12 -1.33158e-06 -34.7608 0 0 0 1 
				19
				1.33158e-06 2.66316e-06 -1 3.33786e-06 0 -1 -2.66316e-06 -36.6794 -1 3.54621e-12 -1.33158e-06 -33.2948 0 0 0 1 
				20
				1.33158e-06 2.66316e-06 -1 3.33786e-06 0 -1 -2.66316e-06 -35.6082 -1 3.54621e-12 -1.33158e-06 -33.6669 0 0 0 1 
				21
				1.33158e-06 2.66316e-06 -1 3.33786e-06 0 -1 -2.66316e-06 -32.6676 -1 3.54621e-12 -1.33158e-06 -34.5966 0 0 0 1 
				22
				1.33158e-06 2.66316e-06 -1 3.33786e-06 0 -1 -2.66316e-06 -28.2941 -1 3.54621e-12 -1.33158e-06 -35.9538 0 0 0 1 
				23
				1.33158e-06 2.66316e-06 -1 3.33786e-06 0 -1 -2.66316e-06 -22.9246 -1 3.54621e-12 -1.33158e-06 -37.608 0 0 0 1 
				24
				1.33158e-06 2.66316e-06 -1 3.33786e-06 0 -1 -2.66316e-06 -16.982 -1 3.54621e-12 -1.33158e-06 -39.4333 0 0 0 1 
				25
				1.33158e-06 2.66316e-06 -1 3.33786e-06 0 -1 -2.66316e-06 -10.8892 -1 3.54621e-12 -1.33158e-06 -41.3033 0 0 0 1 
				26
				1.33158e-06 2.66316e-06 -1 3.33786e-06 0 -1 -2.66316e-06 -5.08295 -1 3.54621e-12 -1.33158e-06 -43.0879 0 0 0 1 
				27
				1.33158e-06 2.66316e-06 -1 3.33786e-06 0 -1 -2.66316e-06 9.52023e-07 -1 3.54621e-12 -1.33158e-06 -44.6567 0 0 0 1 
		</Joint>
			2
				-1
				-0.000201565 -1.28234e-06 -1 1.0501e-05 -0.0008487 -1 1.45341e-06 0.0118419 -1 0.0008487 0.000201564 -49.834 0 0 0 1 
				0
				-0.000201565 -1.2823e-06 -1 1.0501e-05 -0.0008487 -0.999999 1.45336e-06 0.0118419 -1 0.0008487 0.000201564 -49.7454 0 0 0 1 
				1
				-0.000201565 -1.28234e-06 -1 1.0501e-05 -0.0008487 -1 1.45341e-06 0.011842 -1 0.0008487 0.000201564 -49.6554 0 0 0 1 
				2
				-0.000201565 -1.28234e-06 -1 1.0501e-05 -0.0008487 -1 1.45341e-06 0.011842 -1 0.0008487 0.000201564 -49.5649 0 0 0 1 
				3
				-0.000201565 -1.28234e-06 -1 1.0501e-05 -0.0008487 -1 1.45341e-06 0.011842 -1 0.0008487 0.000201564 -49.4751 0 0 0 1 
				4
				-0.000201565 -1.28234e-06 -1 1.0501e-05 -0.0008487 -1 1.45341e-06 0.011842 -1 0.0008487 0.000201564 -49.3869 0 0 0 1 
				5
				-0.000201565 -1.28234e-06 -1 1.0501e-05 -0.0008487 -1 1.45341e-06 0.011842 -1 0.0008487 0.000201564 -49.3013 0 0 0 1 
				6
				-0.000201565 -1.28234e-06 -1 1.0501e-05 -0.0008487 -1 1.45341e-06 0.011842 -1 0.0008487 0.000201564 -49.2151 0 0 0 1 
				7
				-0.000201565 -1.28234e-06 -1 1.0501e-05 -0.0008487 -1 1.45341e-06 0.011842 -1 0.0008487 0.000201564 -49.2035 0 0 0 1 
				8
				-0.000201569 -1.9135e-06 -1 1.05084e-05 0.00228259 -0.999997 1.4534e-06 0.343866 -0.999997 -0.00228259 0.000201572 -49.3006 0 0 0 1 
				9
				-0.000201569 -3.4613e-06 -1 1.05272e-05 0.00996114 -0.99995 1.45327e-06 1.15807 -0.99995 -0.00996114 0.000201594 -49.5388 0 0 0 1 
				10
				-0.000201554 -5.3722e-06 -1 1.05494e-05 0.0194405 -0.999811 1.45288e-06 2.16331 -0.999811 -0.0194405 0.00020162 -49.8327 0 0 0 1 
				11
				-0.000201524 -7.09261e-06 -1 1.05699e-05 0.0279744 -0.999609 1.45232e-06 3.06845 -0.999609 -0.0279744 0.000201644 -50.0975 0 0 0 1 
				12
				-0.000201501 -8.08668e-06 -1 1.05815e-05 0.0329051 -0.999458 1.4519e-06 3.59151 -0.999458 -0.0329051 0.000201658 -50.2504 0 0 0 1 
				13
				-0.000201508 -7.81876e-06 -1 1.05787e-05 0.0315761 -0.999501 1.45202e-06 3.45053 -0.999501 -0.0315761 0.000201654 -50.2092 0 0 0 1 
				14
				-0.00020155 -5.73535e-06 -1 1.05538e-05 0.0212418 -0.999774 1.45276e-06 2.35435 -0.999774 -0.0212418 0.000201627 -49.8886 0 0 0 1 
				15
				-0.000201565 -1.28234e-06 -1 1.0501e-05 -0.0008487 -1 1.45341e-06 0.011842 -1 0.0008487 0.000201564 -49.2035 0 0 0 1 
				16
				-0.00020093 1.27764e-05 -1 1.03346e-05 -0.0706226 -0.997503 1.44571e-06 -7.39284 -0.997503 0.0706226 0.00020133 -47.0283 0 0 0 1 
				17
				-0.000197712 3.62293e-05 -1 1.00565e-05 -0.187113 -0.982338 1.40508e-06 -19.8564 -0.982338 0.187113 0.000200999 -43.3667 0 0 0 1 
				18
				-0.000192228 5.77659e-05 -1 9.80111e-06 -0.294141 -0.955762 1.33168e-06 -31.5559 -0.955762 0.294141 0.000200716 -39.9416 0 0 0 1 
				19
				-0.000189119 6.69726e-05 -1 9.69213e-06 -0.339861 -0.940476 1.2883e-06 -36.6682 -0.940476 0.339861 0.000200624 -38.4762 0 0 0 1 
				20
				-0.000189813 6.50582e-05 -1 9.71508e-06 -0.330343 -0.943861 1.29774e-06 -35.597 -0.943861 0.330343 0.000200649 -38.8482 0 0 0 1 
				21
				-0.000191622 5.97688e-05 -1 9.77769e-06 -0.304044 -0.952658 1.3223e-06 -32.6563 -0.952658 0.304044 0.000200723 -39.7776 0 0 0 1 
				22
				-0.00019404 5.18146e-05 -1 9.87219e-06 -0.264503 -0.964385 1.35492e-06 -28.2827 -0.964385 0.264503 0.000200834 -41.1343 0 0 0 1 
				23
				-0.000196553 4.19227e-05 -1 9.98905e-06 -0.215349 -0.976537 1.38834e-06 -22.913 -0.976537 0.215349 0.000200969 -42.788 0 0 0 1 
				24
				-0.000198746 3.08426e-05 -1 1.01202e-05 -0.16031 -0.987067 1.41724e-06 -16.9703 -0.987067 0.16031 0.00020112 -44.6125 0 0 0 1 
				25
				-0.000200349 1.93731e-05 -1 1.02562e-05 -0.103359 -0.994644 1.43844e-06 -10.8774 -0.994644 0.103359 0.000201278 -46.4819 0 0 0 1 
				26
				-0.00020126 8.37446e-06 -1 1.03868e-05 -0.0487664 -0.99881 1.45021e-06 -5.07113 -0.99881 0.0487664 0.000201429 -48.2658 0 0 0 1 
				27
				-0.000201565 -1.28234e-06 -1 1.0501e-05 -0.0008487 -1 1.45341e-06 0.0118419 -1 0.0008487 0.000201564 -49.834 0 0 0 1 
		</Joint>
			3
				-1
				-0.000413965 -1.06196e-06 -1 -0.00298919 -0.000821564 -1 1.40205e-06 0.0110617 -1 0.000821565 0.000413964 -64.7159 0 0 0 1 
				0
				-0.000413965 -1.03572e-06 -1 -0.00298918 -0.000821564 -1 1.37582e-06 0.0110617 -1 0.000821565 0.000413963 -64.6273 0 0 0 1 
				1
				-0.000413965 -1.06196e-06 -1 -0.00298918 -0.000821564 -1 1.40205e-06 0.0110617 -1 0.000821565 0.000413964 -64.5373 0 0 0 1 
				2
				-0.000413965 -1.06196e-06 -1 -0.00298918 -0.000821564 -1 1.40205e-06 0.0110618 -1 0.000821565 0.000413964 -64.4468 0 0 0 1 
				3
				-0.000413965 -1.06196e-06 -1 -0.00298919 -0.000821564 -1 1.40205e-06 0.0110618 -1 0.000821565 0.000413964 -64.357 0 0 0 1 
				4
				-0.000413965 -1.06196e-06 -1 -0.00298919 -0.000821564 -1 1.40205e-06 0.0110618 -1 0.000821565 0.000413964 -64.2688 0 0 0 1 
				5
				-0.000413965 -1.06196e-06 -1 -0.00298919 -0.000821564 -1 1.40205e-06 0.0110618 -1 0.000821565 0.000413964 -64.1832 0 0 0 1 
				6
				-0.000413965 -1.06196e-06 -1 -0.00298919 -0.000821564 -1 1.40205e-06 0.0110618 -1 0.000821565 0.000413964 -64.097 0 0 0 1 
				7
				-0.000413965 -1.06196e-06 -1 -0.00298919 -0.000821564 -1 1.40205e-06 0.0110618 -1 0.000821565 0.000413964 -64.0854 0 0 0 1 
				8
				-0.000413969 -2.98938e-06 -1 -0.00298921 0.00544099 -0.999985 7.36933e-07 0.389686 -0.999985 -0.00544099 0.00041398 -64.1824 0 0 0 1 
				9
				-0.000413939 -7.71581e-06 -1 -0.00298914 0.0207969 -0.999784 -8.94534e-07 1.31816 -0.999784 -0.0207969 0.00041401 -64.4197 0 0 0 1 
				10
				-0.00041382 -1.355e-05 -1 -0.00298882 0.0397488 -0.99921 -2.90951e-06 2.46447 -0.99921 -0.0397488 0.000414031 -64.7113 0 0 0 1 
				11
				-0.000413634 -1.88009e-05 -1 -0.0029883 0.0568013 -0.998386 -4.72434e-06 3.49659 -0.998385 -0.0568013 0.000414034 -64.9729 0 0 0 1 
				12
				-0.000413493 -2.18339e-05 -1 -0.0029879 0.0666484 -0.997777 -5.77328e-06 4.09303 -0.997776 -0.0666484 0.000414028 -65.1235 0 0 0 1 
				13
				-0.000413534 -2.10165e-05 -1 -0.00298802 0.0639948 -0.99795 -5.49057e-06 3.93226 -0.99795 -0.0639948 0.000414031 -65.0829 0 0 0 1 
				14
				-0.00041379 -1.46586e-05 -1 -0.00298875 0.043349 -0.99906 -3.29261e-06 2.68231 -0.99906 -0.043349 0.000414036 -64.7666 0 0 0 1 
				15
				-0.000413965 -1.06196e-06 -1 -0.00298919 -0.000821564 -1 1.40205e-06 0.0110618 -1 0.000821565 0.000413964 -64.0854 0 0 0 1 
				16
				-0.00041118 4.17958e-05 -1 -0.0029804 -0.140025 -0.990148 1.61916e-05 -8.43211 -0.990148 0.140025 0.000412981 -61.8747 0 0 0 1 
				17
				-0.000395578 0.000112148 -1 -0.00293363 -0.366802 -0.930299 4.07681e-05 -22.6299 -0.930299 0.366802 0.000409142 -57.9901 0 0 0 1 
				18
				-0.000368973 0.000173991 -1 -0.00285301 -0.561533 -0.827455 6.32206e-05 -35.9234 -0.827454 0.561533 0.00040301 -54.1718 0 0 0 1 
				19
				-0.000354013 0.00019919 -1 -0.00280715 -0.638589 -0.769548 7.27828e-05 -41.7169 -0.769548 0.638589 0.00039963 -52.4798 0 0 0 1 
				20
				-0.00035732 0.000194024 -1 -0.0028174 -0.622912 -0.782292 7.07955e-05 -40.5039 -0.782292 0.622912 0.000400389 -52.902 0 0 0 1 
				21
				-0.000365969 0.000179548 -1 -0.00284409 -0.578585 -0.815622 6.53005e-05 -37.1714 -0.815622 0.578585 0.000402376 -53.9618 0 0 0 1 
				22
				-0.000377606 0.000157268 -1 -0.0028797 -0.509412 -0.860523 5.70246e-05 -32.2088 -0.860523 0.509412 0.000405053 -55.4922 0 0 0 1 
				23
				-0.000389797 0.000128826 -1 -0.00291664 -0.419798 -0.907618 4.67109e-05 -26.1071 -0.907618 0.419798 0.000407868 -57.3256 0 0 0 1 
				24
				-0.000400488 9.61965e-05 -1 -0.00294877 -0.315642 -0.948878 3.51319e-05 -19.3448 -0.948878 0.315642 0.000410378 -59.3057 0 0 0 1 
				25
				-0.000408279 6.17884e-05 -1 -0.00297207 -0.204754 -0.978814 2.31173e-05 -12.404 -0.978813 0.204754 0.000412281 -61.2865 0 0 0 1 
				26
				-0.000412637 2.84035e-05 -1 -0.0029851 -0.096545 -0.995329 1.15672e-05 -5.78507 -0.995329 0.096545 0.000413452 -63.1311 0 0 0 1 
				27
				-0.000413965 -1.06196e-06 -1 -0.00298919 -0.000821564 -1 1.40205e-06 0.0110617 -1 0.000821565 0.000413964 -64.7159 0 0 0 1 
		</Joint>
			4
				-1
				-0.000413965 -1.06196e-06 -1 -0.00914976 -0.000821564 -1 1.40205e-06 0.00152396 -1 0.000821565 0.000413964 -79.5978 0 0 0 1 
				0
				-0.000413965 -1.03572e-06 -1 -0.00914976 -0.000821564 -1 1.37582e-06 0.00152396 -1 0.000821565 0.000413963 -79.5092 0 0 0 1 
				1
				-0.000413965 -1.06196e-06 -1 -0.00914977 -0.000821564 -1 1.40205e-06 0.00152398 -1 0.000821565 0.000413964 -79.4191 0 0 0 1 
				2
				-0.000413965 -1.06196e-06 -1 -0.00914976 -0.000821564 -1 1.40205e-06 0.00152398 -1 0.000821565 0.000413964 -79.3287 0 0 0 1 
				3
				-0.000413965 -1.06196e-06 -1 -0.00914976 -0.000821564 -1 1.40205e-06 0.00152398 -1 0.000821565 0.000413964 -79.2389 0 0 0 1 
				4
				-0.000413965 -1.06196e-06 -1 -0.00914976 -0.000821564 -1 1.40205e-06 0.00152398 -1 0.000821565 0.000413964 -79.1507 0 0 0 1 
				5
				-0.000413965 -1.06196e-06 -1 -0.00914977 -0.000821564 -1 1.40205e-06 0.00152399 -1 0.000821565 0.000413964 -79.0651 0 0 0 1 
				6
				-0.000413965 -1.06196e-06 -1 -0.00914976 -0.000821564 -1 1.40205e-06 0.001524 -1 0.000821565 0.000413964 -78.9788 0 0 0 1 
				7
				-0.000413965 -1.06196e-06 -1 -0.00914976 -0.000821564 -1 1.40205e-06 0.001524 -1 0.000821565 0.000413964 -78.9673 0 0 0 1 
				8
				-0.000413969 -2.98938e-06 -1 -0.00914985 0.00544099 -0.999985 7.36933e-07 0.473346 -0.999985 -0.00544099 0.00041398 -79.0641 0 0 0 1 
				9
				-0.000413939 -7.71581e-06 -1 -0.00914933 0.0207969 -0.999784 -8.94535e-07 1.63035 -0.999784 -0.0207969 0.00041401 -79.2983 0 0 0 1 
				10
				-0.00041382 -1.355e-05 -1 -0.00914721 0.0397488 -0.99921 -2.9095e-06 3.05869 -0.99921 -0.0397488 0.000414031 -79.5814 0 0 0 1 
				11
				-0.000413634 -1.88009e-05 -1 -0.0091439 0.0568013 -0.998386 -4.72434e-06 4.34459 -0.998385 -0.0568013 0.000414034 -79.8305 0 0 0 1 
				12
				-0.000413493 -2.18339e-05 -1 -0.0091414 0.0666484 -0.997777 -5.77328e-06 5.08756 -0.997777 -0.0666484 0.000414028 -79.9721 0 0 0 1 
				13
				-0.000413534 -2.10165e-05 -1 -0.00914214 0.0639948 -0.99795 -5.49056e-06 4.88731 -0.99795 -0.0639948 0.000414031 -79.9341 0 0 0 1 
				14
				-0.00041379 -1.46586e-05 -1 -0.0091467 0.043349 -0.99906 -3.29261e-06 3.33011 -0.99906 -0.043349 0.000414036 -79.6344 0 0 0 1 
				15
				-0.000413965 -1.06196e-06 -1 -0.00914976 -0.000821564 -1 1.40205e-06 0.001524 -1 0.000821565 0.000413964 -78.9673 0 0 0 1 
				16
				-0.00041118 4.17958e-05 -1 -0.00909966 -0.140025 -0.990148 1.61916e-05 -10.5133 -0.990148 0.140025 0.000412981 -76.6103 0 0 0 1 
				17
				-0.000395578 0.000112148 -1 -0.00882089 -0.366802 -0.930299 4.07681e-05 -28.0861 -0.930299 0.366802 0.000409142 -71.8356 0 0 0 1 
				18
				-0.000368973 0.000173991 -1 -0.00834449 -0.561533 -0.827455 6.32207e-05 -44.2779 -0.827454 0.561533 0.00040301 -66.4874 0 0 0 1 
				19
				-0.000354013 0.00019919 -1 -0.00807608 -0.638589 -0.769548 7.27828e-05 -51.2182 -0.769548 0.638589 0.00039963 -63.9339 0 0 0 1 
				20
				-0.00035732 0.000194024 -1 -0.00813553 -0.622912 -0.782292 7.07955e-05 -49.7719 -0.782292 0.622912 0.000400389 -64.5456 0 0 0 1 
				21
				-0.000365969 0.000179548 -1 -0.00829088 -0.578585 -0.815622 6.53005e-05 -45.7796 -0.815622 0.578585 0.000402376 -66.1013 0 0 0 1 
				22
				-0.000377606 0.000157268 -1 -0.00849963 -0.509412 -0.860523 5.70245e-05 -39.7875 -0.860523 0.509412 0.000405053 -68.2997 0 0 0 1 
				23
				-0.000389797 0.000128826 -1 -0.00871792 -0.419798 -0.907618 4.67109e-05 -32.352 -0.907618 0.419798 0.000407868 -70.8338 0 0 0 1 
				24
				-0.000400488 9.61965e-05 -1 -0.00890905 -0.315642 -0.948878 3.51319e-05 -24.0396 -0.948878 0.315642 0.000410378 -73.4276 0 0 0 1 
				25
				-0.000408279 6.17884e-05 -1 -0.00904821 -0.204754 -0.978814 2.31173e-05 -15.4485 -0.978813 0.204754 0.000412281 -75.8536 0 0 0 1 
				26
				-0.000412637 2.84035e-05 -1 -0.009126 -0.096545 -0.995329 1.15672e-05 -7.21916 -0.995329 0.096545 0.000413452 -77.9437 0 0 0 1 
				27
				-0.000413965 -1.06196e-06 -1 -0.00914976 -0.000821564 -1 1.40205e-06 0.00152396 -1 0.000821565 0.000413964 -79.5978 0 0 0 1 
		</Joint>
			5
				-1
				1 1.39382e-06 0.00041676 1.5952 -1.40435e-06 1 2.52793e-05 -0.00116248 -0.00041676 -2.52798e-05 1 -79.5985 0 0 0 1 
				0
				1 1.39382e-06 0.00041676 1.5952 -1.40435e-06 1 2.52791e-05 -0.00116249 -0.00041676 -2.52797e-05 1 -79.5099 0 0 0 1 
				1
				1 1.39382e-06 0.00041676 1.5952 -1.40435e-06 1 2.52793e-05 -0.00116247 -0.00041676 -2.52798e-05 1 -79.4198 0 0 0 1 
				2
				1 1.39382e-06 0.00041676 1.5952 -1.40435e-06 1 2.52793e-05 -0.00116247 -0.00041676 -2.52798e-05 1 -79.3294 0 0 0 1 
				3
				1 1.39382e-06 0.00041676 1.5952 -1.40435e-06 1 2.52793e-05 -0.00116247 -0.00041676 -2.52798e-05 1 -79.2395 0 0 0 1 
				4
				1 1.39382e-06 0.00041676 1.5952 -1.40435e-06 1 2.52793e-05 -0.00116247 -0.00041676 -2.52798e-05 1 -79.1513 0 0 0 1 
				5
				1 1.39382e-06 0.00041676 1.5952 -1.40435e-06 1 2.52793e-05 -0.00116246 -0.00041676 -2.52798e-05 1 -79.0657 0 0 0 1 
				6
				1 1.39382e-06 0.00041676 1.5952 -1.40435e-06 1 2.52793e-05 -0.00116245 -0.00041676 -2.52798e-05 1 -78.9795 0 0 0 1 
				7
				1 1.39382e-06 0.00041676 1.5952 -1.40435e-06 1 2.52793e-05 -0.00116245 -0.00041676 -2.52798e-05 1 -78.968 0 0 0 1 
				8
				1 3.32124e-06 0.000416763 1.5952 -7.21719e-07 0.999981 -0.00623726 0.470661 -0.000416776 0.00623726 0.999981 -79.0647 0 0 0 1 
				9
				1 8.04765e-06 0.000416729 1.5952 9.5269e-07 0.999767 -0.021593 1.62766 -0.000416806 0.021593 0.999767 -79.299 0 0 0 1 
				10
				1 1.38818e-05 0.000416605 1.5952 3.02066e-06 0.999178 -0.0405444 3.05601 -0.000416825 0.0405444 0.999178 -79.5821 0 0 0 1 
				11
				1 1.91325e-05 0.000416415 1.5952 4.88318e-06 0.99834 -0.0575963 4.34192 -0.000416826 0.0575963 0.99834 -79.8314 0 0 0 1 
				12
				1 2.21654e-05 0.000416272 1.59521 5.95965e-06 0.997723 -0.0674429 5.08489 -0.000416819 0.0674429 0.997723 -79.9729 0 0 0 1 
				13
				1 2.13481e-05 0.000416313 1.5952 5.66951e-06 0.997899 -0.0647894 4.88464 -0.000416822 0.0647894 0.997899 -79.935 0 0 0 1 
				14
				1 1.49903e-05 0.000416574 1.5952 3.41383e-06 0.999025 -0.0441445 3.32743 -0.00041683 0.0441445 0.999025 -79.6352 0 0 0 1 
				15
				1 1.39382e-06 0.00041676 1.5952 -1.40435e-06 1 2.52793e-05 -0.00116245 -0.00041676 -2.52798e-05 1 -78.968 0 0 0 1 
				16
				1 -4.14661e-05 0.000414009 1.59525 -1.65831e-05 0.990259 0.139237 -10.516 -0.00041575 -0.139237 0.990259 -76.6106 0 0 0 1 
				17
				1 -0.00011183 0.000398464 1.59553 -4.17938e-05 0.930591 0.366061 -28.0887 -0.000411743 -0.366061 0.930591 -71.8353 0 0 0 1 
				18
				1 -0.000173695 0.000371907 1.596 -6.47909e-05 0.827901 0.560874 -44.2802 -0.000405324 -0.560874 0.827901 -66.4865 0 0 0 1 
				19
				1 -0.000198905 0.000356968 1.59627 -7.45685e-05 0.770057 0.637976 -51.2204 -0.000401782 -0.637976 0.770056 -63.9328 0 0 0 1 
				20
				1 -0.000193737 0.000360271 1.59621 -7.25374e-05 0.782788 0.622288 -49.7741 -0.000402576 -0.622288 0.782788 -64.5446 0 0 0 1 
				21
				1 -0.000179255 0.000368908 1.59606 -6.69184e-05 0.816083 0.577935 -45.7819 -0.000404657 -0.577935 0.816083 -66.1004 0 0 0 1 
				22
				1 -0.000156965 0.000380527 1.59585 -5.8449e-05 0.860928 0.508727 -39.7899 -0.000407459 -0.508727 0.860928 -68.299 0 0 0 1 
				23
				1 -0.000128514 0.000392696 1.59563 -4.78849e-05 0.907952 0.419075 -32.3545 -0.000410406 -0.419075 0.907952 -70.8334 0 0 0 1 
				24
				1 -9.58754e-05 0.00040336 1.59544 -3.60146e-05 0.949129 0.314886 -24.0422 -0.000413031 -0.314886 0.949129 -73.4275 0 0 0 1 
				25
				1 -6.14611e-05 0.000411125 1.5953 -2.36898e-05 0.978976 0.203974 -15.4511 -0.000415018 -0.203974 0.978976 -75.8537 0 0 0 1 
				26
				1 -2.80727e-05 0.000415456 1.59522 -1.18372e-05 0.995405 0.0957524 -7.22185 -0.000416235 -0.0957524 0.995405 -77.9441 0 0 0 1 
				27
				1 1.39382e-06 0.00041676 1.5952 -1.40435e-06 1 2.52793e-05 -0.00116248 -0.00041676 -2.52798e-05 1 -79.5985 0 0 0 1 
		</Joint>
			6
				-1
				0.103929 -0.01739 -0.994433 9.06681 0.0607859 0.998089 -0.0111012 -0.00117298 0.992725 -0.0592937 0.104788 -79.6016 0 0 0 1 
				0
				0.205071 0.0998069 -0.973645 9.06681 0.0458865 0.992713 0.111426 -0.00117298 0.977671 -0.0675274 0.198997 -79.513 0 0 0 1 
				1
				0.303228 0.215769 -0.928168 9.06681 0.0191759 0.972449 0.232327 -0.00117296 0.952725 -0.0882466 0.290736 -79.4229 0 0 0 1 
				2
				0.394779 0.326263 -0.858896 9.06681 -0.0200752 0.937666 0.346958 -0.00117296 0.918557 -0.119729 0.376721 -79.3325 0 0 0 1 
				3
				0.476349 0.427312 -0.768437 9.06681 -0.0702905 0.889673 0.451156 -0.00117296 0.876442 -0.160894 0.453831 -79.2427 0 0 0 1 
				4
				0.545406 0.515625 -0.660805 9.06681 -0.129106 0.830661 0.541603 -0.00117296 0.828169 -0.21008 0.519618 -79.1544 0 0 0 1 
				5
				0.600377 0.588927 -0.541029 9.06681 -0.19379 0.7635 0.616046 -0.00117295 0.775882 -0.265014 0.572516 -79.0689 0 0 0 1 
				6
				0.642429 0.648841 -0.407788 9.06681 -0.26508 0.687418 0.676158 -0.00117295 0.719039 -0.326287 0.613612 -78.9826 0 0 0 1 
				7
				0.647051 0.655615 -0.389223 9.06681 -0.275013 0.676815 0.682854 -0.00117295 0.711121 -0.3348 0.618237 -78.9711 0 0 0 1 
				8
				0.652309 0.649863 -0.390092 9.06681 -0.265482 0.677958 0.685487 0.470655 0.709939 -0.343587 0.614764 -79.0678 0 0 0 1 
				9
				0.664899 0.635557 -0.3924 9.06681 -0.24201 0.680315 0.691811 1.62767 0.706641 -0.36502 0.606152 -79.3021 0 0 0 1 
				10
				0.679901 0.617488 -0.395529 9.06681 -0.212883 0.682357 0.699335 3.05603 0.701723 -0.391278 0.595388 -79.5853 0 0 0 1 
				11
				0.692876 0.600854 -0.398619 9.06681 -0.186534 0.683371 0.70584 4.34195 0.696511 -0.414704 0.585571 -79.8345 0 0 0 1 
				12
				0.700135 0.591092 -0.400526 9.06682 -0.171259 0.683599 0.709481 5.08494 0.693168 -0.428139 0.579841 -79.9761 0 0 0 1 
				13
				0.698142 0.593762 -0.400056 9.06682 -0.175354 0.683557 0.70852 4.88468 0.694153 -0.424497 0.581339 -79.9381 0 0 0 1 
				14
				0.682479 0.614114 -0.396342 9.06681 -0.207282 0.68262 0.70076 3.32746 0.700897 -0.396099 0.593169 -79.6383 0 0 0 1 
				15
				0.647051 0.655615 -0.389223 9.06681 -0.275013 0.676815 0.682854 -0.00117295 0.711121 -0.3348 0.618237 -78.9711 0 0 0 1 
				16
				0.526285 0.773605 -0.352928 9.06686 -0.485248 0.614082 0.622445 -10.5161 0.698253 -0.156326 0.698573 -76.6137 0 0 0 1 
				17
				0.253202 0.904542 -0.343064 9.06714 -0.775779 0.401715 0.486613 -28.089 0.577976 0.14293 0.803439 -71.8384 0 0 0 1 
				18
				-0.024324 0.914576 -0.403682 9.06762 -0.932165 0.125154 0.339714 -44.2807 0.361217 0.384561 0.849491 -66.4896 0 0 0 1 
				19
				-0.130355 0.858639 -0.495728 9.06788 -0.959236 0.0172304 0.282082 -51.221 0.250748 0.512291 0.821391 -63.9358 0 0 0 1 
				20
				-0.0989134 0.809157 -0.579207 9.06782 -0.949674 0.0970893 0.297814 -49.7747 0.297213 0.579515 0.758832 -64.5476 0 0 0 1 
				21
				-0.03647 0.747045 -0.663773 9.06767 -0.917472 0.238257 0.318556 -45.7824 0.396125 0.620611 0.676703 -66.1034 0 0 0 1 
				22
				0.0395693 0.664147 -0.746554 9.06746 -0.845824 0.420046 0.32885 -39.7903 0.531992 0.618441 0.578373 -68.3021 0 0 0 1 
				23
				0.111422 0.55532 -0.824139 9.06724 -0.723055 0.614217 0.316115 -32.3549 0.681746 0.560675 0.469964 -70.8364 0 0 0 1 
				24
				0.162157 0.421772 -0.892084 9.06705 -0.549981 0.789238 0.273175 -24.0424 0.819284 0.446332 0.359947 -73.4305 0 0 0 1 
				25
				0.176685 0.271993 -0.94594 9.06691 -0.343164 0.917779 0.199799 -15.4513 0.922508 0.289311 0.255496 -75.8569 0 0 0 1 
				26
				0.148556 0.120689 -0.981512 9.06683 -0.129809 0.986317 0.101633 -7.22194 0.980347 0.11231 0.16219 -77.9473 0 0 0 1 
				27
				0.103929 -0.01739 -0.994433 9.06681 0.0607859 0.998089 -0.0111012 -0.00117298 0.992725 -0.0592937 0.104788 -79.6016 0 0 0 1 
		</Joint>
			7
				-1
				0.105095 -0.00766301 -0.994433 10.667 -0.0321679 0.999421 -0.0111011 0.934767 0.993942 0.0331555 0.104788 -64.3163 0 0 0 1 
				0
				0.150398 0.171453 -0.973645 12.2244 -0.342242 0.932982 0.111426 0.705356 0.927497 0.316464 0.198997 -64.4595 0 0 0 1 
				1
				0.0902195 0.361059 -0.928168 13.7357 -0.617445 0.751522 0.232327 0.294085 0.781423 0.552132 0.290736 -64.7535 0 0 0 1 
				2
				-0.070682 0.50725 -0.858896 15.1453 -0.80883 0.474778 0.346958 -0.310276 0.583779 0.719225 0.376721 -65.1892 0 0 0 1 
				3
				-0.299999 0.565247 -0.768437 16.4013 -0.880411 0.146064 0.451156 -1.08346 0.367255 0.811887 0.453831 -65.7478 0 0 0 1 
				4
				-0.547468 0.513435 -0.660805 17.4646 -0.821402 -0.178789 0.541603 -1.98906 0.159933 0.839297 0.519618 -66.4029 0 0 0 1 
				5
				-0.760711 0.358616 -0.541029 18.311 -0.648757 -0.446768 0.616046 -2.98502 -0.0207899 0.81963 0.572516 -67.1224 0 0 0 1 
				6
				-0.905459 0.117697 -0.407788 18.9585 -0.386084 -0.627494 0.676158 -4.08269 -0.176303 0.769674 0.613612 -67.9113 0 0 0 1 
				7
				-0.91758 0.0809427 -0.389223 19.0297 -0.346395 -0.643212 0.682854 -4.23564 -0.195081 0.761398 0.618237 -68.0217 0 0 0 1 
				8
				-0.918119 0.0698971 -0.390092 19.1106 -0.340256 -0.643687 0.685487 -3.61705 -0.203184 0.76209 0.614764 -68.1367 0 0 0 1 
				9
				-0.9188 0.042761 -0.3924 19.3045 -0.325456 -0.644574 0.691811 -2.09863 -0.223348 0.763345 0.606152 -68.4217 0 0 0 1 
				10
				-0.918407 0.00926777 -0.395529 19.5355 -0.307693 -0.645179 0.699335 -0.221789 -0.248706 0.763976 0.595388 -68.7806 0 0 0 1 
				11
				-0.91688 -0.0208438 -0.398619 19.7352 -0.292198 -0.645299 0.70584 1.46983 -0.271941 0.763646 0.585571 -69.1101 0 0 0 1 
				12
				-0.915488 -0.0382101 -0.400526 19.847 -0.283469 -0.645199 0.709481 2.44801 -0.285528 0.763059 0.579841 -69.3031 0 0 0 1 
				13
				-0.915875 -0.0335876 -0.400056 19.8163 -0.285821 -0.645217 0.70852 2.1847 -0.28192 0.76326 0.581339 -69.25 0 0 0 1 
				14
				-0.918099 0.00268996 -0.396342 19.5752 -0.304407 -0.645192 0.700759 0.13587 -0.253832 0.764016 0.593169 -68.8464 0 0 0 1 
				15
				-0.91758 0.0809427 -0.389223 19.0297 -0.346395 -0.643212 0.682854 -4.23564 -0.195081 0.761398 0.618237 -68.0217 0 0 0 1 
				16
				-0.88536 0.302622 -0.352928 17.1702 -0.463649 -0.630549 0.622445 -17.9876 -0.0341732 0.714722 0.698573 -65.8625 0 0 0 1 
				17
				-0.708846 0.616315 -0.343064 12.9658 -0.695343 -0.528872 0.486613 -40.0339 0.11847 0.583481 0.803439 -62.9391 0 0 0 1 
				18
				-0.394453 0.825499 -0.403682 8.69309 -0.902402 -0.265075 0.339714 -58.6335 0.173428 0.498285 0.849491 -60.9278 0 0 0 1 
				19
				-0.132109 0.858371 -0.495728 7.06076 -0.959269 0.0152708 0.282082 -65.9906 0.249701 0.512802 0.821391 -60.0749 0 0 0 1 
				20
				0.00991277 0.81512 -0.579207 7.54482 -0.928234 0.222909 0.297814 -64.3971 0.371865 0.534687 0.758832 -59.9713 0 0 0 1 
				21
				0.106248 0.740349 -0.663773 8.50613 -0.855427 0.40837 0.318556 -59.909 0.506908 0.533963 0.676703 -60.0042 0 0 0 1 
				22
				0.163519 0.644918 -0.746554 9.67672 -0.751955 0.571333 0.32885 -52.8138 0.638612 0.507602 0.578373 -60.1108 0 0 0 1 
				23
				0.190261 0.533475 -0.824139 10.7828 -0.627026 0.711976 0.316116 -43.488 0.755407 0.456612 0.469964 -60.3394 0 0 0 1 
				24
				0.193841 0.408182 -0.892084 11.5638 -0.488209 0.828871 0.273175 -32.5107 0.850928 0.382571 0.359947 -60.8158 0 0 0 1 
				25
				0.177166 0.27168 -0.94594 11.7874 -0.341538 0.918386 0.199799 -20.7351 0.923019 0.287676 0.255496 -61.6527 0 0 0 1 
				26
				0.140952 0.129488 -0.981512 11.3542 -0.189467 0.976613 0.101633 -9.22064 0.971717 0.171639 0.16219 -62.8525 0 0 0 1 
				27
				0.105095 -0.00766301 -0.994433 10.667 -0.0321679 0.999421 -0.0111011 0.934767 0.993942 0.0331555 0.104788 -64.3163 0 0 0 1 
		</Joint>
			8
				-1
				0.105095 -0.994438 0.00687116 12.2852 -0.0321679 -0.0103052 -0.999429 0.439468 0.993942 0.104814 -0.033072 -49.0122 0 0 0 1 
				0
				0.0950338 -0.992827 -0.0725472 14.5401 -0.329699 0.0373727 -0.943346 -4.56425 0.939291 0.113568 -0.323782 -50.1785 0 0 0 1 
				1
				-0.0162136 -0.985823 -0.167005 15.1248 -0.581678 0.145153 -0.800363 -9.21291 0.813257 0.0841663 -0.575785 -52.7217 0 0 0 1 
				2
				-0.219543 -0.947038 -0.234348 14.057 -0.735788 0.318464 -0.59766 -12.7641 0.640638 0.0412185 -0.766736 -56.2005 0 0 0 1 
				3
				-0.476014 -0.844117 -0.246733 11.7821 -0.754055 0.536131 -0.379426 -14.6394 0.452562 0.00543835 -0.891717 -60.0931 0 0 0 1 
				4
				-0.727292 -0.656403 -0.200452 9.03506 -0.628133 0.754298 -0.191007 -14.6364 0.276578 -0.0130077 -0.960904 -63.9403 0 0 0 1 
				5
				-0.914598 -0.388068 -0.113637 6.59808 -0.383091 0.921513 -0.0636746 -12.9741 0.129428 -0.0147033 -0.99148 -67.4425 0 0 0 1 
				6
				-0.998631 -0.0513995 -0.00969666 5.01685 -0.0513413 0.998662 -0.00616511 -10.0274 0.0100006 -0.00565883 -0.999934 -70.6259 0 0 0 1 
				7
				-0.999987 -0.00354461 0.00359374 4.90138 -0.00355822 0.999986 -0.00378852 -9.5692 -0.00358026 -0.00380126 -0.999986 -71.0254 0 0 0 1 
				8
				-0.999918 0.00318662 0.0124107 4.97404 0.00313867 0.999988 -0.00388085 -8.85607 -0.012423 -0.00384158 -0.999916 -71.2652 0 0 0 1 
				9
				-0.999223 0.0193867 0.0343021 5.1574 0.0192509 0.999806 -0.00428496 -7.10978 -0.0343785 -0.00362129 -0.999402 -71.8607 0 0 0 1 
				10
				-0.997339 0.0387676 0.0617351 5.39447 0.0385274 0.999245 -0.00507793 -4.95943 -0.0618854 -0.00268593 -0.99808 -72.61 0 0 0 1 
				11
				-0.994673 0.0556018 0.0867966 5.61776 0.0552859 0.998452 -0.00604184 -3.02924 -0.0869982 -0.00121103 -0.996208 -73.2972 0 0 0 1 
				12
				-0.992714 0.0650503 0.101427 5.75096 0.0647046 0.997882 -0.00669792 -1.91665 -0.101648 -8.63164e-05 -0.994821 -73.6995 0 0 0 1 
				13
				-0.993265 0.0625155 0.0975529 5.71431 0.0621739 0.998044 -0.00654033 -2.21617 -0.097771 -0.000431035 -0.995209 -73.5908 0 0 0 1 
				14
				-0.996834 0.0423598 0.0672907 5.4389 0.0420969 0.999099 -0.00532018 -4.55119 -0.0674554 -0.0024706 -0.997719 -72.7547 0 0 0 1 
				15
				-0.999987 -0.00354461 0.00359374 4.90138 -0.00355822 0.999986 -0.00378852 -9.5692 -0.00358026 -0.00380126 -0.999986 -71.0254 0 0 0 1 
				16
				-0.975092 -0.128982 -0.180441 3.53808 -0.129412 0.991546 -0.00943889 -25.1266 0.180133 0.0141474 -0.98354 -66.3886 0 0 0 1 
				17
				-0.839468 -0.386843 -0.381634 2.05144 -0.39351 0.917089 -0.0640142 -50.7403 0.374756 0.0964391 -0.922094 -61.115 0 0 0 1 
				18
				-0.596801 -0.677233 -0.43033 2.61957 -0.663206 0.718217 -0.210532 -72.5281 0.45165 0.159751 -0.877777 -58.2575 0 0 0 1 
				19
				-0.381972 -0.847628 -0.368273 5.02664 -0.774808 0.510924 -0.372329 -80.7608 0.503755 0.143122 -0.851908 -56.2302 0 0 0 1 
				20
				-0.246656 -0.916251 -0.315664 7.69745 -0.774565 0.382149 -0.503995 -78.6894 0.582417 0.120189 -0.803956 -54.2456 0 0 0 1 
				21
				-0.140514 -0.953876 -0.265284 10.1421 -0.727471 0.281222 -0.62586 -73.0803 0.671597 0.105045 -0.733433 -52.1992 0 0 0 1 
				22
				-0.0604608 -0.97377 -0.219354 12.1945 -0.648291 0.205406 -0.733163 -64.3919 0.758989 0.0978774 -0.643705 -50.2779 0 0 0 1 
				23
				-0.000715579 -0.984406 -0.175909 13.7124 -0.548424 0.147482 -0.823092 -53.1425 0.8362 0.0958839 -0.539977 -48.7081 0 0 0 1 
				24
				0.0440334 -0.990254 -0.13213 14.5484 -0.435085 0.100048 -0.894813 -40.0278 0.899312 0.0968893 -0.42644 -47.7138 0 0 0 1 
				25
				0.0746362 -0.993494 -0.0860194 14.5153 -0.311873 0.0586778 -0.94831 -25.9939 0.947188 0.0976054 -0.305464 -47.4407 0 0 0 1 
				26
				0.0893487 -0.995275 -0.0379993 13.5245 -0.17825 0.0215572 -0.983749 -12.1379 0.97992 0.0946701 -0.175482 -47.8907 0 0 0 1 
				27
				0.105095 -0.994438 0.00687116 12.2852 -0.0321679 -0.0103052 -0.999429 0.439468 0.993942 0.104814 -0.033072 -49.0122 0 0 0 1 
		</Joint>
			9
				-1
				-1 1.38936e-06 -0.000411167 -1.6135 1.39976e-06 1 -2.52793e-05 -0.00116689 0.000411167 -2.52798e-05 -1 -79.5971 0 0 0 1 
				0
				-1 1.38936e-06 -0.000411167 -1.6135 1.39976e-06 1 -2.52792e-05 -0.00116689 0.000411167 -2.52797e-05 -1 -79.5085 0 0 0 1 
				1
				-1 1.38936e-06 -0.000411167 -1.6135 1.39976e-06 1 -2.52793e-05 -0.00116688 0.000411167 -2.52798e-05 -1 -79.4185 0 0 0 1 
				2
				-1 1.38936e-06 -0.000411167 -1.6135 1.39976e-06 1 -2.52793e-05 -0.00116687 0.000411167 -2.52798e-05 -1 -79.328 0 0 0 1 
				3
				-1 1.38936e-06 -0.000411167 -1.6135 1.39976e-06 1 -2.52793e-05 -0.00116687 0.000411167 -2.52798e-05 -1 -79.2382 0 0 0 1 
				4
				-1 1.38936e-06 -0.000411167 -1.6135 1.39976e-06 1 -2.52793e-05 -0.00116688 0.000411167 -2.52798e-05 -1 -79.15 0 0 0 1 
				5
				-1 1.38936e-06 -0.000411167 -1.6135 1.39976e-06 1 -2.52793e-05 -0.00116687 0.000411167 -2.52798e-05 -1 -79.0644 0 0 0 1 
				6
				-1 1.38936e-06 -0.000411167 -1.6135 1.39976e-06 1 -2.52793e-05 -0.00116685 0.000411167 -2.52798e-05 -1 -78.9782 0 0 0 1 
				7
				-1 1.38936e-06 -0.000411167 -1.6135 1.39976e-06 1 -2.52793e-05 -0.00116685 0.000411167 -2.52798e-05 -1 -78.9666 0 0 0 1 
				8
				-1 3.31679e-06 -0.000411171 -1.6135 7.52148e-07 0.999981 0.00623726 0.470654 0.000411183 0.00623726 -0.999981 -79.0634 0 0 0 1 
				9
				-1 8.04319e-06 -0.000411137 -1.6135 -8.3638e-07 0.999767 0.021593 1.62765 0.000411215 0.021593 -0.999767 -79.2977 0 0 0 1 
				10
				-1 1.38773e-05 -0.000411012 -1.61349 -2.79835e-06 0.999178 0.0405444 3.05599 0.000411237 0.0405444 -0.999178 -79.5808 0 0 0 1 
				11
				-1 1.91281e-05 -0.000410822 -1.61349 -4.56551e-06 0.99834 0.0575963 4.34189 0.000411242 0.0575963 -0.99834 -79.83 0 0 0 1 
				12
				-1 2.21609e-05 -0.000410679 -1.61349 -5.58691e-06 0.997723 0.0674429 5.08487 0.000411238 0.0674429 -0.997723 -79.9716 0 0 0 1 
				13
				-1 2.13436e-05 -0.000410721 -1.61349 -5.31161e-06 0.997899 0.0647894 4.88462 0.000411241 0.0647894 -0.997899 -79.9336 0 0 0 1 
				14
				-1 1.49858e-05 -0.000410982 -1.61349 -3.17139e-06 0.999025 0.0441445 3.32741 0.000411243 0.0441445 -0.999025 -79.6339 0 0 0 1 
				15
				-1 1.38936e-06 -0.000411167 -1.6135 1.39976e-06 1 -2.52793e-05 -0.00116685 0.000411167 -2.52798e-05 -1 -78.9666 0 0 0 1 
				16
				-1 -4.14706e-05 -0.000408417 -1.61345 1.58e-05 0.990259 -0.139237 -10.5159 0.000410213 -0.139237 -0.990259 -76.6093 0 0 0 1 
				17
				-1 -0.000111835 -0.000392871 -1.61317 3.97424e-05 0.930591 -0.366061 -28.0886 0.000406541 -0.366061 -0.930591 -71.834 0 0 0 1 
				18
				-1 -0.000173699 -0.000366315 -1.61269 6.16505e-05 0.827901 -0.560874 -44.28 0.000400696 -0.560874 -0.827901 -66.4853 0 0 0 1 
				19
				-1 -0.00019891 -0.000351375 -1.61242 7.09971e-05 0.770057 -0.637976 -51.2202 0.000397478 -0.637976 -0.770056 -63.9315 0 0 0 1 
				20
				-1 -0.000193742 -0.000354678 -1.61248 6.90536e-05 0.782788 -0.622288 -49.7739 0.000398201 -0.622288 -0.782788 -64.5433 0 0 0 1 
				21
				-1 -0.000179259 -0.000363315 -1.61264 6.36826e-05 0.816083 -0.577935 -45.7817 0.000400095 -0.577935 -0.816083 -66.0991 0 0 0 1 
				22
				-1 -0.000156969 -0.000374935 -1.61285 5.56001e-05 0.860928 -0.508727 -39.7897 0.000402646 -0.508727 -0.860928 -68.2977 0 0 0 1 
				23
