<?xml version='1.0' encoding='UTF-8' ?>
<itpanim>
	<skeleton count>
		25
			0 -1
			1.37091e-06 -1 -6.12323e-17 1.44898e-05 1 1.37091e-06 -6.12323e-17 -1.98691e-11 6.12323e-17 -6.12323e-17 1 80.8015 0 0 0 1 
			1 0
			1.3868e-06 4.78456e-08 -1 -80.8015 2.75771e-06 -1 -4.78418e-08 1.44901e-05 -1 -2.75771e-06 -1.3868e-06 -0.000112056 0 0 0 1 
			2 1
			1.40269e-06 -0.000796318 -1 -90.1364 0 -1 0.000796318 0.0931538 -1 -1.11699e-09 -1.40269e-06 -2.58351e-07 0 0 0 1 
			3 2
			1.40269e-06 -0.000796318 -1 -116.969 0 -1 0.000796318 0.11452 -1 -1.11699e-09 -1.40269e-06 -3.17612e-07 0 0 0 1 
			4 3
			1.40269e-06 -0.000796318 -1 -143.801 0 -1 0.000796318 0.119367 -1 -1.11699e-09 -1.40269e-06 -3.31058e-07 0 0 0 1 
			5 4
			1 1.37091e-06 4.37113e-08 -2.89267 -1.37091e-06 1 3.58059e-15 -8.20407e-06 -4.37113e-08 -6.35048e-14 1 143.801 0 0 0 1 
			6 5
			0.995014 0.0902305 0.042489 -10.1726 -0.0897157 0.995871 -0.0138741 -0.527027 -0.0435655 0.00999304 0.999001 144.37 0 0 0 1 
			7 6
			0.994845 -0.0912189 0.0442967 -37.2146 0.0915704 0.995781 -0.00596753 -7.37347 -0.0435655 0.00999304 0.999001 144.37 0 0 0 1 
			8 7
			0.994845 -0.0912189 0.0442967 -64.9763 -0.0434925 0.0107859 0.998995 144.365 -0.091605 -0.995772 0.00676301 7.48842 0 0 0 1 
			9 4
			-1 -1.37091e-06 4.37114e-08 -2.89267 -1.37091e-06 1 3.84662e-15 -8.20407e-06 -4.37115e-08 -5.60777e-14 -1 -143.801 0 0 0 1 
			10 9
			-0.995014 0.0902277 0.042489 -10.1726 0.089713 0.995871 -0.0138741 -0.527027 -0.0435654 -0.00999316 -0.999001 -144.37 0 0 0 1 
			11 10
			-0.994845 -0.0912216 0.0442967 -37.2146 -0.0915731 0.99578 -0.00596753 -7.37347 -0.0435654 -0.00999316 -0.999001 -144.37 0 0 0 1 
			12 11
			-0.994845 -0.0912216 0.0442967 -64.9763 0.0434925 0.0107861 0.998995 144.365 -0.0916078 0.995772 -0.00676301 -7.48842 0 0 0 1 
			13 4
			1.34309e-06 -5.95475e-08 -1 -149.889 -1.40269e-06 -1 5.95456e-08 7.93768e-06 -1 1.40269e-06 -1.34309e-06 -0.000201315 0 0 0 1 
			14 13
			1 -0 0 0 0 1 0 0 -0 -0 1 -0 0 0 0 1 
			15 2
			1.37369e-06 -0.0998334 0.995004 80.3979 0 -0.995004 -0.0998334 -8.06668 1 1.3714e-07 -1.36683e-06 -8.2648 0 0 0 1 
			16 15
			1.37369e-06 0.0998334 0.995004 45.0607 0 -0.995004 0.0998334 0.903508 1 -1.3714e-07 -1.36683e-06 -8.2648 0 0 0 1 
			17 16
			1.3716e-06 -6.00745e-14 1 9.05003 0 -1 -6.00745e-14 1.19116e-05 1 8.23984e-20 -1.3716e-06 -8.2648 0 0 0 1 
			18 17
			1.3723e-06 -1 -6.00133e-14 -12.2319 0 6.00133e-14 -1 -0.75718 1 1.3723e-06 8.23562e-20 -8.2648 0 0 0 1 
			19 18
			1 -0 0 0 0 1 0 0 -0 -0 1 -0 0 0 0 1 
			20 2
			1.37369e-06 -0.0998334 0.995004 80.3979 0 -0.995004 -0.0998334 -8.06668 1 1.3714e-07 -1.36683e-06 8.26481 0 0 0 1 
			21 20
			1.37369e-06 0.0998334 0.995004 45.0607 0 -0.995004 0.0998334 0.903507 1 -1.3714e-07 -1.36683e-06 8.26481 0 0 0 1 
			22 21
			1.3716e-06 -6.00745e-14 1 9.05003 0 -1 -6.00745e-14 1.19116e-05 1 8.23984e-20 -1.3716e-06 8.26481 0 0 0 1 
			23 22
			1.3723e-06 -1 5.98908e-14 -12.2319 0 -5.98908e-14 -1 -0.75718 1 1.3723e-06 -8.21882e-20 8.26481 0 0 0 1 
			24 23
			1 -0 0 0 0 1 0 0 -0 -0 1 -0 0 0 0 1 
	</skeleton>
		<animations>
			33
			0
				-1
				1.33158e-06 1 0 0 -1 1.33158e-06 0 9.75445e-07 -0 -0 1 -80.4648 0 0 0 1 
				0
				1.33158e-06 1 0 0 -1 1.33158e-06 0 9.75445e-07 -0 -0 1 -80.3887 0 0 0 1 
				1
				1.33158e-06 1 0 0 -1 1.33158e-06 0 9.75445e-07 -0 -0 1 -80.3052 0 0 0 1 
				2
				1.46474e-06 1 0 0 -1 1.46474e-06 0 9.75445e-07 -0 -0 1 -80.216 0 0 0 1 
				3
				1.33158e-06 1 0 0 -1 1.33158e-06 0 9.75445e-07 -0 -0 1 -80.123 0 0 0 1 
				4
				1.46474e-06 1 0 0 -1 1.46474e-06 0 9.75445e-07 -0 -0 1 -80.0277 0 0 0 1 
				5
				1.33158e-06 1 0 0 -1 1.33158e-06 0 9.75445e-07 -0 -0 1 -79.9318 0 0 0 1 
				6
				1.19842e-06 1 1.47717e-38 0 -1 1.19842e-06 -1.2326e-32 9.75445e-07 -1.2326e-32 -0 1 -79.837 0 0 0 1 
				7
				1.33158e-06 1 0 0 -1 1.33158e-06 0 9.75445e-07 -0 -0 1 -79.7451 0 0 0 1 
				8
				1.46474e-06 1 0 0 -1 1.46474e-06 0 9.75445e-07 -0 -0 1 -79.6577 0 0 0 1 
				9
				1.33158e-06 1 0 0 -1 1.33158e-06 0 9.75445e-07 -0 -0 1 -79.5764 0 0 0 1 
				10
				1.33158e-06 1 0 0 -1 1.33158e-06 0 9.75445e-07 -0 -0 1 -79.503 0 0 0 1 
				11
				1.33158e-06 1 0 0 -1 1.33158e-06 0 9.75445e-07 -0 -0 1 -79.4392 0 0 0 1 
				12
				1.33158e-06 1 0 0 -1 1.33158e-06 0 9.75445e-07 -0 -0 1 -79.3867 0 0 0 1 
				13
				1.33158e-06 1 0 0 -1 1.33158e-06 0 9.75445e-07 -0 -0 1 -79.347 0 0 0 1 
				14
				1.33158e-06 1 0 0 -1 1.33158e-06 0 9.75445e-07 -0 -0 1 -79.322 0 0 0 1 
				15
				1.33158e-06 1 0 0 -1 1.33158e-06 0 9.75445e-07 -0 -0 1 -79.3133 0 0 0 1 
				16
				1.33158e-06 1 0 0 -1 1.33158e-06 0 9.75445e-07 -0 -0 1 -79.322 0 0 0 1 
				17
				1.33158e-06 1 0 0 -1 1.33158e-06 0 9.75445e-07 -0 -0 1 -79.347 0 0 0 1 
				18
				1.33158e-06 1 0 0 -1 1.33158e-06 0 9.75445e-07 -0 -0 1 -79.3867 0 0 0 1 
				19
				1.33158e-06 1 0 0 -1 1.33158e-06 0 9.75445e-07 -0 -0 1 -79.4392 0 0 0 1 
				20
				1.33158e-06 1 0 0 -1 1.33158e-06 0 9.75445e-07 -0 -0 1 -79.503 0 0 0 1 
				21
				1.33158e-06 1 0 0 -1 1.33158e-06 0 9.75445e-07 -0 -0 1 -79.5764 0 0 0 1 
				22
				1.33158e-06 1 0 0 -1 1.33158e-06 0 9.75445e-07 -0 -0 1 -79.6577 0 0 0 1 
				23
				1.33158e-06 1 0 0 -1 1.33158e-06 0 9.75445e-07 -0 -0 1 -79.7451 0 0 0 1 
				24
				1.33158e-06 1 0 0 -1 1.33158e-06 0 9.75445e-07 -0 -0 1 -79.837 0 0 0 1 
				25
				1.33158e-06 1 0 0 -1 1.33158e-06 0 9.75445e-07 -0 -0 1 -79.9318 0 0 0 1 
				26
				1.33158e-06 1 0 0 -1 1.33158e-06 0 9.75445e-07 -0 -0 1 -80.0277 0 0 0 1 
				27
				1.33158e-06 1 0 0 -1 1.33158e-06 0 9.75445e-07 -0 -0 1 -80.123 0 0 0 1 
				28
				1.33158e-06 1 0 0 -1 1.33158e-06 0 9.75445e-07 -0 -0 1 -80.216 0 0 0 1 
				29
				1.33158e-06 1 0 0 -1 1.33158e-06 0 9.75445e-07 -0 -0 1 -80.3052 0 0 0 1 
				30
				1.46474e-06 1 0 0 -1 1.46474e-06 0 9.75445e-07 -0 -0 1 -80.3887 0 0 0 1 
				31
				1.33158e-06 1 0 0 -1 1.33158e-06 0 9.75445e-07 -0 -0 1 -80.4648 0 0 0 1 
		</Joint>
			1
				-1
				1.33158e-06 2.66316e-06 -1 0 0 -1 -2.66316e-06 9.75445e-07 -1 3.54621e-12 -1.33158e-06 -80.4648 0 0 0 1 
				0
				1.33158e-06 2.66316e-06 -1 0 0 -1 -2.66316e-06 9.75445e-07 -1 3.54621e-12 -1.33158e-06 -80.3887 0 0 0 1 
				1
				1.33158e-06 2.66316e-06 -1 0 0 -1 -2.66316e-06 9.75445e-07 -1 3.54621e-12 -1.33158e-06 -80.3052 0 0 0 1 
				2
				1.33158e-06 2.79632e-06 -1 0 0 -1 -2.79632e-06 9.75445e-07 -1 3.72352e-12 -1.33158e-06 -80.216 0 0 0 1 
				3
				1.33158e-06 2.66316e-06 -1 0 0 -1 -2.66316e-06 9.75445e-07 -1 3.54621e-12 -1.33158e-06 -80.123 0 0 0 1 
				4
				1.33158e-06 2.79632e-06 -1 0 0 -1 -2.79632e-06 9.75445e-07 -1 3.72352e-12 -1.33158e-06 -80.0277 0 0 0 1 
				5
				1.33158e-06 2.66316e-06 -1 0 0 -1 -2.66316e-06 9.75445e-07 -1 3.54621e-12 -1.33158e-06 -79.9318 0 0 0 1 
				6
				1.33158e-06 2.53e-06 -1 0 0 -1 -2.53e-06 9.75445e-07 -1 3.3689e-12 -1.33158e-06 -79.837 0 0 0 1 
				7
				1.33158e-06 2.66316e-06 -1 0 0 -1 -2.66316e-06 9.75445e-07 -1 3.54621e-12 -1.33158e-06 -79.7451 0 0 0 1 
				8
				1.33158e-06 2.79632e-06 -1 0 0 -1 -2.79632e-06 9.75445e-07 -1 3.72352e-12 -1.33158e-06 -79.6577 0 0 0 1 
				9
				1.33158e-06 2.66316e-06 -1 0 0 -1 -2.66316e-06 9.75445e-07 -1 3.54621e-12 -1.33158e-06 -79.5764 0 0 0 1 
				10
				1.33158e-06 2.66316e-06 -1 0 0 -1 -2.66316e-06 9.75445e-07 -1 3.54621e-12 -1.33158e-06 -79.503 0 0 0 1 
				11
				1.33158e-06 2.66316e-06 -1 0 0 -1 -2.66316e-06 9.75445e-07 -1 3.54621e-12 -1.33158e-06 -79.4392 0 0 0 1 
				12
				1.33158e-06 2.66316e-06 -1 0 0 -1 -2.66316e-06 9.75445e-07 -1 3.54621e-12 -1.33158e-06 -79.3867 0 0 0 1 
				13
				1.33158e-06 2.66316e-06 -1 0 0 -1 -2.66316e-06 9.75445e-07 -1 3.54621e-12 -1.33158e-06 -79.347 0 0 0 1 
				14
				1.33158e-06 2.66316e-06 -1 0 0 -1 -2.66316e-06 9.75445e-07 -1 3.54621e-12 -1.33158e-06 -79.322 0 0 0 1 
				15
				1.33158e-06 2.66316e-06 -1 0 0 -1 -2.66316e-06 9.75445e-07 -1 3.54621e-12 -1.33158e-06 -79.3133 0 0 0 1 
				16
				1.33158e-06 2.66316e-06 -1 0 0 -1 -2.66316e-06 9.75445e-07 -1 3.54621e-12 -1.33158e-06 -79.322 0 0 0 1 
				17
				1.33158e-06 2.66316e-06 -1 0 0 -1 -2.66316e-06 9.75445e-07 -1 3.54621e-12 -1.33158e-06 -79.347 0 0 0 1 
				18
				1.33158e-06 2.66316e-06 -1 0 0 -1 -2.66316e-06 9.75445e-07 -1 3.54621e-12 -1.33158e-06 -79.3867 0 0 0 1 
				19
				1.33158e-06 2.66316e-06 -1 0 0 -1 -2.66316e-06 9.75445e-07 -1 3.54621e-12 -1.33158e-06 -79.4392 0 0 0 1 
				20
				1.33158e-06 2.66316e-06 -1 0 0 -1 -2.66316e-06 9.75445e-07 -1 3.54621e-12 -1.33158e-06 -79.503 0 0 0 1 
				21
				1.33158e-06 2.66316e-06 -1 0 0 -1 -2.66316e-06 9.75445e-07 -1 3.54621e-12 -1.33158e-06 -79.5764 0 0 0 1 
				22
				1.33158e-06 2.66316e-06 -1 0 0 -1 -2.66316e-06 9.75445e-07 -1 3.54621e-12 -1.33158e-06 -79.6577 0 0 0 1 
				23
				1.33158e-06 2.66316e-06 -1 0 0 -1 -2.66316e-06 9.75445e-07 -1 3.54621e-12 -1.33158e-06 -79.7451 0 0 0 1 
				24
				1.33158e-06 2.66316e-06 -1 0 0 -1 -2.66316e-06 9.75445e-07 -1 3.54621e-12 -1.33158e-06 -79.837 0 0 0 1 
				25
				1.33158e-06 2.66316e-06 -1 0 0 -1 -2.66316e-06 9.75445e-07 -1 3.54621e-12 -1.33158e-06 -79.9318 0 0 0 1 
				26
				1.33158e-06 2.66316e-06 -1 0 0 -1 -2.66316e-06 9.75445e-07 -1 3.54621e-12 -1.33158e-06 -80.0277 0 0 0 1 
				27
				1.33158e-06 2.66316e-06 -1 0 0 -1 -2.66316e-06 9.75445e-07 -1 3.54621e-12 -1.33158e-06 -80.123 0 0 0 1 
				28
				1.33158e-06 2.66316e-06 -1 0 0 -1 -2.66316e-06 9.75445e-07 -1 3.54621e-12 -1.33158e-06 -80.216 0 0 0 1 
				29
				1.33158e-06 2.66316e-06 -1 0 0 -1 -2.66316e-06 9.75445e-07 -1 3.54621e-12 -1.33158e-06 -80.3052 0 0 0 1 
				30
				1.33158e-06 2.79632e-06 -1 0 0 -1 -2.79632e-06 9.75445e-07 -1 3.72352e-12 -1.33158e-06 -80.3887 0 0 0 1 
				31
				1.33158e-06 2.66316e-06 -1 0 0 -1 -2.66316e-06 9.75445e-07 -1 3.54621e-12 -1.33158e-06 -80.4648 0 0 0 1 
		</Joint>
			2
				-1
				-0.000201565 -1.28234e-06 -1 1.29152e-05 -0.0008487 -1 1.45341e-06 0.0213506 -1 0.0008487 0.000201564 -89.7998 0 0 0 1 
				0
				-0.000201553 -1.18792e-07 -1 1.28912e-05 -0.00662136 -0.999978 1.45334e-06 0.0213502 -0.999978 0.00662136 0.000201548 -89.7237 0 0 0 1 
				1
				-0.000201532 1.15671e-06 -1 1.28635e-05 -0.0129497 -0.999916 1.45317e-06 0.0213489 -0.999916 0.0129497 0.00020153 -89.6403 0 0 0 1 
				2
				-0.000201498 2.65105e-06 -1 1.28319e-05 -0.0197036 -0.999806 1.31971e-06 0.0213466 -0.999806 0.0197036 0.000201512 -89.5513 0 0 0 1 
				3
				-0.000201459 3.93857e-06 -1 1.28043e-05 -0.0267527 -0.999642 1.45241e-06 0.0213432 -0.999642 0.0267527 0.000201492 -89.4584 0 0 0 1 
				4
				-0.000201401 5.52629e-06 -1 1.27703e-05 -0.0339709 -0.999423 1.31865e-06 0.0213386 -0.999423 0.0339709 0.000201472 -89.3633 0 0 0 1 
				5
				-0.00020134 6.85641e-06 -1 1.27415e-05 -0.0412318 -0.99915 1.45105e-06 0.0213328 -0.99915 0.0412318 0.000201452 -89.2676 0 0 0 1 
				6
				-0.000201273 8.16896e-06 -1 1.27134e-05 -0.0484055 -0.998828 1.58332e-06 0.021326 -0.998828 0.0484055 0.000201432 -89.173 0 0 0 1 
				7
				-0.000201184 9.70366e-06 -1 1.26812e-05 -0.0553619 -0.998466 1.44916e-06 0.0213183 -0.998466 0.0553619 0.000201413 -89.0812 0 0 0 1 
				8
				-0.000201089 1.11691e-05 -1 1.26498e-05 -0.0619754 -0.998078 1.31492e-06 0.0213102 -0.998078 0.0619754 0.000201394 -88.9939 0 0 0 1 
				9
				-0.000201008 1.22743e-05 -1 1.26262e-05 -0.0681206 -0.997677 1.44697e-06 0.0213016 -0.997677 0.0681206 0.000201377 -88.9128 0 0 0 1 
				10
				-0.000200921 1.3392e-05 -1 1.26024e-05 -0.0736683 -0.997283 1.44587e-06 0.0212933 -0.997283 0.0736683 0.000201362 -88.8395 0 0 0 1 
				11
				-0.000200841 1.43634e-05 -1 1.25813e-05 -0.0784896 -0.996915 1.44485e-06 0.0212852 -0.996915 0.0784896 0.000201349 -88.7758 0 0 0 1 
				12
				-0.000200771 1.51632e-05 -1 1.25644e-05 -0.0824597 -0.996594 1.44397e-06 0.0212785 -0.996594 0.0824597 0.000201338 -88.7233 0 0 0 1 
				13
				-0.000200716 1.57664e-05 -1 1.25516e-05 -0.0854542 -0.996342 1.44327e-06 0.0212732 -0.996342 0.0854542 0.000201329 -88.6837 0 0 0 1 
				14
				-0.000200681 1.61472e-05 -1 1.25435e-05 -0.0873443 -0.996178 1.44281e-06 0.0212699 -0.996178 0.0873443 0.000201324 -88.6587 0 0 0 1 
				15
				-0.000200668 1.62795e-05 -1 1.25402e-05 -0.0880012 -0.99612 1.44265e-06 0.0212685 -0.99612 0.0880012 0.000201322 -88.65 0 0 0 1 
				16
				-0.000200681 1.61472e-05 -1 1.2543e-05 -0.0873443 -0.996178 1.44281e-06 0.0212699 -0.996178 0.0873443 0.000201324 -88.6587 0 0 0 1 
				17
				-0.000200716 1.57664e-05 -1 1.25516e-05 -0.0854542 -0.996342 1.44327e-06 0.0212732 -0.996342 0.0854542 0.000201329 -88.6837 0 0 0 1 
				18
				-0.000200771 1.51632e-05 -1 1.2564e-05 -0.0824597 -0.996594 1.44397e-06 0.0212787 -0.996594 0.0824597 0.000201338 -88.7233 0 0 0 1 
				19
				-0.000200841 1.43634e-05 -1 1.25813e-05 -0.0784896 -0.996915 1.44485e-06 0.0212852 -0.996915 0.0784896 0.000201349 -88.7758 0 0 0 1 
				20
				-0.000200921 1.3392e-05 -1 1.26024e-05 -0.0736683 -0.997283 1.44588e-06 0.0212933 -0.997283 0.0736683 0.000201362 -88.8395 0 0 0 1 
				21
				-0.000201008 1.22743e-05 -1 1.26262e-05 -0.0681206 -0.997677 1.44697e-06 0.0213016 -0.997677 0.0681206 0.000201377 -88.9128 0 0 0 1 
				22
				-0.000201097 1.10362e-05 -1 1.26521e-05 -0.0619754 -0.998078 1.44808e-06 0.0213101 -0.998078 0.0619754 0.000201394 -88.9939 0 0 0 1 
				23
				-0.000201184 9.70366e-06 -1 1.26812e-05 -0.0553619 -0.998466 1.44916e-06 0.0213183 -0.998466 0.0553619 0.000201413 -89.0812 0 0 0 1 
				24
				-0.000201266 8.30196e-06 -1 1.27108e-05 -0.0484055 -0.998828 1.45016e-06 0.021326 -0.998828 0.0484055 0.000201432 -89.173 0 0 0 1 
				25
				-0.00020134 6.85641e-06 -1 1.27414e-05 -0.0412318 -0.99915 1.45105e-06 0.0213328 -0.99915 0.0412318 0.000201452 -89.2676 0 0 0 1 
				26
				-0.000201405 5.39321e-06 -1 1.27726e-05 -0.0339709 -0.999423 1.45181e-06 0.0213386 -0.999423 0.0339709 0.000201472 -89.3633 0 0 0 1 
				27
				-0.000201459 3.93857e-06 -1 1.28043e-05 -0.0267527 -0.999642 1.45241e-06 0.0213432 -0.999642 0.0267527 0.000201492 -89.4584 0 0 0 1 
				28
				-0.000201501 2.51792e-06 -1 1.28346e-05 -0.0197036 -0.999806 1.45287e-06 0.0213466 -0.999806 0.0197036 0.000201512 -89.5513 0 0 0 1 
				29
				-0.000201532 1.15671e-06 -1 1.28636e-05 -0.0129497 -0.999916 1.45317e-06 0.0213489 -0.999916 0.0129497 0.00020153 -89.6403 0 0 0 1 
				30
				-0.000201552 1.4363e-08 -1 1.28884e-05 -0.00662136 -0.999978 1.32019e-06 0.0213502 -0.999978 0.00662136 0.000201548 -89.7237 0 0 0 1 
				31
				-0.000201565 -1.28234e-06 -1 1.29152e-05 -0.0008487 -1 1.45341e-06 0.0213506 -1 0.0008487 0.000201564 -89.7998 0 0 0 1 
		</Joint>
			3
				-1
				-0.000413965 -1.06196e-06 -1 -0.0053956 -0.000821564 -1 1.40205e-06 0.0199439 -1 0.000821565 0.000413964 -116.632 0 0 0 1 
				0
				-0.000413929 2.49135e-06 -1 -0.00539537 -0.0123667 -0.999923 2.62776e-06 -0.134953 -0.999923 0.0123667 0.000413928 -116.556 0 0 0 1 
				1
				-0.000413851 6.38583e-06 -1 -0.00539493 -0.0250218 -0.999687 3.97146e-06 -0.304764 -0.999687 0.0250218 0.000413882 -116.471 0 0 0 1 
				2
				-0.000413718 1.06746e-05 -1 -0.00539414 -0.0385244 -0.999258 5.27163e-06 -0.485999 -0.999258 0.0385244 0.000413822 -116.379 0 0 0 1 
				3
				-0.00041354 1.48774e-05 -1 -0.0053932 -0.0526117 -0.998615 6.90031e-06 -0.67516 -0.998615 0.0526117 0.00041375 -116.282 0 0 0 1 
				4
				-0.000413291 1.94482e-05 -1 -0.00539176 -0.0670287 -0.997751 8.29794e-06 -0.868863 -0.997751 0.0670287 0.000413665 -116.182 0 0 0 1 
				5
				-0.000413005 2.37772e-05 -1 -0.00539027 -0.0815207 -0.996672 9.97039e-06 -1.06372 -0.996672 0.0815207 0.000413569 -116.079 0 0 0 1 
				6
				-0.000412674 2.80501e-05 -1 -0.00538857 -0.0958258 -0.995398 1.16238e-05 -1.25624 -0.995398 0.0958258 0.000413462 -115.976 0 0 0 1 
				7
				-0.000412277 3.24515e-05 -1 -0.00538632 -0.109684 -0.993967 1.29643e-05 -1.44294 -0.993966 0.109684 0.000413349 -115.875 0 0 0 1 
				8
				-0.00041185 3.66391e-05 -1 -0.00538388 -0.122843 -0.992426 1.42314e-05 -1.62043 -0.992426 0.122843 0.000413231 -115.777 0 0 0 1 
				9
				-0.000411444 4.02717e-05 -1 -0.00538182 -0.135057 -0.990838 1.56657e-05 -1.78537 -0.990838 0.135057 0.000413114 -115.686 0 0 0 1 
				10
				-0.000411031 4.36678e-05 -1 -0.00537959 -0.14607 -0.989274 1.68398e-05 -1.93427 -0.989274 0.14607 0.000413001 -115.602 0 0 0 1 
				11
				-0.000410646 4.66168e-05 -1 -0.00537751 -0.15563 -0.987815 1.78599e-05 -2.06367 -0.987815 0.15563 0.000412897 -115.529 0 0 0 1 
				12
				-0.000410311 4.90435e-05 -1 -0.00537571 -0.163494 -0.986544 1.86997e-05 -2.17023 -0.986544 0.163494 0.000412808 -115.468 0 0 0 1 
				13
				-0.000410048 5.08728e-05 -1 -0.00537429 -0.16942 -0.985544 1.9333e-05 -2.25061 -0.985544 0.16942 0.000412739 -115.422 0 0 0 1 
				14
				-0.000409877 5.20269e-05 -1 -0.00537337 -0.173158 -0.984894 1.97327e-05 -2.30134 -0.984894 0.173158 0.000412694 -115.392 0 0 0 1 
				15
				-0.000409817 5.24279e-05 -1 -0.00537304 -0.174457 -0.984665 1.98716e-05 -2.31897 -0.984665 0.174457 0.000412678 -115.382 0 0 0 1 
				16
				-0.000409877 5.20269e-05 -1 -0.00537337 -0.173158 -0.984894 1.97327e-05 -2.30134 -0.984894 0.173158 0.000412694 -115.392 0 0 0 1 
				17
				-0.000410048 5.08728e-05 -1 -0.00537429 -0.16942 -0.985544 1.9333e-05 -2.25061 -0.985544 0.16942 0.000412739 -115.422 0 0 0 1 
				18
				-0.000410311 4.90435e-05 -1 -0.00537571 -0.163494 -0.986544 1.86997e-05 -2.17023 -0.986544 0.163494 0.000412808 -115.468 0 0 0 1 
				19
				-0.000410646 4.66168e-05 -1 -0.00537751 -0.15563 -0.987815 1.78599e-05 -2.06367 -0.987815 0.15563 0.000412897 -115.529 0 0 0 1 
				20
				-0.000411031 4.36678e-05 -1 -0.00537959 -0.14607 -0.989274 1.68398e-05 -1.93427 -0.989274 0.14607 0.000413001 -115.602 0 0 0 1 
				21
				-0.000411444 4.02717e-05 -1 -0.00538182 -0.135057 -0.990838 1.56657e-05 -1.78537 -0.990838 0.135057 0.000413114 -115.686 0 0 0 1 
				22
				-0.000411866 3.65067e-05 -1 -0.0053841 -0.122843 -0.992426 1.43648e-05 -1.62044 -0.992426 0.122843 0.000413231 -115.777 0 0 0 1 
				23
				-0.000412277 3.24515e-05 -1 -0.00538632 -0.109684 -0.993967 1.29643e-05 -1.44294 -0.993966 0.109684 0.000413349 -115.875 0 0 0 1 
				24
				-0.000412661 2.81826e-05 -1 -0.0053884 -0.0958258 -0.995398 1.14906e-05 -1.25624 -0.995398 0.0958258 0.000413462 -115.976 0 0 0 1 
				25
				-0.000413005 2.37772e-05 -1 -0.00539027 -0.0815207 -0.996672 9.97039e-06 -1.06372 -0.996672 0.0815207 0.000413569 -116.079 0 0 0 1 
				26
				-0.0004133 1.93153e-05 -1 -0.00539188 -0.0670287 -0.997751 8.43109e-06 -0.868863 -0.997751 0.0670287 0.000413665 -116.182 0 0 0 1 
				27
				-0.00041354 1.48774e-05 -1 -0.0053932 -0.0526117 -0.998615 6.90031e-06 -0.67516 -0.998615 0.0526117 0.00041375 -116.282 0 0 0 1 
				28
				-0.000413723 1.05415e-05 -1 -0.00539421 -0.0385244 -0.999258 5.40482e-06 -0.485999 -0.999258 0.0385244 0.000413822 -116.379 0 0 0 1 
				29
				-0.000413851 6.38583e-06 -1 -0.00539493 -0.0250218 -0.999687 3.97146e-06 -0.304765 -0.999687 0.0250218 0.000413882 -116.471 0 0 0 1 
				30
				-0.000413928 2.6245e-06 -1 -0.00539535 -0.0123667 -0.999923 2.49461e-06 -0.134952 -0.999923 0.0123667 0.000413928 -116.556 0 0 0 1 
				31
				-0.000413965 -1.06196e-06 -1 -0.0053956 -0.000821564 -1 1.40205e-06 0.0199439 -1 0.000821565 0.000413964 -116.632 0 0 0 1 
		</Joint>
			4
				-1
				-0.000413965 -1.06196e-06 -1 -0.0165033 -0.000821564 -1 1.40205e-06 0.00274702 -1 0.000821565 0.000413964 -143.465 0 0 0 1 
				0
				-0.000413929 2.49135e-06 -1 -0.0165021 -0.0123667 -0.999923 2.62776e-06 -0.461933 -0.999923 0.0123667 0.000413928 -143.386 0 0 0 1 
				1
				-0.000413851 6.38583e-06 -1 -0.0164996 -0.0250218 -0.999687 3.97146e-06 -0.971312 -0.999687 0.0250218 0.000413882 -143.295 0 0 0 1 
				2
				-0.000413718 1.06746e-05 -1 -0.0164953 -0.0385244 -0.999258 5.27163e-06 -1.51486 -0.999258 0.0385244 0.000413822 -143.192 0 0 0 1 
				3
				-0.00041354 1.48774e-05 -1 -0.0164896 -0.0526117 -0.998615 6.90031e-06 -2.08202 -0.998615 0.0526117 0.00041375 -143.078 0 0 0 1 
				4
				-0.000413291 1.94482e-05 -1 -0.0164815 -0.0670287 -0.997751 8.29794e-06 -2.66257 -0.997751 0.0670287 0.000413665 -142.954 0 0 0 1 
				5
				-0.000413005 2.37772e-05 -1 -0.0164723 -0.0815207 -0.996672 9.97039e-06 -3.24629 -0.996672 0.0815207 0.000413569 -142.822 0 0 0 1 
				6
				-0.000412674 2.80501e-05 -1 -0.0164617 -0.0958258 -0.995398 1.16238e-05 -3.82265 -0.995398 0.0958258 0.000413462 -142.685 0 0 0 1 
				7
				-0.000412277 3.24515e-05 -1 -0.0164489 -0.109684 -0.993967 1.29643e-05 -4.38119 -0.993966 0.109684 0.000413349 -142.546 0 0 0 1 
				8
				-0.00041185 3.66391e-05 -1 -0.016435 -0.122843 -0.992426 1.42314e-05 -4.91181 -0.992426 0.122843 0.000413231 -142.407 0 0 0 1 
				9
				-0.000411444 4.02717e-05 -1 -0.0164221 -0.135057 -0.990838 1.56657e-05 -5.40447 -0.990838 0.135057 0.000413114 -142.273 0 0 0 1 
				10
				-0.000411031 4.36678e-05 -1 -0.0164088 -0.14607 -0.989274 1.68398e-05 -5.84888 -0.989274 0.14607 0.000413001 -142.147 0 0 0 1 
				11
				-0.000410646 4.66169e-05 -1 -0.0163964 -0.15563 -0.987815 1.78599e-05 -6.23481 -0.987815 0.15563 0.000412897 -142.035 0 0 0 1 
				12
				-0.000410311 4.90435e-05 -1 -0.0163856 -0.163494 -0.986544 1.86997e-05 -6.55239 -0.986544 0.163494 0.000412808 -141.94 0 0 0 1 
				13
				-0.000410048 5.08728e-05 -1 -0.0163771 -0.16942 -0.985544 1.9333e-05 -6.79178 -0.985544 0.16942 0.000412739 -141.867 0 0 0 1 
				14
				-0.000409877 5.20269e-05 -1 -0.0163716 -0.173158 -0.984894 1.97327e-05 -6.94283 -0.984894 0.173158 0.000412694 -141.82 0 0 0 1 
				15
				-0.000409817 5.24279e-05 -1 -0.0163697 -0.174457 -0.984665 1.98716e-05 -6.99531 -0.984665 0.174457 0.000412678 -141.804 0 0 0 1 
				16
				-0.000409877 5.20269e-05 -1 -0.0163716 -0.173158 -0.984894 1.97327e-05 -6.94283 -0.984894 0.173158 0.000412694 -141.82 0 0 0 1 
				17
				-0.000410048 5.08728e-05 -1 -0.0163771 -0.16942 -0.985544 1.9333e-05 -6.79178 -0.985544 0.16942 0.000412739 -141.867 0 0 0 1 
				18
				-0.000410311 4.90435e-05 -1 -0.0163856 -0.163494 -0.986544 1.86997e-05 -6.55239 -0.986544 0.163494 0.000412808 -141.94 0 0 0 1 
				19
				-0.000410646 4.66169e-05 -1 -0.0163964 -0.15563 -0.987815 1.78599e-05 -6.23481 -0.987815 0.15563 0.000412897 -142.035 0 0 0 1 
				20
				-0.000411031 4.36678e-05 -1 -0.0164088 -0.14607 -0.989274 1.68398e-05 -5.84888 -0.989274 0.14607 0.000413001 -142.147 0 0 0 1 
				21
				-0.000411444 4.02717e-05 -1 -0.0164221 -0.135057 -0.990838 1.56657e-05 -5.40447 -0.990838 0.135057 0.000413114 -142.273 0 0 0 1 
				22
				-0.000411866 3.65067e-05 -1 -0.0164356 -0.122843 -0.992426 1.43648e-05 -4.91181 -0.992426 0.122843 0.000413231 -142.407 0 0 0 1 
				23
				-0.000412277 3.24515e-05 -1 -0.0164489 -0.109684 -0.993967 1.29643e-05 -4.38119 -0.993966 0.109684 0.000413349 -142.546 0 0 0 1 
				24
				-0.000412661 2.81826e-05 -1 -0.0164612 -0.0958258 -0.995398 1.14906e-05 -3.82265 -0.995398 0.0958258 0.000413462 -142.685 0 0 0 1 
				25
				-0.000413005 2.37772e-05 -1 -0.0164723 -0.0815207 -0.996672 9.97039e-06 -3.24629 -0.996672 0.0815207 0.000413569 -142.822 0 0 0 1 
				26
				-0.0004133 1.93153e-05 -1 -0.0164818 -0.0670287 -0.997751 8.43109e-06 -2.66257 -0.997751 0.0670287 0.000413665 -142.954 0 0 0 1 
				27
				-0.00041354 1.48774e-05 -1 -0.0164896 -0.0526117 -0.998615 6.90031e-06 -2.08202 -0.998615 0.0526117 0.00041375 -143.078 0 0 0 1 
				28
				-0.000413723 1.05415e-05 -1 -0.0164955 -0.0385244 -0.999258 5.40482e-06 -1.51486 -0.999258 0.0385244 0.000413822 -143.192 0 0 0 1 
				29
				-0.000413851 6.38583e-06 -1 -0.0164996 -0.0250218 -0.999687 3.97146e-06 -0.971312 -0.999687 0.0250218 0.000413882 -143.295 0 0 0 1 
				30
				-0.000413928 2.6245e-06 -1 -0.0165021 -0.0123667 -0.999923 2.49461e-06 -0.461933 -0.999923 0.0123667 0.000413928 -143.386 0 0 0 1 
				31
				-0.000413965 -1.06196e-06 -1 -0.0165033 -0.000821564 -1 1.40205e-06 0.00274702 -1 0.000821565 0.000413964 -143.465 0 0 0 1 
		</Joint>
			5
				-1
				1 1.39382e-06 0.00041676 2.87617 -1.40435e-06 1 2.52793e-05 -0.00209672 -0.00041676 -2.52798e-05 1 -143.466 0 0 0 1 
				0
				1 -2.15932e-06 0.000416727 2.87618 -2.66254e-06 0.999933 0.0115704 -0.46678 -0.000416724 -0.0115704 0.999933 -143.387 0 0 0 1 
				1
				1 -6.05406e-06 0.000416653 2.87618 -4.04143e-06 0.999707 0.0242257 -0.976162 -0.000416677 -0.0242257 0.999706 -143.296 0 0 0 1 
				2
				1 -1.03429e-05 0.000416523 2.87618 -5.37939e-06 0.999288 0.0377287 -1.51971 -0.000416617 -0.0377287 0.999288 -143.193 0 0 0 1 
				3
				1 -1.45458e-05 0.000416348 2.87619 -7.04743e-06 0.998657 0.0518165 -2.08687 -0.000416543 -0.0518165 0.998656 -143.079 0 0 0 1 
				4
				1 -1.91168e-05 0.000416103 2.8762 -8.48537e-06 0.997804 0.0662342 -2.66742 -0.000416455 -0.0662342 0.997804 -142.955 0 0 0 1 
				5
				1 -2.34461e-05 0.00041582 2.87621 -1.01984e-05 0.996736 0.080727 -3.25114 -0.000416356 -0.080727 0.996736 -142.823 0 0 0 1 
				6
				1 -2.77192e-05 0.000415492 2.87622 -1.18917e-05 0.995474 0.0950331 -3.82751 -0.000416246 -0.0950331 0.995474 -142.686 0 0 0 1 
				7
				1 -3.2121e-05 0.000415099 2.87623 -1.3271e-05 0.994054 0.108892 -4.38604 -0.000416128 -0.108892 0.994053 -142.547 0 0 0 1 
				8
				1 -3.63087e-05 0.000414675 2.87624 -1.45751e-05 0.992524 0.122053 -4.91665 -0.000416006 -0.122053 0.992524 -142.408 0 0 0 1 
				9
				1 -3.99419e-05 0.000414273 2.87626 -1.60434e-05 0.990945 0.134268 -5.40931 -0.000415884 -0.134268 0.990945 -142.273 0 0 0 1 
				10
				1 -4.33383e-05 0.000413862 2.87627 -1.72483e-05 0.98939 0.145282 -5.85372 -0.000415767 -0.145282 0.98939 -142.148 0 0 0 1 
				11
				1 -4.62876e-05 0.000413479 2.87628 -1.82951e-05 0.987939 0.154843 -6.23964 -0.000415659 -0.154843 0.987939 -142.035 0 0 0 1 
				12
				1 -4.87146e-05 0.000413146 2.87629 -1.91569e-05 0.986674 0.162708 -6.55721 -0.000415567 -0.162708 0.986674 -141.94 0 0 0 1 
				13
				1 -5.0544e-05 0.000412884 2.8763 -1.98068e-05 0.985679 0.168635 -6.79661 -0.000415495 -0.168635 0.985678 -141.867 0 0 0 1 
				14
				1 -5.16983e-05 0.000412715 2.87631 -2.02169e-05 0.985031 0.172374 -6.94765 -0.000415448 -0.172374 0.985031 -141.821 0 0 0 1 
				15
				1 -5.20993e-05 0.000412655 2.87631 -2.03594e-05 0.984803 0.173673 -7.00013 -0.000415432 -0.173673 0.984803 -141.804 0 0 0 1 
				16
				1 -5.16983e-05 0.000412715 2.87631 -2.02169e-05 0.985031 0.172374 -6.94765 -0.000415448 -0.172374 0.985031 -141.821 0 0 0 1 
				17
				1 -5.0544e-05 0.000412884 2.8763 -1.98068e-05 0.985679 0.168635 -6.79661 -0.000415495 -0.168635 0.985678 -141.867 0 0 0 1 
				18
				1 -4.87146e-05 0.000413146 2.87629 -1.91569e-05 0.986674 0.162708 -6.55721 -0.000415567 -0.162708 0.986674 -141.94 0 0 0 1 
				19
				1 -4.62876e-05 0.000413479 2.87628 -1.82951e-05 0.987939 0.154843 -6.23964 -0.000415659 -0.154843 0.987939 -142.035 0 0 0 1 
				20
				1 -4.33383e-05 0.000413862 2.87627 -1.72483e-05 0.98939 0.145282 -5.85372 -0.000415767 -0.145282 0.98939 -142.148 0 0 0 1 
				21
				1 -3.99419e-05 0.000414273 2.87626 -1.60434e-05 0.990945 0.134268 -5.40931 -0.000415884 -0.134268 0.990945 -142.273 0 0 0 1 
				22
				1 -3.61766e-05 0.000414691 2.87624 -1.47083e-05 0.992524 0.122053 -4.91665 -0.000416006 -0.122053 0.992524 -142.408 0 0 0 1 
				23
				1 -3.2121e-05 0.000415099 2.87623 -1.3271e-05 0.994054 0.108892 -4.38604 -0.000416128 -0.108892 0.994053 -142.547 0 0 0 1 
				24
				1 -2.78518e-05 0.00041548 2.87622 -1.17586e-05 0.995474 0.0950332 -3.82751 -0.000416246 -0.0950331 0.995474 -142.686 0 0 0 1 
				25
				1 -2.34461e-05 0.00041582 2.87621 -1.01983e-05 0.996736 0.080727 -3.25114 -0.000416356 -0.080727 0.996736 -142.823 0 0 0 1 
				26
				1 -1.8984e-05 0.000416112 2.8762 -8.61853e-06 0.997804 0.0662342 -2.66742 -0.000416455 -0.0662342 0.997804 -142.955 0 0 0 1 
				27
				1 -1.45458e-05 0.000416348 2.87619 -7.04743e-06 0.998657 0.0518165 -2.08687 -0.000416543 -0.0518165 0.998656 -143.079 0 0 0 1 
				28
				1 -1.02098e-05 0.000416528 2.87618 -5.51255e-06 0.999288 0.0377287 -1.51971 -0.000416617 -0.0377287 0.999288 -143.193 0 0 0 1 
				29
				1 -6.05406e-06 0.000416653 2.87618 -4.04143e-06 0.999707 0.0242257 -0.976162 -0.000416677 -0.0242257 0.999706 -143.296 0 0 0 1 
				30
				1 -2.29247e-06 0.000416726 2.87618 -2.52938e-06 0.999933 0.0115704 -0.466779 -0.000416724 -0.0115704 0.999933 -143.387 0 0 0 1 
				31
				1 1.39382e-06 0.00041676 2.87617 -1.40435e-06 1 2.52793e-05 -0.00209672 -0.00041676 -2.52798e-05 1 -143.466 0 0 0 1 
		</Joint>
			6
				-1
				0.103929 -0.01739 -0.994433 16.3477 0.0607859 0.998089 -0.0111012 -0.00211564 0.992725 -0.0592937 0.104788 -143.471 0 0 0 1 
				0
				0.109664 -0.0174489 -0.993815 16.3477 0.0617716 0.998033 -0.0107067 -0.466815 0.992047 -0.0602154 0.110527 -143.393 0 0 0 1 
				1
				0.115944 -0.0175187 -0.993101 16.3477 0.0628432 0.997971 -0.0102676 -0.976217 0.991266 -0.0612192 0.11681 -143.302 0 0 0 1 
				2
				0.122642 -0.0176005 -0.992295 16.3477 0.063984 0.997903 -0.00979191 -1.51978 0.990386 -0.0622901 0.123511 -143.199 0 0 0 1 
				3
				0.129627 -0.0176935 -0.991405 16.3477 0.0651763 0.997831 -0.00928634 -2.08697 0.989418 -0.0634123 0.130499 -143.084 0 0 0 1 
				4
				0.136774 -0.0177974 -0.990442 16.3477 0.0663929 0.997755 -0.00876032 -2.66754 0.988375 -0.0645602 0.137649 -142.961 0 0 0 1 
				5
				0.143961 -0.0179098 -0.989421 16.3477 0.0676115 0.997678 -0.00822183 -3.25128 0.987271 -0.0657127 0.144837 -142.829 0 0 0 1 
				6
				0.151055 -0.0180295 -0.988361 16.3477 0.0688124 0.9976 -0.00768119 -3.82767 0.986128 -0.0668512 0.151934 -142.692 0 0 0 1 
				7
				0.157926 -0.0181529 -0.987284 16.3477 0.0699709 0.997523 -0.0071486 -4.38622 0.984969 -0.0679522 0.158805 -142.552 0 0 0 1 
				8
				0.164453 -0.018278 -0.986215 16.3477 0.0710691 0.99745 -0.00663529 -4.91685 0.983822 -0.0689982 0.165333 -142.413 0 0 0 1 
				9
				0.170518 -0.0184 -0.985183 16.3478 0.0720906 0.997379 -0.00615017 -5.40953 0.982714 -0.0699738 0.171398 -142.279 0 0 0 1 
				10
				0.17599 -0.018516 -0.984218 16.3478 0.0730106 0.997315 -0.00570723 -5.85395 0.981681 -0.0708539 0.176869 -142.154 0 0 0 1 
				11
				0.180739 -0.01862 -0.983355 16.3478 0.073805 0.997259 -0.00531798 -6.23989 0.980758 -0.0716154 0.181618 -142.041 0 0 0 1 
				12
				0.184648 -0.0187087 -0.982627 16.3478 0.074458 0.997212 -0.0049948 -6.55747 0.97998 -0.0722421 0.185526 -141.946 0 0 0 1 
				13
				0.187597 -0.0187772 -0.982067 16.3478 0.0749518 0.997176 -0.00474863 -6.79687 0.979382 -0.0727168 0.188475 -141.873 0 0 0 1 
				14
				0.189458 -0.0188216 -0.981708 16.3478 0.0752632 0.997153 -0.00459281 -6.94792 0.979 -0.0730164 0.190335 -141.826 0 0 0 1 
				15
				0.190105 -0.018837 -0.981583 16.3478 0.0753709 0.997145 -0.0045384 -7.0004 0.978866 -0.07312 0.190982 -141.81 0 0 0 1 
				16
				0.189458 -0.0188216 -0.981708 16.3478 0.0752632 0.997153 -0.00459276 -6.94792 0.979 -0.0730164 0.190336 -141.826 0 0 0 1 
				17
				0.187597 -0.0187772 -0.982067 16.3478 0.0749518 0.997176 -0.00474858 -6.79687 0.979382 -0.0727168 0.188475 -141.873 0 0 0 1 
				18
				0.184648 -0.0187087 -0.982627 16.3478 0.0744579 0.997212 -0.00499483 -6.55747 0.97998 -0.0722421 0.185526 -141.946 0 0 0 1 
				19
				0.180739 -0.01862 -0.983355 16.3478 0.073805 0.997259 -0.00531798 -6.23989 0.980758 -0.0716154 0.181618 -142.041 0 0 0 1 
				20
				0.17599 -0.018516 -0.984218 16.3478 0.0730107 0.997315 -0.00570724 -5.85395 0.981681 -0.070854 0.176869 -142.154 0 0 0 1 
				21
				0.170518 -0.0184002 -0.985183 16.3478 0.0720907 0.997379 -0.00615032 -5.40953 0.982714 -0.0699737 0.171398 -142.279 0 0 0 1 
				22
				0.164453 -0.0182778 -0.986215 16.3477 0.0710691 0.99745 -0.00663511 -4.91685 0.983822 -0.0689983 0.165333 -142.413 0 0 0 1 
				23
				0.157926 -0.0181529 -0.987284 16.3477 0.0699709 0.997523 -0.00714859 -4.38622 0.984969 -0.0679522 0.158805 -142.552 0 0 0 1 
				24
				0.151055 -0.0180297 -0.988361 16.3477 0.0688125 0.9976 -0.00768138 -3.82766 0.986128 -0.0668512 0.151934 -142.692 0 0 0 1 
				25
				0.143961 -0.0179099 -0.989421 16.3477 0.0676115 0.997678 -0.00822186 -3.25128 0.987271 -0.0657126 0.144837 -142.829 0 0 0 1 
				26
				0.136774 -0.0177973 -0.990442 16.3477 0.0663929 0.997755 -0.00876028 -2.66754 0.988375 -0.0645601 0.137649 -142.961 0 0 0 1 
				27
				0.129627 -0.0176935 -0.991405 16.3477 0.0651763 0.997831 -0.00928634 -2.08697 0.989418 -0.0634123 0.130499 -143.084 0 0 0 1 
				28
				0.122642 -0.0176003 -0.992295 16.3477 0.063984 0.997903 -0.00979166 -1.51978 0.990386 -0.0622902 0.123511 -143.199 0 0 0 1 
				29
				0.115944 -0.0175187 -0.993101 16.3477 0.0628431 0.997971 -0.0102676 -0.976217 0.991266 -0.0612191 0.11681 -143.302 0 0 0 1 
				30
				0.109664 -0.017449 -0.993815 16.3477 0.0617716 0.998033 -0.0107068 -0.466813 0.992047 -0.0602154 0.110527 -143.393 0 0 0 1 
				31
				0.103929 -0.01739 -0.994433 16.3477 0.0607859 0.998089 -0.0111012 -0.00211564 0.992725 -0.0592937 0.104788 -143.471 0 0 0 1 
		</Joint>
			7
				-1
				0.105095 -0.00766305 -0.994433 19.2329 -0.0321679 0.999421 -0.0111011 1.68541 0.993942 0.0331555 0.104788 -115.912 0 0 0 1 
				0
				0.110851 -0.00654915 -0.993815 19.3921 -0.0369507 0.99926 -0.0107065 1.24807 0.99315 0.037909 0.110527 -115.852 0 0 0 1 
				1
				0.117143 -0.00525782 -0.993101 19.5665 -0.0422014 0.999057 -0.0102673 0.768418 0.992218 0.043113 0.11681 -115.783 0 0 0 1 
				2
				0.12384 -0.00380009 -0.992295 19.7524 -0.0478071 0.998809 -0.00979146 0.256527 0.99115 0.0486513 0.123511 -115.704 0 0 0 1 
				3
				0.130811 -0.00219078 -0.991405 19.9464 -0.0536562 0.998516 -0.00928615 -0.277561 0.989954 0.0544097 0.130499 -115.616 0 0 0 1 
				4
				0.137927 -0.000449841 -0.990442 20.1448 -0.0596493 0.998181 -0.00875996 -0.824355 0.988645 0.0602874 0.137649 -115.522 0 0 0 1 
				5
				0.145064 0.00139626 -0.989421 20.3443 -0.0656824 0.997807 -0.00822192 -1.37426 0.98724 0.0661802 0.144837 -115.42 0 0 0 1 
				6
				0.152091 0.00331426 -0.988361 20.5413 -0.0716459 0.997401 -0.00768047 -1.91731 0.985766 0.0719801 0.151934 -115.315 0 0 0 1 
				7
				0.158879 0.00526088 -0.987284 20.732 -0.0774347 0.996972 -0.00714869 -2.44371 0.984257 0.0775858 0.158805 -115.208 0 0 0 1 
				8
				0.165309 0.00719281 -0.986215 20.9132 -0.0829415 0.996533 -0.00663457 -2.94385 0.982748 0.0828949 0.165333 -115.101 0 0 0 1 
				9
				0.171269 0.00905786 -0.985183 21.0816 -0.0880569 0.996097 -0.00615002 -3.40817 0.981281 0.0878054 0.171398 -114.997 0 0 0 1 
				10
				0.176631 0.0107996 -0.984218 21.2336 -0.0926776 0.99568 -0.00570688 -3.82705 0.979904 0.0922229 0.176869 -114.9 0 0 0 1 
				11
				0.181275 0.0123579 -0.983355 21.3654 -0.0966983 0.9953 -0.00531774 -4.19093 0.978667 0.0960527 0.181618 -114.813 0 0 0 1 
				12
				0.185089 0.0136722 -0.982627 21.4739 -0.100011 0.994974 -0.0049942 -4.49039 0.97762 0.0991976 0.185526 -114.74 0 0 0 1 
				13
				0.187962 0.0146818 -0.982067 21.5558 -0.102508 0.994721 -0.00474849 -4.71608 0.976812 0.101562 0.188475 -114.684 0 0 0 1 
				14
				0.189773 0.0153267 -0.981708 21.6075 -0.104084 0.994558 -0.00459306 -4.85849 0.976295 0.103052 0.190335 -114.647 0 0 0 1 
				15
				0.190401 0.0155529 -0.981583 21.6254 -0.104633 0.994501 -0.00453849 -4.90797 0.976115 0.10357 0.190982 -114.635 0 0 0 1 
				16
				0.189773 0.015327 -0.981708 21.6075 -0.104084 0.994558 -0.00459279 -4.85849 0.976295 0.103052 0.190336 -114.647 0 0 0 1 
				17
				0.187962 0.0146819 -0.982067 21.5558 -0.102508 0.994721 -0.00474836 -4.71608 0.976812 0.101562 0.188475 -114.684 0 0 0 1 
				18
				0.185089 0.0136721 -0.982627 21.4739 -0.100011 0.994974 -0.00499422 -4.49039 0.97762 0.0991974 0.185526 -114.74 0 0 0 1 
				19
				0.181275 0.0123579 -0.983355 21.3654 -0.0966983 0.9953 -0.00531774 -4.19093 0.978667 0.0960527 0.181618 -114.813 0 0 0 1 
				20
				0.176631 0.0107996 -0.984218 21.2336 -0.0926775 0.99568 -0.00570688 -3.82705 0.979904 0.0922229 0.176869 -114.9 0 0 0 1 
				21
				0.171269 0.00905759 -0.985183 21.0816 -0.0880566 0.996096 -0.00615024 -3.40817 0.981281 0.0878052 0.171398 -114.997 0 0 0 1 
				22
				0.165309 0.00719281 -0.986216 20.9133 -0.0829414 0.996533 -0.00663457 -2.94385 0.982748 0.0828949 0.165333 -115.101 0 0 0 1 
				23
				0.158879 0.0052609 -0.987284 20.732 -0.0774347 0.996972 -0.00714868 -2.44371 0.984257 0.0775858 0.158805 -115.208 0 0 0 1 
				24
				0.152092 0.00331398 -0.988361 20.5413 -0.0716459 0.997401 -0.00768076 -1.91731 0.985767 0.0719802 0.151934 -115.315 0 0 0 1 
				25
				0.145064 0.00139629 -0.989421 20.3443 -0.0656823 0.997807 -0.00822186 -1.37426 0.98724 0.0661801 0.144837 -115.42 0 0 0 1 
				26
				0.137927 -0.000449901 -0.990442 20.1448 -0.0596492 0.998181 -0.00876002 -0.824357 0.988645 0.0602874 0.137649 -115.522 0 0 0 1 
				27
				0.130811 -0.00219079 -0.991405 19.9464 -0.0536562 0.998516 -0.00928616 -0.27756 0.989954 0.0544097 0.130499 -115.616 0 0 0 1 
				28
				0.12384 -0.0037999 -0.992295 19.7524 -0.0478074 0.998809 -0.0097913 0.256525 0.99115 0.0486516 0.123511 -115.704 0 0 0 1 
				29
				0.117143 -0.00525782 -0.993101 19.5665 -0.0422014 0.999057 -0.0102673 0.768418 0.992218 0.0431131 0.11681 -115.783 0 0 0 1 
				30
				0.110851 -0.00654925 -0.993815 19.3921 -0.0369504 0.99926 -0.0107066 1.24807 0.99315 0.0379087 0.110527 -115.852 0 0 0 1 
				31
				0.105095 -0.00766305 -0.994433 19.2329 -0.0321679 0.999421 -0.0111011 1.68541 0.993942 0.0331555 0.104788 -115.912 0 0 0 1 
		</Joint>
			8
				-1
				0.105095 -0.994438 0.00687119 22.1506 -0.0321679 -0.0103053 -0.999429 0.792369 0.993942 0.104814 -0.033072 -88.318 0 0 0 1 
				0
				0.110851 -0.99382 0.00575779 22.4696 -0.0369507 -0.00991082 -0.999268 0.222257 0.99315 0.110557 -0.0378209 -88.2804 0 0 0 1 
				1
				0.117143 -0.993105 0.00446702 22.8186 -0.0422014 -0.00947173 -0.999064 -0.403167 0.992218 0.116844 -0.04302 -88.2369 0 0 0 1 
				2
				0.12384 -0.992297 0.00300994 23.1905 -0.0478071 -0.00899612 -0.998816 -1.07068 0.99115 0.12355 -0.048553 -88.1877 0 0 0 1 
				3
				0.130811 -0.991406 0.00140134 23.5779 -0.0536562 -0.00849105 -0.998524 -1.76715 0.989954 0.130542 -0.0543058 -88.1336 0 0 0 1 
				4
				0.137927 -0.990442 -0.000338834 23.9739 -0.0596493 -0.00796512 -0.998188 -2.48032 0.988645 0.137697 -0.0601778 -88.075 0 0 0 1 
				5
				0.145064 -0.98942 -0.00218412 24.3715 -0.0656824 -0.00742738 -0.997813 -3.19772 0.98724 0.14489 -0.0660649 -88.0129 0 0 0 1 
				6
				0.152092 -0.988358 -0.00410128 24.7636 -0.0716459 -0.00688626 -0.997407 -3.90633 0.985767 0.151991 -0.0718591 -87.9484 0 0 0 1 
				7
				0.158879 -0.98728 -0.00604703 25.1428 -0.0774346 -0.00635482 -0.996977 -4.59343 0.984257 0.158867 -0.0774593 -87.883 0 0 0 1 
				8
				0.165309 -0.986209 -0.00797812 25.5025 -0.0829415 -0.00584105 -0.996537 -5.24645 0.982748 0.165399 -0.0827632 -87.8179 0 0 0 1 
				9
				0.171269 -0.985175 -0.00984234 25.8364 -0.0880569 -0.00535684 -0.996101 -5.85278 0.981281 0.171468 -0.087669 -87.7552 0 0 0 1 
				10
				0.176631 -0.984209 -0.0115833 26.1372 -0.0926776 -0.00491403 -0.995684 -6.39994 0.979904 0.176943 -0.0920821 -87.6965 0 0 0 1 
				11
				0.181275 -0.983345 -0.0131409 26.3979 -0.0966983 -0.00452519 -0.995304 -6.87544 0.978667 0.181694 -0.095908 -87.6439 0 0 0 1 
				12
				0.185089 -0.982615 -0.0144546 26.6123 -0.100011 -0.00420191 -0.994978 -7.26686 0.97762 0.185605 -0.0990498 -87.5996 0 0 0 1 
				13
				0.187962 -0.982055 -0.0154638 26.774 -0.102508 -0.00395641 -0.994724 -7.56188 0.976812 0.188556 -0.101412 -87.5655 0 0 0 1 
				14
				0.189773 -0.981696 -0.0161084 26.8759 -0.104084 -0.00380111 -0.994561 -7.74804 0.976295 0.190417 -0.1029 -87.5438 0 0 0 1 
				15
				0.190401 -0.98157 -0.0163345 26.9113 -0.104633 -0.00374658 -0.994504 -7.81276 0.976115 0.191064 -0.103418 -87.5361 0 0 0 1 
				16
				0.189773 -0.981696 -0.0161088 26.8759 -0.104084 -0.00380084 -0.994561 -7.74805 0.976295 0.190418 -0.102901 -87.5438 0 0 0 1 
				17
				0.187962 -0.982055 -0.0154639 26.774 -0.102508 -0.00395628 -0.994724 -7.56188 0.976812 0.188556 -0.101412 -87.5655 0 0 0 1 
				18
				0.185089 -0.982615 -0.0144546 26.6123 -0.100011 -0.00420194 -0.994978 -7.26686 0.97762 0.185605 -0.0990496 -87.5996 0 0 0 1 
				19
				0.181275 -0.983345 -0.0131409 26.3979 -0.0966983 -0.00452519 -0.995304 -6.87544 0.978667 0.181694 -0.095908 -87.6439 0 0 0 1 
				20
