<?xml version='1.0' encoding='UTF-8' ?>
<itpanim>
	<skeleton count>
		25
			0 -1
			1.37091e-06 -1 -6.12323e-17 1e-06 1 1.37091e-06 -6.12323e-17 -1.37266e-12 6.12323e-17 -6.12323e-17 1 28.5847 0 0 0 1 
			1 0
			1.3868e-06 -2.28068e-12 -1 -28.5847 2.75771e-06 -1 6.10495e-12 1.00011e-06 -1 -2.75771e-06 -1.3868e-06 -3.96413e-05 0 0 0 1 
			2 1
			-0.000205999 -0.000823318 -1 -32.3694 -1.2413e-06 -1 0.000823318 0.0334634 -1 1.41091e-06 0.000205998 0.006668 0 0 0 1 
			3 2
			-0.000383998 -0.00100932 -0.999999 -40.926 -1.01137e-06 -0.999999 0.00100932 0.0478891 -1 1.39895e-06 0.000383997 0.0139528 0 0 0 1 
			4 3
			-0.000383998 -0.00100932 -0.999999 -49.4827 -1.01137e-06 -0.999999 0.00100932 0.0505055 -1 1.39895e-06 0.000383997 0.0139528 0 0 0 1 
			5 4
			1.34309e-06 9.82436e-13 -1 -52.7685 -1.40269e-06 -1 -2.86637e-12 -0.00275479 -1 1.40269e-06 -1.34309e-06 -0.00638105 0 0 0 1 
			6 5
			1 -0 0 0 0 1 0 0 -0 -0 1 -0 0 0 0 1 
			7 4
			0.950432 6.75818e-05 0.310933 13.7112 -1.42282e-06 1 -0.000213002 -0.00848516 -0.310933 0.000202002 0.950432 47.5785 0 0 0 1 
			8 7
			0.476976 0.0235792 0.8786 37.3074 0.0457757 0.997617 -0.0516241 -2.835 -0.877724 0.064842 0.47476 30.0749 0 0 0 1 
			9 8
			0.476835 0.0205565 0.878752 28.9208 0.0472206 0.997684 -0.0489619 -2.74739 -0.877724 0.064842 0.47476 30.0749 0 0 0 1 
			10 9
			0.476835 0.0205565 0.878752 20.0548 -0.877686 0.0656364 0.474721 30.0727 -0.0479195 -0.997632 0.0493399 2.77133 0 0 0 1 
			11 4
			-0.950193 6.50589e-05 0.311663 13.7378 -1.39561e-06 1 -0.000213002 -0.00848516 -0.311663 -0.000202828 -0.950193 -47.5698 0 0 0 1 
			12 11
			-0.476976 0.0235779 0.8786 37.2976 -0.0457784 0.997617 -0.0516241 -2.83503 -0.877723 -0.0648444 -0.47476 -30.0791 0 0 0 1 
			13 12
			-0.476835 0.0205552 0.878752 28.9109 -0.0472234 0.997684 -0.0489619 -2.74745 -0.877723 -0.0648444 -0.47476 -30.0791 0 0 0 1 
			14 13
			-0.476835 0.0205552 0.878752 20.045 0.877685 0.0656388 0.474721 30.0769 -0.0479222 0.997632 -0.0493399 -2.7714 0 0 0 1 
			15 2
			1.37369e-06 -0.0998331 0.995004 28.4419 0 -0.995004 -0.0998331 -2.8537 1 1.3714e-07 -1.36683e-06 -5.53938 0 0 0 1 
			16 15
			1.37369e-06 0.0998335 0.995004 16.029 0 -0.995004 0.0998335 0.337498 1 -1.3714e-07 -1.36683e-06 -5.53938 0 0 0 1 
			17 16
			1.3716e-06 -6.00745e-14 1 3.38056 0 -1 -6.00745e-14 5.01e-06 1 8.23984e-20 -1.3716e-06 -5.53938 0 0 0 1 
			18 17
			1.3716e-06 -1 -6.12323e-17 -7.15885 0 6.12323e-17 -1 -0.467524 1 1.3716e-06 8.39865e-23 -5.53938 0 0 0 1 
			19 18
			1 -0 0 0 0 1 0 0 -0 -0 1 -0 0 0 0 1 
			20 2
			1.37369e-06 -0.0998331 0.995004 28.4419 0 -0.995004 -0.0998331 -2.8537 1 1.3714e-07 -1.36683e-06 5.53939 0 0 0 1 
			21 20
			1.37369e-06 0.0998335 0.995004 16.029 0 -0.995004 0.0998335 0.337498 1 -1.3714e-07 -1.36683e-06 5.53939 0 0 0 1 
			22 21
			1.3716e-06 -6.00745e-14 1 3.38056 0 -1 -6.00745e-14 5.01e-06 1 8.23984e-20 -1.3716e-06 5.53939 0 0 0 1 
			23 22
			1.3716e-06 -1 -6.12323e-17 -7.15885 0 6.12323e-17 -1 -0.467524 1 1.3716e-06 8.39865e-23 5.53939 0 0 0 1 
			24 23
			1 -0 0 0 0 1 0 0 -0 -0 1 -0 0 0 0 1 
	</skeleton>
		<animations>
			49
			0
				-1
				-0.573575 0.819153 -2.02144e-33 0 -0.819153 -0.573575 -1.36318e-32 2.84751 -1.2326e-32 -6.16298e-33 1 -25.0991 0 0 0 1 
				0
				-0.80895 0.587878 0 -2.84801e-09 -0.587878 -0.80895 -0 2.78236 -0 -0 1 -26.5002 0 0 0 1 
				1
				-0.958339 0.285634 -2.3855e-33 -6.35244e-09 -0.285634 -0.958339 -1.35728e-32 2.70219 -6.16298e-33 -1.2326e-32 1 -27.9319 0 0 0 1 
				2
				-0.999423 0.0339767 0 -2.63626e-09 -0.0339767 -0.999423 -0 2.7872 -0 -0 1 -29.0126 0 0 0 1 
				3
				-0.997723 -0.0674426 7.68618e-34 1.96502e-08 0.0674426 -0.997723 -5.19559e-35 3.29706 7.70372e-34 -0 1 -29.4414 0 0 0 1 
				4
				-0.998629 -0.0523538 -0 5.59333e-08 0.0523538 -0.998629 0 4.12712 -0 -0 1 -29.3776 0 0 0 1 
				5
				-0.999963 -0.00855557 -0 8.27785e-08 0.00855557 -0.999963 0 4.74126 -0 -0 1 -29.1924 0 0 0 1 
				6
				-0.999996 -0.00293507 -0 8.55052e-08 0.00293507 -0.999996 0 4.80364 -0 -0 1 -29.168 0 0 0 1 
				7
				-0.99981 -0.0195168 3.37106e-34 7.755e-08 0.0195168 -0.99981 -1.23349e-32 4.62165 5.77779e-34 -1.2326e-32 1 -29.2355 0 0 0 1 
				8
				-0.999107 -0.0422595 -3.84842e-34 6.48123e-08 0.0422595 -0.999107 1.62778e-35 4.33024 -3.85186e-34 -0 1 -29.3279 0 0 0 1 
				9
				-0.997983 -0.0634806 -0 4.91056e-08 0.0634806 -0.997983 0 3.97092 -0 -0 1 -29.4142 0 0 0 1 
				10
				-0.997191 -0.0749015 -9.23232e-34 3.25132e-08 0.0749015 -0.997191 -1.22913e-32 3.59133 -0 -1.2326e-32 1 -29.4607 0 0 0 1 
				11
				-0.997667 -0.0682631 -7.28325e-35 1.71183e-08 0.0682631 -0.997667 -1.23498e-32 3.23913 7.70372e-34 -1.2326e-32 1 -29.4337 0 0 0 1 
				12
				-0.999364 -0.0356681 -0 4.96298e-09 0.0356681 -0.999364 0 2.96105 -0 -0 1 -29.3011 0 0 0 1 
				13
				-0.999417 0.0341457 3.59174e-35 -2.27631e-09 -0.0341457 -0.999417 -1.23319e-32 2.79544 -3.85186e-34 -1.2326e-32 1 -29.0175 0 0 0 1 
				14
				-0.987841 0.155464 0 -5.44193e-09 -0.155464 -0.987841 -0 2.72302 -0 -0 1 -28.5221 0 0 0 1 
				15
				-0.949868 0.31265 -2.92701e-33 -5.97877e-09 -0.31265 -0.949868 -9.63428e-34 2.71073 -3.08149e-33 -0 1 -27.8645 0 0 0 1 
				16
				-0.877906 0.478834 0 -4.77181e-09 -0.478834 -0.877906 -0 2.73835 -0 -0 1 -27.1278 0 0 0 1 
				17
				-0.777342 0.629079 0 -2.74027e-09 -0.629079 -0.777342 -0 2.78482 -0 -0 1 -26.3924 0 0 0 1 
				18
				-0.666938 0.745113 0 -8.33291e-10 -0.745113 -0.666938 -0 2.82845 -0 -0 1 -25.7411 0 0 0 1 
				19
				-0.573575 0.819153 -2.02144e-33 0 -0.819153 -0.573575 -1.36318e-32 2.84751 -1.2326e-32 -6.16298e-33 1 -25.2568 0 0 0 1 
				20
				-0.530057 0.847962 5.22597e-33 0 -0.847962 -0.530057 -3.26673e-33 2.84751 -0 -6.16298e-33 1 -25.0448 0 0 0 1 
				21
				-0.535173 0.844742 -1.3904e-33 0 -0.844742 -0.535173 -1.37105e-32 2.84751 -1.2326e-32 -6.16298e-33 1 -25.0693 0 0 0 1 
				22
				-0.559543 0.828801 0 0 -0.828801 -0.559543 -0 2.84751 -0 -0 1 -25.1876 0 0 0 1 
				23
				-0.573575 0.819153 -2.02144e-33 0 -0.819153 -0.573575 -1.36318e-32 2.84751 -1.2326e-32 -6.16298e-33 1 -25.2568 0 0 0 1 
				24
				-0.573575 0.819153 -2.02144e-33 0 -0.819153 -0.573575 -1.36318e-32 2.84751 -1.2326e-32 -6.16298e-33 1 -25.2568 0 0 0 1 
				25
				-0.573575 0.819153 -2.02144e-33 0 -0.819153 -0.573575 -1.36318e-32 2.84751 -1.2326e-32 -6.16298e-33 1 -25.2568 0 0 0 1 
				26
				-0.573575 0.819153 -2.02144e-33 0 -0.819153 -0.573575 -1.36318e-32 2.84751 -1.2326e-32 -6.16298e-33 1 -25.2568 0 0 0 1 
				27
				-0.573575 0.819153 -2.02144e-33 0 -0.819153 -0.573575 -1.36318e-32 2.84751 -1.2326e-32 -6.16298e-33 1 -25.2568 0 0 0 1 
				28
				-0.573575 0.819153 -2.02144e-33 0 -0.819153 -0.573575 -1.36318e-32 2.84751 -1.2326e-32 -6.16298e-33 1 -25.2568 0 0 0 1 
				29
				-0.573575 0.819153 -2.02144e-33 0 -0.819153 -0.573575 -1.36318e-32 2.84751 -1.2326e-32 -6.16298e-33 1 -25.2568 0 0 0 1 
				30
				-0.573575 0.819153 -2.02144e-33 0 -0.819153 -0.573575 -1.36318e-32 2.84751 -1.2326e-32 -6.16298e-33 1 -25.2568 0 0 0 1 
				31
				-0.573575 0.819153 -2.02144e-33 0 -0.819153 -0.573575 -1.36318e-32 2.84751 -1.2326e-32 -6.16298e-33 1 -25.2568 0 0 0 1 
				32
				-0.573575 0.819153 -2.02144e-33 0 -0.819153 -0.573575 -1.36318e-32 2.84751 -1.2326e-32 -6.16298e-33 1 -25.2568 0 0 0 1 
				33
				-0.573575 0.819153 -2.02144e-33 0 -0.819153 -0.573575 -1.36318e-32 2.84751 -1.2326e-32 -6.16298e-33 1 -25.2568 0 0 0 1 
				34
				-0.573575 0.819153 -2.02144e-33 0 -0.819153 -0.573575 -1.36318e-32 2.84751 -1.2326e-32 -6.16298e-33 1 -25.2568 0 0 0 1 
				35
				-0.573575 0.819153 -2.02144e-33 0 -0.819153 -0.573575 -1.36318e-32 2.84751 -1.2326e-32 -6.16298e-33 1 -25.2568 0 0 0 1 
				36
				-0.573575 0.819153 -2.02144e-33 0 -0.819153 -0.573575 -1.36318e-32 2.84751 -1.2326e-32 -6.16298e-33 1 -25.2568 0 0 0 1 
				37
				-0.573575 0.819153 -2.02144e-33 0 -0.819153 -0.573575 -1.36318e-32 2.84751 -1.2326e-32 -6.16298e-33 1 -25.2568 0 0 0 1 
				38
				-0.573575 0.819153 -2.02144e-33 0 -0.819153 -0.573575 -1.36318e-32 2.84751 -1.2326e-32 -6.16298e-33 1 -25.2568 0 0 0 1 
				39
				-0.573575 0.819153 -2.02144e-33 0 -0.819153 -0.573575 -1.36318e-32 2.84751 -1.2326e-32 -6.16298e-33 1 -25.2568 0 0 0 1 
				40
				-0.573575 0.819153 -2.02144e-33 0 -0.819153 -0.573575 -1.36318e-32 2.84751 -1.2326e-32 -6.16298e-33 1 -25.2568 0 0 0 1 
				41
				-0.573575 0.819153 -2.02144e-33 0 -0.819153 -0.573575 -1.36318e-32 2.84751 -1.2326e-32 -6.16298e-33 1 -25.2568 0 0 0 1 
				42
				-0.573575 0.819153 -2.02144e-33 0 -0.819153 -0.573575 -1.36318e-32 2.84751 -1.2326e-32 -6.16298e-33 1 -25.2568 0 0 0 1 
				43
				-0.573575 0.819153 -2.02144e-33 0 -0.819153 -0.573575 -1.36318e-32 2.84751 -1.2326e-32 -6.16298e-33 1 -25.2568 0 0 0 1 
				44
				-0.573575 0.819153 -2.02144e-33 0 -0.819153 -0.573575 -1.36318e-32 2.84751 -1.2326e-32 -6.16298e-33 1 -25.2568 0 0 0 1 
				45
				-0.573575 0.819153 -2.02144e-33 0 -0.819153 -0.573575 -1.36318e-32 2.84751 -1.2326e-32 -6.16298e-33 1 -25.2568 0 0 0 1 
				46
				-0.573575 0.819153 -2.02144e-33 0 -0.819153 -0.573575 -1.36318e-32 2.84751 -1.2326e-32 -6.16298e-33 1 -25.2568 0 0 0 1 
				47
				-0.573575 0.819153 -2.02144e-33 0 -0.819153 -0.573575 -1.36318e-32 2.84751 -1.2326e-32 -6.16298e-33 1 -25.2568 0 0 0 1 
		</Joint>
			1
				-1
				1.33158e-06 -0.573574 -0.819154 0 0 -0.819154 0.573574 2.84751 -1 -7.6376e-07 -1.09077e-06 -25.0991 0 0 0 1 
				0
				1.33158e-06 -0.808949 -0.587879 -2.84801e-09 0 -0.587879 0.808949 2.78236 -1 -1.07718e-06 -7.82808e-07 -26.5002 0 0 0 1 
				1
				1.33158e-06 -0.958338 -0.285636 -6.35244e-09 0 -0.285636 0.958338 2.70219 -1 -1.2761e-06 -3.80347e-07 -27.9319 0 0 0 1 
				2
				1.33158e-06 -0.999423 -0.0339781 -2.63626e-09 0 -0.0339781 0.999423 2.7872 -1 -1.33081e-06 -4.52445e-08 -29.0126 0 0 0 1 
				3
				1.33158e-06 -0.997723 0.0674413 1.96502e-08 0 0.0674413 0.997723 3.29706 -1 -1.32855e-06 8.98035e-08 -29.4414 0 0 0 1 
				4
				1.33158e-06 -0.998629 0.0523525 5.59333e-08 0 0.0523525 0.998629 4.12712 -1 -1.32975e-06 6.97115e-08 -29.3776 0 0 0 1 
				5
				1.33158e-06 -0.999963 0.00855424 8.27785e-08 0 0.00855424 0.999963 4.74126 -1 -1.33153e-06 1.13907e-08 -29.1924 0 0 0 1 
				6
				1.33158e-06 -0.999996 0.00293373 8.55052e-08 0 0.00293373 0.999996 4.80364 -1 -1.33157e-06 3.9065e-09 -29.168 0 0 0 1 
				7
				1.33158e-06 -0.99981 0.0195155 7.755e-08 0 0.0195155 0.99981 4.62165 -1 -1.33133e-06 2.59864e-08 -29.2355 0 0 0 1 
				8
				1.33158e-06 -0.999107 0.0422582 6.48123e-08 0 0.0422582 0.999107 4.33024 -1 -1.33039e-06 5.62702e-08 -29.3279 0 0 0 1 
				9
				1.33158e-06 -0.997983 0.0634793 4.91056e-08 0 0.0634793 0.997983 3.97092 -1 -1.32889e-06 8.45278e-08 -29.4142 0 0 0 1 
				10
				1.33158e-06 -0.997191 0.0749 3.25132e-08 0 0.0749 0.997191 3.59133 -1 -1.32784e-06 9.97355e-08 -29.4607 0 0 0 1 
				11
				1.33158e-06 -0.997667 0.0682617 1.71183e-08 0 0.0682617 0.997667 3.23913 -1 -1.32847e-06 9.0896e-08 -29.4337 0 0 0 1 
				12
				1.33158e-06 -0.999364 0.0356668 4.96298e-09 0 0.0356668 0.999364 2.96105 -1 -1.33073e-06 4.74932e-08 -29.3011 0 0 0 1 
				13
				1.33158e-06 -0.999417 -0.0341471 -2.27631e-09 0 -0.0341471 0.999417 2.79544 -1 -1.3308e-06 -4.54696e-08 -29.0175 0 0 0 1 
				14
				1.33158e-06 -0.987841 -0.155466 -5.44193e-09 0 -0.155466 0.987841 2.72302 -1 -1.31539e-06 -2.07015e-07 -28.5221 0 0 0 1 
				15
				1.33158e-06 -0.949868 -0.312652 -5.97877e-09 0 -0.312652 0.949868 2.71073 -1 -1.26483e-06 -4.16321e-07 -27.8645 0 0 0 1 
				16
				1.33158e-06 -0.877905 -0.478835 -4.77181e-09 0 -0.478835 0.877905 2.73835 -1 -1.169e-06 -6.37607e-07 -27.1278 0 0 0 1 
				17
				1.33158e-06 -0.777341 -0.62908 -2.74027e-09 0 -0.62908 0.777341 2.78482 -1 -1.03509e-06 -8.3767e-07 -26.3924 0 0 0 1 
				18
				1.33158e-06 -0.666937 -0.745114 -8.33291e-10 0 -0.745114 0.666937 2.82845 -1 -8.8808e-07 -9.92179e-07 -25.7411 0 0 0 1 
				19
				1.33158e-06 -0.573574 -0.819154 0 0 -0.819154 0.573574 2.84751 -1 -7.6376e-07 -1.09077e-06 -25.2568 0 0 0 1 
				20
				1.33158e-06 -0.530056 -0.847963 0 0 -0.847963 0.530056 2.84751 -1 -7.05812e-07 -1.12913e-06 -25.0448 0 0 0 1 
				21
				1.33158e-06 -0.535172 -0.844743 0 0 -0.844743 0.535172 2.84751 -1 -7.12625e-07 -1.12484e-06 -25.0693 0 0 0 1 
				22
				1.33158e-06 -0.559542 -0.828802 0 0 -0.828802 0.559542 2.84751 -1 -7.45075e-07 -1.10362e-06 -25.1876 0 0 0 1 
				23
				1.33158e-06 -0.573574 -0.819154 0 0 -0.819154 0.573574 2.84751 -1 -7.6376e-07 -1.09077e-06 -25.2568 0 0 0 1 
				24
				1.33158e-06 -0.573574 -0.819154 0 0 -0.819154 0.573574 2.84751 -1 -7.6376e-07 -1.09077e-06 -25.2568 0 0 0 1 
				25
				1.33158e-06 -0.573574 -0.819154 0 0 -0.819154 0.573574 2.84751 -1 -7.6376e-07 -1.09077e-06 -25.2568 0 0 0 1 
				26
				1.33158e-06 -0.573574 -0.819154 0 0 -0.819154 0.573574 2.84751 -1 -7.6376e-07 -1.09077e-06 -25.2568 0 0 0 1 
				27
				1.33158e-06 -0.573574 -0.819154 0 0 -0.819154 0.573574 2.84751 -1 -7.6376e-07 -1.09077e-06 -25.2568 0 0 0 1 
				28
				1.33158e-06 -0.573574 -0.819154 0 0 -0.819154 0.573574 2.84751 -1 -7.6376e-07 -1.09077e-06 -25.2568 0 0 0 1 
				29
				1.33158e-06 -0.573574 -0.819154 0 0 -0.819154 0.573574 2.84751 -1 -7.6376e-07 -1.09077e-06 -25.2568 0 0 0 1 
				30
				1.33158e-06 -0.573574 -0.819154 0 0 -0.819154 0.573574 2.84751 -1 -7.6376e-07 -1.09077e-06 -25.2568 0 0 0 1 
				31
				1.33158e-06 -0.573574 -0.819154 0 0 -0.819154 0.573574 2.84751 -1 -7.6376e-07 -1.09077e-06 -25.2568 0 0 0 1 
				32
				1.33158e-06 -0.573574 -0.819154 0 0 -0.819154 0.573574 2.84751 -1 -7.6376e-07 -1.09077e-06 -25.2568 0 0 0 1 
				33
				1.33158e-06 -0.573574 -0.819154 0 0 -0.819154 0.573574 2.84751 -1 -7.6376e-07 -1.09077e-06 -25.2568 0 0 0 1 
				34
				1.33158e-06 -0.573574 -0.819154 0 0 -0.819154 0.573574 2.84751 -1 -7.6376e-07 -1.09077e-06 -25.2568 0 0 0 1 
				35
				1.33158e-06 -0.573574 -0.819154 0 0 -0.819154 0.573574 2.84751 -1 -7.6376e-07 -1.09077e-06 -25.2568 0 0 0 1 
				36
				1.33158e-06 -0.573574 -0.819154 0 0 -0.819154 0.573574 2.84751 -1 -7.6376e-07 -1.09077e-06 -25.2568 0 0 0 1 
				37
				1.33158e-06 -0.573574 -0.819154 0 0 -0.819154 0.573574 2.84751 -1 -7.6376e-07 -1.09077e-06 -25.2568 0 0 0 1 
				38
				1.33158e-06 -0.573574 -0.819154 0 0 -0.819154 0.573574 2.84751 -1 -7.6376e-07 -1.09077e-06 -25.2568 0 0 0 1 
				39
				1.33158e-06 -0.573574 -0.819154 0 0 -0.819154 0.573574 2.84751 -1 -7.6376e-07 -1.09077e-06 -25.2568 0 0 0 1 
				40
				1.33158e-06 -0.573574 -0.819154 0 0 -0.819154 0.573574 2.84751 -1 -7.6376e-07 -1.09077e-06 -25.2568 0 0 0 1 
				41
				1.33158e-06 -0.573574 -0.819154 0 0 -0.819154 0.573574 2.84751 -1 -7.6376e-07 -1.09077e-06 -25.2568 0 0 0 1 
				42
				1.33158e-06 -0.573574 -0.819154 0 0 -0.819154 0.573574 2.84751 -1 -7.6376e-07 -1.09077e-06 -25.2568 0 0 0 1 
				43
				1.33158e-06 -0.573574 -0.819154 0 0 -0.819154 0.573574 2.84751 -1 -7.6376e-07 -1.09077e-06 -25.2568 0 0 0 1 
				44
				1.33158e-06 -0.573574 -0.819154 0 0 -0.819154 0.573574 2.84751 -1 -7.6376e-07 -1.09077e-06 -25.2568 0 0 0 1 
				45
				1.33158e-06 -0.573574 -0.819154 0 0 -0.819154 0.573574 2.84751 -1 -7.6376e-07 -1.09077e-06 -25.2568 0 0 0 1 
				46
				1.33158e-06 -0.573574 -0.819154 0 0 -0.819154 0.573574 2.84751 -1 -7.6376e-07 -1.09077e-06 -25.2568 0 0 0 1 
				47
				1.33158e-06 -0.573574 -0.819154 0 0 -0.819154 0.573574 2.84751 -1 -7.6376e-07 -1.09077e-06 -25.2568 0 0 0 1 
		</Joint>
			2
				-1
				-0.171245 -0.296064 -0.939692 0.00201911 -0.470496 -0.813422 0.342021 2.85305 -0.865626 0.500691 -2.35749e-06 -28.8872 0 0 0 1 
				0
				-0.195128 -0.620334 -0.759678 0.00422446 -0.268761 -0.711098 0.649698 2.78719 -0.943235 0.330946 -0.0279661 -30.2871 0 0 0 1 
				1
				-0.10349 -0.875588 -0.471843 0.00596079 -0.11385 -0.460844 0.880148 2.70532 -0.988093 0.144805 -0.0519928 -31.7176 0 0 0 1 
				2
				0.0109309 -0.978172 -0.207508 0.00665853 -0.0514941 -0.207795 0.976816 2.78861 -0.998613 7.92765e-06 -0.0526415 -32.7972 0 0 0 1 
				3
				0.0586698 -0.993408 -0.0984763 0.00676304 -0.00819708 -0.0991223 0.995042 3.29773 -0.998244 -0.0575716 -0.0139585 -33.2257 0 0 0 1 
				4
				0.0424598 -0.992208 -0.117133 0.00675479 0.0576343 -0.114611 0.991737 4.12789 -0.997434 -0.0488598 0.0523189 -33.1619 0 0 0 1 
				5
				0.00577841 -0.98641 -0.164202 0.00671585 0.113568 -0.162495 0.980152 4.74236 -0.993513 -0.0243119 0.111086 -32.9769 0 0 0 1 
				6
				-0.00449399 -0.985395 -0.170224 0.00670899 0.137503 -0.169218 0.97594 4.80479 -0.990491 -0.0190205 0.136255 -32.9526 0 0 0 1 
				7
				-0.00243637 -0.988069 -0.153994 0.00672709 0.140901 -0.152797 0.978162 4.62268 -0.990021 -0.0193146 0.139592 -33.02 0 0 0 1 
				8
				0.00158244 -0.99129 -0.131687 0.0067489 0.134862 -0.130272 0.982263 4.33113 -0.990863 -0.019314 0.133482 -33.1125 0 0 0 1 
				9
				0.00521066 -0.993835 -0.110745 0.00676613 0.128014 -0.109172 0.985745 3.97166 -0.991759 -0.0193133 0.126656 -33.1988 0 0 0 1 
				10
				0.00649682 -0.99502 -0.0994663 0.00677413 0.129722 -0.0977893 0.986717 3.59199 -0.991529 -0.0193135 0.128441 -33.2453 0 0 0 1 
				11
				0.00476354 -0.994346 -0.10608 0.00676955 0.137844 -0.104416 0.984935 3.23984 -0.990442 -0.0193143 0.136567 -33.2182 0 0 0 1 
				12
				-7.69393e-06 -0.990406 -0.138186 0.00674288 0.1377 -0.13687 0.980972 2.96198 -0.990474 -0.0190206 0.13638 -33.0857 0 0 0 1 
				13
				0.0010635 -0.978572 -0.205903 0.0066626 0.113048 -0.204466 0.972324 2.79682 -0.993589 -0.0243109 0.110408 -32.802 0 0 0 1 
				14
				0.0300372 -0.946998 -0.319833 0.00644791 0.0639172 -0.317502 0.946101 2.72517 -0.997503 -0.0488611 0.0509926 -32.3064 0 0 0 1 
				15
				0.0576581 -0.883238 -0.465367 0.00601461 0.0140615 -0.465378 0.885 2.7139 -0.998237 -0.0575712 -0.0144132 -31.6488 0 0 0 1 
				16
				0.0309976 -0.78073 -0.6241 0.00531601 -0.0424657 -0.624865 0.779578 2.74259 -0.998617 0.0023378 -0.0525235 -30.9125 0 0 0 1 
				17
				-0.0698278 -0.628618 -0.774573 0.00427846 -0.164053 -0.75866 0.630493 2.78998 -0.983977 0.171097 -0.0501514 -30.1783 0 0 0 1 
				18
				-0.156 -0.442714 -0.882988 0.00301455 -0.339717 -0.815352 0.468821 2.83399 -0.9275 0.373103 -0.0232025 -29.5283 0 0 0 1 
				19
				-0.171245 -0.296064 -0.939692 0.00201911 -0.470496 -0.813422 0.342021 2.85305 -0.865626 0.500691 -2.35749e-06 -29.0449 0 0 0 1 
				20
				-0.158786 -0.239179 -0.957904 0.00163184 -0.513009 -0.808972 0.28703 2.85302 -0.843569 0.53699 0.00575282 -28.8331 0 0 0 1 
				21
				-0.160462 -0.245742 -0.955961 0.00167649 -0.508128 -0.80975 0.293448 2.85302 -0.846202 0.532838 0.00506605 -28.8576 0 0 0 1 
				22
				-0.167685 -0.277445 -0.945995 0.00189222 -0.484445 -0.81254 0.324177 2.85304 -0.8586 0.512642 0.00184371 -28.9758 0 0 0 1 
				23
				-0.171245 -0.296064 -0.939692 0.00201911 -0.470496 -0.813422 0.342021 2.85305 -0.865626 0.500691 -2.35749e-06 -29.0449 0 0 0 1 
				24
				-0.171245 -0.296064 -0.939692 0.00201911 -0.470496 -0.813422 0.342021 2.85305 -0.865626 0.500691 -2.35749e-06 -29.0449 0 0 0 1 
				25
				-0.171245 -0.296064 -0.939692 0.00201911 -0.470496 -0.813422 0.342021 2.85305 -0.865626 0.500691 -2.35749e-06 -29.0449 0 0 0 1 
				26
				-0.171245 -0.296064 -0.939692 0.00201911 -0.470496 -0.813422 0.342021 2.85305 -0.865626 0.500691 -2.35749e-06 -29.0449 0 0 0 1 
				27
				-0.171245 -0.296064 -0.939692 0.00201911 -0.470496 -0.813422 0.342021 2.85305 -0.865626 0.500691 -2.35749e-06 -29.0449 0 0 0 1 
				28
				-0.171245 -0.296064 -0.939692 0.00201911 -0.470496 -0.813422 0.342021 2.85305 -0.865626 0.500691 -2.35749e-06 -29.0449 0 0 0 1 
				29
				-0.171245 -0.296064 -0.939692 0.00201911 -0.470496 -0.813422 0.342021 2.85305 -0.865626 0.500691 -2.35749e-06 -29.0449 0 0 0 1 
				30
				-0.171245 -0.296064 -0.939692 0.00201911 -0.470496 -0.813422 0.342021 2.85305 -0.865626 0.500691 -2.35749e-06 -29.0449 0 0 0 1 
				31
				-0.171245 -0.296064 -0.939692 0.00201911 -0.470496 -0.813422 0.342021 2.85305 -0.865626 0.500691 -2.35749e-06 -29.0449 0 0 0 1 
				32
				-0.171245 -0.296064 -0.939692 0.00201911 -0.470496 -0.813422 0.342021 2.85305 -0.865626 0.500691 -2.35749e-06 -29.0449 0 0 0 1 
				33
				-0.171245 -0.296064 -0.939692 0.00201911 -0.470496 -0.813422 0.342021 2.85305 -0.865626 0.500691 -2.35749e-06 -29.0449 0 0 0 1 
				34
				-0.171245 -0.296064 -0.939692 0.00201911 -0.470496 -0.813422 0.342021 2.85305 -0.865626 0.500691 -2.35749e-06 -29.0449 0 0 0 1 
				35
				-0.171245 -0.296064 -0.939692 0.00201911 -0.470496 -0.813422 0.342021 2.85305 -0.865626 0.500691 -2.35749e-06 -29.0449 0 0 0 1 
				36
				-0.171245 -0.296064 -0.939692 0.00201911 -0.470496 -0.813422 0.342021 2.85305 -0.865626 0.500691 -2.35749e-06 -29.0449 0 0 0 1 
				37
				-0.171245 -0.296064 -0.939692 0.00201911 -0.470496 -0.813422 0.342021 2.85305 -0.865626 0.500691 -2.35749e-06 -29.0449 0 0 0 1 
				38
				-0.171245 -0.296064 -0.939692 0.00201911 -0.470496 -0.813422 0.342021 2.85305 -0.865626 0.500691 -2.35749e-06 -29.0449 0 0 0 1 
				39
				-0.171245 -0.296064 -0.939692 0.00201911 -0.470496 -0.813422 0.342021 2.85305 -0.865626 0.500691 -2.35749e-06 -29.0449 0 0 0 1 
				40
				-0.171245 -0.296064 -0.939692 0.00201911 -0.470496 -0.813422 0.342021 2.85305 -0.865626 0.500691 -2.35749e-06 -29.0449 0 0 0 1 
				41
				-0.171245 -0.296064 -0.939692 0.00201911 -0.470496 -0.813422 0.342021 2.85305 -0.865626 0.500691 -2.35749e-06 -29.0449 0 0 0 1 
				42
				-0.171245 -0.296064 -0.939692 0.00201911 -0.470496 -0.813422 0.342021 2.85305 -0.865626 0.500691 -2.35749e-06 -29.0449 0 0 0 1 
				43
				-0.171245 -0.296064 -0.939692 0.00201911 -0.470496 -0.813422 0.342021 2.85305 -0.865626 0.500691 -2.35749e-06 -29.0449 0 0 0 1 
				44
				-0.171245 -0.296064 -0.939692 0.00201911 -0.470496 -0.813422 0.342021 2.85305 -0.865626 0.500691 -2.35749e-06 -29.0449 0 0 0 1 
				45
				-0.171245 -0.296064 -0.939692 0.00201911 -0.470496 -0.813422 0.342021 2.85305 -0.865626 0.500691 -2.35749e-06 -29.0449 0 0 0 1 
				46
				-0.171245 -0.296064 -0.939692 0.00201911 -0.470496 -0.813422 0.342021 2.85305 -0.865626 0.500691 -2.35749e-06 -29.0449 0 0 0 1 
				47
				-0.171245 -0.296064 -0.939692 0.00201911 -0.470496 -0.813422 0.342021 2.85305 -0.865626 0.500691 -2.35749e-06 -29.0449 0 0 0 1 
		</Joint>
			3
				-1
				-0.17587 -0.0124096 -0.984335 -1.46318 -0.615202 -0.779224 0.119741 -1.16751 -0.768503 0.626624 0.129407 -36.2983 0 0 0 1 
				0
				-0.239582 -0.377726 -0.894385 -1.66285 -0.364604 -0.818782 0.443464 0.49308 -0.899814 0.432342 0.0584449 -38.361 0 0 0 1 
				1
				-0.141319 -0.717188 -0.6824 -0.874678 -0.149286 -0.665997 0.730864 1.73568 -0.978643 0.205157 -0.0129483 -40.1738 0 0 0 1 
				2
				0.00549423 -0.891188 -0.4536 0.106262 -0.054491 -0.4532 0.889742 2.35108 -0.998499 0.0198287 -0.0510518 -41.3422 0 0 0 1 
				3
				0.0701751 -0.933282 -0.352222 0.515139 -0.0040635 -0.353357 0.93548 3.22999 -0.997527 -0.0642161 -0.0285892 -41.7669 0 0 0 1 
				4
				0.0513473 -0.927638 -0.369934 0.376389 0.0609292 -0.366823 0.928293 4.62355 -0.99682 -0.0702052 0.0376848 -41.6961 0 0 0 1 
				5
				0.00731297 -0.91029 -0.413907 0.0623619 0.114036 -0.410459 0.904721 5.71693 -0.99345 -0.0538163 0.100804 -41.4777 0 0 0 1 
				6
				-0.0045192 -0.907761 -0.419464 -0.0255595 0.137266 -0.416061 0.898917 5.98419 -0.990524 -0.0535159 0.126485 -41.4275 0 0 0 1 
				7
				-0.00237783 -0.914545 -0.404478 -0.00788891 0.140703 -0.400761 0.905314 5.83105 -0.990049 -0.0547587 0.129632 -41.4909 0 0 0 1 
				8
				0.00163648 -0.92343 -0.383764 0.026581 0.134664 -0.380065 0.915104 5.48769 -0.99089 -0.0531766 0.12373 -41.5906 0 0 0 1 
				9
				0.00526045 -0.931308 -0.364194 0.0576974 0.127814 -0.360585 0.923927 5.06948 -0.991784 -0.0514093 0.117137 -41.6846 0 0 0 1 
				10
				0.00654431 -0.935372 -0.353606 0.0687383 0.129521 -0.349842 0.927812 4.70436 -0.991555 -0.0518714 0.118861 -41.7291 0 0 0 1 
				11
				0.00481238 -0.933009 -0.35982 0.0538866 0.137644 -0.355781 0.924377 4.42175 -0.99047 -0.0539756 0.126711 -41.6927 0 0 0 1 
				12
				-4.06326e-05 -0.920894 -0.389813 0.0129515 0.137464 -0.386118 0.91215 4.14286 -0.990507 -0.0535483 0.126606 -41.5604 0 0 0 1 
				13
				0.00257671 -0.891933 -0.45216 0.0218397 0.11358 -0.448975 0.886296 3.76719 -0.993526 -0.05364 0.100149 -41.3034 0 0 0 1 
				14
				0.0380504 -0.831627 -0.554029 0.269132 0.0689806 -0.550922 0.831701 3.27584 -0.996892 -0.0698638 0.0364034 -40.8413 0 0 0 1 
				15
				0.0667649 -0.731934 -0.678097 0.504362 0.0222179 -0.678354 0.734399 2.83884 -0.997521 -0.064098 -0.0290282 -40.1899 0 0 0 1 
				16
				0.0270437 -0.592806 -0.804891 0.274591 -0.0481848 -0.805023 0.591284 2.38472 -0.998472 0.0227931 -0.050335 -39.4575 0 0 0 1 
				17
				-0.0943926 -0.401719 -0.910885 -0.590478 -0.218646 -0.884265 0.412637 1.39226 -0.971228 0.238111 -0.00436615 -38.5994 0 0 0 1 
				18
				-0.180076 -0.177459 -0.967513 -1.33062 -0.453655 -0.857757 0.241764 -0.0670077 -0.872794 0.482453 0.0739564 -37.4679 0 0 0 1 
				19
				-0.17587 -0.0124096 -0.984335 -1.46318 -0.615202 -0.779224 0.119741 -1.16751 -0.768503 0.626624 0.129407 -36.456 0 0 0 1 
				20
				-0.152618 0.0462779 -0.987201 -1.35736 -0.664108 -0.744559 0.0677655 -1.53155 -0.731893 0.665951 0.144367 -36.0558 0 0 0 1 
				21
				-0.155609 0.0396211 -0.987024 -1.37161 -0.658577 -0.748889 0.0737656 -1.48975 -0.736248 0.66151 0.142627 -36.1028 0 0 0 1 
				22
				-0.168927 0.00704416 -0.985603 -1.43298 -0.631429 -0.768598 0.10273 -1.28695 -0.75681 0.639693 0.134285 -36.3269 0 0 0 1 
				23
				-0.17587 -0.0124096 -0.984335 -1.46318 -0.615202 -0.779224 0.119741 -1.16751 -0.768503 0.626624 0.129407 -36.456 0 0 0 1 
				24
				-0.17587 -0.0124096 -0.984335 -1.46318 -0.615202 -0.779224 0.119741 -1.16751 -0.768503 0.626624 0.129407 -36.456 0 0 0 1 
				25
				-0.17587 -0.0124096 -0.984335 -1.46318 -0.615202 -0.779224 0.119741 -1.16751 -0.768503 0.626624 0.129407 -36.456 0 0 0 1 
				26
				-0.17587 -0.0124096 -0.984335 -1.46318 -0.615202 -0.779224 0.119741 -1.16751 -0.768503 0.626624 0.129407 -36.456 0 0 0 1 
				27
				-0.17587 -0.0124096 -0.984335 -1.46318 -0.615202 -0.779224 0.119741 -1.16751 -0.768503 0.626624 0.129407 -36.456 0 0 0 1 
				28
				-0.17587 -0.0124096 -0.984335 -1.46318 -0.615202 -0.779224 0.119741 -1.16751 -0.768503 0.626624 0.129407 -36.456 0 0 0 1 
				29
				-0.17587 -0.0124096 -0.984335 -1.46318 -0.615202 -0.779224 0.119741 -1.16751 -0.768503 0.626624 0.129407 -36.456 0 0 0 1 
				30
				-0.17587 -0.0124096 -0.984335 -1.46318 -0.615202 -0.779224 0.119741 -1.16751 -0.768503 0.626624 0.129407 -36.456 0 0 0 1 
				31
				-0.17587 -0.0124096 -0.984335 -1.46318 -0.615202 -0.779224 0.119741 -1.16751 -0.768503 0.626624 0.129407 -36.456 0 0 0 1 
				32
				-0.17587 -0.0124096 -0.984335 -1.46318 -0.615202 -0.779224 0.119741 -1.16751 -0.768503 0.626624 0.129407 -36.456 0 0 0 1 
				33
				-0.17587 -0.0124096 -0.984335 -1.46318 -0.615202 -0.779224 0.119741 -1.16751 -0.768503 0.626624 0.129407 -36.456 0 0 0 1 
				34
				-0.17587 -0.0124096 -0.984335 -1.46318 -0.615202 -0.779224 0.119741 -1.16751 -0.768503 0.626624 0.129407 -36.456 0 0 0 1 
				35
				-0.17587 -0.0124096 -0.984335 -1.46318 -0.615202 -0.779224 0.119741 -1.16751 -0.768503 0.626624 0.129407 -36.456 0 0 0 1 
				36
				-0.17587 -0.0124096 -0.984335 -1.46318 -0.615202 -0.779224 0.119741 -1.16751 -0.768503 0.626624 0.129407 -36.456 0 0 0 1 
				37
				-0.17587 -0.0124096 -0.984335 -1.46318 -0.615202 -0.779224 0.119741 -1.16751 -0.768503 0.626624 0.129407 -36.456 0 0 0 1 
				38
				-0.17587 -0.0124096 -0.984335 -1.46318 -0.615202 -0.779224 0.119741 -1.16751 -0.768503 0.626624 0.129407 -36.456 0 0 0 1 
				39
				-0.17587 -0.0124096 -0.984335 -1.46318 -0.615202 -0.779224 0.119741 -1.16751 -0.768503 0.626624 0.129407 -36.456 0 0 0 1 
				40
				-0.17587 -0.0124096 -0.984335 -1.46318 -0.615202 -0.779224 0.119741 -1.16751 -0.768503 0.626624 0.129407 -36.456 0 0 0 1 
				41
				-0.17587 -0.0124096 -0.984335 -1.46318 -0.615202 -0.779224 0.119741 -1.16751 -0.768503 0.626624 0.129407 -36.456 0 0 0 1 
				42
				-0.17587 -0.0124096 -0.984335 -1.46318 -0.615202 -0.779224 0.119741 -1.16751 -0.768503 0.626624 0.129407 -36.456 0 0 0 1 
				43
				-0.17587 -0.0124096 -0.984335 -1.46318 -0.615202 -0.779224 0.119741 -1.16751 -0.768503 0.626624 0.129407 -36.456 0 0 0 1 
				44
				-0.17587 -0.0124096 -0.984335 -1.46318 -0.615202 -0.779224 0.119741 -1.16751 -0.768503 0.626624 0.129407 -36.456 0 0 0 1 
				45
				-0.17587 -0.0124096 -0.984335 -1.46318 -0.615202 -0.779224 0.119741 -1.16751 -0.768503 0.626624 0.129407 -36.456 0 0 0 1 
				46
				-0.17587 -0.0124096 -0.984335 -1.46318 -0.615202 -0.779224 0.119741 -1.16751 -0.768503 0.626624 0.129407 -36.456 0 0 0 1 
				47
				-0.17587 -0.0124096 -0.984335 -1.46318 -0.615202 -0.779224 0.119741 -1.16751 -0.768503 0.626624 0.129407 -36.456 0 0 0 1 
		</Joint>
			4
				-1
				-0.17587 -0.0124096 -0.984335 -2.968 -0.615202 -0.779224 0.119741 -6.42955 -0.768503 0.626624 0.129407 -42.8758 0 0 0 1 
				0
				-0.239582 -0.377726 -0.894385 -3.71188 -0.364604 -0.818782 0.443464 -2.62457 -0.899814 0.432342 0.0584449 -46.0615 0 0 0 1 
				1
				-0.141319 -0.717188 -0.6824 -2.08202 -0.149286 -0.665996 0.730864 0.460038 -0.978643 0.205157 -0.0129483 -48.5482 0 0 0 1 
				2
				0.00549423 -0.891189 -0.4536 0.155606 -0.054491 -0.4532 0.889742 1.88601 -0.998499 0.0198287 -0.0510518 -49.886 0 0 0 1 
				3
				0.0701751 -0.933282 -0.352222 1.11805 -0.0040635 -0.353357 0.93548 3.19615 -0.997527 -0.0642161 -0.0285892 -50.3022 0 0 0 1 
				4
				0.0513473 -0.927638 -0.369934 0.818177 0.0609292 -0.366823 0.928294 5.14586 -0.99682 -0.0702052 0.0376848 -50.2254 0 0 0 1 
				5
				0.00731297 -0.91029 -0.413907 0.127318 0.114036 -0.410459 0.904721 6.69377 -0.99345 -0.0538163 0.100804 -49.9782 0 0 0 1 
				6
				-0.0045192 -0.907761 -0.419464 -0.0618539 0.137266 -0.416061 0.898917 7.15982 -0.990524 -0.0535159 0.126485 -49.9029 0 0 0 1 
				7
				-0.00237783 -0.914545 -0.404478 -0.0258423 0.140703 -0.400761 0.905314 7.03605 -0.990049 -0.0547587 0.129632 -49.9623 0 0 0 1 
				8
				0.00163648 -0.92343 -0.383764 0.0429994 0.134664 -0.380065 0.915104 6.64095 -0.99089 -0.0531766 0.12373 -50.0691 0 0 0 1 
				9
				0.00526045 -0.931308 -0.364194 0.105146 0.127814 -0.360585 0.923927 6.16409 -0.991784 -0.0514093 0.117137 -50.1708 0 0 0 1 
				10
				0.00654431 -0.935372 -0.353606 0.127183 0.129521 -0.349842 0.927812 5.81355 -0.991555 -0.0518714 0.118861 -50.2134 0 0 0 1 
				11
				0.00481238 -0.933009 -0.35982 0.0975056 0.137644 -0.355781 0.924377 5.60045 -0.99047 -0.0539756 0.126711 -50.1677 0 0 0 1 
				12
				-4.06338e-05 -0.920894 -0.389813 0.0150133 0.137464 -0.386118 0.91215 5.3201 -0.990507 -0.0535483 0.126606 -50.0357 0 0 0 1 
				13
				0.00257671 -0.891933 -0.45216 0.0462213 0.11358 -0.448975 0.886296 4.74023 -0.993526 -0.05364 0.100149 -49.8045 0 0 0 1 
				14
				0.0380504 -0.831628 -0.554029 0.596893 0.0689806 -0.550922 0.831701 3.86753 -0.996892 -0.0698638 0.0364034 -49.3711 0 0 0 1 
				15
				0.0667649 -0.731934 -0.678097 1.07756 0.0222179 -0.678354 0.734399 3.03072 -0.997521 -0.064098 -0.0290282 -48.7252 0 0 0 1 
				16
				0.0270437 -0.592806 -0.804891 0.507545 -0.0481848 -0.805023 0.591284 1.97452 -0.998472 0.0227931 -0.050335 -48.0012 0 0 0 1 
				17
				-0.0943926 -0.401719 -0.910885 -1.39711 -0.218646 -0.884265 0.412637 -0.476307 -0.971228 0.238111 -0.00436616 -46.9105 0 0 0 1 
				18
				-0.180076 -0.177459 -0.967513 -2.871 -0.453655 -0.857757 0.241764 -3.94654 -0.872794 0.482453 0.0739564 -44.9374 0 0 0 1 
				19
				-0.17587 -0.0124096 -0.984335 -2.968 -0.615202 -0.779224 0.119741 -6.42954 -0.768503 0.626624 0.129407 -43.0335 0 0 0 1 
				20
				-0.152618 0.0462779 -0.987201 -2.66339 -0.664109 -0.744559 0.0677655 -7.21216 -0.731893 0.665951 0.144367 -42.3201 0 0 0 1 
				21
				-0.155609 0.0396212 -0.987024 -2.70321 -0.658577 -0.748889 0.0737656 -7.12301 -0.736248 0.66151 0.142627 -42.4044 0 0 0 1 
				22
				-0.168927 0.00704416 -0.985603 -2.87845 -0.631429 -0.768598 0.10273 -6.68787 -0.75681 0.639693 0.134285 -42.8043 0 0 0 1 
				23
				-0.17587 -0.0124096 -0.984335 -2.968 -0.615202 -0.779224 0.119741 -6.42954 -0.768503 0.626624 0.129407 -43.0335 0 0 0 1 
				24
				-0.17587 -0.0124096 -0.984335 -2.968 -0.615202 -0.779224 0.119741 -6.42954 -0.768503 0.626624 0.129407 -43.0335 0 0 0 1 
				25
				-0.17587 -0.0124096 -0.984335 -2.968 -0.615202 -0.779224 0.119741 -6.42954 -0.768503 0.626624 0.129407 -43.0335 0 0 0 1 
				26
				-0.17587 -0.0124096 -0.984335 -2.968 -0.615202 -0.779224 0.119741 -6.42954 -0.768503 0.626624 0.129407 -43.0335 0 0 0 1 
				27
				-0.17587 -0.0124096 -0.984335 -2.968 -0.615202 -0.779224 0.119741 -6.42954 -0.768503 0.626624 0.129407 -43.0335 0 0 0 1 
				28
				-0.17587 -0.0124096 -0.984335 -2.968 -0.615202 -0.779224 0.119741 -6.42954 -0.768503 0.626624 0.129407 -43.0335 0 0 0 1 
				29
				-0.17587 -0.0124096 -0.984335 -2.968 -0.615202 -0.779224 0.119741 -6.42954 -0.768503 0.626624 0.129407 -43.0335 0 0 0 1 
				30
				-0.17587 -0.0124096 -0.984335 -2.968 -0.615202 -0.779224 0.119741 -6.42954 -0.768503 0.626624 0.129407 -43.0335 0 0 0 1 
				31
				-0.17587 -0.0124096 -0.984335 -2.968 -0.615202 -0.779224 0.119741 -6.42954 -0.768503 0.626624 0.129407 -43.0335 0 0 0 1 
				32
				-0.17587 -0.0124096 -0.984335 -2.968 -0.615202 -0.779224 0.119741 -6.42954 -0.768503 0.626624 0.129407 -43.0335 0 0 0 1 
				33
				-0.17587 -0.0124096 -0.984335 -2.968 -0.615202 -0.779224 0.119741 -6.42954 -0.768503 0.626624 0.129407 -43.0335 0 0 0 1 
				34
				-0.17587 -0.0124096 -0.984335 -2.968 -0.615202 -0.779224 0.119741 -6.42954 -0.768503 0.626624 0.129407 -43.0335 0 0 0 1 
				35
				-0.17587 -0.0124096 -0.984335 -2.968 -0.615202 -0.779224 0.119741 -6.42954 -0.768503 0.626624 0.129407 -43.0335 0 0 0 1 
				36
				-0.17587 -0.0124096 -0.984335 -2.968 -0.615202 -0.779224 0.119741 -6.42954 -0.768503 0.626624 0.129407 -43.0335 0 0 0 1 
				37
				-0.17587 -0.0124096 -0.984335 -2.968 -0.615202 -0.779224 0.119741 -6.42954 -0.768503 0.626624 0.129407 -43.0335 0 0 0 1 
				38
				-0.17587 -0.0124096 -0.984335 -2.968 -0.615202 -0.779224 0.119741 -6.42954 -0.768503 0.626624 0.129407 -43.0335 0 0 0 1 
				39
				-0.17587 -0.0124096 -0.984335 -2.968 -0.615202 -0.779224 0.119741 -6.42954 -0.768503 0.626624 0.129407 -43.0335 0 0 0 1 
				40
				-0.17587 -0.0124096 -0.984335 -2.968 -0.615202 -0.779224 0.119741 -6.42954 -0.768503 0.626624 0.129407 -43.0335 0 0 0 1 
				41
				-0.17587 -0.0124096 -0.984335 -2.968 -0.615202 -0.779224 0.119741 -6.42954 -0.768503 0.626624 0.129407 -43.0335 0 0 0 1 
				42
				-0.17587 -0.0124096 -0.984335 -2.968 -0.615202 -0.779224 0.119741 -6.42954 -0.768503 0.626624 0.129407 -43.0335 0 0 0 1 
				43
				-0.17587 -0.0124096 -0.984335 -2.968 -0.615202 -0.779224 0.119741 -6.42954 -0.768503 0.626624 0.129407 -43.0335 0 0 0 1 
				44
				-0.17587 -0.0124096 -0.984335 -2.968 -0.615202 -0.779224 0.119741 -6.42954 -0.768503 0.626624 0.129407 -43.0335 0 0 0 1 
				45
				-0.17587 -0.0124096 -0.984335 -2.968 -0.615202 -0.779224 0.119741 -6.42954 -0.768503 0.626624 0.129407 -43.0335 0 0 0 1 
				46
				-0.17587 -0.0124096 -0.984335 -2.968 -0.615202 -0.779224 0.119741 -6.42954 -0.768503 0.626624 0.129407 -43.0335 0 0 0 1 
				47
				-0.17587 -0.0124096 -0.984335 -2.968 -0.615202 -0.779224 0.119741 -6.42954 -0.768503 0.626624 0.129407 -43.0335 0 0 0 1 
		</Joint>
			5
				-1
				5.33399e-07 -1.13295e-06 -1 -3.54588 -0.0871562 -0.996195 1.08215e-06 -8.45098 -0.996195 0.0871562 -6.30112e-07 -45.401 0 0 0 1 
				0
				-0.0283171 -0.0889769 -0.995631 -4.4991 -0.0824737 -0.992427 0.0910362 -3.82259 -0.996191 0.0846912 0.0207643 -49.0181 0 0 0 1 
				1
				-0.0541126 -0.179598 -0.982251 -2.54636 -0.0684138 -0.980713 0.183086 -0.0304862 -0.996188 0.0771068 0.040782 -51.7639 0 0 0 1 
				2
				-0.0696426 -0.247469 -0.96639 0.173659 -0.0524547 -0.966493 0.251276 1.70696 -0.996192 0.0681912 0.0543282 -53.1669 0 0 0 1 
				3
				-0.0746038 -0.274167 -0.958784 1.34863 -0.0450617 -0.959555 0.277893 3.1828 -0.996195 0.0639363 0.059232 -53.5799 0 0 0 1 
				4
				-0.0739346 -0.270106 -0.959988 0.986895 -0.0462093 -0.960661 0.273854 5.34606 -0.996192 0.0646076 0.0585447 -53.5008 0 0 0 1 
				5
				-0.0718189 -0.25845 -0.963351 0.151347 -0.0493753 -0.96374 0.262236 7.06847 -0.996195 0.0663992 0.0564537 -53.2425 0 0 0 1 
				6
				-0.0715386 -0.259644 -0.963051 -0.0767031 -0.0497781 -0.963392 0.263434 7.61085 -0.996195 0.0667845 0.0559952 -53.1576 0 0 0 1 
				7
				-0.0723568 -0.275204 -0.958659 -0.0336556 -0.0485876 -0.959065 0.278988 7.49838 -0.996195 0.0667657 0.0560234 -53.2154 0 0 0 1 
				8
				-0.0734438 -0.296953 -0.952063 0.0483768 -0.0469289 -0.952555 0.300727 7.08343 -0.996195 0.0667658 0.0560236 -53.325 0 0 0 1 
				9
				-0.074424 -0.317128 -0.945458 0.122431 -0.0453575 -0.94603 0.32089 6.58406 -0.996195 0.0667656 0.0560232 -53.4296 0 0 0 1 
				10
				-0.0749385 -0.327937 -0.941723 0.148687 -0.0445025 -0.942337 0.331693 6.23913 -0.996194 0.0667656 0.0560233 -53.4714 0 0 0 1 
				11
				-0.0746407 -0.321659 -0.943909 0.113318 -0.0450003 -0.944499 0.325418 6.05272 -0.996195 0.0667657 0.0560233 -53.4222 0 0 0 1 
				12
				-0.0731295 -0.291041 -0.953911 0.0148796 -0.0474095 -0.954377 0.294818 5.77179 -0.996195 0.0667843 0.055995 -53.2903 0 0 0 1 
				13
				-0.0696474 -0.217065 -0.973669 0.0546879 -0.0523976 -0.973896 0.220864 5.11343 -0.996195 0.0664005 0.0564556 -53.069 0 0 0 1 
				14
				-0.0627697 -0.0654319 -0.995881 0.72192 -0.0605107 -0.995763 0.0692382 4.09418 -0.996192 0.0646075 0.0585444 -52.6467 0 0 0 1 
				15
				-0.0521861 0.106744 -0.992916 1.29694 -0.069806 -0.992229 -0.103001 3.10373 -0.996195 0.0639363 0.059232 -52.0029 0 0 0 1 
				16
				-0.0386831 0.209615 -0.977019 0.596405 -0.0781469 -0.975391 -0.206171 1.81619 -0.996191 0.0683757 0.0541118 -51.282 0 0 0 1 
				17
				-0.0238867 0.174061 -0.984445 -1.70727 -0.083961 -0.981596 -0.17152 -1.19474 -0.996182 0.0785579 0.0380614 -50.1018 0 0 0 1 
				18
				-0.0102488 0.064599 -0.997859 -3.4627 -0.0866103 -0.994218 -0.0634738 -5.43716 -0.99619 0.0857743 0.0157845 -47.8052 0 0 0 1 
				19
				5.33399e-07 -1.13295e-06 -1 -3.54588 -0.0871562 -0.996195 1.08215e-06 -8.45098 -0.996195 0.0871562 -6.30112e-07 -45.5586 0 0 0 1 
				20
				0.00453838 -0.00284674 -0.999986 -3.16486 -0.0870357 -0.996202 0.00244096 -9.39429 -0.996195 0.0870233 -0.00476891 -44.7249 0 0 0 1 
				21
				0.00402228 -0.00250595 -0.999989 -3.21451 -0.0870636 -0.9962 0.00214625 -9.28697 -0.996194 0.087054 -0.00422517 -44.8235 0 0 0 1 
				22
				0.00148729 -0.000923469 -0.999998 -3.43351 -0.0871442 -0.996195 0.000790348 -8.76262 -0.996195 0.0871429 -0.00156211 -45.2911 0 0 0 1 
				23
				5.33399e-07 -1.13295e-06 -1 -3.54588 -0.0871562 -0.996195 1.08215e-06 -8.45098 -0.996195 0.0871562 -6.30112e-07 -45.5586 0 0 0 1 
				24
				5.33399e-07 -1.13295e-06 -1 -3.54588 -0.0871562 -0.996195 1.08215e-06 -8.45098 -0.996195 0.0871562 -6.30112e-07 -45.5586 0 0 0 1 
				25
				5.33399e-07 -1.13295e-06 -1 -3.54588 -0.0871562 -0.996195 1.08215e-06 -8.45098 -0.996195 0.0871562 -6.30112e-07 -45.5586 0 0 0 1 
				26
				5.33399e-07 -1.13295e-06 -1 -3.54588 -0.0871562 -0.996195 1.08215e-06 -8.45098 -0.996195 0.0871562 -6.30112e-07 -45.5586 0 0 0 1 
				27
				5.33399e-07 -1.13295e-06 -1 -3.54588 -0.0871562 -0.996195 1.08215e-06 -8.45098 -0.996195 0.0871562 -6.30112e-07 -45.5586 0 0 0 1 
				28
				5.33399e-07 -1.13295e-06 -1 -3.54588 -0.0871562 -0.996195 1.08215e-06 -8.45098 -0.996195 0.0871562 -6.30112e-07 -45.5586 0 0 0 1 
				29
				5.33399e-07 -1.13295e-06 -1 -3.54588 -0.0871562 -0.996195 1.08215e-06 -8.45098 -0.996195 0.0871562 -6.30112e-07 -45.5586 0 0 0 1 
				30
				5.33399e-07 -1.13295e-06 -1 -3.54588 -0.0871562 -0.996195 1.08215e-06 -8.45098 -0.996195 0.0871562 -6.30112e-07 -45.5586 0 0 0 1 
				31
				5.33399e-07 -1.13295e-06 -1 -3.54588 -0.0871562 -0.996195 1.08215e-06 -8.45098 -0.996195 0.0871562 -6.30112e-07 -45.5586 0 0 0 1 
				32
				5.33399e-07 -1.13295e-06 -1 -3.54588 -0.0871562 -0.996195 1.08215e-06 -8.45098 -0.996195 0.0871562 -6.30112e-07 -45.5586 0 0 0 1 
				33
