<?xml version='1.0' encoding='UTF-8' ?>
<itpanim>
	<skeleton count>
		25
			0 -1
			1.37091e-06 -1 -6.12323e-17 1e-06 1 1.37091e-06 -6.12323e-17 -1.37225e-12 6.12323e-17 -6.12323e-17 1 21.9617 0 0 0 1 
			1 0
			1.3868e-06 -2.28084e-12 -1 -21.9617 2.75771e-06 -1 6.10517e-12 1.00008e-06 -1 -2.75771e-06 -1.3868e-06 -3.04564e-05 0 0 0 1 
			2 1
			-0.000205999 -0.000823318 -1 -24.8731 -1.2413e-06 -1 0.000823318 0.0257198 -1 1.41091e-06 0.000205998 0.00512379 0 0 0 1 
			3 2
			-0.000383999 -0.00100932 -0.999999 -31.4555 -1.03656e-06 -0.999999 0.00100932 0.036812 -1 1.42414e-06 0.000383997 0.0107229 0 0 0 1 
			4 3
			-0.000383999 -0.00100932 -0.999999 -38.038 -1.03656e-06 -0.999999 0.00100932 0.0388247 -1 1.42414e-06 0.000383997 0.0107228 0 0 0 1 
			5 4
			1.34309e-06 9.80604e-13 -1 -40.5657 -1.40269e-06 -1 -2.8646e-12 -0.00211895 -1 1.40269e-06 -1.34309e-06 -0.00490874 0 0 0 1 
			6 5
			1 -0 0 0 0 1 0 0 -0 -0 1 -0 0 0 0 1 
			7 4
			0.950432 6.75818e-05 0.310933 10.539 -1.42282e-06 1 -0.000213002 -0.00652172 -0.310933 0.000202002 0.950432 36.5745 0 0 0 1 
			8 7
			0.476976 0.0235788 0.8786 28.6752 0.0457762 0.997617 -0.0516239 -2.17945 -0.877723 0.0648423 0.47476 23.1227 0 0 0 1 
			9 8
			0.476835 0.0205561 0.878752 22.2236 0.0472212 0.997684 -0.0489616 -2.11213 -0.877724 0.0648423 0.47476 23.1227 0 0 0 1 
			10 9
			0.476835 0.0205561 0.878752 15.4032 -0.877686 0.0656367 0.474721 23.121 -0.04792 -0.997632 0.0493396 2.13054 0 0 0 1 
			11 4
			-0.950193 6.50589e-05 0.311663 10.5594 -1.39561e-06 1 -0.000213002 -0.00652172 -0.311663 -0.000202828 -0.950193 -36.5678 0 0 0 1 
			12 11
			-0.476976 0.0235775 0.8786 28.6676 -0.045779 0.997617 -0.0516239 -2.17948 -0.877723 -0.0648447 -0.47476 -23.1259 0 0 0 1 
			13 12
			-0.476835 0.0205548 0.878752 22.216 -0.0472239 0.997684 -0.0489616 -2.11218 -0.877723 -0.0648447 -0.47476 -23.1259 0 0 0 1 
			14 13
			-0.476835 0.0205547 0.878752 15.3956 0.877685 0.0656391 0.474721 23.1242 -0.0479228 0.997632 -0.0493396 -2.13059 0 0 0 1 
			15 2
			1.37369e-06 -0.0998331 0.995004 21.852 0 -0.995004 -0.0998331 -2.1925 1 1.3714e-07 -1.36683e-06 -4.26131 0 0 0 1 
			16 15
			1.37369e-06 0.0998335 0.995004 12.303 0 -0.995004 0.0998335 0.256849 1 -1.3714e-07 -1.36683e-06 -4.26131 0 0 0 1 
			17 16
			1.3716e-06 -6.00745e-14 1 2.57273 0 -1 -6.00745e-14 4.22662e-06 1 8.23984e-20 -1.3716e-06 -4.26131 0 0 0 1 
			18 17
			1.3723e-06 -1 -6.00133e-14 -5.50713 0 6.00133e-14 -1 -0.331805 1 1.3723e-06 8.23562e-20 -4.26131 0 0 0 1 
			19 18
			1 -0 0 0 0 1 0 0 -0 -0 1 -0 0 0 0 1 
			20 2
			1.37369e-06 -0.0998331 0.995004 21.852 0 -0.995004 -0.0998331 -2.1925 1 1.3714e-07 -1.36683e-06 4.26131 0 0 0 1 
			21 20
			1.37369e-06 0.0998335 0.995004 12.303 0 -0.995004 0.0998335 0.256849 1 -1.3714e-07 -1.36683e-06 4.26131 0 0 0 1 
			22 21
			1.3716e-06 -6.00745e-14 1 2.57273 0 -1 -6.00745e-14 4.22662e-06 1 8.23984e-20 -1.3716e-06 4.26131 0 0 0 1 
			23 22
			1.3723e-06 -1 -6.00133e-14 -5.50713 0 6.00133e-14 -1 -0.331804 1 1.3723e-06 8.23562e-20 4.26131 0 0 0 1 
			24 23
			1 -0 0 0 0 1 0 0 -0 -0 1 -0 0 0 0 1 
	</skeleton>
		<animations>
			33
			0
				-1
				1.33158e-06 1 0 0 -1 1.33158e-06 0 1.01124e-06 -0 -0 1 -19.7566 0 0 0 1 
				0
				1.33158e-06 1 0 0 -1 1.33158e-06 0 9.95667e-07 -0 -0 1 -20.113 0 0 0 1 
				1
				1.33158e-06 1 0 0 -1 1.33158e-06 0 9.77827e-07 -0 -0 1 -20.5211 0 0 0 1 
				2
				1.33158e-06 1 0 0 -1 1.33158e-06 0 9.59091e-07 -0 -0 1 -20.9497 0 0 0 1 
				3
				1.33158e-06 1 0 0 -1 1.33158e-06 0 9.40825e-07 -0 -0 1 -21.3676 0 0 0 1 
				4
				1.33158e-06 1 0 0 -1 1.33158e-06 0 9.24352e-07 -0 -0 1 -21.7445 0 0 0 1 
				5
				1.33158e-06 1 0 0 -1 1.33158e-06 0 9.10994e-07 -0 -0 1 -22.0501 0 0 0 1 
				6
				1.33158e-06 1 0 0 -1 1.33158e-06 0 9.02118e-07 -0 -0 1 -22.2531 0 0 0 1 
				7
				1.33158e-06 1 0 0 -1 1.33158e-06 0 8.99089e-07 -0 -0 1 -22.3224 0 0 0 1 
				8
				1.33158e-06 1 0 0 -1 1.33158e-06 0 9.04331e-07 -0 -0 1 -22.2025 0 0 0 1 
				9
				1.33158e-06 1 0 0 -1 1.33158e-06 0 9.177e-07 -0 -0 1 -21.8966 0 0 0 1 
				10
				1.33158e-06 1 0 0 -1 1.33158e-06 0 9.36453e-07 -0 -0 1 -21.4676 0 0 0 1 
				11
				1.33158e-06 1 0 0 -1 1.33158e-06 0 9.57849e-07 -0 -0 1 -20.9781 0 0 0 1 
				12
				1.33158e-06 1 0 0 -1 1.33158e-06 0 9.79231e-07 -0 -0 1 -20.489 0 0 0 1 
				13
				1.33158e-06 1 0 0 -1 1.33158e-06 0 9.97945e-07 -0 -0 1 -20.0609 0 0 0 1 
				14
				1.33158e-06 1 0 0 -1 1.33158e-06 0 1.01125e-06 -0 -0 1 -19.7566 0 0 0 1 
				15
				1.33158e-06 1 0 0 -1 1.33158e-06 0 1.01639e-06 -0 -0 1 -19.6388 0 0 0 1 
				16
				1.33158e-06 1 0 0 -1 1.33158e-06 0 1.01172e-06 -0 -0 1 -19.7457 0 0 0 1 
				17
				1.33158e-06 1 0 0 -1 1.33158e-06 0 9.98959e-07 -0 -0 1 -20.0376 0 0 0 1 
				18
				1.33158e-06 1 0 0 -1 1.33158e-06 0 9.80814e-07 -0 -0 1 -20.4528 0 0 0 1 
				19
				1.33158e-06 1 0 0 -1 1.33158e-06 0 9.59985e-07 -0 -0 1 -20.9293 0 0 0 1 
				20
				1.33158e-06 1 0 0 -1 1.33158e-06 0 9.3909e-07 -0 -0 1 -21.4073 0 0 0 1 
				21
				1.33158e-06 1 0 0 -1 1.33158e-06 0 9.20744e-07 -0 -0 1 -21.827 0 0 0 1 
				22
				1.33158e-06 1 0 0 -1 1.33158e-06 0 9.07649e-07 -0 -0 1 -22.1266 0 0 0 1 
				23
				1.33158e-06 1 0 0 -1 1.33158e-06 0 9.02507e-07 -0 -0 1 -22.2442 0 0 0 1 
				24
				1.33158e-06 1 0 0 -1 1.33158e-06 0 9.05436e-07 -0 -0 1 -22.1772 0 0 0 1 
				25
				1.33158e-06 1 0 0 -1 1.33158e-06 0 9.14038e-07 -0 -0 1 -21.9804 0 0 0 1 
				26
				1.33158e-06 1 0 0 -1 1.33158e-06 0 9.26989e-07 -0 -0 1 -21.6841 0 0 0 1 
				27
				1.33158e-06 1 0 0 -1 1.33158e-06 0 9.42962e-07 -0 -0 1 -21.3187 0 0 0 1 
				28
				1.33158e-06 1 0 0 -1 1.33158e-06 0 9.60674e-07 -0 -0 1 -20.9135 0 0 0 1 
				29
				1.33158e-06 1 0 0 -1 1.33158e-06 0 9.78842e-07 -0 -0 1 -20.4979 0 0 0 1 
				30
				1.33158e-06 1 0 0 -1 1.33158e-06 0 9.9614e-07 -0 -0 1 -20.1021 0 0 0 1 
				31
				1.33158e-06 1 0 0 -1 1.33158e-06 0 1.01124e-06 -0 -0 1 -19.7566 0 0 0 1 
		</Joint>
			1
				-1
				1.33158e-06 2.66316e-06 -1 0 0 -1 -2.66316e-06 1.01124e-06 -1 3.54621e-12 -1.33158e-06 -19.7566 0 0 0 1 
				0
				1.33158e-06 2.66316e-06 -1 0 0 -1 -2.66316e-06 9.95667e-07 -1 3.54621e-12 -1.33158e-06 -20.113 0 0 0 1 
				1
				1.33158e-06 2.66316e-06 -1 0 0 -1 -2.66316e-06 9.77827e-07 -1 3.54621e-12 -1.33158e-06 -20.5211 0 0 0 1 
				2
				1.33158e-06 2.66316e-06 -1 0 0 -1 -2.66316e-06 9.59091e-07 -1 3.54621e-12 -1.33158e-06 -20.9497 0 0 0 1 
				3
				1.33158e-06 2.66316e-06 -1 0 0 -1 -2.66316e-06 9.40825e-07 -1 3.54621e-12 -1.33158e-06 -21.3676 0 0 0 1 
				4
				1.33158e-06 2.66316e-06 -1 0 0 -1 -2.66316e-06 9.24352e-07 -1 3.54621e-12 -1.33158e-06 -21.7445 0 0 0 1 
				5
				1.33158e-06 2.66316e-06 -1 0 0 -1 -2.66316e-06 9.10994e-07 -1 3.54621e-12 -1.33158e-06 -22.0501 0 0 0 1 
				6
				1.33158e-06 2.66316e-06 -1 0 0 -1 -2.66316e-06 9.02118e-07 -1 3.54621e-12 -1.33158e-06 -22.2531 0 0 0 1 
				7
				1.33158e-06 2.66316e-06 -1 0 0 -1 -2.66316e-06 8.99089e-07 -1 3.54621e-12 -1.33158e-06 -22.3224 0 0 0 1 
				8
				1.33158e-06 2.66316e-06 -1 0 0 -1 -2.66316e-06 9.04331e-07 -1 3.54621e-12 -1.33158e-06 -22.2025 0 0 0 1 
				9
				1.33158e-06 2.66316e-06 -1 0 0 -1 -2.66316e-06 9.177e-07 -1 3.54621e-12 -1.33158e-06 -21.8966 0 0 0 1 
				10
				1.33158e-06 2.66316e-06 -1 0 0 -1 -2.66316e-06 9.36453e-07 -1 3.54621e-12 -1.33158e-06 -21.4676 0 0 0 1 
				11
				1.33158e-06 2.66316e-06 -1 0 0 -1 -2.66316e-06 9.57849e-07 -1 3.54621e-12 -1.33158e-06 -20.9781 0 0 0 1 
				12
				1.33158e-06 2.66316e-06 -1 0 0 -1 -2.66316e-06 9.79231e-07 -1 3.54621e-12 -1.33158e-06 -20.489 0 0 0 1 
				13
				1.33158e-06 2.66316e-06 -1 0 0 -1 -2.66316e-06 9.97945e-07 -1 3.54621e-12 -1.33158e-06 -20.0609 0 0 0 1 
				14
				1.33158e-06 2.66316e-06 -1 0 0 -1 -2.66316e-06 1.01125e-06 -1 3.54621e-12 -1.33158e-06 -19.7566 0 0 0 1 
				15
				1.33158e-06 2.66316e-06 -1 0 0 -1 -2.66316e-06 1.01639e-06 -1 3.54621e-12 -1.33158e-06 -19.6388 0 0 0 1 
				16
				1.33158e-06 2.66316e-06 -1 0 0 -1 -2.66316e-06 1.01172e-06 -1 3.54621e-12 -1.33158e-06 -19.7457 0 0 0 1 
				17
				1.33158e-06 2.66316e-06 -1 0 0 -1 -2.66316e-06 9.98959e-07 -1 3.54621e-12 -1.33158e-06 -20.0376 0 0 0 1 
				18
				1.33158e-06 2.66316e-06 -1 0 0 -1 -2.66316e-06 9.80814e-07 -1 3.54621e-12 -1.33158e-06 -20.4528 0 0 0 1 
				19
				1.33158e-06 2.66316e-06 -1 0 0 -1 -2.66316e-06 9.59985e-07 -1 3.54621e-12 -1.33158e-06 -20.9293 0 0 0 1 
				20
				1.33158e-06 2.66316e-06 -1 0 0 -1 -2.66316e-06 9.3909e-07 -1 3.54621e-12 -1.33158e-06 -21.4073 0 0 0 1 
				21
				1.33158e-06 2.66316e-06 -1 0 0 -1 -2.66316e-06 9.20744e-07 -1 3.54621e-12 -1.33158e-06 -21.827 0 0 0 1 
				22
				1.33158e-06 2.66316e-06 -1 0 0 -1 -2.66316e-06 9.07649e-07 -1 3.54621e-12 -1.33158e-06 -22.1266 0 0 0 1 
				23
				1.33158e-06 2.66316e-06 -1 0 0 -1 -2.66316e-06 9.02507e-07 -1 3.54621e-12 -1.33158e-06 -22.2442 0 0 0 1 
				24
				1.33158e-06 2.66316e-06 -1 0 0 -1 -2.66316e-06 9.05436e-07 -1 3.54621e-12 -1.33158e-06 -22.1772 0 0 0 1 
				25
				1.33158e-06 2.66316e-06 -1 0 0 -1 -2.66316e-06 9.14038e-07 -1 3.54621e-12 -1.33158e-06 -21.9804 0 0 0 1 
				26
				1.33158e-06 2.66316e-06 -1 0 0 -1 -2.66316e-06 9.26989e-07 -1 3.54621e-12 -1.33158e-06 -21.6841 0 0 0 1 
				27
				1.33158e-06 2.66316e-06 -1 0 0 -1 -2.66316e-06 9.42962e-07 -1 3.54621e-12 -1.33158e-06 -21.3187 0 0 0 1 
				28
				1.33158e-06 2.66316e-06 -1 0 0 -1 -2.66316e-06 9.60674e-07 -1 3.54621e-12 -1.33158e-06 -20.9135 0 0 0 1 
				29
				1.33158e-06 2.66316e-06 -1 0 0 -1 -2.66316e-06 9.78842e-07 -1 3.54621e-12 -1.33158e-06 -20.4979 0 0 0 1 
				30
				1.33158e-06 2.66316e-06 -1 0 0 -1 -2.66316e-06 9.9614e-07 -1 3.54621e-12 -1.33158e-06 -20.1021 0 0 0 1 
				31
				1.33158e-06 2.66316e-06 -1 0 0 -1 -2.66316e-06 1.01124e-06 -1 3.54621e-12 -1.33158e-06 -19.7566 0 0 0 1 
		</Joint>
			2
				-1
				0.0588776 -0.0433651 -0.997323 0.000231196 -0.545794 -0.837908 0.0042122 0.00438896 -0.835848 0.544085 -0.0730025 -22.6709 0 0 0 1 
				0
				0.0599089 -0.0419284 -0.997323 0.000223618 -0.525371 -0.850863 0.00421222 0.00445716 -0.848762 0.523712 -0.0730023 -23.0272 0 0 0 1 
				1
				0.0610443 -0.0402575 -0.997323 0.000214914 -0.501665 -0.865051 0.00421229 0.0045311 -0.862905 0.500065 -0.0730022 -23.4352 0 0 0 1 
				2
				0.0621856 -0.0384711 -0.997323 0.000205571 -0.476379 -0.87923 0.00421229 0.00460566 -0.877038 0.474842 -0.0730022 -23.8637 0 0 0 1 
				3
				0.0632484 -0.0366976 -0.997323 0.000196267 -0.45133 -0.892347 0.00421235 0.00467451 -0.890113 0.449855 -0.0730022 -24.2814 0 0 0 1 
				4
				0.0641653 -0.0350699 -0.997323 0.000187693 -0.428386 -0.903586 0.00421242 0.00473296 -0.901315 0.426969 -0.0730024 -24.6582 0 0 0 1 
				5
				0.064881 -0.033727 -0.997323 0.000180663 -0.40949 -0.912304 0.00421242 0.00477876 -0.910004 0.408121 -0.0730021 -24.9636 0 0 0 1 
				6
				0.0653465 -0.0328158 -0.997323 0.000175887 -0.396685 -0.917945 0.00421241 0.00480856 -0.915626 0.395348 -0.073002 -25.1666 0 0 0 1 
				7
				0.065513 -0.0324824 -0.997323 0.000174153 -0.392001 -0.919955 0.00421243 0.00481895 -0.917629 0.390676 -0.0730021 -25.2359 0 0 0 1 
				8
				0.0652684 -0.0329705 -0.997323 0.000176698 -0.398859 -0.917002 0.00421242 0.00480358 -0.914686 0.397517 -0.0730019 -25.116 0 0 0 1 
				9
				0.0646028 -0.0342566 -0.997323 0.000183416 -0.41694 -0.908924 0.00421241 0.00476127 -0.906635 0.415552 -0.073002 -24.8103 0 0 0 1 
				10
				0.0636192 -0.036051 -0.997323 0.000192809 -0.44221 -0.896901 0.00421239 0.004698 -0.894652 0.440759 -0.0730023 -24.3814 0 0 0 1 
				11
				0.0624329 -0.0380686 -0.997323 0.00020342 -0.470689 -0.882289 0.00421233 0.00462184 -0.880087 0.469166 -0.0730023 -23.8921 0 0 0 1 
				12
				0.0611827 -0.0400473 -0.997323 0.000213782 -0.498686 -0.866773 0.00421226 0.00453994 -0.864621 0.497093 -0.0730025 -23.403 0 0 0 1 
				13
				0.060038 -0.0417435 -0.997323 0.00022268 -0.522744 -0.852479 0.00421222 0.00446518 -0.850373 0.521092 -0.0730023 -22.975 0 0 0 1 
				14
				0.0591996 -0.0429242 -0.997323 0.000228871 -0.539523 -0.84196 0.00421219 0.00441053 -0.839887 0.537829 -0.0730023 -22.6708 0 0 0 1 
				15
				0.0588776 -0.0433651 -0.997323 0.000231196 -0.545794 -0.837908 0.0042122 0.00438896 -0.835848 0.544085 -0.0730025 -22.5531 0 0 0 1 
				16
				0.0591996 -0.0429242 -0.997323 0.000228871 -0.539523 -0.84196 0.00421218 0.00441053 -0.839887 0.537829 -0.0730023 -22.66 0 0 0 1 
				17
				0.060038 -0.0417435 -0.997323 0.000222681 -0.522744 -0.852479 0.00421222 0.00446517 -0.850373 0.521092 -0.0730023 -22.9518 0 0 0 1 
				18
				0.0611827 -0.0400473 -0.997323 0.000213757 -0.498686 -0.866773 0.00421225 0.00454015 -0.864621 0.497093 -0.0730025 -23.3668 0 0 0 1 
				19
				0.0624329 -0.0380686 -0.997323 0.00020342 -0.470689 -0.882289 0.00421233 0.00462184 -0.880087 0.469166 -0.0730023 -23.8432 0 0 0 1 
				20
				0.0636192 -0.036051 -0.997323 0.000192861 -0.44221 -0.896901 0.00421239 0.00469821 -0.894652 0.440759 -0.0730023 -24.3211 0 0 0 1 
				21
				0.0646028 -0.0342566 -0.997323 0.000183414 -0.41694 -0.908924 0.00421242 0.00476126 -0.906635 0.415552 -0.073002 -24.7406 0 0 0 1 
				22
				0.0652684 -0.0329705 -0.997323 0.000176673 -0.39886 -0.917002 0.00421241 0.00480359 -0.914686 0.397517 -0.0730019 -25.0401 0 0 0 1 
				23
				0.065513 -0.0324824 -0.997323 0.000174153 -0.392001 -0.919955 0.00421243 0.00481896 -0.917629 0.390676 -0.0730021 -25.1577 0 0 0 1 
				24
				0.0653465 -0.0328158 -0.997323 0.000175868 -0.396685 -0.917945 0.0042124 0.00480835 -0.915626 0.395348 -0.073002 -25.0907 0 0 0 1 
				25
				0.064881 -0.033727 -0.997323 0.00018068 -0.40949 -0.912304 0.00421242 0.00477877 -0.910004 0.408121 -0.0730021 -24.894 0 0 0 1 
				26
				0.0641654 -0.0350699 -0.997323 0.000187719 -0.428386 -0.903586 0.00421241 0.00473316 -0.901315 0.426969 -0.0730024 -24.5978 0 0 0 1 
				27
				0.0632484 -0.0366976 -0.997323 0.000196267 -0.45133 -0.892347 0.00421235 0.00467452 -0.890113 0.449855 -0.0730022 -24.2325 0 0 0 1 
				28
				0.0621856 -0.0384711 -0.997323 0.000205545 -0.476379 -0.87923 0.00421229 0.00460566 -0.877038 0.474842 -0.0730022 -23.8275 0 0 0 1 
				29
				0.0610443 -0.0402575 -0.997323 0.000214916 -0.501665 -0.865051 0.00421228 0.0045311 -0.862905 0.500065 -0.0730022 -23.412 0 0 0 1 
				30
				0.0599089 -0.0419284 -0.997323 0.000223618 -0.525371 -0.850863 0.00421221 0.00445717 -0.848762 0.523712 -0.0730023 -23.0163 0 0 0 1 
				31
				0.0588776 -0.0433651 -0.997323 0.000231196 -0.545794 -0.837908 0.0042122 0.00438896 -0.835848 0.544085 -0.0730025 -22.6709 0 0 0 1 
		</Joint>
			3
				-1
				0.0233718 -0.0637445 -0.997692 0.388123 -0.728775 -0.684234 0.0266449 -3.58467 -0.684354 0.726471 -0.0624472 -28.1766 0 0 0 1 
				0
				0.0262208 -0.0619779 -0.997733 0.394895 -0.694837 -0.718683 0.0263831 -3.44999 -0.718689 0.69257 -0.061909 -28.6177 0 0 0 1 
				1
				0.0293498 -0.0598007 -0.997778 0.402348 -0.654084 -0.755972 0.0260683 -3.29368 -0.755852 0.651866 -0.0613023 -29.1186 0 0 0 1 
				2
				0.0324799 -0.0573417 -0.997826 0.409838 -0.609176 -0.792618 0.02572 -3.12697 -0.792369 0.607017 -0.0606754 -29.6399 0 0 0 1 
				3
				0.0353724 -0.0547808 -0.997871 0.416811 -0.5634 -0.825795 0.0253629 -2.96184 -0.825427 0.561303 -0.0600738 -30.1435 0 0 0 1 
				4
				0.0378424 -0.052337 -0.997912 0.422825 -0.520485 -0.853504 0.0250257 -2.81061 -0.853032 0.518451 -0.0595392 -30.5937 0 0 0 1 
				5
				0.0397491 -0.0502605 -0.997944 0.427519 -0.48452 -0.87443 0.0247409 -2.68608 -0.873877 0.482541 -0.05911 -30.9562 0 0 0 1 
				6
				0.0409764 -0.0488233 -0.997966 0.43057 -0.459862 -0.887651 0.0245444 -2.60169 -0.887044 0.457921 -0.0588248 -31.1961 0 0 0 1 
				7
				0.0414125 -0.0482919 -0.997974 0.431661 -0.45079 -0.892294 0.0244719 -2.57082 -0.891669 0.448863 -0.0587217 -31.2785 0 0 0 1 
				8
				0.0407716 -0.0490688 -0.997963 0.430058 -0.464064 -0.88546 0.0245779 -2.61602 -0.884863 0.462117 -0.0588728 -31.1393 0 0 0 1 
				9
				0.0390108 -0.0510856 -0.997932 0.425694 -0.498762 -0.866382 0.0248539 -2.73518 -0.86586 0.496761 -0.0592778 -30.7807 0 0 0 1 
				10
				0.0363745 -0.0538202 -0.997888 0.419244 -0.546448 -0.837113 0.0252301 -2.90173 -0.836703 0.544376 -0.0598595 -30.2732 0 0 0 1 
				11
				0.0331551 -0.0567705 -0.997836 0.411461 -0.598884 -0.800425 0.02564 -3.08946 -0.800149 0.596738 -0.0605371 -29.6883 0 0 0 1 
				12
				0.0297299 -0.0595181 -0.997784 0.403256 -0.648866 -0.760457 0.026028 -3.27403 -0.760322 0.646654 -0.0612276 -29.0977 0 0 0 1 
				13
				0.0265769 -0.0617432 -0.997738 0.395742 -0.69039 -0.722957 0.0263488 -3.43267 -0.722948 0.688129 -0.0618409 -28.5762 0 0 0 1 
				14
				0.0242618 -0.0632132 -0.997705 0.390237 -0.718476 -0.695044 0.0265654 -3.54332 -0.695128 0.716183 -0.0622802 -28.2031 0 0 0 1 
				15
				0.0233718 -0.0637445 -0.997692 0.388123 -0.728775 -0.684234 0.0266449 -3.58467 -0.684354 0.726471 -0.0624472 -28.0588 0 0 0 1 
				16
				0.0242618 -0.0632133 -0.997705 0.390237 -0.718476 -0.695044 0.0265654 -3.54332 -0.695128 0.716183 -0.0622803 -28.1923 0 0 0 1 
				17
				0.0265769 -0.0617432 -0.997738 0.395742 -0.69039 -0.722957 0.0263488 -3.43267 -0.722948 0.688129 -0.0618409 -28.553 0 0 0 1 
				18
				0.0297299 -0.0595181 -0.997784 0.403256 -0.648866 -0.760457 0.026028 -3.27403 -0.760322 0.646654 -0.0612276 -29.0615 0 0 0 1 
				19
				0.0331551 -0.0567705 -0.997836 0.411461 -0.598884 -0.800425 0.02564 -3.08946 -0.800149 0.596738 -0.0605371 -29.6394 0 0 0 1 
				20
				0.0363745 -0.0538202 -0.997888 0.419244 -0.546448 -0.837113 0.0252301 -2.90173 -0.836703 0.544376 -0.0598595 -30.2129 0 0 0 1 
				21
				0.0390108 -0.0510856 -0.997932 0.425694 -0.498762 -0.866382 0.0248539 -2.73518 -0.86586 0.496761 -0.0592778 -30.7111 0 0 0 1 
				22
				0.0407717 -0.0490688 -0.997963 0.430058 -0.464064 -0.88546 0.0245779 -2.61602 -0.884863 0.462117 -0.0588728 -31.0634 0 0 0 1 
				23
				0.0414125 -0.0482919 -0.997974 0.431661 -0.45079 -0.892294 0.0244719 -2.57082 -0.891669 0.448863 -0.0587217 -31.2003 0 0 0 1 
				24
				0.0409765 -0.0488233 -0.997967 0.43057 -0.459862 -0.887651 0.0245444 -2.60169 -0.887044 0.457922 -0.0588248 -31.1202 0 0 0 1 
				25
				0.0397491 -0.0502605 -0.997944 0.427518 -0.48452 -0.87443 0.0247409 -2.68608 -0.873876 0.482541 -0.05911 -30.8866 0 0 0 1 
				26
				0.0378424 -0.052337 -0.997912 0.422826 -0.520484 -0.853504 0.0250257 -2.81061 -0.853032 0.518451 -0.0595392 -30.5334 0 0 0 1 
				27
				0.0353724 -0.0547808 -0.997871 0.416811 -0.5634 -0.825795 0.0253629 -2.96184 -0.825427 0.561303 -0.0600738 -30.0946 0 0 0 1 
				28
				0.0324799 -0.0573417 -0.997826 0.409838 -0.609176 -0.792618 0.02572 -3.12697 -0.792369 0.607017 -0.0606754 -29.6037 0 0 0 1 
				29
				0.0293498 -0.0598007 -0.997778 0.402348 -0.654085 -0.755972 0.0260683 -3.29368 -0.755852 0.651867 -0.0613023 -29.0954 0 0 0 1 
				30
				0.0262208 -0.0619779 -0.997733 0.394894 -0.694837 -0.718683 0.0263831 -3.44999 -0.718689 0.69257 -0.061909 -28.6069 0 0 0 1 
				31
				0.0233718 -0.0637445 -0.997692 0.388123 -0.728775 -0.684234 0.0266449 -3.58467 -0.684354 0.726471 -0.0624472 -28.1766 0 0 0 1 
		</Joint>
			4
				-1
				0.0233718 -0.0637445 -0.997692 0.542094 -0.728775 -0.684234 0.0266449 -8.3804 -0.684354 0.726471 -0.0624472 -32.6828 0 0 0 1 
				0
				0.0262208 -0.0619779 -0.997733 0.567616 -0.694837 -0.718683 0.0263831 -8.02225 -0.718689 0.69257 -0.061909 -33.3498 0 0 0 1 
				1
				0.0293498 -0.0598007 -0.997778 0.595661 -0.654085 -0.755972 0.0260683 -7.59762 -0.755852 0.651867 -0.0613023 -34.0952 0 0 0 1 
				2
				0.0324799 -0.0573417 -0.997826 0.62375 -0.609176 -0.792618 0.02572 -7.13523 -0.792369 0.607017 -0.0606754 -34.8568 0 0 0 1 
				3
				0.0353724 -0.0547808 -0.997871 0.649758 -0.5634 -0.825795 0.0253629 -6.66872 -0.825427 0.561303 -0.0600738 -35.5779 0 0 0 1 
				4
				0.0378424 -0.052337 -0.997912 0.672025 -0.520485 -0.853504 0.0250257 -6.23494 -0.853032 0.518451 -0.0595392 -36.2098 0 0 0 1 
				5
				0.0397491 -0.0502605 -0.997944 0.689265 -0.48452 -0.87443 0.0247409 -5.87363 -0.873876 0.482541 -0.05911 -36.7094 0 0 0 1 
				6
				0.0409764 -0.0488233 -0.997966 0.700392 -0.459862 -0.887651 0.0245444 -5.62691 -0.887044 0.457921 -0.0588248 -37.0359 0 0 0 1 
				7
				0.0414125 -0.0482919 -0.997974 0.704353 -0.45079 -0.892294 0.0244719 -5.53632 -0.891669 0.448863 -0.0587216 -37.1487 0 0 0 1 
				8
				0.0407716 -0.0490688 -0.997963 0.698533 -0.464064 -0.88546 0.0245779 -5.6689 -0.884863 0.462117 -0.0588728 -36.9648 0 0 0 1 
				9
				0.0390108 -0.0510856 -0.997932 0.682583 -0.498762 -0.866382 0.0248539 -6.0165 -0.86586 0.496761 -0.0592778 -36.4812 0 0 0 1 
				10
				0.0363745 -0.0538201 -0.997888 0.658785 -0.546448 -0.837113 0.0252301 -6.497 -0.836703 0.544376 -0.0598595 -35.7818 0 0 0 1 
				11
				0.0331551 -0.0567705 -0.997836 0.629815 -0.598884 -0.800425 0.02564 -7.02996 -0.800149 0.596738 -0.0605371 -34.9564 0 0 0 1 
				12
				0.0297298 -0.0595181 -0.997784 0.59907 -0.648866 -0.760457 0.026028 -7.54361 -0.760322 0.646654 -0.0612276 -34.1038 0 0 0 1 
				13
				0.0265769 -0.0617432 -0.997738 0.570806 -0.69039 -0.722957 0.0263488 -7.97565 -0.722948 0.688129 -0.0618409 -33.3363 0 0 0 1 
				14
				0.0242618 -0.0632132 -0.997705 0.550066 -0.718476 -0.695044 0.0265654 -8.27123 -0.695128 0.716183 -0.0622802 -32.7802 0 0 0 1 
				15
				0.0233718 -0.0637445 -0.997692 0.542094 -0.728775 -0.684234 0.0266449 -8.3804 -0.684354 0.726471 -0.0624472 -32.565 0 0 0 1 
				16
				0.0242618 -0.0632132 -0.997705 0.550066 -0.718476 -0.695044 0.0265654 -8.27123 -0.695128 0.716183 -0.0622802 -32.7693 0 0 0 1 
				17
				0.0265769 -0.0617432 -0.997738 0.570807 -0.69039 -0.722957 0.0263488 -7.97565 -0.722948 0.688129 -0.0618409 -33.3131 0 0 0 1 
				18
				0.0297299 -0.0595181 -0.997784 0.59907 -0.648866 -0.760457 0.026028 -7.54361 -0.760322 0.646654 -0.0612276 -34.0676 0 0 0 1 
				19
				0.0331551 -0.0567705 -0.997836 0.629816 -0.598884 -0.800425 0.02564 -7.02995 -0.800149 0.596738 -0.0605371 -34.9075 0 0 0 1 
				20
				0.0363745 -0.0538202 -0.997888 0.658785 -0.546448 -0.837113 0.0252301 -6.497 -0.836703 0.544376 -0.0598595 -35.7215 0 0 0 1 
				21
				0.0390108 -0.0510856 -0.997932 0.682583 -0.498762 -0.866382 0.0248539 -6.0165 -0.86586 0.496761 -0.0592778 -36.4116 0 0 0 1 
				22
				0.0407717 -0.0490689 -0.997963 0.698534 -0.464064 -0.88546 0.0245779 -5.66891 -0.884863 0.462117 -0.0588728 -36.8889 0 0 0 1 
				23
				0.0414125 -0.0482919 -0.997974 0.704353 -0.45079 -0.892294 0.0244719 -5.53632 -0.891669 0.448863 -0.0587216 -37.0705 0 0 0 1 
				24
				0.0409765 -0.0488233 -0.997966 0.700393 -0.459862 -0.887651 0.0245444 -5.62691 -0.887044 0.457922 -0.0588248 -36.96 0 0 0 1 
				25
				0.0397491 -0.0502605 -0.997944 0.689265 -0.48452 -0.87443 0.0247409 -5.87364 -0.873876 0.482541 -0.05911 -36.6398 0 0 0 1 
				26
				0.0378424 -0.052337 -0.997912 0.672026 -0.520485 -0.853504 0.0250257 -6.23494 -0.853032 0.518451 -0.0595392 -36.1495 0 0 0 1 
				27
				0.0353724 -0.0547808 -0.997871 0.649757 -0.5634 -0.825795 0.0253629 -6.66871 -0.825427 0.561303 -0.0600738 -35.529 0 0 0 1 
				28
				0.0324799 -0.0573417 -0.997826 0.62375 -0.609176 -0.792618 0.02572 -7.13523 -0.792369 0.607017 -0.0606754 -34.8206 0 0 0 1 
				29
				0.0293498 -0.0598007 -0.997778 0.595661 -0.654085 -0.755972 0.0260683 -7.59762 -0.755852 0.651867 -0.0613023 -34.072 0 0 0 1 
				30
				0.0262208 -0.0619779 -0.997733 0.567615 -0.694837 -0.718683 0.0263831 -8.02226 -0.718689 0.69257 -0.061909 -33.339 0 0 0 1 
				31
				0.0233718 -0.0637445 -0.997692 0.542094 -0.728775 -0.684234 0.0266449 -8.3804 -0.684354 0.726471 -0.0624472 -32.6828 0 0 0 1 
		</Joint>
			5
				-1
				0.0499919 -0.00178898 -0.998748 0.601171 -0.0713938 -0.997446 -0.00178694 -10.2225 -0.996194 0.0713937 -0.049992 -34.4126 0 0 0 1 
				0
				0.0499917 -0.00179061 -0.998748 0.633894 -0.0713937 -0.997446 -0.0017853 -9.77859 -0.996194 0.0713936 -0.0499919 -35.1664 0 0 0 1 
				1
				0.0499918 -0.00178933 -0.998748 0.669848 -0.0713934 -0.997446 -0.00178656 -9.25095 -0.996195 0.0713933 -0.0499919 -36.0058 0 0 0 1 
				2
				0.0499918 -0.00178936 -0.998748 0.705849 -0.0713936 -0.997447 -0.00178654 -8.67504 -0.996195 0.0713935 -0.0499919 -36.8597 0 0 0 1 
				3
				0.0499919 -0.00178901 -0.998748 0.739168 -0.0713938 -0.997446 -0.00178691 -8.09282 -0.996194 0.0713937 -0.049992 -37.6643 0 0 0 1 
				4
				0.0499921 -0.0017888 -0.998748 0.767679 -0.0713938 -0.997446 -0.00178713 -7.55057 -0.996195 0.0713938 -0.0499921 -38.366 0 0 0 1 
				5
				0.0499919 -0.00178987 -0.998747 0.789738 -0.0713936 -0.997446 -0.00178604 -7.09835 -0.996195 0.0713935 -0.0499921 -38.9183 0 0 0 1 
				6
				0.0499918 -0.00178939 -0.998748 0.803968 -0.0713937 -0.997446 -0.00178652 -6.7893 -0.996195 0.0713936 -0.0499919 -39.2781 0 0 0 1 
				7
				0.0499919 -0.00178982 -0.998747 0.809031 -0.0713936 -0.997446 -0.00178609 -6.67578 -0.996194 0.0713935 -0.049992 -39.4026 0 0 0 1 
				8
				0.0499917 -0.00178983 -0.998748 0.801592 -0.0713937 -0.997446 -0.00178607 -6.84191 -0.996195 0.0713936 -0.0499918 -39.2014 0 0 0 1 
				9
				0.0499918 -0.0017896 -0.998748 0.78119 -0.0713937 -0.997446 -0.0017863 -7.27722 -0.996195 0.0713936 -0.0499919 -38.6698 0 0 0 1 
				10
				0.049992 -0.00179015 -0.998748 0.750728 -0.0713937 -0.997446 -0.00178577 -7.87825 -0.996194 0.0713936 -0.0499921 -37.8968 0 0 0 1 
				11
				0.0499919 -0.00179008 -0.998748 0.713621 -0.0713936 -0.997446 -0.00178583 -8.54375 -0.996195 0.0713935 -0.0499921 -36.9789 0 0 0 1 
				12
				0.049992 -0.00178941 -0.998748 0.674218 -0.0713935 -0.997446 -0.0017865 -9.18375 -0.996194 0.0713934 -0.0499921 -36.0256 0 0 0 1 
				13
				0.0499918 -0.00178895 -0.998748 0.637985 -0.0713938 -0.997446 -0.00178697 -9.72075 -0.996195 0.0713938 -0.0499919 -35.1637 0 0 0 1 
				14
				0.0499917 -0.00179041 -0.998748 0.611392 -0.0713939 -0.997446 -0.0017855 -10.0873 -0.996195 0.0713938 -0.0499918 -34.5372 0 0 0 1 
				15
				0.0499919 -0.00178857 -0.998748 0.601171 -0.071394 -0.997446 -0.00178735 -10.2225 -0.996195 0.0713939 -0.049992 -34.2948 0 0 0 1 
				16
				0.0499917 -0.0017886 -0.998748 0.611392 -0.0713937 -0.997446 -0.0017873 -10.0873 -0.996194 0.0713937 -0.0499918 -34.5264 0 0 0 1 
				17
				0.0499918 -0.00178895 -0.998748 0.637985 -0.0713939 -0.997446 -0.00178696 -9.72075 -0.996195 0.0713938 -0.0499919 -35.1405 0 0 0 1 
				18
				0.049992 -0.0017894 -0.998748 0.674218 -0.0713935 -0.997446 -0.00178651 -9.18375 -0.996194 0.0713934 -0.0499921 -35.9894 0 0 0 1 
				19
				0.0499919 -0.00179008 -0.998748 0.713621 -0.0713936 -0.997446 -0.00178583 -8.54375 -0.996195 0.0713935 -0.0499921 -36.9301 0 0 0 1 
				20
				0.049992 -0.00178876 -0.998748 0.750728 -0.0713936 -0.997446 -0.00178716 -7.87825 -0.996194 0.0713936 -0.049992 -37.8365 0 0 0 1 
				21
				0.0499918 -0.00178961 -0.998748 0.78119 -0.0713935 -0.997446 -0.00178629 -7.27722 -0.996194 0.0713934 -0.0499919 -38.6002 0 0 0 1 
				22
				0.0499917 -0.00178937 -0.998748 0.801592 -0.0713937 -0.997446 -0.00178653 -6.84192 -0.996195 0.0713936 -0.0499918 -39.1255 0 0 0 1 
				23
				0.0499919 -0.00178982 -0.998747 0.809031 -0.0713936 -0.997446 -0.00178609 -6.67578 -0.996194 0.0713935 -0.049992 -39.3244 0 0 0 1 
				24
				0.0499918 -0.0017895 -0.998748 0.803969 -0.0713937 -0.997446 -0.00178641 -6.7893 -0.996194 0.0713937 -0.0499919 -39.2022 0 0 0 1 
				25
				0.0499919 -0.00178969 -0.998747 0.789738 -0.0713937 -0.997446 -0.00178622 -7.09835 -0.996194 0.0713936 -0.049992 -38.8487 0 0 0 1 
				26
				0.0499921 -0.00178912 -0.998748 0.76768 -0.0713938 -0.997446 -0.00178681 -7.55057 -0.996195 0.0713937 -0.0499922 -38.3057 0 0 0 1 
				27
				0.0499919 -0.00178901 -0.998748 0.739168 -0.0713938 -0.997446 -0.00178691 -8.09282 -0.996194 0.0713937 -0.049992 -37.6154 0 0 0 1 
				28
				0.0499918 -0.00178937 -0.998748 0.705849 -0.0713936 -0.997447 -0.00178654 -8.67504 -0.996195 0.0713935 -0.0499919 -36.8235 0 0 0 1 
				29
				0.0499918 -0.00178933 -0.998748 0.669848 -0.0713934 -0.997446 -0.00178655 -9.25095 -0.996195 0.0713933 -0.0499919 -35.9826 0 0 0 1 
				30
				0.0499917 -0.00178979 -0.998748 0.633894 -0.0713937 -0.997446 -0.00178611 -9.77859 -0.996195 0.0713936 -0.0499918 -35.1556 0 0 0 1 
				31
				0.0499919 -0.00178857 -0.998748 0.601171 -0.071394 -0.997446 -0.00178735 -10.2225 -0.996195 0.0713939 -0.049992 -34.4126 0 0 0 1 
		</Joint>
			6
		</Joint>
			7
				-1
				0.940828 0.0637232 -0.332839 1.8983 0.201378 0.684814 0.70034 -8.418 0.272561 -0.725926 0.63146 -32.5964 0 0 0 1 
				0
				0.93998 0.0619542 -0.335558 1.92388 0.191053 0.719236 0.667981 -8.05956 0.282729 -0.691998 0.664231 -33.2643 0 0 0 1 
				1
				0.93905 0.0597746 -0.338544 1.95199 0.178657 0.756492 0.629127 -7.63458 0.293711 -0.651265 0.699705 -34.0106 0 0 0 1 
				2
				0.938121 0.0573131 -0.341531 1.98015 0.164999 0.793102 0.586314 -7.17179 0.304473 -0.606386 0.73457 -34.7731 0 0 0 1 
				3
				0.937265 0.0547499 -0.344292 2.00622 0.15108 0.826243 0.542676 -6.70486 0.31418 -0.560647 0.766137 -35.4951 0 0 0 1 
				4
				0.936535 0.0523041 -0.34665 2.02855 0.138035 0.853918 0.501767 -6.27068 0.322255 -0.517772 0.792505 -36.1278 0 0 0 1 
				5
				0.935973 0.0502261 -0.348471 2.04584 0.127104 0.874815 0.467485 -5.90903 0.328327 -0.481845 0.81242 -36.6281 0 0 0 1 
				6
				0.935612 0.0487879 -0.349643 2.057 0.119612 0.888016 0.443981 -5.66206 0.332149 -0.457216 0.825003 -36.955 0 0 0 1 
				7
				0.935483 0.0482562 -0.350059 2.06097 0.116856 0.892652 0.435334 -5.57138 0.333489 -0.448154 0.829423 -37.068 0 0 0 1 
				8
				0.935672 0.0490336 -0.349447 2.05514 0.120889 0.885829 0.447986 -5.7041 0.331517 -0.461413 0.822918 -36.8838 0 0 0 1 
				9
				0.93619 0.0510518 -0.347766 2.03914 0.131433 0.866779 0.481061 -6.05203 0.325995 -0.496072 0.80476 -36.3996 0 0 0 1 
				10
				0.936969 0.0537884 -0.345249 2.01528 0.145927 0.837547 0.526516 -6.53298 0.317483 -0.54371 0.776906 -35.6994 0 0 0 1 
				11
				0.937921 0.0567414 -0.342176 1.98623 0.16187 0.800901 0.576503 -7.06642 0.30676 -0.596102 0.741998 -34.8729 0 0 0 1 
				12
				0.938937 0.0594916 -0.338906 1.95541 0.17707 0.760973 0.624152 -7.58052 0.295031 -0.646049 0.703972 -34.0192 0 0 0 1 
				13
				0.939874 0.0617193 -0.335897 1.92708 0.189701 0.723506 0.663741 -8.01293 0.283989 -0.687553 0.668296 -33.2509 0 0 0 1 
				14
				0.940563 0.0631912 -0.333688 1.90629 0.198245 0.695615 0.69052 -8.30874 0.275753 -0.71563 0.641743 -32.6941 0 0 0 1 
				15
				0.940828 0.0637232 -0.332839 1.8983 0.201378 0.684814 0.70034 -8.418 0.272561 -0.725926 0.63146 -32.4787 0 0 0 1 
				16
				0.940563 0.0631911 -0.333688 1.90629 0.198245 0.695615 0.69052 -8.30874 0.275753 -0.71563 0.641743 -32.6832 0 0 0 1 
				17
				0.939874 0.0617193 -0.335897 1.92708 0.189701 0.723506 0.663741 -8.01293 0.283989 -0.687553 0.668296 -33.2276 0 0 0 1 
				18
				0.938937 0.0594916 -0.338906 1.95541 0.17707 0.760973 0.624152 -7.58053 0.295031 -0.646049 0.703972 -33.983 0 0 0 1 
				19
				0.937921 0.0567414 -0.342176 1.98623 0.16187 0.800901 0.576503 -7.06642 0.30676 -0.596102 0.741998 -34.824 0 0 0 1 
				20
				0.936969 0.0537884 -0.345249 2.01528 0.145927 0.837547 0.526516 -6.53298 0.317483 -0.54371 0.776906 -35.6391 0 0 0 1 
				21
				0.93619 0.0510518 -0.347766 2.03914 0.131433 0.866779 0.481061 -6.05203 0.325995 -0.496072 0.80476 -36.33 0 0 0 1 
				22
				0.935672 0.0490336 -0.349447 2.05514 0.120889 0.885829 0.447987 -5.7041 0.331517 -0.461413 0.822918 -36.8079 0 0 0 1 
				23
				0.935483 0.0482562 -0.350059 2.06097 0.116856 0.892652 0.435334 -5.57138 0.333489 -0.448154 0.829423 -36.9898 0 0 0 1 
				24
				0.935612 0.0487879 -0.349643 2.057 0.119612 0.888016 0.443981 -5.66206 0.332149 -0.457216 0.825003 -36.8791 0 0 0 1 
				25
				0.935973 0.0502261 -0.348471 2.04584 0.127104 0.874815 0.467485 -5.90903 0.328327 -0.481846 0.812419 -36.5584 0 0 0 1 
				26
				0.936535 0.0523041 -0.34665 2.02855 0.138035 0.853918 0.501767 -6.27068 0.322255 -0.517772 0.792505 -36.0675 0 0 0 1 
				27
				0.937265 0.0547499 -0.344292 2.00622 0.15108 0.826243 0.542676 -6.70486 0.31418 -0.560647 0.766137 -35.4462 0 0 0 1 
				28
				0.938121 0.0573131 -0.341531 1.98015 0.164999 0.793102 0.586314 -7.17179 0.304473 -0.606386 0.73457 -34.7369 0 0 0 1 
				29
				0.93905 0.0597746 -0.338544 1.95199 0.178657 0.756492 0.629127 -7.63458 0.293711 -0.651265 0.699705 -33.9874 0 0 0 1 
				30
				0.93998 0.0619542 -0.335558 1.92388 0.191053 0.719236 0.667981 -8.05957 0.282729 -0.691998 0.664231 -33.2534 0 0 0 1 
				31
				0.940828 0.0637232 -0.332839 1.8983 0.201378 0.684814 0.70034 -8.418 0.272561 -0.725926 0.63146 -32.5964 0 0 0 1 
		</Joint>
			8
				-1
				-0.0870704 -0.634358 -0.76812 7.20623 -0.877616 0.413694 -0.24217 -7.28187 0.471389 0.653029 -0.592744 -31.0587 0 0 0 1 
				0
				-0.0982711 -0.634403 -0.76673 7.22703 -0.880645 0.414261 -0.229894 -6.98169 0.463472 0.652625 -0.599394 -31.6692 0 0 0 1 
				1
				-0.111039 -0.634443 -0.764952 7.24989 -0.883893 0.414915 -0.215821 -6.62664 0.454316 0.652171 -0.606852 -32.3535 0 0 0 1 
				2
				-0.124405 -0.634474 -0.762867 7.27281 -0.887058 0.415605 -0.201 -6.2409 0.444581 0.651702 -0.614518 -33.0553 0 0 0 1 
				3
				-0.137406 -0.634492 -0.760618 7.29405 -0.889903 0.416284 -0.186494 -5.8525 0.434962 0.651251 -0.621836 -33.7226 0 0 0 1 
				4
				-0.14912 -0.6345 -0.758401 7.31226 -0.892269 0.416901 -0.173349 -5.49192 0.426168 0.650848 -0.628313 -34.3097 0 0 0 1 
				5
				-0.158637 -0.634501 -0.756467 7.32638 -0.894051 0.417406 -0.162618 -5.19193 0.418935 0.650523 -0.633492 -34.7757 0 0 0 1 
				6
				-0.165022 -0.634498 -0.755102 7.3355 -0.895177 0.417746 -0.15539 -4.98724 0.414036 0.650307 -0.636925 -35.0811 0 0 0 1 
				7
				-0.167344 -0.634496 -0.754593 7.33875 -0.895572 0.417871 -0.152756 -4.91211 0.412245 0.65023 -0.638165 -35.1865 0 0 0 1 
				8
				-0.163942 -0.6345 -0.755336 7.33398 -0.89499 0.417688 -0.156615 -5.02207 0.414867 0.650343 -0.636348 -35.0135 0 0 0 1 
				9
				-0.154899 -0.634503 -0.757239 7.32091 -0.893366 0.417206 -0.166839 -5.31051 0.421785 0.650649 -0.631469 -34.5604 0 0 0 1 
				10
				-0.142084 -0.634497 -0.759754 7.30143 -0.89087 0.416529 -0.181254 -5.70969 0.431464 0.651089 -0.624437 -33.9082 0 0 0 1 
				11
				-0.127379 -0.634478 -0.762372 7.27776 -0.887728 0.41576 -0.19769 -6.15319 0.442394 0.651598 -0.616204 -33.1422 0 0 0 1 
				12
				-0.112627 -0.634445 -0.764718 7.25267 -0.884281 0.414997 -0.214064 -6.58154 0.453168 0.652117 -0.607768 -32.3547 0 0 0 1 
				13
				-0.0996976 -0.634408 -0.766542 7.22963 -0.881019 0.414334 -0.228326 -6.94268 0.462457 0.652575 -0.600233 -31.6487 0 0 0 1 
				14
				-0.0905305 -0.634374 -0.767706 7.21273 -0.87857 0.413868 -0.238386 -7.1903 0.468955 0.652902 -0.59481 -31.1383 0 0 0 1 
				15
				-0.0870704 -0.634358 -0.76812 7.20623 -0.877616 0.413694 -0.24217 -7.28187 0.471389 0.653029 -0.592744 -30.9409 0 0 0 1 
				16
				-0.0905305 -0.634374 -0.767706 7.21273 -0.87857 0.413868 -0.238386 -7.19029 0.468955 0.652902 -0.59481 -31.1275 0 0 0 1 
				17
				-0.0996973 -0.634408 -0.766542 7.22963 -0.881019 0.414334 -0.228326 -6.94268 0.462457 0.652575 -0.600233 -31.6254 0 0 0 1 
				18
				-0.112627 -0.634445 -0.764718 7.25267 -0.884281 0.414997 -0.214064 -6.58154 0.453168 0.652117 -0.607768 -32.3185 0 0 0 1 
				19
				-0.127379 -0.634478 -0.762372 7.27776 -0.887728 0.41576 -0.19769 -6.15319 0.442394 0.651598 -0.616204 -33.0934 0 0 0 1 
				20
				-0.142084 -0.634496 -0.759754 7.30143 -0.89087 0.416529 -0.181254 -5.70969 0.431465 0.651089 -0.624436 -33.8479 0 0 0 1 
				21
				-0.154899 -0.634502 -0.75724 7.32091 -0.893366 0.417206 -0.166839 -5.31052 0.421785 0.65065 -0.631468 -34.4908 0 0 0 1 
				22
				-0.163942 -0.6345 -0.755336 7.33398 -0.894991 0.417688 -0.156615 -5.02207 0.414867 0.650343 -0.636348 -34.9376 0 0 0 1 
				23
				-0.167344 -0.634496 -0.754593 7.33875 -0.895572 0.417871 -0.152756 -4.91211 0.412245 0.65023 -0.638165 -35.1083 0 0 0 1 
				24
				-0.165022 -0.6345 -0.755101 7.33551 -0.895177 0.417746 -0.155391 -4.98724 0.414036 0.650306 -0.636927 -35.0052 0 0 0 1 
				25
				-0.158636 -0.634501 -0.756467 7.32638 -0.894051 0.417405 -0.162618 -5.19193 0.418935 0.650523 -0.633493 -34.7061 0 0 0 1 
				26
				-0.14912 -0.6345 -0.758401 7.31227 -0.892269 0.416901 -0.173349 -5.49192 0.426168 0.650848 -0.628313 -34.2494 0 0 0 1 
				27
				-0.137406 -0.634492 -0.760618 7.29405 -0.889903 0.416284 -0.186494 -5.8525 0.434962 0.651251 -0.621836 -33.6737 0 0 0 1 
				28
				-0.124405 -0.634474 -0.762867 7.27281 -0.887057 0.415605 -0.201 -6.2409 0.444581 0.651702 -0.614518 -33.0191 0 0 0 1 
				29
				-0.111039 -0.634443 -0.764952 7.24989 -0.883893 0.414915 -0.215821 -6.62664 0.454316 0.652172 -0.606851 -32.3303 0 0 0 1 
				30
				-0.0982709 -0.634404 -0.76673 7.22703 -0.880645 0.414261 -0.229894 -6.98169 0.463472 0.652625 -0.599394 -31.6583 0 0 0 1 
				31
				-0.0870704 -0.634358 -0.76812 7.20623 -0.877616 0.413694 -0.24217 -7.28188 0.471389 0.653029 -0.592744 -31.0587 0 0 0 1 
		</Joint>
			9
				-1
				-0.0853735 -0.634589 -0.768119 6.64392 -0.878719 0.411345 -0.24217 -12.9496 0.469641 0.654287 -0.592744 -28.0144 0 0 0 1 
				0
				-0.096574 -0.634664 -0.76673 6.59238 -0.88175 0.411904 -0.229894 -12.669 0.461725 0.653862 -0.599394 -28.676 0 0 0 1 
				1
				-0.109342 -0.634738 -0.764952 6.53278 -0.884999 0.412549 -0.215821 -12.3349 0.45257 0.653384 -0.606852 -29.4195 0 0 0 1 
				2
				-0.122708 -0.634804 -0.762867 6.46939 -0.888166 0.413231 -0.201 -11.9696 0.442836 0.652888 -0.614518 -30.1842 0 0 0 1 
				3
				-0.135708 -0.634857 -0.760618 6.40667 -0.891013 0.413902 -0.186494 -11.5996 0.433218 0.652412 -0.621836 -30.9135 0 0 0 1 
				4
				-0.147423 -0.634896 -0.758401 6.34922 -0.893381 0.414513 -0.173349 -11.2543 0.424426 0.651986 -0.628313 -31.5574 0 0 0 1 
				5
				-0.156939 -0.634923 -0.756467 6.30188 -0.895164 0.415013 -0.162618 -10.9658 0.417193 0.651642 -0.633492 -32.0702 0 0 0 1 
				6
				-0.163324 -0.634937 -0.755102 6.26977 -0.896291 0.415351 -0.15539 -10.7684 0.412295 0.651413 -0.636925 -32.4072 0 0 0 1 
				7
				-0.165647 -0.634941 -0.754593 6.25802 -0.896686 0.415474 -0.152756 -10.6958 0.410504 0.65133 -0.638165 -32.5242 0 0 0 1 
				8
				-0.162244 -0.634936 -0.755336 6.27522 -0.896104 0.415293 -0.156615 -10.802 0.413126 0.65145 -0.636348 -32.3342 0 0 0 1 
				9
				-0.153201 -0.634915 -0.757239 6.32055 -0.894479 0.414815 -0.166839 -11.08 0.420043 0.651775 -0.631469 -31.8365 0 0 0 1 
				10
				-0.140387 -0.634875 -0.759754 6.38384 -0.891981 0.414145 -0.181254 -11.4631 0.429722 0.65224 -0.624437 -31.1218 0 0 0 1 
				11
				-0.125681 -0.634817 -0.762372 6.45513 -0.888837 0.413384 -0.19769 -11.8863 0.440649 0.652779 -0.616204 -30.2852 0 0 0 1 
				12
				-0.11093 -0.634744 -0.764718 6.52531 -0.885388 0.41263 -0.214064 -12.2923 0.451422 0.653327 -0.607768 -29.4281 0 0 0 1 
				13
				-0.0980005 -0.634672 -0.766542 6.58577 -0.882124 0.411977 -0.228326 -12.6324 0.46071 0.653809 -0.600233 -28.662 0 0 0 1 
				14
				-0.0888335 -0.634614 -0.767706 6.62807 -0.879673 0.411517 -0.238386 -12.8642 0.467207 0.654154 -0.59481 -28.1097 0 0 0 1 
				15
				-0.0853735 -0.634589 -0.76812 6.64392 -0.878719 0.411345 -0.24217 -12.9496 0.469641 0.654287 -0.592744 -27.8966 0 0 0 1 
				16
				-0.0888335 -0.634614 -0.767706 6.62807 -0.879673 0.411517 -0.238386 -12.8642 0.467207 0.654154 -0.59481 -28.0989 0 0 0 1 
				17
				-0.0980003 -0.634672 -0.766542 6.58577 -0.882123 0.411977 -0.228326 -12.6324 0.46071 0.653809 -0.600233 -28.6388 0 0 0 1 
				18
				-0.11093 -0.634744 -0.764718 6.52531 -0.885388 0.412631 -0.214064 -12.2923 0.451422 0.653327 -0.607768 -29.3919 0 0 0 1 
				19
				-0.125681 -0.634817 -0.762372 6.45514 -0.888837 0.413384 -0.19769 -11.8863 0.440649 0.652779 -0.616204 -30.2363 0 0 0 1 
				20
				-0.140386 -0.634874 -0.759754 6.38384 -0.891981 0.414145 -0.181254 -11.4631 0.429722 0.652241 -0.624436 -31.0614 0 0 0 1 
				21
				-0.153201 -0.634914 -0.75724 6.32055 -0.894479 0.414815 -0.166839 -11.08 0.420043 0.651775 -0.631468 -31.7668 0 0 0 1 
				22
				-0.162244 -0.634936 -0.755336 6.27522 -0.896104 0.415293 -0.156615 -10.802 0.413126 0.65145 -0.636348 -32.2583 0 0 0 1 
				23
