<?xml version='1.0' encoding='UTF-8' ?>
<itpanim>
	<skeleton count>
		37
			0 -1
			1.37091e-06 -1 -6.12323e-17 1e-06 1 1.37091e-06 -6.12323e-17 -1.37225e-12 6.12323e-17 -6.12323e-17 1 21.9617 0 0 0 1 
			1 0
			1.3868e-06 -2.28068e-12 -1 -21.9617 2.75771e-06 -1 6.10495e-12 1.00008e-06 -1 -2.75771e-06 -1.3868e-06 -3.04564e-05 0 0 0 1 
			2 1
			-0.000205999 -0.000823318 -1 -24.8731 -1.2413e-06 -1 0.000823318 0.0257198 -1 1.41091e-06 0.000205998 0.00512379 0 0 0 1 
			3 2
			-0.000383999 -0.00100932 -0.999999 -31.4555 -1.03656e-06 -0.999999 0.00100932 0.036812 -1 1.42414e-06 0.000383997 0.0107229 0 0 0 1 
			4 3
			-0.000383999 -0.00100932 -0.999999 -38.038 -1.03656e-06 -0.999999 0.00100932 0.0388247 -1 1.42414e-06 0.000383997 0.0107229 0 0 0 1 
			5 4
			1.34309e-06 9.82436e-13 -1 -40.5657 -1.40269e-06 -1 -2.86637e-12 -0.00211895 -1 1.40269e-06 -1.34309e-06 -0.00490874 0 0 0 1 
			6 5
			1 -0 0 0 0 1 0 0 -0 -0 1 -0 0 0 0 1 
			7 4
			0.950432 6.75818e-05 0.310933 10.539 -1.42282e-06 1 -0.000213002 -0.00652172 -0.310933 0.000202002 0.950432 36.5745 0 0 0 1 
			8 7
			0.476976 0.0235788 0.8786 28.6752 0.0457762 0.997617 -0.0516239 -2.17945 -0.877723 0.0648423 0.47476 23.1227 0 0 0 1 
			9 8
			0.476835 0.0205561 0.878752 22.2236 0.0472212 0.997684 -0.0489616 -2.11213 -0.877724 0.0648423 0.47476 23.1227 0 0 0 1 
			10 9
			0.476835 0.0205561 0.878752 15.4032 -0.877686 0.0656367 0.474721 23.121 -0.04792 -0.997632 0.0493396 2.13054 0 0 0 1 
			11 10
			1 -0 0 0 0 1 0 0 -0 -0 1 -0 0 0 0 1 
			12 11
			1 -0 0 0 0 1 0 0 -0 -0 1 -0 0 0 0 1 
			13 12
			1 -0 0 0 0 1 0 0 -0 -0 1 -0 0 0 0 1 
			14 10
			1 -0 0 0 0 1 0 0 -0 -0 1 -0 0 0 0 1 
			15 14
			1 -0 0 0 0 1 0 0 -0 -0 1 -0 0 0 0 1 
			16 15
			1 -0 0 0 0 1 0 0 -0 -0 1 -0 0 0 0 1 
			17 4
			-0.950193 6.50589e-05 0.311663 10.5594 -1.39561e-06 1 -0.000213002 -0.00652172 -0.311663 -0.000202828 -0.950193 -36.5678 0 0 0 1 
			18 17
			-0.476976 0.0235775 0.8786 28.6676 -0.045779 0.997617 -0.0516239 -2.17948 -0.877723 -0.0648447 -0.47476 -23.1259 0 0 0 1 
			19 18
			-0.476835 0.0205548 0.878752 22.216 -0.0472239 0.997684 -0.0489616 -2.11218 -0.877723 -0.0648447 -0.47476 -23.1259 0 0 0 1 
			20 19
			-0.476835 0.0205547 0.878752 15.3956 0.877685 0.0656391 0.474721 23.1242 -0.0479228 0.997632 -0.0493396 -2.13059 0 0 0 1 
			21 20
			1 -0 0 0 0 1 0 0 -0 -0 1 -0 0 0 0 1 
			22 21
			1 -0 0 0 0 1 0 0 -0 -0 1 -0 0 0 0 1 
			23 22
			1 -0 0 0 0 1 0 0 -0 -0 1 -0 0 0 0 1 
			24 20
			1 -0 0 0 0 1 0 0 -0 -0 1 -0 0 0 0 1 
			25 24
			1 -0 0 0 0 1 0 0 -0 -0 1 -0 0 0 0 1 
			26 25
			1 -0 0 0 0 1 0 0 -0 -0 1 -0 0 0 0 1 
			27 2
			1.37369e-06 -0.0998331 0.995004 21.852 0 -0.995004 -0.0998331 -2.1925 1 1.3714e-07 -1.36683e-06 -4.26131 0 0 0 1 
			28 27
			1.37369e-06 0.0998335 0.995004 12.303 0 -0.995004 0.0998335 0.256849 1 -1.3714e-07 -1.36683e-06 -4.26131 0 0 0 1 
			29 28
			1.3716e-06 -6.00745e-14 1 2.57273 0 -1 -6.00745e-14 4.22662e-06 1 8.23984e-20 -1.3716e-06 -4.26131 0 0 0 1 
			30 29
			1.3723e-06 -1 -6.00133e-14 -5.50713 0 6.00133e-14 -1 -0.331805 1 1.3723e-06 8.23562e-20 -4.26131 0 0 0 1 
			31 30
			1 -0 0 0 0 1 0 0 -0 -0 1 -0 0 0 0 1 
			32 2
			1.37369e-06 -0.0998331 0.995004 21.852 0 -0.995004 -0.0998331 -2.1925 1 1.3714e-07 -1.36683e-06 4.26131 0 0 0 1 
			33 32
			1.37369e-06 0.0998335 0.995004 12.303 0 -0.995004 0.0998335 0.256849 1 -1.3714e-07 -1.36683e-06 4.26131 0 0 0 1 
			34 33
			1.3716e-06 -6.00745e-14 1 2.57273 0 -1 -6.00745e-14 4.22662e-06 1 8.23984e-20 -1.3716e-06 4.26131 0 0 0 1 
			35 34
			1.3723e-06 -1 -6.00133e-14 -5.50713 0 6.00133e-14 -1 -0.331804 1 1.3723e-06 8.23562e-20 4.26131 0 0 0 1 
			36 35
			1 -0 0 0 0 1 0 0 -0 -0 1 -0 0 0 0 1 
	</skeleton>
		<animations>
			33
			0
				-1
				-0.573575 0.819153 -2.02144e-33 0 -0.819153 -0.573575 -1.36318e-32 2.84751 -1.2326e-32 -6.16298e-33 1 -19.0186 0 0 0 1 
				0
				-0.573575 0.819153 -2.02144e-33 0 -0.819153 -0.573575 -1.36318e-32 2.84751 -1.2326e-32 -6.16298e-33 1 -18.8691 0 0 0 1 
				1
				-0.573575 0.819153 -2.02144e-33 0 -0.819153 -0.573575 -1.36318e-32 2.84751 -1.2326e-32 -6.16298e-33 1 -18.7053 0 0 0 1 
				2
				-0.573575 0.819153 -2.02144e-33 0 -0.819153 -0.573575 -1.36318e-32 2.84751 -1.2326e-32 -6.16298e-33 1 -18.5304 0 0 0 1 
				3
				-0.573575 0.819153 -2.02144e-33 0 -0.819153 -0.573575 -1.36318e-32 2.84751 -1.2326e-32 -6.16298e-33 1 -18.3479 0 0 0 1 
				4
				-0.573575 0.819153 -2.02144e-33 0 -0.819153 -0.573575 -1.36318e-32 2.84751 -1.2326e-32 -6.16298e-33 1 -18.1609 0 0 0 1 
				5
				-0.573575 0.819153 -2.02144e-33 0 -0.819153 -0.573575 -1.36318e-32 2.84751 -1.2326e-32 -6.16298e-33 1 -17.9728 0 0 0 1 
				6
				-0.573575 0.819153 -2.02144e-33 0 -0.819153 -0.573575 -1.36318e-32 2.84751 -1.2326e-32 -6.16298e-33 1 -17.7869 0 0 0 1 
				7
				-0.573575 0.819153 -2.02144e-33 0 -0.819153 -0.573575 -1.36318e-32 2.84751 -1.2326e-32 -6.16298e-33 1 -17.6066 0 0 0 1 
				8
				-0.573575 0.819153 -2.02144e-33 0 -0.819153 -0.573575 -1.36318e-32 2.84751 -1.2326e-32 -6.16298e-33 1 -17.4351 0 0 0 1 
				9
				-0.573575 0.819153 -2.02144e-33 0 -0.819153 -0.573575 -1.36318e-32 2.84751 -1.2326e-32 -6.16298e-33 1 -17.2757 0 0 0 1 
				10
				-0.573575 0.819153 -2.02144e-33 0 -0.819153 -0.573575 -1.36318e-32 2.84751 -1.2326e-32 -6.16298e-33 1 -17.1317 0 0 0 1 
				11
				-0.573575 0.819153 -2.02144e-33 0 -0.819153 -0.573575 -1.36318e-32 2.84751 -1.2326e-32 -6.16298e-33 1 -17.0065 0 0 0 1 
				12
				-0.573575 0.819153 -2.02144e-33 0 -0.819153 -0.573575 -1.36318e-32 2.84751 -1.2326e-32 -6.16298e-33 1 -16.9034 0 0 0 1 
				13
				-0.573575 0.819153 1.51349e-33 0 -0.819153 -0.573575 -8.58335e-33 2.84751 -6.16298e-33 -6.16298e-33 1 -16.8256 0 0 0 1 
				14
				-0.573575 0.819153 -2.02144e-33 0 -0.819153 -0.573575 -1.36318e-32 2.84751 -1.2326e-32 -6.16298e-33 1 -16.7765 0 0 0 1 
				15
				-0.573575 0.819153 -2.02144e-33 0 -0.819153 -0.573575 -1.36318e-32 2.84751 -1.2326e-32 -6.16298e-33 1 -16.7594 0 0 0 1 
				16
				-0.573575 0.819153 -2.02144e-33 0 -0.819153 -0.573575 -1.36318e-32 2.84751 -1.2326e-32 -6.16298e-33 1 -16.7765 0 0 0 1 
				17
				-0.573575 0.819153 1.51349e-33 0 -0.819153 -0.573575 -8.58335e-33 2.84751 -6.16298e-33 -6.16298e-33 1 -16.8256 0 0 0 1 
				18
				-0.573575 0.819153 -2.02144e-33 0 -0.819153 -0.573575 -1.36318e-32 2.84751 -1.2326e-32 -6.16298e-33 1 -16.9034 0 0 0 1 
				19
				-0.573575 0.819153 -2.02144e-33 0 -0.819153 -0.573575 -1.36318e-32 2.84751 -1.2326e-32 -6.16298e-33 1 -17.0065 0 0 0 1 
				20
				-0.573575 0.819153 -2.02144e-33 0 -0.819153 -0.573575 -1.36318e-32 2.84751 -1.2326e-32 -6.16298e-33 1 -17.1317 0 0 0 1 
				21
				-0.573575 0.819153 -2.02144e-33 0 -0.819153 -0.573575 -1.36318e-32 2.84751 -1.2326e-32 -6.16298e-33 1 -17.2757 0 0 0 1 
				22
				-0.573575 0.819153 -2.02144e-33 0 -0.819153 -0.573575 -1.36318e-32 2.84751 -1.2326e-32 -6.16298e-33 1 -17.4351 0 0 0 1 
				23
				-0.573575 0.819153 -2.02144e-33 0 -0.819153 -0.573575 -1.36318e-32 2.84751 -1.2326e-32 -6.16298e-33 1 -17.6066 0 0 0 1 
				24
				-0.573575 0.819153 -2.02144e-33 0 -0.819153 -0.573575 -1.36318e-32 2.84751 -1.2326e-32 -6.16298e-33 1 -17.7869 0 0 0 1 
				25
				-0.573575 0.819153 -2.02144e-33 0 -0.819153 -0.573575 -1.36318e-32 2.84751 -1.2326e-32 -6.16298e-33 1 -17.9728 0 0 0 1 
				26
				-0.573575 0.819153 1.51349e-33 0 -0.819153 -0.573575 -8.58335e-33 2.84751 -6.16298e-33 -6.16298e-33 1 -18.1609 0 0 0 1 
				27
				-0.573575 0.819153 -2.02144e-33 0 -0.819153 -0.573575 -1.36318e-32 2.84751 -1.2326e-32 -6.16298e-33 1 -18.3479 0 0 0 1 
				28
				-0.573575 0.819153 -2.02144e-33 0 -0.819153 -0.573575 -1.36318e-32 2.84751 -1.2326e-32 -6.16298e-33 1 -18.5304 0 0 0 1 
				29
				-0.573575 0.819153 -2.02144e-33 0 -0.819153 -0.573575 -1.36318e-32 2.84751 -1.2326e-32 -6.16298e-33 1 -18.7053 0 0 0 1 
				30
				-0.573575 0.819153 -2.02144e-33 0 -0.819153 -0.573575 -1.36318e-32 2.84751 -1.2326e-32 -6.16298e-33 1 -18.8691 0 0 0 1 
				31
				-0.573575 0.819153 -2.02144e-33 0 -0.819153 -0.573575 -1.36318e-32 2.84751 -1.2326e-32 -6.16298e-33 1 -19.0186 0 0 0 1 
		</Joint>
			1
				-1
				1.33158e-06 -0.573574 -0.819154 0 0 -0.819154 0.573574 2.84751 -1 -7.6376e-07 -1.09077e-06 -19.0186 0 0 0 1 
				0
				1.33158e-06 -0.573574 -0.819154 0 0 -0.819154 0.573574 2.84751 -1 -7.6376e-07 -1.09077e-06 -18.8691 0 0 0 1 
				1
				1.33158e-06 -0.573574 -0.819154 0 0 -0.819154 0.573574 2.84751 -1 -7.6376e-07 -1.09077e-06 -18.7053 0 0 0 1 
				2
				1.33158e-06 -0.573574 -0.819154 0 0 -0.819154 0.573574 2.84751 -1 -7.6376e-07 -1.09077e-06 -18.5304 0 0 0 1 
				3
				1.33158e-06 -0.573574 -0.819154 0 0 -0.819154 0.573574 2.84751 -1 -7.6376e-07 -1.09077e-06 -18.3479 0 0 0 1 
				4
				1.33158e-06 -0.573574 -0.819154 0 0 -0.819154 0.573574 2.84751 -1 -7.6376e-07 -1.09077e-06 -18.1609 0 0 0 1 
				5
				1.33158e-06 -0.573574 -0.819154 0 0 -0.819154 0.573574 2.84751 -1 -7.6376e-07 -1.09077e-06 -17.9728 0 0 0 1 
				6
				1.33158e-06 -0.573574 -0.819154 0 0 -0.819154 0.573574 2.84751 -1 -7.6376e-07 -1.09077e-06 -17.7869 0 0 0 1 
				7
				1.33158e-06 -0.573574 -0.819154 0 0 -0.819154 0.573574 2.84751 -1 -7.6376e-07 -1.09077e-06 -17.6066 0 0 0 1 
				8
				1.33158e-06 -0.573574 -0.819154 0 0 -0.819154 0.573574 2.84751 -1 -7.6376e-07 -1.09077e-06 -17.4351 0 0 0 1 
				9
				1.33158e-06 -0.573574 -0.819154 0 0 -0.819154 0.573574 2.84751 -1 -7.6376e-07 -1.09077e-06 -17.2757 0 0 0 1 
				10
				1.33158e-06 -0.573574 -0.819154 0 0 -0.819154 0.573574 2.84751 -1 -7.6376e-07 -1.09077e-06 -17.1317 0 0 0 1 
				11
				1.33158e-06 -0.573574 -0.819154 0 0 -0.819154 0.573574 2.84751 -1 -7.6376e-07 -1.09077e-06 -17.0065 0 0 0 1 
				12
				1.33158e-06 -0.573574 -0.819154 0 0 -0.819154 0.573574 2.84751 -1 -7.6376e-07 -1.09077e-06 -16.9034 0 0 0 1 
				13
				1.33158e-06 -0.573574 -0.819153 0 0 -0.819153 0.573574 2.84751 -1 -7.6376e-07 -1.09077e-06 -16.8256 0 0 0 1 
				14
				1.33158e-06 -0.573574 -0.819154 0 0 -0.819154 0.573574 2.84751 -1 -7.6376e-07 -1.09077e-06 -16.7765 0 0 0 1 
				15
				1.33158e-06 -0.573574 -0.819154 0 0 -0.819154 0.573574 2.84751 -1 -7.6376e-07 -1.09077e-06 -16.7594 0 0 0 1 
				16
				1.33158e-06 -0.573574 -0.819154 0 0 -0.819154 0.573574 2.84751 -1 -7.6376e-07 -1.09077e-06 -16.7765 0 0 0 1 
				17
				1.33158e-06 -0.573574 -0.819153 0 0 -0.819153 0.573574 2.84751 -1 -7.6376e-07 -1.09077e-06 -16.8256 0 0 0 1 
				18
				1.33158e-06 -0.573574 -0.819154 0 0 -0.819154 0.573574 2.84751 -1 -7.6376e-07 -1.09077e-06 -16.9034 0 0 0 1 
				19
				1.33158e-06 -0.573574 -0.819154 0 0 -0.819154 0.573574 2.84751 -1 -7.6376e-07 -1.09077e-06 -17.0065 0 0 0 1 
				20
				1.33158e-06 -0.573574 -0.819154 0 0 -0.819154 0.573574 2.84751 -1 -7.6376e-07 -1.09077e-06 -17.1317 0 0 0 1 
				21
				1.33158e-06 -0.573574 -0.819154 0 0 -0.819154 0.573574 2.84751 -1 -7.6376e-07 -1.09077e-06 -17.2757 0 0 0 1 
				22
				1.33158e-06 -0.573574 -0.819154 0 0 -0.819154 0.573574 2.84751 -1 -7.6376e-07 -1.09077e-06 -17.4351 0 0 0 1 
				23
				1.33158e-06 -0.573574 -0.819154 0 0 -0.819154 0.573574 2.84751 -1 -7.6376e-07 -1.09077e-06 -17.6066 0 0 0 1 
				24
				1.33158e-06 -0.573574 -0.819154 0 0 -0.819154 0.573574 2.84751 -1 -7.6376e-07 -1.09077e-06 -17.7869 0 0 0 1 
				25
				1.33158e-06 -0.573574 -0.819154 0 0 -0.819154 0.573574 2.84751 -1 -7.6376e-07 -1.09077e-06 -17.9728 0 0 0 1 
				26
				1.33158e-06 -0.573574 -0.819153 0 0 -0.819153 0.573574 2.84751 -1 -7.6376e-07 -1.09077e-06 -18.1609 0 0 0 1 
				27
				1.33158e-06 -0.573574 -0.819154 0 0 -0.819154 0.573574 2.84751 -1 -7.6376e-07 -1.09077e-06 -18.3479 0 0 0 1 
				28
				1.33158e-06 -0.573574 -0.819154 0 0 -0.819154 0.573574 2.84751 -1 -7.6376e-07 -1.09077e-06 -18.5304 0 0 0 1 
				29
				1.33158e-06 -0.573574 -0.819154 0 0 -0.819154 0.573574 2.84751 -1 -7.6376e-07 -1.09077e-06 -18.7053 0 0 0 1 
				30
				1.33158e-06 -0.573574 -0.819154 0 0 -0.819154 0.573574 2.84751 -1 -7.6376e-07 -1.09077e-06 -18.8691 0 0 0 1 
				31
				1.33158e-06 -0.573574 -0.819154 0 0 -0.819154 0.573574 2.84751 -1 -7.6376e-07 -1.09077e-06 -19.0186 0 0 0 1 
		</Joint>
			2
				-1
				-0.171245 -0.296064 -0.939692 0.00155322 -0.470496 -0.813422 0.342021 2.85177 -0.865626 0.500691 -2.35749e-06 -21.9326 0 0 0 1 
				0
				-0.172951 -0.29507 -0.939692 0.00154823 -0.475184 -0.810692 0.342021 2.85176 -0.862722 0.50568 -2.36694e-06 -21.7832 0 0 0 1 
				1
				-0.174815 -0.29397 -0.939692 0.00154221 -0.480305 -0.807669 0.342021 2.85174 -0.859504 0.511129 -2.41783e-06 -21.6194 0 0 0 1 
				2
				-0.176797 -0.292782 -0.939692 0.00153589 -0.485749 -0.804406 0.342021 2.85172 -0.856032 0.516923 -2.4625e-06 -21.4446 0 0 0 1 
				3
				-0.178857 -0.291528 -0.939692 0.00152954 -0.491409 -0.800961 0.342021 2.85171 -0.852366 0.522946 -2.39423e-06 -21.2621 0 0 0 1 
				4
				-0.180957 -0.290229 -0.939692 0.0015228 -0.49718 -0.797391 0.342021 2.85169 -0.848567 0.529088 -2.48241e-06 -21.0752 0 0 0 1 
				5
				-0.183061 -0.288907 -0.939692 0.00151576 -0.502961 -0.793758 0.342021 2.85167 -0.8447 0.53524 -2.48698e-06 -20.8871 0 0 0 1 
				6
				-0.185131 -0.287585 -0.939693 0.0015088 -0.508648 -0.790126 0.342021 2.85165 -0.840835 0.541292 -2.48638e-06 -20.7012 0 0 0 1 
				7
				-0.18713 -0.286288 -0.939692 0.00150238 -0.51414 -0.786563 0.342021 2.85163 -0.837044 0.547135 -2.51146e-06 -20.5209 0 0 0 1 
				8
				-0.189022 -0.285042 -0.939692 0.00149564 -0.519339 -0.78314 0.342021 2.85161 -0.833401 0.552669 -2.56835e-06 -20.3495 0 0 0 1 
				9
				-0.190774 -0.283873 -0.939692 0.00148944 -0.524152 -0.779927 0.342021 2.85159 -0.829982 0.55779 -2.58385e-06 -20.1901 0 0 0 1 
				10
				-0.19235 -0.282807 -0.939692 0.00148379 -0.528482 -0.777 0.342021 2.85158 -0.826867 0.562398 -2.58961e-06 -20.0461 0 0 0 1 
				11
				-0.193715 -0.281874 -0.939692 0.00147874 -0.532233 -0.774435 0.342021 2.85157 -0.824138 0.566389 -2.57632e-06 -19.921 0 0 0 1 
				12
				-0.194836 -0.2811 -0.939692 0.00147499 -0.535313 -0.772309 0.342021 2.85155 -0.821875 0.569668 -2.59885e-06 -19.8179 0 0 0 1 
				13
				-0.19568 -0.280513 -0.939692 0.00147183 -0.537631 -0.770697 0.342021 2.85155 -0.82016 0.572135 -2.57753e-06 -19.7401 0 0 0 1 
				14
				-0.196212 -0.280142 -0.939692 0.00146999 -0.539092 -0.769676 0.342021 2.85154 -0.819073 0.57369 -2.58462e-06 -19.691 0 0 0 1 
				15
				-0.196397 -0.280012 -0.939692 0.00146893 -0.5396 -0.76932 0.342021 2.85154 -0.818694 0.57423 -2.62326e-06 -19.6739 0 0 0 1 
				16
				-0.196212 -0.280142 -0.939692 0.00146993 -0.539093 -0.769676 0.342021 2.85154 -0.819073 0.57369 -2.6017e-06 -19.691 0 0 0 1 
				17
				-0.19568 -0.280513 -0.939692 0.00147174 -0.537631 -0.770697 0.342021 2.85155 -0.82016 0.572135 -2.5603e-06 -19.7401 0 0 0 1 
				18
				-0.194836 -0.2811 -0.939692 0.0014747 -0.535313 -0.772309 0.342021 2.85155 -0.821875 0.569667 -2.59283e-06 -19.8179 0 0 0 1 
				19
				-0.193715 -0.281874 -0.939692 0.00147878 -0.532233 -0.774435 0.342021 2.85157 -0.824138 0.56639 -2.60311e-06 -19.921 0 0 0 1 
				20
				-0.19235 -0.282807 -0.939692 0.00148374 -0.528482 -0.777 0.342021 2.85158 -0.826867 0.562398 -2.59897e-06 -20.0461 0 0 0 1 
				21
				-0.190774 -0.283873 -0.939692 0.00148934 -0.524152 -0.779927 0.342021 2.85159 -0.829982 0.55779 -2.58385e-06 -20.1901 0 0 0 1 
				22
				-0.189022 -0.285042 -0.939693 0.00149548 -0.519339 -0.78314 0.342021 2.85161 -0.833401 0.552669 -2.5451e-06 -20.3495 0 0 0 1 
				23
				-0.18713 -0.286288 -0.939692 0.00150238 -0.51414 -0.786563 0.342021 2.85163 -0.837044 0.547135 -2.51146e-06 -20.5209 0 0 0 1 
				24
				-0.185131 -0.287585 -0.939692 0.00150884 -0.508648 -0.790126 0.342021 2.85165 -0.840835 0.541292 -2.49539e-06 -20.7012 0 0 0 1 
				25
				-0.183061 -0.288907 -0.939692 0.00151565 -0.502961 -0.793758 0.342021 2.85167 -0.8447 0.53524 -2.48446e-06 -20.8871 0 0 0 1 
				26
				-0.180957 -0.290229 -0.939692 0.00152272 -0.497181 -0.797391 0.342021 2.85169 -0.848567 0.529088 -2.46995e-06 -21.0752 0 0 0 1 
				27
				-0.178857 -0.291528 -0.939692 0.0015295 -0.491409 -0.800961 0.342021 2.8517 -0.852366 0.522946 -2.46035e-06 -21.2621 0 0 0 1 
				28
				-0.176797 -0.292782 -0.939692 0.00153589 -0.485749 -0.804406 0.342021 2.85172 -0.856032 0.516923 -2.44697e-06 -21.4446 0 0 0 1 
				29
				-0.174815 -0.29397 -0.939692 0.00154219 -0.480305 -0.807669 0.342021 2.85174 -0.859504 0.511129 -2.43506e-06 -21.6194 0 0 0 1 
				30
				-0.172951 -0.29507 -0.939692 0.00154823 -0.475184 -0.810692 0.342021 2.85176 -0.862722 0.505679 -2.36177e-06 -21.7832 0 0 0 1 
				31
				-0.171245 -0.296064 -0.939692 0.00155322 -0.470496 -0.813422 0.342021 2.85177 -0.865626 0.500691 -2.35749e-06 -21.9326 0 0 0 1 
		</Joint>
			3
				-1
				-0.17587 -0.0124096 -0.984335 -1.12559 -0.615202 -0.779224 0.119741 -0.241149 -0.768503 0.626623 0.129407 -27.6338 0 0 0 1 
				0
				-0.177445 -0.0101442 -0.984078 -1.13684 -0.623829 -0.772225 0.120446 -0.272057 -0.761151 0.635269 0.130699 -27.4653 0 0 0 1 
				1
				-0.17914 -0.00763056 -0.983794 -1.14912 -0.633194 -0.764441 0.121228 -0.305823 -0.752977 0.644649 0.13211 -27.2804 0 0 0 1 
				2
				-0.180911 -0.0049138 -0.983487 -1.16219 -0.64308 -0.756007 0.122071 -0.341722 -0.744123 0.654545 0.13361 -27.0828 0 0 0 1 
				3
				-0.182719 -0.00204086 -0.983163 -1.17577 -0.653279 -0.747066 0.122961 -0.379042 -0.734739 0.664747 0.13517 -26.8762 0 0 0 1 
				4
				-0.184526 0.000939623 -0.982827 -1.18962 -0.663593 -0.737765 0.123884 -0.417098 -0.724979 0.675057 0.13676 -26.6643 0 0 0 1 
				5
				-0.186297 0.00397721 -0.982485 -1.20349 -0.673835 -0.728262 0.124824 -0.45522 -0.71501 0.685288 0.138353 -26.4509 0 0 0 1 
				6
				-0.188002 0.00701648 -0.982144 -1.21714 -0.683822 -0.718729 0.125762 -0.492721 -0.705013 0.695255 0.13992 -26.2396 0 0 0 1 
				7
				-0.18961 0.0099995 -0.981808 -1.23032 -0.693379 -0.70935 0.126683 -0.528937 -0.695179 0.704785 0.141434 -26.0344 0 0 0 1 
				8
				-0.191099 0.0128677 -0.981486 -1.2428 -0.702346 -0.700311 0.127568 -0.563228 -0.685705 0.713721 0.142866 -25.839 0 0 0 1 
				9
				-0.192446 0.0155606 -0.981184 -1.25435 -0.710575 -0.691807 0.128399 -0.59497 -0.676792 0.721915 0.144193 -25.6571 0 0 0 1 
				10
				-0.193633 0.0180143 -0.980909 -1.26474 -0.717917 -0.684042 0.129155 -0.623525 -0.668656 0.72922 0.145386 -25.4927 0 0 0 1 
				11
				-0.19464 0.0201643 -0.980667 -1.27374 -0.72423 -0.677228 0.129818 -0.648265 -0.661518 0.735497 0.14642 -25.3496 0 0 0 1 
				12
				-0.195454 0.0219466 -0.980467 -1.28113 -0.729381 -0.671571 0.130368 -0.668581 -0.655592 0.740616 0.147268 -25.2317 0 0 0 1 
				13
				-0.196057 0.023298 -0.980315 -1.2867 -0.733238 -0.667276 0.130785 -0.683872 -0.651094 0.744446 0.147907 -25.1426 0 0 0 1 
				14
				-0.196434 0.0241542 -0.98022 -1.29021 -0.73566 -0.664553 0.131049 -0.693509 -0.648243 0.74685 0.14831 -25.0864 0 0 0 1 
				15
				-0.196564 0.0244523 -0.980186 -1.29142 -0.736499 -0.663605 0.131141 -0.696856 -0.64725 0.747684 0.14845 -25.0668 0 0 0 1 
				16
				-0.196434 0.0241542 -0.98022 -1.29021 -0.73566 -0.664553 0.131049 -0.69351 -0.648243 0.74685 0.14831 -25.0864 0 0 0 1 
				17
				-0.196057 0.0232981 -0.980315 -1.2867 -0.733238 -0.667276 0.130785 -0.683873 -0.651094 0.744446 0.147907 -25.1426 0 0 0 1 
				18
				-0.195454 0.0219467 -0.980467 -1.28114 -0.729381 -0.67157 0.130368 -0.668581 -0.655592 0.740615 0.147268 -25.2317 0 0 0 1 
				19
				-0.19464 0.0201643 -0.980667 -1.27374 -0.72423 -0.677228 0.129818 -0.648264 -0.661518 0.735497 0.146419 -25.3496 0 0 0 1 
				20
				-0.193633 0.0180143 -0.980909 -1.26474 -0.717917 -0.684042 0.129156 -0.623525 -0.668656 0.72922 0.145386 -25.4927 0 0 0 1 
				21
				-0.192446 0.0155605 -0.981184 -1.25435 -0.710575 -0.691807 0.128399 -0.59497 -0.676792 0.721915 0.144193 -25.6571 0 0 0 1 
				22
				-0.191099 0.0128677 -0.981487 -1.2428 -0.702346 -0.700311 0.127568 -0.563227 -0.685704 0.713722 0.142866 -25.839 0 0 0 1 
				23
				-0.18961 0.0099995 -0.981808 -1.23032 -0.693379 -0.70935 0.126683 -0.528937 -0.695179 0.704785 0.141434 -26.0344 0 0 0 1 
				24
				-0.188002 0.00701649 -0.982144 -1.21714 -0.683822 -0.718729 0.125762 -0.492721 -0.705013 0.695255 0.13992 -26.2396 0 0 0 1 
				25
				-0.186297 0.00397732 -0.982485 -1.20349 -0.673836 -0.728261 0.124823 -0.45522 -0.71501 0.685288 0.138353 -26.4509 0 0 0 1 
				26
				-0.184526 0.000939534 -0.982827 -1.18962 -0.663593 -0.737765 0.123884 -0.417099 -0.724979 0.675057 0.13676 -26.6643 0 0 0 1 
				27
				-0.182719 -0.00204097 -0.983163 -1.17577 -0.653279 -0.747066 0.122962 -0.379041 -0.734739 0.664747 0.13517 -26.8762 0 0 0 1 
				28
				-0.180911 -0.00491375 -0.983487 -1.16219 -0.64308 -0.756007 0.122071 -0.341724 -0.744123 0.654545 0.13361 -27.0828 0 0 0 1 
				29
				-0.17914 -0.0076306 -0.983794 -1.14912 -0.633193 -0.764441 0.121228 -0.305823 -0.752977 0.644649 0.13211 -27.2804 0 0 0 1 
				30
				-0.177445 -0.0101442 -0.984079 -1.13684 -0.623829 -0.772224 0.120446 -0.272056 -0.761151 0.635269 0.130699 -27.4654 0 0 0 1 
				31
				-0.17587 -0.0124096 -0.984335 -1.12559 -0.615202 -0.779224 0.119741 -0.241149 -0.768503 0.626623 0.129407 -27.6338 0 0 0 1 
		</Joint>
			4
				-1
				-0.17587 -0.0124096 -0.984335 -2.28321 -0.615202 -0.779224 0.119741 -4.2891 -0.768503 0.626623 0.129407 -32.6937 0 0 0 1 
				0
				-0.177445 -0.0101442 -0.984078 -2.30483 -0.623829 -0.772225 0.120446 -4.37681 -0.761151 0.635269 0.130699 -32.4768 0 0 0 1 
				1
				-0.17914 -0.00763055 -0.983794 -2.32828 -0.633194 -0.764441 0.121228 -4.47223 -0.752977 0.644649 0.13211 -32.2381 0 0 0 1 
				2
				-0.180911 -0.00491379 -0.983487 -2.35301 -0.64308 -0.756007 0.122071 -4.57322 -0.744123 0.654545 0.13361 -31.9822 0 0 0 1 
				3
				-0.182719 -0.00204085 -0.983163 -2.3785 -0.653279 -0.747066 0.122961 -4.6777 -0.734738 0.664747 0.13517 -31.7139 0 0 0 1 
				4
				-0.184526 0.000939622 -0.982827 -2.40425 -0.663593 -0.737765 0.123884 -4.78366 -0.724979 0.675057 0.13676 -31.4378 0 0 0 1 
				5
				-0.186297 0.00397722 -0.982485 -2.42979 -0.673835 -0.728262 0.124823 -4.88922 -0.71501 0.685288 0.138353 -31.1587 0 0 0 1 
				6
				-0.188002 0.00701647 -0.982144 -2.45466 -0.683822 -0.718729 0.125762 -4.99248 -0.705013 0.695255 0.13992 -30.8817 0 0 0 1 
				7
				-0.18961 0.0099995 -0.981809 -2.47843 -0.693379 -0.70935 0.126683 -5.09162 -0.695179 0.704786 0.141434 -30.6118 0 0 0 1 
				8
				-0.191099 0.0128677 -0.981486 -2.50072 -0.702346 -0.700311 0.127568 -5.18496 -0.685705 0.713721 0.142866 -30.354 0 0 0 1 
				9
				-0.192446 0.0155606 -0.981184 -2.52114 -0.710575 -0.691807 0.128399 -5.27089 -0.676792 0.721915 0.144193 -30.1135 0 0 0 1 
				10
				-0.193633 0.0180143 -0.980909 -2.53935 -0.717917 -0.684042 0.129155 -5.34778 -0.668656 0.72922 0.145386 -29.8956 0 0 0 1 
				11
				-0.19464 0.0201643 -0.980668 -2.55499 -0.72423 -0.677228 0.129818 -5.41409 -0.661518 0.735497 0.14642 -29.7055 0 0 0 1 
				12
				-0.195454 0.0219466 -0.980467 -2.56774 -0.729381 -0.671571 0.130368 -5.46833 -0.655592 0.740616 0.147268 -29.5486 0 0 0 1 
				13
				-0.196057 0.023298 -0.980316 -2.57728 -0.733238 -0.667276 0.130785 -5.50901 -0.651094 0.744446 0.147907 -29.4299 0 0 0 1 
				14
				-0.196434 0.0241542 -0.98022 -2.58327 -0.73566 -0.664553 0.131049 -5.5346 -0.648243 0.74685 0.14831 -29.3549 0 0 0 1 
				15
				-0.196564 0.0244523 -0.980186 -2.58534 -0.736499 -0.663605 0.131141 -5.54347 -0.64725 0.747684 0.14845 -29.3288 0 0 0 1 
				16
				-0.196434 0.0241542 -0.98022 -2.58327 -0.73566 -0.664553 0.131049 -5.5346 -0.648243 0.74685 0.14831 -29.3549 0 0 0 1 
				17
				-0.196057 0.0232981 -0.980315 -2.57728 -0.733238 -0.667276 0.130785 -5.50901 -0.651094 0.744446 0.147907 -29.4299 0 0 0 1 
				18
				-0.195454 0.0219467 -0.980467 -2.56774 -0.729381 -0.67157 0.130368 -5.46833 -0.655592 0.740615 0.147268 -29.5486 0 0 0 1 
				19
				-0.19464 0.0201643 -0.980667 -2.55499 -0.72423 -0.677228 0.129818 -5.41409 -0.661518 0.735497 0.146419 -29.7055 0 0 0 1 
				20
				-0.193633 0.0180143 -0.980909 -2.53935 -0.717917 -0.684042 0.129156 -5.34778 -0.668656 0.72922 0.145386 -29.8956 0 0 0 1 
				21
				-0.192446 0.0155605 -0.981184 -2.52114 -0.710575 -0.691807 0.128399 -5.27089 -0.676792 0.721915 0.144193 -30.1135 0 0 0 1 
				22
				-0.191099 0.0128677 -0.981487 -2.50072 -0.702346 -0.700311 0.127568 -5.18496 -0.685704 0.713722 0.142866 -30.354 0 0 0 1 
				23
				-0.18961 0.0099995 -0.981809 -2.47843 -0.693379 -0.70935 0.126683 -5.09162 -0.695179 0.704786 0.141434 -30.6118 0 0 0 1 
				24
				-0.188002 0.00701648 -0.982144 -2.45466 -0.683822 -0.718729 0.125762 -4.99248 -0.705013 0.695255 0.13992 -30.8817 0 0 0 1 
				25
				-0.186297 0.00397732 -0.982485 -2.42979 -0.673836 -0.728261 0.124823 -4.88923 -0.71501 0.685288 0.138353 -31.1587 0 0 0 1 
				26
				-0.184526 0.000939537 -0.982827 -2.40425 -0.663593 -0.737765 0.123884 -4.78367 -0.724979 0.675057 0.13676 -31.4378 0 0 0 1 
				27
				-0.182719 -0.00204098 -0.983163 -2.3785 -0.653279 -0.747066 0.122962 -4.6777 -0.734739 0.664747 0.13517 -31.7139 0 0 0 1 
				28
				-0.180911 -0.00491374 -0.983487 -2.35301 -0.64308 -0.756007 0.122071 -4.57323 -0.744123 0.654545 0.13361 -31.9822 0 0 0 1 
				29
				-0.17914 -0.0076306 -0.983794 -2.32828 -0.633193 -0.764441 0.121228 -4.47223 -0.752977 0.644649 0.13211 -32.2381 0 0 0 1 
				30
				-0.177445 -0.0101441 -0.984078 -2.30483 -0.623829 -0.772224 0.120446 -4.3768 -0.761151 0.635269 0.130699 -32.4769 0 0 0 1 
				31
				-0.17587 -0.0124096 -0.984335 -2.28321 -0.615202 -0.779224 0.119741 -4.2891 -0.768503 0.626623 0.129407 -32.6937 0 0 0 1 
		</Joint>
			5
				-1
				4.92076e-07 -1.50655e-06 -1 -2.72776 -0.0871563 -0.996195 1.45793e-06 -5.84414 -0.996195 0.0871563 -6.21509e-07 -34.6363 0 0 0 1 
				0
				4.66527e-07 -1.77136e-06 -1 -2.75336 -0.0871563 -0.996195 1.72396e-06 -5.95365 -0.996195 0.0871563 -6.19137e-07 -34.4008 0 0 0 1 
				1
				4.31945e-07 -1.73998e-06 -1 -2.78109 -0.0871564 -0.996195 1.69572e-06 -6.07275 -0.996195 0.0871564 -5.81952e-07 -34.1414 0 0 0 1 
				2
				4.90576e-07 -1.36306e-06 -1 -2.8103 -0.0871563 -0.996194 1.31511e-06 -6.19874 -0.996195 0.0871563 -6.07509e-07 -33.8631 0 0 0 1 
				3
				5.13023e-07 -9.03978e-07 -1 -2.84036 -0.0871564 -0.996195 8.55825e-07 -6.32899 -0.996195 0.0871564 -5.89858e-07 -33.5711 0 0 0 1 
				4
				5.19227e-07 -1.20213e-06 -1 -2.87067 -0.0871561 -0.996195 1.1523e-06 -6.46102 -0.996195 0.0871561 -6.22024e-07 -33.2703 0 0 0 1 
				5
				5.86402e-07 -1.42095e-06 -1 -2.90069 -0.0871562 -0.996195 1.36443e-06 -6.59247 -0.996195 0.0871562 -7.08015e-07 -32.9661 0 0 0 1 
				6
				5.39937e-07 -1.31094e-06 -1 -2.92987 -0.0871562 -0.996194 1.2589e-06 -6.72097 -0.996194 0.0871562 -6.5214e-07 -32.6638 0 0 0 1 
				7
				4.92234e-07 -1.97196e-06 -1 -2.95771 -0.0871563 -0.996195 1.92156e-06 -6.84427 -0.996195 0.0871563 -6.6223e-07 -32.369 0 0 0 1 
				8
				4.79327e-07 -1.57349e-06 -1 -2.98376 -0.0871562 -0.996195 1.52572e-06 -6.96028 -0.996195 0.0871563 -6.14643e-07 -32.0873 0 0 0 1 
				9
				5.33351e-07 -1.19925e-06 -1 -3.00759 -0.0871563 -0.996195 1.1482e-06 -7.067 -0.996195 0.0871563 -6.35844e-07 -31.8242 0 0 0 1 
				10
				5.34741e-07 -1.02681e-06 -1 -3.02879 -0.0871563 -0.996194 9.76292e-07 -7.16246 -0.996195 0.0871563 -6.22199e-07 -31.5857 0 0 0 1 
				11
				4.34701e-07 -7.59747e-07 -1 -3.04698 -0.0871564 -0.996195 7.18968e-07 -7.24473 -0.996195 0.0871564 -4.99264e-07 -31.3776 0 0 0 1 
				12
				5.5441e-07 -1.72329e-06 -1 -3.06178 -0.0871563 -0.996195 1.66841e-06 -7.31198 -0.996195 0.0871563 -7.02496e-07 -31.2057 0 0 0 1 
				13
				5.4059e-07 -1.38354e-06 -1 -3.07285 -0.0871564 -0.996195 1.33116e-06 -7.36241 -0.996195 0.0871564 -6.59117e-07 -31.0757 0 0 0 1 
				14
				5.49639e-07 -1.2517e-06 -1 -3.07979 -0.0871562 -0.996195 1.19904e-06 -7.39412 -0.996195 0.0871562 -6.56641e-07 -30.9935 0 0 0 1 
				15
				5.27046e-07 -1.14311e-06 -1 -3.08219 -0.0871563 -0.996195 1.09283e-06 -7.40511 -0.996195 0.0871563 -6.2467e-07 -30.9648 0 0 0 1 
				16
				4.92984e-07 -2.00024e-06 -1 -3.07979 -0.0871562 -0.996195 1.94966e-06 -7.39412 -0.996195 0.0871562 -6.65441e-07 -30.9935 0 0 0 1 
				17
				5.4409e-07 -8.98524e-07 -1 -3.07285 -0.0871562 -0.996195 8.47684e-07 -7.36241 -0.996195 0.0871562 -6.20332e-07 -31.0757 0 0 0 1 
				18
				5.38917e-07 -1.77177e-06 -1 -3.06178 -0.0871564 -0.996195 1.71806e-06 -7.31198 -0.996195 0.0871564 -6.91287e-07 -31.2057 0 0 0 1 
				19
				4.606e-07 -1.03689e-06 -1 -3.04698 -0.0871564 -0.996195 9.92803e-07 -7.24472 -0.996195 0.0871564 -5.49219e-07 -31.3776 0 0 0 1 
				20
				5.14127e-07 -1.01214e-06 -1 -3.02879 -0.0871562 -0.996195 9.63478e-07 -7.16246 -0.996195 0.0871562 -6.00385e-07 -31.5857 0 0 0 1 
				21
				4.73676e-07 -1.36187e-06 -1 -3.00759 -0.0871563 -0.996195 1.31541e-06 -7.067 -0.996195 0.0871563 -5.90569e-07 -31.8242 0 0 0 1 
				22
				5.34463e-07 -1.12566e-06 -1 -2.98376 -0.0871561 -0.996194 1.07479e-06 -6.96028 -0.996194 0.0871562 -6.30537e-07 -32.0873 0 0 0 1 
				23
				4.92234e-07 -1.97196e-06 -1 -2.95771 -0.0871563 -0.996195 1.92156e-06 -6.84427 -0.996195 0.0871563 -6.6223e-07 -32.369 0 0 0 1 
				24
				5.18789e-07 -1.2703e-06 -1 -2.92987 -0.0871563 -0.996194 1.22025e-06 -6.72097 -0.996194 0.0871563 -6.27529e-07 -32.6638 0 0 0 1 
				25
				4.87126e-07 -1.67465e-06 -1 -2.90069 -0.0871564 -0.996195 1.62582e-06 -6.59247 -0.996195 0.0871564 -6.31229e-07 -32.9661 0 0 0 1 
				26
				4.25589e-07 -1.53918e-06 -1 -2.87067 -0.0871563 -0.996195 1.49623e-06 -6.46103 -0.996195 0.0871563 -5.58119e-07 -33.2703 0 0 0 1 
				27
				5.05422e-07 -1.24968e-06 -1 -2.84036 -0.0871563 -0.996195 1.20087e-06 -6.32899 -0.996195 0.0871563 -6.12416e-07 -33.5711 0 0 0 1 
				28
				5.1654e-07 -9.71747e-07 -1 -2.8103 -0.0871563 -0.996195 9.2303e-07 -6.19874 -0.996195 0.0871563 -5.99268e-07 -33.8631 0 0 0 1 
				29
				5.05438e-07 -1.305e-06 -1 -2.78109 -0.0871563 -0.996195 1.25598e-06 -6.07275 -0.996195 0.0871563 -6.17253e-07 -34.1414 0 0 0 1 
				30
				4.62941e-07 -1.42881e-06 -1 -2.75336 -0.0871563 -0.996195 1.38302e-06 -5.95365 -0.996195 0.0871563 -5.85709e-07 -34.4008 0 0 0 1 
				31
				4.92076e-07 -1.50655e-06 -1 -2.72776 -0.0871563 -0.996195 1.45793e-06 -5.84414 -0.996195 0.0871563 -6.21509e-07 -34.6363 0 0 0 1 
		</Joint>
			6
		</Joint>
			7
				-1
				0.990171 0.0125469 -0.139301 -0.945062 0.077529 0.779713 0.621318 -4.45345 0.11641 -0.626011 0.771077 -32.8684 0 0 0 1 
				0
				0.990418 0.0102827 -0.137722 -0.967027 0.0795458 0.772721 0.629741 -4.5421 0.112896 -0.634662 0.764499 -32.6533 0 0 0 1 
				1
				0.990676 0.00777045 -0.136021 -0.990858 0.0817204 0.764945 0.63889 -4.63858 0.109013 -0.644049 0.757177 -32.4164 0 0 0 1 
				2
				0.990936 0.00505511 -0.134239 -1.016 0.0839987 0.756519 0.648555 -4.7407 0.104833 -0.653952 0.749237 -32.1626 0 0 0 1 
				3
				0.991192 0.00218358 -0.132419 -1.04192 0.0863297 0.747586 0.65853 -4.84636 0.100432 -0.664161 0.740812 -31.8963 0 0 0 1 
				4
				0.991435 -0.000795419 -0.130595 -1.06812 0.0886657 0.738293 0.668626 -4.95356 0.0958854 -0.674479 0.732041 -31.6224 0 0 0 1 
				5
				0.991663 -0.00383162 -0.128803 -1.09412 0.090964 0.728798 0.678659 -5.06038 0.0912708 -0.684718 0.723071 -31.3455 0 0 0 1 
				6
				0.991869 -0.00686946 -0.127074 -1.11945 0.0931828 0.719274 0.688449 -5.1649 0.0866719 -0.694693 0.714066 -31.0705 0 0 0 1 
				7
				0.992053 -0.00985126 -0.125439 -1.14367 0.0952852 0.709902 0.697825 -5.26527 0.082175 -0.704231 0.705199 -30.8027 0 0 0 1 
				8
				0.99221 -0.0127183 -0.123922 -1.16639 0.0972381 0.700871 0.706629 -5.35979 0.077866 -0.713175 0.696648 -30.5468 0 0 0 1 
				9
				0.992343 -0.0154101 -0.122545 -1.18722 0.0990124 0.692373 0.714714 -5.44683 0.0738331 -0.721375 0.688597 -30.3081 0 0 0 1 
				10
				0.992451 -0.0178628 -0.12133 -1.2058 0.100581 0.684614 0.721933 -5.52474 0.0701685 -0.728687 0.681243 -30.0918 0 0 0 1 
				11
				0.992536 -0.0200121 -0.120296 -1.22176 0.101918 0.677805 0.728144 -5.59194 0.0669654 -0.73497 0.674785 -29.9031 0 0 0 1 
				12
				0.9926 -0.0217937 -0.11946 -1.23478 0.103 0.672151 0.733214 -5.64691 0.0643154 -0.740093 0.669422 -29.7473 0 0 0 1 
				13
				0.992644 -0.0231446 -0.118838 -1.24452 0.103806 0.66786 0.737012 -5.68815 0.062309 -0.743927 0.66535 -29.6295 0 0 0 1 
				14
				0.99267 -0.0240005 -0.118449 -1.25064 0.104309 0.665139 0.739398 -5.71409 0.0610393 -0.746333 0.662767 -29.555 0 0 0 1 
				15
				0.992679 -0.0242985 -0.118315 -1.25276 0.104484 0.664191 0.740225 -5.72309 0.0605975 -0.747167 0.661868 -29.5291 0 0 0 1 
				16
				0.99267 -0.0240005 -0.118449 -1.25064 0.104309 0.665139 0.739398 -5.71409 0.0610394 -0.746333 0.662767 -29.555 0 0 0 1 
				17
				0.992644 -0.0231447 -0.118838 -1.24452 0.103806 0.66786 0.737012 -5.68815 0.0623089 -0.743927 0.66535 -29.6295 0 0 0 1 
				18
				0.9926 -0.0217938 -0.119459 -1.23478 0.103 0.672151 0.733214 -5.64691 0.0643153 -0.740093 0.669422 -29.7473 0 0 0 1 
				19
				0.992536 -0.0200121 -0.120296 -1.22176 0.101918 0.677805 0.728144 -5.59194 0.0669655 -0.73497 0.674785 -29.9031 0 0 0 1 
				20
				0.992451 -0.0178628 -0.12133 -1.2058 0.100581 0.684614 0.721933 -5.52474 0.0701685 -0.728687 0.681243 -30.0918 0 0 0 1 
				21
				0.992343 -0.01541 -0.122545 -1.18722 0.0990124 0.692373 0.714714 -5.44683 0.0738332 -0.721375 0.688597 -30.3081 0 0 0 1 
				22
				0.99221 -0.0127182 -0.123922 -1.16639 0.0972379 0.700871 0.706629 -5.35979 0.077866 -0.713175 0.696648 -30.5468 0 0 0 1 
				23
				0.992053 -0.00985126 -0.125439 -1.14367 0.0952852 0.709902 0.697825 -5.26527 0.082175 -0.704231 0.705199 -30.8027 0 0 0 1 
				24
				0.991869 -0.00686947 -0.127074 -1.11945 0.0931828 0.719274 0.688449 -5.1649 0.0866719 -0.694693 0.714066 -31.0705 0 0 0 1 
				25
				0.991663 -0.0038317 -0.128803 -1.09412 0.090964 0.728798 0.67866 -5.06038 0.0912707 -0.684718 0.723071 -31.3455 0 0 0 1 
				26
				0.991436 -0.000795343 -0.130595 -1.06812 0.0886656 0.738293 0.668627 -4.95357 0.0958854 -0.674479 0.732041 -31.6224 0 0 0 1 
				27
				0.991192 0.00218374 -0.132418 -1.04192 0.0863295 0.747586 0.65853 -4.84636 0.100432 -0.664161 0.740812 -31.8963 0 0 0 1 
				28
				0.990936 0.00505505 -0.13424 -1.016 0.0839988 0.756519 0.648555 -4.7407 0.104833 -0.653952 0.749238 -32.1626 0 0 0 1 
				29
				0.990675 0.0077705 -0.136021 -0.990858 0.0817204 0.764945 0.63889 -4.63857 0.109013 -0.644048 0.757177 -32.4164 0 0 0 1 
				30
				0.990417 0.0102827 -0.137722 -0.967027 0.0795458 0.772721 0.629741 -4.5421 0.112896 -0.634662 0.764499 -32.6533 0 0 0 1 
				31
				0.990171 0.0125469 -0.139301 -0.945062 0.077529 0.779713 0.621318 -4.45345 0.11641 -0.626011 0.771077 -32.8684 0 0 0 1 
		</Joint>
			8
				-1
				-0.322955 0.167822 -0.931416 4.64125 -0.496235 0.807993 0.317645 -4.01605 0.805885 0.564786 -0.177667 -32.2116 0 0 0 1 
				0
				-0.318549 0.14596 -0.936602 4.62068 -0.498552 0.814574 0.296506 -4.09332 0.806209 0.561396 -0.186713 -32.0163 0 0 0 1 
				1
				-0.313666 0.121869 -0.94168 4.5983 -0.50098 0.821223 0.273152 -4.17753 0.806618 0.557442 -0.196536 -31.8014 0 0 0 1 
				2
				-0.308396 0.0960281 -0.946398 4.57463 -0.503442 0.827663 0.248033 -4.2668 0.807117 0.552949 -0.206904 -31.5711 0 0 0 1 
				3
				-0.302837 0.0689362 -0.950546 4.55015 -0.505865 0.833657 0.221624 -4.35931 0.807707 0.547964 -0.217589 -31.3297 0 0 0 1 
				4
				-0.297085 0.0410873 -0.953967 4.52532 -0.508189 0.839019 0.194397 -4.45333 0.808383 0.542548 -0.22838 -31.0814 0 0 0 1 
				5
				-0.291244 0.0129864 -0.956561 4.50061 -0.510367 0.843616 0.166844 -4.54718 0.809137 0.536789 -0.23907 -30.8305 0 0 0 1 
				6
				-0.285423 -0.0148395 -0.958287 4.47645 -0.512357 0.847369 0.139482 -4.63918 0.809953 0.530796 -0.249462 -30.5815 0 0 0 1 
				7
				-0.279735 -0.0418616 -0.959165 4.45326 -0.514132 0.850257 0.112835 -4.72769 0.810813 0.524701 -0.259369 -30.339 0 0 0 1 
				8
				-0.274292 -0.067567 -0.95927 4.43143 -0.515677 0.852312 0.0874188 -4.8112 0.81169 0.518652 -0.268625 -30.1075 0 0 0 1 
				9
				-0.269208 -0.0914508 -0.95873 4.41135 -0.516987 0.853616 0.0637439 -4.88823 0.812558 0.512811 -0.277079 -29.8916 0 0 0 1 
				10
				-0.264598 -0.112999 -0.957716 4.39338 -0.518065 0.854293 0.0423347 -4.95729 0.813386 0.50736 -0.284585 -29.6959 0 0 0 1 
				11
				-0.260577 -0.131706 -0.956427 4.3779 -0.518921 0.854494 0.0237099 -5.01695 0.814138 0.502488 -0.291007 -29.5253 0 0 0 1 
				12
				-0.257258 -0.147093 -0.955082 4.36524 -0.519569 0.854388 0.0083645 -5.0658 0.81478 0.498383 -0.296223 -29.3844 0 0 0 1 
				13
				-0.25475 -0.158685 -0.953898 4.35575 -0.520023 0.854146 -0.003212 -5.1025 0.815278 0.49523 -0.300114 -29.278 0 0 0 1 
				14
				-0.253165 -0.165995 -0.953075 4.34978 -0.520294 0.853922 -0.0105197 -5.1256 0.815599 0.493217 -0.302549 -29.2106 0 0 0 1 
				15
				-0.252614 -0.168534 -0.952776 4.34771 -0.520386 0.853831 -0.0130597 -5.13361 0.815711 0.492512 -0.303393 -29.1872 0 0 0 1 
				16
				-0.253165 -0.165995 -0.953076 4.34978 -0.520294 0.853922 -0.0105199 -5.1256 0.815599 0.493217 -0.30255 -29.2106 0 0 0 1 
				17
				-0.25475 -0.158685 -0.953898 4.35574 -0.520023 0.854146 -0.00321207 -5.1025 0.815278 0.49523 -0.300114 -29.2779 0 0 0 1 
				18
				-0.257258 -0.147093 -0.955082 4.36524 -0.519568 0.854388 0.00836463 -5.0658 0.81478 0.498382 -0.296223 -29.3844 0 0 0 1 
				19
				-0.260577 -0.131706 -0.956427 4.3779 -0.518921 0.854494 0.0237099 -5.01694 0.814138 0.502488 -0.291007 -29.5253 0 0 0 1 
				20
				-0.264598 -0.112999 -0.957716 4.39338 -0.518065 0.854293 0.0423347 -4.95729 0.813386 0.50736 -0.284585 -29.6959 0 0 0 1 
				21
				-0.269208 -0.0914509 -0.95873 4.41135 -0.516987 0.853617 0.0637438 -4.88822 0.812558 0.512812 -0.277079 -29.8916 0 0 0 1 
				22
				-0.274293 -0.0675668 -0.95927 4.43143 -0.515677 0.852311 0.0874191 -4.8112 0.81169 0.518652 -0.268625 -30.1075 0 0 0 1 
				23
				-0.279735 -0.0418616 -0.959165 4.45326 -0.514132 0.850257 0.112835 -4.72769 0.810813 0.524701 -0.259369 -30.339 0 0 0 1 
				24
				-0.285423 -0.0148395 -0.958287 4.47645 -0.512357 0.847369 0.139482 -4.63918 0.809953 0.530796 -0.249462 -30.5815 0 0 0 1 
				25
				-0.291244 0.0129862 -0.956561 4.50061 -0.510367 0.843616 0.166844 -4.54718 0.809137 0.536789 -0.23907 -30.8305 0 0 0 1 
				26
				-0.297085 0.0410877 -0.953967 4.52533 -0.50819 0.839019 0.194398 -4.45334 0.808384 0.542548 -0.22838 -31.0814 0 0 0 1 
				27
				-0.302837 0.0689363 -0.950546 4.55015 -0.505865 0.833657 0.221624 -4.35931 0.807707 0.547964 -0.217589 -31.3297 0 0 0 1 
				28
				-0.308396 0.0960282 -0.946399 4.57463 -0.503442 0.827663 0.248033 -4.2668 0.807117 0.552949 -0.206904 -31.5711 0 0 0 1 
				29
				-0.313666 0.121868 -0.94168 4.5983 -0.50098 0.821223 0.273152 -4.17753 0.806618 0.557442 -0.196536 -31.8014 0 0 0 1 
				30
				-0.318549 0.14596 -0.936601 4.62068 -0.498552 0.814574 0.296507 -4.09332 0.806209 0.561396 -0.186713 -32.0163 0 0 0 1 
				31
				-0.322955 0.167822 -0.931416 4.64125 -0.496235 0.807993 0.317645 -4.01605 0.805885 0.564786 -0.177667 -32.2116 0 0 0 1 
		</Joint>
			9
				-1
				-0.333875 0.144886 -0.931416 2.55556 -0.551386 0.771411 0.317645 -7.2208 0.764527 0.619623 -0.177667 -27.0071 0 0 0 1 
				0
				-0.327954 0.123385 -0.936602 2.56345 -0.554156 0.777814 0.296506 -7.31304 0.765086 0.616264 -0.186713 -26.8097 0 0 0 1 
				1
				-0.321402 0.0996925 -0.94168 2.57261 -0.557043 0.784278 0.273152 -7.41293 0.76577 0.612348 -0.196536 -26.5922 0 0 0 1 
				2
				-0.314343 0.0742828 -0.946398 2.58296 -0.559947 0.790531 0.248033 -7.51809 0.766582 0.607901 -0.206904 -26.3586 0 0 0 1 
				3
				-0.306908 0.0476446 -0.950546 2.59439 -0.562783 0.796341 0.221624 -7.62626 0.767518 0.602969 -0.217589 -26.1134 0 0 0 1 
				4
				-0.299227 0.0202647 -0.953967 2.60671 -0.565476 0.801528 0.194397 -7.73529 0.76857 0.597614 -0.22838 -25.8608 0 0 0 1 
				5
				-0.29144 -0.00736028 -0.956561 2.61972 -0.567968 0.805962 0.166844 -7.8432 0.769724 0.591921 -0.23907 -25.605 0 0 0 1 
				6
				-0.283692 -0.0347124 -0.958287 2.63315 -0.570215 0.809567 0.139482 -7.94805 0.770956 0.586 -0.249462 -25.3508 0 0 0 1 
				7
				-0.276134 -0.0612719 -0.959165 2.64669 -0.572188 0.812324 0.112835 -8.04803 0.772238 0.57998 -0.259369 -25.1027 0 0 0 1 
				8
