<?xml version='1.0' encoding='UTF-8' ?>
<itpanim>
	<skeleton count>
		37
			0 -1
			1.37091e-06 -1 -6.12323e-17 1e-06 1 1.37091e-06 -6.12323e-17 -1.37225e-12 6.12323e-17 -6.12323e-17 1 21.9617 0 0 0 1 
			1 0
			1.3868e-06 -2.28068e-12 -1 -21.9617 2.75771e-06 -1 6.10495e-12 1.00008e-06 -1 -2.75771e-06 -1.3868e-06 -3.04564e-05 0 0 0 1 
			2 1
			-0.000205999 -0.000823318 -1 -24.8731 -1.2413e-06 -1 0.000823318 0.0257198 -1 1.41091e-06 0.000205998 0.00512379 0 0 0 1 
			3 2
			-0.000383999 -0.00100932 -0.999999 -31.4555 -1.03656e-06 -0.999999 0.00100932 0.036812 -1 1.42414e-06 0.000383997 0.0107229 0 0 0 1 
			4 3
			-0.000383999 -0.00100932 -0.999999 -38.038 -1.03656e-06 -0.999999 0.00100932 0.0388247 -1 1.42414e-06 0.000383997 0.0107229 0 0 0 1 
			5 4
			1.34309e-06 9.82436e-13 -1 -40.5657 -1.40269e-06 -1 -2.86637e-12 -0.00211895 -1 1.40269e-06 -1.34309e-06 -0.00490874 0 0 0 1 
			6 5
			1 -0 0 0 0 1 0 0 -0 -0 1 -0 0 0 0 1 
			7 4
			0.950432 6.75818e-05 0.310933 10.539 -1.42282e-06 1 -0.000213002 -0.00652172 -0.310933 0.000202002 0.950432 36.5745 0 0 0 1 
			8 7
			0.476976 0.0235788 0.8786 28.6752 0.0457762 0.997617 -0.0516239 -2.17945 -0.877723 0.0648423 0.47476 23.1227 0 0 0 1 
			9 8
			0.476835 0.0205561 0.878752 22.2236 0.0472212 0.997684 -0.0489616 -2.11213 -0.877724 0.0648423 0.47476 23.1227 0 0 0 1 
			10 9
			0.476835 0.0205561 0.878752 15.4032 -0.877686 0.0656367 0.474721 23.121 -0.04792 -0.997632 0.0493396 2.13054 0 0 0 1 
			11 10
			1 -0 0 0 0 1 0 0 -0 -0 1 -0 0 0 0 1 
			12 11
			1 -0 0 0 0 1 0 0 -0 -0 1 -0 0 0 0 1 
			13 12
			1 -0 0 0 0 1 0 0 -0 -0 1 -0 0 0 0 1 
			14 10
			1 -0 0 0 0 1 0 0 -0 -0 1 -0 0 0 0 1 
			15 14
			1 -0 0 0 0 1 0 0 -0 -0 1 -0 0 0 0 1 
			16 15
			1 -0 0 0 0 1 0 0 -0 -0 1 -0 0 0 0 1 
			17 4
			-0.950193 6.50589e-05 0.311663 10.5594 -1.39561e-06 1 -0.000213002 -0.00652172 -0.311663 -0.000202828 -0.950193 -36.5678 0 0 0 1 
			18 17
			-0.476976 0.0235775 0.8786 28.6676 -0.045779 0.997617 -0.0516239 -2.17948 -0.877723 -0.0648447 -0.47476 -23.1259 0 0 0 1 
			19 18
			-0.476835 0.0205548 0.878752 22.216 -0.0472239 0.997684 -0.0489616 -2.11218 -0.877723 -0.0648447 -0.47476 -23.1259 0 0 0 1 
			20 19
			-0.476835 0.0205547 0.878752 15.3956 0.877685 0.0656391 0.474721 23.1242 -0.0479228 0.997632 -0.0493396 -2.13059 0 0 0 1 
			21 20
			1 -0 0 0 0 1 0 0 -0 -0 1 -0 0 0 0 1 
			22 21
			1 -0 0 0 0 1 0 0 -0 -0 1 -0 0 0 0 1 
			23 22
			1 -0 0 0 0 1 0 0 -0 -0 1 -0 0 0 0 1 
			24 20
			1 -0 0 0 0 1 0 0 -0 -0 1 -0 0 0 0 1 
			25 24
			1 -0 0 0 0 1 0 0 -0 -0 1 -0 0 0 0 1 
			26 25
			1 -0 0 0 0 1 0 0 -0 -0 1 -0 0 0 0 1 
			27 2
			1.37369e-06 -0.0998331 0.995004 21.852 0 -0.995004 -0.0998331 -2.1925 1 1.3714e-07 -1.36683e-06 -4.26131 0 0 0 1 
			28 27
			1.37369e-06 0.0998335 0.995004 12.303 0 -0.995004 0.0998335 0.256849 1 -1.3714e-07 -1.36683e-06 -4.26131 0 0 0 1 
			29 28
			1.3716e-06 -6.00745e-14 1 2.57273 0 -1 -6.00745e-14 4.22662e-06 1 8.23984e-20 -1.3716e-06 -4.26131 0 0 0 1 
			30 29
			1.3723e-06 -1 -6.00133e-14 -5.50713 0 6.00133e-14 -1 -0.331805 1 1.3723e-06 8.23562e-20 -4.26131 0 0 0 1 
			31 30
			1 -0 0 0 0 1 0 0 -0 -0 1 -0 0 0 0 1 
			32 2
			1.37369e-06 -0.0998331 0.995004 21.852 0 -0.995004 -0.0998331 -2.1925 1 1.3714e-07 -1.36683e-06 4.26131 0 0 0 1 
			33 32
			1.37369e-06 0.0998335 0.995004 12.303 0 -0.995004 0.0998335 0.256849 1 -1.3714e-07 -1.36683e-06 4.26131 0 0 0 1 
			34 33
			1.3716e-06 -6.00745e-14 1 2.57273 0 -1 -6.00745e-14 4.22662e-06 1 8.23984e-20 -1.3716e-06 4.26131 0 0 0 1 
			35 34
			1.3723e-06 -1 -6.00133e-14 -5.50713 0 6.00133e-14 -1 -0.331804 1 1.3723e-06 8.23562e-20 4.26131 0 0 0 1 
			36 35
			1 -0 0 0 0 1 0 0 -0 -0 1 -0 0 0 0 1 
	</skeleton>
		<animations>
			25
			0
				-1
				-0.573575 0.819153 -2.02144e-33 0 -0.819153 -0.573575 -1.36318e-32 2.84751 -1.2326e-32 -6.16298e-33 1 -19.3834 0 0 0 1 
				0
				-0.80895 0.587878 0 -2.19091e-09 -0.587878 -0.80895 -0 2.79739 -0 -0 1 -20.4612 0 0 0 1 
				1
				-0.958339 0.285634 -2.3855e-33 -4.88678e-09 -0.285634 -0.958339 -1.35728e-32 2.73572 -6.16298e-33 -1.2326e-32 1 -21.5626 0 0 0 1 
				2
				-0.999423 0.0339767 0 -2.02801e-09 -0.0339767 -0.999423 -0 2.80112 -0 -0 1 -22.3939 0 0 0 1 
				3
				-0.997723 -0.0674426 7.68618e-34 1.51164e-08 0.0674426 -0.997723 -5.19559e-35 3.19334 7.70372e-34 -0 1 -22.7238 0 0 0 1 
				4
				-0.998629 -0.0523538 -0 4.30281e-08 0.0523538 -0.998629 0 3.83188 -0 -0 1 -22.6746 0 0 0 1 
				5
				-0.999963 -0.00855557 -0 6.36795e-08 0.00855557 -0.999963 0 4.30433 -0 -0 1 -22.5322 0 0 0 1 
				6
				-0.999996 -0.00293507 -0 6.57771e-08 0.00293507 -0.999996 0 4.35232 -0 -0 1 -22.5139 0 0 0 1 
				7
				-0.99981 -0.0195168 3.37106e-34 5.96573e-08 0.0195168 -0.99981 -1.23349e-32 4.21231 5.77779e-34 -1.2326e-32 1 -22.5678 0 0 0 1 
				8
				-0.999107 -0.0422595 -3.84842e-34 4.98585e-08 0.0422595 -0.999107 1.62778e-35 3.98814 -3.85186e-34 -0 1 -22.6418 0 0 0 1 
				9
				-0.997983 -0.0634806 -0 3.77757e-08 0.0634806 -0.997983 0 3.71172 -0 -0 1 -22.7109 0 0 0 1 
				10
				-0.997191 -0.0749015 -9.23232e-34 2.50116e-08 0.0749015 -0.997191 -1.22913e-32 3.41971 -0 -1.2326e-32 1 -22.7481 0 0 0 1 
				11
				-0.997667 -0.0682631 -7.28325e-35 1.31687e-08 0.0682631 -0.997667 -1.23498e-32 3.14878 7.70372e-34 -1.2326e-32 1 -22.7265 0 0 0 1 
				12
				-0.999364 -0.0356681 -0 3.8179e-09 0.0356681 -0.999364 0 2.93486 -0 -0 1 -22.6203 0 0 0 1 
				13
				-0.999417 0.0341457 3.59174e-35 -1.75111e-09 -0.0341457 -0.999417 -1.23319e-32 2.80745 -3.85186e-34 -1.2326e-32 1 -22.3933 0 0 0 1 
				14
				-0.987841 0.155464 0 -4.18634e-09 -0.155464 -0.987841 -0 2.75174 -0 -0 1 -21.9968 0 0 0 1 
				15
				-0.949868 0.31265 -2.92701e-33 -4.59932e-09 -0.31265 -0.949868 -9.63428e-34 2.74229 -3.08149e-33 -0 1 -21.4705 0 0 0 1 
				16
				-0.877906 0.478834 0 -3.67083e-09 -0.478834 -0.877906 -0 2.76353 -0 -0 1 -20.8809 0 0 0 1 
				17
				-0.777342 0.629079 0 -2.10802e-09 -0.629079 -0.777342 -0 2.79929 -0 -0 1 -20.2923 0 0 0 1 
				18
				-0.666938 0.745113 0 -6.4103e-10 -0.745113 -0.666938 -0 2.83285 -0 -0 1 -19.771 0 0 0 1 
				19
				-0.573575 0.819153 -2.02144e-33 0 -0.819153 -0.573575 -1.36318e-32 2.84751 -1.2326e-32 -6.16298e-33 1 -19.3834 0 0 0 1 
				20
				-0.530057 0.847962 5.22597e-33 0 -0.847962 -0.530057 -3.26673e-33 2.84751 -0 -6.16298e-33 1 -19.2137 0 0 0 1 
				21
				-0.535173 0.844742 -1.3904e-33 0 -0.844742 -0.535173 -1.37105e-32 2.84751 -1.2326e-32 -6.16298e-33 1 -19.2333 0 0 0 1 
				22
				-0.559543 0.828801 0 0 -0.828801 -0.559543 -0 2.84751 -0 -0 1 -19.328 0 0 0 1 
				23
				-0.573575 0.819153 -2.02144e-33 0 -0.819153 -0.573575 -1.36318e-32 2.84751 -1.2326e-32 -6.16298e-33 1 -19.3834 0 0 0 1 
		</Joint>
			1
				-1
				1.33158e-06 -0.573574 -0.819154 0 0 -0.819154 0.573574 2.84751 -1 -7.6376e-07 -1.09077e-06 -19.3834 0 0 0 1 
				0
				1.33158e-06 -0.808949 -0.587879 -2.19091e-09 0 -0.587879 0.808949 2.79739 -1 -1.07718e-06 -7.82808e-07 -20.4612 0 0 0 1 
				1
				1.33158e-06 -0.958338 -0.285636 -4.88678e-09 0 -0.285636 0.958338 2.73572 -1 -1.2761e-06 -3.80347e-07 -21.5626 0 0 0 1 
				2
				1.33158e-06 -0.999423 -0.0339781 -2.02801e-09 0 -0.0339781 0.999423 2.80112 -1 -1.33081e-06 -4.52445e-08 -22.3939 0 0 0 1 
				3
				1.33158e-06 -0.997723 0.0674413 1.51164e-08 0 0.0674413 0.997723 3.19334 -1 -1.32855e-06 8.98035e-08 -22.7238 0 0 0 1 
				4
				1.33158e-06 -0.998629 0.0523525 4.30281e-08 0 0.0523525 0.998629 3.83188 -1 -1.32975e-06 6.97115e-08 -22.6746 0 0 0 1 
				5
				1.33158e-06 -0.999963 0.00855424 6.36795e-08 0 0.00855424 0.999963 4.30433 -1 -1.33153e-06 1.13907e-08 -22.5322 0 0 0 1 
				6
				1.33158e-06 -0.999996 0.00293373 6.57771e-08 0 0.00293373 0.999996 4.35232 -1 -1.33157e-06 3.9065e-09 -22.5139 0 0 0 1 
				7
				1.33158e-06 -0.99981 0.0195155 5.96573e-08 0 0.0195155 0.99981 4.21231 -1 -1.33133e-06 2.59864e-08 -22.5678 0 0 0 1 
				8
				1.33158e-06 -0.999107 0.0422582 4.98585e-08 0 0.0422582 0.999107 3.98814 -1 -1.33039e-06 5.62702e-08 -22.6418 0 0 0 1 
				9
				1.33158e-06 -0.997983 0.0634793 3.77757e-08 0 0.0634793 0.997983 3.71172 -1 -1.32889e-06 8.45278e-08 -22.7109 0 0 0 1 
				10
				1.33158e-06 -0.997191 0.0749 2.50116e-08 0 0.0749 0.997191 3.41971 -1 -1.32784e-06 9.97355e-08 -22.7481 0 0 0 1 
				11
				1.33158e-06 -0.997667 0.0682617 1.31687e-08 0 0.0682617 0.997667 3.14878 -1 -1.32847e-06 9.0896e-08 -22.7265 0 0 0 1 
				12
				1.33158e-06 -0.999364 0.0356668 3.8179e-09 0 0.0356668 0.999364 2.93486 -1 -1.33073e-06 4.74932e-08 -22.6203 0 0 0 1 
				13
				1.33158e-06 -0.999417 -0.0341471 -1.75111e-09 0 -0.0341471 0.999417 2.80745 -1 -1.3308e-06 -4.54696e-08 -22.3933 0 0 0 1 
				14
				1.33158e-06 -0.987841 -0.155466 -4.18634e-09 0 -0.155466 0.987841 2.75174 -1 -1.31539e-06 -2.07015e-07 -21.9968 0 0 0 1 
				15
				1.33158e-06 -0.949868 -0.312652 -4.59932e-09 0 -0.312652 0.949868 2.74229 -1 -1.26483e-06 -4.16321e-07 -21.4705 0 0 0 1 
				16
				1.33158e-06 -0.877905 -0.478835 -3.67083e-09 0 -0.478835 0.877905 2.76353 -1 -1.169e-06 -6.37607e-07 -20.8809 0 0 0 1 
				17
				1.33158e-06 -0.777341 -0.62908 -2.10802e-09 0 -0.62908 0.777341 2.79929 -1 -1.03509e-06 -8.3767e-07 -20.2923 0 0 0 1 
				18
				1.33158e-06 -0.666937 -0.745114 -6.4103e-10 0 -0.745114 0.666937 2.83285 -1 -8.8808e-07 -9.92179e-07 -19.771 0 0 0 1 
				19
				1.33158e-06 -0.573574 -0.819154 0 0 -0.819154 0.573574 2.84751 -1 -7.6376e-07 -1.09077e-06 -19.3834 0 0 0 1 
				20
				1.33158e-06 -0.530056 -0.847963 0 0 -0.847963 0.530056 2.84751 -1 -7.05812e-07 -1.12913e-06 -19.2137 0 0 0 1 
				21
				1.33158e-06 -0.535172 -0.844743 0 0 -0.844743 0.535172 2.84751 -1 -7.12625e-07 -1.12484e-06 -19.2333 0 0 0 1 
				22
				1.33158e-06 -0.559542 -0.828802 0 0 -0.828802 0.559542 2.84751 -1 -7.45075e-07 -1.10362e-06 -19.328 0 0 0 1 
				23
				1.33158e-06 -0.573574 -0.819154 0 0 -0.819154 0.573574 2.84751 -1 -7.6376e-07 -1.09077e-06 -19.3834 0 0 0 1 
		</Joint>
			2
				-1
				-0.171245 -0.296064 -0.939692 0.00155322 -0.470496 -0.813422 0.342021 2.85177 -0.865626 0.500691 -2.35749e-06 -22.2974 0 0 0 1 
				0
				-0.195128 -0.620334 -0.759678 0.00325013 -0.268761 -0.711098 0.649698 2.80111 -0.943235 0.330946 -0.0279661 -23.3743 0 0 0 1 
				1
				-0.10349 -0.875588 -0.471843 0.00458554 -0.11385 -0.460844 0.880148 2.73813 -0.988093 0.144805 -0.0519928 -24.4748 0 0 0 1 
				2
				0.0109309 -0.978172 -0.207508 0.00512224 -0.0514941 -0.207795 0.976816 2.8022 -0.998613 7.92765e-06 -0.0526415 -25.3053 0 0 0 1 
				3
				0.0586698 -0.993408 -0.0984763 0.00520262 -0.00819708 -0.0991223 0.995042 3.19385 -0.998244 -0.0575716 -0.0139585 -25.635 0 0 0 1 
				4
				0.0424598 -0.992208 -0.117133 0.00519629 0.0576343 -0.114611 0.991737 3.83248 -0.997434 -0.0488598 0.0523189 -25.5858 0 0 0 1 
				5
				0.00577841 -0.98641 -0.164202 0.00516633 0.113568 -0.162495 0.980152 4.30517 -0.993513 -0.0243119 0.111086 -25.4435 0 0 0 1 
				6
				-0.00449399 -0.985395 -0.170224 0.00516106 0.137503 -0.169218 0.97594 4.3532 -0.990491 -0.0190205 0.136255 -25.4252 0 0 0 1 
				7
				-0.00243637 -0.988069 -0.153994 0.00517499 0.140901 -0.152797 0.978162 4.21311 -0.990021 -0.0193146 0.139592 -25.4792 0 0 0 1 
				8
				0.00158244 -0.99129 -0.131687 0.00519178 0.134862 -0.130272 0.982263 3.98882 -0.990863 -0.019314 0.133482 -25.5532 0 0 0 1 
				9
				0.00521066 -0.993835 -0.110745 0.00520501 0.128014 -0.109172 0.985745 3.71229 -0.991759 -0.0193133 0.126656 -25.6222 0 0 0 1 
				10
				0.00649682 -0.99502 -0.0994663 0.00521114 0.129722 -0.0977893 0.986717 3.42022 -0.991529 -0.0193135 0.128441 -25.6595 0 0 0 1 
				11
				0.00476354 -0.994346 -0.10608 0.00520762 0.137844 -0.104416 0.984935 3.14932 -0.990442 -0.0193143 0.136567 -25.6378 0 0 0 1 
				12
				-7.69393e-06 -0.990406 -0.138186 0.00518712 0.1377 -0.13687 0.980972 2.93557 -0.990474 -0.0190206 0.13638 -25.5317 0 0 0 1 
				13
				0.0010635 -0.978572 -0.205903 0.00512537 0.113048 -0.204466 0.972324 2.80852 -0.993589 -0.0243109 0.110408 -25.3046 0 0 0 1 
				14
				0.0300372 -0.946998 -0.319833 0.00496006 0.0639172 -0.317502 0.946101 2.7534 -0.997503 -0.0488611 0.0509926 -24.908 0 0 0 1 
				15
				0.0576581 -0.883238 -0.465367 0.00462688 0.0140615 -0.465378 0.885 2.74473 -0.998237 -0.0575712 -0.0144132 -24.3817 0 0 0 1 
				16
				0.0309976 -0.78073 -0.6241 0.00408934 -0.0424657 -0.624865 0.779578 2.7668 -0.998617 0.0023378 -0.0525235 -23.7924 0 0 0 1 
				17
				-0.0698278 -0.628618 -0.774573 0.00329142 -0.164053 -0.75866 0.630493 2.80325 -0.983977 0.171097 -0.0501514 -23.2046 0 0 0 1 
				18
				-0.156 -0.442714 -0.882988 0.002319 -0.339717 -0.815352 0.468821 2.83711 -0.9275 0.373103 -0.0232025 -22.6844 0 0 0 1 
				19
				-0.171245 -0.296064 -0.939692 0.00155322 -0.470496 -0.813422 0.342021 2.85177 -0.865626 0.500691 -2.35749e-06 -22.2974 0 0 0 1 
				20
				-0.158786 -0.239179 -0.957904 0.00125545 -0.513009 -0.808972 0.28703 2.85175 -0.843569 0.53699 0.00575282 -22.1279 0 0 0 1 
				21
				-0.160462 -0.245742 -0.955961 0.00128972 -0.508128 -0.80975 0.293448 2.85175 -0.846202 0.532838 0.00506605 -22.1476 0 0 0 1 
				22
				-0.167685 -0.277445 -0.945995 0.0014555 -0.484445 -0.81254 0.324177 2.85177 -0.8586 0.512642 0.00184371 -22.2421 0 0 0 1 
				23
				-0.171245 -0.296064 -0.939692 0.00155322 -0.470496 -0.813422 0.342021 2.85177 -0.865626 0.500691 -2.35749e-06 -22.2974 0 0 0 1 
		</Joint>
			3
				-1
				-0.17587 -0.0124096 -0.984335 -1.12559 -0.615202 -0.779224 0.119741 -0.241148 -0.768503 0.626624 0.129407 -27.9986 0 0 0 1 
				0
				-0.239582 -0.377726 -0.894385 -1.27919 -0.364604 -0.818782 0.443464 1.03631 -0.899814 0.432342 0.0584449 -29.5854 0 0 0 1 
				1
				-0.141319 -0.717188 -0.6824 -0.672868 -0.149286 -0.665997 0.730864 1.99221 -0.978643 0.205157 -0.0129483 -30.9799 0 0 0 1 
				2
				0.00549423 -0.891188 -0.4536 0.0817449 -0.054491 -0.4532 0.889742 2.46562 -0.998499 0.0198287 -0.0510518 -31.8787 0 0 0 1 
				3
				0.0701751 -0.933282 -0.352222 0.396283 -0.0040635 -0.353357 0.93548 3.14175 -0.997527 -0.0642161 -0.0285892 -32.2055 0 0 0 1 
				4
				0.0513473 -0.927638 -0.369934 0.289546 0.0609292 -0.366823 0.928293 4.21377 -0.99682 -0.0702052 0.0376848 -32.151 0 0 0 1 
				5
				0.00731297 -0.91029 -0.413907 0.0479736 0.114036 -0.410459 0.904721 5.05488 -0.99345 -0.0538163 0.100804 -31.9829 0 0 0 1 
				6
				-0.0045192 -0.907761 -0.419464 -0.0196623 0.137266 -0.416061 0.898917 5.26048 -0.990524 -0.0535159 0.126485 -31.9448 0 0 0 1 
				7
				-0.00237783 -0.914545 -0.404478 -0.00606886 0.140703 -0.400761 0.905314 5.14268 -0.990049 -0.0547587 0.129632 -31.9956 0 0 0 1 
				8
				0.00163648 -0.92343 -0.383764 0.0204482 0.134664 -0.380065 0.915104 4.87853 -0.99089 -0.0531766 0.12373 -32.0752 0 0 0 1 
				9
				0.00526045 -0.931308 -0.364194 0.0443852 0.127814 -0.360585 0.923927 4.55682 -0.991784 -0.0514093 0.117137 -32.1501 0 0 0 1 
				10
				0.00654431 -0.935372 -0.353606 0.0528786 0.129521 -0.349842 0.927812 4.27594 -0.991555 -0.0518714 0.118861 -32.1859 0 0 0 1 
				11
				0.00481238 -0.933009 -0.35982 0.0414535 0.137644 -0.355781 0.924377 4.05853 -0.99047 -0.0539756 0.126711 -32.157 0 0 0 1 
				12
				-4.06326e-05 -0.920894 -0.389813 0.00996325 0.137464 -0.386118 0.91215 3.84399 -0.990507 -0.0535483 0.126606 -32.0511 0 0 0 1 
				13
				0.00257671 -0.891933 -0.45216 0.0168007 0.11358 -0.448975 0.886296 3.555 -0.993526 -0.05364 0.100149 -31.8446 0 0 0 1 
				14
				0.0380504 -0.831627 -0.554029 0.207037 0.0689806 -0.550922 0.831701 3.17702 -0.996892 -0.0698638 0.0364034 -31.4737 0 0 0 1 
				15
				0.0667649 -0.731934 -0.678097 0.387993 0.0222179 -0.678354 0.734399 2.84084 -0.997521 -0.064098 -0.0290282 -30.9521 0 0 0 1 
				16
				0.0270437 -0.592806 -0.804891 0.211236 -0.0481848 -0.805023 0.591284 2.49149 -0.998472 0.0227931 -0.050335 -30.3658 0 0 0 1 
				17
				-0.0943926 -0.401719 -0.910885 -0.45424 -0.218646 -0.884265 0.412637 1.72802 -0.971228 0.238111 -0.00436615 -29.6828 0 0 0 1 
				18
				-0.180076 -0.177459 -0.967513 -1.02361 -0.453655 -0.857757 0.241764 0.605446 -0.872794 0.482453 0.0739564 -28.7921 0 0 0 1 
				19
				-0.17587 -0.0124096 -0.984335 -1.12559 -0.615202 -0.779224 0.119741 -0.241148 -0.768503 0.626624 0.129407 -27.9986 0 0 0 1 
				20
				-0.152618 0.0462779 -0.987201 -1.04419 -0.664108 -0.744559 0.0677655 -0.521193 -0.731893 0.665951 0.144367 -27.6841 0 0 0 1 
				21
				-0.155609 0.0396211 -0.987024 -1.05515 -0.658577 -0.748889 0.0737656 -0.489034 -0.736248 0.66151 0.142627 -27.7211 0 0 0 1 
				22
				-0.168927 0.00704416 -0.985603 -1.10235 -0.631429 -0.768598 0.10273 -0.333031 -0.75681 0.639693 0.134285 -27.8972 0 0 0 1 
				23
				-0.17587 -0.0124096 -0.984335 -1.12559 -0.615202 -0.779224 0.119741 -0.241148 -0.768503 0.626624 0.129407 -27.9986 0 0 0 1 
		</Joint>
			4
				-1
				-0.17587 -0.0124096 -0.984335 -2.28321 -0.615202 -0.779224 0.119741 -4.2891 -0.768503 0.626624 0.129407 -33.0585 0 0 0 1 
				0
				-0.239582 -0.377726 -0.894385 -2.85546 -0.364604 -0.818782 0.443464 -1.36202 -0.899814 0.432342 0.0584449 -35.5092 0 0 0 1 
				1
				-0.141319 -0.717188 -0.6824 -1.60164 -0.149286 -0.665996 0.730864 1.01089 -0.978643 0.205157 -0.0129483 -37.4222 0 0 0 1 
				2
				0.00549423 -0.891189 -0.4536 0.119704 -0.054491 -0.4532 0.889742 2.10785 -0.998499 0.0198287 -0.0510518 -38.4513 0 0 0 1 
				3
				0.0701751 -0.933282 -0.352222 0.860084 -0.0040635 -0.353357 0.93548 3.11571 -0.997527 -0.0642161 -0.0285892 -38.7715 0 0 0 1 
				4
				0.0513473 -0.927638 -0.369934 0.629403 0.0609292 -0.366823 0.928294 4.61557 -0.99682 -0.0702052 0.0376848 -38.7124 0 0 0 1 
				5
				0.00731297 -0.91029 -0.413907 0.0979426 0.114036 -0.410459 0.904721 5.80634 -0.99345 -0.0538163 0.100804 -38.5221 0 0 0 1 
				6
				-0.0045192 -0.907761 -0.419464 -0.0475829 0.137266 -0.416061 0.898917 6.16487 -0.990524 -0.0535159 0.126485 -38.4647 0 0 0 1 
				7
				-0.00237783 -0.914545 -0.404478 -0.0198801 0.140703 -0.400761 0.905314 6.06965 -0.990049 -0.0547587 0.129632 -38.5124 0 0 0 1 
				8
				0.00163648 -0.92343 -0.383764 0.0330787 0.134664 -0.380065 0.915104 5.76571 -0.99089 -0.0531766 0.12373 -38.5975 0 0 0 1 
				9
				0.00526045 -0.931308 -0.364194 0.0808862 0.127814 -0.360585 0.923927 5.39887 -0.991784 -0.0514093 0.117137 -38.6784 0 0 0 1 
				10
				0.00654431 -0.935372 -0.353606 0.0978387 0.129521 -0.349842 0.927812 5.12921 -0.991555 -0.0518714 0.118861 -38.7126 0 0 0 1 
				11
				0.00481238 -0.933009 -0.35982 0.0750085 0.137644 -0.355781 0.924377 4.96528 -0.99047 -0.0539756 0.126711 -38.6766 0 0 0 1 
				12
				-4.06338e-05 -0.920894 -0.389813 0.0115492 0.137464 -0.386118 0.91215 4.74962 -0.990507 -0.0535483 0.126606 -38.571 0 0 0 1 
				13
				0.00257671 -0.891933 -0.45216 0.0355567 0.11358 -0.448975 0.886296 4.30353 -0.993526 -0.05364 0.100149 -38.3843 0 0 0 1 
				14
				0.0380504 -0.831628 -0.554029 0.459175 0.0689806 -0.550922 0.831701 3.63219 -0.996892 -0.0698638 0.0364034 -38.0355 0 0 0 1 
				15
				0.0667649 -0.731934 -0.678097 0.828941 0.0222179 -0.678354 0.734399 2.98845 -0.997521 -0.064098 -0.0290282 -37.5181 0 0 0 1 
				16
				0.0270437 -0.592806 -0.804891 0.390441 -0.0481848 -0.805023 0.591284 2.17594 -0.998472 0.0227931 -0.050335 -36.9382 0 0 0 1 
				17
				-0.0943926 -0.401719 -0.910885 -1.07476 -0.218646 -0.884265 0.412637 0.29058 -0.971228 0.238111 -0.00436616 -36.0764 0 0 0 1 
				18
				-0.180076 -0.177459 -0.967513 -2.20859 -0.453655 -0.857757 0.241764 -2.37898 -0.872794 0.482453 0.0739564 -34.5382 0 0 0 1 
				19
				-0.17587 -0.0124096 -0.984335 -2.28321 -0.615202 -0.779224 0.119741 -4.2891 -0.768503 0.626624 0.129407 -33.0585 0 0 0 1 
				20
				-0.152618 0.0462779 -0.987201 -2.04887 -0.664109 -0.744559 0.0677655 -4.89114 -0.731893 0.665951 0.144367 -32.5031 0 0 0 1 
				21
				-0.155609 0.0396212 -0.987024 -2.07951 -0.658577 -0.748889 0.0737656 -4.82256 -0.736248 0.66151 0.142627 -32.5687 0 0 0 1 
				22
				-0.168927 0.00704416 -0.985603 -2.21432 -0.631429 -0.768598 0.10273 -4.48782 -0.75681 0.639693 0.134285 -32.8801 0 0 0 1 
				23
				-0.17587 -0.0124096 -0.984335 -2.28321 -0.615202 -0.779224 0.119741 -4.2891 -0.768503 0.626624 0.129407 -33.0585 0 0 0 1 
		</Joint>
			5
				-1
				5.33399e-07 -1.13295e-06 -1 -2.72776 -0.0871562 -0.996195 1.08215e-06 -5.84414 -0.996195 0.0871562 -6.30112e-07 -35.0011 0 0 0 1 
				0
				-0.0283171 -0.0889769 -0.995631 -3.46104 -0.0824737 -0.992427 0.0910362 -2.28363 -0.996191 0.0846912 0.0207643 -37.7837 0 0 0 1 
				1
				-0.0541126 -0.179598 -0.982251 -1.95885 -0.0684138 -0.980713 0.183086 0.63354 -0.996188 0.0771068 0.040782 -39.8959 0 0 0 1 
				2
				-0.0696426 -0.247469 -0.96639 0.133592 -0.0524547 -0.966493 0.251276 1.97011 -0.996192 0.0681912 0.0543282 -40.9752 0 0 0 1 
				3
				-0.0746038 -0.274167 -0.958784 1.03747 -0.0450617 -0.959555 0.277893 3.10544 -0.996195 0.0639363 0.059232 -41.2929 0 0 0 1 
				4
				-0.0739346 -0.270106 -0.959988 0.759194 -0.0462093 -0.960661 0.273854 4.76958 -0.996192 0.0646076 0.0585447 -41.232 0 0 0 1 
				5
				-0.0718189 -0.25845 -0.963351 0.116427 -0.0493753 -0.96374 0.262236 6.09459 -0.996195 0.0663992 0.0564537 -41.0333 0 0 0 1 
				6
				-0.0715386 -0.259644 -0.963051 -0.0590057 -0.0497781 -0.963392 0.263434 6.51183 -0.996195 0.0667845 0.0559952 -40.9685 0 0 0 1 
				7
				-0.0723568 -0.275204 -0.958659 -0.0258903 -0.0485876 -0.959065 0.278988 6.42531 -0.996195 0.0667657 0.0560234 -41.015 0 0 0 1 
				8
				-0.0734438 -0.296953 -0.952063 0.0372151 -0.0469289 -0.952555 0.300727 6.1061 -0.996195 0.0667658 0.0560236 -41.1022 0 0 0 1 
				9
				-0.074424 -0.317128 -0.945458 0.0941828 -0.0453575 -0.94603 0.32089 5.72195 -0.996195 0.0667656 0.0560232 -41.1853 0 0 0 1 
				10
				-0.0749385 -0.327937 -0.941723 0.114381 -0.0445025 -0.942337 0.331693 5.4566 -0.996194 0.0667656 0.0560233 -41.2189 0 0 0 1 
				11
				-0.0746407 -0.321659 -0.943909 0.0871726 -0.0450003 -0.944499 0.325418 5.3132 -0.996195 0.0667657 0.0560233 -41.1802 0 0 0 1 
				12
				-0.0731295 -0.291041 -0.953911 0.0114466 -0.0474095 -0.954377 0.294818 5.09708 -0.996195 0.0667843 0.055995 -41.0747 0 0 0 1 
				13
				-0.0696474 -0.217065 -0.973669 0.04207 -0.0523976 -0.973896 0.220864 4.59063 -0.996195 0.0664005 0.0564556 -40.8956 0 0 0 1 
				14
				-0.0627697 -0.0654319 -0.995881 0.555355 -0.0605107 -0.995763 0.0692382 3.80655 -0.996192 0.0646075 0.0585444 -40.5553 0 0 0 1 
				15
				-0.0521861 0.106744 -0.992916 0.997703 -0.069806 -0.992229 -0.103001 3.04461 -0.996195 0.0639363 0.059232 -40.0396 0 0 0 1 
				16
				-0.0386831 0.209615 -0.977019 0.458799 -0.0781469 -0.975391 -0.206171 2.05414 -0.996191 0.0683757 0.0541118 -39.4621 0 0 0 1 
				17
				-0.0238867 0.174061 -0.984445 -1.31336 -0.083961 -0.981596 -0.17152 -0.262089 -0.996182 0.0785579 0.0380614 -38.5313 0 0 0 1 
				18
				-0.0102488 0.064599 -0.997859 -2.66377 -0.0866103 -0.994218 -0.0634738 -3.52568 -0.99619 0.0857743 0.0157845 -36.7444 0 0 0 1 
				19
				5.33399e-07 -1.13295e-06 -1 -2.72776 -0.0871562 -0.996195 1.08215e-06 -5.84414 -0.996195 0.0871562 -6.30112e-07 -35.0011 0 0 0 1 
				20
				0.00453838 -0.00284674 -0.999986 -2.43465 -0.0870357 -0.996202 0.00244096 -6.5698 -0.996195 0.0870233 -0.00476891 -34.3531 0 0 0 1 
				21
				0.00402228 -0.00250595 -0.999989 -2.47284 -0.0870636 -0.9962 0.00214625 -6.48724 -0.996194 0.087054 -0.00422517 -34.4297 0 0 0 1 
				22
				0.00148729 -0.000923469 -0.999998 -2.64131 -0.0871442 -0.996195 0.000790348 -6.08388 -0.996195 0.0871429 -0.00156211 -34.7931 0 0 0 1 
				23
				5.33399e-07 -1.13295e-06 -1 -2.72776 -0.0871562 -0.996195 1.08215e-06 -5.84414 -0.996195 0.0871562 -6.30112e-07 -35.0011 0 0 0 1 
		</Joint>
			6
		</Joint>
			7
				-1
				0.990171 0.0125469 -0.139301 -0.94506 0.077529 0.779714 0.621318 -4.45345 0.11641 -0.626011 0.771077 -33.2332 0 0 0 1 
				0
				0.956731 0.28781 -0.0427963 -1.64032 -0.238073 0.858838 0.453562 -1.96654 0.167295 -0.423748 0.890197 -35.5878 0 0 0 1 
				1
				0.818874 0.567397 -0.0866361 -0.675381 -0.52093 0.798058 0.302878 0.0159621 0.240993 -0.202888 0.949083 -37.4041 0 0 0 1 
				2
				0.654928 0.733453 -0.18198 0.73457 -0.693171 0.678974 0.241885 0.89736 0.300971 -0.0322735 0.953087 -38.3819 0 0 0 1 
				3
				0.579688 0.783188 -0.224897 1.33704 -0.758497 0.619493 0.202264 1.84324 0.297733 0.0533337 0.953158 -38.7328 0 0 0 1 
				4
				0.595567 0.775323 -0.210177 1.13045 -0.767014 0.626605 0.138041 3.35285 0.238724 0.0789962 0.967869 -38.7637 0 0 0 1 
				5
				0.632498 0.754286 -0.176064 0.658809 -0.754221 0.651517 0.0817133 4.57557 0.176344 0.0811072 0.980981 -38.6593 0 0 0 1 
				6
				0.637846 0.752145 -0.165619 0.520843 -0.755009 0.653116 0.0583145 4.94198 0.15203 0.0878485 0.984464 -38.6368 0 0 0 1 
				7
				0.625376 0.762786 -0.164506 0.528159 -0.765905 0.640365 0.0576443 4.8381 0.149314 0.0899464 0.98469 -38.6888 0 0 0 1 
				8
				0.60757 0.777164 -0.163934 0.552939 -0.779081 0.623289 0.0674127 4.52089 0.154569 0.0867602 0.984165 -38.7658 0 0 0 1 
				9
				0.590649 0.790254 -0.163193 0.574126 -0.79082 0.607105 0.0776361 4.1421 0.160428 0.0832009 0.983535 -38.8377 0 0 0 1 
				10
				0.581614 0.797145 -0.162124 0.576676 -0.797795 0.597898 0.077732 3.86717 0.158897 0.0841314 0.983704 -38.8743 0 0 0 1 
				11
				0.587175 0.793123 -0.161808 0.562299 -0.795076 0.602617 0.0686002 3.7079 0.151916 0.0883693 0.984435 -38.849 0 0 0 1 
				12
				0.612794 0.773122 -0.163605 0.539639 -0.775502 0.628135 0.0635818 3.5088 0.151923 0.0879136 0.984475 -38.7432 0 0 0 1 
				13
				0.66409 0.725778 -0.179527 0.648464 -0.726418 0.683173 0.0747796 3.09774 0.176921 0.0807512 0.980907 -38.5205 0 0 0 1 
				14
				0.741289 0.628851 -0.234602 1.21069 -0.626876 0.773575 0.0927811 2.5004 0.239828 0.0782889 0.967654 -38.0851 0 0 0 1 
				15
				0.822273 0.492792 -0.284646 1.74932 -0.48477 0.868526 0.103249 1.9887 0.298102 0.0530889 0.953056 -37.4788 0 0 0 1 
				16
				0.896617 0.35164 -0.269124 1.48348 -0.325849 0.935486 0.13671 1.37049 0.299834 -0.0348824 0.953353 -36.8698 0 0 0 1 
				17
				0.957636 0.226451 -0.177911 0.162751 -0.17221 0.945466 0.276472 -0.272165 0.230816 -0.234121 0.94441 -36.0699 0 0 0 1 
				18
				0.987351 0.104288 -0.119422 -0.893642 -0.0336328 0.873846 0.485038 -2.70937 0.15494 -0.474886 0.8663 -34.6378 0 0 0 1 
				19
				0.990171 0.0125469 -0.139301 -0.94506 0.077529 0.779714 0.621318 -4.45345 0.11641 -0.626011 0.771077 -33.2332 0 0 0 1 
				20
				0.985695 -0.0238927 -0.166839 -0.70671 0.129104 0.743375 0.656297 -4.98476 0.108343 -0.668448 0.735825 -32.698 0 0 0 1 
				21
				0.986355 -0.0198399 -0.163432 -0.7376 0.123141 0.747795 0.65241 -4.92435 0.10927 -0.663633 0.740035 -32.7613 0 0 0 1 
				22
				0.989026 0.000324361 -0.147739 -0.874403 0.0943153 0.768325 0.633073 -4.62902 0.113717 -0.64006 0.759863 -33.0614 0 0 0 1 
				23
				0.990171 0.0125469 -0.139301 -0.94506 0.077529 0.779714 0.621318 -4.45345 0.11641 -0.626011 0.771077 -33.2332 0 0 0 1 
		</Joint>
			8
				-1
				-0.322955 0.167821 -0.931416 4.64125 -0.496235 0.807993 0.317646 -4.01605 0.805885 0.564786 -0.177667 -32.5764 0 0 0 1 
				0
				-0.361588 0.219857 -0.906045 3.75733 -0.718561 0.553503 0.421076 -3.30969 0.594075 0.803304 -0.0421599 -34.644 0 0 0 1 
				1
				-0.466346 0.149411 -0.871893 3.94452 -0.838541 0.239237 0.489504 -2.923 0.281727 0.959397 0.0137198 -36.0445 0 0 0 1 
				2
				-0.535331 0.00438958 -0.844631 4.42952 -0.844447 0.018747 0.535311 -3.01335 0.0181841 0.999815 -0.00632907 -36.6839 0 0 0 1 
				3
				-0.550975 -0.0716463 -0.831441 4.60751 -0.83011 -0.0552567 0.554855 -2.43602 -0.085696 0.995899 -0.0290293 -37.053 0 0 0 1 
				4
				-0.549268 -0.0598916 -0.833497 4.4905 -0.832669 -0.0448901 0.551948 -0.974469 -0.0704728 0.997195 -0.0252132 -37.4169 0 0 0 1 
				5
				-0.542455 -0.0264846 -0.839667 4.22722 -0.839688 -0.0136085 0.542898 0.320436 -0.0258051 0.999557 -0.0148568 -37.6644 0 0 0 1 
				6
				-0.544071 -0.0195051 -0.838812 4.11942 -0.838885 -0.0065193 0.54427 0.682391 -0.0160845 0.999789 -0.0128156 -37.7791 0 0 0 1 
				7
				-0.557574 -0.0200212 -0.829886 4.05639 -0.82996 -0.00659781 0.557784 0.517044 -0.0166429 0.999778 -0.012938 -37.8464 0 0 0 1 
				8
				-0.576314 -0.0201659 -0.81698 3.98071 -0.817059 -0.00614053 0.576521 0.125496 -0.0166427 0.999778 -0.0129378 -37.8938 0 0 0 1 
				9
				-0.593545 -0.0202922 -0.804545 3.90643 -0.804629 -0.00571058 0.593751 -0.319526 -0.016643 0.999778 -0.0129382 -37.9326 0 0 0 1 
				10
				-0.602718 -0.020356 -0.797695 3.85801 -0.797781 -0.00547786 0.602923 -0.633799 -0.0166428 0.999778 -0.0129381 -37.9778 0 0 0 1 
				11
				-0.597395 -0.0203191 -0.80169 3.875 -0.801774 -0.00561323 0.597601 -0.777735 -0.0166428 0.999778 -0.012938 -37.9919 0 0 0 1 
				12
				-0.571239 -0.0197078 -0.820547 3.99688 -0.820626 -0.00587682 0.571435 -0.866403 -0.016084 0.999789 -0.0128157 -37.8861 0 0 0 1 
				13
				-0.506115 -0.025883 -0.862077 4.3951 -0.862079 -0.0147285 0.506559 -1.00054 -0.0258084 0.999557 -0.0148588 -37.5224 0 0 0 1 
				14
				-0.365038 -0.0493028 -0.929686 5.39287 -0.928322 -0.0563134 0.367489 -1.03628 -0.070472 0.997195 -0.0252124 -36.7321 0 0 0 1 
				15
				-0.198423 -0.0456127 -0.979055 6.3884 -0.976363 -0.0781413 0.201518 -0.746265 -0.0856964 0.995898 -0.0290295 -35.797 0 0 0 1 
				16
				-0.102814 -0.00330935 -0.994695 6.54198 -0.99445 0.0227805 0.102713 -0.467874 0.0223198 0.999735 -0.00563313 -35.1782 0 0 0 1 
				17
				-0.145667 0.0624277 -0.987362 5.56551 -0.933334 0.322334 0.158076 -1.24373 0.328129 0.944565 0.0113126 -34.7677 0 0 0 1 
				18
				-0.251458 0.132731 -0.958724 4.67676 -0.712195 0.645384 0.276148 -2.89912 0.655399 0.752238 -0.0677566 -33.7636 0 0 0 1 
				19
				-0.322955 0.167821 -0.931416 4.64125 -0.496235 0.807993 0.317646 -4.01605 0.805885 0.564786 -0.177667 -32.5764 0 0 0 1 
				20
				-0.339753 0.164468 -0.926023 4.85435 -0.430299 0.848319 0.308542 -4.25639 0.836308 0.503294 -0.217449 -32.0868 0 0 0 1 
				21
				-0.337586 0.164933 -0.926732 4.82718 -0.438 0.843926 0.309749 -4.22962 0.833181 0.510476 -0.212657 -32.1448 0 0 0 1 
				22
				-0.328036 0.166847 -0.929814 4.70545 -0.47491 0.821728 0.314999 -4.09692 0.816611 0.544909 -0.190319 -32.4198 0 0 0 1 
				23
				-0.322955 0.167821 -0.931416 4.64125 -0.496235 0.807993 0.317646 -4.01605 0.805885 0.564786 -0.177667 -32.5764 0 0 0 1 
		</Joint>
			9
				-1
				-0.333875 0.144886 -0.931416 2.55556 -0.551386 0.771411 0.317646 -7.2208 0.764527 0.619623 -0.177667 -27.3719 0 0 0 1 
				0
				-0.371442 0.202765 -0.906045 1.42214 -0.743577 0.519411 0.421076 -7.95025 0.555989 0.83012 -0.0421599 -30.8073 0 0 0 1 
				1
				-0.46965 0.138678 -0.871893 0.932788 -0.843807 0.219946 0.489504 -8.33841 0.259653 0.965605 0.0137198 -34.2251 0 0 0 1 
				2
				-0.535346 0.00168549 -0.844631 0.972283 -0.844531 0.0144813 0.535311 -8.4669 0.0131336 0.999894 -0.00632907 -36.5664 0 0 0 1 
				3
				-0.551121 -0.070519 -0.831441 1.04923 -0.830222 -0.0535583 0.554855 -7.79699 -0.0836583 0.996072 -0.0290293 -37.6064 0 0 0 1 
				4
				-0.549327 -0.0593486 -0.833497 0.943259 -0.832713 -0.0440669 0.551948 -6.35196 -0.0694869 0.997264 -0.0252132 -37.872 0 0 0 1 
				5
				-0.5424 -0.0275976 -0.839667 0.723971 -0.839659 -0.0153314 0.542898 -5.10238 -0.027856 0.999501 -0.0148568 -37.8311 0 0 0 1 
				6
				-0.544016 -0.02098 -0.838812 0.605738 -0.838864 -0.00879354 0.54427 -4.73524 -0.0187949 0.999741 -0.0128156 -37.883 0 0 0 1 
				7
				-0.557519 -0.0215122 -0.829886 0.455495 -0.82994 -0.00881738 0.557784 -4.84295 -0.0193166 0.99973 -0.012938 -37.9539 0 0 0 1 
				8
				-0.576258 -0.0217072 -0.81698 0.258794 -0.81704 -0.00832581 0.576521 -5.15118 -0.0193167 0.99973 -0.0129378 -38.0013 0 0 0 1 
				9
				-0.593489 -0.0218796 -0.804545 0.0732378 -0.804611 -0.0078626 0.593751 -5.51593 -0.0193169 0.99973 -0.0129382 -38.0401 0 0 0 1 
				10
				-0.602661 -0.021968 -0.797695 -0.0344253 -0.797763 -0.00761156 0.602923 -5.78598 -0.0193167 0.99973 -0.0129381 -38.0853 0 0 0 1 
				11
				-0.597339 -0.0219168 -0.80169 0.0169455 -0.801756 -0.00775761 0.597601 -5.9557 -0.0193167 0.99973 -0.012938 -38.0994 0 0 0 1 
				12
				-0.571184 -0.0212566 -0.820547 0.307739 -0.820607 -0.00810188 0.571435 -6.16612 -0.0187948 0.999741 -0.0128157 -37.99 0 0 0 1 
				13
				-0.506061 -0.0269214 -0.862077 1.12654 -0.862047 -0.0164974 0.506559 -6.56797 -0.0278592 0.999502 -0.0148588 -37.6891 0 0 0 1 
				14
				-0.365087 -0.0489419 -0.929686 3.0354 -0.928377 -0.0553956 0.367489 -7.03151 -0.0694861 0.997265 -0.0252124 -37.1872 0 0 0 1 
				15
				-0.198516 -0.0452066 -0.979055 5.10696 -0.976521 -0.0761436 0.201518 -7.05175 -0.0836587 0.996072 -0.0290295 -36.3504 0 0 0 1 
				16
				-0.102795 -0.00385812 -0.994695 5.878 -0.994558 0.0174718 0.102713 -6.89017 0.0169829 0.99984 -0.00563313 -35.034 0 0 0 1 
				17
				-0.147253 0.0585886 -0.987362 4.62478 -0.941461 0.297762 0.158076 -7.27133 0.303261 0.95284 0.0113126 -32.6486 0 0 0 1 
				18
				-0.258039 0.119433 -0.958724 3.05282 -0.744892 0.607354 0.276148 -7.49857 0.615266 0.785403 -0.0677566 -29.531 0 0 0 1 
				19
				-0.333875 0.144886 -0.931416 2.55556 -0.551386 0.771411 0.317646 -7.2208 0.764527 0.619623 -0.177667 -27.3719 0 0 0 1 
				20
				-0.351133 0.13852 -0.926023 2.66018 -0.49272 0.813652 0.308542 -7.03531 0.796199 0.564609 -0.217449 -26.6858 0 0 0 1 
				21
				-0.348922 0.139358 -0.926732 2.64701 -0.499577 0.808999 0.309749 -7.05828 0.792891 0.571052 -0.212657 -26.764 0 0 0 1 
				22
				-0.339122 0.142977 -0.929814 2.58695 -0.532423 0.785685 0.314999 -7.16395 0.775579 0.601877 -0.190319 -27.146 0 0 0 1 
				23
				-0.333875 0.144886 -0.931416 2.55556 -0.551386 0.771411 0.317646 -7.2208 0.764527 0.619623 -0.177667 -27.3719 0 0 0 1 
		</Joint>
			10
				-1
				0.0956928 -0.0182613 -0.995244 0.278414 -0.575317 0.814906 -0.0702692 -10.9815 0.812314 0.579305 0.0674746 -22.1575 0 0 0 1 
				0
				0.0912045 -0.380668 -0.920203 -1.11123 -0.851429 0.449444 -0.270313 -13.0217 0.51648 0.808141 -0.28312 -27.0153 0 0 0 1 
				1
				0.0583936 -0.786528 -0.614787 -2.2704 -0.982271 0.0646247 -0.175976 -14.0935 0.17814 0.614164 -0.76881 -32.4542 0 0 0 1 
				2
				0.0589499 -0.981542 -0.181934 -2.67898 -0.997874 -0.0630146 0.0166375 -14.2269 -0.027795 0.180567 -0.98317 -36.4768 0 0 0 1 
				3
				0.0672676 -0.997421 0.0250409 -2.70962 -0.993906 -0.0647915 0.0891838 -13.4594 -0.0873314 -0.0308874 -0.9957 -38.177 0 0 0 1 
				4
				0.0657184 -0.997818 -0.0063605 -2.80335 -0.994673 -0.0660159 0.0791712 -12.0314 -0.0794183 0.00112362 -0.996841 -38.346 0 0 0 1 
				5
				0.0626599 -0.99339 -0.0961786 -2.9754 -0.996532 -0.0675603 0.048567 -10.8292 -0.0547439 0.0928019 -0.994178 -38.021 0 0 0 1 
				6
				0.0581615 -0.991639 -0.115186 -3.10465 -0.997102 -0.0633718 0.0420978 -10.4566 -0.0490454 0.112404 -0.992452 -38.0111 0 0 0 1 
				7
				0.0421647 -0.992654 -0.113402 -3.34699 -0.99789 -0.0474498 0.0443154 -10.5035 -0.0493708 0.111294 -0.99256 -38.0856 0 0 0 1 
				8
				0.0194492 -0.993477 -0.112365 -3.6715 -0.998591 -0.0248521 0.0468843 -10.7237 -0.049371 0.111294 -0.99256 -38.133 0 0 0 1 
				9
				-0.00177404 -0.993781 -0.111343 -3.97458 -0.998779 -0.00373624 0.0492613 -11.0037 -0.0493709 0.111294 -0.99256 -38.1719 0 0 0 1 
				10
				-0.0132081 -0.993758 -0.110772 -4.1448 -0.998693 0.00764093 0.0505327 -11.227 -0.0493709 0.111294 -0.992561 -38.217 0 0 0 1 
				11
				-0.00656143 -0.993787 -0.111105 -4.05713 -0.998759 0.00102724 0.0497944 -11.424 -0.0493709 0.111294 -0.992561 -38.2312 0 0 0 1 
				12
				0.0254916 -0.993183 -0.113747 -3.58795 -0.998471 -0.0308779 0.0458455 -11.763 -0.0490452 0.112404 -0.992452 -38.1182 0 0 0 1 
				13
				0.105143 -0.9896 -0.0981609 -2.32498 -0.992949 -0.109905 0.0444189 -12.4475 -0.0547454 0.0927984 -0.994179 -37.8791 0 0 0 1 
				14
				0.270162 -0.96255 -0.0226098 0.545378 -0.959534 -0.271104 0.0761401 -13.3634 -0.0794182 0.00112468 -0.996841 -37.6611 0 0 0 1 
				15
				0.43604 -0.899868 -0.0103295 3.753 -0.89568 -0.435067 0.0920552 -13.712 -0.0873316 -0.0308878 -0.9957 -36.921 0 0 0 1 
				16
				0.496554 -0.84996 -0.176074 5.1769 -0.867644 -0.491887 -0.0724011 -13.6734 -0.0250704 0.18872 -0.981711 -34.9182 0 0 0 1 
				17
				0.385446 -0.728037 -0.566916 3.62046 -0.895478 -0.146922 -0.420157 -13.6924 0.222597 0.669609 -0.708572 -30.5803 0 0 0 1 
				18
				0.203391 -0.356696 -0.911811 1.29289 -0.777468 0.507222 -0.371847 -12.579 0.595127 0.784534 -0.174156 -25.3346 0 0 0 1 
				19
				0.0956928 -0.0182613 -0.995244 0.278414 -0.575317 0.814906 -0.0702692 -10.9815 0.812314 0.579305 0.0674746 -22.1575 0 0 0 1 
				20
				0.0727807 0.0749033 -0.994531 0.265317 -0.499045 0.866101 0.0287099 -10.3958 0.863514 0.494227 0.100416 -21.2554 0 0 0 1 
				21
				0.0756413 0.0641573 -0.995069 0.267226 -0.50808 0.861144 0.0169002 -10.4656 0.857982 0.504296 0.0977351 -21.3562 0 0 0 1 
				22
				0.0884959 0.0121698 -0.996002 0.274013 -0.550931 0.83365 -0.0387648 -10.7953 0.829845 0.552159 0.0804793 -21.8563 0 0 0 1 
				23
				0.0956928 -0.0182613 -0.995244 0.278414 -0.575317 0.814906 -0.0702692 -10.9815 0.812314 0.579305 0.0674746 -22.1575 0 0 0 1 
		</Joint>
			11
		</Joint>
			12
		</Joint>
			13
		</Joint>
			14
		</Joint>
			15
		</Joint>
			16
		</Joint>
			17
				-1
				-0.880681 0.012547 -0.473543 -3.62141 0.305107 0.779714 -0.546769 -4.12789 0.362368 -0.626011 -0.690507 -32.8813 0 0 0 1 
				0
				-0.835889 0.153747 -0.526927 -4.07211 0.337391 0.901126 -0.272287 -0.760796 0.432964 -0.405382 -0.805113 -35.4289 0 0 0 1 
				1
				-0.851621 0.305219 -0.426125 -2.53079 0.355159 0.933912 -0.0408635 2.00313 0.385491 -0.186142 -0.903741 -37.4393 0 0 0 1 
				2
				-0.844087 0.464072 -0.268616 -0.498749 0.457214 0.884628 0.0915912 3.31651 0.28013 -0.0455039 -0.958883 -38.5207 0 0 0 1 
				3
				-0.713349 0.682523 -0.159049 0.379367 0.651233 0.729431 0.209348 4.38676 0.2589 0.0457602 -0.96482 -38.8105 0 0 0 1 
				4
				-0.443315 0.891472 -0.09354 0.124618 0.825925 0.446797 0.343831 5.87682 0.348309 0.0751684 -0.934361 -38.6613 0 0 0 1 
				5
				-0.162722 0.985721 -0.0432981 -0.466587 0.895892 0.165995 0.412095 7.03545 0.413399 0.0282666 -0.910111 -38.3852 0 0 0 1 
				6
				-0.0226724 0.99968 -0.0111716 -0.619662 0.898659 0.0252751 0.437919 7.38608 0.438062 -0.000110762 -0.898945 -38.2929 0 0 0 1 
				7
				0.00949315 0.999954 0.00137405 -0.5716 0.896875 -0.00912219 0.44219 7.29959 0.442182 -0.00296542 -0.896921 -38.3363 0 0 0 1 
				8
				-0.00260675 0.999995 0.00162892 -0.490499 0.899562 0.00163345 0.43679 7.009 0.436785 0.00260392 -0.899562 -38.4294 0 0 0 1 
				9
				-0.0196396 0.999807 -0.000110444 -0.416103 0.902476 0.0177752 0.430373 6.6542 0.430292 0.00835266 -0.902651 -38.5192 0 0 0 1 
				10
				0.000138074 0.99997 0.00771973 -0.384764 0.901876 -0.00345941 0.431981 6.38984 0.431995 0.00690259 -0.901849 -38.5511 0 0 0 1 
				11
				0.0372007 0.999145 0.0180318 -0.416038 0.897473 -0.0413402 0.439129 6.22123 0.439499 -0.000152858 -0.898243 -38.5045 0 0 0 1 
				12
				0.00743551 0.999967 0.00339575 -0.520247 0.898915 -0.00817167 0.438046 5.98888 0.438059 -0.000204602 -0.898946 -38.399 0 0 0 1 
				13
				-0.204792 0.976822 -0.0622758 -0.58094 0.887126 0.212119 0.409894 5.50752 0.413604 0.0286966 -0.910005 -38.2482 0 0 0 1 
				14
				-0.609604 0.775553 -0.164011 -0.295688 0.712844 0.626831 0.31454 4.76175 0.34675 0.0748304 -0.934968 -37.9861 0 0 0 1 
				15
				-0.906763 0.355851 -0.226164 -0.0943874 0.33313 0.933443 0.133073 3.98548 0.258465 0.0453237 -0.964957 -37.5577 0 0 0 1 
				16
				-0.958833 0.020165 -0.283254 -0.704981 0.0327658 0.99867 -0.0398186 2.97815 0.282074 -0.0474605 -0.958218 -37.0066 0 0 0 1 
				17
				-0.915641 -0.0509914 -0.398749 -2.3139 0.0399291 0.975481 -0.216432 0.849765 0.400008 -0.214095 -0.891155 -36.0818 0 0 0 1 
				18
				-0.876832 -0.00782405 -0.480734 -3.52425 0.21468 0.88829 -0.406022 -2.05204 0.430208 -0.459217 -0.777201 -34.4367 0 0 0 1 
				19
				-0.880681 0.012547 -0.473543 -3.62141 0.305107 0.779714 -0.546769 -4.12789 0.362368 -0.626011 -0.690507 -32.8813 0 0 0 1 
				20
				-0.891756 0.00124976 -0.452516 -3.39085 0.304701 0.740982 -0.598417 -4.80052 0.334558 -0.671524 -0.661156 -32.3055 0 0 0 1 
				21
