<?xml version='1.0' encoding='UTF-8' ?>
<itpanim>
	<skeleton count>
		25
			0 -1
			1.37091e-06 -1 -6.12323e-17 1.44664e-05 1 1.37091e-06 -6.12323e-17 -3.33788e-06 6.12323e-17 -6.12323e-17 1 44.5 0 0 0 1 
			1 0
			1.3868e-06 4.78456e-08 -1 -44.5 2.75771e-06 -1 -4.78418e-08 1.44666e-05 -1 -2.75771e-06 -1.3868e-06 -5.83747e-05 0 0 0 1 
			2 1
			1.40269e-06 -0.000796318 -1 -49.6773 0 -1 0.000796318 0.0514213 -1 -1.11699e-09 -1.40269e-06 3.19526e-06 0 0 0 1 
			3 2
			1.40269e-06 -0.000796318 -1 -64.5592 0 -1 0.000796318 0.0632714 -1 -1.11699e-09 -1.40269e-06 3.16239e-06 0 0 0 1 
			4 3
			1.40269e-06 -0.000796318 -1 -79.4411 0 -1 0.000796318 0.06596 -1 -1.11699e-09 -1.40269e-06 3.15493e-06 0 0 0 1 
			5 4
			1 1.37091e-06 4.37113e-08 -1.60435 -1.37091e-06 1 3.58059e-15 -1.09939e-05 -4.37113e-08 -6.35048e-14 1 79.4411 0 0 0 1 
			6 5
			0.995014 0.0902305 0.042489 -5.65533 -0.0897157 0.995871 -0.0138741 -0.287945 -0.0435655 0.00999304 0.999001 79.7571 0 0 0 1 
			7 6
			0.994845 -0.0912189 0.0442967 -20.654 0.0915704 0.995781 -0.00596753 -4.08763 -0.0435655 0.00999304 0.999001 79.7571 0 0 0 1 
			8 7
			0.994845 -0.0912189 0.0442967 -36.0513 -0.0434925 0.0107859 0.998995 79.7539 -0.091605 -0.995772 0.00676301 4.15114 0 0 0 1 
			9 4
			-1 -1.37091e-06 4.37114e-08 -1.60434 -1.37091e-06 1 3.84662e-15 -1.09939e-05 -4.37115e-08 -5.60777e-14 -1 -79.4411 0 0 0 1 
			10 9
			-0.995014 0.0902277 0.042489 -5.65533 0.089713 0.995871 -0.0138741 -0.287946 -0.0435654 -0.00999315 -0.999001 -79.7571 0 0 0 1 
			11 10
			-0.994845 -0.0912216 0.0442967 -20.654 -0.0915731 0.995781 -0.00596753 -4.08763 -0.0435654 -0.00999315 -0.999001 -79.7571 0 0 0 1 
			12 11
			-0.994845 -0.0912216 0.0442967 -36.0513 0.0434925 0.0107861 0.998995 79.7539 -0.0916078 0.995772 -0.00676301 -4.15114 0 0 0 1 
			13 4
			1.34309e-06 -5.95475e-08 -1 -82.8177 -1.40269e-06 -1 5.95456e-08 1.08462e-05 -1 1.40269e-06 -1.34309e-06 -0.000107894 0 0 0 1 
			14 13
			1 -0 0 0 0 1 0 0 -0 -0 1 -0 0 0 0 1 
			15 2
			1.37369e-06 -0.0998334 0.995004 44.2777 0 -0.995004 -0.0998334 -4.44257 1 1.3714e-07 -1.36683e-06 -4.58386 0 0 0 1 
			16 15
			1.37369e-06 0.0998334 0.995004 24.6789 0 -0.995004 0.0998334 0.469723 1 -1.3714e-07 -1.36683e-06 -4.58386 0 0 0 1 
			17 16
			1.3716e-06 -6.00745e-14 1 4.70494 0 -1 -6.00745e-14 1.29981e-05 1 8.23984e-20 -1.3716e-06 -4.58386 0 0 0 1 
			18 17
			1.3723e-06 -1 -6.00133e-14 -6.78409 0 6.00133e-14 -1 -0.105526 1 1.3723e-06 8.23562e-20 -4.58386 0 0 0 1 
			19 18
			1 -0 0 0 0 1 0 0 -0 -0 1 -0 0 0 0 1 
			20 2
			1.37369e-06 -0.0998334 0.995004 44.2777 0 -0.995004 -0.0998334 -4.44257 1 1.3714e-07 -1.36683e-06 4.58386 0 0 0 1 
			21 20
			1.37369e-06 0.0998334 0.995004 24.6789 0 -0.995004 0.0998334 0.469723 1 -1.3714e-07 -1.36683e-06 4.58386 0 0 0 1 
			22 21
			1.3716e-06 -6.00745e-14 1 4.70494 0 -1 -6.00745e-14 1.29981e-05 1 8.23984e-20 -1.3716e-06 4.58386 0 0 0 1 
			23 22
			1.3723e-06 -1 5.98908e-14 -6.78409 0 -5.98908e-14 -1 -0.105526 1 1.3723e-06 -8.21882e-20 4.58386 0 0 0 1 
			24 23
			1 -0 0 0 0 1 0 0 -0 -0 1 -0 0 0 0 1 
	</skeleton>
		<animations>
			33
			0
				-1
				-0.573575 0.819153 -2.02144e-33 3.33786e-06 -0.819153 -0.573575 -1.36318e-32 8.68908e-07 -1.2326e-32 -6.16298e-33 1 -42.41 0 0 0 1 
				0
				-0.573575 0.819153 -2.02144e-33 0.605163 -0.819153 -0.573575 -1.36318e-32 -1.91594 -1.2326e-32 -6.16298e-33 1 -39.7115 0 0 0 1 
				1
				-0.573575 0.819153 -2.02144e-33 1.23813 -0.819153 -0.573575 -1.36318e-32 -3.91991 -1.2326e-32 -6.16298e-33 1 -36.889 0 0 0 1 
				2
				-0.573575 0.819153 -2.02144e-33 1.81803 -0.819153 -0.573575 -1.36318e-32 -5.75588 -1.2326e-32 -6.16298e-33 1 -34.3032 0 0 0 1 
				3
				-0.573575 0.819153 -2.02144e-33 2.264 -0.819153 -0.573575 -1.36318e-32 -7.16784 -1.2326e-32 -6.16298e-33 1 -32.3145 0 0 0 1 
				4
				-0.577762 0.816205 -1.46952e-33 2.38732 -0.816205 -0.577762 8.59099e-33 -7.55827 6.16298e-33 6.16298e-33 1 -31.7646 0 0 0 1 
				5
				-0.577704 0.816247 1.47013e-33 2.29152 -0.816247 -0.577704 -8.59088e-33 -7.25266 -6.16298e-33 -6.16298e-33 1 -32.1918 0 0 0 1 
				6
				-0.564317 0.825558 0 2.26253 -0.825558 -0.564317 -0 -7.18549 -0 -0 1 -32.3211 0 0 0 1 
				7
				-0.552458 0.833541 -1.67248e-33 2.264 -0.833541 -0.552458 -1.3679e-32 -7.30057 -1.2326e-32 -6.16298e-33 1 -32.3145 0 0 0 1 
				8
				-0.54404 0.839059 8.52401e-33 2.264 -0.839059 -0.54404 1.81819e-33 -7.47422 6.16298e-33 -6.16298e-33 1 -32.3145 0 0 0 1 
				9
				-0.536255 0.844056 0 2.264 -0.844056 -0.536255 -0 -7.67182 -0 -0 1 -32.3145 0 0 0 1 
				10
				-0.526383 0.850248 0 2.264 -0.850248 -0.526383 -0 -7.85387 -0 -0 1 -32.3145 0 0 0 1 
				11
				-0.511619 0.859213 1.01088e-33 2.264 -0.859213 -0.511619 1.37437e-32 -7.98085 1.2326e-32 6.16298e-33 1 -32.3145 0 0 0 1 
				12
				-0.489101 0.872227 3.01432e-33 2.264 -0.872227 -0.489101 5.37551e-33 -8.01451 6.16298e-33 -0 1 -32.3145 0 0 0 1 
				13
				-0.455738 0.890114 0 2.264 -0.890114 -0.455738 -0 -7.91656 -0 -0 1 -32.3145 0 0 0 1 
				14
				-0.408011 0.912977 -2.2158e-33 2.264 -0.912977 -0.408011 -1.25106e-32 -7.64751 -1.2326e-32 -3.08149e-33 1 -32.3145 0 0 0 1 
				15
				-0.342019 0.939693 0 2.264 -0.939693 -0.342019 -0 -7.16784 -0 -0 1 -32.3145 0 0 0 1 
				16
				-0.0777903 0.99697 -9.72573e-10 2.264 -0.99697 -0.0777903 5.40513e-11 -4.52345 -2.17692e-11 9.7383e-10 1 -32.4173 0 0 0 1 
				17
				0.276393 0.961045 -1.01524e-09 2.26298 -0.961045 0.276393 -1.62937e-10 -0.86916 1.24017e-10 1.02073e-09 1 -32.43 0 0 0 1 
				18
				0.403201 0.915112 2.84026e-09 2.27432 -0.915112 0.403201 6.00344e-10 0.453781 -5.95813e-10 -2.84121e-09 1 -31.9472 0 0 0 1 
				19
				0.445532 0.895266 9.22528e-09 2.31836 -0.895266 0.445532 2.16864e-09 0.731413 -2.16865e-09 -9.22528e-09 1 -31.0196 0 0 0 1 
				20
				0.46046 0.88768 1.65193e-08 2.3714 -0.88768 0.46046 4.03278e-09 0.669928 -4.02665e-09 -1.65208e-08 1 -29.9449 0 0 0 1 
				21
				0.449108 0.893477 2.35061e-08 2.4016 -0.893477 0.449108 5.57781e-09 0.41142 -5.57314e-09 -2.35072e-08 1 -29.0167 0 0 0 1 
				22
				0.414083 0.910239 2.88788e-08 2.37658 -0.910239 0.414083 6.26297e-09 0.130055 -6.25744e-09 -2.888e-08 1 -28.5375 0 0 0 1 
				23
				0.357347 0.933972 3.12401e-08 2.264 -0.933972 0.357347 5.77232e-09 8.33777e-07 -5.77237e-09 -3.12401e-08 1 -28.8096 0 0 0 1 
				24
				0.278181 0.960529 3.07487e-08 2.07031 -0.960529 0.278181 4.36083e-09 8.36783e-07 -4.36503e-09 -3.07481e-08 1 -29.7757 0 0 0 1 
				25
				0.176948 0.98422 2.86073e-08 1.8291 -0.98422 0.176948 2.55076e-09 8.40526e-07 -2.55151e-09 -2.86072e-08 1 -31.1323 0 0 0 1 
				26
				0.0581338 0.998309 2.50604e-08 1.55147 -0.998309 0.0581338 7.30602e-10 8.44834e-07 -7.27493e-10 -2.50605e-08 1 -32.7881 0 0 0 1 
				27
				-0.0724052 0.997375 2.044e-08 1.24853 -0.997375 -0.0724052 -7.40968e-10 8.49535e-07 7.40936e-10 -2.044e-08 1 -34.6521 0 0 0 1 
				28
				-0.207858 0.978159 1.51503e-08 0.931025 -0.978159 -0.207858 -1.59336e-09 8.54462e-07 1.59056e-09 -1.51506e-08 1 -36.6357 0 0 0 1 
				29
				-0.340969 0.940075 9.65488e-09 0.609702 -0.940075 -0.340969 -1.69852e-09 8.59448e-07 1.69528e-09 -9.65545e-09 1 -38.6507 0 0 0 1 
				30
				-0.464765 0.885434 4.44926e-09 0.295661 -0.885434 -0.464765 -1.09909e-09 8.64321e-07 1.09469e-09 -4.45034e-09 1 -40.6059 0 0 0 1 
				31
				-0.573575 0.819153 -2.02144e-33 3.33786e-06 -0.819153 -0.573575 -1.36318e-32 8.68908e-07 -1.2326e-32 -6.16298e-33 1 -42.41 0 0 0 1 
		</Joint>
			1
				-1
				1.33158e-06 -0.573574 -0.819154 3.33786e-06 0 -0.819154 0.573574 8.68908e-07 -1 -7.6376e-07 -1.09077e-06 -42.41 0 0 0 1 
				0
				1.33158e-06 -0.573574 -0.819154 0.605163 0 -0.819154 0.573574 -1.91594 -1 -7.6376e-07 -1.09077e-06 -39.7115 0 0 0 1 
				1
				1.33158e-06 -0.573574 -0.819154 1.23813 0 -0.819154 0.573574 -3.91991 -1 -7.6376e-07 -1.09077e-06 -36.889 0 0 0 1 
				2
				1.33158e-06 -0.573574 -0.819154 1.81803 0 -0.819154 0.573574 -5.75588 -1 -7.6376e-07 -1.09077e-06 -34.3032 0 0 0 1 
				3
				1.33158e-06 -0.573574 -0.819154 2.264 0 -0.819154 0.573574 -7.16784 -1 -7.6376e-07 -1.09077e-06 -32.3145 0 0 0 1 
				4
				1.33158e-06 -0.577761 -0.816206 2.38732 0 -0.816206 0.577761 -7.55827 -1 -7.69335e-07 -1.08684e-06 -31.7646 0 0 0 1 
				5
				1.33158e-06 -0.577703 -0.816247 2.29152 0 -0.816247 0.577703 -7.25266 -1 -7.69258e-07 -1.0869e-06 -32.1918 0 0 0 1 
				6
				1.33158e-06 -0.564316 -0.825559 2.26253 0 -0.825559 0.564316 -7.18549 -1 -7.51432e-07 -1.0993e-06 -32.3211 0 0 0 1 
				7
				1.33158e-06 -0.552457 -0.833542 2.264 0 -0.833542 0.552457 -7.30057 -1 -7.3564e-07 -1.10993e-06 -32.3145 0 0 0 1 
				8
				1.33158e-06 -0.544039 -0.83906 2.264 0 -0.83906 0.544039 -7.47422 -1 -7.24432e-07 -1.11728e-06 -32.3145 0 0 0 1 
				9
				1.33158e-06 -0.536254 -0.844057 2.264 0 -0.844057 0.536254 -7.67182 -1 -7.14065e-07 -1.12393e-06 -32.3145 0 0 0 1 
				10
				1.33158e-06 -0.526382 -0.850248 2.264 0 -0.850248 0.526382 -7.85387 -1 -7.0092e-07 -1.13217e-06 -32.3145 0 0 0 1 
				11
				1.33158e-06 -0.511618 -0.859213 2.264 0 -0.859213 0.511618 -7.98085 -1 -6.8126e-07 -1.14411e-06 -32.3145 0 0 0 1 
				12
				1.33158e-06 -0.4891 -0.872228 2.264 0 -0.872228 0.4891 -8.01451 -1 -6.51276e-07 -1.16144e-06 -32.3145 0 0 0 1 
				13
				1.33158e-06 -0.455737 -0.890115 2.264 0 -0.890115 0.455737 -7.91656 -1 -6.0685e-07 -1.18526e-06 -32.3145 0 0 0 1 
				14
				1.33158e-06 -0.40801 -0.912978 2.264 0 -0.912978 0.40801 -7.64751 -1 -5.43298e-07 -1.2157e-06 -32.3145 0 0 0 1 
				15
				1.33158e-06 -0.342017 -0.939694 2.264 0 -0.939694 0.342017 -7.16784 -1 -4.55424e-07 -1.25128e-06 -32.3145 0 0 0 1 
				16
				1.33156e-06 -0.077789 -0.99697 2.264 0 -0.99697 0.077789 -4.52345 -1 -1.03581e-07 -1.32752e-06 -32.4173 0 0 0 1 
				17
				1.3317e-06 0.276395 -0.961044 2.26298 0 -0.961044 -0.276395 -0.86916 -1 3.68076e-07 -1.27983e-06 -32.43 0 0 0 1 
				18
				1.33099e-06 0.403202 -0.915111 2.27432 0 -0.915111 -0.403202 0.453781 -1 5.36657e-07 -1.218e-06 -31.9472 0 0 0 1 
				19
				1.32944e-06 0.445533 -0.895266 2.31836 0 -0.895266 -0.445533 0.731413 -1 5.92311e-07 -1.19021e-06 -31.0196 0 0 0 1 
				20
				1.32766e-06 0.460461 -0.88768 2.3714 0 -0.88768 -0.460461 0.669928 -1 6.11334e-07 -1.17853e-06 -29.9449 0 0 0 1 
				21
				1.32622e-06 0.449109 -0.893477 2.4016 0 -0.893477 -0.449109 0.41142 -1 5.95616e-07 -1.18494e-06 -29.0167 0 0 0 1 
				22
				1.32564e-06 0.414085 -0.910238 2.37658 0 -0.910238 -0.414085 0.130055 -1 5.48926e-07 -1.20665e-06 -28.5375 0 0 0 1 
				23
				1.32618e-06 0.357348 -0.933971 2.264 0 -0.933971 -0.357348 8.33777e-07 -1 4.73906e-07 -1.23861e-06 -28.8096 0 0 0 1 
				24
				1.32757e-06 0.278183 -0.960528 2.07031 0 -0.960528 -0.278183 8.36783e-07 -1 3.69307e-07 -1.27517e-06 -29.7757 0 0 0 1 
				25
				1.32934e-06 0.17695 -0.98422 1.8291 0 -0.98422 -0.17695 8.40526e-07 -1 2.35226e-07 -1.30836e-06 -31.1323 0 0 0 1 
				26
				1.33109e-06 0.0581352 -0.998309 1.55147 0 -0.998309 -0.0581352 8.44834e-07 -1 7.73831e-08 -1.32884e-06 -32.7881 0 0 0 1 
				27
				1.33248e-06 -0.0724039 -0.997376 1.24853 0 -0.997376 0.0724039 8.49535e-07 -1 -9.64766e-08 -1.32898e-06 -34.6521 0 0 0 1 
				28
				1.33326e-06 -0.207857 -0.978159 0.931025 0 -0.978159 0.207857 8.54462e-07 -1 -2.77127e-07 -1.30414e-06 -36.6357 0 0 0 1 
				29
				1.33331e-06 -0.340968 -0.940075 0.609702 0 -0.940075 0.340968 8.59448e-07 -1 -4.54616e-07 -1.25341e-06 -38.6507 0 0 0 1 
				30
				1.33268e-06 -0.464764 -0.885435 0.295661 0 -0.885435 0.464764 8.64321e-07 -1 -6.19383e-07 -1.18e-06 -40.6059 0 0 0 1 
				31
				1.33158e-06 -0.573574 -0.819154 3.33786e-06 0 -0.819154 0.573574 8.68908e-07 -1 -7.6376e-07 -1.09077e-06 -42.41 0 0 0 1 
		</Joint>
			2
				-1
				-0.000271969 -0.342021 -0.939692 0.00405821 -0.000750183 -0.939692 0.342021 0.0111244 -1 0.00079796 -1.01208e-06 -47.5873 0 0 0 1 
				0
				-0.0634117 -0.423105 -0.903859 0.610179 -0.0991376 -0.898532 0.427566 -1.9053 -0.993051 0.116719 0.0150318 -44.8902 0 0 0 1 
				1
				-0.137851 -0.495663 -0.857505 1.244 -0.193945 -0.835502 0.514122 -3.91002 -0.971279 0.237182 0.0190435 -42.0692 0 0 0 1 
				2
				-0.212105 -0.549657 -0.808015 1.82455 -0.271577 -0.761106 0.589036 -5.74688 -0.938753 0.344376 0.0121603 -39.4846 0 0 0 1 
				3
				-0.272117 -0.582348 -0.766044 2.27091 -0.324299 -0.694012 0.642788 -7.15962 -0.90597 0.423341 -2.72868e-06 -37.4969 0 0 0 1 
				4
				-0.292023 -0.599299 -0.745361 2.39443 -0.337141 -0.664802 0.666614 -7.5504 -0.895019 0.445958 -0.0079108 -36.9473 0 0 0 1 
				5
				-0.278787 -0.593775 -0.754791 2.29856 -0.326955 -0.680316 0.65595 -7.24461 -0.902983 0.429653 -0.00447419 -37.3743 0 0 0 1 
				6
				-0.265171 -0.557769 -0.786498 2.26914 -0.324323 -0.716573 0.617526 -7.17701 -0.908019 0.418829 0.00911665 -37.5034 0 0 0 1 
				7
				-0.255035 -0.514117 -0.818927 2.2701 -0.322413 -0.753249 0.573293 -7.29166 -0.911596 0.410243 0.026347 -37.4967 0 0 0 1 
				8
				-0.245895 -0.467976 -0.848843 2.26955 -0.318115 -0.788263 0.52673 -7.46489 -0.915608 0.39955 0.0449602 -37.4966 0 0 0 1 
				9
				-0.237146 -0.418123 -0.876889 2.26896 -0.312676 -0.821756 0.476394 -7.6621 -0.91978 0.387157 0.0641387 -37.4965 0 0 0 1 
				10
				-0.228093 -0.363502 -0.903239 2.26831 -0.307125 -0.853469 0.42103 -7.84377 -0.923931 0.373441 0.0830297 -37.4963 0 0 0 1 
				11
				-0.21804 -0.302926 -0.927736 2.2676 -0.302445 -0.882835 0.359346 -7.9704 -0.927893 0.358941 0.100875 -37.4961 0 0 0 1 
				12
				-0.206279 -0.235173 -0.949812 2.26679 -0.299515 -0.90892 0.290096 -8.00375 -0.931525 0.344324 0.117053 -37.4959 0 0 0 1 
				13
				-0.192006 -0.159037 -0.968422 2.26589 -0.299094 -0.930356 0.212086 -7.90554 -0.934706 0.330371 0.131067 -37.4958 0 0 0 1 
				14
				-0.174197 -0.0734179 -0.98197 2.26488 -0.301773 -0.945254 0.124206 -7.63631 -0.93733 0.317969 0.142505 -37.4956 0 0 0 1 
				15
				-0.151536 0.0224595 -0.988197 2.26374 -0.307797 -0.951108 0.025583 -7.15657 -0.939307 0.308041 0.15104 -37.4955 0 0 0 1 
				16
				-0.0644269 0.295028 -0.953314 2.26051 -0.335776 -0.906006 -0.257695 -4.51272 -0.939736 0.303498 0.157435 -37.5983 0 0 0 1 
				17
				0.0576815 0.601753 -0.796597 2.25586 -0.340932 -0.738082 -0.582237 -0.860418 -0.938317 0.305169 0.162583 -37.611 0 0 0 1 
				18
				0.105333 0.696989 -0.709303 2.26607 -0.336182 -0.646319 -0.685021 0.461436 -0.935888 0.31061 0.166237 -37.1282 0 0 0 1 
				19
				0.123878 0.723801 -0.678798 2.30979 -0.337042 -0.612707 -0.714838 0.73867 -0.933304 0.317336 0.16805 -36.2008 0 0 0 1 
				20
				0.131822 0.729019 -0.67168 2.36277 -0.339153 -0.603531 -0.721614 0.677078 -0.93145 0.322927 0.16769 -35.1261 0 0 0 1 
				21
				0.12803 0.715438 -0.686845 2.39313 -0.341148 -0.618515 -0.707854 0.418747 -0.93125 0.324943 0.164882 -34.1979 0 0 0 1 
				22
				0.112746 0.685459 -0.719329 2.36847 -0.340057 -0.653609 -0.676134 0.137797 -0.933622 0.320845 0.159403 -33.7186 0 0 0 1 
				23
				0.0872037 0.640163 -0.763274 2.25642 -0.33181 -0.703777 -0.628172 0.00833607 -0.939307 0.308041 0.15104 -33.9906 0 0 0 1 
				24
				0.053804 0.575283 -0.816183 2.0635 -0.313072 -0.766437 -0.560857 0.00907865 -0.948204 0.2857 0.138867 -34.9564 0 0 0 1 
				25
				0.0175224 0.485639 -0.873984 1.82335 -0.282943 -0.835979 -0.470194 0.00990144 -0.958977 0.255527 0.12276 -36.3127 0 0 0 1 
				26
				-0.0152434 0.372106 -0.928065 1.54707 -0.241844 -0.901986 -0.357677 0.0106826 -0.970195 0.218995 0.103741 -37.9681 0 0 0 1 
				27
				-0.0387761 0.238433 -0.970385 1.24571 -0.192192 -0.954763 -0.226915 0.0113067 -0.980591 0.177702 0.082847 -39.8315 0 0 0 1 
				28
				-0.0491252 0.0911773 -0.994622 0.929951 -0.138186 -0.986868 -0.0836414 0.0116861 -0.989187 0.133334 0.0610795 -41.8147 0 0 0 1 
				29
				-0.0448464 -0.0609379 -0.997134 0.610428 -0.0850672 -0.99428 0.0645894 0.0117725 -0.995365 0.08772 0.0394061 -43.8291 0 0 0 1 
				30
				-0.027298 -0.208263 -0.977692 0.298132 -0.0379931 -0.977134 0.209205 0.0115686 -0.998905 0.0428565 0.0187613 -45.7838 0 0 0 1 
				31
				-0.000271969 -0.342021 -0.939692 0.00405821 -0.000750183 -0.939692 0.342021 0.0111244 -1 0.00079796 -1.01208e-06 -47.5873 0 0 0 1 
		</Joint>
			3
				-1
				-6.90266e-05 -0.0871571 -0.996195 0.00104359 -0.000795174 -0.996194 0.0871572 0.0117653 -1 0.000798165 -5.41212e-07 -62.4692 0 0 0 1 
				0
				-0.107945 -0.254224 -0.961103 -0.330494 -0.205499 -0.940167 0.271767 -3.36952 -0.972686 0.226841 0.049244 -59.6714 0 0 0 1 
				1
				-0.252912 -0.384883 -0.887638 -0.802921 -0.385699 -0.801296 0.457341 -6.7868 -0.887283 0.458028 0.0542081 -56.5291 0 0 0 1 
				2
				-0.402435 -0.454315 -0.79476 -1.32659 -0.505772 -0.613293 0.606684 -9.78119 -0.763047 0.646119 0.0170312 -53.4627 0 0 0 1 
				3
				-0.520057 -0.471264 -0.712355 -1.77311 -0.562383 -0.438785 0.700851 -11.9806 -0.642857 0.765099 -0.0368374 -50.9885 0 0 0 1 
				4
				-0.559539 -0.481188 -0.674815 -1.94572 -0.567455 -0.371017 0.735079 -12.5633 -0.604079 0.794232 -0.0654541 -50.2762 0 0 0 1 
				5
				-0.534695 -0.483199 -0.693268 -1.84459 -0.560616 -0.411027 0.718865 -12.1054 -0.632306 0.77303 -0.0511147 -50.8215 0 0 0 1 
				6
				-0.5015 -0.438958 -0.745529 -1.67189 -0.571004 -0.47945 0.666395 -11.9979 -0.649963 0.759897 -0.0102024 -51.0254 0 0 0 1 
				7
				-0.471024 -0.374698 -0.798585 -1.52086 -0.582272 -0.547989 0.600556 -12.0833 -0.662643 0.74787 0.0399397 -51.0718 0 0 0 1 
				8
				-0.440623 -0.300025 -0.846071 -1.38628 -0.589131 -0.61449 0.524716 -12.1918 -0.67733 0.729649 0.094004 -51.1312 0 0 0 1 
				9
				-0.409902 -0.215304 -0.886355 -1.25766 -0.592987 -0.675464 0.438308 -12.3073 -0.693071 0.70526 0.149201 -51.1929 0 0 0 1 
				10
				-0.378257 -0.121804 -0.917652 -1.12469 -0.594979 -0.72744 0.341807 -12.4057 -0.70917 0.675275 0.202688 -51.2541 0 0 0 1 
				11
				-0.34492 -0.0211438 -0.938394 -0.976996 -0.596257 -0.767183 0.236449 -12.4623 -0.72492 0.64108 0.25201 -51.3125 0 0 0 1 
				12
				-0.308955 0.0847375 -0.947294 -0.80403 -0.597872 -0.791918 0.124154 -12.4517 -0.739659 0.604719 0.295329 -51.366 0 0 0 1 
				13
				-0.269168 0.193546 -0.943445 -0.593814 -0.600715 -0.799429 0.00738497 -12.3472 -0.752788 0.56873 0.331446 -51.4127 0 0 0 1 
				14
				-0.223983 0.302591 -0.926429 -0.331093 -0.60539 -0.788143 -0.111058 -12.1179 -0.763763 0.535975 0.359716 -51.4512 0 0 0 1 
				15
				-0.171424 0.408794 -0.896382 0.00375185 -0.611925 -0.757245 -0.228316 -11.7282 -0.772115 0.50938 0.379962 -51.4802 0 0 0 1 
				16
				0.00312645 0.626888 -0.779103 1.29429 -0.632609 -0.602154 -0.487049 -9.50257 -0.774465 0.49439 0.394692 -51.5892 0 0 0 1 
				17
				0.229541 0.807685 -0.543098 3.1047 -0.595632 -0.324738 -0.734689 -5.93027 -0.769762 0.492128 0.406542 -51.5808 0 0 0 1 
				18
				0.314339 0.843207 -0.436111 3.82362 -0.567349 -0.201462 -0.798454 -4.5392 -0.761121 0.498412 0.415066 -51.0619 0 0 0 1 
				19
				0.346813 0.845957 -0.405064 4.14331 -0.560963 -0.159032 -0.812422 -4.27527 -0.751693 0.508984 0.419396 -50.0961 0 0 0 1 
				20
				0.359714 0.841006 -0.404122 4.31457 -0.562137 -0.150355 -0.813263 -4.36837 -0.744721 0.519714 0.418675 -48.994 0 0 0 1 
				21
				0.351278 0.832181 -0.429044 4.28859 -0.568906 -0.174233 -0.803735 -4.65612 -0.743606 0.52642 0.412228 -48.0629 0 0 0 1 
				22
				0.32149 0.820575 -0.472548 4.03662 -0.575742 -0.226807 -0.785544 -4.92021 -0.751775 0.52461 0.399523 -47.6189 0 0 0 1 
				23
				0.271454 0.804986 -0.527552 3.54464 -0.574588 -0.304189 -0.759815 -4.92601 -0.772115 0.50938 0.379962 -47.9753 0 0 0 1 
				24
				0.2033 0.777363 -0.595294 2.85499 -0.558165 -0.407509 -0.722764 -4.64519 -0.804438 0.47921 0.351051 -49.0732 0 0 0 1 
				25
				0.124497 0.725405 -0.67697 2.07552 -0.521586 -0.532558 -0.666581 -4.19451 -0.844067 0.436085 0.312059 -50.5892 0 0 0 1 
				26
				0.0472582 0.642601 -0.764742 1.3126 -0.461428 -0.664971 -0.58728 -3.58053 -0.885918 0.380627 0.265089 -52.4109 0 0 0 1 
				27
				-0.0158679 0.527679 -0.849296 0.662399 -0.37906 -0.789172 -0.48324 -2.83952 -0.925236 0.314267 0.212545 -54.4283 0 0 0 1 
				28
				-0.0546426 0.385544 -0.92107 0.194307 -0.281015 -0.891101 -0.356328 -2.03422 -0.958146 0.239364 0.157036 -56.5385 0 0 0 1 
				29
				-0.0635157 0.226599 -0.971915 -0.0596559 -0.177756 -0.960877 -0.212409 -1.2428 -0.982023 0.159273 0.10131 -58.6439 0 0 0 1 
				30
				-0.0431202 0.0645167 -0.996985 -0.108879 -0.0810798 -0.994847 -0.0608716 -0.542051 -0.995774 0.0782105 0.048129 -60.6503 0 0 0 1 
				31
				-6.90266e-05 -0.0871571 -0.996195 0.00104359 -0.000795174 -0.996194 0.0871572 0.0117653 -1 0.000798165 -5.41212e-07 -62.4692 0 0 0 1 
		</Joint>
			4
				-1
				-6.90266e-05 -0.0871571 -0.996195 0.000250672 -0.000795174 -0.996194 0.0871572 0.00261 -1 0.000798165 -5.41212e-07 -77.3511 0 0 0 1 
				0
				-0.107945 -0.254224 -0.961103 -1.93624 -0.205499 -0.940167 0.271767 -6.4252 -0.972686 0.226841 0.049244 -74.1474 0 0 0 1 
				1
				-0.252912 -0.384883 -0.887638 -4.56569 -0.385699 -0.801296 0.457341 -12.5246 -0.887283 0.458028 0.0542081 -69.7347 0 0 0 1 
				2
				-0.402435 -0.454315 -0.79476 -7.31437 -0.505772 -0.613293 0.606684 -17.3064 -0.763047 0.646119 0.0170312 -64.82 0 0 0 1 
				3
				-0.520057 -0.471264 -0.712355 -9.51128 -0.562383 -0.438785 0.700851 -20.3487 -0.642857 0.765099 -0.0368374 -60.5575 0 0 0 1 
				4
				-0.559539 -0.481188 -0.674815 -10.2714 -0.567455 -0.371017 0.735079 -21.0071 -0.604079 0.794232 -0.0654541 -59.2682 0 0 0 1 
				5
				-0.534695 -0.483199 -0.693268 -9.80056 -0.560616 -0.411027 0.718865 -20.4474 -0.632306 0.77303 -0.0511147 -60.2335 0 0 0 1 
				6
				-0.5015 -0.438958 -0.745529 -9.13398 -0.571004 -0.47945 0.666395 -20.4942 -0.649963 0.759897 -0.0102024 -60.7002 0 0 0 1 
				7
				-0.471024 -0.374698 -0.798585 -8.52958 -0.582272 -0.547989 0.600556 -20.7471 -0.662643 0.74787 0.0399397 -60.9352 0 0 0 1 
				8
				-0.440623 -0.300025 -0.846072 -7.94277 -0.589131 -0.61449 0.524716 -20.9575 -0.67733 0.729649 0.094004 -61.2131 0 0 0 1 
				9
				-0.409902 -0.215304 -0.886355 -7.35719 -0.592987 -0.675464 0.438308 -21.1302 -0.693071 0.70526 0.149201 -61.509 0 0 0 1 
				10
				-0.378257 -0.121804 -0.917652 -6.75354 -0.594979 -0.72744 0.341807 -21.2582 -0.70917 0.675275 0.202688 -61.8097 0 0 0 1 
				11
				-0.34492 -0.0211438 -0.938394 -6.11 -0.596257 -0.767183 0.236449 -21.3336 -0.72492 0.641079 0.25201 -62.1024 0 0 0 1 
				12
				-0.308955 0.0847375 -0.947294 -5.40209 -0.597872 -0.791919 0.124154 -21.347 -0.739659 0.604719 0.295329 -62.3751 0 0 0 1 
				13
				-0.269168 0.193546 -0.943445 -4.60006 -0.600715 -0.799429 0.00738497 -21.2848 -0.752788 0.56873 0.331446 -62.6171 0 0 0 1 
				14
				-0.223983 0.302591 -0.926429 -3.6652 -0.60539 -0.788142 -0.111058 -21.1252 -0.763763 0.535975 0.359716 -62.8189 0 0 0 1 
				15
				-0.171424 0.408794 -0.896382 -2.54847 -0.611925 -0.757245 -0.228316 -20.8328 -0.772115 0.50938 0.379962 -62.9721 0 0 0 1 
				16
				0.00312646 0.626888 -0.779103 1.33913 -0.632609 -0.602154 -0.487049 -18.9154 -0.774465 0.49439 0.394692 -63.116 0 0 0 1 
				17
				0.229541 0.807685 -0.543098 6.51854 -0.595632 -0.324738 -0.734689 -14.7935 -0.769762 0.492128 0.406542 -63.0376 0 0 0 1 
				18
				0.314339 0.843207 -0.436111 8.49932 -0.567349 -0.201462 -0.798454 -12.9819 -0.761121 0.498412 0.415066 -62.3902 0 0 0 1 
				19
				0.346813 0.845957 -0.405064 9.30226 -0.560963 -0.159032 -0.812422 -12.623 -0.751693 0.508984 0.419396 -61.2841 0 0 0 1 
				20
				0.359714 0.841006 -0.404122 9.66553 -0.562136 -0.150355 -0.813263 -12.7336 -0.744721 0.519714 0.418675 -60.0783 0 0 0 1 
				21
				0.351278 0.832181 -0.429044 9.51404 -0.568906 -0.174233 -0.803735 -13.122 -0.743606 0.52642 0.412228 -59.1306 0 0 0 1 
				22
				0.32149 0.820575 -0.472548 8.81879 -0.575742 -0.226807 -0.785544 -13.4877 -0.751775 0.52461 0.399523 -58.8081 0 0 0 1 
				23
				0.271454 0.804986 -0.527552 7.58222 -0.574588 -0.304189 -0.759815 -13.4761 -0.772115 0.50938 0.379962 -59.4672 0 0 0 1 
				24
				0.2033 0.777363 -0.595294 5.87839 -0.558165 -0.407509 -0.722764 -12.9506 -0.804438 0.47921 0.351051 -61.046 0 0 0 1 
				25
				0.124497 0.725405 -0.67697 3.92631 -0.521586 -0.532558 -0.666581 -11.9553 -0.844067 0.436085 0.312059 -63.1517 0 0 0 1 
				26
				0.0472582 0.642601 -0.764742 2.01417 -0.461428 -0.664971 -0.58728 -10.4457 -0.885918 0.380627 0.265089 -65.5961 0 0 0 1 
				27
				-0.0158678 0.527679 -0.849296 0.424836 -0.37906 -0.789172 -0.48324 -8.47854 -0.925236 0.314267 0.212545 -68.1984 0 0 0 1 
				28
				-0.0546426 0.385544 -0.92107 -0.619914 -0.281015 -0.891101 -0.356328 -6.21386 -0.958146 0.239364 0.157036 -70.7981 0 0 0 1 
				29
				-0.0635157 0.226599 -0.971915 -1.0055 -0.177756 -0.960877 -0.212409 -3.88556 -0.982023 0.159273 0.10131 -73.2587 0 0 0 1 
				30
				-0.0431202 0.0645167 -0.996985 -0.750763 -0.0810798 -0.994847 -0.0608716 -1.746 -0.995774 0.0782105 0.048129 -75.4695 0 0 0 1 
				31
				-6.90266e-05 -0.0871571 -0.996195 0.000250672 -0.000795174 -0.996194 0.0871572 0.00261 -1 0.000798165 -5.41212e-07 -77.3511 0 0 0 1 
		</Joint>
			5
				-1
				0.996195 0.0871572 2.41033e-06 1.59826 -0.0871572 0.996195 1.67573e-06 -0.139894 -2.25511e-06 -1.87943e-06 1 -77.3511 0 0 0 1 
				0
				0.961102 0.25431 0.107746 -0.394983 -0.271767 0.94033 0.204749 -6.86373 -0.0492468 -0.226067 0.972866 -74.2258 0 0 0 1 
				1
				0.887637 0.385084 0.252608 -3.14265 -0.457342 0.801603 0.38506 -13.2605 -0.0542106 -0.457321 0.887647 -69.8205 0 0 0 1 
				2
				0.794759 0.454635 0.402075 -6.04051 -0.606686 0.613696 0.505282 -18.2814 -0.0170332 -0.645511 0.763561 -64.8456 0 0 0 1 
				3
				0.712354 0.471678 0.519684 -8.36969 -0.700853 0.439233 0.562032 -21.4743 0.0368357 -0.764587 0.643467 -60.4963 0 0 0 1 
				4
				0.674813 0.481633 0.559157 -9.19007 -0.735081 0.371469 0.567157 -22.1874 0.0654524 -0.793751 0.604711 -59.1611 0 0 0 1 
				5
				0.693267 0.483624 0.534312 -8.68961 -0.718866 0.411473 0.560286 -21.6018 0.051113 -0.772526 0.632922 -60.1494 0 0 0 1 
				6
				0.745528 0.439357 0.501152 -7.93907 -0.666396 0.479905 0.57062 -21.5646 0.0102006 -0.75938 0.650568 -60.6818 0 0 0 1 
				7
				0.798584 0.375073 0.470727 -7.24938 -0.600557 0.548452 0.581834 -21.7121 -0.0399415 -0.747342 0.663238 -60.9973 0 0 0 1 
				8
				0.84607 0.300376 0.440386 -6.58618 -0.524717 0.614959 0.58864 -21.801 -0.0940059 -0.729109 0.677911 -61.362 0 0 0 1 
				9
				0.886354 0.215631 0.409732 -5.93575 -0.43831 0.675936 0.592448 -21.8353 -0.149203 -0.704708 0.693632 -61.7464 0 0 0 1 
				10
				0.917651 0.122105 0.378162 -5.28163 -0.341809 0.727913 0.594398 -21.8085 -0.20269 -0.674709 0.709707 -62.1331 0 0 0 1 
				11
				0.938393 0.0214185 0.344906 -4.60455 -0.23645 0.767658 0.595645 -21.715 -0.252012 -0.640502 0.725429 -62.505 0 0 0 1 
				12
				0.947294 -0.0844915 0.309025 -3.88208 -0.124156 0.792394 0.597241 -21.5484 -0.295332 -0.60413 0.74014 -62.8473 0 0 0 1 
				13
				0.943444 -0.193331 0.269325 -3.08593 -0.00738665 0.799907 0.600079 -21.2988 -0.331448 -0.56813 0.75324 -63.1474 0 0 0 1 
				14
				0.926428 -0.302413 0.224227 -2.17807 0.111057 0.788624 0.604763 -20.9491 -0.359719 -0.535367 0.764189 -63.3946 0 0 0 1 
				15
				0.896382 -0.408658 0.171752 -1.10926 0.228314 0.757732 0.611322 -20.4685 -0.379964 -0.508765 0.772519 -63.5803 0 0 0 1 
				16
				0.779103 -0.62689 -0.0026252 2.59077 0.487047 0.602658 0.63213 -18.1356 -0.394694 -0.493773 0.774858 -63.7479 0 0 0 1 
				17
				0.543099 -0.807867 -0.228897 7.39202 0.734687 0.325212 0.595375 -13.6157 -0.406544 -0.491515 0.770152 -63.6885 0 0 0 1 
				18
				0.436111 -0.843457 -0.313666 9.20126 0.798452 0.201913 0.567191 -11.7014 -0.415068 -0.497806 0.761517 -63.0547 0 0 0 1 
				19
				0.405065 -0.846233 -0.346138 9.9544 0.812421 0.159478 0.560838 -11.32 -0.419398 -0.508386 0.752097 -61.9556 0 0 0 1 
				20
				0.404123 -0.841292 -0.359043 10.3161 0.813261 0.150802 0.562019 -11.4293 -0.418677 -0.519121 0.745133 -60.7486 0 0 0 1 
				21
				0.429045 -0.83246 -0.350614 10.2046 0.803733 0.174686 0.568769 -11.833 -0.41223 -0.525828 0.744024 -59.7906 0 0 0 1 
				22
				0.472549 -0.82083 -0.320835 9.57912 0.785543 0.227266 0.575563 -12.228 -0.399525 -0.524011 0.752191 -59.4477 0 0 0 1 
				23
				0.527553 -0.805201 -0.270811 8.43076 0.759813 0.304646 0.574347 -12.258 -0.379964 -0.508765 0.772519 -60.0754 0 0 0 1 
				24
				0.595295 -0.777525 -0.202679 6.83553 0.722763 0.407953 0.557843 -11.7922 -0.351053 -0.47857 0.804818 -61.6079 0 0 0 1 
				25
				0.676971 -0.725503 -0.123917 5.01436 0.66658 0.532973 0.521164 -10.8873 -0.312062 -0.435413 0.844413 -63.6512 0 0 0 1 
				26
				0.764742 -0.642638 -0.0467444 3.2428 0.587278 0.665338 0.4609 -9.50525 -0.265091 -0.379922 0.88622 -66.0204 0 0 0 1 
				27
				0.849296 -0.527666 0.0162904 1.78882 0.483239 0.789474 0.378433 -7.70537 -0.212547 -0.31353 0.925485 -68.5385 0 0 0 1 
				28
				0.92107 -0.385501 0.0549521 0.858837 0.356327 0.891325 0.280306 -5.64457 -0.157038 -0.238601 0.958336 -71.0494 0 0 0 1 
				29
				0.971915 -0.226548 0.0636988 0.554399 0.212408 0.961019 0.176992 -3.54737 -0.101313 -0.158491 0.982149 -73.4208 0 0 0 1 
				30
				0.996985 -0.0644823 0.0431744 0.84892 0.0608714 0.994911 0.0802878 -1.65101 -0.0481318 -0.0774176 0.995836 -75.5465 0 0 0 1 
				31
				0.996195 0.0871572 2.41033e-06 1.59826 -0.0871572 0.996195 1.67573e-06 -0.139894 -2.25511e-06 -1.87943e-06 1 -77.3511 0 0 0 1 
		</Joint>
			6
				-1
				0.112922 -0.0327948 -0.993063 9.04144 0.148164 0.988837 -0.0158074 -0.791099 0.982495 -0.145352 0.11652 -77.3511 0 0 0 1 
				0
				0.116576 0.600729 -0.790908 6.786 0.0872542 0.787064 0.61067 -8.89427 0.989342 -0.140199 0.0393363 -74.5937 0 0 0 1 
				1
				0.0159112 0.975877 -0.217741 3.48944 0.0813083 0.215784 0.97305 -16.6775 0.996562 -0.0331865 -0.0759135 -70.2255 0 0 0 1 
				2
				-0.0317311 0.908938 0.415723 -0.102378 0.0934623 -0.411412 0.906645 -22.8143 0.995117 0.0676233 -0.0718969 -64.9728 0 0 0 1 
				3
				-0.0600879 0.59877 0.798664 -3.04725 0.128214 -0.788852 0.60106 -26.7108 0.989924 0.138516 -0.0293702 -60.2211 0 0 0 1 
				4
				-0.0671099 0.467565 0.881408 -4.14813 0.149262 -0.868753 0.472217 -27.6797 0.986518 0.163251 -0.0114877 -58.672 0 0 0 1 
				5
				-0.0639483 0.559336 0.82647 -3.50979 0.140099 -0.814932 0.562368 -26.9729 0.98807 0.15175 -0.026249 -59.7675 0 0 0 1 
				6
				-0.0530713 0.63236 0.772855 -2.36878 0.104793 -0.766145 0.634067 -26.5437 0.993077 0.11464 -0.0256068 -60.6056 0 0 0 1 
				7
				-0.0447468 0.677153 0.73448 -1.28267 0.0620873 -0.73191 0.678567 -26.1992 0.997067 0.0759656 -0.00929201 -61.2957 0 0 0 1 
				8
				-0.0387544 0.715484 0.697554 -0.26467 0.0160764 -0.697541 0.716365 -25.7214 0.99912 0.0389765 0.0155304 -62.0644 0 0 0 1 
				9
				-0.0310769 0.751604 0.658882 0.686744 -0.0322928 -0.659611 0.750913 -25.1101 0.998995 0.00205893 0.0447701 -62.8612 0 0 0 1 
				10
				-0.0171401 0.789188 0.613913 1.5747 -0.0811013 -0.613077 0.785849 -24.3624 0.996558 -0.0363196 0.0745123 -63.6475 0 0 0 1 
				11
				0.00823593 0.830212 0.557387 2.40676 -0.127491 -0.551985 0.82405 -23.4817 0.991806 -0.0778487 0.101299 -64.3879 0 0 0 1 
				12
				0.0503091 0.874036 0.48325 3.19573 -0.167037 -0.469684 0.866889 -22.476 0.984666 -0.124333 0.122367 -65.0539 0 0 0 1 
				13
				0.113689 0.916225 0.384196 3.96313 -0.192646 -0.359034 0.913226 -21.354 0.97466 -0.177838 0.135689 -65.6238 0 0 0 1 
				14
				0.200732 0.946794 0.251569 4.74383 -0.193196 -0.213494 0.957651 -20.1193 0.960407 -0.240834 0.140062 -66.0823 0 0 0 1 
				15
				0.308025 0.948283 0.0766799 5.58815 -0.152755 -0.0302571 0.987801 -18.7626 0.939035 -0.31598 0.135535 -66.4193 0 0 0 1 
				16
				0.440146 0.836 -0.327683 8.41192 0.040188 0.346227 0.93729 -14.4966 0.897027 -0.425713 0.118793 -66.6969 0 0 0 1 
				17
				0.432222 0.476221 -0.765766 11.4498 0.389017 0.667635 0.634767 -8.1264 0.813541 -0.572257 0.103308 -66.726 0 0 0 1 
				18
				0.317946 0.153484 -0.935603 12.4597 0.656862 0.675947 0.334109 -5.7357 0.683698 -0.720791 0.114097 -66.156 0 0 0 1 
				19
				0.147179 -0.102474 -0.983788 12.9809 0.839305 0.539214 0.0693977 -5.24995 0.52336 -0.835912 0.165367 -65.0892 0 0 0 1 
				20
				-0.0585569 -0.294244 -0.953935 13.3356 0.92916 0.333331 -0.159853 -5.3529 0.365011 -0.895718 0.253881 -63.8768 0 0 0 1 
				21
				-0.247747 -0.417641 -0.874184 13.4103 0.937722 0.123426 -0.324721 -5.82786 0.243514 -0.90019 0.361053 -62.8706 0 0 0 1 
				22
				-0.383009 -0.494886 -0.779995 13.1098 0.905561 -0.0344386 -0.422816 -6.35878 0.182384 -0.868276 0.461339 -62.4328 0 0 0 1 
				23
				-0.441574 -0.554018 -0.705746 12.3724 0.87753 -0.102773 -0.468379 -6.58092 0.186959 -0.826137 0.531549 -62.9144 0 0 0 1 
				24
				-0.423387 -0.611805 -0.66816 11.2833 0.870659 -0.0709426 -0.486744 -6.39197 0.250391 -0.787821 0.56271 -64.2309 0 0 0 1 
				25
				-0.34501 -0.660532 -0.666832 10.0724 0.867959 0.0458739 -0.494512 -5.90684 0.357231 -0.749395 0.557488 -65.9828 0 0 0 1 
				26
				-0.222116 -0.675809 -0.702813 8.95666 0.843592 0.228231 -0.486069 -5.11733 0.488893 -0.700851 0.519414 -68.001 0 0 0 1 
				27
				-0.0810276 -0.634618 -0.768567 8.13443 0.773996 0.445775 -0.449683 -4.09479 0.627985 -0.631305 0.455071 -70.1266 0 0 0 1 
				28
				0.0449219 -0.528165 -0.847953 7.74071 0.650674 0.65954 -0.376337 -2.98223 0.758027 -0.534835 0.373291 -72.2227 0 0 0 1 
				29
				0.125593 -0.36951 -0.9207 7.81617 0.485833 0.832059 -0.267662 -1.96033 0.864981 -0.41369 0.284021 -74.1778 0 0 0 1 
				30
				0.14615 -0.191247 -0.9706 8.298 0.307871 0.941206 -0.139097 -1.1962 0.940136 -0.278491 0.196436 -75.9061 0 0 0 1 
				31
				0.112922 -0.0327946 -0.993063 9.04144 0.148164 0.988837 -0.0158072 -0.791099 0.982495 -0.145352 0.11652 -77.3511 0 0 0 1 
		</Joint>
			7
				-1
				-0.0189882 0.116044 -0.993063 10.7801 -0.95636 -0.291762 -0.0158073 1.49024 -0.291572 0.949426 0.11652 -62.2233 0 0 0 1 
				0
				-0.608019 -0.0691271 -0.790908 8.58095 -0.776958 -0.15303 0.61067 -7.55079 -0.163247 0.985801 0.0393363 -59.3605 0 0 0 1 
				1
				-0.966157 -0.138312 -0.217741 3.73443 -0.225912 0.0462317 0.97305 -15.4256 -0.124518 0.989309 -0.0759135 -54.8812 0 0 0 1 
				2
				-0.907894 -0.0538787 0.415723 -0.590952 0.409011 0.103463 0.906645 -21.3752 -0.091861 0.993173 -0.0718969 -49.6507 0 0 0 1 
				3
				-0.601643 -0.0127905 0.798663 -3.97244 0.796493 0.0657495 0.601062 -24.7367 -0.0601996 0.997754 -0.0293702 -44.9789 0 0 0 1 
				4
				-0.472177 -0.0130355 0.881408 -5.18144 0.88014 0.0486274 0.472217 -25.3814 -0.0490161 0.998732 -0.0114877 -43.4823 0 0 0 1 
				5
				-0.562862 -0.0115659 0.82647 -4.49443 0.824439 0.0635757 0.562369 -24.8157 -0.0590477 0.99791 -0.026249 -44.5539 0 0 0 1 
				6
				-0.634332 -0.0177847 0.772856 -3.18593 0.770792 0.0619787 0.634065 -24.9301 -0.0591773 0.997919 -0.0256068 -45.3148 0 0 0 1 
				7
				-0.677397 -0.0408914 0.73448 -1.97165 0.732252 0.0579199 0.678566 -25.2432 -0.0702885 0.997483 -0.009292 -45.9436 0 0 0 1 
				8
				-0.712283 -0.0779406 0.697552 -0.861384 0.695607 0.0543122 0.716367 -25.4739 -0.0937196 0.995478 0.0155304 -46.6806 0 0 0 1 
				9
				-0.742418 -0.121203 0.658881 0.208241 0.658709 0.0472337 0.750913 -25.6074 -0.122134 0.991504 0.04477 -47.4794 0 0 0 1 
				10
				-0.772462 -0.162521 0.613913 1.31079 0.617512 0.0334596 0.785849 -25.6111 -0.148258 0.986138 0.0745123 -48.3032 0 0 0 1 
				11
				-0.807455 -0.193225 0.557387 2.53357 0.566427 0.0100924 0.82405 -25.4447 -0.164852 0.981103 0.101299 -49.1168 0 0 0 1 
				12
				-0.851399 -0.203937 0.483249 3.97036 0.497901 -0.0244615 0.866889 -25.0479 -0.16497 0.978679 0.122367 -49.8927 0 0 0 1 
				13
				-0.904806 -0.183631 0.384196 5.71364 0.401663 -0.0684465 0.913226 -24.3202 -0.1414 0.980609 0.135688 -50.6167 0 0 0 1 
				14
				-0.960454 -0.119335 0.251569 7.83457 0.264865 -0.11292 0.957651 -23.094 -0.0858742 0.986412 0.140062 -51.2946 0 0 0 1 
				15
				-0.997056 0.000452319 0.0766798 10.3309 0.0759064 -0.135969 0.987801 -21.1146 0.0108729 0.990713 0.135535 -51.9607 0 0 0 1 
				16
				-0.917454 0.225613 -0.327683 15.189 -0.345703 -0.0444687 0.93729 -13.8778 0.196893 0.973202 0.118793 -52.8851 0 0 0 1 
				17
				-0.52284 0.374487 -0.765766 18.1049 -0.708003 0.309519 0.634767 -2.13658 0.474731 0.874046 0.103308 -54.1997 0 0 0 1 
				18
				-0.137667 0.325107 -0.935603 17.3552 -0.642835 0.6893 0.334109 4.37821 0.753532 0.647434 0.114097 -55.6288 0 0 0 1 
				19
				0.133222 0.12006 -0.983788 15.247 -0.334505 0.939836 0.0693984 7.6731 0.932931 0.319837 0.165367 -57.0308 0 0 0 1 
				20
				0.247588 -0.169436 -0.953935 12.434 0.058462 0.985408 -0.159853 8.95366 0.9671 -0.0161912 0.253881 -58.2566 0 0 0 1 
				21
				0.22556 -0.43003 -0.874184 9.59563 0.38691 0.863051 -0.324721 8.61054 0.894105 -0.264986 0.361053 -59.1211 0 0 0 1 
				22
				0.159973 -0.604992 -0.779996 7.21252 0.577999 0.697958 -0.422816 7.58443 0.800204 -0.383197 0.461339 -59.6246 0 0 0 1 
				23
				0.148705 -0.692683 -0.705746 5.57338 0.635634 0.61367 -0.468379 6.93068 0.757533 -0.378946 0.531549 -60.0357 0 0 0 1 
				24
				0.232889 -0.706629 -0.66816 4.76432 0.581482 0.651889 -0.486744 7.01385 0.779514 -0.275165 0.56271 -60.3755 0 0 0 1 
				25
				0.380587 -0.640694 -0.666832 4.76018 0.417187 0.762504 -0.494512 7.45741 0.825293 -0.0899891 0.557488 -60.4824 0 0 0 1 
				26
				0.527374 -0.47742 -0.702813 5.53668 0.134016 0.863583 -0.486069 7.87172 0.838997 0.162152 0.519414 -60.4734 0 0 0 1 
				27
				0.5939 -0.237881 -0.768567 6.88682 -0.237001 0.861171 -0.449683 7.82267 0.768839 0.449218 0.455071 -60.4573 0 0 0 1 
				28
				0.530035 0.00621065 -0.847953 8.43239 -0.610235 0.697125 -0.376337 7.0364 0.588792 0.716922 0.373291 -60.5512 0 0 0 1 
				29
				0.353144 0.166133 -0.9207 9.74997 -0.881177 0.389724 -0.267662 5.52019 0.314352 0.905823 0.284021 -60.8594 0 0 0 1 
				30
				0.141671 0.194588 -0.9706 10.5483 -0.989913 0.0269012 -0.139097 3.54419 -0.000956214 0.980516 0.196436 -61.4305 0 0 0 1 
				31
				-0.0189884 0.116044 -0.993063 10.7801 -0.95636 -0.291762 -0.0158071 1.49024 -0.291572 0.949426 0.11652 -62.2233 0 0 0 1 
		</Joint>
			8
				-1
				-0.0189882 -0.99297 -0.116835 10.4878 -0.956361 -0.0160397 0.291749 -13.2351 -0.291572 0.117276 -0.949333 -66.7128 0 0 0 1 
				0
				-0.608019 -0.771133 -0.188857 -0.780903 -0.776958 0.529034 0.341261 -19.5139 -0.163247 0.354227 -0.920801 -61.8741 0 0 0 1 
				1
				-0.966157 -0.256588 -0.0265271 -11.1418 -0.225912 0.792014 0.567166 -18.9041 -0.124518 0.553964 -0.823176 -56.7984 0 0 0 1 
				2
				-0.907894 0.186121 0.375616 -14.5701 0.409011 0.58965 0.696436 -15.0775 -0.091861 0.785921 -0.611465 -51.0651 0 0 0 1 
				3
				-0.601643 0.260538 0.75508 -13.2361 0.796493 0.266928 0.542538 -12.4728 -0.0601996 0.92783 -0.368112 -45.9058 0 0 0 1 
				4
				-0.472177 0.232518 0.850285 -12.4517 0.88014 0.177991 0.440082 -11.8296 -0.0490161 0.956166 -0.288692 -44.237 0 0 0 1 
				5
				-0.562862 0.25981 0.784656 -13.161 0.824439 0.24429 0.510513 -12.1216 -0.0590477 0.934249 -0.351699 -45.4631 0 0 0 1 
				6
				-0.634332 0.245311 0.733107 -12.9529 0.770792 0.273292 0.575492 -13.062 -0.0591773 0.930126 -0.362442 -46.226 0 0 0 1 
				7
				-0.677397 0.198991 0.708192 -12.4017 0.732252 0.274392 0.623311 -13.9685 -0.0702886 0.940804 -0.331584 -47.0258 0 0 0 1 
				8
				-0.712283 0.13515 0.688758 -11.8286 0.695607 0.266948 0.666986 -14.7634 -0.0937196 0.954188 -0.284154 -48.1236 0 0 0 1 
				9
				-0.742418 0.0637021 0.666901 -11.223 0.658709 0.250892 0.709334 -15.465 -0.122134 0.965917 -0.228228 -49.3599 0 0 0 1 
				10
				-0.772462 -0.00465729 0.635044 -10.5831 0.617512 0.22794 0.752809 -16.1031 -0.148258 0.973664 -0.173199 -50.586 0 0 0 1 
				11
				-0.807455 -0.0589874 0.586973 -9.89907 0.566427 0.200522 0.799344 -16.7232 -0.164852 0.977912 -0.128501 -51.6551 0 0 0 1 
				12
				-0.851399 -0.089022 0.51691 -9.1389 0.497901 0.172786 0.849847 -17.3816 -0.16497 0.980928 -0.102786 -52.4328 0 0 0 1 
				13
				-0.904806 -0.0859541 0.41706 -8.21794 0.401663 0.152951 0.902924 -18.1357 -0.1414 0.984488 -0.103867 -52.7939 0 0 0 1 
				14
				-0.960454 -0.0450056 0.274777 -6.95384 0.264865 0.156682 0.951471 -19.0158 -0.0858742 0.986623 -0.138566 -52.6168 0 0 0 1 
				15
