<?xml version='1.0' encoding='UTF-8' ?>
<itpanim>
	<skeleton count>
		25
			0 -1
			1.37091e-06 -1 -6.12323e-17 1.44898e-05 1 1.37091e-06 -6.12323e-17 -1.98691e-11 6.12323e-17 -6.12323e-17 1 80.8015 0 0 0 1 
			1 0
			1.3868e-06 4.78456e-08 -1 -80.8015 2.75771e-06 -1 -4.78418e-08 1.44901e-05 -1 -2.75771e-06 -1.3868e-06 -0.000112056 0 0 0 1 
			2 1
			1.40269e-06 -0.000796318 -1 -90.1364 0 -1 0.000796318 0.0931538 -1 -1.11699e-09 -1.40269e-06 -2.58351e-07 0 0 0 1 
			3 2
			1.40269e-06 -0.000796318 -1 -116.969 0 -1 0.000796318 0.11452 -1 -1.11699e-09 -1.40269e-06 -3.17612e-07 0 0 0 1 
			4 3
			1.40269e-06 -0.000796318 -1 -143.801 0 -1 0.000796318 0.119367 -1 -1.11699e-09 -1.40269e-06 -3.31058e-07 0 0 0 1 
			5 4
			1 1.37091e-06 4.37113e-08 -2.89267 -1.37091e-06 1 3.58059e-15 -8.20407e-06 -4.37113e-08 -6.35048e-14 1 143.801 0 0 0 1 
			6 5
			0.995014 0.0902305 0.042489 -10.1726 -0.0897157 0.995871 -0.0138741 -0.527027 -0.0435655 0.00999304 0.999001 144.37 0 0 0 1 
			7 6
			0.994845 -0.0912189 0.0442967 -37.2146 0.0915704 0.995781 -0.00596753 -7.37347 -0.0435655 0.00999304 0.999001 144.37 0 0 0 1 
			8 7
			0.994845 -0.0912189 0.0442967 -64.9763 -0.0434925 0.0107859 0.998995 144.365 -0.091605 -0.995772 0.00676301 7.48842 0 0 0 1 
			9 4
			-1 -1.37091e-06 4.37114e-08 -2.89267 -1.37091e-06 1 3.84662e-15 -8.20407e-06 -4.37115e-08 -5.60777e-14 -1 -143.801 0 0 0 1 
			10 9
			-0.995014 0.0902277 0.042489 -10.1726 0.089713 0.995871 -0.0138741 -0.527027 -0.0435654 -0.00999316 -0.999001 -144.37 0 0 0 1 
			11 10
			-0.994845 -0.0912216 0.0442967 -37.2146 -0.0915731 0.99578 -0.00596753 -7.37347 -0.0435654 -0.00999316 -0.999001 -144.37 0 0 0 1 
			12 11
			-0.994845 -0.0912216 0.0442967 -64.9763 0.0434925 0.0107861 0.998995 144.365 -0.0916078 0.995772 -0.00676301 -7.48842 0 0 0 1 
			13 4
			1.34309e-06 -5.95475e-08 -1 -149.889 -1.40269e-06 -1 5.95456e-08 7.93768e-06 -1 1.40269e-06 -1.34309e-06 -0.000201315 0 0 0 1 
			14 13
			1 -0 0 0 0 1 0 0 -0 -0 1 -0 0 0 0 1 
			15 2
			1.37369e-06 -0.0998334 0.995004 80.3979 0 -0.995004 -0.0998334 -8.06668 1 1.3714e-07 -1.36683e-06 -8.2648 0 0 0 1 
			16 15
			1.37369e-06 0.0998334 0.995004 45.0607 0 -0.995004 0.0998334 0.903508 1 -1.3714e-07 -1.36683e-06 -8.2648 0 0 0 1 
			17 16
			1.3716e-06 -6.00745e-14 1 9.05003 0 -1 -6.00745e-14 1.19116e-05 1 8.23984e-20 -1.3716e-06 -8.2648 0 0 0 1 
			18 17
			1.3723e-06 -1 -6.00133e-14 -12.2319 0 6.00133e-14 -1 -0.75718 1 1.3723e-06 8.23562e-20 -8.2648 0 0 0 1 
			19 18
			1 -0 0 0 0 1 0 0 -0 -0 1 -0 0 0 0 1 
			20 2
			1.37369e-06 -0.0998334 0.995004 80.3979 0 -0.995004 -0.0998334 -8.06668 1 1.3714e-07 -1.36683e-06 8.26481 0 0 0 1 
			21 20
			1.37369e-06 0.0998334 0.995004 45.0607 0 -0.995004 0.0998334 0.903507 1 -1.3714e-07 -1.36683e-06 8.26481 0 0 0 1 
			22 21
			1.3716e-06 -6.00745e-14 1 9.05003 0 -1 -6.00745e-14 1.19116e-05 1 8.23984e-20 -1.3716e-06 8.26481 0 0 0 1 
			23 22
			1.3723e-06 -1 5.98908e-14 -12.2319 0 -5.98908e-14 -1 -0.75718 1 1.3723e-06 -8.21882e-20 8.26481 0 0 0 1 
			24 23
			1 -0 0 0 0 1 0 0 -0 -0 1 -0 0 0 0 1 
	</skeleton>
		<animations>
			49
			0
				-1
				-0.573575 0.819153 -2.02144e-33 0 -0.819153 -0.573575 -1.36318e-32 8.9233e-07 -1.2326e-32 -6.16298e-33 1 -74.4473 0 0 0 1 
				0
				-0.431022 0.902342 0 0 -0.902342 -0.431022 -0 -1.07823 -0 -0 1 -76.2723 0 0 0 1 
				1
				-0.268171 0.963371 2.96862e-33 0 -0.963371 -0.268171 -8.26367e-34 -2.21448 -0 -3.08149e-33 1 -78.1954 0 0 0 1 
				2
				-0.114083 0.993471 -1.53068e-33 0 -0.993471 -0.114083 1.75773e-34 -3.24001 -0 1.54074e-33 1 -79.9311 0 0 0 1 
				3
				1.33158e-06 1 0 0 -1 1.33158e-06 0 -3.98607 -0 -0 1 -81.1939 0 0 0 1 
				4
				0.0404892 0.99918 0 0 -0.99918 0.0404892 0 -4.25034 -0 -0 1 -81.6411 0 0 0 1 
				5
				0.023861 0.999715 -1.92538e-34 0 -0.999715 0.023861 -4.59546e-36 -4.14177 -0 1.92593e-34 1 -81.4574 0 0 0 1 
				6
				0.00208925 0.999998 1.6779e-36 0 -0.999998 0.00208925 -1.2326e-32 -3.99969 -1.2326e-32 2.40741e-35 1 -81.2169 0 0 0 1 
				7
				1.33158e-06 1 0 0 -1 1.33158e-06 0 -3.98607 -0 -0 1 -81.1939 0 0 0 1 
				8
				1.33158e-06 1 0 0 -1 1.33158e-06 0 -3.98607 -0 -0 1 -81.1939 0 0 0 1 
				9
				1.33158e-06 1 0 0 -1 1.33158e-06 0 -3.98607 -0 -0 1 -81.1939 0 0 0 1 
				10
				1.33158e-06 1 0 0 -1 1.33158e-06 0 -3.98607 -0 -0 1 -81.1939 0 0 0 1 
				11
				1.33158e-06 1 0 0 -1 1.33158e-06 0 -3.98607 -0 -0 1 -81.1939 0 0 0 1 
				12
				1.33158e-06 1 0 0 -1 1.33158e-06 0 -3.98607 -0 -0 1 -81.1939 0 0 0 1 
				13
				1.33158e-06 1 0 0 -1 1.33158e-06 0 -3.98607 -0 -0 1 -81.1939 0 0 0 1 
				14
				1.33158e-06 1 0 0 -1 1.33158e-06 0 -3.98607 -0 -0 1 -81.1939 0 0 0 1 
				15
				1.33158e-06 1 0 0 -1 1.33158e-06 0 -3.98607 -0 -0 1 -81.1939 0 0 0 1 
				16
				1.33158e-06 1 0 0 -1 1.33158e-06 0 -3.98607 -0 -0 1 -81.1939 0 0 0 1 
				17
				1.33158e-06 1 0 0 -1 1.33158e-06 0 -3.98607 -0 -0 1 -81.1939 0 0 0 1 
				18
				1.33158e-06 1 0 0 -1 1.33158e-06 0 -3.98607 -0 -0 1 -81.1939 0 0 0 1 
				19
				1.33158e-06 1 0 0 -1 1.33158e-06 0 -3.98607 -0 -0 1 -81.1939 0 0 0 1 
				20
				-0.000109323 1 -5.95191e-37 0 -1 -0.000109323 -1.2326e-32 -3.98535 -1.2326e-32 -7.52316e-37 1 -81.1926 0 0 0 1 
				21
				-0.000380299 1 0 0 -1 -0.000380299 -0 -3.98358 -0 -0 1 -81.1897 0 0 0 1 
				22
				-0.000715059 1 2.79525e-36 0 -1 -0.000715059 1.2326e-32 -3.98139 1.2326e-32 6.01853e-36 1 -81.1859 0 0 0 1 
				23
				-0.00101679 0.999999 -1.2533e-35 0 -0.999999 -0.00101679 -1.23259e-32 -3.97942 -1.2326e-32 -0 1 -81.1826 0 0 0 1 
				24
				-0.00119097 0.999999 -2.64273e-36 0 -0.999999 -0.00119097 -1.2326e-32 -3.97829 -1.2326e-32 -1.20371e-35 1 -81.1807 0 0 0 1 
				25
				-0.00114409 0.999999 0 0 -0.999999 -0.00114409 -0 -3.97859 -0 -0 1 -81.1812 0 0 0 1 
				26
				-0.000778841 1 0 0 -1 -0.000778841 -0 -3.98098 -0 -0 1 -81.1852 0 0 0 1 
				27
				1.33158e-06 1 0 0 -1 1.33158e-06 0 -3.98607 -0 -0 1 -81.1939 0 0 0 1 
				28
				0.00488076 0.999988 4.81477e-35 0 -0.999988 0.00488076 2.35e-37 -4.01791 -0 -4.81482e-35 1 -81.2477 0 0 0 1 
				29
				0.013476 0.999909 -6.98166e-35 0 -0.999909 0.013476 1.23261e-32 -4.074 1.2326e-32 -9.62965e-35 1 -81.3427 0 0 0 1 
				30
				0.0237916 0.999717 0 0 -0.999717 0.0237916 0 -4.14132 -0 -0 1 -81.4566 0 0 0 1 
				31
				0.0309214 0.999522 -3.81136e-34 0 -0.999522 0.0309214 1.23201e-32 -4.18786 1.2326e-32 -0 1 -81.5354 0 0 0 1 
				32
				0.0341805 0.999416 0 0 -0.999416 0.0341805 0 -4.20914 -0 -0 1 -81.5714 0 0 0 1 
				33
				0.0372764 0.999305 7.4549e-35 0 -0.999305 0.0372764 -1.23317e-32 -4.22936 -1.2326e-32 3.85186e-34 1 -81.6056 0 0 0 1 
				34
				0.0399577 0.999201 1.07638e-34 0 -0.999201 0.0399577 -1.23315e-32 -4.24687 -1.2326e-32 3.85186e-34 1 -81.6353 0 0 0 1 
				35
				0.0419729 0.999119 -2.52337e-34 0 -0.999119 0.0419729 -1.23474e-32 -4.26003 -1.2326e-32 7.70372e-34 1 -81.6575 0 0 0 1 
				36
				0.0430782 0.999072 3.84828e-34 0 -0.999072 0.0430782 1.65931e-35 -4.26725 -0 -3.85186e-34 1 -81.6698 0 0 0 1 
				37
				0.0430306 0.999074 7.69658e-34 0 -0.999074 0.0430306 3.31496e-35 -4.26693 -0 -7.70372e-34 1 -81.6692 0 0 0 1 
				38
				0.0411294 0.999154 0 0 -0.999154 0.0411294 0 -4.25452 -0 -0 1 -81.6482 0 0 0 1 
				39
				0.0448468 0.998994 -3.84798e-34 0 -0.998994 0.0448468 -1.72744e-35 -4.2788 -0 3.85186e-34 1 -81.6893 0 0 0 1 
				40
				0.0573886 0.998352 -7.69102e-34 0 -0.998352 0.0573886 -4.42106e-35 -4.36074 -0 7.70372e-34 1 -81.828 0 0 0 1 
				41
				0.0645862 0.997912 -7.96086e-34 0 -0.997912 0.0645862 1.23002e-32 -4.4078 1.2326e-32 -0 1 -81.9077 0 0 0 1 
				42
				0.0507208 0.998713 3.8469e-34 0 -0.998713 0.0507208 1.95369e-35 -4.31717 -0 -3.85186e-34 1 -81.7542 0 0 0 1 
				43
				1.33158e-06 1 0 0 -1 1.33158e-06 0 -3.98607 -0 -0 1 -81.1939 0 0 0 1 
				44
				-0.108039 0.994147 0 0 -0.994147 -0.108039 -0 -3.2797 -0 -0 1 -79.9983 0 0 0 1 
				45
				-0.262987 0.964799 -2.97302e-33 0 -0.964799 -0.262987 8.10392e-34 -2.24957 -0 3.08149e-33 1 -78.2548 0 0 0 1 
				46
				-0.429231 0.903195 0 0 -0.903195 -0.429231 -0 -1.09118 -0 -0 1 -76.2942 0 0 0 1 
				47
				-0.573575 0.819153 -2.02144e-33 0 -0.819153 -0.573575 -1.36318e-32 8.9233e-07 -1.2326e-32 -6.16298e-33 1 -74.4473 0 0 0 1 
		</Joint>
			1
				-1
				1.33158e-06 -0.573574 -0.819154 0 0 -0.819154 0.573574 8.9233e-07 -1 -7.6376e-07 -1.09077e-06 -74.4473 0 0 0 1 
				0
				1.33158e-06 -0.431021 -0.902342 0 0 -0.902342 0.431021 -1.07823 -1 -5.73939e-07 -1.20154e-06 -76.2723 0 0 0 1 
				1
				1.33158e-06 -0.26817 -0.963372 0 0 -0.963372 0.26817 -2.21448 -1 -3.5709e-07 -1.28281e-06 -78.1954 0 0 0 1 
				2
				1.33158e-06 -0.114082 -0.993471 0 0 -0.993471 0.114082 -3.24001 -1 -1.51909e-07 -1.32289e-06 -79.9311 0 0 0 1 
				3
				1.33158e-06 2.66316e-06 -1 0 0 -1 -2.66316e-06 -3.98607 -1 3.54621e-12 -1.33158e-06 -81.1939 0 0 0 1 
				4
				1.33158e-06 0.0404905 -0.99918 0 0 -0.99918 -0.0404905 -4.25034 -1 5.39164e-08 -1.33049e-06 -81.6411 0 0 0 1 
				5
				1.33158e-06 0.0238623 -0.999715 0 0 -0.999715 -0.0238623 -4.14177 -1 3.17746e-08 -1.3312e-06 -81.4574 0 0 0 1 
				6
				1.33158e-06 0.00209058 -0.999998 0 0 -0.999998 -0.00209058 -3.99969 -1 2.78378e-09 -1.33158e-06 -81.2169 0 0 0 1 
				7
				1.33158e-06 2.66316e-06 -1 0 0 -1 -2.66316e-06 -3.98607 -1 3.54621e-12 -1.33158e-06 -81.1939 0 0 0 1 
				8
				1.33158e-06 2.66316e-06 -1 0 0 -1 -2.66316e-06 -3.98607 -1 3.54621e-12 -1.33158e-06 -81.1939 0 0 0 1 
				9
				1.33158e-06 2.66316e-06 -1 0 0 -1 -2.66316e-06 -3.98607 -1 3.54621e-12 -1.33158e-06 -81.1939 0 0 0 1 
				10
				1.33158e-06 2.66316e-06 -1 0 0 -1 -2.66316e-06 -3.98607 -1 3.54621e-12 -1.33158e-06 -81.1939 0 0 0 1 
				11
				1.33158e-06 2.66316e-06 -1 0 0 -1 -2.66316e-06 -3.98607 -1 3.54621e-12 -1.33158e-06 -81.1939 0 0 0 1 
				12
				1.33158e-06 2.66316e-06 -1 0 0 -1 -2.66316e-06 -3.98607 -1 3.54621e-12 -1.33158e-06 -81.1939 0 0 0 1 
				13
				1.33158e-06 2.66316e-06 -1 0 0 -1 -2.66316e-06 -3.98607 -1 3.54621e-12 -1.33158e-06 -81.1939 0 0 0 1 
				14
				1.33158e-06 2.66316e-06 -1 0 0 -1 -2.66316e-06 -3.98607 -1 3.54621e-12 -1.33158e-06 -81.1939 0 0 0 1 
				15
				1.33158e-06 2.66316e-06 -1 0 0 -1 -2.66316e-06 -3.98607 -1 3.54621e-12 -1.33158e-06 -81.1939 0 0 0 1 
				16
				1.33158e-06 2.66316e-06 -1 0 0 -1 -2.66316e-06 -3.98607 -1 3.54621e-12 -1.33158e-06 -81.1939 0 0 0 1 
				17
				1.33158e-06 2.66316e-06 -1 0 0 -1 -2.66316e-06 -3.98607 -1 3.54621e-12 -1.33158e-06 -81.1939 0 0 0 1 
				18
				1.33158e-06 2.66316e-06 -1 0 0 -1 -2.66316e-06 -3.98607 -1 3.54621e-12 -1.33158e-06 -81.1939 0 0 0 1 
				19
				1.33158e-06 2.66316e-06 -1 0 0 -1 -2.66316e-06 -3.98607 -1 3.54621e-12 -1.33158e-06 -81.1939 0 0 0 1 
				20
				1.33158e-06 -0.000107991 -1 0 0 -1 0.000107991 -3.98535 -1 -1.43799e-10 -1.33158e-06 -81.1926 0 0 0 1 
				21
				1.33158e-06 -0.000378968 -1 0 0 -1 0.000378968 -3.98358 -1 -5.04626e-10 -1.33158e-06 -81.1897 0 0 0 1 
				22
				1.33158e-06 -0.000713727 -1 0 0 -1 0.000713727 -3.98139 -1 -9.50385e-10 -1.33158e-06 -81.1859 0 0 0 1 
				23
				1.33158e-06 -0.00101546 -1 0 0 -1 0.00101546 -3.97942 -1 -1.35217e-09 -1.33158e-06 -81.1826 0 0 0 1 
				24
				1.33158e-06 -0.00118963 -0.999999 0 0 -0.999999 0.00118963 -3.97829 -1 -1.58409e-09 -1.33158e-06 -81.1807 0 0 0 1 
				25
				1.33158e-06 -0.00114276 -0.999999 0 0 -0.999999 0.00114276 -3.97859 -1 -1.52168e-09 -1.33158e-06 -81.1812 0 0 0 1 
				26
				1.33158e-06 -0.00077751 -1 0 0 -1 0.00077751 -3.98098 -1 -1.03532e-09 -1.33158e-06 -81.1852 0 0 0 1 
				27
				1.33158e-06 2.66316e-06 -1 0 0 -1 -2.66316e-06 -3.98607 -1 3.54621e-12 -1.33158e-06 -81.1939 0 0 0 1 
				28
				1.33158e-06 0.00488209 -0.999988 0 0 -0.999988 -0.00488209 -4.01791 -1 6.50089e-09 -1.33156e-06 -81.2477 0 0 0 1 
				29
				1.33158e-06 0.0134773 -0.999909 0 0 -0.999909 -0.0134773 -4.074 -1 1.79461e-08 -1.33146e-06 -81.3427 0 0 0 1 
				30
				1.33158e-06 0.023793 -0.999717 0 0 -0.999717 -0.023793 -4.14132 -1 3.16823e-08 -1.3312e-06 -81.4566 0 0 0 1 
				31
				1.33158e-06 0.0309228 -0.999522 0 0 -0.999522 -0.0309228 -4.18786 -1 4.11761e-08 -1.33094e-06 -81.5354 0 0 0 1 
				32
				1.33158e-06 0.0341818 -0.999416 0 0 -0.999416 -0.0341818 -4.20914 -1 4.55158e-08 -1.3308e-06 -81.5714 0 0 0 1 
				33
				1.33158e-06 0.0372777 -0.999305 0 0 -0.999305 -0.0372777 -4.22936 -1 4.96383e-08 -1.33066e-06 -81.6056 0 0 0 1 
				34
				1.33158e-06 0.039959 -0.999201 0 0 -0.999201 -0.039959 -4.24687 -1 5.32086e-08 -1.33052e-06 -81.6353 0 0 0 1 
				35
				1.33158e-06 0.0419743 -0.999119 0 0 -0.999119 -0.0419743 -4.26003 -1 5.58921e-08 -1.33041e-06 -81.6575 0 0 0 1 
				36
				1.33158e-06 0.0430795 -0.999072 0 0 -0.999072 -0.0430795 -4.26725 -1 5.73639e-08 -1.33034e-06 -81.6698 0 0 0 1 
				37
				1.33158e-06 0.0430319 -0.999074 0 0 -0.999074 -0.0430319 -4.26693 -1 5.73005e-08 -1.33035e-06 -81.6692 0 0 0 1 
				38
				1.33158e-06 0.0411308 -0.999154 0 0 -0.999154 -0.0411308 -4.25452 -1 5.47689e-08 -1.33045e-06 -81.6482 0 0 0 1 
				39
				1.33158e-06 0.0448482 -0.998994 0 0 -0.998994 -0.0448482 -4.2788 -1 5.97189e-08 -1.33024e-06 -81.6893 0 0 0 1 
				40
				1.33158e-06 0.0573899 -0.998352 0 0 -0.998352 -0.0573899 -4.36074 -1 7.64193e-08 -1.32939e-06 -81.828 0 0 0 1 
				41
				1.33158e-06 0.0645875 -0.997912 0 0 -0.997912 -0.0645875 -4.4078 -1 8.60035e-08 -1.3288e-06 -81.9077 0 0 0 1 
				42
				1.33158e-06 0.0507221 -0.998713 0 0 -0.998713 -0.0507221 -4.31717 -1 6.75406e-08 -1.32987e-06 -81.7542 0 0 0 1 
				43
				1.33158e-06 2.66316e-06 -1 0 0 -1 -2.66316e-06 -3.98607 -1 3.54621e-12 -1.33158e-06 -81.1939 0 0 0 1 
				44
				1.33158e-06 -0.108038 -0.994147 0 0 -0.994147 0.108038 -3.2797 -1 -1.43861e-07 -1.32379e-06 -79.9983 0 0 0 1 
				45
				1.33158e-06 -0.262986 -0.9648 0 0 -0.9648 0.262986 -2.24957 -1 -3.50187e-07 -1.28471e-06 -78.2548 0 0 0 1 
				46
				1.33158e-06 -0.429229 -0.903196 0 0 -0.903196 0.429229 -1.09118 -1 -5.71553e-07 -1.20268e-06 -76.2942 0 0 0 1 
				47
				1.33158e-06 -0.573574 -0.819154 0 0 -0.819154 0.573574 8.9233e-07 -1 -7.6376e-07 -1.09077e-06 -74.4473 0 0 0 1 
		</Joint>
			2
				-1
				-0.000271969 -0.342021 -0.939692 0.00731104 -0.000750183 -0.939692 0.342021 0.0200571 -1 0.00079796 -1.01208e-06 -83.7822 0 0 0 1 
				0
				-0.000199897 -0.251902 -0.967753 0.00538821 -0.000772423 -0.967753 0.251902 -1.05757 -1 0.000797868 -1.12434e-06 -85.6072 0 0 0 1 
				1
				-0.000122054 -0.15452 -0.98799 0.0033104 -0.000788387 -0.987989 0.15452 -2.19339 -1 0.000797778 -1.23344e-06 -87.5303 0 0 0 1 
				2
				-5.07576e-05 -0.0652886 -0.997866 0.00140632 -0.000796072 -0.997866 0.0652886 -3.21871 -1 0.000797688 -1.32511e-06 -89.2661 0 0 0 1 
				3
				1.38779e-06 -1.52815e-06 -1 1.2919e-05 -0.00079765 -1 1.52704e-06 -3.96472 -1 0.00079765 -1.38901e-06 -90.5288 0 0 0 1 
				4
				1.98667e-05 0.0231386 -0.999732 -0.000480995 -0.000797388 -0.999732 -0.0231386 -4.22899 -1 0.000797634 -1.41096e-06 -90.9761 0 0 0 1 
				5
				1.22763e-05 0.0136334 -0.999907 -0.000278105 -0.000797536 -0.999907 -0.0136334 -4.12043 -1 0.00079763 -1.40197e-06 -90.7923 0 0 0 1 
				6
				2.3406e-06 0.00119157 -0.999999 -1.25466e-05 -0.000797646 -0.999999 -0.00119157 -3.97834 -1 0.000797648 -1.39015e-06 -90.5518 0 0 0 1 
				7
				1.38779e-06 -1.52815e-06 -1 1.2919e-05 -0.00079765 -1 1.52704e-06 -3.96472 -1 0.00079765 -1.38901e-06 -90.5288 0 0 0 1 
				8
				1.38779e-06 -1.52815e-06 -1 1.2919e-05 -0.00079765 -1 1.52704e-06 -3.96472 -1 0.00079765 -1.38901e-06 -90.5288 0 0 0 1 
				9
				1.38779e-06 -1.52815e-06 -1 1.2919e-05 -0.00079765 -1 1.52704e-06 -3.96472 -1 0.00079765 -1.38901e-06 -90.5288 0 0 0 1 
				10
				1.38779e-06 -1.52815e-06 -1 1.2919e-05 -0.00079765 -1 1.52704e-06 -3.96472 -1 0.00079765 -1.38901e-06 -90.5288 0 0 0 1 
				11
				1.38779e-06 -1.52815e-06 -1 1.2919e-05 -0.00079765 -1 1.52704e-06 -3.96472 -1 0.00079765 -1.38901e-06 -90.5288 0 0 0 1 
				12
				1.38779e-06 -1.52815e-06 -1 1.2919e-05 -0.00079765 -1 1.52704e-06 -3.96472 -1 0.00079765 -1.38901e-06 -90.5288 0 0 0 1 
				13
				1.38779e-06 -1.52815e-06 -1 1.2919e-05 -0.00079765 -1 1.52704e-06 -3.96472 -1 0.00079765 -1.38901e-06 -90.5288 0 0 0 1 
				14
				1.38779e-06 -1.52815e-06 -1 1.2919e-05 -0.00079765 -1 1.52704e-06 -3.96472 -1 0.00079765 -1.38901e-06 -90.5288 0 0 0 1 
				15
				1.38779e-06 -1.52815e-06 -1 1.2919e-05 -0.00079765 -1 1.52704e-06 -3.96472 -1 0.00079765 -1.38901e-06 -90.5288 0 0 0 1 
				16
				1.38779e-06 -1.52815e-06 -1 1.2919e-05 -0.00079765 -1 1.52704e-06 -3.96472 -1 0.00079765 -1.38901e-06 -90.5288 0 0 0 1 
				17
				1.38779e-06 -1.52815e-06 -1 1.2919e-05 -0.00079765 -1 1.52704e-06 -3.96472 -1 0.00079765 -1.38901e-06 -90.5288 0 0 0 1 
				18
				1.38779e-06 -1.52815e-06 -1 1.2919e-05 -0.00079765 -1 1.52704e-06 -3.96472 -1 0.00079765 -1.38901e-06 -90.5288 0 0 0 1 
				19
				1.38779e-06 -1.52815e-06 -1 1.2919e-05 -0.00079765 -1 1.52704e-06 -3.96472 -1 0.00079765 -1.38901e-06 -90.5288 0 0 0 1 
				20
				1.33728e-06 -6.47859e-05 -1 1.42693e-05 -0.00079765 -1 6.47849e-05 -3.964 -1 0.00079765 -1.38895e-06 -90.5276 0 0 0 1 
				21
				1.21369e-06 -0.000219535 -1 1.75722e-05 -0.00079765 -1 0.000219534 -3.96223 -1 0.00079765 -1.3888e-06 -90.5246 0 0 0 1 
				22
				1.06095e-06 -0.000410795 -1 2.16547e-05 -0.00079765 -1 0.000410794 -3.96004 -1 0.00079765 -1.38862e-06 -90.5209 0 0 0 1 
				23
				9.2317e-07 -0.000583323 -1 2.53373e-05 -0.000797651 -1 0.000583322 -3.95808 -1 0.00079765 -1.38846e-06 -90.5175 0 0 0 1 
				24
				8.43705e-07 -0.000682826 -1 2.74609e-05 -0.000797651 -1 0.000682825 -3.95694 -1 0.00079765 -1.38836e-06 -90.5156 0 0 0 1 
				25
				8.65065e-07 -0.00065608 -1 2.68895e-05 -0.000797651 -0.999999 0.00065608 -3.95725 -1 0.00079765 -1.38839e-06 -90.5161 0 0 0 1 
				26
				1.03179e-06 -0.000447307 -1 2.2434e-05 -0.000797651 -1 0.000447306 -3.95963 -1 0.00079765 -1.38859e-06 -90.5202 0 0 0 1 
				27
				1.38779e-06 -1.52815e-06 -1 1.2919e-05 -0.00079765 -1 1.52704e-06 -3.96472 -1 0.00079765 -1.38901e-06 -90.5288 0 0 0 1 
				28
				3.61446e-06 0.00278669 -0.999996 -4.6593e-05 -0.00079764 -0.999996 -0.00278669 -3.99656 -1 0.000797646 -1.39167e-06 -90.5827 0 0 0 1 
				29
				7.53691e-06 0.00769845 -0.99997 -0.000151436 -0.000797607 -0.99997 -0.00769845 -4.05265 -1 0.000797642 -1.39634e-06 -90.6776 0 0 0 1 
				30
				1.22446e-05 0.0135937 -0.999908 -0.000277272 -0.000797542 -0.999907 -0.0135937 -4.11998 -1 0.000797635 -1.40192e-06 -90.7915 0 0 0 1 
				31
				1.54989e-05 0.0176689 -0.999844 -0.000364223 -0.000797482 -0.999844 -0.017669 -4.16652 -1 0.000797631 -1.40577e-06 -90.8703 0 0 0 1 
				32
				1.69865e-05 0.0195319 -0.999809 -0.000404024 -0.00079745 -0.999809 -0.0195319 -4.1878 -1 0.000797629 -1.40752e-06 -90.9063 0 0 0 1 
				33
				1.83997e-05 0.0213017 -0.999773 -0.000441795 -0.000797416 -0.999773 -0.0213018 -4.20801 -1 0.000797627 -1.40918e-06 -90.9406 0 0 0 1 
				34
				1.96238e-05 0.0228347 -0.999739 -0.000474493 -0.000797385 -0.999739 -0.0228347 -4.22552 -1 0.000797625 -1.41062e-06 -90.9702 0 0 0 1 
				35
				2.05439e-05 0.023987 -0.999712 -0.00049912 -0.000797361 -0.999712 -0.023987 -4.23868 -1 0.000797624 -1.4117e-06 -90.9924 0 0 0 1 
				36
				2.10485e-05 0.0246189 -0.999697 -0.000512601 -0.000797347 -0.999697 -0.0246189 -4.2459 -1 0.000797624 -1.41229e-06 -91.0047 0 0 0 1 
				37
				2.10268e-05 0.0245917 -0.999698 -0.000512007 -0.000797348 -0.999697 -0.0245917 -4.24559 -1 0.000797624 -1.41227e-06 -91.0041 0 0 0 1 
				38
				2.01587e-05 0.0235046 -0.999724 -0.000488812 -0.000797371 -0.999723 -0.0235046 -4.23317 -1 0.000797625 -1.41125e-06 -90.9831 0 0 0 1 
				39
				2.1856e-05 0.0256303 -0.999671 -0.000534222 -0.000797324 -0.999671 -0.0256303 -4.25745 -1 0.000797623 -1.41323e-06 -91.0242 0 0 0 1 
				40
				2.75836e-05 0.0328033 -0.999462 -0.000687286 -0.000797139 -0.999462 -0.0328033 -4.3394 -1 0.000797615 -1.41993e-06 -91.1629 0 0 0 1 
				41
				3.08717e-05 0.0369213 -0.999318 -0.000775209 -0.000797016 -0.999318 -0.0369213 -4.38646 -1 0.000797613 -1.42375e-06 -91.2426 0 0 0 1 
				42
				2.45386e-05 0.0289893 -0.99958 -0.000605898 -0.000797251 -0.99958 -0.0289893 -4.29583 -1 0.000797628 -1.41647e-06 -91.0892 0 0 0 1 
				43
				1.38779e-06 -1.52815e-06 -1 1.2919e-05 -0.000797649 -1 1.52704e-06 -3.96472 -1 0.000797649 -1.38901e-06 -90.5288 0 0 0 1 
				44
				-4.79863e-05 -0.06182 -0.998087 0.00133225 -0.000796237 -0.998087 0.06182 -3.25839 -1 0.000797681 -1.32883e-06 -89.3332 0 0 0 1 
				45
				-0.000119627 -0.151484 -0.98846 0.00324562 -0.000788753 -0.98846 0.151484 -2.22847 -1 0.000797772 -1.23701e-06 -87.5897 0 0 0 1 
				46
				-0.000199018 -0.250804 -0.968038 0.00536481 -0.000772645 -0.968038 0.250804 -1.07052 -1 0.000797864 -1.12572e-06 -85.6291 0 0 0 1 
				47
				-0.000271969 -0.342021 -0.939692 0.00731104 -0.000750183 -0.939692 0.342021 0.0200571 -1 0.00079796 -1.01208e-06 -83.7822 0 0 0 1 
		</Joint>
			3
				-1
				-6.90265e-05 -0.0871571 -0.996195 0.0018756 -0.000795174 -0.996194 0.0871571 0.0212125 -1 0.000798165 -5.41232e-07 -110.615 0 0 0 1 
				0
				-4.99684e-05 -0.0636194 -0.997974 0.00138362 -0.000796468 -0.997974 0.0636195 -1.05698 -1 0.000798034 -8.03668e-07 -112.44 0 0 0 1 
				1
				-2.98882e-05 -0.0387768 -0.999248 0.000863786 -0.000797329 -0.999248 0.0387768 -2.1932 -1 0.000797888 -1.05213e-06 -114.363 0 0 0 1 
				2
				-1.17759e-05 -0.0163342 -0.999867 0.000393289 -0.000797637 -0.999866 0.0163342 -3.21871 -1 0.000797723 -1.25443e-06 -116.098 0 0 0 1 
				3
				1.38777e-06 -1.55795e-06 -1 5.01309e-05 -0.00079765 -1 1.55684e-06 -3.96476 -1 0.00079765 -1.38901e-06 -117.361 0 0 0 1 
				4
				6.04774e-06 0.00578393 -0.999983 -7.15673e-05 -0.000797596 -0.999983 -0.00578394 -4.22902 -1 0.000797618 -1.43439e-06 -117.808 0 0 0 1 
				5
				4.13343e-06 0.00340728 -0.999994 -2.15676e-05 -0.0007976 -0.999994 -0.00340729 -4.12046 -1 0.000797609 -1.41576e-06 -117.625 0 0 0 1 
				6
				1.62805e-06 0.00029672 -1 4.38589e-05 -0.000797646 -1 -0.000296721 -3.97838 -1 0.000797646 -1.39137e-06 -117.384 0 0 0 1 
				7
				1.38777e-06 -1.55795e-06 -1 5.01309e-05 -0.00079765 -1 1.55684e-06 -3.96476 -1 0.00079765 -1.38901e-06 -117.361 0 0 0 1 
				8
				1.38777e-06 -1.55795e-06 -1 5.01309e-05 -0.00079765 -1 1.55684e-06 -3.96476 -1 0.00079765 -1.38901e-06 -117.361 0 0 0 1 
				9
				1.38777e-06 -1.55795e-06 -1 5.01309e-05 -0.00079765 -1 1.55684e-06 -3.96476 -1 0.00079765 -1.38901e-06 -117.361 0 0 0 1 
				10
				1.38777e-06 -1.55795e-06 -1 5.01309e-05 -0.00079765 -1 1.55684e-06 -3.96476 -1 0.00079765 -1.38901e-06 -117.361 0 0 0 1 
				11
				1.38777e-06 -1.55795e-06 -1 5.01309e-05 -0.00079765 -1 1.55684e-06 -3.96476 -1 0.00079765 -1.38901e-06 -117.361 0 0 0 1 
				12
				1.38777e-06 -1.55795e-06 -1 5.01309e-05 -0.00079765 -1 1.55684e-06 -3.96476 -1 0.00079765 -1.38901e-06 -117.361 0 0 0 1 
				13
				1.38777e-06 -1.55795e-06 -1 5.01309e-05 -0.00079765 -1 1.55684e-06 -3.96476 -1 0.00079765 -1.38901e-06 -117.361 0 0 0 1 
				14
				1.38777e-06 -1.55795e-06 -1 5.01309e-05 -0.00079765 -1 1.55684e-06 -3.96476 -1 0.00079765 -1.38901e-06 -117.361 0 0 0 1 
				15
				1.38777e-06 -1.55795e-06 -1 5.01309e-05 -0.00079765 -1 1.55684e-06 -3.96476 -1 0.00079765 -1.38901e-06 -117.361 0 0 0 1 
				16
				1.38777e-06 -1.55795e-06 -1 5.01309e-05 -0.00079765 -1 1.55684e-06 -3.96476 -1 0.00079765 -1.38901e-06 -117.361 0 0 0 1 
				17
				1.38777e-06 -1.55795e-06 -1 5.01309e-05 -0.00079765 -1 1.55684e-06 -3.96476 -1 0.00079765 -1.38901e-06 -117.361 0 0 0 1 
				18
				1.38777e-06 -1.55795e-06 -1 5.01309e-05 -0.00079765 -1 1.55684e-06 -3.96476 -1 0.00079765 -1.38901e-06 -117.361 0 0 0 1 
				19
				1.38777e-06 -1.55795e-06 -1 5.01309e-05 -0.00079765 -1 1.55684e-06 -3.96476 -1 0.00079765 -1.38901e-06 -117.361 0 0 0 1 
				20
				1.37499e-06 -1.74192e-05 -1 5.04645e-05 -0.00079765 -1 1.74181e-05 -3.96403 -1 0.00079765 -1.38889e-06 -117.36 0 0 0 1 
				21
				1.34396e-06 -5.59401e-05 -1 5.12744e-05 -0.00079765 -1 5.59391e-05 -3.96226 -1 0.00079765 -1.38858e-06 -117.357 0 0 0 1 
				22
				1.30548e-06 -0.000103702 -1 5.22792e-05 -0.00079765 -1 0.000103701 -3.96008 -1 0.00079765 -1.3882e-06 -117.353 0 0 0 1 
				23
				1.27059e-06 -0.000147021 -1 5.31901e-05 -0.000797651 -1 0.00014702 -3.95811 -1 0.000797651 -1.38786e-06 -117.35 0 0 0 1 
				24
				1.25058e-06 -0.000171857 -1 5.37122e-05 -0.000797651 -1 0.000171856 -3.95698 -1 0.000797651 -1.38766e-06 -117.348 0 0 0 1 
				25
				1.25591e-06 -0.000165237 -1 5.35725e-05 -0.000797651 -1 0.000165236 -3.95728 -1 0.000797651 -1.38771e-06 -117.349 0 0 0 1 
				26
				1.29804e-06 -0.000112944 -1 5.24733e-05 -0.000797651 -1 0.000112943 -3.95966 -1 0.000797651 -1.38813e-06 -117.353 0 0 0 1 
				27
				1.38777e-06 -1.55795e-06 -1 5.01309e-05 -0.00079765 -1 1.55684e-06 -3.96476 -1 0.00079765 -1.38901e-06 -117.361 0 0 0 1 
				28
				1.94926e-06 0.000695447 -1 3.5474e-05 -0.000797642 -0.999999 -0.000695449 -3.9966 -1 0.000797644 -1.39454e-06 -117.415 0 0 0 1 
				29
				2.93845e-06 0.00192349 -0.999998 9.63969e-06 -0.000797629 -0.999998 -0.00192349 -4.05268 -1 0.000797633 -1.40421e-06 -117.51 0 0 0 1 
				30
				4.1254e-06 0.0033972 -0.999994 -2.13628e-05 -0.000797611 -0.999994 -0.0033972 -4.12001 -1 0.000797621 -1.41573e-06 -117.624 0 0 0 1 
				31
				4.94603e-06 0.0044162 -0.99999 -4.27639e-05 -0.000797598 -0.99999 -0.00441621 -4.16655 -1 0.000797612 -1.42362e-06 -117.703 0 0 0 1 
				32
				5.32109e-06 0.00488195 -0.999988 -5.26043e-05 -0.000797592 -0.999988 -0.00488195 -4.18783 -1 0.000797609 -1.42722e-06 -117.739 0 0 0 1 
				33
				5.67743e-06 0.00532448 -0.999986 -6.1909e-05 -0.000797586 -0.999986 -0.00532449 -4.20804 -1 0.000797605 -1.43062e-06 -117.773 0 0 0 1 
				34
				5.98609e-06 0.00570781 -0.999984 -6.99494e-05 -0.00079758 -0.999983 -0.00570782 -4.22555 -1 0.000797601 -1.43356e-06 -117.803 0 0 0 1 
				35
				6.21823e-06 0.00599611 -0.999982 -7.60413e-05 -0.000797576 -0.999982 -0.00599612 -4.23871 -1 0.000797599 -1.43576e-06 -117.825 0 0 0 1 
				36
				6.34538e-06 0.00615402 -0.999981 -7.93645e-05 -0.000797573 -0.999981 -0.00615403 -4.24593 -1 0.000797597 -1.43697e-06 -117.837 0 0 0 1 
				37
				6.33998e-06 0.00614733 -0.999981 -7.92151e-05 -0.000797574 -0.999981 -0.00614733 -4.24562 -1 0.000797597 -1.43691e-06 -117.837 0 0 0 1 
				38
				6.12097e-06 0.00587532 -0.999983 -7.34893e-05 -0.000797578 -0.999982 -0.00587532 -4.23321 -1 0.0007976 -1.43484e-06 -117.816 0 0 0 1 
				39
				6.5491e-06 0.00640705 -0.999979 -8.47372e-05 -0.00079757 -0.999979 -0.00640706 -4.25748 -1 0.000797595 -1.43889e-06 -117.857 0 0 0 1 
				40
				7.99334e-06 0.00820093 -0.999966 -0.00012244 -0.000797541 -0.999966 -0.00820094 -4.33943 -1 0.00079758 -1.45249e-06 -117.995 0 0 0 1 
				41
				8.82255e-06 0.0092309 -0.999957 -0.000144122 -0.000797528 -0.999957 -0.0092309 -4.38648 -1 0.000797575 -1.46028e-06 -118.075 0 0 0 1 
				42
				7.22586e-06 0.007247 -0.999974 -0.000102366 -0.000797573 -0.999974 -0.007247 -4.29585 -1 0.000797605 -1.44566e-06 -117.922 0 0 0 1 
				43
				1.38777e-06 -1.55795e-06 -1 5.01309e-05 -0.000797649 -1 1.55684e-06 -3.96476 -1 0.000797649 -1.38901e-06 -117.361 0 0 0 1 
				44
				-1.10744e-05 -0.0154652 -0.99988 0.000375022 -0.000797634 -0.99988 0.0154652 -3.25839 -1 0.00079771 -1.26252e-06 -116.166 0 0 0 1 
				45
				-2.92671e-05 -0.0380094 -0.999277 0.000847679 -0.00079734 -0.999277 0.0380094 -2.22829 -1 0.000797876 -1.06047e-06 -114.422 0 0 0 1 
				46
				-4.97383e-05 -0.0633365 -0.997992 0.00137777 -0.000796474 -0.997992 0.0633366 -1.06993 -1 0.000798026 -8.0746e-07 -112.462 0 0 0 1 
				47
				-6.90265e-05 -0.0871571 -0.996195 0.0018756 -0.000795174 -0.996194 0.0871571 0.0212125 -1 0.000798165 -5.41232e-07 -110.615 0 0 0 1 
		</Joint>
			4
				-1
				-6.90265e-05 -0.0871571 -0.996195 0.000445946 -0.000795174 -0.996194 0.0871571 0.0047053 -1 0.000798165 -5.4124e-07 -137.447 0 0 0 1 
				0
				-4.99684e-05 -0.0636194 -0.997974 0.000351244 -0.000796468 -0.997974 0.0636195 -1.07351 -1 0.000798034 -8.03667e-07 -139.272 0 0 0 1 
				1
				-2.98882e-05 -0.0387768 -0.999248 0.000249774 -0.000797329 -0.999248 0.0387768 -2.20975 -1 0.000797888 -1.05213e-06 -141.195 0 0 0 1 
				2
				-1.17759e-05 -0.0163342 -0.999867 0.000156476 -0.000797637 -0.999866 0.0163342 -3.23526 -1 0.000797723 -1.25443e-06 -142.931 0 0 0 1 
				3
				1.38777e-06 -1.55795e-06 -1 8.73623e-05 -0.00079765 -1 1.55684e-06 -3.98131 -1 0.00079765 -1.38901e-06 -144.194 0 0 0 1 
				4
				6.04774e-06 0.00578393 -0.999983 6.2657e-05 -0.000797596 -0.999983 -0.00578394 -4.24558 -1 0.000797618 -1.43439e-06 -144.641 0 0 0 1 
				5
				4.13343e-06 0.00340728 -0.999994 7.28112e-05 -0.0007976 -0.999994 -0.00340729 -4.13701 -1 0.000797609 -1.41576e-06 -144.457 0 0 0 1 
				6
				1.62805e-06 0.00029672 -1 8.60913e-05 -0.000797646 -1 -0.000296721 -3.99493 -1 0.000797646 -1.39137e-06 -144.217 0 0 0 1 
				7
				1.38777e-06 -1.55795e-06 -1 8.73623e-05 -0.00079765 -1 1.55684e-06 -3.98131 -1 0.00079765 -1.38901e-06 -144.194 0 0 0 1 
				8
				1.38777e-06 -1.55795e-06 -1 8.73623e-05 -0.00079765 -1 1.55684e-06 -3.98131 -1 0.00079765 -1.38901e-06 -144.194 0 0 0 1 
				9
				1.38777e-06 -1.55795e-06 -1 8.73623e-05 -0.00079765 -1 1.55684e-06 -3.98131 -1 0.00079765 -1.38901e-06 -144.194 0 0 0 1 
				10
				1.38777e-06 -1.55795e-06 -1 8.73623e-05 -0.00079765 -1 1.55684e-06 -3.98131 -1 0.00079765 -1.38901e-06 -144.194 0 0 0 1 
				11
				1.38777e-06 -1.55795e-06 -1 8.73623e-05 -0.00079765 -1 1.55684e-06 -3.98131 -1 0.00079765 -1.38901e-06 -144.194 0 0 0 1 
				12
				1.38777e-06 -1.55795e-06 -1 8.73623e-05 -0.00079765 -1 1.55684e-06 -3.98131 -1 0.00079765 -1.38901e-06 -144.194 0 0 0 1 
				13
				1.38777e-06 -1.55795e-06 -1 8.73623e-05 -0.00079765 -1 1.55684e-06 -3.98131 -1 0.00079765 -1.38901e-06 -144.194 0 0 0 1 
				14
				1.38777e-06 -1.55795e-06 -1 8.73623e-05 -0.00079765 -1 1.55684e-06 -3.98131 -1 0.00079765 -1.38901e-06 -144.194 0 0 0 1 
				15
				1.38777e-06 -1.55795e-06 -1 8.73623e-05 -0.00079765 -1 1.55684e-06 -3.98131 -1 0.00079765 -1.38901e-06 -144.194 0 0 0 1 
				16
				1.38777e-06 -1.55795e-06 -1 8.73623e-05 -0.00079765 -1 1.55684e-06 -3.98131 -1 0.00079765 -1.38901e-06 -144.194 0 0 0 1 
				17
				1.38777e-06 -1.55795e-06 -1 8.73623e-05 -0.00079765 -1 1.55684e-06 -3.98131 -1 0.00079765 -1.38901e-06 -144.194 0 0 0 1 
				18
				1.38777e-06 -1.55795e-06 -1 8.73623e-05 -0.00079765 -1 1.55684e-06 -3.98131 -1 0.00079765 -1.38901e-06 -144.194 0 0 0 1 
				19
				1.38777e-06 -1.55795e-06 -1 8.73623e-05 -0.00079765 -1 1.55684e-06 -3.98131 -1 0.00079765 -1.38901e-06 -144.194 0 0 0 1 
				20
				1.37499e-06 -1.74192e-05 -1 8.74299e-05 -0.00079765 -1 1.74181e-05 -3.98059 -1 0.00079765 -1.38889e-06 -144.192 0 0 0 1 
				21
				1.34396e-06 -5.59401e-05 -1 8.75939e-05 -0.00079765 -1 5.59391e-05 -3.97882 -1 0.00079765 -1.38858e-06 -144.189 0 0 0 1 
				22
				1.30548e-06 -0.000103702 -1 8.77977e-05 -0.00079765 -1 0.000103701 -3.97663 -1 0.00079765 -1.3882e-06 -144.186 0 0 0 1 
				23
				1.27059e-06 -0.000147021 -1 8.79822e-05 -0.000797651 -1 0.00014702 -3.97467 -1 0.000797651 -1.38786e-06 -144.182 0 0 0 1 
				24
				1.25058e-06 -0.000171857 -1 8.80878e-05 -0.000797651 -1 0.000171856 -3.97353 -1 0.000797651 -1.38766e-06 -144.18 0 0 0 1 
				25
				1.25591e-06 -0.000165237 -1 8.80592e-05 -0.000797651 -1 0.000165236 -3.97384 -1 0.000797651 -1.38771e-06 -144.181 0 0 0 1 
				26
				1.29804e-06 -0.000112944 -1 8.78369e-05 -0.000797651 -1 0.000112943 -3.97622 -1 0.000797651 -1.38813e-06 -144.185 0 0 0 1 
				27
				1.38777e-06 -1.55795e-06 -1 8.73623e-05 -0.00079765 -1 1.55684e-06 -3.98131 -1 0.00079765 -1.38901e-06 -144.194 0 0 0 1 
				28
				1.94926e-06 0.000695447 -1 8.43926e-05 -0.000797642 -0.999999 -0.000695449 -4.01315 -1 0.000797643 -1.39454e-06 -144.247 0 0 0 1 
				29
				2.93845e-06 0.00192349 -0.999998 7.91472e-05 -0.000797629 -0.999998 -0.00192349 -4.06924 -1 0.000797633 -1.40421e-06 -144.342 0 0 0 1 
				30
				4.1254e-06 0.0033972 -0.999994 7.28498e-05 -0.000797611 -0.999994 -0.0033972 -4.13656 -1 0.000797621 -1.41573e-06 -144.456 0 0 0 1 
				31
				4.94603e-06 0.0044162 -0.99999 6.85293e-05 -0.000797598 -0.99999 -0.00441621 -4.1831 -1 0.000797612 -1.42362e-06 -144.535 0 0 0 1 
				32
				5.32109e-06 0.00488195 -0.999988 6.64944e-05 -0.000797592 -0.999988 -0.00488195 -4.20438 -1 0.000797609 -1.42722e-06 -144.571 0 0 0 1 
				33
				5.67743e-06 0.00532448 -0.999986 6.46029e-05 -0.000797586 -0.999986 -0.00532449 -4.2246 -1 0.000797605 -1.43062e-06 -144.605 0 0 0 1 
				34
				5.98609e-06 0.00570781 -0.999984 6.29869e-05 -0.00079758 -0.999983 -0.00570782 -4.24211 -1 0.000797601 -1.43356e-06 -144.635 0 0 0 1 
				35
				6.21823e-06 0.00599611 -0.999982 6.17284e-05 -0.000797576 -0.999982 -0.00599612 -4.25526 -1 0.000797599 -1.43576e-06 -144.657 0 0 0 1 
				36
				6.34538e-06 0.00615402 -0.999981 6.10506e-05 -0.000797573 -0.999981 -0.00615403 -4.26248 -1 0.000797597 -1.43697e-06 -144.669 0 0 0 1 
				37
				6.33998e-06 0.00614733 -0.999981 6.10925e-05 -0.000797574 -0.999981 -0.00614733 -4.26217 -1 0.000797597 -1.43691e-06 -144.669 0 0 0 1 
				38
				6.12097e-06 0.00587532 -0.999983 6.22565e-05 -0.000797578 -0.999982 -0.00587532 -4.24976 -1 0.0007976 -1.43484e-06 -144.648 0 0 0 1 
				39
				6.5491e-06 0.00640705 -0.999979 5.99228e-05 -0.000797569 -0.999979 -0.00640706 -4.27404 -1 0.000797595 -1.43889e-06 -144.689 0 0 0 1 
				40
				7.99334e-06 0.00820093 -0.999966 5.22682e-05 -0.000797541 -0.999966 -0.00820094 -4.35598 -1 0.00079758 -1.45249e-06 -144.828 0 0 0 1 
				41
				8.82255e-06 0.0092309 -0.999957 4.78501e-05 -0.000797528 -0.999957 -0.0092309 -4.40303 -1 0.000797575 -1.46028e-06 -144.907 0 0 0 1 
				42
				7.22586e-06 0.007247 -0.999974 5.63778e-05 -0.000797573 -0.999974 -0.007247 -4.31241 -1 0.000797605 -1.44566e-06 -144.754 0 0 0 1 
				43
				1.38777e-06 -1.55795e-06 -1 8.73622e-05 -0.000797649 -1 1.55684e-06 -3.98131 -1 0.000797649 -1.38901e-06 -144.194 0 0 0 1 
				44
				-1.10744e-05 -0.0154652 -0.99988 0.000152824 -0.000797634 -0.99988 0.0154652 -3.27495 -1 0.00079771 -1.26252e-06 -142.998 0 0 0 1 
				45
				-2.92671e-05 -0.0380094 -0.999277 0.000246617 -0.00079734 -0.999277 0.0380094 -2.24484 -1 0.000797876 -1.06047e-06 -141.255 0 0 0 1 
				46
				-4.97383e-05 -0.0633365 -0.997992 0.00035019 -0.000796474 -0.997992 0.0633366 -1.08646 -1 0.000798025 -8.07459e-07 -139.294 0 0 0 1 
				47
				-6.90265e-05 -0.0871571 -0.996195 0.000445946 -0.000795174 -0.996194 0.0871571 0.0047053 -1 0.000798165 -5.4124e-07 -137.447 0 0 0 1 
		</Joint>
			5
				-1
				0.996195 0.0871571 2.4103e-06 2.8817 -0.0871571 0.996195 1.67575e-06 -0.252233 -2.25508e-06 -1.87944e-06 1 -137.447 0 0 0 1 
				0
				0.997974 0.0636195 2.09985e-06 2.88686 -0.0636195 0.997974 1.61807e-06 -1.26237 -1.99265e-06 -1.74838e-06 1 -139.272 0 0 0 1 
				1
				0.999248 0.0387768 1.80505e-06 2.89056 -0.0387768 0.999248 1.53445e-06 -2.32675 -1.74419e-06 -1.60329e-06 1 -141.195 0 0 0 1 
				2
				0.999867 0.0163342 1.56516e-06 2.89237 -0.0163342 0.999867 1.41213e-06 -3.28735 -1.54188e-06 -1.43751e-06 1 -142.931 0 0 0 1 
				3
				1 1.55907e-06 1.40731e-06 2.89277 -1.55907e-06 1 1.36447e-06 -3.98616 -1.40731e-06 -1.36447e-06 1 -144.194 0 0 0 1 
				4
				0.999983 -0.00578393 1.35419e-06 2.89272 0.00578393 0.999983 1.34077e-06 -4.23368 -1.36193e-06 -1.33291e-06 1 -144.641 0 0 0 1 
				5
				0.999994 -0.00340728 1.37604e-06 2.89275 0.00340728 0.999994 1.32893e-06 -4.132 -1.38056e-06 -1.32423e-06 1 -144.457 0 0 0 1 
				6
				1 -0.000296719 1.40454e-06 2.89277 0.000296719 1 1.36161e-06 -3.99892 -1.40495e-06 -1.3612e-06 1 -144.217 0 0 0 1 
				7
				1 1.55907e-06 1.40731e-06 2.89277 -1.55907e-06 1 1.36447e-06 -3.98616 -1.40731e-06 -1.36447e-06 1 -144.194 0 0 0 1 
				8
				1 1.55907e-06 1.40731e-06 2.89277 -1.55907e-06 1 1.36447e-06 -3.98616 -1.40731e-06 -1.36447e-06 1 -144.194 0 0 0 1 
				9
				1 1.55907e-06 1.40731e-06 2.89277 -1.55907e-06 1 1.36447e-06 -3.98616 -1.40731e-06 -1.36447e-06 1 -144.194 0 0 0 1 
				10
				1 1.55907e-06 1.40731e-06 2.89277 -1.55907e-06 1 1.36447e-06 -3.98616 -1.40731e-06 -1.36447e-06 1 -144.194 0 0 0 1 
				11
				1 1.55907e-06 1.40731e-06 2.89277 -1.55907e-06 1 1.36447e-06 -3.98616 -1.40731e-06 -1.36447e-06 1 -144.194 0 0 0 1 
				12
				1 1.55907e-06 1.40731e-06 2.89277 -1.55907e-06 1 1.36447e-06 -3.98616 -1.40731e-06 -1.36447e-06 1 -144.194 0 0 0 1 
				13
				1 1.55907e-06 1.40731e-06 2.89277 -1.55907e-06 1 1.36447e-06 -3.98616 -1.40731e-06 -1.36447e-06 1 -144.194 0 0 0 1 
				14
				1 1.55907e-06 1.40731e-06 2.89277 -1.55907e-06 1 1.36447e-06 -3.98616 -1.40731e-06 -1.36447e-06 1 -144.194 0 0 0 1 
				15
				1 1.55907e-06 1.40731e-06 2.89277 -1.55907e-06 1 1.36447e-06 -3.98616 -1.40731e-06 -1.36447e-06 1 -144.194 0 0 0 1 
				16
				1 1.55907e-06 1.40731e-06 2.89277 -1.55907e-06 1 1.36447e-06 -3.98616 -1.40731e-06 -1.36447e-06 1 -144.194 0 0 0 1 
				17
				1 1.55907e-06 1.40731e-06 2.89277 -1.55907e-06 1 1.36447e-06 -3.98616 -1.40731e-06 -1.36447e-06 1 -144.194 0 0 0 1 
				18
				1 1.55907e-06 1.40731e-06 2.89277 -1.55907e-06 1 1.36447e-06 -3.98616 -1.40731e-06 -1.36447e-06 1 -144.194 0 0 0 1 
				19
				1 1.55907e-06 1.40731e-06 2.89277 -1.55907e-06 1 1.36447e-06 -3.98616 -1.40731e-06 -1.36447e-06 1 -144.194 0 0 0 1 
				20
				1 1.74204e-05 1.40746e-06 2.89277 -1.74204e-05 1 1.3646e-06 -3.98548 -1.40743e-06 -1.36462e-06 1 -144.192 0 0 0 1 
				21
				1 5.59413e-05 1.40782e-06 2.89277 -5.59413e-05 1 1.36491e-06 -3.98382 -1.40774e-06 -1.36499e-06 1 -144.189 0 0 0 1 
				22
				1 0.000103703 1.40826e-06 2.89277 -0.000103703 1 1.36517e-06 -3.98177 -1.40812e-06 -1.36531e-06 1 -144.186 0 0 0 1 
				23
				1 0.000147022 1.40866e-06 2.89277 -0.000147022 1 1.36539e-06 -3.97993 -1.40846e-06 -1.3656e-06 1 -144.182 0 0 0 1 
				24
				1 0.000171858 1.40889e-06 2.89277 -0.000171858 1 1.36585e-06 -3.97887 -1.40866e-06 -1.3661e-06 1 -144.18 0 0 0 1 
				25
				1 0.000165239 1.40883e-06 2.89277 -0.000165239 1 1.36564e-06 -3.97915 -1.40861e-06 -1.36587e-06 1 -144.181 0 0 0 1 
				26
				1 0.000112945 1.40835e-06 2.89277 -0.000112945 1 1.36518e-06 -3.98139 -1.40819e-06 -1.36534e-06 1 -144.185 0 0 0 1 
				27
				1 1.55907e-06 1.40731e-06 2.89277 -1.55907e-06 1 1.36447e-06 -3.98616 -1.40731e-06 -1.36447e-06 1 -144.194 0 0 0 1 
				28
				1 -0.000695446 1.40083e-06 2.89276 0.000695446 1 1.35943e-06 -4.01598 -1.40178e-06 -1.35845e-06 1 -144.247 0 0 0 1 
				29
				0.999998 -0.00192349 1.38951e-06 2.89276 0.00192349 0.999998 1.35089e-06 -4.06851 -1.3921e-06 -1.34821e-06 1 -144.342 0 0 0 1 
				30
				0.999994 -0.0033972 1.37605e-06 2.89275 0.0033972 0.999994 1.34018e-06 -4.13158 -1.38059e-06 -1.33549e-06 1 -144.456 0 0 0 1 
				31
				0.99999 -0.0044162 1.36682e-06 2.89274 0.0044162 0.99999 1.33332e-06 -4.17517 -1.37269e-06 -1.32727e-06 1 -144.535 0 0 0 1 
				32
				0.999988 -0.00488195 1.36262e-06 2.89273 0.00488195 0.999988 1.33021e-06 -4.1951 -1.3691e-06 -1.32354e-06 1 -144.571 0 0 0 1 
				33
				0.999986 -0.00532448 1.35866e-06 2.89273 0.00532448 0.999986 1.32679e-06 -4.21403 -1.3657e-06 -1.31954e-06 1 -144.605 0 0 0 1 
				34
				0.999984 -0.00570781 1.35523e-06 2.89272 0.00570781 0.999984 1.3239e-06 -4.23043 -1.36276e-06 -1.31615e-06 1 -144.635 0 0 0 1 
				35
				0.999982 -0.00599611 1.35266e-06 2.89272 0.00599611 0.999982 1.32185e-06 -4.24276 -1.36056e-06 -1.31371e-06 1 -144.657 0 0 0 1 
				36
				0.999981 -0.00615402 1.35125e-06 2.89271 0.00615402 0.999981 1.32047e-06 -4.24952 -1.35935e-06 -1.31213e-06 1 -144.669 0 0 0 1 
				37
				0.999981 -0.00614733 1.35131e-06 2.89271 0.00614733 0.999981 1.32059e-06 -4.24923 -1.3594e-06 -1.31225e-06 1 -144.669 0 0 0 1 
				38
				0.999983 -0.00587532 1.35373e-06 2.89272 0.00587532 0.999983 1.32289e-06 -4.2376 -1.36148e-06 -1.31491e-06 1 -144.648 0 0 0 1 
				39
				0.999979 -0.00640705 1.349e-06 2.89271 0.00640705 0.999979 1.31861e-06 -4.26034 -1.35742e-06 -1.30994e-06 1 -144.689 0 0 0 1 
				40
				0.999967 -0.00820093 1.33317e-06 2.89267 0.00820093 0.999966 1.30543e-06 -4.3371 -1.34383e-06 -1.29445e-06 1 -144.828 0 0 0 1 
				41
				0.999957 -0.0092309 1.32407e-06 2.89265 0.00923089 0.999957 1.30202e-06 -4.38117 -1.33604e-06 -1.28974e-06 1 -144.907 0 0 0 1 
				42
