<?xml version='1.0' encoding='UTF-8' ?>
<itpanim>
	<skeleton count>
		25
			0 -1
			1.37091e-06 -1 -6.12323e-17 1.44898e-05 1 1.37091e-06 -6.12323e-17 -1.98691e-11 6.12323e-17 -6.12323e-17 1 80.8015 0 0 0 1 
			1 0
			1.3868e-06 4.78456e-08 -1 -80.8015 2.75771e-06 -1 -4.78418e-08 1.44901e-05 -1 -2.75771e-06 -1.3868e-06 -0.000112056 0 0 0 1 
			2 1
			1.40269e-06 -0.000796318 -1 -90.1364 0 -1 0.000796318 0.0931538 -1 -1.11699e-09 -1.40269e-06 -2.58351e-07 0 0 0 1 
			3 2
			1.40269e-06 -0.000796318 -1 -116.969 0 -1 0.000796318 0.11452 -1 -1.11699e-09 -1.40269e-06 -3.17612e-07 0 0 0 1 
			4 3
			1.40269e-06 -0.000796318 -1 -143.801 0 -1 0.000796318 0.119367 -1 -1.11699e-09 -1.40269e-06 -3.31058e-07 0 0 0 1 
			5 4
			1 1.37091e-06 4.37113e-08 -2.89267 -1.37091e-06 1 3.58059e-15 -8.20407e-06 -4.37113e-08 -6.35048e-14 1 143.801 0 0 0 1 
			6 5
			0.995014 0.0902305 0.042489 -10.1726 -0.0897157 0.995871 -0.0138741 -0.527027 -0.0435655 0.00999304 0.999001 144.37 0 0 0 1 
			7 6
			0.994845 -0.0912189 0.0442967 -37.2146 0.0915704 0.995781 -0.00596753 -7.37347 -0.0435655 0.00999304 0.999001 144.37 0 0 0 1 
			8 7
			0.994845 -0.0912189 0.0442967 -64.9763 -0.0434925 0.0107859 0.998995 144.365 -0.091605 -0.995772 0.00676301 7.48842 0 0 0 1 
			9 4
			-1 -1.37091e-06 4.37114e-08 -2.89267 -1.37091e-06 1 3.84662e-15 -8.20407e-06 -4.37115e-08 -5.60777e-14 -1 -143.801 0 0 0 1 
			10 9
			-0.995014 0.0902277 0.042489 -10.1726 0.089713 0.995871 -0.0138741 -0.527027 -0.0435654 -0.00999316 -0.999001 -144.37 0 0 0 1 
			11 10
			-0.994845 -0.0912216 0.0442967 -37.2146 -0.0915731 0.99578 -0.00596753 -7.37347 -0.0435654 -0.00999316 -0.999001 -144.37 0 0 0 1 
			12 11
			-0.994845 -0.0912216 0.0442967 -64.9763 0.0434925 0.0107861 0.998995 144.365 -0.0916078 0.995772 -0.00676301 -7.48842 0 0 0 1 
			13 4
			1.34309e-06 -5.95475e-08 -1 -149.889 -1.40269e-06 -1 5.95456e-08 7.93768e-06 -1 1.40269e-06 -1.34309e-06 -0.000201315 0 0 0 1 
			14 13
			1 -0 0 0 0 1 0 0 -0 -0 1 -0 0 0 0 1 
			15 2
			1.37369e-06 -0.0998334 0.995004 80.3979 0 -0.995004 -0.0998334 -8.06668 1 1.3714e-07 -1.36683e-06 -8.2648 0 0 0 1 
			16 15
			1.37369e-06 0.0998334 0.995004 45.0607 0 -0.995004 0.0998334 0.903508 1 -1.3714e-07 -1.36683e-06 -8.2648 0 0 0 1 
			17 16
			1.3716e-06 -6.00745e-14 1 9.05003 0 -1 -6.00745e-14 1.19116e-05 1 8.23984e-20 -1.3716e-06 -8.2648 0 0 0 1 
			18 17
			1.3723e-06 -1 -6.00133e-14 -12.2319 0 6.00133e-14 -1 -0.75718 1 1.3723e-06 8.23562e-20 -8.2648 0 0 0 1 
			19 18
			1 -0 0 0 0 1 0 0 -0 -0 1 -0 0 0 0 1 
			20 2
			1.37369e-06 -0.0998334 0.995004 80.3979 0 -0.995004 -0.0998334 -8.06668 1 1.3714e-07 -1.36683e-06 8.26481 0 0 0 1 
			21 20
			1.37369e-06 0.0998334 0.995004 45.0607 0 -0.995004 0.0998334 0.903507 1 -1.3714e-07 -1.36683e-06 8.26481 0 0 0 1 
			22 21
			1.3716e-06 -6.00745e-14 1 9.05003 0 -1 -6.00745e-14 1.19116e-05 1 8.23984e-20 -1.3716e-06 8.26481 0 0 0 1 
			23 22
			1.3723e-06 -1 5.98908e-14 -12.2319 0 -5.98908e-14 -1 -0.75718 1 1.3723e-06 -8.21882e-20 8.26481 0 0 0 1 
			24 23
			1 -0 0 0 0 1 0 0 -0 -0 1 -0 0 0 0 1 
	</skeleton>
		<animations>
			33
			0
				-1
				-0.573575 0.819153 -2.02144e-33 0 -0.819153 -0.573575 -1.36318e-32 8.9233e-07 -1.2326e-32 -6.16298e-33 1 -74.818 0 0 0 1 
				0
				-0.573575 0.819153 -2.02144e-33 0.255285 -0.819153 -0.573575 -1.36318e-32 -4.38725 -1.2326e-32 -6.16298e-33 1 -71.0418 0 0 0 1 
				1
				-0.573575 0.819153 -2.02144e-33 0.688556 -0.819153 -0.573575 -1.36318e-32 -9.41065 -1.2326e-32 -6.16298e-33 1 -66.767 0 0 0 1 
				2
				-0.573575 0.819153 -2.02144e-33 0.78216 -0.819153 -0.573575 -1.36318e-32 -13.22 -1.2326e-32 -6.16298e-33 1 -63.4437 0 0 0 1 
				3
				-0.573575 0.819153 -2.02144e-33 0.0184416 -0.819153 -0.573575 -1.36318e-32 -13.9651 -1.2326e-32 -6.16298e-33 1 -62.5217 0 0 0 1 
				4
				-0.573576 0.819152 -1.14587e-08 -1.70248 -0.819136 -0.573565 -0.00631946 -11.3381 -0.00517661 -0.00362468 0.99998 -64.0795 0 0 0 1 
				5
				-0.573577 0.819152 -2.68145e-08 -4.00268 -0.818957 -0.57344 -0.0218149 -6.71195 -0.0178697 -0.0125125 0.999762 -66.9677 0 0 0 1 
				6
				-0.573577 0.819152 -8.91172e-10 -6.63493 -0.818465 -0.573096 -0.0409384 -0.927232 -0.0335347 -0.0234813 0.999162 -70.6702 0 0 0 1 
				7
				-0.573575 0.819153 -3.9601e-09 -9.35202 -0.817767 -0.572605 -0.0581448 5.1755 -0.0476295 -0.0333504 0.998308 -74.6709 0 0 0 1 
				8
				-0.573574 0.819154 -7.18465e-08 -11.9145 -0.817253 -0.572243 -0.0680805 10.7822 -0.0557685 -0.0390492 0.99768 -78.4701 0 0 0 1 
				9
				-0.573571 0.819156 -8.23179e-08 -14.0829 -0.817402 -0.572343 -0.065403 15.0787 -0.0535753 -0.0375132 0.997859 -81.5681 0 0 0 1 
				10
				-0.573564 0.819161 4.06385e-07 -15.6101 -0.818347 -0.572994 -0.0445711 17.2245 -0.0365106 -0.0255647 0.999006 -83.4488 0 0 0 1 
				11
				-0.573575 0.819153 -2.02144e-33 -16.2487 -0.819153 -0.573575 -1.36318e-32 16.379 -1.2326e-32 -6.16298e-33 1 -83.5962 0 0 0 1 
				12
				-0.573765 0.81902 -4.44478e-07 -14.3845 -0.812883 -0.569466 0.122189 7.01531 0.100075 0.0701082 0.992507 -79.1497 0 0 0 1 
				13
				-0.573796 0.818998 -2.74027e-05 -9.87762 -0.77529 -0.543163 0.322334 -11.2739 0.263976 0.184975 0.946626 -69.9043 0 0 0 1 
				14
				-0.573848 0.818962 -7.20381e-05 -4.841 -0.700611 -0.490873 0.517869 -31.1337 0.424079 0.297228 0.85546 -59.5949 0 0 0 1 
				15
				-0.573575 0.819153 -5.3711e-08 -1.38775 -0.627508 -0.439384 0.642788 -45.2089 0.526541 0.368687 0.766044 -51.9566 0 0 0 1 
				16
				-0.573511 0.819198 1.39503e-05 -0.077635 -0.587871 -0.411574 0.69643 -51.6426 0.57052 0.399402 0.717624 -47.8026 0 0 0 1 
				17
				-0.573555 0.819167 4.82695e-06 0.188879 -0.571289 -0.400003 0.716677 -54.2354 0.587081 0.411051 0.697405 -45.2404 0 0 0 1 
				18
				-0.573574 0.819154 1.46793e-07 -0.0450028 -0.569159 -0.398527 0.71919 -54.6894 0.589127 0.412509 0.694814 -43.6739 0 0 0 1 
				19
				-0.573575 0.819153 -3.05466e-09 -0.236072 -0.570743 -0.399637 0.717316 -54.7063 0.587592 0.411435 0.696748 -42.5067 0 0 0 1 
				20
				-0.573575 0.819154 1.96067e-07 -0.417924 -0.572771 -0.401057 0.714904 -54.6726 0.585616 0.41005 0.699223 -41.3914 0 0 0 1 
				21
				-0.573566 0.819159 1.75999e-06 -0.821749 -0.580987 -0.406802 0.704959 -53.7215 0.577474 0.40434 0.709248 -40.6932 0 0 0 1 
				22
				-0.573553 0.819169 4.82729e-06 -1.22065 -0.598494 -0.419048 0.682791 -51.5483 0.559323 0.391614 0.730613 -40.9567 0 0 0 1 
				23
				-0.573575 0.819153 8.27426e-10 -1.38775 -0.627508 -0.439384 0.642788 -47.8481 0.526541 0.368687 0.766045 -42.7262 0 0 0 1 
				24
				-0.573583 0.819147 -1.06669e-06 -1.33215 -0.663503 -0.464597 0.586441 -42.957 0.480381 0.336374 0.809992 -45.7269 0 0 0 1 
				25
				-0.573579 0.81915 -2.34047e-06 -1.21384 -0.699721 -0.489952 0.51994 -37.486 0.425907 0.298228 0.854203 -49.2654 0 0 0 1 
				26
				-0.573576 0.819152 -4.41187e-06 -1.04746 -0.733836 -0.513835 0.444364 -31.5706 0.363999 0.25488 0.895846 -53.2161 0 0 0 1 
				27
				-0.573575 0.819153 6.94704e-10 -0.847672 -0.763816 -0.534828 0.361308 -25.3462 0.295967 0.207237 0.932446 -57.4532 0 0 0 1 
				28
				-0.573575 0.819153 4.98881e-06 -0.628661 -0.788083 -0.551821 0.272799 -18.944 0.223467 0.156467 0.962071 -61.8553 0 0 0 1 
				29
				-0.573577 0.819152 3.95131e-07 -0.404612 -0.805584 -0.564077 0.181252 -12.4953 0.148473 0.103962 0.983437 -66.3005 0 0 0 1 
				30
				-0.573579 0.81915 -4.41064e-06 -0.190175 -0.815871 -0.571283 0.0893864 -6.13548 0.0732184 0.0512738 0.995997 -70.6633 0 0 0 1 
				31
				-0.573575 0.819153 -2.02144e-33 0 -0.819153 -0.573575 -1.36318e-32 8.9233e-07 -1.2326e-32 -6.16298e-33 1 -74.818 0 0 0 1 
		</Joint>
			1
				-1
				1.33158e-06 -0.573574 -0.819154 0 0 -0.819154 0.573574 8.9233e-07 -1 -7.6376e-07 -1.09077e-06 -74.818 0 0 0 1 
				0
				1.33158e-06 -0.573574 -0.819154 0.255285 0 -0.819154 0.573574 -4.38725 -1 -7.6376e-07 -1.09077e-06 -71.0418 0 0 0 1 
				1
				1.33158e-06 -0.573574 -0.819154 0.688556 0 -0.819154 0.573574 -9.41065 -1 -7.6376e-07 -1.09077e-06 -66.767 0 0 0 1 
				2
				1.33158e-06 -0.573574 -0.819154 0.78216 0 -0.819154 0.573574 -13.22 -1 -7.6376e-07 -1.09077e-06 -63.4437 0 0 0 1 
				3
				1.33158e-06 -0.573574 -0.819154 0.0184416 0 -0.819154 0.573574 -13.9651 -1 -7.6376e-07 -1.09077e-06 -62.5217 0 0 0 1 
				4
				-7.52304e-07 -0.573575 -0.819153 -1.70248 0.00631837 -0.819137 0.573564 -11.3381 -0.99998 -0.00517528 0.00362468 -64.0795 0 0 0 1 
				5
				-7.36949e-07 -0.573575 -0.819153 -4.00268 0.0218138 -0.818958 0.573439 -6.71195 -0.999762 -0.0178684 0.0125125 -66.9677 0 0 0 1 
				6
				-7.62872e-07 -0.573575 -0.819153 -6.63493 0.0409373 -0.818466 0.573095 -0.927232 -0.999162 -0.0335334 0.0234812 -70.6702 0 0 0 1 
				7
				-7.59802e-07 -0.573574 -0.819154 -9.35202 0.0581437 -0.817768 0.572604 5.1755 -0.998308 -0.0476282 0.0333504 -74.6709 0 0 0 1 
				8
				-6.91913e-07 -0.573573 -0.819155 -11.9145 0.0680794 -0.817254 0.572242 10.7822 -0.99768 -0.0557672 0.0390491 -78.4701 0 0 0 1 
				9
				-6.81438e-07 -0.57357 -0.819157 -14.0829 0.0654019 -0.817403 0.572341 15.0787 -0.997859 -0.053574 0.0375131 -81.5681 0 0 0 1 
				10
				-1.17013e-06 -0.573562 -0.819162 -15.6101 0.04457 -0.818348 0.572992 17.2245 -0.999006 -0.0365093 0.0255646 -83.4488 0 0 0 1 
				11
				1.33158e-06 -0.573574 -0.819154 -16.2487 0 -0.819154 0.573574 16.379 -1 -7.6376e-07 -1.09077e-06 -83.5962 0 0 0 1 
				12
				-3.19536e-07 -0.573764 -0.819021 -14.3845 -0.12219 -0.812884 0.569465 7.01531 -0.992507 0.100076 -0.0701081 -79.1497 0 0 0 1 
				13
				2.66386e-05 -0.573795 -0.818999 -9.87762 -0.322335 -0.77529 0.543162 -11.2739 -0.946626 0.263977 -0.184975 -69.9043 0 0 0 1 
				14
				7.1274e-05 -0.573847 -0.818963 -4.841 -0.51787 -0.700611 0.490872 -31.1337 -0.85546 0.424081 -0.297228 -59.5949 0 0 0 1 
				15
				-7.86427e-07 -0.573574 -0.819154 -1.38775 -0.642788 -0.627507 0.439383 -45.2089 -0.766044 0.526543 -0.368686 -51.9566 0 0 0 1 
				16
				-1.47904e-05 -0.57351 -0.819198 -0.077635 -0.696431 -0.58787 0.411573 -51.6426 -0.717624 0.570521 -0.399402 -47.8026 0 0 0 1 
				17
				-5.59068e-06 -0.573554 -0.819168 0.188879 -0.716678 -0.571289 0.400002 -54.2354 -0.697404 0.587082 -0.41105 -45.2404 0 0 0 1 
				18
				-9.10553e-07 -0.573573 -0.819155 -0.0450028 -0.71919 -0.569159 0.398526 -54.6894 -0.694813 0.589129 -0.412508 -43.6739 0 0 0 1 
				19
				-8.37083e-07 -0.573574 -0.819154 -0.236072 -0.717317 -0.570743 0.399636 -54.7063 -0.696747 0.587593 -0.411434 -42.5067 0 0 0 1 
				20
				-1.0362e-06 -0.573573 -0.819154 -0.417924 -0.714904 -0.57277 0.401056 -54.6726 -0.699222 0.585617 -0.41005 -41.3914 0 0 0 1 
				21
				-2.52373e-06 -0.573565 -0.81916 -0.821749 -0.704959 -0.580986 0.406801 -53.7215 -0.709248 0.577475 -0.404339 -40.6932 0 0 0 1 
				22
				-5.59102e-06 -0.573552 -0.819169 -1.22065 -0.682792 -0.598493 0.419047 -51.5483 -0.730613 0.559325 -0.391613 -40.9567 0 0 0 1 
				23
				-7.64589e-07 -0.573574 -0.819154 -1.38775 -0.642788 -0.627507 0.439383 -47.8481 -0.766044 0.526543 -0.368686 -42.7262 0 0 0 1 
				24
				2.26537e-07 -0.573582 -0.819148 -1.33215 -0.586442 -0.663503 0.464596 -42.957 -0.809991 0.480383 -0.336373 -45.7269 0 0 0 1 
				25
				1.5767e-06 -0.573578 -0.819151 -1.21384 -0.51994 -0.699721 0.489951 -37.486 -0.854202 0.425909 -0.298228 -49.2654 0 0 0 1 
				26
				3.64811e-06 -0.573575 -0.819153 -1.04746 -0.444365 -0.733836 0.513834 -31.5706 -0.895846 0.364001 -0.254879 -53.2161 0 0 0 1 
				27
				-7.64456e-07 -0.573574 -0.819154 -0.847672 -0.361309 -0.763817 0.534827 -25.3462 -0.932446 0.295968 -0.207237 -57.4532 0 0 0 1 
				28
				-5.82894e-06 -0.573573 -0.819154 -0.628661 -0.2728 -0.788083 0.551819 -18.944 -0.962071 0.223469 -0.156466 -61.8553 0 0 0 1 
				29
				-1.1589e-06 -0.573576 -0.819152 -0.404612 -0.181253 -0.805584 0.564076 -12.4953 -0.983436 0.148475 -0.103962 -66.3005 0 0 0 1 
				30
				3.64687e-06 -0.573578 -0.81915 -0.190175 -0.0893875 -0.815872 0.571282 -6.13548 -0.995997 0.0732197 -0.0512737 -70.6633 0 0 0 1 
				31
				1.33158e-06 -0.573574 -0.819154 0 0 -0.819154 0.573574 8.9233e-07 -1 -7.6376e-07 -1.09077e-06 -74.818 0 0 0 1 
		</Joint>
			2
				-1
				-0.000271969 -0.342021 -0.939692 0.00731104 -0.000750183 -0.939692 0.342021 0.0200571 -1 0.00079796 -1.01208e-06 -84.1529 0 0 0 1 
				0
				-0.0364802 -0.340101 -0.939681 0.262554 -0.100213 -0.934322 0.342052 -4.3673 -0.994297 0.106647 1.59912e-06 -80.379 0 0 0 1 
				1
				-0.0767304 -0.333337 -0.93968 0.695681 -0.210783 -0.915734 0.342055 -9.39111 -0.974517 0.224314 2.96437e-06 -76.1067 0 0 0 1 
				2
				-0.107652 -0.324662 -0.939684 0.789099 -0.295748 -0.89193 0.342045 -13.201 -0.949181 0.314731 6.90835e-08 -72.7853 0 0 0 1 
				3
				-0.117233 -0.321302 -0.939692 0.0253115 -0.322099 -0.882765 0.342021 -13.9463 -0.939419 0.34277 -1.95462e-06 -71.8639 0 0 0 1 
				4
				-0.106138 -0.325147 -0.939689 -1.69553 -0.28559 -0.895242 0.342025 -11.26 -0.952456 0.304667 0.00216019 -73.4207 0 0 0 1 
				5
				-0.0842755 -0.331483 -0.93969 -3.99559 -0.210341 -0.915876 0.341947 -6.48876 -0.973989 0.226473 0.00746146 -76.3052 0 0 0 1 
				6
				-0.0551478 -0.337548 -0.939692 -6.62772 -0.110983 -0.93322 0.341737 -0.525157 -0.992291 0.123136 0.0140028 -79.9999 0 0 0 1 
				7
				-0.0226405 -0.341271 -0.939692 -9.34472 -0.00408494 -0.939894 0.341443 5.73834 -0.999735 0.011569 0.0198856 -83.9903 0 0 0 1 
				8
				0.0091413 -0.341895 -0.939694 -11.9072 0.0931039 -0.93536 0.341224 11.4377 -0.995615 -0.0906084 0.0232813 -87.7814 0 0 0 1 
				9
				0.0360383 -0.340115 -0.939693 -14.0757 0.163835 -0.925571 0.341286 15.709 -0.985829 -0.166254 0.0223665 -90.8795 0 0 0 1 
				10
				0.0539788 -0.337726 -0.939695 -15.6029 0.192173 -0.919962 0.341673 17.6602 -0.979876 -0.199027 0.0152433 -92.7702 0 0 0 1 
				11
				0.0591231 -0.336873 -0.939692 -16.2415 0.162437 -0.925546 0.342021 16.3987 -0.984946 -0.172862 -5.28633e-07 -92.9274 0 0 0 1 
				12
				0.0304315 -0.340996 -0.939572 -14.3773 -0.0388406 -0.939701 0.339784 5.89474 -0.998782 0.0261534 -0.0418409 -88.4153 0 0 0 1 
				13
				-0.0333678 -0.340794 -0.939546 -9.87009 -0.407561 -0.853716 0.324136 -14.2647 -0.912568 0.393738 -0.110408 -78.7494 0 0 0 1 
				14
				-0.101593 -0.327049 -0.939531 -4.83335 -0.733116 -0.613786 0.292931 -35.9548 -0.672473 0.718544 -0.177409 -67.5959 0 0 0 1 
				15
				-0.14479 -0.309862 -0.939692 -1.38113 -0.887088 -0.38004 0.262002 -51.2011 -0.438305 0.871525 -0.219849 -59.1261 0 0 0 1 
				16
				-0.158443 -0.303008 -0.939724 -0.071284 -0.929626 -0.27492 0.245387 -58.1378 -0.332703 0.912472 -0.238125 -54.521 0 0 0 1 
				17
				-0.157833 -0.303398 -0.939701 0.195322 -0.938238 -0.250643 0.238512 -60.9202 -0.307893 0.919308 -0.2451 -51.7703 0 0 0 1 
				18
				-0.150036 -0.307358 -0.939692 -0.0384304 -0.932714 -0.271242 0.237641 -61.3972 -0.327924 0.912118 -0.245981 -50.1794 0 0 0 1 
				19
				-0.142061 -0.311122 -0.939692 -0.229419 -0.924462 -0.29763 0.238301 -61.396 -0.353821 0.902563 -0.245339 -49.03 0 0 0 1 
				20
				-0.134029 -0.314668 -0.939692 -0.4112 -0.915208 -0.324349 0.239149 -61.3393 -0.380041 0.892066 -0.244515 -47.9376 0 0 0 1 
				21
				-0.122622 -0.319275 -0.939695 -0.814941 -0.897045 -0.369419 0.242572 -60.2944 -0.424588 0.872693 -0.241105 -47.3326 0 0 0 1 
				22
				-0.109682 -0.323932 -0.939701 -1.21378 -0.866907 -0.431321 0.249869 -57.9129 -0.486253 0.84204 -0.233511 -47.7948 0 0 0 1 
				23
				-0.0971609 -0.32793 -0.939692 -1.38074 -0.820801 -0.507583 0.262002 -53.8376 -0.56289 0.796757 -0.219848 -49.8941 0 0 0 1 
				24
				-0.0853978 -0.331198 -0.939689 -1.32506 -0.757914 -0.590606 0.27704 -48.4187 -0.646741 0.735862 -0.200583 -53.3038 0 0 0 1 
				25
				-0.0734842 -0.334039 -0.939691 -1.20667 -0.680263 -0.672225 0.292158 -42.3252 -0.729275 0.660705 -0.177836 -57.2534 0 0 0 1 
				26
				-0.0614471 -0.336458 -0.939692 -1.04023 -0.588386 -0.74828 0.306397 -35.7027 -0.806242 0.571729 -0.151987 -61.5909 0 0 0 1 
				27
				-0.0493172 -0.338447 -0.939692 -0.840438 -0.48388 -0.814956 0.318916 -28.7016 -0.873744 0.470426 -0.123576 -66.1676 0 0 0 1 
				28
				-0.0371126 -0.340001 -0.939692 -0.62144 -0.369278 -0.869115 0.329049 -21.4721 -0.928578 0.359219 -0.0932997 -70.8438 0 0 0 1 
				29
				-0.0248476 -0.34112 -0.939691 -0.397323 -0.247912 -0.908517 0.336358 -14.1679 -0.968464 0.241319 -0.0619933 -75.4859 0 0 0 1 
				30
				-0.012556 -0.341796 -0.93969 -0.182827 -0.1237 -0.932014 0.340657 -6.95 -0.99224 0.120517 -0.0305776 -79.9634 0 0 0 1 
				31
				-0.000271969 -0.342021 -0.939692 0.00731104 -0.000750183 -0.939692 0.342021 0.0200571 -1 0.00079796 -1.01208e-06 -84.1529 0 0 0 1 
		</Joint>
			3
				-1
				-6.90265e-05 -0.0871571 -0.996195 0.00187559 -0.000795174 -0.996194 0.0871571 0.0212125 -1 0.000798165 -5.41232e-07 -110.985 0 0 0 1 
				0
				-0.0451093 -0.0810165 -0.995691 -0.714568 -0.204597 -0.974829 0.0885882 -7.03545 -0.977806 0.207712 0.0273981 -107.063 0 0 0 1 
				1
				-0.092211 -0.0597037 -0.993948 -1.36191 -0.423006 -0.901302 0.093382 -15.0277 -0.901423 0.429056 0.057855 -102.265 0 0 0 1 
				2
				-0.124125 -0.0331158 -0.991714 -2.09876 -0.579129 -0.809141 0.0995043 -21.1193 -0.805731 0.586681 0.0812564 -98.2666 0 0 0 1 
				3
				-0.132935 -0.0230649 -0.990856 -3.11984 -0.624627 -0.774257 0.101824 -22.5724 -0.769526 0.632451 0.0885191 -97.0843 0 0 0 1 
				4
				-0.122668 -0.0345907 -0.991845 -4.54271 -0.566694 -0.818006 0.0986149 -18.9056 -0.814746 0.574169 0.0807409 -98.9897 0 0 0 1 
				5
				-0.100407 -0.0539728 -0.993481 -6.25575 -0.442975 -0.891675 0.0932117 -12.1137 -0.890894 0.449447 0.0656219 -102.449 0 0 0 1 
				6
				-0.067526 -0.072946 -0.995047 -8.10591 -0.268413 -0.959227 0.0885352 -3.48261 -0.960934 0.273062 0.045193 -106.631 0 0 0 1 
				7
				-0.0280423 -0.0847795 -0.996005 -9.95041 -0.0692782 -0.993836 0.0865454 5.64996 -0.997203 0.0714283 0.0219961 -110.817 0 0 0 1 
				8
				0.0117377 -0.0867414 -0.996162 -11.6601 0.120314 -0.98887 0.0875241 13.957 -0.992667 -0.12088 -0.0011709 -114.494 0 0 0 1 
				9
				0.0450949 -0.0809892 -0.995694 -13.1069 0.267148 -0.95943 0.0901386 20.1255 -0.9626 -0.270063 -0.0216293 -117.326 0 0 0 1 
				10
				0.0666628 -0.0733691 -0.995074 -14.1529 0.344668 -0.934208 0.0919715 22.8366 -0.936355 -0.349102 -0.036989 -119.055 0 0 0 1 
				11
				0.0726955 -0.070635 -0.99485 -14.6536 0.33054 -0.939409 0.0908518 20.7774 -0.940988 -0.335442 -0.0449431 -119.349 0 0 0 1 
				12
				0.0382579 -0.0832216 -0.995796 -13.5589 0.0505359 -0.99509 0.085104 4.8738 -0.997989 -0.0535794 -0.0338643 -115.214 0 0 0 1 
				13
				-0.0413384 -0.0825532 -0.995729 -10.7637 -0.493596 -0.864792 0.0921895 -25.182 -0.868709 0.495298 -0.00499884 -103.246 0 0 0 1 
				14
				-0.118423 -0.039584 -0.992174 -7.55848 -0.898264 -0.421589 0.124034 -55.6171 -0.4232 0.905923 0.0143689 -85.6593 0 0 0 1 
				15
				-0.154744 0.010271 -0.987901 -5.26641 -0.987802 -0.0192153 0.154529 -75.0034 -0.0173956 0.999763 0.0131191 -70.9083 0 0 0 1 
				16
				-0.163162 0.0293729 -0.986162 -4.32333 -0.976422 0.13839 0.165673 -83.0849 0.141341 0.989942 0.00610029 -63.4694 0 0 0 1 
				17
				-0.162865 0.0283993 -0.98624 -4.04034 -0.972724 0.162718 0.165319 -86.0989 0.165174 0.986264 0.0011235 -60.0529 0 0 0 1 
				18
				-0.158206 0.0173689 -0.987253 -4.06463 -0.980213 0.117704 0.159148 -86.4266 0.118968 0.992897 -0.00159624 -58.9996 0 0 0 1 
				19
				-0.15285 0.00667161 -0.988227 -4.04141 -0.986052 0.0656213 0.152957 -86.2029 0.0658692 0.997822 -0.0034517 -58.5452 0 0 0 1 
				20
				-0.146919 -0.00355171 -0.989142 -4.00743 -0.989075 0.0127113 0.146864 -85.8968 0.0120516 0.999913 -0.00538044 -58.1564 0 0 0 1 
				21
				-0.137637 -0.0170694 -0.990336 -4.10483 -0.987824 -0.0708495 0.138509 -84.3627 -0.0725291 0.997341 -0.00711003 -58.7467 0 0 0 1 
				22
				-0.126018 -0.0309901 -0.991544 -4.15615 -0.975357 -0.178597 0.129543 -81.1702 -0.181101 0.983434 -0.00771994 -60.8632 0 0 0 1 
				23
				-0.113821 -0.0430605 -0.992568 -3.98688 -0.945321 -0.302651 0.121533 -75.8552 -0.305635 0.952128 -0.00625795 -65.0182 0 0 0 1 
				24
				-0.101605 -0.0530811 -0.993408 -3.61535 -0.893942 -0.433287 0.114584 -68.7461 -0.436513 0.899691 -0.0034273 -70.6767 0 0 0 1 
				25
				-0.0885897 -0.061915 -0.994142 -3.17711 -0.819724 -0.56247 0.108077 -60.5663 -0.565866 0.824497 -0.000924179 -76.8393 0 0 0 1 
				26
				-0.0748859 -0.0695061 -0.994767 -2.68752 -0.722419 -0.683866 0.102167 -51.4759 -0.687388 0.726289 0.000999306 -83.2398 0 0 0 1 
				27
				-0.06061 -0.0757949 -0.99528 -2.16212 -0.603645 -0.791327 0.0970235 -41.6683 -0.794946 0.606677 0.00220914 -89.6252 0 0 0 1 
				28
				-0.0458716 -0.0807337 -0.99568 -1.61553 -0.466764 -0.879498 0.0928173 -31.3619 -0.883192 0.469005 0.00266043 -95.7698 0 0 0 1 
				29
				-0.0307809 -0.0842919 -0.995965 -1.06224 -0.316628 -0.944298 0.0897047 -20.7998 -0.94805 0.318112 0.00237715 -101.479 0 0 0 1 
				30
				-0.0154688 -0.0864394 -0.996137 -0.51789 -0.159178 -0.983338 0.0878006 -10.2482 -0.987129 0.159921 0.00145179 -106.591 0 0 0 1 
				31
				-6.90265e-05 -0.0871571 -0.996195 0.00187559 -0.000795174 -0.996194 0.0871571 0.0212125 -1 0.000798165 -5.41232e-07 -110.985 0 0 0 1 
		</Joint>
			4
				-1
				-6.90265e-05 -0.0871571 -0.996195 0.000445944 -0.000795174 -0.996194 0.0871571 0.00470528 -1 0.000798165 -5.4124e-07 -137.818 0 0 0 1 
				0
				-0.0451093 -0.0810165 -0.995691 -1.92457 -0.204597 -0.974829 0.0885882 -12.5205 -0.977806 0.207711 0.0273981 -133.301 0 0 0 1 
				1
				-0.092211 -0.0597037 -0.993948 -3.83586 -0.423006 -0.901302 0.093382 -26.3735 -0.901423 0.429056 0.057855 -126.454 0 0 0 1 
				2
				-0.124125 -0.0331158 -0.991714 -5.42918 -0.579129 -0.809141 0.0995043 -36.6548 -0.805731 0.586681 0.0812564 -119.889 0 0 0 1 
				3
				-0.132935 -0.0230648 -0.990856 -6.6867 -0.624627 -0.774257 0.101824 -39.3289 -0.769526 0.632451 0.0885191 -117.736 0 0 0 1 
				4
				-0.122668 -0.0345907 -0.991845 -7.83403 -0.566694 -0.818006 0.0986149 -34.1074 -0.814746 0.574169 0.0807409 -120.854 0 0 0 1 
				5
				-0.100407 -0.0539728 -0.993481 -8.94966 -0.442975 -0.891675 0.0932117 -23.9954 -0.890894 0.449447 0.0656219 -126.356 0 0 0 1 
				6
				-0.067526 -0.072946 -0.995047 -9.91744 -0.268414 -0.959227 0.0885352 -10.6801 -0.960934 0.273063 0.045193 -132.417 0 0 0 1 
				7
				-0.0280423 -0.0847795 -0.996005 -10.7024 -0.0692782 -0.993836 0.0865454 3.79588 -0.997203 0.0714283 0.0219961 -137.575 0 0 0 1 
				8
				0.0117377 -0.0867414 -0.996162 -11.3447 0.120314 -0.98887 0.0875241 17.1901 -0.992667 -0.12088 -0.0011709 -141.129 0 0 0 1 
				9
				0.0450949 -0.0809892 -0.995694 -11.8965 0.267148 -0.95943 0.0901387 27.2984 -0.9626 -0.270063 -0.0216293 -143.153 0 0 0 1 
				10
				0.0666628 -0.073369 -0.995074 -12.3638 0.344668 -0.934208 0.0919715 32.0894 -0.936355 -0.349102 -0.036989 -144.178 0 0 0 1 
				11
				0.0726955 -0.070635 -0.99485 -12.7027 0.33054 -0.939409 0.0908518 29.6511 -0.940988 -0.335442 -0.0449431 -144.596 0 0 0 1 
				12
				0.0382579 -0.0832216 -0.995796 -12.532 0.0505359 -0.99509 0.085104 6.23462 -0.997989 -0.0535794 -0.0338643 -141.992 0 0 0 1 
				13
				-0.0413384 -0.0825533 -0.995729 -11.8725 -0.493596 -0.864792 0.0921895 -38.4222 -0.868709 0.495298 -0.00499884 -126.558 0 0 0 1 
				14
				-0.118423 -0.039584 -0.992174 -10.7359 -0.898264 -0.421589 0.124034 -79.7176 -0.4232 0.905923 0.0143689 -97.0191 0 0 0 1 
				15
				-0.154744 0.010271 -0.987901 -9.41862 -0.987802 -0.0192153 0.154529 -101.508 -0.0173956 0.999763 0.0131191 -71.3799 0 0 0 1 
				16
				-0.163162 0.0293729 -0.986162 -8.70151 -0.976422 0.13839 0.165673 -109.285 0.141341 0.989942 0.00610029 -59.6817 0 0 0 1 
				17
				-0.162865 0.0283993 -0.98624 -8.41054 -0.972724 0.162718 0.165319 -112.2 0.165174 0.986264 0.0011235 -55.6256 0 0 0 1 
				18
				-0.158206 0.0173689 -0.987253 -8.30977 -0.980213 0.117704 0.159148 -112.729 0.118968 0.992897 -0.00159624 -55.8122 0 0 0 1 
				19
				-0.152851 0.00667161 -0.988227 -8.14279 -0.986052 0.0656213 0.152957 -112.661 0.0658692 0.997822 -0.0034517 -56.7827 0 0 0 1 
				20
				-0.146919 -0.00355171 -0.989142 -7.94961 -0.989075 0.0127113 0.146864 -112.436 0.0120516 0.999913 -0.00538044 -57.8379 0 0 0 1 
				21
				-0.137637 -0.0170694 -0.990336 -7.79789 -0.987824 -0.0708495 0.138509 -110.868 -0.0725291 0.997341 -0.00711003 -60.6976 0 0 0 1 
				22
				-0.126018 -0.0309901 -0.991544 -7.53737 -0.975357 -0.178597 0.129543 -107.341 -0.181102 0.983434 -0.00771994 -65.7274 0 0 0 1 
				23
				-0.113821 -0.0430605 -0.992568 -7.04077 -0.945321 -0.302651 0.121533 -101.219 -0.305635 0.952128 -0.00625795 -73.2237 0 0 0 1 
				24
				-0.101605 -0.0530811 -0.993408 -6.3414 -0.893942 -0.433287 0.114584 -92.7307 -0.436513 0.899691 -0.0034273 -82.3937 0 0 0 1 
				25
				-0.0885897 -0.061915 -0.994142 -5.55388 -0.819724 -0.56247 0.108077 -82.5587 -0.565866 0.824497 -0.000924176 -92.0268 0 0 0 1 
				26
				-0.0748859 -0.0695061 -0.994767 -4.69655 -0.722419 -0.683866 0.102167 -70.8568 -0.687388 0.726289 0.000999309 -101.688 0 0 0 1 
				27
				-0.06061 -0.0757949 -0.99528 -3.78806 -0.603645 -0.791327 0.0970235 -57.8617 -0.794946 0.606677 0.00220914 -110.958 0 0 0 1 
				28
				-0.0458716 -0.0807337 -0.99568 -2.84599 -0.466764 -0.879498 0.0928173 -43.882 -0.883192 0.469005 0.00266043 -119.47 0 0 0 1 
				29
				-0.0307809 -0.0842919 -0.995965 -1.88776 -0.316628 -0.944298 0.0897047 -29.2911 -0.94805 0.318112 0.00237715 -126.919 0 0 0 1 
				30
				-0.0154688 -0.0864394 -0.996137 -0.932535 -0.159178 -0.983338 0.0878006 -14.5145 -0.987129 0.159921 0.00145179 -133.079 0 0 0 1 
				31
				-6.90265e-05 -0.0871571 -0.996195 0.000445944 -0.000795174 -0.996194 0.0871571 0.00470528 -1 0.000798165 -5.4124e-07 -137.818 0 0 0 1 
		</Joint>
			5
				-1
				0.996195 0.0871571 2.4103e-06 2.8817 -0.0871571 0.996195 1.67575e-06 -0.252233 -2.25508e-06 -1.87944e-06 1 -137.818 0 0 0 1 
				0
				0.995691 0.0810524 0.0450475 0.955256 -0.0885888 0.974992 0.20382 -12.7815 -0.0274009 -0.206933 0.977971 -133.379 0 0 0 1 
				1
				0.993948 0.0597771 0.0921662 -0.960978 -0.0933832 0.901639 0.422288 -26.648 -0.0578575 -0.428339 0.901764 -126.619 0 0 0 1 
				2
				0.991713 0.0332147 0.124101 -2.56063 -0.0995059 0.809602 0.578484 -36.9466 -0.0812586 -0.586039 0.806198 -120.121 0 0 0 1 
				3
				0.990856 0.0231707 0.13292 -3.82058 -0.101826 0.774754 0.62401 -39.6272 -0.0885212 -0.631838 0.770029 -117.989 0 0 0 1 
				4
				0.991844 0.0346884 0.122643 -4.96511 -0.0986164 0.818457 0.566042 -34.3966 -0.0807432 -0.57352 0.815202 -121.085 0 0 0 1 
				5
				0.993481 0.0540528 0.100367 -6.0761 -0.093213 0.892028 0.442265 -24.2694 -0.0656244 -0.448737 0.891251 -126.544 0 0 0 1 
				6
				0.995047 0.0729998 0.0674707 -7.03944 -0.0885359 0.95944 0.267649 -10.9409 -0.0451957 -0.272297 0.961151 -132.546 0 0 0 1 
				7
				0.996005 0.0848019 0.0279776 -7.82173 -0.0865457 0.993891 0.0684865 3.54072 -0.0219989 -0.0706343 0.99726 -137.638 0 0 0 1 
				8
				0.996162 0.086732 -0.011804 -8.46352 -0.0875238 0.988774 -0.121102 16.9321 0.00116812 0.12167 0.99257 -141.126 0 0 0 1 
				9
				0.995694 0.0809533 -0.0451566 -9.0167 -0.0901379 0.959217 -0.267912 27.033 0.0216266 0.270829 0.962385 -143.092 0 0 0 1 
				10
				0.995075 0.0733158 -0.0667184 -9.48576 -0.0919705 0.933934 -0.345413 31.8188 0.0369863 0.349847 0.936077 -144.073 0 0 0 1 
				11
				0.99485 0.0705771 -0.0727489 -9.82523 -0.0908509 0.939146 -0.331288 29.3838 0.0449404 0.336192 0.940721 -144.468 0 0 0 1 
				12
				0.995796 0.083191 -0.0383213 -9.65187 -0.0851038 0.995049 -0.0513285 5.98363 0.0338615 0.054374 0.997946 -141.894 0 0 0 1 
				13
				0.995729 0.0825861 0.0412754 -8.99255 -0.0921909 0.865184 0.492907 -38.6931 0.00499641 -0.494606 0.869103 -126.541 0 0 0 1 
				14
				0.992174 0.0396783 0.118394 -7.86601 -0.124036 0.422304 0.897928 -80.0785 -0.01437 -0.905585 0.423921 -97.0563 0 0 0 1 
				15
				0.987901 -0.0101478 0.154755 -6.56089 -0.154532 0.0200018 0.987786 -101.955 -0.0131192 -0.999748 0.0181917 -71.413 0 0 0 1 
				16
				0.986161 -0.029243 0.163189 -5.84872 -0.165676 -0.137613 0.976532 -109.764 -0.0060999 -0.990054 -0.140553 -59.6945 0 0 0 1 
				17
				0.986239 -0.0282696 0.16289 -5.55753 -0.165322 -0.161944 0.972853 -112.678 -0.00112303 -0.986395 -0.164389 -55.6241 0 0 0 1 
				18
				0.987253 -0.0172429 0.158222 -5.45388 -0.159151 -0.116923 0.980306 -113.188 0.00159658 -0.992991 -0.118177 -55.8028 0 0 0 1 
				19
				0.988226 -0.00654989 0.152859 -5.28414 -0.15296 -0.0648361 0.986103 -113.104 0.00345189 -0.997874 -0.0650747 -56.7678 0 0 0 1 
				20
				0.989142 0.0036687 0.146919 -5.08836 -0.146866 -0.0119237 0.989085 -112.861 0.00538047 -0.999922 -0.0112554 -57.8175 0 0 0 1 
				21
				0.990335 0.017179 0.137626 -4.93325 -0.138512 0.0716361 0.987767 -111.269 0.00710983 -0.997283 0.0733232 -60.6722 0 0 0 1 
				22
				0.991544 0.0310904 0.125996 -4.6693 -0.129546 0.179374 0.975214 -107.716 0.00771944 -0.98329 0.181885 -65.7003 0 0 0 1 
				23
				0.992567 0.0431511 0.113789 -4.1698 -0.121536 0.303403 0.94508 -101.572 0.00625709 -0.951884 0.306393 -73.201 0 0 0 1 
				24
				0.993408 0.053162 0.101565 -3.46805 -0.114586 0.433999 0.893597 -93.0642 0.00342608 -0.899343 0.43723 -82.3795 0 0 0 1 
				25
				0.994142 0.0619855 0.0885431 -2.67845 -0.10808 0.563122 0.819275 -82.8741 0.000922594 -0.824046 0.566523 -92.0202 0 0 0 1 
				26
				0.994767 0.0695657 0.0748332 -1.81934 -0.102168 0.684441 0.721874 -71.1557 -0.00100123 -0.725742 0.687966 -101.687 0 0 0 1 
				27
				0.99528 0.0758431 0.0605524 -0.909405 -0.0970251 0.791808 0.603015 -58.1462 -0.00221136 -0.606043 0.795429 -110.962 0 0 0 1 
				28
				0.99568 0.0807701 0.0458101 0.0338023 -0.0928186 0.879869 0.466063 -44.1547 -0.0026629 -0.468302 0.883565 -119.476 0 0 0 1 
				29
				0.995965 0.0843163 0.0307165 0.992838 -0.0897056 0.94455 0.315876 -29.5552 -0.0023798 -0.317357 0.948303 -126.924 0 0 0 1 
				30
				0.996137 0.0864517 0.0154027 1.94855 -0.0878011 0.983464 0.158394 -14.7732 -0.00145455 -0.159135 0.987256 -133.082 0 0 0 1 
				31
				0.996195 0.0871571 2.4103e-06 2.8817 -0.0871571 0.996195 1.67575e-06 -0.252233 -2.25508e-06 -1.87944e-06 1 -137.818 0 0 0 1 
		</Joint>
			6
				-1
				0.112922 -0.0327948 -0.993063 16.3019 0.148164 0.988837 -0.0158074 -1.42637 0.982495 -0.145352 0.11652 -137.818 0 0 0 1 
				0
				0.115393 -0.0431883 -0.99238 14.3687 0.237559 0.971263 -0.0146462 -13.9749 0.964495 -0.234058 0.122337 -133.748 0 0 0 1 
				1
				0.116029 -0.0571455 -0.991601 12.429 0.369042 0.929355 -0.0103758 -27.9061 0.922142 -0.364738 0.128922 -127.399 0 0 0 1 
				2
				0.0960765 -0.0652648 -0.993232 10.7992 0.436515 0.899539 -0.0168836 -38.2871 0.894552 -0.431939 0.114914 -121.216 0 0 0 1 
				3
				0.100584 -0.0609014 -0.993063 9.52774 0.399046 0.916794 -0.015806 -40.9989 0.911397 -0.394688 0.116518 -119.181 0 0 0 1 
				4
				0.109455 -0.0416125 -0.99312 8.39653 0.223338 0.974606 -0.016222 -35.7251 0.968576 -0.220026 0.115969 -122.173 0 0 0 1 
				5
				0.116262 -0.0107088 -0.993161 7.30759 -0.0586583 0.998123 -0.017629 -25.5251 0.991485 0.0603067 0.115416 -127.428 0 0 0 1 
				6
				0.11333 0.0265746 -0.993202 6.36534 -0.385578 0.922473 -0.0193145 -12.1336 0.915689 0.385146 0.11479 -133.155 0 0 0 1 
				7
				0.0983378 0.0621134 -0.993213 5.59595 -0.674761 0.737746 -0.0206709 2.37482 0.731455 0.672214 0.11446 -137.934 0 0 0 1 
				8
				0.0753611 0.0887854 -0.993196 4.95627 -0.866952 0.497939 -0.0212694 15.753 0.492663 0.862656 0.114498 -141.11 0 0 0 1 
				9
				0.0526071 0.104213 -0.993163 4.3968 -0.957158 0.288846 -0.0203912 25.8187 0.284746 0.951687 0.114944 -142.801 0 0 0 1 
				10
				0.0391104 0.110417 -0.993115 3.91939 -0.981723 0.189503 -0.0175924 30.5798 0.186256 0.975652 0.11581 -143.575 0 0 0 1 
				11
				0.0417178 0.109882 -0.993069 3.5769 -0.966408 0.256722 -0.0121917 28.1599 0.253603 0.960219 0.116901 -143.862 0 0 0 1 
				12
				0.0976807 0.0857318 -0.991518 3.76301 -0.664142 0.747606 -0.000786941 4.83715 0.741198 0.658586 0.129965 -141.438 0 0 0 1 
				13
				0.046348 -0.0212778 -0.998699 4.42141 0.379005 0.925392 -0.002127 -39.935 0.924233 -0.378413 0.0509544 -126.474 0 0 0 1 
				14
				0.0751643 -0.113129 -0.990733 5.50006 0.996305 -0.0328836 0.0793418 -81.7494 -0.0415547 -0.993036 0.110239 -97.2499 0 0 0 1 
				15
				-0.0319793 -0.113097 -0.993069 6.74762 0.646035 -0.760466 0.0658029 -104.037 -0.762637 -0.639453 0.097384 -71.5897 0 0 0 1 
				16
				-0.0609427 -0.100642 -0.993054 7.43635 0.355764 -0.931752 0.0725967 -111.996 -0.932586 -0.348869 0.0925884 -59.7767 0 0 0 1 
				17
				-0.0658951 -0.0972181 -0.993079 7.7286 0.278377 -0.957518 0.0752653 -114.905 -0.958209 -0.271491 0.090159 -55.6392 0 0 0 1 
				18
				-0.0601343 -0.100761 -0.993092 7.8459 0.328786 -0.941373 0.0756042 -115.332 -0.942488 -0.321968 0.0897375 -55.7813 0 0 0 1 
				19
				-0.0537313 -0.104306 -0.993093 8.02876 0.389342 -0.918006 0.0753545 -115.164 -0.919525 -0.382604 0.0899365 -56.7213 0 0 0 1 
				20
				-0.0470479 -0.107459 -0.993096 8.23686 0.449077 -0.890334 0.0750644 -114.839 -0.892254 -0.442445 0.0901457 -57.745 0 0 0 1 
				21
				-0.0348946 -0.111998 -0.993096 8.40806 0.556365 -0.827655 0.0737907 -113.135 -0.830205 -0.549949 0.0911923 -60.5765 0 0 0 1 
				22
				-0.0190154 -0.115825 -0.993088 8.68828 0.688914 -0.721364 0.0709421 -109.461 -0.724594 -0.682803 0.0935103 -65.5963 0 0 0 1 
				23
				-0.00161798 -0.117521 -0.993069 9.20158 0.820846 -0.567347 0.0658033 -103.209 -0.571148 -0.81505 0.0973847 -73.1167 0 0 0 1 
				24
				0.0161192 -0.116634 -0.993045 9.91464 0.927113 -0.370184 0.0585275 -94.6079 -0.374436 -0.921608 0.102166 -82.3333 0 0 0 1 
				25
				0.0342104 -0.112847 -0.993023 10.7141 0.98901 -0.139175 0.0498879 -84.3301 -0.143834 -0.983817 0.106845 -92.0077 0 0 0 1 
				26
				0.0519896 -0.10597 -0.993009 11.5817 0.992947 0.111576 0.0400793 -72.532 0.106549 -0.988089 0.111023 -101.7 0 0 0 1 
				27
				0.0687887 -0.0960427 -0.992998 12.4985 0.931327 0.362995 0.0294076 -59.4533 0.357629 -0.926828 0.114417 -110.992 0 0 0 1 
				28
				0.0838344 -0.0832622 -0.992995 13.4471 0.80434 0.593894 0.0181092 -45.4052 0.588226 -0.800223 0.11676 -119.512 0 0 0 1 
				29
				0.0963165 -0.0680111 -0.993024 14.41 0.620376 0.784277 0.00645803 -30.7637 0.778367 -0.616671 0.117731 -126.956 0 0 0 1 
				30
				0.105908 -0.0509352 -0.99307 15.368 0.39497 0.918681 -0.00499723 -15.9561 0.912569 -0.391704 0.117414 -133.102 0 0 0 1 
				31
				0.112922 -0.0327946 -0.993063 16.3019 0.148164 0.988837 -0.0158072 -1.42637 0.982495 -0.145352 0.11652 -137.818 0 0 0 1 
		</Joint>
			7
				-1
				-0.0189883 0.116044 -0.993063 19.4368 -0.95636 -0.291762 -0.0158073 2.68693 -0.291572 0.949426 0.11652 -110.542 0 0 0 1 
				0
				0.0212461 0.121365 -0.99238 17.5722 -0.998378 0.0550163 -0.0146462 -7.37991 0.0528196 0.991082 0.122337 -106.972 0 0 0 1 
				1
				0.0672765 0.110464 -0.991601 15.6502 -0.892695 0.450543 -0.0103758 -17.6608 0.445612 0.885895 0.128922 -101.798 0 0 0 1 
				2
				0.0933271 0.0691393 -0.993232 13.4665 -0.704963 0.709043 -0.0168836 -26.1686 0.703077 0.701767 0.114914 -96.3818 0 0 0 1 
				3
				0.102549 0.0575321 -0.993063 12.3201 -0.601261 0.798897 -0.015806 -29.9207 0.792445 0.598711 0.116518 -93.8791 0 0 0 1 
				4
				0.0985315 0.0632733 -0.99312 11.4352 -0.6509 0.75899 -0.016222 -29.5249 0.752742 0.64802 0.115969 -95.2832 0 0 0 1 
				5
				0.0863127 0.0786241 -0.993161 10.5352 -0.776554 0.629804 -0.0176293 -27.1535 0.624111 0.772765 0.115416 -99.9026 0 0 0 1 
				6
				0.0655275 0.0962084 -0.993202 9.51158 -0.907817 0.418923 -0.0193144 -22.8379 0.414216 0.902911 0.11479 -107.734 0 0 0 1 
				7
				0.038832 0.109638 -0.993213 8.32598 -0.986548 0.162161 -0.020671 -16.3577 0.158794 0.980655 0.11446 -117.628 0 0 0 1 
				8
				0.0118868 0.115848 -0.993196 7.04843 -0.996561 -0.0800939 -0.0212694 -8.31504 -0.0820129 0.990033 0.114498 -127.433 0 0 0 1 
				9
				-0.00885598 0.116402 -0.993163 5.85727 -0.968628 -0.247675 -0.0203912 -0.753652 -0.248355 0.961825 0.114944 -134.896 0 0 0 1 
				10
				-0.0174488 0.115832 -0.993116 5.00516 -0.955411 -0.294755 -0.0175924 3.32551 -0.294764 0.948527 0.11581 -138.404 0 0 0 1 
				11
				-0.00886854 0.1172 -0.993069 4.73506 -0.983998 -0.177763 -0.0121917 1.33072 -0.177959 0.977069 0.116901 -136.822 0 0 0 1 
				12
				0.0559181 0.117323 -0.991518 6.4748 -0.905278 0.42482 -0.000786967 -13.6006 0.421125 0.897643 0.129965 -120.861 0 0 0 1 
				13
				0.0509796 -0.00140246 -0.998699 5.70811 -0.0141837 0.999897 -0.00212816 -29.4132 0.998599 0.0142737 0.0509544 -100.816 0 0 0 1 
				14
				0.114605 -0.0728929 -0.990733 7.58675 0.923927 0.374252 0.0793418 -54.0902 0.365 -0.924458 0.110239 -98.4035 0 0 0 1 
				15
				0.0190507 -0.115977 -0.993069 5.85982 0.907742 -0.414336 0.0658028 -86.1022 -0.419096 -0.902704 0.0973839 -92.7619 0 0 0 1 
				16
				-0.0095211 -0.11727 -0.993054 5.74448 0.734777 -0.674413 0.0725968 -102.119 -0.678242 -0.728982 0.0925885 -85.6669 0 0 0 1 
				17
				-0.0113569 -0.116895 -0.993079 5.89924 0.702526 -0.707666 0.0752653 -107.177 -0.711567 -0.69681 0.090159 -82.2408 0 0 0 1 
				18
				0.000572049 -0.117339 -0.993092 6.17647 0.767872 -0.636126 0.0756038 -106.205 -0.640602 -0.762611 0.0897374 -81.9464 0 0 0 1 
				19
				0.0138883 -0.116507 -0.993093 6.53709 0.836616 -0.542582 0.0753545 -104.355 -0.547613 -0.831884 0.0899365 -82.2489 0 0 0 1 
				20
				0.0272023 -0.114109 -0.993096 6.93073 0.894876 -0.439958 0.0750642 -102.372 -0.445486 -0.890739 0.0901457 -82.5155 0 0 0 1 
				21
				0.0457392 -0.108023 -0.993096 7.43932 0.959423 -0.272145 0.0737907 -97.6894 -0.278237 -0.956174 0.0911923 -83.6244 0 0 0 1 
				22
				0.0674019 -0.0960934 -0.993088 8.16038 0.996904 -0.0339098 0.070942 -90.3359 -0.0404924 -0.994795 0.0935103 -85.7123 0 0 0 1 
				23
				0.0891432 -0.0765987 -0.993069 9.15666 0.961701 0.266085 0.0658033 -80.4211 0.259201 -0.960901 0.0973847 -88.9728 0 0 0 1 
				24
				0.106794 -0.0495822 -0.993045 10.3621 0.813118 0.579149 0.0585276 -68.8696 0.572219 -0.813712 0.102166 -92.7283 0 0 0 1 
				25
				0.116703 -0.0168866 -0.993023 11.6639 0.545549 0.836593 0.049888 -56.8734 0.829914 -0.547565 0.106845 -96.0008 0 0 0 1 
				26
				0.116537 0.0187527 -0.993009 13.025 0.183457 0.98221 0.0400789 -44.9661 0.976095 -0.186846 0.111024 -98.7425 0 0 0 1 
				27
				0.105233 0.0536853 -0.992998 14.4082 -0.219939 0.97507 0.029408 -33.598 0.969821 0.215304 0.114417 -101.063 0 0 0 1 
				28
				0.0832643 0.0838324 -0.992995 15.7745 -0.593874 0.804355 0.0181093 -23.0753 0.800238 0.588206 0.11676 -103.181 0 0 0 1 
				29
				0.052797 0.105427 -0.993024 17.0839 -0.868447 0.49574 0.00645799 -13.5409 0.492963 0.862048 0.117731 -105.347 0 0 0 1 
				30
				0.0174092 0.116223 -0.99307 18.3082 -0.994328 0.106243 -0.00499721 -4.991 0.104926 0.987525 0.117414 -107.767 0 0 0 1 
				31
				-0.0189884 0.116044 -0.993063 19.4368 -0.95636 -0.291762 -0.0158072 2.68693 -0.291572 0.949426 0.11652 -110.542 0 0 0 1 
		</Joint>
			8
				-1
				-0.0189883 -0.99297 -0.116835 18.9097 -0.956361 -0.0160396 0.291749 -23.8633 -0.291572 0.117276 -0.949332 -118.637 0 0 0 1 
				0
				0.0212461 -0.992283 -0.122155 18.1621 -0.998378 -0.0146024 -0.0550279 -35.0966 0.0528196 0.123126 -0.990984 -105.506 0 0 0 1 
				1
				0.0672765 -0.991512 -0.111254 17.5179 -0.892695 -0.010017 -0.450551 -42.4436 0.445612 0.129627 -0.885792 -89.4275 0 0 0 1 
				2
				0.0933271 -0.993177 -0.0699302 16.0574 -0.704963 -0.016319 -0.709057 -45.7396 0.703077 0.115472 -0.701675 -76.8631 0 0 0 1 
				3
				0.102549 -0.993017 -0.0583228 15.1671 -0.601261 -0.0151699 -0.798909 -46.6128 0.792445 0.116994 -0.598618 -71.8795 0 0 0 1 
				4
				0.0985315 -0.99307 -0.0640641 14.1706 -0.6509 -0.0156176 -0.759003 -47.595 0.752742 0.116485 -0.647928 -74.3858 0 0 0 1 
				5
				0.0863127 -0.993098 -0.079415 12.9314 -0.776554 -0.0171277 -0.629818 -48.712 0.624111 0.116031 -0.772673 -82.5762 0 0 0 1 
				6
				0.0655275 -0.993125 -0.0969992 11.3307 -0.907817 -0.0189808 -0.418938 -48.0405 0.414216 0.115509 -0.902819 -96.2345 0 0 0 1 
				7
				0.038832 -0.993125 -0.110429 9.40402 -0.986548 -0.0205418 -0.162177 -43.746 0.158794 0.115241 -0.980563 -113.22 0 0 0 1 
