<?xml version='1.0' encoding='UTF-8' ?>
<itpanim>
	<skeleton count>
		25
			0 -1
			1.37091e-06 -1 -6.12323e-17 1.44664e-05 1 1.37091e-06 -6.12323e-17 -3.33788e-06 6.12323e-17 -6.12323e-17 1 44.5 0 0 0 1 
			1 0
			1.3868e-06 4.78456e-08 -1 -44.5 2.75771e-06 -1 -4.78418e-08 1.44666e-05 -1 -2.75771e-06 -1.3868e-06 -5.83747e-05 0 0 0 1 
			2 1
			1.40269e-06 -0.000796318 -1 -49.6773 0 -1 0.000796318 0.0514213 -1 -1.11699e-09 -1.40269e-06 3.19526e-06 0 0 0 1 
			3 2
			1.40269e-06 -0.000796318 -1 -64.5592 0 -1 0.000796318 0.0632714 -1 -1.11699e-09 -1.40269e-06 3.16239e-06 0 0 0 1 
			4 3
			1.40269e-06 -0.000796318 -1 -79.4411 0 -1 0.000796318 0.06596 -1 -1.11699e-09 -1.40269e-06 3.15493e-06 0 0 0 1 
			5 4
			1 1.37091e-06 4.37113e-08 -1.60435 -1.37091e-06 1 3.58059e-15 -1.09939e-05 -4.37113e-08 -6.35048e-14 1 79.4411 0 0 0 1 
			6 5
			0.995014 0.0902305 0.042489 -5.65533 -0.0897157 0.995871 -0.0138741 -0.287945 -0.0435655 0.00999304 0.999001 79.7571 0 0 0 1 
			7 6
			0.994845 -0.0912189 0.0442967 -20.654 0.0915704 0.995781 -0.00596753 -4.08763 -0.0435655 0.00999304 0.999001 79.7571 0 0 0 1 
			8 7
			0.994845 -0.0912189 0.0442967 -36.0513 -0.0434925 0.0107859 0.998995 79.7539 -0.091605 -0.995772 0.00676301 4.15114 0 0 0 1 
			9 4
			-1 -1.37091e-06 4.37114e-08 -1.60434 -1.37091e-06 1 3.84662e-15 -1.09939e-05 -4.37115e-08 -5.60777e-14 -1 -79.4411 0 0 0 1 
			10 9
			-0.995014 0.0902277 0.042489 -5.65533 0.089713 0.995871 -0.0138741 -0.287946 -0.0435654 -0.00999315 -0.999001 -79.7571 0 0 0 1 
			11 10
			-0.994845 -0.0912216 0.0442967 -20.654 -0.0915731 0.995781 -0.00596753 -4.08763 -0.0435654 -0.00999315 -0.999001 -79.7571 0 0 0 1 
			12 11
			-0.994845 -0.0912216 0.0442967 -36.0513 0.0434925 0.0107861 0.998995 79.7539 -0.0916078 0.995772 -0.00676301 -4.15114 0 0 0 1 
			13 4
			1.34309e-06 -5.95475e-08 -1 -82.8177 -1.40269e-06 -1 5.95456e-08 1.08462e-05 -1 1.40269e-06 -1.34309e-06 -0.000107894 0 0 0 1 
			14 13
			1 -0 0 0 0 1 0 0 -0 -0 1 -0 0 0 0 1 
			15 2
			1.37369e-06 -0.0998334 0.995004 44.2777 0 -0.995004 -0.0998334 -4.44257 1 1.3714e-07 -1.36683e-06 -4.58386 0 0 0 1 
			16 15
			1.37369e-06 0.0998334 0.995004 24.6789 0 -0.995004 0.0998334 0.469723 1 -1.3714e-07 -1.36683e-06 -4.58386 0 0 0 1 
			17 16
			1.3716e-06 -6.00745e-14 1 4.70494 0 -1 -6.00745e-14 1.29981e-05 1 8.23984e-20 -1.3716e-06 -4.58386 0 0 0 1 
			18 17
			1.3723e-06 -1 -6.00133e-14 -6.78409 0 6.00133e-14 -1 -0.105526 1 1.3723e-06 8.23562e-20 -4.58386 0 0 0 1 
			19 18
			1 -0 0 0 0 1 0 0 -0 -0 1 -0 0 0 0 1 
			20 2
			1.37369e-06 -0.0998334 0.995004 44.2777 0 -0.995004 -0.0998334 -4.44257 1 1.3714e-07 -1.36683e-06 4.58386 0 0 0 1 
			21 20
			1.37369e-06 0.0998334 0.995004 24.6789 0 -0.995004 0.0998334 0.469723 1 -1.3714e-07 -1.36683e-06 4.58386 0 0 0 1 
			22 21
			1.3716e-06 -6.00745e-14 1 4.70494 0 -1 -6.00745e-14 1.29981e-05 1 8.23984e-20 -1.3716e-06 4.58386 0 0 0 1 
			23 22
			1.3723e-06 -1 5.98908e-14 -6.78409 0 -5.98908e-14 -1 -0.105526 1 1.3723e-06 -8.21882e-20 4.58386 0 0 0 1 
			24 23
			1 -0 0 0 0 1 0 0 -0 -0 1 -0 0 0 0 1 
	</skeleton>
		<animations>
			25
			0
				-1
				-0.573575 0.819153 -2.02144e-33 3.33786e-06 -0.819153 -0.573575 -1.36318e-32 8.68908e-07 -1.2326e-32 -6.16298e-33 1 -40.8831 0 0 0 1 
				0
				-0.582599 0.81276 0 3.34245e-06 -0.81276 -0.582599 -0 0.105011 -0 -0 1 -41.1453 0 0 0 1 
				1
				-0.604424 0.796663 0 3.35371e-06 -0.796663 -0.604424 -0 0.362522 -0 -0 1 -41.521 0 0 0 1 
				2
				-0.630755 0.775982 -3.88733e-33 3.3676e-06 -0.775982 -0.630755 -4.78236e-33 0.680453 -6.16298e-33 -0 1 -41.9416 0 0 0 1 
				3
				-0.65386 0.756616 -6.33282e-34 3.38012e-06 -0.756616 -0.65386 8.69273e-33 0.966724 6.16298e-33 6.16298e-33 1 -42.3387 0 0 0 1 
				4
				-0.666942 0.74511 8.70244e-33 3.38735e-06 -0.74511 -0.666942 4.81745e-34 1.13215 6.16298e-33 -6.16298e-33 1 -42.6458 0 0 0 1 
				5
				-0.663435 0.748234 0 3.3854e-06 -0.748234 -0.663435 -0 1.08756 -0 -0 1 -42.7966 0 0 0 1 
				6
				-0.63568 0.771953 3.91768e-33 3.37024e-06 -0.771953 -0.63568 4.75752e-33 0.740873 6.16298e-33 -0 1 -42.7225 0 0 0 1 
				7
				-0.573575 0.819153 -2.02144e-33 3.33786e-06 -0.819153 -0.573575 -1.36318e-32 8.68908e-07 -1.2326e-32 -6.16298e-33 1 -42.355 0 0 0 1 
				8
				-0.356227 0.934399 -5.75868e-33 3.23549e-06 -0.934399 -0.356227 2.19542e-33 -2.34189 -0 6.16298e-33 1 -40.8467 0 0 0 1 
				9
				0.050885 0.998705 0 3.06319e-06 -0.998705 0.050885 0 -6.2837 -0 -0 1 -38.1836 0 0 0 1 
				10
				0.426471 0.904501 -3.17752e-34 2.90145e-06 -0.904501 0.426471 -1.37772e-32 -9.98383 -1.2326e-32 6.16298e-33 1 -35.6314 0 0 0 1 
				11
				0.573578 0.819151 -5.04841e-33 2.83078e-06 -0.819151 0.573578 -3.53494e-33 -11.6007 -0 6.16298e-33 1 -34.4557 0 0 0 1 
				12
				0.56021 0.828351 8.55767e-33 2.83751e-06 -0.828351 0.56021 -1.65255e-33 -11.4466 -6.16298e-33 -6.16298e-33 1 -34.4638 0 0 0 1 
				13
				0.521535 0.85323 0 2.8566e-06 -0.85323 0.521535 0 -11.0099 -0 -0 1 -34.6553 0 0 0 1 
				14
				0.459299 0.888282 0 2.88625e-06 -0.888282 0.459299 0 -10.3315 -0 -0 1 -35.0037 0 0 0 1 
				15
				0.375207 0.926941 0 2.92468e-06 -0.926941 0.375207 0 -9.4524 -0 -0 1 -35.4825 0 0 0 1 
				16
				0.27161 0.962407 -2.96565e-33 2.97015e-06 -0.962407 0.27161 -8.36965e-34 -8.41215 -0 3.08149e-33 1 -36.0658 0 0 0 1 
				17
				0.152125 0.988361 -3.52272e-34 3.02093e-06 -0.988361 0.152125 1.24169e-32 -7.25042 1.2326e-32 -1.54074e-33 1 -36.728 0 0 0 1 
				18
				0.0218836 0.999761 -1.92547e-34 3.07524e-06 -0.999761 0.0218836 -4.21462e-36 -6.00813 -0 1.92593e-34 1 -37.4425 0 0 0 1 
				19
				-0.112881 0.993609 1.39535e-34 3.13127e-06 -0.993609 -0.112881 -1.24211e-32 -4.7262 -1.2326e-32 -1.54074e-33 1 -38.1828 0 0 0 1 
				20
				-0.24559 0.969374 -6.01425e-33 3.18731e-06 -0.969374 -0.24559 -1.11917e-32 -3.44427 -1.2326e-32 3.08149e-33 1 -38.923 0 0 0 1 
				21
				-0.369956 0.929049 1.16566e-33 3.24161e-06 -0.929049 -0.369956 -1.37314e-32 -2.20198 -1.2326e-32 -6.16298e-33 1 -39.6376 0 0 0 1 
				22
				-0.480575 0.876954 5.40465e-33 3.29239e-06 -0.876954 -0.480575 -2.96177e-33 -1.04025 -0 -6.16298e-33 1 -40.2998 0 0 0 1 
				23
				-0.573575 0.819153 -2.02144e-33 3.33786e-06 -0.819153 -0.573575 -1.36318e-32 8.68908e-07 -1.2326e-32 -6.16298e-33 1 -40.8831 0 0 0 1 
		</Joint>
			1
				-1
				1.33158e-06 -0.573574 -0.819154 3.33786e-06 0 -0.819154 0.573574 8.68908e-07 -1 -7.6376e-07 -1.09077e-06 -40.8831 0 0 0 1 
				0
				1.33158e-06 -0.582598 -0.81276 3.34245e-06 0 -0.81276 0.582598 0.105011 -1 -7.75776e-07 -1.08226e-06 -41.1453 0 0 0 1 
				1
				1.33158e-06 -0.604423 -0.796664 3.35371e-06 0 -0.796664 0.604423 0.362522 -1 -8.04838e-07 -1.06082e-06 -41.521 0 0 0 1 
				2
				1.33158e-06 -0.630754 -0.775983 3.3676e-06 0 -0.775983 0.630754 0.680453 -1 -8.399e-07 -1.03328e-06 -41.9416 0 0 0 1 
				3
				1.33158e-06 -0.653859 -0.756617 3.38012e-06 0 -0.756617 0.653859 0.966724 -1 -8.70666e-07 -1.0075e-06 -42.3387 0 0 0 1 
				4
				1.33158e-06 -0.666941 -0.745111 3.38735e-06 0 -0.745111 0.666941 1.13215 -1 -8.88086e-07 -9.92175e-07 -42.6458 0 0 0 1 
				5
				1.33158e-06 -0.663434 -0.748234 3.3854e-06 0 -0.748234 0.663434 1.08756 -1 -8.83416e-07 -9.96334e-07 -42.7966 0 0 0 1 
				6
				1.33158e-06 -0.635679 -0.771954 3.37024e-06 0 -0.771954 0.635679 0.740873 -1 -8.46458e-07 -1.02792e-06 -42.7225 0 0 0 1 
				7
				1.33158e-06 -0.573574 -0.819154 3.33786e-06 0 -0.819154 0.573574 8.68908e-07 -1 -7.6376e-07 -1.09077e-06 -42.355 0 0 0 1 
				8
				1.33158e-06 -0.356226 -0.9344 3.23549e-06 0 -0.9344 0.356226 -2.34189 -1 -4.74343e-07 -1.24423e-06 -40.8467 0 0 0 1 
				9
				1.33158e-06 0.0508863 -0.998704 3.06319e-06 0 -0.998704 -0.0508863 -6.2837 -1 6.77593e-08 -1.32986e-06 -38.1836 0 0 0 1 
				10
				1.33158e-06 0.426473 -0.9045 2.90145e-06 0 -0.9045 -0.426473 -9.98383 -1 5.67883e-07 -1.20442e-06 -35.6314 0 0 0 1 
				11
				1.33158e-06 0.573579 -0.819151 2.83078e-06 0 -0.819151 -0.573579 -11.6007 -1 7.63766e-07 -1.09077e-06 -34.4557 0 0 0 1 
				12
				1.33158e-06 0.560211 -0.82835 2.83751e-06 0 -0.82835 -0.560211 -11.4466 -1 7.45966e-07 -1.10301e-06 -34.4638 0 0 0 1 
				13
				1.33158e-06 0.521536 -0.853229 2.8566e-06 0 -0.853229 -0.521536 -11.0099 -1 6.94468e-07 -1.13614e-06 -34.6553 0 0 0 1 
				14
				1.33158e-06 0.4593 -0.888281 2.88625e-06 0 -0.888281 -0.4593 -10.3315 -1 6.11595e-07 -1.18282e-06 -35.0037 0 0 0 1 
				15
				1.33158e-06 0.375209 -0.92694 2.92468e-06 0 -0.92694 -0.375209 -9.4524 -1 4.99621e-07 -1.2343e-06 -35.4825 0 0 0 1 
				16
				1.33158e-06 0.271612 -0.962407 2.97015e-06 0 -0.962407 -0.271612 -8.41215 -1 3.61673e-07 -1.28152e-06 -36.0658 0 0 0 1 
				17
				1.33158e-06 0.152126 -0.988361 3.02093e-06 0 -0.988361 -0.152126 -7.25042 -1 2.02568e-07 -1.31608e-06 -36.728 0 0 0 1 
				18
				1.33158e-06 0.0218849 -0.99976 3.07524e-06 0 -0.99976 -0.0218849 -6.00813 -1 2.91415e-08 -1.33126e-06 -37.4425 0 0 0 1 
				19
				1.33158e-06 -0.112879 -0.993609 3.13127e-06 0 -0.993609 0.112879 -4.7262 -1 -1.50308e-07 -1.32307e-06 -38.1828 0 0 0 1 
				20
				1.33158e-06 -0.245589 -0.969374 3.18731e-06 0 -0.969374 0.245589 -3.44427 -1 -3.27022e-07 -1.2908e-06 -38.923 0 0 0 1 
				21
				1.33158e-06 -0.369954 -0.92905 3.24161e-06 0 -0.92905 0.369954 -2.20198 -1 -4.92624e-07 -1.2371e-06 -39.6376 0 0 0 1 
				22
				1.33158e-06 -0.480573 -0.876955 3.29239e-06 0 -0.876955 0.480573 -1.04025 -1 -6.39922e-07 -1.16774e-06 -40.2998 0 0 0 1 
				23
				1.33158e-06 -0.573574 -0.819154 3.33786e-06 0 -0.819154 0.573574 8.68908e-07 -1 -7.6376e-07 -1.09077e-06 -40.8831 0 0 0 1 
		</Joint>
			2
				-1
				-0.000271969 -0.342021 -0.939692 0.00405821 -0.000750183 -0.939692 0.342021 0.0111245 -1 0.00079796 -1.01208e-06 -46.0605 0 0 0 1 
				0
				0.000592105 -0.396499 -0.918035 0.00470362 0.000583588 -0.918035 0.3965 0.115878 -1 -0.000770524 -0.000312181 -46.3226 0 0 0 1 
				1
				0.00299308 -0.468958 -0.883215 0.00556201 0.00366672 -0.883208 0.468967 0.372976 -0.999989 -0.00464216 -0.000923972 -46.6983 0 0 0 1 
				2
				0.0063682 -0.545624 -0.838006 0.00647015 0.00712991 -0.837977 0.545659 0.690371 -0.999954 -0.00944977 -0.00144616 -47.1188 0 0 0 1 
				3
				0.00978194 -0.614391 -0.788941 0.00728477 0.00986821 -0.788881 0.614467 0.97606 -0.999903 -0.0137961 -0.00165385 -47.5159 0 0 0 1 
				4
				0.0119902 -0.666003 -0.745853 0.00789626 0.0111642 -0.745771 0.666109 1.14098 -0.999866 -0.0163136 -0.00150651 -47.823 0 0 0 1 
				5
				0.0116387 -0.693338 -0.720519 0.00822013 0.0105054 -0.720443 0.693434 1.09609 -0.999877 -0.01564 -0.00110117 -47.9738 0 0 0 1 
				6
				0.00757856 -0.689132 -0.724596 0.00817068 0.00713015 -0.724561 0.689174 0.749447 -0.999946 -0.0103894 -0.000577512 -47.8998 0 0 0 1 
				7
				-0.000511462 -0.642789 -0.766044 0.00762233 -0.000611912 -0.766043 0.642789 0.00906671 -1 0.000797513 -1.52791e-06 -47.5324 0 0 0 1 
				8
				-0.0165638 -0.406816 -0.91336 0.00482765 -0.0321604 -0.912796 0.407148 -2.33108 -0.999345 0.036118 0.002036 -46.0245 0 0 0 1 
				9
				-0.0019219 0.0796345 -0.996822 -0.000933012 -0.0954719 -0.992285 -0.079088 -6.27195 -0.99543 0.0950165 0.00950992 -43.3621 0 0 0 1 
				10
				0.0606784 0.527215 -0.847563 -0.00623508 -0.137853 -0.836564 -0.530242 -9.97392 -0.988592 0.149013 0.0219169 -40.8105 0 0 0 1 
				11
				0.100159 0.698444 -0.708621 -0.00826486 -0.142798 -0.694739 -0.704945 -11.5924 -0.984671 0.171796 0.0301521 -39.6351 0 0 0 1 
				12
				0.0979156 0.701152 -0.706257 -0.00829668 -0.14151 -0.692647 -0.707259 -11.4384 -0.985082 0.169194 0.0313994 -39.6431 0 0 0 1 
				13
				0.0889286 0.680282 -0.727536 -0.00804872 -0.13965 -0.714699 -0.685349 -11.0014 -0.9862 0.162547 0.0314441 -39.8346 0 0 0 1 
				14
				0.0747361 0.637217 -0.767052 -0.00753935 -0.136312 -0.755455 -0.640864 -10.3226 -0.987843 0.152454 0.0304004 -40.1829 0 0 0 1 
				15
				0.0571847 0.572434 -0.817954 -0.0067711 -0.130372 -0.807998 -0.574581 -9.44283 -0.989815 0.139495 0.0284243 -40.6615 0 0 0 1 
				16
				0.038341 0.486638 -0.872762 -0.00575508 -0.120923 -0.864726 -0.48747 -8.40191 -0.991921 0.124227 0.0256912 -41.2446 0 0 0 1 
				17
				0.0203677 0.381813 -0.924015 -0.00451348 -0.107604 -0.918001 -0.3817 -7.23955 -0.993985 0.107202 0.0223871 -41.9066 0 0 0 1 
				18
				0.00528112 0.261866 -0.96509 -0.00309278 -0.0907893 -0.960992 -0.26125 -5.99675 -0.995856 0.0889995 0.0186995 -42.6209 0 0 0 1 
				19
				-0.00538739 0.132476 -0.991172 -0.00156034 -0.0715466 -0.988697 -0.131757 -4.71449 -0.997423 0.0702052 0.0148047 -43.361 0 0 0 1 
				20
				-0.0108501 0.000429327 -0.999941 3.44889e-06 -0.0513967 -0.998678 0.000128907 -3.43245 -0.998619 0.051395 0.0108578 -44.101 0 0 0 1 
				21
				-0.0111566 -0.127071 -0.991831 0.00151315 -0.0319927 -0.991339 0.127368 -2.19024 -0.999426 0.0331523 0.00699465 -44.8153 0 0 0 1 
				22
				-0.00714945 -0.243131 -0.969967 0.0028874 -0.0147891 -0.96986 0.243214 -1.02876 -0.999865 0.0160838 0.00333827 -45.4773 0 0 0 1 
				23
				-0.000271969 -0.342021 -0.939692 0.00405821 -0.000750183 -0.939692 0.342021 0.0111245 -1 0.00079796 -1.01208e-06 -46.0605 0 0 0 1 
		</Joint>
			3
				-1
				-6.90265e-05 -0.0871571 -0.996195 0.00104359 -0.000795174 -0.996194 0.0871571 0.0117653 -1 0.000798165 -5.41232e-07 -60.9424 0 0 0 1 
				0
				0.00136158 -0.19227 -0.981341 0.0157936 0.00201253 -0.98134 0.192272 0.136192 -0.999997 -0.00223677 -0.000949219 -61.2045 0 0 0 1 
				1
				0.00573268 -0.321355 -0.946941 0.0539126 0.00847069 -0.946907 0.321395 0.438765 -0.999948 -0.0098637 -0.00270622 -61.5798 0 0 0 1 
				2
				0.0123846 -0.454374 -0.890725 0.106625 0.0155584 -0.890598 0.454525 0.807031 -0.999802 -0.0194874 -0.0039604 -61.9998 0 0 0 1 
				3
				0.0195352 -0.573178 -0.819198 0.159651 0.0208501 -0.818943 0.573496 1.13262 -0.999592 -0.0282837 -0.00404742 -62.396 0 0 0 1 
				4
				0.0244944 -0.664847 -0.746578 0.194211 0.0229346 -0.746231 0.665292 1.31597 -0.999437 -0.0334183 -0.00303052 -62.7025 0 0 0 1 
				5
				0.0242454 -0.721878 -0.691596 0.189979 0.0210999 -0.691275 0.722283 1.26062 -0.999483 -0.0321046 -0.00152871 -62.8535 0 0 0 1 
				6
				0.0161945 -0.738972 -0.673542 0.129711 0.0142791 -0.67339 0.739149 0.863537 -0.999767 -0.0215877 -0.000353401 -62.7806 0 0 0 1 
				7
				-0.000562678 -0.707108 -0.707106 0.00839005 -0.000564982 -0.707106 0.707108 0.00833958 -1 0.000797376 -1.6301e-06 -62.4143 0 0 0 1 
				8
				-0.0345283 -0.455562 -0.889534 -0.236275 -0.0625912 -0.887332 0.456864 -2.79918 -0.997442 0.0714517 0.00212383 -60.8975 0 0 0 1 
				9
				-0.00114834 0.108377 -0.994109 -0.0308185 -0.189307 -0.976158 -0.106201 -7.68118 -0.981917 0.188069 0.0216375 -58.1782 0 0 0 1 
				10
				0.135646 0.610328 -0.780448 0.889541 -0.263668 -0.737084 -0.622243 -12.0167 -0.955029 0.290184 0.0609411 -55.526 0 0 0 1 
				11
				0.220011 0.783304 -0.581404 1.473 -0.261163 -0.526954 -0.808773 -13.7113 -0.939888 0.32978 0.0886339 -54.2928 0 0 0 1 
				12
				0.217861 0.797447 -0.562685 1.43942 -0.256765 -0.509393 -0.821335 -13.5383 -0.941599 0.323415 0.0937798 -54.3069 0 0 0 1 
				13
				0.202001 0.793005 -0.574751 1.30598 -0.253399 -0.524547 -0.812797 -13.0735 -0.946036 0.309827 0.0949877 -54.5148 0 0 0 1 
				14
				0.175262 0.77087 -0.612407 1.09554 -0.24906 -0.567087 -0.7851 -12.3444 -0.952498 0.290124 0.0926038 -54.8873 0 0 0 1 
				15
				0.140961 0.729855 -0.668911 0.835594 -0.241052 -0.630021 -0.738219 -11.3755 -0.960221 0.265302 0.0871246 -55.3949 0 0 0 1 
				16
				0.10289 0.668397 -0.736654 0.55691 -0.226936 -0.705279 -0.671626 -10.1931 -0.968459 0.236277 0.0791173 -56.0091 0 0 0 1 
				17
				0.0652084 0.586126 -0.807592 0.291651 -0.205278 -0.784125 -0.585669 -8.83161 -0.976529 0.203972 0.0691873 -56.7014 0 0 0 1 
				18
				0.0320278 0.485014 -0.87392 0.0697525 -0.176134 -0.857946 -0.482603 -7.3377 -0.983845 0.169384 0.0579494 -57.4432 0 0 0 1 
				19
				0.00671706 0.369632 -0.929154 -0.0861151 -0.141108 -0.919527 -0.366822 -5.76834 -0.989971 0.133575 0.0459815 -58.2061 0 0 0 1 
				20
				-0.00871004 0.246635 -0.969069 -0.164389 -0.10295 -0.964178 -0.244465 -4.1859 -0.994648 0.0976369 0.0337892 -58.9635 0 0 0 1 
				21
				-0.0138931 0.124018 -0.992183 -0.165988 -0.0649291 -0.990296 -0.122873 -2.65462 -0.997793 0.0627144 0.0218107 -59.6894 0 0 0 1 
				22
				-0.0101322 0.0101931 -0.999897 -0.103631 -0.030128 -0.999497 -0.00988373 -1.23701 -0.999495 0.0300247 0.0104342 -60.3576 0 0 0 1 
				23
				-6.90265e-05 -0.0871571 -0.996195 0.00104359 -0.000795174 -0.996194 0.0871571 0.0117653 -1 0.000798165 -5.41232e-07 -60.9424 0 0 0 1 
		</Joint>
			4
				-1
				-6.90265e-05 -0.0871571 -0.996195 0.000250672 -0.000795174 -0.996194 0.0871571 0.00261007 -1 0.000798165 -5.4124e-07 -75.8242 0 0 0 1 
				0
				0.00136158 -0.192269 -0.981341 0.0365733 0.00201253 -0.98134 0.192272 0.16878 -0.999997 -0.00223677 -0.000949219 -76.0863 0 0 0 1 
				1
				0.00573268 -0.321355 -0.946941 0.14009 0.00847069 -0.946907 0.321395 0.56737 -0.999948 -0.0098637 -0.00270622 -76.4609 0 0 0 1 
				2
				0.0123846 -0.454374 -0.890725 0.292154 0.0155584 -0.890598 0.454525 1.04096 -0.999802 -0.0194874 -0.0039604 -76.8787 0 0 0 1 
				3
				0.0195352 -0.573178 -0.819198 0.451912 0.0208501 -0.818943 0.573496 1.44511 -0.999592 -0.0282837 -0.00404742 -77.2717 0 0 0 1 
				4
				0.0244944 -0.664847 -0.746578 0.560521 0.0229346 -0.746231 0.665292 1.65928 -0.999437 -0.0334183 -0.00303052 -77.5759 0 0 0 1 
				5
				0.0242454 -0.721878 -0.691596 0.552737 0.0210999 -0.691275 0.722283 1.57649 -0.999483 -0.0321046 -0.00152871 -77.7276 0 0 0 1 
				6
				0.0161945 -0.738972 -0.673542 0.372703 0.0142791 -0.67339 0.739149 1.07785 -0.999767 -0.0215877 -0.000353401 -77.659 0 0 0 1 
				7
				-0.000562678 -0.707108 -0.707106 0.0019175 -0.000564982 -0.707106 0.707108 0.00183274 -1 0.000797376 -1.63013e-06 -77.2962 0 0 0 1 
				8
				-0.0345283 -0.455562 -0.889534 -0.748895 -0.0625912 -0.887332 0.456864 -3.72826 -0.997442 0.0714517 0.00212383 -75.7415 0 0 0 1 
				9
				-0.00114835 0.108377 -0.994109 -0.0481995 -0.189307 -0.976158 -0.106201 -10.4958 -0.981917 0.188069 0.0216375 -72.7915 0 0 0 1 
				10
				0.135646 0.610328 -0.780448 2.90657 -0.263668 -0.737084 -0.622243 -15.9386 -0.955029 0.290184 0.0609411 -69.7394 0 0 0 1 
				11
				0.220011 0.783304 -0.581404 4.74508 -0.261163 -0.526954 -0.808773 -17.5965 -0.939888 0.32978 0.0886339 -68.281 0 0 0 1 
				12
				0.217861 0.797447 -0.562685 4.67946 -0.256765 -0.509393 -0.821335 -17.3581 -0.941599 0.323415 0.0937798 -68.3205 0 0 0 1 
				13
				0.202001 0.793005 -0.574751 4.31 -0.253399 -0.524547 -0.812797 -16.8431 -0.946036 0.309827 0.0949877 -68.5944 0 0 0 1 
				14
				0.175262 0.77087 -0.612407 3.7017 -0.24906 -0.567087 -0.7851 -16.0494 -0.952498 0.290124 0.0926038 -69.063 0 0 0 1 
				15
				0.140961 0.729855 -0.668911 2.93139 -0.241052 -0.630021 -0.738219 -14.9612 -0.960221 0.265302 0.0871246 -69.6855 0 0 0 1 
				16
				0.10289 0.668397 -0.736654 2.08631 -0.226936 -0.705279 -0.671626 -13.5685 -0.968459 0.236277 0.0791173 -70.4222 0 0 0 1 
				17
				0.0652084 0.586126 -0.807592 1.2605 -0.205278 -0.784125 -0.585669 -11.8844 -0.976529 0.203972 0.0691873 -71.2346 0 0 0 1 
				18
				0.0320278 0.485014 -0.87392 0.545082 -0.176134 -0.857946 -0.482603 -9.9566 -0.983845 0.169384 0.0579494 -72.0851 0 0 0 1 
				19
				0.00671706 0.369632 -0.929154 0.0128539 -0.141108 -0.919527 -0.366822 -7.86583 -0.989971 0.133575 0.0459815 -72.9391 0 0 0 1 
				20
				-0.00871004 0.246635 -0.969069 -0.294674 -0.10295 -0.964178 -0.244465 -5.71541 -0.994648 0.0976369 0.0337892 -73.766 0 0 0 1 
				21
				-0.0138931 0.124018 -0.992183 -0.373077 -0.0649291 -0.990296 -0.122873 -3.61822 -0.997793 0.0627144 0.0218107 -74.5386 0 0 0 1 
				22
				-0.0101322 0.0101931 -0.999897 -0.254445 -0.030128 -0.999497 -0.00988373 -1.68268 -0.999495 0.0300247 0.0104342 -75.232 0 0 0 1 
				23
				-6.90265e-05 -0.0871571 -0.996195 0.000250672 -0.000795174 -0.996194 0.0871571 0.00261007 -1 0.000798165 -5.4124e-07 -75.8242 0 0 0 1 
		</Joint>
			5
				-1
				0.996195 0.0871571 2.4103e-06 1.59826 -0.0871571 0.996195 1.67575e-06 -0.139894 -2.25508e-06 -1.87944e-06 1 -75.8242 0 0 0 1 
				0
				0.981341 0.192268 -0.00151193 1.61047 -0.192272 0.981338 -0.0027945 -0.142325 0.000946423 0.00303306 0.999995 -76.0848 0 0 0 1 
				1
				0.946941 0.32135 -0.00598592 1.65845 -0.321395 0.9469 -0.0092256 0.0491998 0.00270342 0.0106599 0.999939 -76.4566 0 0 0 1 
				2
				0.890725 0.454364 -0.012744 1.71997 -0.454525 0.890585 -0.0162689 0.309358 0.00395761 0.0202835 0.999786 -76.8724 0 0 0 1 
				3
				0.819198 0.573162 -0.0199893 1.76465 -0.573496 0.818926 -0.0215038 0.522828 0.00404462 0.0290797 0.999569 -77.2653 0 0 0 1 
				4
				0.746578 0.664828 -0.0250217 1.75651 -0.665292 0.746213 -0.0235306 0.589921 0.00302773 0.0342142 0.99941 -77.5711 0 0 0 1 
				5
				0.691596 0.721858 -0.0248183 1.66036 -0.722283 0.691258 -0.0216523 0.415837 0.00152591 0.0329005 0.999457 -77.7252 0 0 0 1 
				6
				0.673542 0.738959 -0.0167811 1.45131 -0.739149 0.673379 -0.0148174 -0.109812 0.000350605 0.0223838 0.99975 -77.6584 0 0 0 1 
				7
				0.707106 0.707108 1.59565e-06 1.13446 -0.707108 0.707106 -5.3592e-08 -1.13451 -1.16619e-06 -1.0904e-06 1 -77.2962 0 0 0 1 
				8
				0.889534 0.45559 0.034168 0.677003 -0.456864 0.887381 0.0618833 -4.46361 -0.00212662 -0.0706575 0.997498 -75.7447 0 0 0 1 
				9
				0.994109 -0.108376 0.00123729 1.54699 0.106201 0.976308 0.188529 -10.328 -0.0216401 -0.187287 0.982067 -72.8257 0 0 0 1 
				10
				0.780449 -0.610436 -0.135158 4.16032 0.622243 0.737294 0.263082 -14.9423 -0.0609437 -0.289423 0.955259 -69.8364 0 0 0 1 
				11
				0.581405 -0.783478 -0.219385 5.67995 0.808772 0.527162 0.260745 -16.3003 -0.0886365 -0.329031 0.94015 -68.4223 0 0 0 1 
				12
				0.562686 -0.79762 -0.217224 5.58434 0.821334 0.509597 0.256362 -16.0417 -0.0937824 -0.322665 0.941856 -68.4701 0 0 0 1 
				13
				0.574751 -0.793166 -0.201368 5.23423 0.812797 0.524749 0.252983 -15.5405 -0.0949903 -0.309074 0.946282 -68.7459 0 0 0 1 
				14
				0.612408 -0.77101 -0.174646 4.68628 0.785099 0.567285 0.24861 -14.7913 -0.0926065 -0.289366 0.952729 -69.2108 0 0 0 1 
				15
				0.668911 -0.729967 -0.140378 4.00652 0.738219 0.630213 0.240552 -13.7785 -0.0871273 -0.264537 0.960431 -69.8246 0 0 0 1 
				16
				0.736655 -0.668478 -0.102356 3.26995 0.671625 0.70546 0.226377 -12.4928 -0.07912 -0.235506 0.968647 -70.5485 0 0 0 1 
				17
				0.807592 -0.586177 -0.0647394 2.55773 0.585669 0.784288 0.204655 -10.9469 -0.06919 -0.203194 0.976691 -71.345 0 0 0 1 
				18
				0.87392 -0.485039 -0.0316391 1.94845 0.482603 0.858086 0.175452 -9.18464 -0.0579521 -0.1686 0.983979 -72.1776 0 0 0 1 
				19
				0.929154 -0.369637 -0.00642012 1.50453 0.366822 0.919639 0.140377 -7.27978 -0.0459843 -0.132787 0.990077 -73.0125 0 0 0 1 
				20
				0.969069 -0.246628 0.00890913 1.26071 0.244465 0.964259 0.102183 -5.32579 -0.033792 -0.0968448 0.994726 -73.8199 0 0 0 1 
				21
				0.992183 -0.124007 0.0139946 1.21906 0.122873 0.990347 0.0641409 -3.42375 -0.0218135 -0.0619199 0.997843 -74.5734 0 0 0 1 
				22
				0.999897 -0.010185 0.0101431 1.34976 0.00988363 0.999521 0.0293321 -1.66951 -0.010437 -0.0292288 0.999518 -75.2487 0 0 0 1 
				23
				0.996195 0.0871571 2.4103e-06 1.59826 -0.0871571 0.996195 1.67575e-06 -0.139894 -2.25508e-06 -1.87944e-06 1 -75.8242 0 0 0 1 
		</Joint>
			6
				-1
				0.112922 -0.0327947 -0.993063 9.04144 0.148164 0.988837 -0.0158073 -0.791098 0.982495 -0.145352 0.11652 -75.8243 0 0 0 1 
				0
				0.101361 0.134913 -0.98566 8.94267 0.0822989 0.986229 0.143454 -1.57891 0.99144 -0.0956592 0.0888616 -76.0777 0 0 0 1 
				1
				0.0689279 0.330387 -0.941325 8.73363 -0.0132865 0.94379 0.330279 -2.35214 0.997533 -0.0102585 0.0694431 -76.4364 0 0 0 1 
				2
				0.0114077 0.520596 -0.853727 8.37512 -0.100712 0.850039 0.517002 -3.08668 0.99485 0.0800829 0.0621274 -76.8428 0 0 0 1 
				3
				-0.0665461 0.676877 -0.733082 7.88538 -0.170138 0.716253 0.676783 -3.76211 0.983171 0.169762 0.0674986 -77.2351 0 0 0 1 
				4
				-0.136509 0.786038 -0.602917 7.33465 -0.206834 0.572586 0.793325 -4.38088 0.968806 0.233 0.0844167 -77.5485 0 0 0 1 
				5
				-0.177257 0.851919 -0.492762 6.82769 -0.210976 0.456158 0.864528 -4.98078 0.961285 0.257204 0.0988776 -77.7138 0 0 0 1 
				6
				-0.16955 0.885759 -0.43207 6.48376 -0.185369 0.401929 0.896711 -5.63245 0.967931 0.23213 0.0960449 -77.6558 0 0 0 1 
				7
				-0.103618 0.887648 -0.448715 6.41768 -0.123326 0.436196 0.891361 -6.41775 0.986942 0.147699 0.0642719 -77.2962 0 0 0 1 
				8
				0.0989011 0.695206 -0.711975 7.32325 0.177848 0.691614 0.700029 -7.87713 0.979075 -0.195857 -0.0552397 -75.7606 0 0 0 1 
				9
				-0.0598119 0.129528 -0.98977 8.97459 0.741943 0.6691 0.0427274 -9.53454 0.66779 -0.731797 -0.136123 -72.9873 0 0 0 1 
				10
				-0.614483 -0.1174 -0.780146 9.99153 0.773402 0.105591 -0.62506 -10.2931 0.155758 -0.987456 0.0259137 -70.2918 0 0 0 1 
				11
				-0.841099 -0.0392396 -0.539457 10.024 0.535151 -0.205177 -0.819461 -10.2575 -0.0785287 -0.977938 0.193573 -69.0846 0 0 0 1 
				12
				-0.858402 -0.072276 -0.507859 9.78851 0.508827 -0.245632 -0.825081 -9.90504 -0.0651128 -0.966665 0.247627 -69.1708 0 0 0 1 
				13
				-0.852011 -0.140754 -0.504248 9.52855 0.523406 -0.249466 -0.814747 -9.46761 -0.011114 -0.9581 0.286219 -69.4557 0 0 0 1 
				14
				-0.817618 -0.236009 -0.525168 9.26195 0.570779 -0.212505 -0.793129 -8.92537 0.0755845 -0.948231 0.308456 -69.9027 0 0 0 1 
				15
				-0.748777 -0.342856 -0.567259 9.00436 0.635775 -0.129528 -0.760929 -8.2628 0.187413 -0.930415 0.314967 -70.4756 0 0 0 1 
				16
				-0.642201 -0.441153 -0.626867 8.77395 0.698181 0.000938765 -0.71592 -7.4747 0.316419 -0.897431 0.307402 -71.1397 0 0 0 1 
				17
				-0.502263 -0.50913 -0.698941 8.59174 0.73619 0.172234 -0.654492 -6.57102 0.453603 -0.843281 0.288309 -71.862 0 0 0 1 
				18
				-0.342782 -0.529015 -0.776301 8.47804 0.731805 0.367779 -0.573759 -5.57882 0.589034 -0.764776 0.261068 -72.6106 0 0 0 1 
				19
				-0.184406 -0.492931 -0.850302 8.44681 0.676445 0.563984 -0.47365 -4.53903 0.713033 -0.662527 0.229439 -73.3561 0 0 0 1 
				20
				-0.0487794 -0.405809 -0.912655 8.50122 0.57363 0.73664 -0.358203 -3.49924 0.817661 -0.541 0.196851 -74.0724 0 0 0 1 
				21
				0.047896 -0.284271 -0.957547 8.63227 0.437721 0.867668 -0.235693 -2.50569 0.897834 -0.40785 0.165989 -74.7364 0 0 0 1 
				22
				0.0998571 -0.151975 -0.983328 8.82061 0.289228 0.950027 -0.117457 -1.59566 0.952038 -0.272677 0.138822 -75.3266 0 0 0 1 
				23
				0.112922 -0.0327946 -0.993063 9.04144 0.148164 0.988837 -0.0158072 -0.791098 0.982495 -0.145352 0.11652 -75.8243 0 0 0 1 
		</Joint>
			7
				-1
				-0.0189883 0.116044 -0.993063 10.7801 -0.95636 -0.291762 -0.0158072 1.49024 -0.291572 0.949426 0.11652 -60.6965 0 0 0 1 
				0
				-0.166275 0.0287755 -0.98566 10.5034 -0.915448 -0.375998 0.143454 -0.311724 -0.366478 0.926173 0.0888616 -60.8122 0 0 0 1 
				1
				-0.321963 -0.101223 -0.941325 9.79493 -0.817065 -0.472567 0.330279 -2.55671 -0.478271 0.875462 0.0694431 -61.0771 0 0 0 1 
				2
				-0.449459 -0.26294 -0.853727 8.55077 -0.671382 -0.530995 0.517002 -4.63738 -0.589265 0.805548 0.0621274 -61.5248 0 0 0 1 
				3
				-0.525299 -0.432031 -0.733082 6.86075 -0.500354 -0.540011 0.676783 -6.38178 -0.688263 0.722314 0.0674986 -62.0969 0 0 0 1 
				4
				-0.559256 -0.568967 -0.602917 5.23278 -0.344808 -0.50174 0.793325 -7.56557 -0.753884 0.651563 0.0844168 -62.6315 0 0 0 1 
				5
				-0.576691 -0.651624 -0.492762 4.09842 -0.239364 -0.441923 0.864528 -8.22925 -0.78111 0.616515 0.0988776 -62.9126 0 0 0 1 
				6
				-0.607785 -0.666268 -0.43207 3.87314 -0.210852 -0.389166 0.896711 -8.48663 -0.765597 0.63611 0.0960449 -62.7523 0 0 0 1 
				7
				-0.662609 -0.59967 -0.448715 4.82224 -0.283577 -0.353639 0.891361 -8.31663 -0.693205 0.717869 0.0642719 -62.0999 0 0 0 1 
				8
				-0.655953 -0.250636 -0.711975 8.84607 -0.691096 -0.179851 0.700029 -5.13874 -0.303501 0.951228 -0.0552397 -60.6855 0 0 0 1 
				9
				-0.105952 -0.0955471 -0.98977 8.05364 -0.859093 0.510032 0.0427276 1.88939 0.500732 0.854832 -0.136123 -62.7052 0 0 0 1 
				10
				0.179656 -0.599246 -0.780146 0.530141 -0.184169 0.758539 -0.625061 1.61519 0.966337 0.255974 0.0259137 -67.8935 0 0 0 1 
				11
				0.0463917 -0.840734 -0.539457 -2.92668 0.200618 0.536877 -0.819461 -2.01762 0.97857 -0.0702087 0.193573 -70.2937 0 0 0 1 
				12
				0.0766792 -0.85802 -0.507859 -3.42858 0.243018 0.510081 -0.825081 -2.07047 0.966986 -0.0601523 0.247627 -70.1734 0 0 0 1 
				13
				0.154006 -0.849715 -0.504249 -3.59013 0.241284 0.527229 -0.814747 -1.40855 0.958156 0.00380916 0.286219 -69.6268 0 0 0 1 
				14
				0.266768 -0.808105 -0.525168 -3.32716 0.190762 0.578409 -0.793129 -0.136914 0.944693 0.1114 0.308456 -68.7389 0 0 0 1 
				15
				0.394326 -0.722996 -0.567259 -2.52479 0.0847981 0.64327 -0.760929 1.52642 0.91505 0.251952 0.314967 -67.5899 0 0 0 1 
				16
				0.50891 -0.589956 -0.626867 -1.11422 -0.0774886 0.693869 -0.71592 3.27541 0.857325 0.412914 0.307402 -66.2677 0 0 0 1 
				17
				0.580886 -0.417197 -0.698941 0.858235 -0.28436 0.700557 -0.654492 4.76433 0.7627 0.578936 0.288309 -64.8777 0 0 0 1 
				18
				0.587855 -0.22756 -0.776301 3.20012 -0.509436 0.641308 -0.57376 5.68902 0.628413 0.732763 0.261068 -63.541 0 0 0 1 
				19
				0.523634 -0.0528593 -0.850302 5.60746 -0.717592 0.510605 -0.47365 5.8764 0.459205 0.858189 0.229439 -62.3773 0 0 0 1 
				20
				0.401411 0.0769997 -0.912655 7.75015 -0.876244 0.322314 -0.358203 5.33312 0.26658 0.943496 0.196851 -61.4826 0 0 0 1 
				21
				0.249323 0.144714 -0.957547 9.36974 -0.96614 0.104985 -0.235693 4.23404 0.0664203 0.983888 0.165989 -60.9122 0 0 0 1 
				22
				0.100353 0.151648 -0.983328 10.3581 -0.987147 -0.108381 -0.117457 2.85767 -0.124386 0.982475 0.138822 -60.6678 0 0 0 1 
				23
				-0.0189884 0.116044 -0.993063 10.7801 -0.95636 -0.291762 -0.0158072 1.49024 -0.291572 0.949426 0.11652 -60.6965 0 0 0 1 
		</Joint>
			8
				-1
				-0.0189883 -0.99297 -0.116835 10.4878 -0.956361 -0.0160396 0.291749 -13.2352 -0.291572 0.117276 -0.949333 -65.1859 0 0 0 1 
				0
				-0.166275 -0.985636 -0.0295603 7.94317 -0.915448 0.143154 0.376112 -14.4072 -0.366478 0.0895991 -0.926102 -66.455 0 0 0 1 
				1
				-0.321963 -0.941406 0.100474 4.83756 -0.817065 0.329903 0.47283 -15.1373 -0.478271 0.0701402 -0.875407 -68.4412 0 0 0 1 
				2
				-0.449459 -0.853936 0.26226 1.63031 -0.671382 0.516579 0.531406 -14.9749 -0.589265 0.0627688 -0.805498 -70.5979 0 0 0 1 
				3
				-0.525299 -0.733426 0.431448 -1.22744 -0.500354 0.676352 0.540549 -14.0859 -0.688263 0.0680736 -0.72226 -72.6943 0 0 0 1 
				4
				-0.559256 -0.60337 0.568487 -3.37827 -0.344808 0.792925 0.502372 -12.8747 -0.753884 0.0849356 -0.651495 -74.2393 0 0 0 1 
				5
				-0.576691 -0.49328 0.651231 -4.78107 -0.239364 0.864176 0.442611 -11.9148 -0.78111 0.0993685 -0.616436 -74.9396 0 0 0 1 
				6
				-0.607785 -0.4326 0.665924 -5.48511 -0.210852 0.896401 0.38988 -11.7332 -0.765597 0.0965514 -0.636034 -74.5404 0 0 0 1 
				7
				-0.662609 -0.449193 0.599312 -5.38016 -0.283577 0.891079 0.354349 -12.683 -0.693205 0.0648436 -0.717818 -72.7734 0 0 0 1 
				8
				-0.655953 -0.712174 0.250069 -1.25384 -0.691096 0.699886 0.180408 -15.7798 -0.303501 -0.0544822 -0.951272 -65.3586 0 0 0 1 
				9
				-0.105952 -0.989846 0.0947589 6.42227 -0.859093 0.0431337 -0.509998 -11.3383 0.500732 -0.135442 -0.85494 -54.9952 0 0 0 1 
				10
				0.179656 -0.780623 0.598625 3.29636 -0.184169 -0.624456 -0.759037 -1.22051 0.966337 0.0261175 -0.255954 -53.0145 0 0 0 1 
				11
				0.0463917 -0.540126 0.840304 -2.21237 0.200618 -0.819033 -0.537529 1.07136 0.97857 0.193517 0.0703628 -55.2263 0 0 0 1 
				12
				0.0766792 -0.508542 0.857616 -2.24793 0.243018 -0.824675 -0.510738 1.67136 0.966986 0.247579 0.0603495 -55.2844 0 0 0 1 
				13
				0.154006 -0.504925 0.849313 -1.21884 0.241284 -0.814327 -0.527877 2.30657 0.958156 0.286222 -0.00358124 -54.8738 0 0 0 1 
				14
				0.266768 -0.525811 0.807687 0.780348 0.190762 -0.792668 -0.57904 2.8003 0.944693 0.308545 -0.111154 -54.1932 0 0 0 1 
				15
				0.394326 -0.567835 0.722544 3.54677 0.0847981 -0.760416 -0.643876 2.83208 0.91505 0.315168 -0.251701 -53.5006 0 0 0 1 
				16
				0.50891 -0.627336 0.589457 6.72163 -0.0774887 -0.715368 -0.694438 2.08229 0.857325 0.307731 -0.41267 -53.0672 0 0 0 1 
				17
				0.580886 -0.699273 0.41664 9.80231 -0.28436 -0.653934 -0.701078 0.385947 0.7627 0.28877 -0.578706 -53.1342 0 0 0 1 
				18
				0.587855 -0.776482 0.226942 12.2515 -0.509436 -0.573249 -0.641764 -2.15492 0.628413 0.261652 -0.732555 -53.8652 0 0 0 1 
				19
				0.523634 -0.850344 0.0521822 13.67 -0.717592 -0.473243 -0.510982 -5.17259 0.459205 0.230122 -0.858006 -55.3067 0 0 0 1 
				20
				0.401412 -0.912594 -0.0777264 13.9308 -0.876244 -0.357947 -0.322599 -8.15869 0.26658 0.197602 -0.943339 -57.378 0 0 0 1 
				21
				0.249322 -0.957431 -0.145476 13.2086 -0.96614 -0.23561 -0.105173 -10.6419 0.0664203 0.166773 -0.983756 -59.8895 0 0 0 1 
				22
				0.100353 -0.983206 -0.152431 11.9033 -0.987146 -0.117543 0.108288 -12.3417 -0.124386 0.139605 -0.982364 -62.583 0 0 0 1 
				23
				-0.0189884 -0.99297 -0.116835 10.4878 -0.956361 -0.0160395 0.291749 -13.2352 -0.291572 0.117276 -0.949333 -65.1859 0 0 0 1 
		</Joint>
			9
				-1
				-0.996195 0.0871571 3.16105e-06 -1.59823 0.0871571 0.996195 -2.16318e-06 0.139758 -3.33756e-06 -1.87944e-06 -1 -75.8242 0 0 0 1 
				0
				-0.981341 0.192268 0.00151742 -1.53836 0.192272 0.981338 0.00279342 0.474609 -0.000952015 0.00303306 -0.999995 -76.0878 0 0 0 1 
				1
				-0.946941 0.32135 0.00599121 -1.38 0.321395 0.9469 0.0092238 1.08045 -0.00270901 0.0106599 -0.999939 -76.4653 0 0 0 1 
				2
				-0.890725 0.454364 0.0127489 -1.1381 0.454525 0.890585 0.0162663 1.76778 -0.0039632 0.0202835 -0.999786 -76.8851 0 0 0 1 
				3
				-0.819198 0.573162 0.0199939 -0.86391 0.573496 0.818926 0.0215006 2.36299 -0.00405021 0.0290797 -0.999569 -77.2783 0 0 0 1 
				4
				-0.746578 0.664828 0.0250259 -0.639038 0.665292 0.746213 0.0235269 2.72463 -0.00303332 0.0342142 -0.99941 -77.5808 0 0 0 1 
				5
				-0.691596 0.721858 0.0248221 -0.558766 0.722283 0.691258 0.0216483 2.73342 -0.0015315 0.0329005 -0.999457 -77.7301 0 0 0 1 
				6
				-0.673542 0.738959 0.0167849 -0.709882 0.739149 0.673379 0.0148132 2.26189 -0.000356197 0.0223838 -0.99975 -77.6596 0 0 0 1 
				7
				-0.707106 0.707108 2.35893e-06 -1.13443 0.707108 0.707106 -3.90101e-06 1.13437 -4.42645e-06 -1.0904e-06 -1 -77.2962 0 0 0 1 
				8
				-0.889534 0.45559 -0.034163 -2.17724 0.456864 0.887381 -0.0618859 -2.99769 0.00212104 -0.0706575 -0.997498 -75.7379 0 0 0 1 
				9
				-0.994109 -0.108376 -0.00123186 -1.6428 -0.106202 0.976308 -0.188529 -10.6688 0.0216347 -0.187287 -0.982067 -72.7562 0 0 0 1 
				10
				-0.780448 -0.610436 0.135162 1.6561 -0.622244 0.737294 -0.263079 -16.9389 0.0609384 -0.289423 -0.95526 -69.6409 0 0 0 1 
				11
				-0.581404 -0.783478 0.219389 3.81441 -0.808773 0.527162 -0.260741 -18.8954 0.0886313 -0.329031 -0.94015 -68.1379 0 0 0 1 
				12
				-0.562685 -0.79762 0.217227 3.77886 -0.821335 0.509597 -0.256357 -18.6771 0.0937771 -0.322665 -0.941856 -68.1692 0 0 0 1 
				13
				-0.57475 -0.793166 0.201371 3.39004 -0.812798 0.524749 -0.252979 -18.1485 0.094985 -0.309074 -0.946283 -68.4412 0 0 0 1 
				14
				-0.612407 -0.77101 0.17465 2.72126 -0.785101 0.567285 -0.248606 -17.3105 0.0926011 -0.289366 -0.952729 -68.9137 0 0 0 1 
				15
				-0.66891 -0.729967 0.140381 1.86019 -0.73822 0.630213 -0.240548 -16.1472 0.0871219 -0.264537 -0.960432 -69.545 0 0 0 1 
				16
				-0.736654 -0.668478 0.10236 0.906263 -0.671626 0.70546 -0.226373 -14.6479 0.0791146 -0.235506 -0.968647 -70.2947 0 0 0 1 
				17
				-0.807592 -0.586177 0.0647439 -0.0335797 -0.58567 0.784288 -0.204652 -12.8262 0.0691846 -0.203194 -0.976691 -71.123 0 0 0 1 
				18
				-0.87392 -0.485039 0.031644 -0.855682 -0.482604 0.858086 -0.17545 -10.7332 0.0579466 -0.1686 -0.98398 -71.9917 0 0 0 1 
				19
				-0.929154 -0.369637 0.00642532 -1.47684 -0.366823 0.919639 -0.140375 -8.45681 0.0459788 -0.132787 -0.990078 -72.8649 0 0 0 1 
				20
				-0.969069 -0.246628 -0.00890371 -1.84873 -0.244465 0.964259 -0.102182 -6.11021 0.0337864 -0.0968448 -0.994726 -73.7115 0 0 0 1 
				21
				-0.992183 -0.124007 -0.0139891 -1.96455 -0.122874 0.990347 -0.0641402 -3.81802 0.0218079 -0.0619199 -0.997843 -74.5034 0 0 0 1 
				22
				-0.999897 -0.010185 -0.0101375 -1.8586 -0.0098838 0.999521 -0.029332 -1.70123 0.0104314 -0.0292288 -0.999518 -75.2152 0 0 0 1 
				23
				-0.996195 0.0871571 3.16105e-06 -1.59823 0.0871571 0.996195 -2.16318e-06 0.139758 -3.33756e-06 -1.87944e-06 -1 -75.8242 0 0 0 1 
		</Joint>
			10
				-1
				0.237443 0.519487 -0.820826 -9.04141 0.493742 0.663159 0.562529 0.790962 0.836564 -0.538845 -0.0990298 -75.8243 0 0 0 1 
				0
				0.0274732 0.699579 -0.714027 -8.87056 0.230179 0.690675 0.685555 1.91119 0.97276 -0.183188 -0.142053 -76.0949 0 0 0 1 
				1
				-0.195094 0.798259 -0.569842 -8.45518 -0.00849697 0.579609 0.81485 3.48179 0.980748 0.163814 -0.106296 -76.4855 0 0 0 1 
				2
				-0.49934 0.754199 -0.426432 -7.79325 -0.273669 0.329688 0.903555 5.16382 0.822049 0.567882 0.0417745 -76.9147 0 0 0 1 
				3
				-0.764529 0.565492 -0.309377 -6.98464 -0.357007 0.028146 0.933678 6.64793 0.536695 0.824273 0.180366 -77.3085 0 0 0 1 
				4
				-0.916253 0.301907 -0.263312 -6.21718 -0.344733 -0.259407 0.902146 7.69543 0.204059 0.917366 0.34176 -77.6035 0 0 0 1 
				5
				-0.954459 0.059488 -0.29235 -5.7261 -0.283384 -0.487155 0.826059 8.13004 -0.0932795 0.871287 0.481828 -77.7416 0 0 0 1 
				6
				-0.922708 -0.0819005 -0.376699 -5.74232 -0.236904 -0.650409 0.721696 7.78452 -0.304116 0.755156 0.580735 -77.6622 0 0 0 1 
				7
				-0.871948 -0.083688 -0.482394 -6.41765 -0.259621 -0.756317 0.600485 6.41761 -0.415096 0.648831 0.637741 -77.2962 0 0 0 1 
				8
				-0.713295 0.325166 -0.620868 -8.8235 -0.642194 -0.658033 0.393167 0.415822 -0.280707 0.679162 0.678191 -75.722 0 0 0 1 
				9
				-0.00324512 0.713321 -0.70083 -9.0704 -0.98725 0.10925 0.115768 -11.4623 0.159146 0.69227 0.703872 -72.5946 0 0 0 1 
				10
				0.639074 0.266042 -0.72167 -4.1751 -0.495126 0.860311 -0.121307 -21.588 0.588587 0.434841 0.681526 -69.1856 0 0 0 1 
				11
				0.659506 -0.182299 -0.729259 -0.529609 -0.00636584 0.968758 -0.247926 -24.9383 0.751673 0.168151 0.637741 -67.4757 0 0 0 1 
				12
				0.604928 -0.260052 -0.752618 -0.425298 0.0934995 0.961827 -0.257189 -24.8138 0.790771 0.0852113 0.606151 -67.4685 0 0 0 1 
				13
				0.567768 -0.248773 -0.784698 -0.904271 0.0784114 0.965252 -0.249279 -24.2214 0.819445 0.0800036 0.567546 -67.7315 0 0 0 1 
				14
				0.535477 -0.178071 -0.825564 -1.85441 -0.0106223 0.976022 -0.217415 -23.1765 0.844483 0.12519 0.520745 -68.2218 0 0 0 1 
				15
				0.485866 -0.0743134 -0.870868 -3.13764 -0.131177 0.978893 -0.156716 -21.6629 0.864133 0.190381 0.465863 -68.8941 0 0 0 1 
				16
				0.408243 0.0371814 -0.912116 -4.59773 -0.238033 0.968941 -0.0670405 -19.666 0.881293 0.244482 0.404414 -69.7036 0 0 0 1 
				17
				0.313082 0.136418 -0.939878 -6.06759 -0.285539 0.957364 0.04384 -17.2021 0.905785 0.254646 0.338686 -70.6061 0 0 0 1 
				18
				0.224704 0.219463 -0.949392 -7.38527 -0.245777 0.955571 0.16272 -14.339 0.942922 0.196775 0.26866 -71.5587 0 0 0 1 
				19
				0.158564 0.300151 -0.940621 -8.41912 -0.137368 0.950114 0.280024 -11.1976 0.977746 0.0848097 0.191885 -72.5214 0 0 0 1 
				20
				0.137159 0.379057 -0.915152 -9.08924 0.0203843 0.922608 0.385201 -7.93676 0.990339 -0.0714883 0.118817 -73.4591 0 0 0 1 
				21
				0.141804 0.448486 -0.882469 -9.37775 0.178848 0.865199 0.468448 -4.73609 0.973604 -0.224256 0.0424779 -74.3405 0 0 0 1 
				22
				0.176484 0.497062 -0.849579 -9.32944 0.355933 0.772492 0.525899 -1.77508 0.917696 -0.395205 -0.040588 -75.1372 0 0 0 1 
				23
				0.237443 0.519487 -0.820826 -9.04141 0.493742 0.663159 0.562529 0.790962 0.836564 -0.538845 -0.0990299 -75.8243 0 0 0 1 
		</Joint>
			11
				-1
				-0.535497 0.198717 -0.820826 -5.38543 -0.697574 0.443793 0.562529 8.39326 0.476061 0.873819 -0.0990298 -62.9434 0 0 0 1 
				0
