<?xml version='1.0' encoding='UTF-8' ?>
<itpanim>
	<skeleton count>
		25
			0 -1
			1.37091e-06 -1 -6.12323e-17 1.44898e-05 1 1.37091e-06 -6.12323e-17 -1.98691e-11 6.12323e-17 -6.12323e-17 1 80.8015 0 0 0 1 
			1 0
			1.3868e-06 4.78456e-08 -1 -80.8015 2.75771e-06 -1 -4.78418e-08 1.44901e-05 -1 -2.75771e-06 -1.3868e-06 -0.000112056 0 0 0 1 
			2 1
			1.40269e-06 -0.000796318 -1 -90.1364 0 -1 0.000796318 0.0931538 -1 -1.11699e-09 -1.40269e-06 -2.58351e-07 0 0 0 1 
			3 2
			1.40269e-06 -0.000796318 -1 -116.969 0 -1 0.000796318 0.11452 -1 -1.11699e-09 -1.40269e-06 -3.17612e-07 0 0 0 1 
			4 3
			1.40269e-06 -0.000796318 -1 -143.801 0 -1 0.000796318 0.119367 -1 -1.11699e-09 -1.40269e-06 -3.31058e-07 0 0 0 1 
			5 4
			1 1.37091e-06 4.37113e-08 -2.89267 -1.37091e-06 1 3.58059e-15 -8.20407e-06 -4.37113e-08 -6.35048e-14 1 143.801 0 0 0 1 
			6 5
			0.995014 0.0902305 0.042489 -10.1726 -0.0897157 0.995871 -0.0138741 -0.527027 -0.0435655 0.00999304 0.999001 144.37 0 0 0 1 
			7 6
			0.994845 -0.0912189 0.0442967 -37.2146 0.0915704 0.995781 -0.00596753 -7.37347 -0.0435655 0.00999304 0.999001 144.37 0 0 0 1 
			8 7
			0.994845 -0.0912189 0.0442967 -64.9763 -0.0434925 0.0107859 0.998995 144.365 -0.091605 -0.995772 0.00676301 7.48842 0 0 0 1 
			9 4
			-1 -1.37091e-06 4.37114e-08 -2.89267 -1.37091e-06 1 3.84662e-15 -8.20407e-06 -4.37115e-08 -5.60777e-14 -1 -143.801 0 0 0 1 
			10 9
			-0.995014 0.0902277 0.042489 -10.1726 0.089713 0.995871 -0.0138741 -0.527027 -0.0435654 -0.00999316 -0.999001 -144.37 0 0 0 1 
			11 10
			-0.994845 -0.0912216 0.0442967 -37.2146 -0.0915731 0.99578 -0.00596753 -7.37347 -0.0435654 -0.00999316 -0.999001 -144.37 0 0 0 1 
			12 11
			-0.994845 -0.0912216 0.0442967 -64.9763 0.0434925 0.0107861 0.998995 144.365 -0.0916078 0.995772 -0.00676301 -7.48842 0 0 0 1 
			13 4
			1.34309e-06 -5.95475e-08 -1 -149.889 -1.40269e-06 -1 5.95456e-08 7.93768e-06 -1 1.40269e-06 -1.34309e-06 -0.000201315 0 0 0 1 
			14 13
			1 -0 0 0 0 1 0 0 -0 -0 1 -0 0 0 0 1 
			15 2
			1.37369e-06 -0.0998334 0.995004 80.3979 0 -0.995004 -0.0998334 -8.06668 1 1.3714e-07 -1.36683e-06 -8.2648 0 0 0 1 
			16 15
			1.37369e-06 0.0998334 0.995004 45.0607 0 -0.995004 0.0998334 0.903508 1 -1.3714e-07 -1.36683e-06 -8.2648 0 0 0 1 
			17 16
			1.3716e-06 -6.00745e-14 1 9.05003 0 -1 -6.00745e-14 1.19116e-05 1 8.23984e-20 -1.3716e-06 -8.2648 0 0 0 1 
			18 17
			1.3723e-06 -1 -6.00133e-14 -12.2319 0 6.00133e-14 -1 -0.75718 1 1.3723e-06 8.23562e-20 -8.2648 0 0 0 1 
			19 18
			1 -0 0 0 0 1 0 0 -0 -0 1 -0 0 0 0 1 
			20 2
			1.37369e-06 -0.0998334 0.995004 80.3979 0 -0.995004 -0.0998334 -8.06668 1 1.3714e-07 -1.36683e-06 8.26481 0 0 0 1 
			21 20
			1.37369e-06 0.0998334 0.995004 45.0607 0 -0.995004 0.0998334 0.903507 1 -1.3714e-07 -1.36683e-06 8.26481 0 0 0 1 
			22 21
			1.3716e-06 -6.00745e-14 1 9.05003 0 -1 -6.00745e-14 1.19116e-05 1 8.23984e-20 -1.3716e-06 8.26481 0 0 0 1 
			23 22
			1.3723e-06 -1 5.98908e-14 -12.2319 0 -5.98908e-14 -1 -0.75718 1 1.3723e-06 -8.21882e-20 8.26481 0 0 0 1 
			24 23
			1 -0 0 0 0 1 0 0 -0 -0 1 -0 0 0 0 1 
	</skeleton>
		<animations>
			17
			0
				-1
				-0.573575 0.819153 -2.02144e-33 0 -0.819153 -0.573575 -1.36318e-32 9.75445e-07 -1.2326e-32 -6.16298e-33 1 -73.2738 0 0 0 1 
				0
				-0.505843 0.862626 0 0 -0.862626 -0.505843 -0 9.0859e-07 -0 -0 1 -74.3798 0 0 0 1 
				1
				-0.429402 0.903114 0 0 -0.903114 -0.429402 -0 8.32222e-07 -0 -0 1 -75.6982 0 0 0 1 
				2
				-0.347512 0.937676 0 0 -0.937676 -0.347512 -0 7.52085e-07 -0 -0 1 -77.1006 0 0 0 1 
				3
				-0.264082 0.9645 0 0 -0.9645 -0.264082 -0 6.73922e-07 -0 -0 1 -78.4589 0 0 0 1 
				4
				-0.183318 0.983054 3.02927e-33 0 -0.983054 -0.183318 -5.64892e-34 6.03298e-07 -0 -3.08149e-33 1 -79.649 0 0 0 1 
				5
				-0.109543 0.993982 5.84489e-34 0 -0.993982 -0.109543 1.23362e-32 5.45775e-07 1.2326e-32 7.70372e-34 1 -80.5468 0 0 0 1 
				6
				-0.0470798 0.998891 -1.95544e-34 0 -0.998891 -0.0470798 -1.23304e-32 5.07097e-07 -1.2326e-32 -3.85186e-34 1 -81.0241 0 0 0 1 
				7
				1.46474e-06 1 0 0 -1 1.46474e-06 0 4.93009e-07 -0 -0 1 -80.9526 0 0 0 1 
				8
				0.0292568 0.999572 -2.44035e-35 0 -0.999572 0.0292568 -1.23319e-32 5.07097e-07 -1.2326e-32 3.85186e-34 1 -80.2524 0 0 0 1 
				9
				0.0429396 0.999078 3.84831e-34 0 -0.999078 0.0429396 1.65397e-35 5.45775e-07 -0 -3.85186e-34 1 -79.0035 0 0 0 1 
				10
				0.0446992 0.999 1.66159e-34 0 -0.999 0.0446992 -1.23308e-32 6.03298e-07 -1.2326e-32 3.85186e-34 1 -77.334 0 0 0 1 
				11
				0.0381711 0.999271 6.8422e-34 0 -0.999271 0.0381711 1.23611e-32 6.73922e-07 1.2326e-32 -1.15556e-33 1 -75.3722 0 0 0 1 
				12
				0.0268715 0.999639 3.31217e-34 0 -0.999639 0.0268715 -1.23215e-32 7.52085e-07 -1.2326e-32 -0 1 -73.2421 0 0 0 1 
				13
				0.0143181 0.999897 -1.76485e-34 0 -0.999897 0.0143181 1.23247e-32 8.32222e-07 1.2326e-32 -0 1 -71.068 0 0 0 1 
				14
				0.00414853 0.999992 0 0 -0.999992 0.00414853 0 9.0859e-07 -0 -0 1 -68.978 0 0 0 1 
				15
				1.46474e-06 1 0 0 -1 1.46474e-06 0 9.75445e-07 -0 -0 1 -67.1003 0 0 0 1 
		</Joint>
			1
				-1
				1.33158e-06 -0.573574 -0.819154 0 0 -0.819154 0.573574 9.75445e-07 -1 -7.6376e-07 -1.09077e-06 -73.2738 0 0 0 1 
				0
				1.33158e-06 -0.505841 -0.862627 0 0 -0.862627 0.505841 9.0859e-07 -1 -6.73569e-07 -1.14866e-06 -74.3798 0 0 0 1 
				1
				1.33158e-06 -0.4294 -0.903114 0 0 -0.903114 0.4294 8.32222e-07 -1 -5.71781e-07 -1.20257e-06 -75.6982 0 0 0 1 
				2
				1.33158e-06 -0.34751 -0.937676 0 0 -0.937676 0.34751 7.52085e-07 -1 -4.62738e-07 -1.24859e-06 -77.1006 0 0 0 1 
				3
				1.33158e-06 -0.264081 -0.964501 0 0 -0.964501 0.264081 6.73922e-07 -1 -3.51645e-07 -1.28431e-06 -78.4589 0 0 0 1 
				4
				1.33158e-06 -0.183317 -0.983054 0 0 -0.983054 0.183317 6.03298e-07 -1 -2.44101e-07 -1.30902e-06 -79.649 0 0 0 1 
				5
				1.33158e-06 -0.109542 -0.993982 0 0 -0.993982 0.109542 5.45775e-07 -1 -1.45864e-07 -1.32357e-06 -80.5468 0 0 0 1 
				6
				1.33158e-06 -0.0470785 -0.998891 0 0 -0.998891 0.0470785 5.07097e-07 -1 -6.26888e-08 -1.3301e-06 -81.0241 0 0 0 1 
				7
				1.33158e-06 2.79632e-06 -1 0 0 -1 -2.79632e-06 4.93009e-07 -1 3.72352e-12 -1.33158e-06 -80.9526 0 0 0 1 
				8
				1.33158e-06 0.0292581 -0.999572 0 0 -0.999572 -0.0292581 5.07097e-07 -1 3.89595e-08 -1.33101e-06 -80.2524 0 0 0 1 
				9
				1.33158e-06 0.0429409 -0.999078 0 0 -0.999078 -0.0429409 5.45775e-07 -1 5.71793e-08 -1.33035e-06 -79.0035 0 0 0 1 
				10
				1.33158e-06 0.0447005 -0.999 0 0 -0.999 -0.0447005 6.03298e-07 -1 5.95223e-08 -1.33025e-06 -77.334 0 0 0 1 
				11
				1.33158e-06 0.0381725 -0.999271 0 0 -0.999271 -0.0381725 6.73922e-07 -1 5.08297e-08 -1.33061e-06 -75.3722 0 0 0 1 
				12
				1.33158e-06 0.0268729 -0.999639 0 0 -0.999639 -0.0268729 7.52085e-07 -1 3.57834e-08 -1.3311e-06 -73.2421 0 0 0 1 
				13
				1.33158e-06 0.0143195 -0.999897 0 0 -0.999897 -0.0143195 8.32222e-07 -1 1.90675e-08 -1.33144e-06 -71.068 0 0 0 1 
				14
				1.33158e-06 0.00414986 -0.999992 0 0 -0.999992 -0.00414986 9.0859e-07 -1 5.52587e-09 -1.33157e-06 -68.978 0 0 0 1 
				15
				1.33158e-06 2.79632e-06 -1 0 0 -1 -2.79632e-06 9.75445e-07 -1 3.72352e-12 -1.33158e-06 -67.1003 0 0 0 1 
		</Joint>
			2
				-1
				-0.000271969 -0.342021 -0.939692 0.00731104 -0.000750183 -0.939692 0.342021 0.0200572 -1 0.00079796 -1.01208e-06 -82.6087 0 0 0 1 
				0
				-0.000235769 -0.296749 -0.954956 0.00634515 -0.000762301 -0.954955 0.296749 0.0203835 -1 0.000797928 -1.06361e-06 -83.7147 0 0 0 1 
				1
				-0.000194376 -0.244965 -0.969532 0.0052402 -0.000773856 -0.969532 0.244965 0.0206953 -1 0.000797893 -1.11329e-06 -85.0331 0 0 0 1 
				2
				-0.000150556 -0.19013 -0.981759 0.00407007 -0.000783524 -0.981759 0.19013 0.0209571 -1 0.000797857 -1.16168e-06 -86.4355 0 0 0 1 
				3
				-0.000107252 -0.135933 -0.990718 0.00291349 -0.000790578 -0.990718 0.135933 0.0211491 -1 0.000797819 -1.20929e-06 -87.7938 0 0 0 1 
				4
				-6.74231e-05 -0.0860818 -0.996288 0.0018496 -0.000794926 -0.996288 0.0860818 0.0212688 -1 0.000797779 -1.25581e-06 -88.984 0 0 0 1 
				5
				-3.40418e-05 -0.044302 -0.999018 0.000958002 -0.000797012 -0.999018 0.044302 0.0213278 -1 0.000797737 -1.30089e-06 -89.8817 0 0 0 1 
				6
				-1.01216e-05 -0.0143746 -0.999897 0.000319421 -0.000797631 -0.999896 0.0143746 0.0213473 -1 0.000797694 -1.3451e-06 -90.359 0 0 0 1 
				7
				1.3879e-06 -1.39499e-06 -1 1.29162e-05 -0.000797649 -1 1.39388e-06 0.0213501 -1 0.000797649 -1.38901e-06 -90.2875 0 0 0 1 
				8
				2.47215e-05 0.0292539 -0.999572 -0.000611794 -0.000797268 -0.999572 -0.0292539 0.0213414 -1 0.00079765 -1.38773e-06 -89.5873 0 0 0 1 
				9
				3.56343e-05 0.0429367 -0.999078 -0.000903976 -0.000796854 -0.999077 -0.0429367 0.0213311 -1 0.000797649 -1.38714e-06 -88.3384 0 0 0 1 
				10
				3.70377e-05 0.0446963 -0.999001 -0.000941551 -0.00079679 -0.999 -0.0446963 0.0213296 -1 0.00079765 -1.38706e-06 -86.6689 0 0 0 1 
				11
				3.18312e-05 0.0381683 -0.999271 -0.00080215 -0.000797015 -0.999271 -0.0381683 0.0213354 -1 0.000797649 -1.38734e-06 -84.7071 0 0 0 1 
				12
				2.28191e-05 0.0268687 -0.999639 -0.000560859 -0.000797324 -0.999639 -0.0268687 0.0213433 -1 0.00079765 -1.38784e-06 -82.577 0 0 0 1 
				13
				1.28068e-05 0.0143153 -0.999898 -0.000292796 -0.000797548 -0.999897 -0.0143153 0.0213488 -1 0.000797649 -1.38839e-06 -80.403 0 0 0 1 
				14
				4.69561e-06 0.00414567 -0.999991 -7.56384e-05 -0.000797637 -0.999991 -0.00414567 0.0213509 -1 0.00079765 -1.38883e-06 -78.313 0 0 0 1 
				15
				1.3879e-06 -1.39499e-06 -1 1.29162e-05 -0.000797649 -1 1.39388e-06 0.0213512 -1 0.000797649 -1.38901e-06 -76.4352 0 0 0 1 
		</Joint>
			3
				-1
				-6.90265e-05 -0.0871571 -0.996195 0.0018756 -0.000795174 -0.996194 0.0871571 0.0212126 -1 0.000798165 -5.41232e-07 -109.441 0 0 0 1 
				0
				-5.69255e-05 -0.0721496 -0.997394 0.00156039 -0.000796093 -0.997394 0.0721496 0.0212394 -1 0.000798126 -6.60656e-07 -110.547 0 0 0 1 
				1
				-4.00159e-05 -0.0511115 -0.998693 0.0011166 -0.000797075 -0.998693 0.0511115 0.0212689 -1 0.000798079 -7.7611e-07 -111.865 0 0 0 1 
				2
				-2.11903e-05 -0.027666 -0.999617 0.000621354 -0.000797744 -0.999617 0.027666 0.021291 -1 0.000798025 -8.88169e-07 -113.268 0 0 0 1 
				3
				-3.35593e-06 -0.00545554 -0.999985 0.000152162 -0.000797957 -0.999985 0.00545554 0.0213016 -1 0.000797963 -9.97408e-07 -114.626 0 0 0 1 
				4
				1.0666e-05 0.011986 -0.999928 -0.000215679 -0.000797824 -0.999928 -0.011986 0.0213034 -1 0.000797895 -1.1025e-06 -115.816 0 0 0 1 
				5
				1.80615e-05 0.0211317 -0.999777 -0.000406979 -0.000797616 -0.999776 -0.0211317 0.0213033 -1 0.000797819 -1.20243e-06 -116.714 0 0 0 1 
				6
				1.5935e-05 0.0183487 -0.999832 -0.000344258 -0.000797579 -0.999831 -0.0183487 0.0213073 -1 0.000797738 -1.29771e-06 -117.191 0 0 0 1 
				7
				1.38788e-06 -1.42479e-06 -1 5.01281e-05 -0.000797649 -1 1.42368e-06 0.0213132 -1 0.000797649 -1.38901e-06 -117.12 0 0 0 1 
				8
				2.47215e-05 0.0292539 -0.999572 -0.000573552 -0.000797268 -0.999572 -0.0292539 0.0213056 -1 0.00079765 -1.38774e-06 -116.42 0 0 0 1 
				9
				3.56343e-05 0.0429367 -0.999078 -0.000865264 -0.000796854 -0.999077 -0.0429367 0.0212958 -1 0.000797649 -1.38714e-06 -115.171 0 0 0 1 
				10
				3.70377e-05 0.0446963 -0.999001 -0.000902778 -0.00079679 -0.999 -0.0446963 0.0212944 -1 0.00079765 -1.38706e-06 -113.501 0 0 0 1 
				11
				3.18312e-05 0.0381682 -0.999271 -0.000763602 -0.000797015 -0.999271 -0.0381682 0.0213 -1 0.000797649 -1.38734e-06 -111.539 0 0 0 1 
				12
				2.28191e-05 0.0268686 -0.999639 -0.0005227 -0.000797324 -0.999639 -0.0268686 0.0213074 -1 0.000797649 -1.38784e-06 -109.409 0 0 0 1 
				13
				1.28068e-05 0.0143152 -0.999898 -0.000255077 -0.000797548 -0.999897 -0.0143152 0.0213125 -1 0.000797649 -1.38839e-06 -107.235 0 0 0 1 
				14
				4.69559e-06 0.00414564 -0.999991 -3.82786e-05 -0.000797637 -0.999991 -0.00414564 0.0213141 -1 0.00079765 -1.38883e-06 -105.145 0 0 0 1 
				15
				1.38788e-06 -1.42479e-06 -1 5.01281e-05 -0.000797649 -1 1.42368e-06 0.0213143 -1 0.000797649 -1.38901e-06 -103.268 0 0 0 1 
		</Joint>
			4
				-1
				-6.90265e-05 -0.0871571 -0.996195 0.000445947 -0.000795174 -0.996194 0.0871571 0.00470543 -1 0.000798165 -5.4124e-07 -136.274 0 0 0 1 
				0
				-5.69255e-05 -0.0721496 -0.997394 0.000382683 -0.000796093 -0.997394 0.0721496 0.00471341 -1 0.000798126 -6.60658e-07 -137.38 0 0 0 1 
				1
				-4.00159e-05 -0.0511115 -0.998693 0.000290639 -0.000797075 -0.998693 0.0511115 0.00472285 -1 0.000798079 -7.76111e-07 -138.698 0 0 0 1 
				2
				-2.11903e-05 -0.027666 -0.999617 0.00018687 -0.000797744 -0.999617 0.027666 0.00473146 -1 0.000798025 -8.8817e-07 -140.1 0 0 0 1 
				3
				-3.35593e-06 -0.00545554 -0.999985 8.85475e-05 -0.000797957 -0.999985 0.00545554 0.00473813 -1 0.000797963 -9.97409e-07 -141.459 0 0 0 1 
				4
				1.0666e-05 0.011986 -0.999928 1.23974e-05 -0.000797824 -0.999928 -0.011986 0.00474323 -1 0.000797895 -1.1025e-06 -142.649 0 0 0 1 
				5
				1.80615e-05 0.0211317 -0.999777 -2.48006e-05 -0.000797616 -0.999776 -0.0211317 0.00474793 -1 0.000797819 -1.20243e-06 -143.547 0 0 0 1 
				6
				1.5935e-05 0.0183487 -0.999832 -5.64716e-06 -0.000797579 -0.999831 -0.0183487 0.00475318 -1 0.000797738 -1.29771e-06 -144.024 0 0 0 1 
				7
				1.38788e-06 -1.42479e-06 -1 8.73616e-05 -0.000797649 -1 1.42368e-06 0.00475801 -1 0.000797649 -1.38901e-06 -143.952 0 0 0 1 
				8
				2.47215e-05 0.0292539 -0.999572 -5.20423e-05 -0.000797268 -0.999572 -0.0292539 0.00475857 -1 0.00079765 -1.38773e-06 -143.252 0 0 0 1 
				9
				3.56343e-05 0.0429367 -0.999078 -0.000117268 -0.000796854 -0.999077 -0.0429367 0.0047575 -1 0.000797649 -1.38714e-06 -142.003 0 0 0 1 
				10
				3.70377e-05 0.0446963 -0.999001 -0.000125656 -0.00079679 -0.999 -0.0446963 0.00475741 -1 0.00079765 -1.38706e-06 -140.334 0 0 0 1 
				11
				3.18312e-05 0.0381682 -0.999271 -9.45354e-05 -0.000797015 -0.999271 -0.0381682 0.00475831 -1 0.000797649 -1.38734e-06 -138.372 0 0 0 1 
				12
				2.28191e-05 0.0268686 -0.999639 -4.06736e-05 -0.000797324 -0.999639 -0.0268686 0.00475923 -1 0.000797649 -1.38784e-06 -136.242 0 0 0 1 
				13
				1.28068e-05 0.0143152 -0.999898 1.91508e-05 -0.000797548 -0.999897 -0.0143152 0.00475955 -1 0.000797649 -1.38839e-06 -134.068 0 0 0 1 
				14
				4.69559e-06 0.00414564 -0.999991 6.76051e-05 -0.000797637 -0.999991 -0.00414564 0.00475927 -1 0.00079765 -1.38883e-06 -131.978 0 0 0 1 
				15
				1.38788e-06 -1.42479e-06 -1 8.73616e-05 -0.000797649 -1 1.42368e-06 0.00475911 -1 0.000797649 -1.38901e-06 -130.1 0 0 0 1 
		</Joint>
			5
				-1
				0.996195 0.0871571 2.4103e-06 2.8817 -0.0871571 0.996195 1.67575e-06 -0.252233 -2.25508e-06 -1.87944e-06 1 -136.274 0 0 0 1 
				0
				0.997394 0.0721496 2.26288e-06 2.88517 -0.0721496 0.997394 1.68151e-06 -0.208819 -2.13566e-06 -1.8404e-06 1 -137.38 0 0 0 1 
				1
				0.998693 0.0511115 2.10924e-06 2.88894 -0.0511115 0.998693 1.68808e-06 -0.14796 -2.02021e-06 -1.79369e-06 1 -138.698 0 0 0 1 
				2
				0.999617 0.027666 1.95554e-06 2.89162 -0.027666 0.999617 1.68592e-06 -0.0801351 -1.90815e-06 -1.73938e-06 1 -140.1 0 0 0 1 
				3
				0.999985 0.00545553 1.80804e-06 2.8927 -0.00545553 0.999985 1.66815e-06 -0.0158826 -1.79891e-06 -1.67799e-06 1 -141.459 0 0 0 1 
				4
				0.999928 -0.011986 1.67441e-06 2.89254 0.011986 0.999928 1.62962e-06 0.0345755 -1.69382e-06 -1.60944e-06 1 -142.649 0 0 0 1 
				5
				0.999777 -0.0211317 1.56112e-06 2.89211 0.0211317 0.999777 1.56738e-06 0.0610366 -1.59389e-06 -1.53405e-06 1 -143.547 0 0 0 1 
				6
				0.999832 -0.0183487 1.47171e-06 2.89227 0.0183487 0.999832 1.47967e-06 0.0529913 -1.49861e-06 -1.45241e-06 1 -144.024 0 0 0 1 
				7
				1 1.42591e-06 1.40731e-06 2.89277 -1.42591e-06 1 1.36436e-06 -8.57848e-05 -1.40731e-06 -1.36436e-06 1 -143.952 0 0 0 1 
				8
				0.999572 -0.0292539 1.36806e-06 2.89153 0.0292539 0.999572 1.40525e-06 0.0845431 -1.40858e-06 -1.36463e-06 1 -143.252 0 0 0 1 
				9
				0.999078 -0.0429367 1.34929e-06 2.8901 0.0429367 0.999078 1.42366e-06 0.124124 -1.40917e-06 -1.36441e-06 1 -142.003 0 0 0 1 
				10
				0.999001 -0.0446963 1.34686e-06 2.88988 0.0446963 0.999001 1.42613e-06 0.129215 -1.40926e-06 -1.3645e-06 1 -140.334 0 0 0 1 
				11
				0.999271 -0.0381682 1.35588e-06 2.89066 0.0381682 0.999271 1.41719e-06 0.110331 -1.40898e-06 -1.36441e-06 1 -138.372 0 0 0 1 
				12
				0.999639 -0.0268686 1.37131e-06 2.89172 0.0268686 0.999639 1.40179e-06 0.0776436 -1.40848e-06 -1.36444e-06 1 -136.242 0 0 0 1 
				13
				0.999898 -0.0143152 1.38825e-06 2.89247 0.0143152 0.999898 1.38443e-06 0.0413298 -1.40793e-06 -1.36442e-06 1 -134.068 0 0 0 1 
				14
				0.999991 -0.00414564 1.40182e-06 2.89274 0.00414564 0.999991 1.37018e-06 0.0119116 -1.40749e-06 -1.36436e-06 1 -131.978 0 0 0 1 
				15
				1 1.42591e-06 1.40731e-06 2.89277 -1.42591e-06 1 1.36436e-06 -8.46909e-05 -1.40731e-06 -1.36436e-06 1 -130.1 0 0 0 1 
		</Joint>
			6
				-1
				0.112922 -0.0327948 -0.993063 16.3019 0.148164 0.988837 -0.0158074 -1.42637 0.982495 -0.145352 0.11652 -136.274 0 0 0 1 
				0
				0.0923762 -0.0784944 -0.992626 16.3216 0.0973208 0.992827 -0.0694534 -1.18078 0.990957 -0.0901872 0.0993527 -137.38 0 0 0 1 
				1
				0.0786099 -0.131322 -0.988218 16.3428 0.0442366 0.990769 -0.128142 -0.836509 0.995923 -0.0336422 0.0836934 -138.698 0 0 0 1 
				2
				0.072637 -0.186836 -0.979702 16.358 -0.00941493 0.982125 -0.187997 -0.452838 0.997314 0.0228793 0.0695795 -140.1 0 0 0 1 
				3
				0.0743428 -0.24053 -0.967791 16.364 -0.0630068 0.967404 -0.245274 -0.0893767 0.99524 0.0792117 0.0567645 -141.459 0 0 0 1 
				4
				0.0835828 -0.288161 -0.953927 16.3631 -0.116834 0.947841 -0.29656 0.196045 0.989628 0.136239 0.0455561 -142.649 0 0 0 1 
				5
				0.0992263 -0.325898 -0.940183 16.3606 -0.169671 0.925468 -0.338705 0.345713 0.980493 0.193131 0.0365352 -143.547 0 0 0 1 
				6
				0.118387 -0.350365 -0.929101 16.3615 -0.221688 0.902738 -0.368671 0.300176 0.967904 0.249617 0.0292009 -144.024 0 0 0 1 
				7
				0.137908 -0.358679 -0.923217 16.3643 -0.273551 0.882073 -0.383557 -0.000104994 0.95192 0.305443 0.0235275 -143.952 0 0 0 1 
				8
				0.154538 -0.349513 -0.924099 16.3573 -0.326137 0.864859 -0.381647 0.478637 0.932605 0.360362 0.0196642 -143.252 0 0 0 1 
				9
				0.166224 -0.325569 -0.930792 16.3492 -0.379719 0.85 -0.365121 0.702546 0.910046 0.414131 0.0176653 -142.003 0 0 0 1 
				10
				0.171931 -0.290605 -0.941269 16.3479 -0.434025 0.835414 -0.337202 0.731341 0.884343 0.46651 0.0175041 -140.334 0 0 0 1 
				11
				0.171456 -0.248271 -0.953396 16.3523 -0.488396 0.819024 -0.301112 0.624514 0.855612 0.517262 0.0191717 -138.372 0 0 0 1 
				12
				0.165388 -0.202043 -0.965311 16.3584 -0.541942 0.799149 -0.260116 0.439605 0.823982 0.566162 0.022674 -136.242 0 0 0 1 
				13
				0.155122 -0.155245 -0.975621 16.3626 -0.593701 0.774686 -0.217669 0.234178 0.789592 0.612993 0.0280017 -134.068 0 0 0 1 
				14
				0.142888 -0.111009 -0.983494 16.3641 -0.642791 0.745194 -0.1775 0.0677596 0.752597 0.657544 0.0351239 -131.978 0 0 0 1 
				15
				0.131636 -0.071996 -0.98868 16.3643 -0.688528 0.710883 -0.143439 -0.0001039 0.713163 0.699616 0.0440064 -130.1 0 0 0 1 
		</Joint>
			7
				-1
				-0.0189883 0.116044 -0.993063 19.4368 -0.95636 -0.291762 -0.0158073 2.68693 -0.291572 0.949426 0.11652 -108.998 0 0 0 1 
				0
				0.0346327 0.116169 -0.992626 18.8861 -0.947915 -0.31086 -0.0694535 1.52101 -0.316636 0.943329 0.0993527 -109.869 0 0 0 1 
				1
				0.0922638 0.122116 -0.988218 18.5252 -0.935066 -0.330501 -0.128142 0.391577 -0.342256 0.935872 0.0836934 -111.049 0 0 0 1 
				2
				0.150054 0.13292 -0.979702 18.3745 -0.917917 -0.349407 -0.187997 -0.714212 -0.367303 0.927495 0.0695796 -112.413 0 0 0 1 
				3
				0.204363 0.147029 -0.96779 18.4279 -0.897049 -0.367619 -0.245274 -1.83855 -0.39184 0.91828 0.0567645 -113.829 0 0 0 1 
				4
				0.251632 0.163415 -0.953927 18.6835 -0.873446 -0.386193 -0.29656 -3.04748 -0.416862 0.907828 0.0455561 -115.175 0 0 0 1 
				5
				0.288819 0.180664 -0.940183 19.1153 -0.849362 -0.4048 -0.338705 -4.36466 -0.441778 0.89638 0.0365352 -116.326 0 0 0 1 
				6
				0.313525 0.196146 -0.929101 19.6482 -0.827076 -0.424295 -0.368671 -5.85428 -0.466526 0.884025 0.0292009 -117.153 0 0 0 1 
				7
				0.32352 0.207374 -0.923217 20.1928 -0.808831 -0.445731 -0.383557 -7.59437 -0.491046 0.870816 0.0235275 -117.525 0 0 0 1 
				8
				0.317753 0.212306 -0.924099 20.6475 -0.79594 -0.46992 -0.381647 -8.5755 -0.515279 0.856797 0.0196642 -117.361 0 0 0 1 
				9
				0.298666 0.210771 -0.930792 20.9638 -0.787465 -0.496573 -0.365121 -9.83912 -0.539163 0.842016 0.0176653 -116.739 0 0 0 1 
				10
				0.269518 0.203401 -0.941269 21.121 -0.781541 -0.52487 -0.337202 -11.3179 -0.562631 0.826523 0.0175041 -115.783 0 0 0 1 
				11
				0.233391 0.191218 -0.953396 21.1123 -0.776262 -0.553849 -0.301112 -12.9342 -0.585615 0.810362 0.0191717 -114.619 0 0 0 1 
				12
				0.193213 0.175623 -0.965311 20.9498 -0.77003 -0.582575 -0.260116 -14.6056 -0.608048 0.793576 0.022674 -113.367 0 0 0 1 
				13
				0.151868 0.15843 -0.975621 20.6691 -0.761718 -0.610251 -0.217669 -16.248 -0.629858 0.776205 0.0280017 -112.147 0 0 0 1 
				14
				0.112247 0.141918 -0.983494 20.331 -0.750753 -0.636288 -0.1775 -17.7772 -0.650976 0.758285 0.0351239 -111.084 0 0 0 1 
				15
				0.0770646 0.128734 -0.98868 20.0187 -0.737141 -0.660339 -0.143439 -19.1148 -0.67133 0.739851 0.0440064 -110.301 0 0 0 1 
		</Joint>
			8
				-1
				-0.0189883 -0.99297 -0.116835 18.9097 -0.956361 -0.0160396 0.291749 -23.8633 -0.291572 0.117276 -0.949332 -117.092 0 0 0 1 
				0
				0.0346327 -0.992533 -0.11696 19.8476 -0.947915 -0.069701 0.310805 -24.7948 -0.316636 0.100104 -0.94325 -118.659 0 0 0 1 
				1
				0.0922638 -0.988121 -0.122903 21.0866 -0.935066 -0.128405 0.330399 -25.5675 -0.342256 0.0844386 -0.935805 -120.551 0 0 0 1 
				2
				0.150054 -0.979596 -0.1337 22.5403 -0.917917 -0.188275 0.349257 -26.1972 -0.367304 0.0703181 -0.927439 -122.61 0 0 0 1 
				3
				0.204363 -0.967673 -0.147799 24.1013 -0.897049 -0.245567 0.367423 -26.7422 -0.39184 0.0574957 -0.918235 -124.707 0 0 0 1 
				4
				0.251632 -0.953797 -0.164175 25.6692 -0.873446 -0.296867 0.385956 -27.2959 -0.416862 0.046279 -0.907791 -126.748 0 0 0 1 
				5
				0.288819 -0.940039 -0.181412 27.1334 -0.849362 -0.339027 0.40453 -27.9444 -0.441778 0.0372489 -0.896351 -128.591 0 0 0 1 
				6
				0.313525 -0.928945 -0.196886 28.3521 -0.827076 -0.369009 0.424001 -28.8154 -0.466526 0.0299049 -0.884002 -130.105 0 0 0 1 
				7
				0.32352 -0.923052 -0.208109 29.1743 -0.808831 -0.383912 0.445425 -30.0489 -0.491046 0.024221 -0.870797 -131.158 0 0 0 1 
				8
				0.317753 -0.92393 -0.213042 29.4689 -0.79594 -0.382021 0.469616 -30.6722 -0.515279 0.0203464 -0.856781 -131.666 0 0 0 1 
				9
				0.298666 -0.930624 -0.211512 29.2553 -0.787465 -0.365517 0.496282 -31.7005 -0.539163 0.0183358 -0.842002 -131.707 0 0 0 1 
				10
				0.269518 -0.941107 -0.20415 28.6033 -0.781541 -0.33762 0.524601 -33.0149 -0.562631 0.0181623 -0.826509 -131.402 0 0 0 1 
				11
				0.233391 -0.953243 -0.191977 27.5916 -0.776262 -0.301553 0.553609 -34.4846 -0.585615 0.019817 -0.810346 -130.876 0 0 0 1 
				12
				0.193213 -0.965171 -0.176391 26.3137 -0.77003 -0.26058 0.582367 -35.983 -0.608048 0.0233059 -0.793558 -130.247 0 0 0 1 
				13
				0.151868 -0.975494 -0.159207 24.8852 -0.761718 -0.218155 0.610077 -37.3946 -0.629858 0.0286198 -0.776182 -129.633 0 0 0 1 
				14
				0.112247 -0.983381 -0.142701 23.4471 -0.750754 -0.178007 0.636147 -38.6195 -0.650976 0.0357277 -0.758257 -129.157 0 0 0 1 
				15
				0.0770646 -0.988577 -0.129521 22.1582 -0.737141 -0.143965 0.660225 -39.5792 -0.67133 0.0445955 -0.739816 -128.939 0 0 0 1 
		</Joint>
			9
				-1
				-0.996195 0.0871571 3.16105e-06 -2.88165 0.0871571 0.996195 -2.16318e-06 0.251986 -3.33756e-06 -1.87944e-06 -1 -136.274 0 0 0 1 
				0
				-0.997394 0.0721496 3.31518e-06 -2.88511 0.0721496 0.997394 -2.08502e-06 0.208576 -3.45698e-06 -1.8404e-06 -1 -137.38 0 0 0 1 
				1
				-0.998693 0.0511115 3.47608e-06 -2.88885 0.0511115 0.998693 -1.97393e-06 0.147723 -3.57243e-06 -1.79369e-06 -1 -138.698 0 0 0 1 
				2
				-0.999617 0.027666 3.63496e-06 -2.89152 0.027666 0.999617 -1.84065e-06 0.0799064 -3.68449e-06 -1.73938e-06 -1 -140.1 0 0 0 1 
				3
				-0.999985 0.00545552 3.78452e-06 -2.89257 0.00545552 0.999985 -1.69866e-06 0.0156636 -3.79373e-06 -1.67799e-06 -1 -141.459 0 0 0 1 
				4
				-0.999928 -0.011986 3.91783e-06 -2.8924 -0.011986 0.999928 -1.56259e-06 -0.0347837 -3.89882e-06 -1.60944e-06 -1 -142.649 0 0 0 1 
				5
				-0.999777 -0.0211317 4.03027e-06 -2.89195 -0.0211317 0.999777 -1.4492e-06 -0.061234 -3.99875e-06 -1.53405e-06 -1 -143.547 0 0 0 1 
				6
				-0.999832 -0.0183487 4.11998e-06 -2.89211 -0.0183487 0.999832 -1.37705e-06 -0.0531787 -4.09402e-06 -1.45241e-06 -1 -144.024 0 0 0 1 
				7
				-1 1.42146e-06 4.18533e-06 -2.89259 1.42145e-06 1 -1.36437e-06 -9.35894e-05 -4.18533e-06 -1.36436e-06 -1 -143.952 0 0 0 1 
				8
				-0.999572 -0.0292539 4.22218e-06 -2.89135 -0.0292539 0.999572 -1.24165e-06 -0.0847172 -4.18405e-06 -1.36463e-06 -1 -143.252 0 0 0 1 
				9
				-0.999078 -0.0429367 4.23819e-06 -2.88992 -0.0429367 0.999078 -1.18353e-06 -0.124296 -4.18346e-06 -1.36441e-06 -1 -142.003 0 0 0 1 
				10
				-0.999001 -0.0446963 4.24019e-06 -2.8897 -0.0446963 0.999001 -1.17616e-06 -0.129385 -4.18338e-06 -1.3645e-06 -1 -140.334 0 0 0 1 
				11
				-0.999271 -0.0381682 4.23268e-06 -2.89048 -0.0381682 0.999271 -1.20373e-06 -0.110502 -4.18366e-06 -1.36441e-06 -1 -138.372 0 0 0 1 
				12
				-0.999639 -0.0268686 4.21931e-06 -2.89154 -0.0268686 0.999639 -1.25152e-06 -0.0778171 -4.18416e-06 -1.36444e-06 -1 -136.242 0 0 0 1 
				13
				-0.999898 -0.0143152 4.20381e-06 -2.89229 -0.0143152 0.999898 -1.30437e-06 -0.0415051 -4.18471e-06 -1.36442e-06 -1 -134.068 0 0 0 1 
				14
				-0.999991 -0.00414564 4.19077e-06 -2.89257 -0.00414564 0.999991 -1.347e-06 -0.0120884 -4.18515e-06 -1.36436e-06 -1 -131.978 0 0 0 1 
				15
				-1 1.42146e-06 4.18533e-06 -2.89259 1.42145e-06 1 -1.36437e-06 -9.24955e-05 -4.18533e-06 -1.36436e-06 -1 -130.1 0 0 0 1 
		</Joint>
			10
				-1
				0.237443 0.519487 -0.820826 -16.3019 0.493742 0.66316 0.562529 1.42612 0.836564 -0.538845 -0.0990298 -136.274 0 0 0 1 
				0
				0.160954 0.478148 -0.863405 -16.3215 0.45614 0.739739 0.494695 1.18054 0.875231 -0.473457 -0.0990385 -137.38 0 0 0 1 
				1
				0.0891451 0.420448 -0.902926 -16.3427 0.407598 0.811753 0.418235 0.836272 0.9088 -0.405315 -0.0990102 -138.698 0 0 0 1 
				2
				0.0260399 0.349701 -0.9365 -16.3579 0.348162 0.874991 0.336413 0.452609 0.937073 -0.334814 -0.0989678 -140.1 0 0 0 1 
				3
				-0.0253222 0.270618 -0.962354 -16.3639 0.279269 0.926251 0.253118 0.0891577 0.959879 -0.262346 -0.09903 -141.459 0 0 0 1 
				4
				-0.0629803 0.18875 -0.980004 -16.3629 0.203273 0.963795 0.172565 -0.196253 0.977094 -0.18834 -0.099068 -142.649 0 0 0 1 
				5
				-0.0864457 0.110097 -0.990154 -16.3605 0.122893 0.987463 0.0990682 -0.34591 0.988648 -0.113119 -0.098892 -143.547 0 0 0 1 
				6
				-0.0977081 0.0406976 -0.994383 -16.3613 0.0404795 0.998499 0.0368886 -0.300364 0.994391 -0.0366478 -0.0992089 -144.024 0 0 0 1 
				7
				-0.0985626 -0.0138766 -0.995034 -16.3641 -0.0396198 0.999165 -0.0100097 -7.44403e-05 0.994342 0.0384365 -0.09903 -143.952 0 0 0 1 
				8
				-0.0933993 -0.0503804 -0.994353 -16.3571 -0.118495 0.992183 -0.0391402 -0.478811 0.988552 0.11417 -0.098639 -143.252 0 0 0 1 
				9
				-0.0868121 -0.0708087 -0.993705 -16.349 -0.195087 0.979367 -0.0527439 -0.702718 0.976936 0.18928 -0.0988347 -142.003 0 0 0 1 
				10
				-0.0809005 -0.0789537 -0.99359 -16.3477 -0.269352 0.9615 -0.0544723 -0.731512 0.959638 0.263219 -0.0990522 -140.334 0 0 0 1 
				11
				-0.076852 -0.0787594 -0.993927 -16.3522 -0.341423 0.938684 -0.0479825 -0.624686 0.936762 0.335662 -0.0990301 -138.372 0 0 0 1 
				12
				-0.0752394 -0.0740931 -0.994409 -16.3582 -0.411212 0.910798 -0.03675 -0.439778 0.908429 0.406148 -0.098996 -136.242 0 0 0 1 
				13
				-0.0754061 -0.068609 -0.99479 -16.3624 -0.478583 0.877707 -0.0242569 -0.234353 0.874799 0.47426 -0.0990196 -134.068 0 0 0 1 
				14
				-0.0754995 -0.0656338 -0.994983 -16.364 -0.543402 0.839353 -0.0141342 -0.0679364 0.83607 0.539609 -0.0990363 -131.978 0 0 0 1 
				15
				-0.0727784 -0.0679004 -0.995034 -16.3641 -0.605552 0.795743 -0.0100098 -7.33464e-05 0.792471 0.601816 -0.0990301 -130.1 0 0 0 1 
		</Joint>
			11
				-1
				-0.535497 0.198717 -0.820826 -9.71006 -0.697574 0.443793 0.562529 15.1333 0.476061 0.873819 -0.0990298 -113.049 0 0 0 1 
				0
				-0.491901 0.112094 -0.863405 -11.8531 -0.781829 0.3795 0.494695 13.8438 0.383115 0.918376 -0.0990385 -113.082 0 0 0 1 
				1
				-0.428385 0.034778 -0.902926 -13.8679 -0.857119 0.300708 0.418235 12.1519 0.286063 0.953082 -0.0990102 -113.468 0 0 0 1 
				2
				-0.349523 -0.028327 -0.9365 -15.635 -0.918291 0.208729 0.336413 10.1182 0.185945 0.977563 -0.0989678 -114.086 0 0 0 1 
				3
				-0.261531 -0.0740067 -0.962354 -17.0669 -0.961549 0.106561 0.253118 7.84215 0.0838168 0.991548 -0.09903 -114.811 0 0 0 1 
				4
				-0.171502 -0.100898 -0.980004 -18.1114 -0.984997 -0.00184491 0.172565 5.44697 -0.0192196 0.994895 -0.099068 -115.523 0 0 0 1 
				5
				-0.0867219 -0.109879 -0.990154 -18.7603 -0.988713 -0.112393 0.0990682 3.0658 -0.122172 0.98757 -0.098892 -116.1 0 0 0 1 
				6
				-0.0137622 -0.104947 -0.994383 -19.0739 -0.974407 -0.221746 0.0368886 0.823417 -0.224371 0.96944 -0.0992089 -116.418 0 0 0 1 
				7
				0.0416214 -0.0904147 -0.995034 -19.1004 -0.945612 -0.325143 -0.0100097 -1.09999 -0.322624 0.941333 -0.0990301 -116.348 0 0 0 1 
				8
				0.0771171 -0.0729011 -0.994353 -18.95 -0.905042 -0.423518 -0.0391403 -3.76843 -0.418273 0.902949 -0.098639 -115.808 0 0 0 1 
				9
				0.0960589 -0.0576447 -0.993705 -18.7591 -0.855119 -0.515742 -0.052744 -6.11867 -0.509455 0.854802 -0.0988347 -114.882 0 0 0 1 
				10
				0.103022 -0.046529 -0.99359 -18.5937 -0.797014 -0.6015 -0.0544723 -8.2092 -0.595109 0.797517 -0.0990522 -113.693 0 0 0 1 
				11
				0.102495 -0.0400504 -0.993927 -18.4857 -0.731199 -0.680474 -0.0479826 -10.1032 -0.674419 0.731677 -0.0990301 -112.366 0 0 0 1 
				12
				0.0986344 -0.0377098 -0.994409 -18.447 -0.658042 -0.752084 -0.0367501 -11.8557 -0.746493 0.657987 -0.098996 -111.022 0 0 0 1 
				13
				0.0947734 -0.0375669 -0.99479 -18.4558 -0.57795 -0.815712 -0.0242569 -13.5206 -0.81055 0.577238 -0.0990196 -109.782 0 0 0 1 
				14
				0.0931702 -0.0364318 -0.994983 -18.46 -0.491444 -0.870795 -0.0141343 -15.1537 -0.865911 0.490296 -0.0990363 -108.767 0 0 0 1 
				15
				0.0947798 -0.0303966 -0.995034 -18.3845 -0.399125 -0.916842 -0.0100099 -16.8112 -0.911984 0.398092 -0.0990301 -108.1 0 0 0 1 
		</Joint>
			12
				-1
				-0.535497 0.820984 0.198063 -24.5764 -0.697574 -0.562175 0.444241 -4.23262 0.476061 0.0997255 0.87374 -99.8328 0 0 0 1 
				0
				-0.494775 0.863484 0.0979519 -25.5092 -0.791886 -0.49441 0.358435 -7.86114 0.357931 0.0997778 0.928402 -102.446 0 0 0 1 
				1
				-0.429644 0.902935 0.0106541 -25.7607 -0.872238 -0.418033 0.253869 -11.6432 0.233681 0.0997804 0.96718 -105.526 0 0 0 1 
				2
				-0.346039 0.936454 -0.0575413 -25.3383 -0.932277 -0.336307 0.133255 -15.3752 0.105435 0.0997557 0.98941 -108.923 0 0 0 1 
				3
				-0.25192 0.962272 -0.102805 -24.3274 -0.967435 -0.253117 0.0014482 -18.8521 -0.0246281 0.0998221 0.9947 -112.484 0 0 0 1 
				4
				-0.156194 0.979905 -0.124055 -22.8726 -0.975603 -0.172673 -0.135582 -21.8982 -0.154279 0.0998508 0.982969 -116.057 0 0 0 1 
				5
				-0.0676648 0.990056 -0.123327 -21.1679 -0.957199 -0.0992847 -0.27187 -24.3826 -0.281411 0.099652 0.954399 -119.492 0 0 0 1 
				6
				0.00640015 0.994298 -0.106443 -19.456 -0.914633 -0.0372092 -0.40257 -26.2278 -0.404235 0.0999329 0.909179 -122.647 0 0 0 1 
				7
				0.0602041 0.994971 -0.0800553 -17.9449 -0.852823 0.00959394 -0.522112 -27.3518 -0.518718 0.0997063 0.849112 -125.304 0 0 0 1 
				8
				0.0925195 0.994312 -0.0527702 -16.8091 -0.775012 0.038638 -0.630764 -28.894 -0.625137 0.0992555 0.774178 -127.42 0 0 0 1 
				9
				0.108035 0.993681 -0.0304332 -16.0923 -0.684608 0.0521651 -0.727042 -29.8583 -0.720861 0.0993809 0.685918 -129.025 0 0 0 1 
				10
				0.112171 0.993579 -0.0147992 -15.7336 -0.583679 0.0538272 -0.810199 -30.3357 -0.8042 0.0995188 0.585969 -130.214 0 0 0 1 
				11
				0.109929 0.993922 -0.00577035 -15.6403 -0.473664 0.0472823 -0.879435 -30.4026 -0.873818 0.0994091 0.475983 -131.089 0 0 0 1 
				12
				0.105591 0.994408 -0.00191652 -15.7087 -0.356041 0.0360066 -0.933776 -30.1241 -0.928485 0.099281 0.357852 -131.746 0 0 0 1 
				13
				0.101946 0.99479 -0.000343083 -15.8247 -0.232417 0.0234828 -0.972333 -29.5655 -0.967259 0.0992056 0.2336 -132.284 0 0 0 1 
				14
				0.0999739 0.994986 0.00284027 -15.8734 -0.10454 0.0133426 -0.994431 -28.7971 -0.989483 0.0991202 0.10535 -132.806 0 0 0 1 
				15
				0.0987458 0.995043 0.0117157 -15.7533 0.0257434 0.0092149 -0.999626 -27.8917 -0.99478 0.0990105 -0.0247059 -133.418 0 0 0 1 
		</Joint>
			13
				-1
				6.58427e-07 -1.34472e-06 -1 2.57151e-05 0 -1 1.34472e-06 -0.00013557 -1 -8.85398e-13 -6.58427e-07 -142.362 0 0 0 1 
				0
				7.24478e-07 0.00414582 -0.999992 3.61223e-05 0 -0.999991 -0.00414582 -0.000133186 -1 3.00355e-09 -7.24472e-07 -143.468 0 0 0 1 
				1
				8.02301e-07 0.0143155 -0.999898 4.70233e-05 0 -0.999898 -0.0143155 -0.000129727 -1 1.14853e-08 -8.02219e-07 -144.786 0 0 0 1 
				2
				8.89014e-07 0.0268688 -0.999639 5.78634e-05 0 -0.999639 -0.0268688 -0.00012518 -1 2.38867e-08 -8.88693e-07 -146.188 0 0 0 1 
				3
				9.82643e-07 0.0381684 -0.999271 6.81168e-05 0 -0.999271 -0.0381684 -0.000119804 -1 3.75059e-08 -9.81928e-07 -147.547 0 0 0 1 
				4
				1.08063e-06 0.0446963 -0.999001 7.73317e-05 0 -0.999001 -0.0446963 -0.000113907 -1 4.83e-08 -1.07955e-06 -148.737 0 0 0 1 
				5
				1.18063e-06 0.0429367 -0.999078 8.51568e-05 0 -0.999078 -0.0429367 -0.000107923 -1 5.06924e-08 -1.17954e-06 -149.635 0 0 0 1 
				6
				1.28265e-06 0.0292539 -0.999572 9.13641e-05 0 -0.999572 -0.0292539 -0.000102442 -1 3.75224e-08 -1.2821e-06 -150.112 0 0 0 1 
				7
				1.38685e-06 -1.42368e-06 -1 9.5811e-05 0 -1 1.42368e-06 -9.80557e-05 -1 -1.97444e-12 -1.38685e-06 -150.04 0 0 0 1 
				8
				1.38557e-06 0.0292539 -0.999572 9.84615e-05 0 -0.999572 -0.0292539 -9.51788e-05 -1 4.05333e-08 -1.38498e-06 -149.34 0 0 0 1 
				9
				1.38498e-06 0.0429367 -0.999078 9.96731e-05 0 -0.999078 -0.0429367 -9.37315e-05 -1 5.94665e-08 -1.3837e-06 -148.091 0 0 0 1 
				10
				1.3849e-06 0.0446963 -0.999001 9.98275e-05 0 -0.999001 -0.0446963 -9.34164e-05 -1 6.19e-08 -1.38352e-06 -146.422 0 0 0 1 
				11
				1.38518e-06 0.0381682 -0.999271 9.92525e-05 0 -0.999271 -0.0381683 -9.39085e-05 -1 5.28698e-08 -1.38417e-06 -144.46 0 0 0 1 
				12
				1.38568e-06 0.0268686 -0.999639 9.82482e-05 0 -0.999639 -0.0268686 -9.48507e-05 -1 3.72313e-08 -1.38518e-06 -142.33 0 0 0 1 
				13
				1.38623e-06 0.0143152 -0.999898 9.71181e-05 0 -0.999898 -0.0143152 -9.59012e-05 -1 1.98442e-08 -1.38609e-06 -140.156 0 0 0 1 
				14
				1.38667e-06 0.00414564 -0.999991 9.61917e-05 0 -0.999991 -0.00414564 -9.67306e-05 -1 5.74864e-09 -1.38666e-06 -138.066 0 0 0 1 
				15
				1.38685e-06 -1.42368e-06 -1 9.5811e-05 0 -1 1.42368e-06 -9.69618e-05 -1 -1.97444e-12 -1.38685e-06 -136.188 0 0 0 1 
		</Joint>
			14
		</Joint>
			15
				-1
				0.202202 -0.303987 0.930971 6.77014 -0.408259 -0.890233 -0.202013 -4.74049 0.890191 -0.33923 -0.304112 -73.2738 0 0 0 1 
				0
				0.190918 -0.215008 0.957769 7.12943 -0.403164 -0.906797 -0.123201 -4.1807 0.894991 -0.362617 -0.259807 -74.3798 0 0 0 1 
				1
				0.183139 -0.111554 0.976737 7.46406 -0.385896 -0.921954 -0.0329415 -3.54892 0.904182 -0.370886 -0.211894 -75.6981 0 0 0 1 
				2
				0.174954 -0.000306859 0.984577 7.74971 -0.35726 -0.931865 0.0631928 -2.87212 0.917473 -0.362806 -0.163143 -77.1006 0 0 0 1 
				3
				0.163495 0.11098 0.980282 7.97141 -0.319689 -0.934075 0.159067 -2.18259 0.93331 -0.339392 -0.117237 -78.4589 0 0 0 1 
				4
				0.148467 0.214362 0.965405 8.12475 -0.278224 -0.927738 0.248786 -1.51509 0.948972 -0.305536 -0.0780978 -79.649 0 0 0 1 
				5
				0.133558 0.302521 0.943739 8.21507 -0.240586 -0.913887 0.327 -0.905357 0.961395 -0.270724 -0.0492746 -80.5468 0 0 0 1 
				6
				0.125912 0.369614 0.920615 8.25564 -0.21433 -0.895948 0.389025 -0.389107 0.968612 -0.246298 -0.0335909 -81.0241 0 0 0 1 
				7
				0.130827 0.411717 0.901872 8.26481 -0.200051 -0.880015 0.430759 8.6075e-06 0.971012 -0.236776 -0.0327654 -80.9526 0 0 0 1 
				8
				0.13875 0.430316 0.891951 8.26127 -0.170476 -0.87684 0.449544 0.241798 0.975544 -0.214431 -0.0483034 -80.2524 0 0 0 1 
				9
				0.142105 0.43093 0.891126 8.25718 -0.115786 -0.886846 0.447324 0.354884 0.983056 -0.166747 -0.0761297 -79.0034 0 0 0 1 
				10
				0.145607 0.416948 0.897192 8.25655 -0.0546811 -0.902079 0.428094 0.369427 0.98783 -0.111393 -0.10855 -77.334 0 0 0 1 
				11
				0.142977 0.395586 0.907231 8.25878 0.0251733 -0.917806 0.39623 0.315474 0.989406 -0.0338138 -0.141184 -75.3722 0 0 0 1 
				12
				0.136564 0.371201 0.918455 8.26182 0.116561 -0.926722 0.357211 0.222085 0.98375 0.0582736 -0.169824 -73.2421 0 0 0 1 
				13
				0.139453 0.343673 0.928677 8.26396 0.178999 -0.93114 0.317706 0.118334 0.973916 0.121927 -0.191368 -71.068 0 0 0 1 
				14
				0.140845 0.320865 0.936594 8.26474 0.235307 -0.929765 0.28314 0.0342842 0.961662 0.180509 -0.206454 -68.978 0 0 0 1 
				15
				0.140951 0.305598 0.94167 8.26481 0.279282 -0.924808 0.258322 9.69765e-06 0.949807 0.226581 -0.2157 -67.1003 0 0 0 1 
		</Joint>
			16
				-1
				0.34424 -0.121623 0.930971 14.0607 0.208217 -0.956994 -0.202014 -19.4606 0.915502 0.263385 -0.304112 -41.1772 0 0 0 1 
				0
				0.282552 -0.0533139 0.957769 14.0131 0.235724 -0.963979 -0.123201 -18.7171 0.929838 0.26058 -0.259807 -42.1101 0 0 0 1 
				1
				0.213492 0.0201388 0.976737 14.0673 0.242179 -0.969672 -0.0329416 -17.4627 0.946451 0.243578 -0.211894 -43.0971 0 0 0 1 
				2
				0.144371 0.0988233 0.984576 14.0578 0.23326 -0.970359 0.0631929 -15.7534 0.961638 0.220539 -0.163143 -44.0203 0 0 0 1 
				3
				0.0812405 0.18013 0.980282 13.8663 0.216409 -0.963257 0.159067 -13.7093 0.972917 0.199219 -0.117237 -44.8076 0 0 0 1 
				4
				0.0272201 0.259332 0.965405 13.4779 0.201717 -0.94732 0.248786 -11.5467 0.979065 0.187967 -0.0780978 -45.433 0 0 0 1 
				5
				-0.0188683 0.330153 0.943739 13.0306 0.202008 -0.923181 0.327 -9.57989 0.979202 0.196813 -0.0492746 -45.8829 0 0 0 1 
				6
				-0.0617257 0.385563 0.920615 12.7955 0.229936 -0.89207 0.389025 -8.11695 0.971246 0.235695 -0.0335909 -46.0999 0 0 0 1 
				7
				-0.104437 0.41919 0.901872 12.9819 0.290995 -0.854265 0.430759 -7.21302 0.951007 0.307428 -0.0327654 -45.9419 0 0 0 1 
				8
				-0.135722 0.431281 0.891951 13.264 0.368123 -0.813877 0.449544 -5.90486 0.919818 0.38936 -0.0483035 -45.0783 0 0 0 1 
				9
				-0.150545 0.428054 0.891126 13.3809 0.449736 -0.773071 0.447324 -3.81988 0.880383 0.468114 -0.0761297 -43.5585 0 0 0 1 
				10
				-0.157039 0.412778 0.897192 13.5065 0.538961 -0.725435 0.428094 -1.60215 0.827562 0.550779 -0.10855 -41.7169 0 0 0 1 
				11
				-0.151407 0.392437 0.907231 13.414 0.620763 -0.676502 0.39623 1.22312 0.769239 0.623168 -0.141184 -39.6983 0 0 0 1 
				12
				-0.138607 0.370443 0.918455 13.1858 0.69282 -0.626419 0.357211 4.42478 0.707664 0.685836 -0.169824 -37.7721 0 0 0 1 
				13
				-0.134693 0.345567 0.928677 13.2921 0.769643 -0.553816 0.317706 6.57229 0.624105 0.757543 -0.191368 -35.9526 0 0 0 1 
				14
				-0.131764 0.3247 0.936594 13.343 0.830495 -0.479698 0.28314 8.51849 0.541218 0.815144 -0.206454 -34.3045 0 0 0 1 
				15
				-0.132671 0.309282 0.94167 13.3469 0.873987 -0.411603 0.258322 10.0698 0.467488 0.857279 -0.215701 -32.8542 0 0 0 1 
		</Joint>
			17
				-1
				1.77024e-06 -0.0871542 0.996195 26.4726 0 -0.996195 -0.0871542 -11.9532 1 1.54284e-07 -1.76351e-06 -8.16796 0 0 0 1 
				0
				-0.000409652 -0.0871939 0.996191 24.2008 -0.00419127 -0.996182 -0.0871948 -10.2179 0.999991 -0.00421102 4.26353e-05 -8.58401 0 0 0 1 
				1
