<?xml version='1.0' encoding='UTF-8' ?>
<itpanim>
	<skeleton count>
		25
			0 -1
			1.37091e-06 -1 -6.12323e-17 1.44898e-05 1 1.37091e-06 -6.12323e-17 -1.98691e-11 6.12323e-17 -6.12323e-17 1 80.8015 0 0 0 1 
			1 0
			1.3868e-06 4.78456e-08 -1 -80.8015 2.75771e-06 -1 -4.78418e-08 1.44901e-05 -1 -2.75771e-06 -1.3868e-06 -0.000112056 0 0 0 1 
			2 1
			1.40269e-06 -0.000796318 -1 -90.1364 0 -1 0.000796318 0.0931538 -1 -1.11699e-09 -1.40269e-06 -2.58351e-07 0 0 0 1 
			3 2
			1.40269e-06 -0.000796318 -1 -116.969 0 -1 0.000796318 0.11452 -1 -1.11699e-09 -1.40269e-06 -3.17612e-07 0 0 0 1 
			4 3
			1.40269e-06 -0.000796318 -1 -143.801 0 -1 0.000796318 0.119367 -1 -1.11699e-09 -1.40269e-06 -3.31058e-07 0 0 0 1 
			5 4
			1 1.37091e-06 4.37113e-08 -2.89267 -1.37091e-06 1 3.58059e-15 -8.20407e-06 -4.37113e-08 -6.35048e-14 1 143.801 0 0 0 1 
			6 5
			0.995014 0.0902305 0.042489 -10.1726 -0.0897157 0.995871 -0.0138741 -0.527027 -0.0435655 0.00999304 0.999001 144.37 0 0 0 1 
			7 6
			0.994845 -0.0912189 0.0442967 -37.2146 0.0915704 0.995781 -0.00596753 -7.37347 -0.0435655 0.00999304 0.999001 144.37 0 0 0 1 
			8 7
			0.994845 -0.0912189 0.0442967 -64.9763 -0.0434925 0.0107859 0.998995 144.365 -0.091605 -0.995772 0.00676301 7.48842 0 0 0 1 
			9 4
			-1 -1.37091e-06 4.37114e-08 -2.89267 -1.37091e-06 1 3.84662e-15 -8.20407e-06 -4.37115e-08 -5.60777e-14 -1 -143.801 0 0 0 1 
			10 9
			-0.995014 0.0902277 0.042489 -10.1726 0.089713 0.995871 -0.0138741 -0.527027 -0.0435654 -0.00999316 -0.999001 -144.37 0 0 0 1 
			11 10
			-0.994845 -0.0912216 0.0442967 -37.2146 -0.0915731 0.99578 -0.00596753 -7.37347 -0.0435654 -0.00999316 -0.999001 -144.37 0 0 0 1 
			12 11
			-0.994845 -0.0912216 0.0442967 -64.9763 0.0434925 0.0107861 0.998995 144.365 -0.0916078 0.995772 -0.00676301 -7.48842 0 0 0 1 
			13 4
			1.34309e-06 -5.95475e-08 -1 -149.889 -1.40269e-06 -1 5.95456e-08 7.93768e-06 -1 1.40269e-06 -1.34309e-06 -0.000201315 0 0 0 1 
			14 13
			1 -0 0 0 0 1 0 0 -0 -0 1 -0 0 0 0 1 
			15 2
			1.37369e-06 -0.0998334 0.995004 80.3979 0 -0.995004 -0.0998334 -8.06668 1 1.3714e-07 -1.36683e-06 -8.2648 0 0 0 1 
			16 15
			1.37369e-06 0.0998334 0.995004 45.0607 0 -0.995004 0.0998334 0.903508 1 -1.3714e-07 -1.36683e-06 -8.2648 0 0 0 1 
			17 16
			1.3716e-06 -6.00745e-14 1 9.05003 0 -1 -6.00745e-14 1.19116e-05 1 8.23984e-20 -1.3716e-06 -8.2648 0 0 0 1 
			18 17
			1.3723e-06 -1 -6.00133e-14 -12.2319 0 6.00133e-14 -1 -0.75718 1 1.3723e-06 8.23562e-20 -8.2648 0 0 0 1 
			19 18
			1 -0 0 0 0 1 0 0 -0 -0 1 -0 0 0 0 1 
			20 2
			1.37369e-06 -0.0998334 0.995004 80.3979 0 -0.995004 -0.0998334 -8.06668 1 1.3714e-07 -1.36683e-06 8.26481 0 0 0 1 
			21 20
			1.37369e-06 0.0998334 0.995004 45.0607 0 -0.995004 0.0998334 0.903507 1 -1.3714e-07 -1.36683e-06 8.26481 0 0 0 1 
			22 21
			1.3716e-06 -6.00745e-14 1 9.05003 0 -1 -6.00745e-14 1.19116e-05 1 8.23984e-20 -1.3716e-06 8.26481 0 0 0 1 
			23 22
			1.3723e-06 -1 5.98908e-14 -12.2319 0 -5.98908e-14 -1 -0.75718 1 1.3723e-06 -8.21882e-20 8.26481 0 0 0 1 
			24 23
			1 -0 0 0 0 1 0 0 -0 -0 1 -0 0 0 0 1 
	</skeleton>
		<animations>
			33
			0
				-1
				-0.573575 0.819153 -2.02144e-33 0 -0.819153 -0.573575 -1.36318e-32 8.9233e-07 -1.2326e-32 -6.16298e-33 1 -74.705 0 0 0 1 
				0
				-0.49726 0.867602 -1.0694e-32 0.848371 -0.867602 -0.49726 6.1292e-33 -0.620328 -0 1.2326e-32 1 -72.5247 0 0 0 1 
				1
				-0.412706 0.910864 2.28017e-33 1.73979 -0.910864 -0.412706 1.2499e-32 -1.27214 1.2326e-32 3.08149e-33 1 -70.2337 0 0 0 1 
				2
				-0.322709 0.946498 1.06107e-33 2.64827 -0.946498 -0.322709 1.26609e-32 -1.93642 1.2326e-32 3.08149e-33 1 -67.8989 0 0 0 1 
				3
				-0.230615 0.973045 -5.84097e-33 3.54781 -0.973045 -0.230615 -1.12831e-32 -2.59416 -1.2326e-32 3.08149e-33 1 -65.587 0 0 0 1 
				4
				-0.140003 0.990151 1.52557e-33 4.41324 -0.990151 -0.140003 -2.15709e-34 -3.22696 -0 -1.54074e-33 1 -63.3628 0 0 0 1 
				5
				-0.0545133 0.998513 9.72981e-35 5.21938 -0.998513 -0.0545133 -1.23496e-32 -3.81641 -1.2326e-32 -7.70372e-34 1 -61.291 0 0 0 1 
				6
				0.0222925 0.999751 8.22316e-35 5.94023 -0.999751 0.0222925 -1.23272e-32 -4.3435 -1.2326e-32 1.92593e-34 1 -59.4384 0 0 0 1 
				7
				0.0871571 0.996195 -1.07429e-33 6.54981 -0.996195 0.0871571 1.2279e-32 -4.78922 1.2326e-32 -0 1 -57.8718 0 0 0 1 
				8
				0.135846 0.99073 -1.67444e-33 7.08069 -0.99073 0.135846 1.22117e-32 -5.01491 1.2326e-32 -0 1 -56.891 0 0 0 1 
				9
				0.159308 0.987229 -1.52107e-33 7.42493 -0.987229 0.159308 -2.45453e-34 -4.98877 -0 1.54074e-33 1 -56.6623 0 0 0 1 
				10
				0.146818 0.989163 0 7.33161 -0.989163 0.146818 0 -4.86285 -0 -0 1 -57.0383 0 0 0 1 
				11
				0.0871571 0.996195 -1.07429e-33 6.54981 -0.996195 0.0871571 1.2279e-32 -4.78922 1.2326e-32 -0 1 -57.8718 0 0 0 1 
				12
				-0.0636341 0.997973 -1.55401e-35 4.43805 -0.997973 -0.0636341 -1.235e-32 -4.8334 -1.2326e-32 -7.70372e-34 1 -59.549 0 0 0 1 
				13
				-0.284014 0.95882 -5.46151e-34 1.29365 -0.95882 -0.284014 -1.26936e-32 -4.90895 -1.2326e-32 -3.08149e-33 1 -62.0234 0 0 0 1 
				14
				-0.478713 0.877971 0 -1.63152 -0.877971 -0.478713 -0 -4.92464 -0 -0 1 -64.4542 0 0 0 1 
				15
				-0.573575 0.819153 -2.02144e-33 -3.08557 -0.819153 -0.573575 -1.36318e-32 -4.78922 -1.2326e-32 -6.16298e-33 1 -66.0006 0 0 0 1 
				16
				-0.598438 0.801169 8.62574e-33 -3.35015 -0.801169 -0.598438 1.24943e-33 -4.54252 6.16298e-33 -6.16298e-33 1 -66.8062 0 0 0 1 
				17
				-0.61652 0.78734 3.7996e-33 -3.49665 -0.78734 -0.61652 4.85235e-33 -4.28224 6.16298e-33 -0 1 -67.5444 0 0 0 1 
				18
				-0.628784 0.77758 0 -3.53745 -0.77758 -0.628784 -0 -4.00979 -0 -0 1 -68.2221 0 0 0 1 
				19
				-0.636077 0.771626 0 -3.48494 -0.771626 -0.636077 -0 -3.72661 -0 -0 1 -68.8464 0 0 0 1 
				20
				-0.639129 0.7691 8.0101e-34 -3.35114 -0.7691 -0.639129 -8.67888e-33 -3.43408 -6.16298e-33 -6.16298e-33 1 -69.4242 0 0 0 1 
				21
				-0.638599 0.76954 -3.12868e-33 -3.14803 -0.76954 -0.638599 -1.3421e-32 -3.13357 -1.2326e-32 -6.16298e-33 1 -69.9623 0 0 0 1 
				22
				-0.635125 0.772409 -3.06818e-33 -2.88801 -0.772409 -0.635125 -1.34349e-32 -2.82652 -1.2326e-32 -6.16298e-33 1 -70.4679 0 0 0 1 
				23
				-0.629319 0.777147 -4.78954e-33 -2.58346 -0.777147 -0.629319 3.87848e-33 -2.51434 -0 6.16298e-33 1 -70.9481 0 0 0 1 
				24
				-0.621771 0.783199 3.83196e-33 -2.2464 -0.783199 -0.621771 4.82683e-33 -2.19842 6.16298e-33 -0 1 -71.4096 0 0 0 1 
				25
				-0.613078 0.790022 0 -1.88882 -0.790022 -0.613078 -0 -1.88014 -0 -0 1 -71.8594 0 0 0 1 
				26
				-0.603876 0.797078 0 -1.5231 -0.797078 -0.603876 -0 -1.56093 -0 -0 1 -72.3046 0 0 0 1 
				27
				-0.594822 0.803858 -3.66587e-33 -1.16165 -0.803858 -0.594822 -4.95415e-33 -1.2422 -6.16298e-33 -0 1 -72.7522 0 0 0 1 
				28
				-0.586575 0.809895 3.61505e-33 -0.816454 -0.809895 -0.586575 4.99136e-33 -0.92535 6.16298e-33 -0 1 -73.209 0 0 0 1 
				29
				-0.579814 0.814749 0 -0.499521 -0.814749 -0.579814 -0 -0.611747 -0 -0 1 -73.6821 0 0 0 1 
				30
				-0.575244 0.817982 8.58642e-33 -0.223239 -0.817982 -0.575244 1.49599e-33 -0.302822 6.16298e-33 -6.16298e-33 1 -74.1784 0 0 0 1 
				31
				-0.573575 0.819153 -2.02144e-33 0 -0.819153 -0.573575 -1.36318e-32 8.9233e-07 -1.2326e-32 -6.16298e-33 1 -74.705 0 0 0 1 
		</Joint>
			1
				-1
				1.33158e-06 -0.573574 -0.819154 0 0 -0.819154 0.573574 8.9233e-07 -1 -7.6376e-07 -1.09077e-06 -74.705 0 0 0 1 
				0
				1.33158e-06 -0.497258 -0.867603 0.848371 0 -0.867603 0.497258 -0.620328 -1 -6.6214e-07 -1.15528e-06 -72.5247 0 0 0 1 
				1
				1.33158e-06 -0.412704 -0.910865 1.73979 0 -0.910865 0.412704 -1.27214 -1 -5.49549e-07 -1.21289e-06 -70.2337 0 0 0 1 
				2
				1.33158e-06 -0.322707 -0.946499 2.64827 0 -0.946499 0.322707 -1.93642 -1 -4.29711e-07 -1.26034e-06 -67.8989 0 0 0 1 
				3
				1.33158e-06 -0.230613 -0.973046 3.54781 0 -0.973046 0.230613 -2.59416 -1 -3.0708e-07 -1.29569e-06 -65.587 0 0 0 1 
				4
				1.33158e-06 -0.140002 -0.990151 4.41324 0 -0.990151 0.140002 -3.22696 -1 -1.86424e-07 -1.31847e-06 -63.3628 0 0 0 1 
				5
				1.33158e-06 -0.054512 -0.998513 5.21938 0 -0.998513 0.054512 -3.81641 -1 -7.25871e-08 -1.3296e-06 -61.291 0 0 0 1 
				6
				1.33158e-06 0.0222939 -0.999751 5.94023 0 -0.999751 -0.0222939 -4.3435 -1 2.96861e-08 -1.33125e-06 -59.4384 0 0 0 1 
				7
				1.33158e-06 0.0871584 -0.996194 6.54981 0 -0.996194 -0.0871584 -4.78922 -1 1.16058e-07 -1.32651e-06 -57.8718 0 0 0 1 
				8
				1.33158e-06 0.135848 -0.99073 7.08069 0 -0.99073 -0.135848 -5.01491 -1 1.80892e-07 -1.31924e-06 -56.891 0 0 0 1 
				9
				1.33158e-06 0.159309 -0.987229 7.42493 0 -0.987229 -0.159309 -4.98877 -1 2.12133e-07 -1.31457e-06 -56.6623 0 0 0 1 
				10
				1.33158e-06 0.14682 -0.989163 7.33161 0 -0.989163 -0.14682 -4.86285 -1 1.95502e-07 -1.31715e-06 -57.0383 0 0 0 1 
				11
				1.33158e-06 0.0871584 -0.996194 6.54981 0 -0.996194 -0.0871584 -4.78922 -1 1.16058e-07 -1.32651e-06 -57.8718 0 0 0 1 
				12
				1.33158e-06 -0.0636328 -0.997973 4.43805 0 -0.997973 0.0636328 -4.8334 -1 -8.47321e-08 -1.32888e-06 -59.549 0 0 0 1 
				13
				1.33158e-06 -0.284013 -0.95882 1.29365 0 -0.95882 0.284013 -4.90895 -1 -3.78186e-07 -1.27675e-06 -62.0234 0 0 0 1 
				14
				1.33158e-06 -0.478712 -0.877972 -1.63152 0 -0.877972 0.478712 -4.92464 -1 -6.37444e-07 -1.16909e-06 -64.4542 0 0 0 1 
				15
				1.33158e-06 -0.573574 -0.819154 -3.08557 0 -0.819154 0.573574 -4.78922 -1 -7.6376e-07 -1.09077e-06 -66.0006 0 0 0 1 
				16
				1.33158e-06 -0.598437 -0.80117 -3.35015 0 -0.80117 0.598437 -4.54252 -1 -7.96867e-07 -1.06682e-06 -66.8062 0 0 0 1 
				17
				1.33158e-06 -0.616519 -0.78734 -3.49665 0 -0.78734 0.616519 -4.28224 -1 -8.20944e-07 -1.04841e-06 -67.5444 0 0 0 1 
				18
				1.33158e-06 -0.628783 -0.777581 -3.53745 0 -0.777581 0.628783 -4.00979 -1 -8.37275e-07 -1.03541e-06 -68.2221 0 0 0 1 
				19
				1.33158e-06 -0.636076 -0.771627 -3.48494 0 -0.771627 0.636076 -3.72661 -1 -8.46986e-07 -1.02748e-06 -68.8464 0 0 0 1 
				20
				1.33158e-06 -0.639128 -0.769101 -3.35114 0 -0.769101 0.639128 -3.43408 -1 -8.5105e-07 -1.02412e-06 -69.4242 0 0 0 1 
				21
				1.33158e-06 -0.638598 -0.769541 -3.14803 0 -0.769541 0.638598 -3.13357 -1 -8.50345e-07 -1.02471e-06 -69.9623 0 0 0 1 
				22
				1.33158e-06 -0.635124 -0.77241 -2.88801 0 -0.77241 0.635124 -2.82652 -1 -8.45718e-07 -1.02853e-06 -70.4679 0 0 0 1 
				23
				1.33158e-06 -0.629318 -0.777148 -2.58346 0 -0.777148 0.629318 -2.51434 -1 -8.37988e-07 -1.03483e-06 -70.9481 0 0 0 1 
				24
				1.33158e-06 -0.62177 -0.7832 -2.2464 0 -0.7832 0.62177 -2.19842 -1 -8.27937e-07 -1.04289e-06 -71.4096 0 0 0 1 
				25
				1.33158e-06 -0.613077 -0.790023 -1.88882 0 -0.790023 0.613077 -1.88014 -1 -8.16362e-07 -1.05198e-06 -71.8594 0 0 0 1 
				26
				1.33158e-06 -0.603875 -0.797079 -1.5231 0 -0.797079 0.603875 -1.56093 -1 -8.04108e-07 -1.06138e-06 -72.3046 0 0 0 1 
				27
				1.33158e-06 -0.594821 -0.803859 -1.16165 0 -0.803859 0.594821 -1.2422 -1 -7.92052e-07 -1.0704e-06 -72.7522 0 0 0 1 
				28
				1.33158e-06 -0.586574 -0.809896 -0.816454 0 -0.809896 0.586574 -0.92535 -1 -7.81071e-07 -1.07844e-06 -73.209 0 0 0 1 
				29
				1.33158e-06 -0.579812 -0.81475 -0.499521 0 -0.81475 0.579812 -0.611747 -1 -7.72067e-07 -1.08491e-06 -73.6821 0 0 0 1 
				30
				1.33158e-06 -0.575243 -0.817983 -0.223239 0 -0.817983 0.575243 -0.302822 -1 -7.65983e-07 -1.08921e-06 -74.1784 0 0 0 1 
				31
				1.33158e-06 -0.573574 -0.819154 0 0 -0.819154 0.573574 8.9233e-07 -1 -7.6376e-07 -1.09077e-06 -74.705 0 0 0 1 
		</Joint>
			2
				-1
				-0.000271969 -0.342021 -0.939692 0.00731104 -0.000750183 -0.939692 0.342021 0.0200571 -1 0.00079796 -1.01207e-06 -84.04 0 0 0 1 
				0
				-0.012554 -0.222813 -0.97478 0.853137 -0.0324426 -0.974253 0.22311 -0.599533 -0.999395 0.0344254 0.00500211 -81.8603 0 0 0 1 
				1
				-0.0179787 -0.0936856 -0.995439 1.7418 -0.0681208 -0.993172 0.0947026 -1.25094 -0.997515 0.0695127 0.011474 -79.5701 0 0 0 1 
				2
				-0.0152712 0.0393534 -0.999109 2.64744 -0.105588 -0.993702 -0.0375265 -1.9152 -0.994293 0.104921 0.0193302 -77.236 0 0 0 1 
				3
				-0.00428049 0.16981 -0.985468 3.5442 -0.142326 -0.975548 -0.167482 -2.57333 -0.989811 0.139541 0.0283441 -74.9249 0 0 0 1 
				4
				0.0139899 0.291623 -0.956431 4.40702 -0.175968 -0.940878 -0.289455 -3.20687 -0.984296 0.172351 0.0381536 -72.7014 0 0 0 1 
				5
				0.0375296 0.39977 -0.915847 5.21085 -0.204671 -0.893988 -0.398616 -3.79732 -0.978111 0.202407 0.0482704 -70.6302 0 0 0 1 
				6
				0.0635698 0.490636 -0.869043 5.92976 -0.227358 -0.840785 -0.491313 -4.32555 -0.971734 0.228817 0.0581016 -68.7782 0 0 0 1 
				7
				0.0889708 0.562247 -0.822169 6.53781 -0.243839 -0.78803 -0.565288 -4.7724 -0.965726 0.250771 0.0669861 -67.212 0 0 0 1 
				8
				0.111092 0.625025 -0.772659 7.06735 -0.248512 -0.735301 -0.630535 -4.99921 -0.962237 0.262063 0.07364 -66.2315 0 0 0 1 
				9
				0.123174 0.668231 -0.733687 7.41067 -0.242757 -0.696567 -0.675177 -4.9739 -0.962236 0.261272 0.0764186 -66.0028 0 0 0 1 
				10
				0.117875 0.660614 -0.741414 7.31751 -0.238403 -0.705958 -0.666924 -4.84778 -0.963986 0.255369 0.0742773 -66.3787 0 0 0 1 
				11
				0.0889708 0.562247 -0.822169 6.53781 -0.243839 -0.78803 -0.565288 -4.7724 -0.965726 0.250771 0.0669861 -67.212 0 0 0 1 
				12
				0.0119634 0.244283 -0.96963 4.43285 -0.252111 -0.937635 -0.239333 -4.81341 -0.967624 0.247318 0.0503691 -68.8892 0 0 0 1 
				13
				-0.0947741 -0.275943 -0.95649 1.29955 -0.218776 -0.931552 0.290426 -4.88909 -0.971162 0.236782 0.0279174 -71.3634 0 0 0 1 
				14
				-0.16354 -0.693039 -0.702105 -1.61672 -0.145437 -0.686974 0.711979 -4.90999 -0.975758 0.218549 0.0115544 -73.7937 0 0 0 1 
				15
				-0.176899 -0.841493 -0.510487 -3.06759 -0.0966841 -0.501301 0.859854 -4.77853 -0.979469 0.201464 0.00732085 -75.3398 0 0 0 1 
				16
				-0.169591 -0.861535 -0.478536 -3.33174 -0.0821255 -0.471527 0.878019 -4.53247 -0.982087 0.188205 0.0092129 -76.1452 0 0 0 1 
				17
				-0.160361 -0.871077 -0.46423 -3.47803 -0.0712067 -0.458882 0.885639 -4.27245 -0.984487 0.175079 0.0115605 -76.883 0 0 0 1 
				18
				-0.149881 -0.871913 -0.466157 -3.51881 -0.0632816 -0.462057 0.88459 -3.99994 -0.986677 0.162083 0.0140776 -77.5604 0 0 0 1 
				19
				-0.138581 -0.864931 -0.48238 -3.46646 -0.0576786 -0.479204 0.875807 -3.71639 -0.98867 0.149193 0.0165207 -78.1845 0 0 0 1 
				20
				-0.126727 -0.850387 -0.510669 -3.33296 -0.0537614 -0.508175 0.859574 -3.42324 -0.99048 0.136386 0.0186817 -78.762 0 0 0 1 
				21
				-0.114493 -0.828238 -0.548555 -3.13033 -0.050937 -0.546565 0.835866 -3.12191 -0.992117 0.123643 0.0203902 -79.2999 0 0 0 1 
				22
				-0.102012 -0.798446 -0.593361 -2.87094 -0.0486581 -0.591754 0.804649 -2.81389 -0.993592 0.110956 0.0215152 -79.8052 0 0 0 1 
				23
				-0.0894047 -0.761164 -0.642367 -2.5672 -0.0464477 -0.641062 0.766082 -2.50066 -0.994912 0.0983278 0.0219596 -80.2851 0 0 0 1 
				24
				-0.0767977 -0.716859 -0.692976 -2.23108 -0.0439141 -0.691922 0.720636 -2.18366 -0.996079 0.0857746 0.0216578 -80.7464 0 0 0 1 
				25
				-0.0643322 -0.666441 -0.742777 -1.87457 -0.0407438 -0.741945 0.669222 -1.86431 -0.997096 0.0733161 0.0205776 -81.1959 0 0 0 1 
				26
				-0.0521646 -0.611347 -0.789642 -1.51004 -0.0366996 -0.789011 0.613282 -1.54409 -0.997964 0.0609712 0.0187222 -81.6408 0 0 0 1 
				27
				-0.0404513 -0.553476 -0.831883 -1.14982 -0.0316308 -0.831437 0.554717 -1.22446 -0.998681 0.0487522 0.0161258 -82.0881 0 0 0 1 
				28
				-0.0293291 -0.495046 -0.868372 -0.805873 -0.0254704 -0.868093 0.495748 -0.906823 -0.999245 0.0366576 0.0128513 -82.5447 0 0 0 1 
				29
				-0.018901 -0.438536 -0.898515 -0.490148 -0.0182211 -0.898375 0.438851 -0.592574 -0.999655 0.0246666 0.00898954 -83.0175 0 0 0 1 
				30
				-0.00922063 -0.386624 -0.922192 -0.214975 -0.00994426 -0.92215 0.386706 -0.28314 -0.999908 0.0127362 0.00465811 -83.5136 0 0 0 1 
				31
				-0.000271969 -0.342021 -0.939692 0.00731104 -0.000750183 -0.939692 0.342021 0.0200571 -1 0.00079796 -1.01208e-06 -84.04 0 0 0 1 
		</Joint>
			3
				-1
				-6.90266e-05 -0.0871571 -0.996194 0.0018756 -0.000795174 -0.996194 0.0871571 0.0212125 -1 0.000798164 -5.41183e-07 -110.872 0 0 0 1 
				0
				-0.0149245 0.0711985 -0.997351 0.514762 -0.0663206 -0.995336 -0.0700622 -1.44878 -0.997687 0.0650992 0.0195768 -108.678 0 0 0 1 
				1
				-0.0126857 0.235932 -0.971687 1.25435 -0.137271 -0.962975 -0.232025 -3.0582 -0.990452 0.130441 0.0446026 -106.339 0 0 0 1 
				2
				0.00851186 0.395716 -0.918334 2.22922 -0.207677 -0.897643 -0.388725 -4.72921 -0.978161 0.194025 0.0745403 -103.919 0 0 0 1 
				3
				0.0475529 0.539695 -0.840517 3.41781 -0.271388 -0.802835 -0.530853 -6.37512 -0.961295 0.25335 0.10829 -101.489 0 0 0 1 
				4
				0.100594 0.659571 -0.744881 4.76831 -0.323441 -0.686333 -0.651408 -7.91387 -0.940886 0.306453 0.144292 -99.119 0 0 0 1 
				5
				0.161822 0.750859 -0.640331 6.20181 -0.361014 -0.558858 -0.746557 -9.2772 -0.918413 0.351978 0.180635 -96.8828 0 0 0 1 
				6
				0.224448 0.81336 -0.53672 7.61811 -0.383891 -0.432435 -0.81586 -10.4169 -0.895685 0.38916 0.215182 -94.8605 0 0 0 1 
				7
				0.281839 0.85083 -0.443457 8.90693 -0.394367 -0.318618 -0.86195 -11.3084 -0.874667 0.417816 0.24574 -93.1337 0 0 0 1 
				8
				0.328715 0.880756 -0.340904 10.0294 -0.382637 -0.20581 -0.900684 -11.663 -0.863444 0.426511 0.269357 -92.0598 0 0 0 1 
				9
				0.352135 0.901289 -0.252346 10.6965 -0.357719 -0.119544 -0.926146 -11.4851 -0.864892 0.416398 0.280313 -91.8308 0 0 0 1 
				10
				0.340859 0.903128 -0.261101 10.4611 -0.3536 -0.134178 -0.925723 -11.2418 -0.871081 0.407867 0.27361 -92.2535 0 0 0 1 
				11
				0.281839 0.85083 -0.443457 8.90693 -0.394367 -0.318618 -0.86195 -11.3084 -0.874667 0.417816 0.24574 -93.1337 0 0 0 1 
				12
				0.099797 0.516125 -0.850679 4.74285 -0.471774 -0.728193 -0.497156 -11.5626 -0.876054 0.450943 0.170823 -94.8625 0 0 0 1 
				13
				-0.184643 -0.245783 -0.951577 -1.23823 -0.423924 -0.853604 0.302735 -10.7412 -0.886677 0.459294 0.0534184 -97.4318 0 0 0 1 
				14
				-0.353742 -0.808741 -0.469899 -5.98763 -0.230242 -0.411633 0.881786 -8.80362 -0.906562 0.420116 -0.0405946 -99.9846 0 0 0 1 
				15
				-0.370328 -0.92143 -0.117574 -7.79454 -0.107972 -0.0830163 0.990682 -7.37102 -0.922605 0.379572 -0.0687454 -101.629 0 0 0 1 
				16
				-0.351525 -0.933251 -0.0739797 -7.86234 -0.0830295 -0.0476325 0.995408 -6.73507 -0.932489 0.356054 -0.0607433 -102.505 0 0 0 1 
				17
				-0.330399 -0.941725 -0.0631675 -7.76078 -0.0679043 -0.0430354 0.996763 -6.18218 -0.941395 0.333619 -0.0497284 -103.306 0 0 0 1 
				18
				-0.308071 -0.947828 -0.0819421 -7.52023 -0.060467 -0.0664494 0.995956 -5.69651 -0.94944 0.31178 -0.0368412 -104.042 0 0 0 1 
				19
				-0.284966 -0.95011 -0.12683 -7.16463 -0.0587002 -0.11477 0.991656 -5.2616 -0.956739 0.290033 -0.0230661 -104.719 0 0 0 1 
				20
				-0.261127 -0.94559 -0.194095 -6.71316 -0.0607801 -0.184566 0.980939 -4.86185 -0.963389 0.267947 -0.00927781 -105.345 0 0 0 1 
				21
				-0.236457 -0.930599 -0.279416 -6.18258 -0.0650366 -0.271767 0.960163 -4.48287 -0.969463 0.245209 0.00373824 -105.926 0 0 0 1 
				22
				-0.210892 -0.901617 -0.37764 -5.58891 -0.0699252 -0.371424 0.925826 -4.11157 -0.975005 0.221656 0.0152846 -106.47 0 0 0 1 
				23
				-0.18451 -0.855989 -0.482947 -4.94785 -0.0740792 -0.477874 0.875299 -3.73676 -0.980035 0.197278 0.0247616 -106.985 0 0 0 1 
				24
				-0.157578 -0.792452 -0.589228 -4.27482 -0.0763634 -0.585117 0.807346 -3.34948 -0.98455 0.172216 0.0316874 -107.477 0 0 0 1 
				25
				-0.130553 -0.711509 -0.690443 -3.58556 -0.0758859 -0.687189 0.722504 -2.94288 -0.988533 0.14672 0.0357214 -107.954 0 0 0 1 
				26
				-0.104049 -0.615611 -0.781151 -2.89658 -0.0720247 -0.778688 0.623263 -2.51219 -0.991961 0.121112 0.0366828 -108.421 0 0 0 1 
				27
				-0.0787489 -0.508917 -0.857206 -2.22435 -0.0644725 -0.855476 0.513813 -2.05491 -0.994807 0.0957284 0.0345566 -108.887 0 0 0 1 
				28
				-0.0552961 -0.396746 -0.916262 -1.58437 -0.053232 -0.915189 0.399494 -1.5707 -0.99705 0.070865 0.0294868 -109.358 0 0 0 1 
				29
				-0.0342067 -0.285057 -0.9579 -0.991215 -0.0385588 -0.957371 0.286276 -1.06103 -0.998671 0.0467281 0.021757 -109.842 0 0 0 1 
				30
				-0.0157885 -0.179965 -0.983546 -0.458542 -0.020895 -0.983395 0.180273 -0.528958 -0.999657 0.0233975 0.011766 -110.344 0 0 0 1 
				31
				-6.90265e-05 -0.0871571 -0.996195 0.0018756 -0.000795174 -0.996194 0.0871571 0.0212125 -1 0.000798165 -5.41232e-07 -110.872 0 0 0 1 
		</Joint>
			4
				-1
				-6.90266e-05 -0.0871571 -0.996194 0.000445948 -0.000795174 -0.996194 0.0871571 0.00470529 -1 0.000798164 -5.41175e-07 -137.705 0 0 0 1 
				0
				-0.0149245 0.0711985 -0.997351 0.113958 -0.0663206 -0.995336 -0.0700622 -3.2235 -0.997687 0.0650992 0.0195768 -135.449 0 0 0 1 
				1
				-0.0126857 0.235932 -0.971687 0.912818 -0.137271 -0.962975 -0.232025 -6.73684 -0.990452 0.130441 0.0446026 -132.915 0 0 0 1 
				2
				0.00851188 0.395716 -0.918334 2.4557 -0.207677 -0.897643 -0.388725 -10.2973 -0.978161 0.194025 0.0745403 -130.167 0 0 0 1 
				3
				0.0475529 0.539695 -0.840517 4.69115 -0.271388 -0.802835 -0.530853 -13.6532 -0.961295 0.25335 0.10829 -127.284 0 0 0 1 
				4
				0.100594 0.659571 -0.744881 7.46428 -0.323441 -0.686333 -0.651408 -16.5893 -0.940886 0.306453 0.144292 -124.367 0 0 0 1 
				5
				0.161822 0.750859 -0.640331 10.5402 -0.361014 -0.558858 -0.746557 -18.9614 -0.918413 0.351978 0.180635 -121.528 0 0 0 1 
				6
				0.224448 0.81336 -0.53672 13.6366 -0.383891 -0.432435 -0.81586 -20.7155 -0.895685 0.38916 0.215182 -118.896 0 0 0 1 
				7
				0.281839 0.85083 -0.443457 16.4652 -0.394366 -0.318618 -0.86195 -21.8886 -0.874667 0.417816 0.24574 -116.605 0 0 0 1 
				8
				0.328715 0.880756 -0.340904 18.8453 -0.382637 -0.20581 -0.900684 -21.9291 -0.863444 0.426511 0.269357 -115.23 0 0 0 1 
				9
				0.352135 0.901289 -0.252346 20.1407 -0.357719 -0.119544 -0.926146 -21.083 -0.864892 0.416398 0.280313 -115.04 0 0 0 1 
				10
				0.340859 0.903128 -0.261101 19.6028 -0.3536 -0.134178 -0.925723 -20.7291 -0.871081 0.407867 0.27361 -115.629 0 0 0 1 
				11
				0.281839 0.85083 -0.443457 16.4652 -0.394366 -0.318618 -0.86195 -21.8886 -0.874667 0.417816 0.24574 -116.605 0 0 0 1 
				12
				0.099797 0.516125 -0.850679 7.41814 -0.471774 -0.728193 -0.497156 -24.2179 -0.876054 0.450943 0.170823 -118.371 0 0 0 1 
				13
				-0.184643 -0.245783 -0.951577 -6.19145 -0.423924 -0.853604 0.302735 -22.1119 -0.886677 0.459294 0.0534184 -121.226 0 0 0 1 
				14
				-0.353742 -0.808741 -0.469899 -15.4755 -0.230242 -0.411633 0.881786 -14.9796 -0.906562 0.420116 -0.0405946 -124.312 0 0 0 1 
				15
				-0.370328 -0.92143 -0.117574 -17.7269 -0.107972 -0.0830163 0.990682 -10.2678 -0.922605 0.379572 -0.0687454 -126.387 0 0 0 1 
				16
				-0.351525 -0.933251 -0.0739797 -17.2901 -0.0830295 -0.0476325 0.995408 -8.96272 -0.932489 0.356054 -0.0607433 -127.527 0 0 0 1 
				17
				-0.330399 -0.941725 -0.0631675 -16.6216 -0.0679043 -0.0430354 0.996763 -8.00401 -0.941395 0.333619 -0.0497284 -128.568 0 0 0 1 
				18
				-0.308071 -0.947828 -0.0819421 -15.7819 -0.060467 -0.0664494 0.995956 -7.31867 -0.94944 0.31178 -0.0368412 -129.519 0 0 0 1 
				19
				-0.284966 -0.95011 -0.12683 -14.8064 -0.0587003 -0.11477 0.991656 -6.83611 -0.956738 0.290033 -0.0230661 -130.392 0 0 0 1 
				20
				-0.261127 -0.94559 -0.194095 -13.7152 -0.0607801 -0.184566 0.980939 -6.49183 -0.963389 0.267947 -0.00927781 -131.196 0 0 0 1 
				21
				-0.236457 -0.930599 -0.279416 -12.5228 -0.0650366 -0.271767 0.960163 -6.22664 -0.969463 0.245209 0.00373824 -131.94 0 0 0 1 
				22
				-0.210892 -0.901617 -0.37764 -11.2433 -0.0699252 -0.371424 0.925826 -5.98603 -0.975005 0.221656 0.0152846 -132.633 0 0 0 1 
				23
				-0.18451 -0.855989 -0.482947 -9.89456 -0.0740793 -0.477874 0.875299 -5.72216 -0.980035 0.197278 0.0247616 -133.283 0 0 0 1 
				24
				-0.157578 -0.792452 -0.589228 -8.49918 -0.0763634 -0.585117 0.807346 -5.39565 -0.984549 0.172216 0.0316874 -133.896 0 0 0 1 
				25
				-0.130553 -0.711509 -0.690443 -7.08518 -0.0758859 -0.687189 0.722504 -4.97575 -0.988533 0.14672 0.0357214 -134.479 0 0 0 1 
				26
				-0.104049 -0.615611 -0.781151 -5.68549 -0.0720247 -0.778688 0.623263 -4.44101 -0.991961 0.121112 0.0366828 -135.038 0 0 0 1 
				27
				-0.0787488 -0.508917 -0.857206 -4.3349 -0.0644725 -0.855476 0.513813 -3.78072 -0.994807 0.0957284 0.0345566 -135.581 0 0 0 1 
				28
				-0.0552961 -0.396746 -0.916262 -3.06617 -0.053232 -0.915189 0.399494 -2.99461 -0.99705 0.070865 0.0294868 -136.112 0 0 0 1 
				29
				-0.0342067 -0.285057 -0.9579 -1.90768 -0.0385588 -0.957371 0.286276 -2.09102 -0.998671 0.0467281 0.021757 -136.639 0 0 0 1 
				30
				-0.0157885 -0.179965 -0.983546 -0.881314 -0.0208951 -0.983395 0.180273 -1.08486 -0.999657 0.0233975 0.011766 -137.167 0 0 0 1 
				31
				-6.90265e-05 -0.0871571 -0.996195 0.000445948 -0.000795174 -0.996194 0.0871571 0.00470529 -1 0.000798165 -5.4124e-07 -137.705 0 0 0 1 
		</Joint>
			5
				-1
				0.996194 0.0871571 2.41037e-06 2.88169 -0.0871571 0.996195 1.6758e-06 -0.252233 -2.25514e-06 -1.87951e-06 1 -137.705 0 0 0 1 
				0
				0.99735 -0.0711866 0.0149839 2.99932 0.070062 0.995388 0.0655282 -3.02565 -0.0195796 -0.0643048 0.997738 -135.505 0 0 0 1 
				1
				0.971687 -0.235922 0.0128763 3.72474 0.232024 0.963084 0.136505 -6.07033 -0.0446054 -0.129652 0.990556 -133.044 0 0 0 1 
				2
				0.918334 -0.395722 -0.00819421 5.11406 0.388724 0.897809 0.206963 -9.17721 -0.074543 -0.193246 0.978314 -130.381 0 0 0 1 
				3
				0.840517 -0.539733 -0.0471208 7.12511 0.530853 0.80305 0.27075 -12.1215 -0.108292 -0.252584 0.961496 -127.596 0 0 0 1 
				4
				0.744881 -0.659651 -0.100066 9.62217 0.651407 0.68659 0.322897 -14.7083 -0.144294 -0.305703 0.941129 -124.783 0 0 0 1 
				5
				0.640332 -0.750988 -0.161222 12.3962 0.746556 0.559145 0.360571 -16.8045 -0.180638 -0.351246 0.918692 -122.049 0 0 0 1 
				6
				0.53672 -0.813539 -0.223799 15.1931 0.815859 0.43274 0.383548 -18.3576 -0.215185 -0.388446 0.895994 -119.516 0 0 0 1 
				7
				0.443458 -0.851054 -0.28116 17.7521 0.861949 0.318932 0.394115 -19.3968 -0.245743 -0.417119 0.874998 -117.314 0 0 0 1 
				8
				0.340905 -0.881017 -0.328013 19.8357 0.900683 0.206114 0.382476 -19.3247 -0.26936 -0.425823 0.863782 -116.007 0 0 0 1 
				9
				0.252346 -0.901569 -0.351417 20.8751 0.926145 0.119828 0.357626 -18.4045 -0.280315 -0.415709 0.865222 -115.849 0 0 0 1 
				10
				0.261102 -0.903399 -0.340139 20.3624 0.925722 0.134459 0.353495 -18.0519 -0.273613 -0.407173 0.871405 -116.418 0 0 0 1 
				11
				0.443458 -0.851054 -0.28116 17.7521 0.861949 0.318932 0.394115 -19.3968 -0.245743 -0.417119 0.874998 -117.314 0 0 0 1 
				12
				0.850679 -0.516204 -0.0993836 9.88138 0.497155 0.728569 0.471195 -22.7833 -0.170825 -0.450245 0.876412 -118.863 0 0 0 1 
				13
				0.951576 0.24593 0.184449 -3.44003 -0.302736 0.853941 0.423243 -22.9918 -0.0534207 -0.458588 0.887042 -121.378 0 0 0 1 
				14
				0.469898 0.809022 0.353099 -14.1201 -0.881787 0.411816 0.229912 -17.5323 0.0405921 -0.419394 0.906896 -124.192 0 0 0 1 
				15
				0.117573 0.921725 0.369594 -17.3912 -0.990682 0.0831022 0.107903 -13.1339 0.0687428 -0.378837 0.922907 -126.186 0 0 0 1 
				16
				0.0739787 0.93353 0.350782 -17.0806 -0.995408 0.0476986 0.0829887 -11.8423 0.0607407 -0.355311 0.932772 -127.35 0 0 0 1 
				17
				0.0631665 0.941988 0.329649 -16.4434 -0.996764 0.0430894 0.0678672 -10.8875 0.0497258 -0.332869 0.941661 -128.422 0 0 0 1 
				18
				0.0819411 0.948073 0.307316 -15.5495 -0.995956 0.0664974 0.0604113 -10.2 0.0368385 -0.311024 0.949688 -129.411 0 0 0 1 
				19
				0.126829 0.950336 0.28421 -14.4441 -0.991657 0.114817 0.0586061 -9.70521 0.0230634 -0.289271 0.956969 -130.324 0 0 0 1 
				20
				0.194094 0.945797 0.260374 -13.1584 -0.980939 0.184614 0.0606303 -9.33026 0.00927512 -0.267179 0.963602 -131.168 0 0 0 1 
				21
				0.279415 0.930787 0.235717 -11.719 -0.960163 0.271819 0.0648177 -9.0054 -0.00374082 -0.244437 0.969658 -131.95 0 0 0 1 
				22
				0.377639 0.901784 0.210175 -10.1553 -0.925827 0.37148 0.0696269 -8.66595 -0.0152873 -0.22088 0.975181 -132.676 0 0 0 1 
				23
				0.482947 0.856136 0.18383 -8.50169 -0.875299 0.477933 0.0736962 -8.25644 -0.0247643 -0.196498 0.980191 -133.354 0 0 0 1 
				24
				0.589227 0.792577 0.156949 -6.79857 -0.807346 0.585178 0.0758951 -7.73388 -0.0316902 -0.171431 0.984686 -133.987 0 0 0 1 
				25
				0.690442 0.711612 0.129989 -5.09139 -0.722505 0.687249 0.0753367 -7.06905 -0.0357241 -0.145933 0.988649 -134.582 0 0 0 1 
				26
				0.781151 0.615694 0.103561 -3.42885 -0.623264 0.778746 0.0714029 -6.24768 -0.0366855 -0.120322 0.992057 -135.144 0 0 0 1 
				27
				0.857206 0.50898 0.0783459 -1.85775 -0.513813 0.855527 0.0637898 -5.27115 -0.0345593 -0.0949362 0.994883 -135.68 0 0 0 1 
				28
				0.916261 0.39679 0.0549827 -0.417641 -0.399494 0.915231 0.0525021 -4.15465 -0.0294896 -0.070071 0.997106 -136.197 0 0 0 1 
				29
				0.9579 0.285084 0.0339824 0.861836 -0.286276 0.957401 0.0377956 -2.92376 -0.0217598 -0.0459328 0.998707 -136.701 0 0 0 1 
				30
				0.983546 0.179978 0.015648 1.9629 -0.180273 0.983411 0.0201115 -1.61109 -0.0117688 -0.0226015 0.999675 -137.201 0 0 0 1 
				31
				0.996195 0.0871571 2.4103e-06 2.8817 -0.0871571 0.996195 1.67575e-06 -0.252233 -2.25508e-06 -1.87944e-06 1 -137.705 0 0 0 1 
		</Joint>
			6
				-1
				0.112922 -0.0327949 -0.993063 16.3019 0.148164 0.988837 -0.0158075 -1.42637 0.982495 -0.145352 0.11652 -137.705 0 0 0 1 
				0
				0.0975123 -0.118747 -0.988125 16.4351 0.256939 0.962202 -0.090276 -2.08181 0.961495 -0.245085 0.124337 -135.769 0 0 0 1 
				1
				0.0618232 -0.202997 -0.977226 16.8148 0.365817 0.915573 -0.167047 -2.94461 0.928631 -0.347159 0.130863 -133.645 0 0 0 1 
				2
				0.00641555 -0.278679 -0.960363 17.4854 0.467161 0.849974 -0.243526 -3.9405 0.884149 -0.447082 0.135641 -131.386 0 0 0 1 
				3
				-0.0651379 -0.340044 -0.938151 18.4481 0.554395 0.769369 -0.31736 -4.97014 0.8297 -0.540779 0.138404 -129.055 0 0 0 1 
				4
				-0.146861 -0.383615 -0.911741 19.6568 0.623214 0.679896 -0.386452 -5.93282 0.768138 -0.624965 0.139224 -126.726 0 0 0 1 
				5
				-0.231574 -0.408752 -0.882777 21.0224 0.672127 0.588804 -0.448949 -6.74729 0.703291 -0.697303 0.138382 -124.482 0 0 0 1 
				6
				-0.312063 -0.41765 -0.853338 22.4236 0.702436 0.503336 -0.503226 -7.36671 0.639688 -0.756453 0.1363 -122.415 0 0 0 1 
				7
				-0.382019 -0.414798 -0.825836 23.7262 0.717759 0.429727 -0.547866 -7.78508 0.582137 -0.802046 0.133561 -120.624 0 0 0 1 
				8
				-0.459251 -0.450816 -0.76541 24.4282 0.712699 0.327328 -0.620416 -7.19114 0.530234 -0.830434 0.170971 -119.636 0 0 0 1 
				9
				-0.525834 -0.510474 -0.680379 24.2745 0.688995 0.213433 -0.692627 -5.92795 0.498783 -0.832984 0.239484 -119.625 0 0 0 1 
				10
				-0.519988 -0.528824 -0.670788 23.8799 0.68551 0.21015 -0.697075 -5.58107 0.509596 -0.822303 0.253239 -120.104 0 0 0 1 
				11
				-0.382019 -0.414798 -0.825836 23.7262 0.717759 0.429727 -0.547866 -7.78508 0.582137 -0.802046 0.133561 -120.624 0 0 0 1 
				12
				-0.0782211 0.221282 -0.972068 21.3413 0.643141 0.756224 0.120394 -16.0859 0.761742 -0.61576 -0.201468 -121.165 0 0 0 1 
				13
				0.0534572 0.978413 -0.199624 9.37913 0.210146 0.18441 0.960121 -27.0701 0.976207 -0.0932756 -0.195751 -122.098 0 0 0 1 
				14
				-0.379625 0.641514 0.666592 -7.78988 0.0795113 -0.69524 0.714367 -29.4113 0.921717 0.324193 0.212923 -123.646 0 0 0 1 
				15
				-0.589906 0.213694 0.778682 -15.8073 0.168582 -0.9105 0.377583 -26.4799 0.789677 0.354011 0.501085 -125.26 0 0 0 1 
				16
				-0.630625 0.19979 0.749931 -16.084 0.168835 -0.907836 0.383833 -25.252 0.757501 0.368669 0.538772 -126.531 0 0 0 1 
				17
				-0.668162 0.231411 0.707113 -15.5925 0.147967 -0.890085 0.431108 -24.3154 0.729153 0.39268 0.56048 -127.752 0 0 0 1 
				18
				-0.697332 0.301763 0.650128 -14.4456 0.106051 -0.85363 0.50997 -23.617 0.708859 0.424565 0.563261 -128.915 0 0 0 1 
				19
				-0.712307 0.402034 0.575315 -12.7355 0.0455677 -0.791472 0.609505 -23.0643 0.700387 0.46037 0.545451 -130.013 0 0 0 1 
				20
				-0.707384 0.521082 0.477579 -10.5436 -0.0282374 -0.695958 0.717528 -22.545 0.706265 0.494082 0.507023 -131.043 0 0 0 1 
				21
				-0.677894 0.644983 0.352784 -7.95488 -0.107326 -0.561559 0.820447 -21.9402 0.727283 0.518314 0.449901 -132 0 0 0 1 
				22
				-0.621519 0.757453 0.199946 -5.06789 -0.18148 -0.387497 0.903831 -21.1382 0.762088 0.525462 0.3783 -132.882 0 0 0 1 
				23
				-0.539472 0.841704 0.0224452 -1.99567 -0.239914 -0.17921 0.954109 -20.048 0.807101 0.50933 0.298615 -133.687 0 0 0 1 
				24
				-0.436841 0.883015 -0.171626 1.13921 -0.273166 0.0515629 0.960584 -18.61 0.857059 0.466505 0.218685 -134.414 0 0 0 1 
				25
				-0.322246 0.871342 -0.370028 4.20991 -0.274954 0.287879 0.917347 -16.8023 0.905846 0.397352 0.146811 -135.063 0 0 0 1 
				26
				-0.206567 0.803554 -0.558239 7.09443 -0.243854 0.51026 0.824725 -14.644 0.947557 0.30649 0.0905469 -135.638 0 0 0 1 
				27
				-0.100543 0.684335 -0.722202 9.6901 -0.183941 0.700582 0.689456 -12.193 0.977781 0.202163 0.0554387 -136.146 0 0 0 1 
				28
				-0.0147496 0.524916 -0.851026 11.9258 -0.101798 0.845908 0.523523 -9.53643 0.994695 0.0943548 0.0409588 -136.594 0 0 0 1 
				29
				0.0664799 0.341457 -0.937543 13.7662 -0.0115887 0.939823 0.341466 -6.78033 0.99772 -0.0118357 0.0664364 -136.995 0 0 0 1 
				30
				0.0946431 0.150636 -0.984048 15.2127 0.0687582 0.985136 0.157415 -4.03963 0.993134 -0.0825597 0.0828788 -137.36 0 0 0 1 
				31
				0.112922 -0.0327946 -0.993063 16.3019 0.148164 0.988837 -0.0158072 -1.42637 0.982495 -0.145352 0.11652 -137.705 0 0 0 1 
		</Joint>
			7
				-1
				-0.0189882 0.116044 -0.993063 19.4368 -0.95636 -0.291762 -0.0158073 2.68693 -0.291572 0.949426 0.11652 -110.429 0 0 0 1 
				0
				0.0620687 0.14056 -0.988125 19.1422 -0.974758 -0.204198 -0.0902761 5.05127 -0.214462 0.968786 0.124337 -109.076 0 0 0 1 
				1
				0.149835 0.150264 -0.977226 18.5311 -0.979873 -0.109293 -0.167047 7.21111 -0.131905 0.982586 0.130863 -107.864 0 0 0 1 
				2
				0.239315 0.14294 -0.960363 17.6635 -0.969814 -0.0124687 -0.243526 9.02869 -0.046784 0.989653 0.135641 -106.84 0 0 0 1 
				3
				0.325222 0.118756 -0.938151 16.6398 -0.944879 0.0805391 -0.31736 10.4208 0.0378694 0.989651 0.138404 -106.021 0 0 0 1 
				4
				0.402836 0.0803239 -0.911741 15.5797 -0.907492 0.164659 -0.386452 11.3687 0.119085 0.983075 0.139224 -105.402 0 0 0 1 
				5
				0.468692 0.0321398 -0.882777 14.5935 -0.861786 0.236156 -0.448949 11.9121 0.194044 0.971183 0.138382 -104.957 0 0 0 1 
				6
				0.520971 -0.0201046 -0.853338 13.7602 -0.812966 0.293 -0.503226 12.1341 0.260145 0.955901 0.1363 -104.656 0 0 0 1 
				7
				0.559517 -0.0702574 -0.825836 13.1207 -0.766578 0.334965 -0.547866 12.1412 0.315118 0.939608 0.133561 -104.463 0 0 0 1 
				8
				0.636796 -0.0929445 -0.76541 11.6786 -0.691798 0.369458 -0.620416 12.5946 0.340452 0.924587 0.170971 -104.916 0 0 0 1 
				9
				0.728139 -0.0830595 -0.680379 9.67648 -0.601847 0.397552 -0.692627 13.1998 0.328015 0.913813 0.239484 -105.778 0 0 0 1 
				10
				0.738839 -0.0644903 -0.670788 9.44408 -0.598394 0.394983 -0.697075 13.4499 0.309905 0.916422 0.253239 -105.957 0 0 0 1 
				11
				0.559517 -0.0702574 -0.825836 13.1207 -0.766578 0.334965 -0.547866 12.1412 0.315118 0.939608 0.133561 -104.463 0 0 0 1 
				12
				-0.172628 -0.159009 -0.972068 19.1698 -0.948332 0.293549 0.120394 1.76882 0.266205 0.942627 -0.201468 -100.017 0 0 0 1 
				13
				-0.979455 -0.0285984 -0.199624 10.8632 -0.201347 0.193978 0.960121 -21.2361 0.0112648 0.980589 -0.195751 -94.9964 0 0 0 1 
				14
				-0.70637 -0.238109 0.666592 -18.3289 0.696594 -0.0666182 0.714366 -27.2039 -0.12569 0.968951 0.212923 -98.0571 0 0 0 1 
				15
				-0.398459 -0.48465 0.778681 -32.1842 0.914517 -0.145221 0.377583 -21.7997 -0.0699143 0.862569 0.501085 -103.337 0 0 0 1 
				16
				-0.39987 -0.52698 0.749931 -33.5912 0.911839 -0.145677 0.383833 -20.5648 -0.0930247 0.8373 0.538772 -105.502 0 0 0 1 
				17
				-0.435947 -0.556724 0.707113 -34.1418 0.88987 -0.149256 0.431108 -20.2076 -0.134468 0.817179 0.56048 -107.51 0 0 0 1 
				18
				-0.498839 -0.573144 0.650128 -33.8048 0.845643 -0.15754 0.50997 -20.6728 -0.189865 0.804169 0.563262 -109.236 0 0 0 1 
				19
				-0.579945 -0.576781 0.575315 -32.5104 0.774227 -0.170519 0.609505 -21.7993 -0.253449 0.798903 0.545451 -110.569 0 0 0 1 
				20
				-0.669632 -0.56878 0.477579 -30.1818 0.670863 -0.187341 0.717528 -23.3289 -0.318645 0.80087 0.507023 -111.436 0 0 0 1 
				21
				-0.756773 -0.550308 0.352784 -26.7744 0.532954 -0.206947 0.820447 -24.9198 -0.378491 0.808909 0.449901 -111.81 0 0 0 1 
				22
				-0.829024 -0.522246 0.199946 -22.3224 0.361851 -0.228371 0.903831 -26.1764 -0.42636 0.821649 0.3783 -111.725 0 0 0 1 
				23
				-0.874237 -0.484981 0.0224452 -16.9723 0.163627 -0.250801 0.95411 -26.7085 -0.457096 0.83779 0.298615 -111.281 0 0 0 1 
				24
				-0.882306 -0.438271 -0.171626 -10.9883 -0.05112 -0.273249 0.960584 -26.1936 -0.467893 0.856302 0.218685 -110.62 0 0 0 1 
				25
				-0.847047 -0.381564 -0.370028 -4.7362 -0.268234 -0.294151 0.917347 -24.4355 -0.458871 0.87629 0.146811 -109.915 0 0 0 1 
				26
				-0.767717 -0.31461 -0.558239 1.35976 -0.47208 -0.311401 0.824725 -21.4138 -0.433302 0.896688 0.0905469 -109.332 0 0 0 1 
				27
				-0.649508 -0.237829 -0.722202 6.89885 -0.648427 -0.322788 0.689456 -17.2995 -0.39709 0.916103 0.0554387 -109.001 0 0 0 1 
				28
				-0.501788 -0.1548 -0.851026 11.5163 -0.787739 -0.32464 0.523523 -12.3625 -0.357318 0.933084 0.0409587 -108.98 0 0 0 1 
				29
				-0.344381 -0.0491373 -0.937543 15.6118 -0.884083 -0.319059 0.341466 -7.10205 -0.31591 0.94646 0.0664364 -109.296 0 0 0 1 
				30
				-0.175378 0.0298501 -0.984048 17.8402 -0.936562 -0.313166 0.157415 -2.13079 -0.303471 0.949229 0.0828788 -109.789 0 0 0 1 
				31
				-0.0189884 0.116044 -0.993063 19.4368 -0.95636 -0.291762 -0.0158072 2.68693 -0.291572 0.949426 0.11652 -110.429 0 0 0 1 
		</Joint>
			8
				-1
				-0.0189882 -0.99297 -0.116835 18.9097 -0.95636 -0.0160396 0.291749 -23.8633 -0.291572 0.117276 -0.949332 -118.524 0 0 0 1 
				0
				0.0620687 -0.997696 0.0273957 20.8654 -0.974758 -0.054698 0.21646 -22.0097 -0.214462 -0.0401395 -0.975907 -115.03 0 0 0 1 
				1
				0.149835 -0.9701 0.190934 22.6908 -0.979873 -0.119937 0.159577 -19.9919 -0.131905 -0.211002 -0.968545 -111.526 0 0 0 1 
				2
				0.239315 -0.901423 0.360785 24.3073 -0.969814 -0.204017 0.133556 -17.895 -0.046784 -0.381857 -0.923036 -108.139 0 0 0 1 
				3
				0.325222 -0.789782 0.520072 25.6685 -0.944879 -0.293427 0.145273 -15.8106 0.0378694 -0.538651 -0.841677 -104.97 0 0 0 1 
				4
				0.402836 -0.642042 0.652308 26.7631 -0.907492 -0.372905 0.193389 -13.8249 0.119085 -0.669869 -0.732868 -102.096 0 0 0 1 
				5
				0.468692 -0.472874 0.746135 27.6052 -0.861786 -0.430309 0.268624 -12.0125 0.194044 -0.768911 -0.609199 -99.5705 0 0 0 1 
				6
				0.520971 -0.301384 0.798597 28.2232 -0.812966 -0.460337 0.356617 -10.4352 0.260145 -0.83502 -0.484836 -97.4342 0 0 0 1 
				7
				0.559517 -0.146528 0.815764 28.6538 -0.766578 -0.465702 0.442132 -9.14037 0.315118 -0.872727 -0.372893 -95.7151 0 0 0 1 
				8
				0.636796 -0.0399936 0.769995 29.3572 -0.691798 -0.470595 0.547683 -6.61087 0.340452 -0.881443 -0.32734 -95.4641 0 0 0 1 
				9
				0.728139 -0.00700411 0.685394 29.8909 -0.601847 -0.485063 0.634424 -3.50857 0.328015 -0.874452 -0.357408 -96.6717 0 0 0 1 
				10
				0.738839 -0.040585 0.672658 29.9556 -0.598394 -0.498558 0.627188 -3.16257 0.309905 -0.865906 -0.39264 -97.3534 0 0 0 1 
				11
				0.559517 -0.146528 0.815764 28.6538 -0.766578 -0.465702 0.442132 -9.14038 0.315118 -0.872727 -0.372893 -95.7151 0 0 0 1 
				12
				-0.172628 -0.350488 0.92052 14.3773 -0.948332 -0.193434 -0.251493 -24.5585 0.266205 -0.916374 -0.298987 -92.6269 0 0 0 1 
				13
				-0.979455 -0.141078 0.1441 -16.3282 -0.201347 0.644216 -0.737865 -26.8258 0.0112648 -0.75172 -0.659386 -94.6837 0 0 0 1 
				14
				-0.70637 0.706623 0.0415331 -37.939 0.696594 0.704367 -0.136474 -7.86527 -0.12569 -0.0674693 -0.989773 -101.546 0 0 0 1 
				15
