<?xml version='1.0' encoding='UTF-8' ?>
<itpanim>
	<skeleton count>
		25
			0 -1
			1.37091e-06 -1 -6.12323e-17 1.44898e-05 1 1.37091e-06 -6.12323e-17 -1.98691e-11 6.12323e-17 -6.12323e-17 1 80.8015 0 0 0 1 
			1 0
			1.3868e-06 4.78456e-08 -1 -80.8015 2.75771e-06 -1 -4.78418e-08 1.44901e-05 -1 -2.75771e-06 -1.3868e-06 -0.000112056 0 0 0 1 
			2 1
			1.40269e-06 -0.000796318 -1 -90.1364 0 -1 0.000796318 0.0931538 -1 -1.11699e-09 -1.40269e-06 -2.58351e-07 0 0 0 1 
			3 2
			1.40269e-06 -0.000796318 -1 -116.969 0 -1 0.000796318 0.11452 -1 -1.11699e-09 -1.40269e-06 -3.17612e-07 0 0 0 1 
			4 3
			1.40269e-06 -0.000796318 -1 -143.801 0 -1 0.000796318 0.119367 -1 -1.11699e-09 -1.40269e-06 -3.31058e-07 0 0 0 1 
			5 4
			1 1.37091e-06 4.37113e-08 -2.89267 -1.37091e-06 1 3.58059e-15 -8.20407e-06 -4.37113e-08 -6.35048e-14 1 143.801 0 0 0 1 
			6 5
			0.995014 0.0902305 0.042489 -10.1726 -0.0897157 0.995871 -0.0138741 -0.527027 -0.0435655 0.00999304 0.999001 144.37 0 0 0 1 
			7 6
			0.994845 -0.0912189 0.0442967 -37.2146 0.0915704 0.995781 -0.00596753 -7.37347 -0.0435655 0.00999304 0.999001 144.37 0 0 0 1 
			8 7
			0.994845 -0.0912189 0.0442967 -64.9763 -0.0434925 0.0107859 0.998995 144.365 -0.091605 -0.995772 0.00676301 7.48842 0 0 0 1 
			9 4
			-1 -1.37091e-06 4.37114e-08 -2.89267 -1.37091e-06 1 3.84662e-15 -8.20407e-06 -4.37115e-08 -5.60777e-14 -1 -143.801 0 0 0 1 
			10 9
			-0.995014 0.0902277 0.042489 -10.1726 0.089713 0.995871 -0.0138741 -0.527027 -0.0435654 -0.00999316 -0.999001 -144.37 0 0 0 1 
			11 10
			-0.994845 -0.0912216 0.0442967 -37.2146 -0.0915731 0.99578 -0.00596753 -7.37347 -0.0435654 -0.00999316 -0.999001 -144.37 0 0 0 1 
			12 11
			-0.994845 -0.0912216 0.0442967 -64.9763 0.0434925 0.0107861 0.998995 144.365 -0.0916078 0.995772 -0.00676301 -7.48842 0 0 0 1 
			13 4
			1.34309e-06 -5.95475e-08 -1 -149.889 -1.40269e-06 -1 5.95456e-08 7.93768e-06 -1 1.40269e-06 -1.34309e-06 -0.000201315 0 0 0 1 
			14 13
			1 -0 0 0 0 1 0 0 -0 -0 1 -0 0 0 0 1 
			15 2
			1.37369e-06 -0.0998334 0.995004 80.3979 0 -0.995004 -0.0998334 -8.06668 1 1.3714e-07 -1.36683e-06 -8.2648 0 0 0 1 
			16 15
			1.37369e-06 0.0998334 0.995004 45.0607 0 -0.995004 0.0998334 0.903508 1 -1.3714e-07 -1.36683e-06 -8.2648 0 0 0 1 
			17 16
			1.3716e-06 -6.00745e-14 1 9.05003 0 -1 -6.00745e-14 1.19116e-05 1 8.23984e-20 -1.3716e-06 -8.2648 0 0 0 1 
			18 17
			1.3723e-06 -1 -6.00133e-14 -12.2319 0 6.00133e-14 -1 -0.75718 1 1.3723e-06 8.23562e-20 -8.2648 0 0 0 1 
			19 18
			1 -0 0 0 0 1 0 0 -0 -0 1 -0 0 0 0 1 
			20 2
			1.37369e-06 -0.0998334 0.995004 80.3979 0 -0.995004 -0.0998334 -8.06668 1 1.3714e-07 -1.36683e-06 8.26481 0 0 0 1 
			21 20
			1.37369e-06 0.0998334 0.995004 45.0607 0 -0.995004 0.0998334 0.903507 1 -1.3714e-07 -1.36683e-06 8.26481 0 0 0 1 
			22 21
			1.3716e-06 -6.00745e-14 1 9.05003 0 -1 -6.00745e-14 1.19116e-05 1 8.23984e-20 -1.3716e-06 8.26481 0 0 0 1 
			23 22
			1.3723e-06 -1 5.98908e-14 -12.2319 0 -5.98908e-14 -1 -0.75718 1 1.3723e-06 -8.21882e-20 8.26481 0 0 0 1 
			24 23
			1 -0 0 0 0 1 0 0 -0 -0 1 -0 0 0 0 1 
	</skeleton>
		<animations>
			33
			0
				-1
				1.46474e-06 1 0 0 -1 1.46474e-06 0 1.01124e-06 -0 -0 1 -69.07 0 0 0 1 
				0
				1.46474e-06 1 0 0 -1 1.46474e-06 0 9.53598e-07 -0 -0 1 -69.0729 0 0 0 1 
				1
				1.46474e-06 1 0 0 -1 1.46474e-06 0 8.87581e-07 -0 -0 1 -69.0801 0 0 0 1 
				2
				1.46474e-06 1 0 0 -1 1.46474e-06 0 8.18247e-07 -0 -0 1 -69.089 0 0 0 1 
				3
				1.46474e-06 1 0 0 -1 1.46474e-06 0 7.50651e-07 -0 -0 1 -69.0969 0 0 0 1 
				4
				1.33158e-06 1 0 0 -1 1.33158e-06 0 6.89688e-07 -0 -0 1 -69.1015 0 0 0 1 
				5
				1.46474e-06 1 0 0 -1 1.46474e-06 0 6.40256e-07 -0 -0 1 -69.1003 0 0 0 1 
				6
				1.46474e-06 1 0 0 -1 1.46474e-06 0 6.07408e-07 -0 -0 1 -69.0906 0 0 0 1 
				7
				1.46474e-06 1 0 0 -1 1.46474e-06 0 5.962e-07 -0 -0 1 -69.07 0 0 0 1 
				8
				1.46474e-06 1 0 0 -1 1.46474e-06 0 6.15598e-07 -0 -0 1 -69.0309 0 0 0 1 
				9
				1.46474e-06 1 0 0 -1 1.46474e-06 0 6.65071e-07 -0 -0 1 -68.9723 0 0 0 1 
				10
				1.33158e-06 1 0 0 -1 1.33158e-06 0 7.34471e-07 -0 -0 1 -68.902 0 0 0 1 
				11
				1.46474e-06 1 0 0 -1 1.46474e-06 0 8.13649e-07 -0 -0 1 -68.8275 0 0 0 1 
				12
				1.33158e-06 1 0 0 -1 1.33158e-06 0 8.92778e-07 -0 -0 1 -68.7565 0 0 0 1 
				13
				1.46474e-06 1 0 0 -1 1.46474e-06 0 9.62027e-07 -0 -0 1 -68.6962 0 0 0 1 
				14
				1.46474e-06 1 0 0 -1 1.46474e-06 0 1.01125e-06 -0 -0 1 -68.6545 0 0 0 1 
				15
				1.46474e-06 1 0 0 -1 1.46474e-06 0 1.0303e-06 -0 -0 1 -68.639 0 0 0 1 
				16
				1.46474e-06 1 0 0 -1 1.46474e-06 0 1.013e-06 -0 -0 1 -68.6544 0 0 0 1 
				17
				1.46474e-06 1 0 0 -1 1.46474e-06 0 9.65782e-07 -0 -0 1 -68.6961 0 0 0 1 
				18
				1.46474e-06 1 0 0 -1 1.46474e-06 0 8.98634e-07 -0 -0 1 -68.7562 0 0 0 1 
				19
				1.46474e-06 1 0 0 -1 1.46474e-06 0 8.21555e-07 -0 -0 1 -68.8272 0 0 0 1 
				20
				1.46474e-06 1 0 0 -1 1.46474e-06 0 7.44228e-07 -0 -0 1 -68.9016 0 0 0 1 
				21
				1.46474e-06 1 0 0 -1 1.46474e-06 0 6.76337e-07 -0 -0 1 -68.972 0 0 0 1 
				22
				1.46474e-06 1 0 0 -1 1.46474e-06 0 6.27878e-07 -0 -0 1 -69.0307 0 0 0 1 
				23
				1.46474e-06 1 0 0 -1 1.46474e-06 0 6.08849e-07 -0 -0 1 -69.07 0 0 0 1 
				24
				1.46474e-06 1 0 0 -1 1.46474e-06 0 6.19688e-07 -0 -0 1 -69.091 0 0 0 1 
				25
				1.46474e-06 1 0 0 -1 1.46474e-06 0 6.51521e-07 -0 -0 1 -69.1012 0 0 0 1 
				26
				1.46474e-06 1 0 0 -1 1.46474e-06 0 6.99446e-07 -0 -0 1 -69.103 0 0 0 1 
				27
				1.46474e-06 1 0 0 -1 1.46474e-06 0 7.58556e-07 -0 -0 1 -69.0991 0 0 0 1 
				28
				1.46474e-06 1 0 0 -1 1.46474e-06 0 8.24103e-07 -0 -0 1 -69.0918 0 0 0 1 
				29
				1.46474e-06 1 0 0 -1 1.46474e-06 0 8.91336e-07 -0 -0 1 -69.0836 0 0 0 1 
				30
				1.46474e-06 1 0 0 -1 1.46474e-06 0 9.55351e-07 -0 -0 1 -69.0772 0 0 0 1 
				31
				1.46474e-06 1 0 0 -1 1.46474e-06 0 1.01124e-06 -0 -0 1 -69.0749 0 0 0 1 
		</Joint>
			1
				-1
				1.33158e-06 2.79632e-06 -1 0 0 -1 -2.79632e-06 1.01124e-06 -1 3.72352e-12 -1.33158e-06 -69.07 0 0 0 1 
				0
				1.33158e-06 2.79632e-06 -1 0 0 -1 -2.79632e-06 9.53598e-07 -1 3.72352e-12 -1.33158e-06 -69.0729 0 0 0 1 
				1
				1.33158e-06 2.79632e-06 -1 0 0 -1 -2.79632e-06 8.87581e-07 -1 3.72352e-12 -1.33158e-06 -69.0801 0 0 0 1 
				2
				1.33158e-06 2.79632e-06 -1 0 0 -1 -2.79632e-06 8.18247e-07 -1 3.72352e-12 -1.33158e-06 -69.089 0 0 0 1 
				3
				1.33158e-06 2.79632e-06 -1 0 0 -1 -2.79632e-06 7.50651e-07 -1 3.72352e-12 -1.33158e-06 -69.0969 0 0 0 1 
				4
				1.33158e-06 2.66316e-06 -1 0 0 -1 -2.66316e-06 6.89688e-07 -1 3.54621e-12 -1.33158e-06 -69.1015 0 0 0 1 
				5
				1.33158e-06 2.79632e-06 -1 0 0 -1 -2.79632e-06 6.40256e-07 -1 3.72352e-12 -1.33158e-06 -69.1003 0 0 0 1 
				6
				1.33158e-06 2.79632e-06 -1 0 0 -1 -2.79632e-06 6.07408e-07 -1 3.72352e-12 -1.33158e-06 -69.0906 0 0 0 1 
				7
				1.33158e-06 2.79632e-06 -1 0 0 -1 -2.79632e-06 5.962e-07 -1 3.72352e-12 -1.33158e-06 -69.07 0 0 0 1 
				8
				1.33158e-06 2.79632e-06 -1 0 0 -1 -2.79632e-06 6.15598e-07 -1 3.72352e-12 -1.33158e-06 -69.0309 0 0 0 1 
				9
				1.33158e-06 2.79632e-06 -1 0 0 -1 -2.79632e-06 6.65071e-07 -1 3.72352e-12 -1.33158e-06 -68.9723 0 0 0 1 
				10
				1.33158e-06 2.66316e-06 -1 0 0 -1 -2.66316e-06 7.34471e-07 -1 3.54621e-12 -1.33158e-06 -68.902 0 0 0 1 
				11
				1.33158e-06 2.79632e-06 -1 0 0 -1 -2.79632e-06 8.13649e-07 -1 3.72352e-12 -1.33158e-06 -68.8275 0 0 0 1 
				12
				1.33158e-06 2.66316e-06 -1 0 0 -1 -2.66316e-06 8.92778e-07 -1 3.54621e-12 -1.33158e-06 -68.7565 0 0 0 1 
				13
				1.33158e-06 2.79632e-06 -1 0 0 -1 -2.79632e-06 9.62027e-07 -1 3.72352e-12 -1.33158e-06 -68.6962 0 0 0 1 
				14
				1.33158e-06 2.79632e-06 -1 0 0 -1 -2.79632e-06 1.01125e-06 -1 3.72352e-12 -1.33158e-06 -68.6545 0 0 0 1 
				15
				1.33158e-06 2.79632e-06 -1 0 0 -1 -2.79632e-06 1.0303e-06 -1 3.72352e-12 -1.33158e-06 -68.639 0 0 0 1 
				16
				1.33158e-06 2.79632e-06 -1 0 0 -1 -2.79632e-06 1.013e-06 -1 3.72352e-12 -1.33158e-06 -68.6544 0 0 0 1 
				17
				1.33158e-06 2.79632e-06 -1 0 0 -1 -2.79632e-06 9.65782e-07 -1 3.72352e-12 -1.33158e-06 -68.6961 0 0 0 1 
				18
				1.33158e-06 2.79632e-06 -1 0 0 -1 -2.79632e-06 8.98634e-07 -1 3.72352e-12 -1.33158e-06 -68.7562 0 0 0 1 
				19
				1.33158e-06 2.79632e-06 -1 0 0 -1 -2.79632e-06 8.21555e-07 -1 3.72352e-12 -1.33158e-06 -68.8272 0 0 0 1 
				20
				1.33158e-06 2.79632e-06 -1 0 0 -1 -2.79632e-06 7.44228e-07 -1 3.72352e-12 -1.33158e-06 -68.9016 0 0 0 1 
				21
				1.33158e-06 2.79632e-06 -1 0 0 -1 -2.79632e-06 6.76337e-07 -1 3.72352e-12 -1.33158e-06 -68.972 0 0 0 1 
				22
				1.33158e-06 2.79632e-06 -1 0 0 -1 -2.79632e-06 6.27878e-07 -1 3.72352e-12 -1.33158e-06 -69.0307 0 0 0 1 
				23
				1.33158e-06 2.79632e-06 -1 0 0 -1 -2.79632e-06 6.08849e-07 -1 3.72352e-12 -1.33158e-06 -69.07 0 0 0 1 
				24
				1.33158e-06 2.79632e-06 -1 0 0 -1 -2.79632e-06 6.19688e-07 -1 3.72352e-12 -1.33158e-06 -69.091 0 0 0 1 
				25
				1.33158e-06 2.79632e-06 -1 0 0 -1 -2.79632e-06 6.51521e-07 -1 3.72352e-12 -1.33158e-06 -69.1012 0 0 0 1 
				26
				1.33158e-06 2.79632e-06 -1 0 0 -1 -2.79632e-06 6.99446e-07 -1 3.72352e-12 -1.33158e-06 -69.103 0 0 0 1 
				27
				1.33158e-06 2.79632e-06 -1 0 0 -1 -2.79632e-06 7.58556e-07 -1 3.72352e-12 -1.33158e-06 -69.0991 0 0 0 1 
				28
				1.33158e-06 2.79632e-06 -1 0 0 -1 -2.79632e-06 8.24103e-07 -1 3.72352e-12 -1.33158e-06 -69.0918 0 0 0 1 
				29
				1.33158e-06 2.79632e-06 -1 0 0 -1 -2.79632e-06 8.91336e-07 -1 3.72352e-12 -1.33158e-06 -69.0836 0 0 0 1 
				30
				1.33158e-06 2.79632e-06 -1 0 0 -1 -2.79632e-06 9.55351e-07 -1 3.72352e-12 -1.33158e-06 -69.0772 0 0 0 1 
				31
				1.33158e-06 2.79632e-06 -1 0 0 -1 -2.79632e-06 1.01124e-06 -1 3.72352e-12 -1.33158e-06 -69.0749 0 0 0 1 
		</Joint>
			2
				-1
				0.0588777 -0.043365 -0.997323 0.000938862 -0.545794 -0.837909 0.00421207 0.0178932 -0.835848 0.544085 -0.0730025 -78.4165 0 0 0 1 
				0
				0.0593978 -0.0426498 -0.997323 0.000923661 -0.535622 -0.844447 0.00421208 0.0180326 -0.842366 0.533938 -0.0730025 -78.4192 0 0 0 1 
				1
				0.0599812 -0.0418253 -0.997323 0.000905982 -0.523906 -0.851766 0.0042121 0.0181885 -0.849662 0.522251 -0.0730024 -78.4262 0 0 0 1 
				2
				0.0605811 -0.0409514 -0.997323 0.000887286 -0.511504 -0.859271 0.00421213 0.0183479 -0.857143 0.50988 -0.0730024 -78.4348 0 0 0 1 
				3
				0.061154 -0.0400909 -0.997323 0.000868884 -0.499305 -0.866416 0.00421215 0.0185026 -0.864266 0.49771 -0.0730024 -78.4425 0 0 0 1 
				4
				0.0616611 -0.0393065 -0.997323 0.000852138 -0.488196 -0.872724 0.00421229 0.0186364 -0.870553 0.486629 -0.0730024 -78.4468 0 0 0 1 
				5
				0.0620668 -0.0386627 -0.997323 0.000838307 -0.479089 -0.877756 0.00421219 0.0187444 -0.875569 0.477545 -0.0730024 -78.4454 0 0 0 1 
				6
				0.0623357 -0.0382275 -0.997323 0.000828937 -0.472936 -0.881087 0.00421219 0.0188158 -0.878889 0.471407 -0.0730023 -78.4356 0 0 0 1 
				7
				0.0624329 -0.0380685 -0.997323 0.00082573 -0.470689 -0.882289 0.0042122 0.0188411 -0.880088 0.469166 -0.0730023 -78.4149 0 0 0 1 
				8
				0.0622904 -0.0383013 -0.997323 0.000830665 -0.47398 -0.880526 0.00421219 0.0188034 -0.87833 0.472448 -0.0730023 -78.3759 0 0 0 1 
				9
				0.0619081 -0.0389162 -0.997323 0.000843783 -0.482675 -0.875789 0.00421218 0.0187027 -0.873609 0.481122 -0.0730023 -78.3175 0 0 0 1 
				10
				0.0613575 -0.0397788 -0.997323 0.000862218 -0.494882 -0.86895 0.00421229 0.0185556 -0.866791 0.493299 -0.0730024 -78.2474 0 0 0 1 
				11
				0.0607131 -0.0407556 -0.997323 0.000882951 -0.508726 -0.860918 0.00421213 0.0183834 -0.858785 0.507108 -0.0730024 -78.1733 0 0 0 1 
				12
				0.0600531 -0.0417221 -0.997323 0.00090365 -0.52244 -0.852666 0.00421224 0.018208 -0.850559 0.520788 -0.0730025 -78.1025 0 0 0 1 
				13
				0.0594635 -0.0425582 -0.997323 0.000921599 -0.534319 -0.845272 0.00421209 0.0180499 -0.843189 0.532638 -0.0730025 -78.0425 0 0 0 1 
				14
				0.0590392 -0.0431449 -0.997323 0.000934009 -0.542662 -0.83994 0.00421208 0.0179357 -0.837873 0.540961 -0.0730025 -78.0009 0 0 0 1 
				15
				0.0588777 -0.043365 -0.997323 0.000938862 -0.545794 -0.837909 0.00421207 0.0178932 -0.835848 0.544085 -0.0730025 -77.9855 0 0 0 1 
				16
				0.0590392 -0.0431449 -0.997323 0.000934143 -0.542663 -0.83994 0.00421207 0.0179367 -0.837873 0.540961 -0.0730025 -78.0009 0 0 0 1 
				17
				0.0594635 -0.0425582 -0.997323 0.000921591 -0.534319 -0.845272 0.00421209 0.0180504 -0.843189 0.532638 -0.0730025 -78.0424 0 0 0 1 
				18
				0.0600531 -0.041722 -0.997323 0.000903612 -0.522439 -0.852666 0.00421211 0.0182081 -0.850559 0.520788 -0.0730025 -78.1023 0 0 0 1 
				19
				0.0607131 -0.0407556 -0.997323 0.000883071 -0.508726 -0.860918 0.00421214 0.0183824 -0.858785 0.507108 -0.0730024 -78.173 0 0 0 1 
				20
				0.0613576 -0.0397787 -0.997323 0.000862183 -0.494882 -0.86895 0.00421215 0.0185557 -0.866791 0.493299 -0.0730024 -78.2471 0 0 0 1 
				21
				0.0619081 -0.0389162 -0.997323 0.000843716 -0.482675 -0.875789 0.00421218 0.0187027 -0.873609 0.481122 -0.0730023 -78.3172 0 0 0 1 
				22
				0.0622904 -0.0383013 -0.997323 0.000830668 -0.47398 -0.880526 0.00421218 0.0188035 -0.87833 0.472448 -0.0730023 -78.3757 0 0 0 1 
				23
				0.0624329 -0.0380685 -0.997323 0.00082573 -0.470689 -0.882289 0.0042122 0.0188402 -0.880088 0.469166 -0.0730023 -78.4149 0 0 0 1 
				24
				0.0623357 -0.0382275 -0.997323 0.000828965 -0.472936 -0.881087 0.00421219 0.018816 -0.878889 0.471407 -0.0730023 -78.436 0 0 0 1 
				25
				0.0620668 -0.0386627 -0.997323 0.000838374 -0.479089 -0.877756 0.00421219 0.0187449 -0.875569 0.477545 -0.0730023 -78.4463 0 0 0 1 
				26
				0.0616612 -0.0393064 -0.997323 0.000852135 -0.488196 -0.872724 0.00421216 0.0186372 -0.870553 0.486629 -0.0730024 -78.4483 0 0 0 1 
				27
				0.061154 -0.0400909 -0.997323 0.000868885 -0.499305 -0.866416 0.00421215 0.0185026 -0.864266 0.49771 -0.0730024 -78.4446 0 0 0 1 
				28
				0.0605811 -0.0409514 -0.997323 0.000887289 -0.511504 -0.859271 0.00421212 0.0183479 -0.857143 0.50988 -0.0730024 -78.4376 0 0 0 1 
				29
				0.0599812 -0.0418253 -0.997323 0.000905915 -0.523906 -0.851766 0.00421211 0.0181885 -0.849662 0.522251 -0.0730024 -78.4297 0 0 0 1 
				30
				0.0593978 -0.0426498 -0.997323 0.000923634 -0.535622 -0.844447 0.00421207 0.0180326 -0.842366 0.533938 -0.0730025 -78.4235 0 0 0 1 
				31
				0.0588777 -0.043365 -0.997323 0.000938862 -0.545794 -0.837909 0.00421207 0.0178932 -0.835848 0.544085 -0.0730025 -78.4214 0 0 0 1 
		</Joint>
			3
				-1
				0.0233719 -0.0637444 -0.997692 1.58213 -0.728775 -0.684235 0.0266448 -14.6125 -0.684354 0.726471 -0.0624472 -100.86 0 0 0 1 
				0
				0.0248088 -0.0628778 -0.997713 1.59605 -0.712015 -0.701664 0.0265155 -14.339 -0.701727 0.709728 -0.0621773 -101.037 0 0 0 1 
				1
				0.0264198 -0.0618473 -0.997736 1.61167 -0.692359 -0.721071 0.0263639 -14.0241 -0.721069 0.690095 -0.0618711 -101.239 0 0 0 1 
				2
				0.0280743 -0.0607202 -0.99776 1.62772 -0.671166 -0.740844 0.0262003 -13.6907 -0.740775 0.668927 -0.061552 -101.448 0 0 0 1 
				3
				0.0296512 -0.0595769 -0.997783 1.64305 -0.649952 -0.759529 0.0260363 -13.3628 -0.759397 0.647739 -0.0612431 -101.647 0 0 0 1 
				4
				0.0310437 -0.0585076 -0.997804 1.65662 -0.630336 -0.775891 0.0258844 -13.0643 -0.775702 0.628148 -0.060966 -101.819 0 0 0 1 
				5
				0.0321548 -0.0576115 -0.997821 1.66747 -0.614054 -0.788844 0.0257579 -12.8195 -0.788609 0.611888 -0.0607417 -101.952 0 0 0 1 
				6
				0.0328898 -0.0569968 -0.997832 1.67466 -0.602956 -0.797361 0.0256715 -12.6542 -0.797096 0.600805 -0.0605916 -102.031 0 0 0 1 
				7
				0.0331551 -0.0567704 -0.997836 1.67727 -0.598884 -0.800425 0.0256398 -12.5938 -0.800149 0.596738 -0.0605371 -102.043 0 0 0 1 
				8
				0.032766 -0.0571015 -0.99783 1.67345 -0.604844 -0.79593 0.0256862 -12.6822 -0.79567 0.60269 -0.0606169 -101.956 0 0 0 1 
				9
				0.0317205 -0.0579664 -0.997814 1.66323 -0.620487 -0.783792 0.0258078 -12.9159 -0.783575 0.618312 -0.0608297 -101.772 0 0 0 1 
				10
				0.0302104 -0.0591544 -0.997792 1.6485 -0.642176 -0.766117 0.0259762 -13.244 -0.765962 0.639973 -0.0611323 -101.519 0 0 0 1 
				11
				0.0284378 -0.0604628 -0.997765 1.63125 -0.666366 -0.745166 0.0261632 -13.616 -0.745082 0.664133 -0.0614812 -101.231 0 0 0 1 
				12
				0.0266181 -0.061716 -0.997739 1.61359 -0.689874 -0.72345 0.0263449 -13.9846 -0.72344 0.687613 -0.0618331 -100.94 0 0 0 1 
				13
				0.0249903 -0.0627649 -0.997715 1.59781 -0.709847 -0.703858 0.0264988 -14.304 -0.703913 0.707563 -0.0621431 -100.682 0 0 0 1 
				14
				0.0238181 -0.0634804 -0.997699 1.58645 -0.723646 -0.689659 0.0266052 -14.5283 -0.689761 0.721347 -0.0623637 -100.499 0 0 0 1 
				15
				0.0233719 -0.0637444 -0.997692 1.58213 -0.728775 -0.684235 0.0266448 -14.6125 -0.684354 0.726471 -0.0624472 -100.429 0 0 0 1 
				16
				0.0238181 -0.0634804 -0.997699 1.58645 -0.723646 -0.689659 0.0266052 -14.5283 -0.689761 0.721347 -0.0623637 -100.498 0 0 0 1 
				17
				0.0249903 -0.0627649 -0.997715 1.59781 -0.709847 -0.703858 0.0264988 -14.304 -0.703913 0.707563 -0.062143 -100.682 0 0 0 1 
				18
				0.0266182 -0.0617159 -0.997739 1.61359 -0.689874 -0.72345 0.0263448 -13.9846 -0.72344 0.687613 -0.0618331 -100.939 0 0 0 1 
				19
				0.0284378 -0.0604627 -0.997765 1.63125 -0.666366 -0.745165 0.0261632 -13.616 -0.745082 0.664133 -0.0614812 -101.23 0 0 0 1 
				20
				0.0302105 -0.0591543 -0.997792 1.6485 -0.642176 -0.766117 0.025976 -13.244 -0.765962 0.639973 -0.0611323 -101.519 0 0 0 1 
				21
				0.0317205 -0.0579664 -0.997814 1.66323 -0.620487 -0.783792 0.0258078 -12.9159 -0.783575 0.618312 -0.0608297 -101.771 0 0 0 1 
				22
				0.032766 -0.0571015 -0.997831 1.67345 -0.604844 -0.79593 0.0256862 -12.6822 -0.79567 0.60269 -0.060617 -101.956 0 0 0 1 
				23
				0.0331551 -0.0567704 -0.997837 1.67727 -0.598884 -0.800425 0.0256399 -12.5938 -0.800149 0.596739 -0.0605371 -102.043 0 0 0 1 
				24
				0.0328898 -0.0569968 -0.997832 1.67466 -0.602956 -0.797361 0.0256715 -12.6542 -0.797096 0.600805 -0.0605916 -102.032 0 0 0 1 
				25
				0.0321548 -0.0576115 -0.997821 1.66747 -0.614054 -0.788844 0.0257579 -12.8195 -0.788609 0.611888 -0.0607417 -101.953 0 0 0 1 
				26
				0.0310438 -0.0585075 -0.997804 1.65662 -0.630336 -0.775891 0.0258843 -13.0643 -0.775702 0.628148 -0.060966 -101.821 0 0 0 1 
				27
				0.0296512 -0.0595769 -0.997783 1.64305 -0.649952 -0.759529 0.0260363 -13.3628 -0.759397 0.647739 -0.0612431 -101.649 0 0 0 1 
				28
				0.0280743 -0.0607202 -0.99776 1.62772 -0.671166 -0.740844 0.0262003 -13.6907 -0.740775 0.668927 -0.061552 -101.451 0 0 0 1 
				29
				0.0264198 -0.0618472 -0.997736 1.61167 -0.692359 -0.721071 0.0263639 -14.0241 -0.721069 0.690095 -0.0618711 -101.243 0 0 0 1 
				30
				0.0248088 -0.0628778 -0.997713 1.59605 -0.712015 -0.701664 0.0265155 -14.339 -0.701727 0.709728 -0.0621774 -101.041 0 0 0 1 
				31
				0.0233719 -0.0637444 -0.997692 1.58213 -0.728775 -0.684235 0.0266448 -14.6125 -0.684354 0.726471 -0.0624472 -100.865 0 0 0 1 
		</Joint>
			4
				-1
				0.0233719 -0.0637444 -0.997692 2.20957 -0.728775 -0.684235 0.0266448 -34.1639 -0.684354 0.726471 -0.0624472 -119.226 0 0 0 1 
				0
				0.0248088 -0.0628778 -0.997713 2.26204 -0.712015 -0.701664 0.0265155 -33.4407 -0.701727 0.709728 -0.0621773 -119.87 0 0 0 1 
				1
				0.0264198 -0.0618473 -0.997736 2.32087 -0.692359 -0.721071 0.0263639 -32.5982 -0.721069 0.690095 -0.0618711 -120.591 0 0 0 1 
				2
				0.0280743 -0.0607202 -0.99776 2.38132 -0.671166 -0.740844 0.0262003 -31.6961 -0.740775 0.668927 -0.061552 -121.328 0 0 0 1 
				3
				0.0296512 -0.0595769 -0.997783 2.43895 -0.649952 -0.759529 0.0260363 -30.7989 -0.759397 0.647739 -0.0612431 -122.026 0 0 0 1 
				4
				0.0310437 -0.0585076 -0.997804 2.48988 -0.630336 -0.775891 0.0258844 -29.9739 -0.775702 0.628148 -0.060966 -122.636 0 0 0 1 
				5
				0.0321548 -0.0576115 -0.997821 2.53054 -0.614054 -0.788844 0.0257579 -29.2922 -0.788609 0.611888 -0.0607417 -123.115 0 0 0 1 
				6
				0.0328898 -0.0569968 -0.997832 2.55745 -0.602956 -0.797361 0.0256715 -28.8291 -0.797096 0.600805 -0.0605916 -123.422 0 0 0 1 
				7
				0.0331551 -0.0567704 -0.997836 2.56717 -0.598884 -0.800425 0.0256398 -28.6594 -0.800149 0.596738 -0.0605371 -123.515 0 0 0 1 
				8
				0.032766 -0.0571015 -0.99783 2.55292 -0.604844 -0.79593 0.0256862 -28.9078 -0.79567 0.60269 -0.0606169 -123.309 0 0 0 1 
				9
				0.0317205 -0.0579664 -0.997814 2.51464 -0.620487 -0.783792 0.0258078 -29.5613 -0.783575 0.618312 -0.0608297 -122.8 0 0 0 1 
				10
				0.0302105 -0.0591544 -0.997792 2.4594 -0.642176 -0.766117 0.0259762 -30.4714 -0.765962 0.639973 -0.0611323 -122.075 0 0 0 1 
				11
				0.0284378 -0.0604627 -0.997765 2.3946 -0.666366 -0.745165 0.0261632 -31.4926 -0.745082 0.664133 -0.0614812 -121.226 0 0 0 1 
				12
				0.0266181 -0.061716 -0.997739 2.32812 -0.689874 -0.72345 0.0263449 -32.4921 -0.72344 0.687613 -0.0618331 -120.355 0 0 0 1 
				13
				0.0249903 -0.0627649 -0.997715 2.26866 -0.709847 -0.703858 0.0264988 -33.3475 -0.703913 0.707563 -0.0621431 -119.573 0 0 0 1 
				14
				0.0238181 -0.0634804 -0.997699 2.22586 -0.723646 -0.689659 0.0266052 -33.9421 -0.689761 0.721347 -0.0623637 -119.01 0 0 0 1 
				15
				0.0233719 -0.0637444 -0.997692 2.20957 -0.728775 -0.684235 0.0266448 -34.1639 -0.684354 0.726471 -0.0624472 -118.795 0 0 0 1 
				16
				0.0238181 -0.0634804 -0.997699 2.22586 -0.723646 -0.689659 0.0266052 -33.9421 -0.689761 0.721347 -0.0623637 -119.01 0 0 0 1 
				17
				0.0249903 -0.0627649 -0.997715 2.26866 -0.709847 -0.703858 0.0264988 -33.3475 -0.703913 0.707563 -0.062143 -119.573 0 0 0 1 
				18
				0.0266182 -0.0617159 -0.997739 2.32812 -0.689874 -0.72345 0.0263448 -32.4921 -0.72344 0.687613 -0.0618331 -120.354 0 0 0 1 
				19
				0.0284378 -0.0604627 -0.997765 2.3946 -0.666366 -0.745165 0.0261632 -31.4926 -0.745082 0.664133 -0.0614812 -121.226 0 0 0 1 
				20
				0.0302105 -0.0591543 -0.997792 2.45941 -0.642176 -0.766117 0.025976 -30.4714 -0.765962 0.639973 -0.0611323 -122.075 0 0 0 1 
				21
				0.0317205 -0.0579664 -0.997814 2.51464 -0.620487 -0.783792 0.0258078 -29.5613 -0.783575 0.618312 -0.0608297 -122.8 0 0 0 1 
				22
				0.032766 -0.0571015 -0.997831 2.55292 -0.604844 -0.79593 0.0256862 -28.9078 -0.79567 0.60269 -0.060617 -123.309 0 0 0 1 
				23
				0.0331551 -0.0567704 -0.997837 2.56717 -0.598884 -0.800425 0.0256399 -28.6594 -0.800149 0.596739 -0.0605371 -123.515 0 0 0 1 
				24
				0.0328898 -0.0569968 -0.997832 2.55745 -0.602956 -0.797361 0.0256715 -28.8291 -0.797096 0.600805 -0.0605916 -123.422 0 0 0 1 
				25
				0.0321548 -0.0576115 -0.997821 2.53054 -0.614054 -0.788844 0.0257579 -29.2922 -0.788609 0.611888 -0.0607417 -123.116 0 0 0 1 
				26
				0.0310438 -0.0585075 -0.997804 2.48988 -0.630336 -0.775891 0.0258843 -29.9739 -0.775702 0.628148 -0.060966 -122.638 0 0 0 1 
				27
				0.0296512 -0.0595769 -0.997783 2.43895 -0.649952 -0.759529 0.0260363 -30.7989 -0.759397 0.647739 -0.0612431 -122.028 0 0 0 1 
				28
				0.0280743 -0.0607202 -0.99776 2.38132 -0.671166 -0.740844 0.0262003 -31.6961 -0.740775 0.668927 -0.061552 -121.331 0 0 0 1 
				29
				0.0264198 -0.0618472 -0.997736 2.32087 -0.692359 -0.721071 0.0263639 -32.5982 -0.721069 0.690095 -0.0618711 -120.594 0 0 0 1 
				30
				0.0248088 -0.0628778 -0.997713 2.26204 -0.712015 -0.701664 0.0265155 -33.4407 -0.701727 0.709728 -0.0621774 -119.874 0 0 0 1 
				31
				0.0233719 -0.0637444 -0.997692 2.20956 -0.728775 -0.684235 0.0266448 -34.1639 -0.684354 0.726471 -0.0624472 -119.231 0 0 0 1 
		</Joint>
			5
				-1
				0.997693 0.0637258 -0.0234198 5.09526 -0.0266468 0.684815 0.72823 -34.2443 0.0624453 -0.725926 0.684933 -119.042 0 0 0 1 
				0
				0.997713 0.0628581 -0.0248561 5.1478 -0.0265175 0.702231 0.711456 -33.5208 0.0621754 -0.709169 0.702292 -119.686 0 0 0 1 
				1
				0.997736 0.0618262 -0.0264663 5.2067 -0.0263659 0.721622 0.691785 -32.678 0.0618691 -0.689521 0.721618 -120.408 0 0 0 1 
				2
				0.99776 0.0606978 -0.0281199 5.26722 -0.0262022 0.741378 0.670576 -31.7755 0.0615499 -0.668337 0.741308 -121.147 0 0 0 1 
				3
				0.997783 0.0595533 -0.0296958 5.32493 -0.0260381 0.760046 0.649347 -30.8779 0.061241 -0.647134 0.759912 -121.846 0 0 0 1 
				4
				0.997804 0.0584829 -0.0310875 5.37592 -0.0258862 0.776393 0.629718 -30.0526 0.0609638 -0.62753 0.776202 -122.457 0 0 0 1 
				5
				0.997821 0.0575859 -0.0321978 5.41664 -0.0257596 0.789332 0.613426 -29.3706 0.0607395 -0.61126 0.789096 -122.937 0 0 0 1 
				6
				0.997833 0.0569706 -0.0329324 5.44358 -0.0256732 0.797841 0.602321 -28.9072 0.0605894 -0.60017 0.797574 -123.244 0 0 0 1 
				7
				0.997837 0.056744 -0.0331975 5.45332 -0.0256415 0.800901 0.598247 -28.7375 0.0605349 -0.596101 0.800624 -123.337 0 0 0 1 
				8
				0.997831 0.0570754 -0.0328087 5.43904 -0.0256879 0.796411 0.60421 -28.9859 0.0606147 -0.602056 0.79615 -123.131 0 0 0 1 
				9
				0.997814 0.0579411 -0.0317639 5.40072 -0.0258096 0.784286 0.619863 -29.6397 0.0608275 -0.617688 0.784067 -122.621 0 0 0 1 
				10
				0.997792 0.0591304 -0.0302548 5.34541 -0.025978 0.766628 0.641565 -30.5502 0.0611302 -0.639363 0.766471 -121.895 0 0 0 1 
				11
				0.997765 0.0604401 -0.0284832 5.28052 -0.0261651 0.745696 0.665772 -31.5719 0.0614791 -0.663539 0.745611 -121.045 0 0 0 1 
				12
				0.997739 0.0616948 -0.0266644 5.21396 -0.0263468 0.723999 0.689297 -32.5718 0.0618311 -0.687036 0.723988 -120.173 0 0 0 1 
				13
				0.997715 0.062745 -0.0250375 5.15443 -0.0265008 0.704422 0.709286 -33.4275 0.0621411 -0.707002 0.704476 -119.39 0 0 0 1 
				14
				0.997699 0.0634614 -0.0238658 5.11157 -0.0266072 0.690235 0.723096 -34.0224 0.0623617 -0.720797 0.690335 -118.826 0 0 0 1 
				15
				0.997693 0.0637258 -0.0234198 5.09526 -0.0266468 0.684815 0.72823 -34.2443 0.0624453 -0.725926 0.684933 -118.611 0 0 0 1 
				16
				0.997699 0.0634614 -0.0238658 5.11157 -0.0266072 0.690235 0.723096 -34.0224 0.0623617 -0.720797 0.690335 -118.826 0 0 0 1 
				17
				0.997715 0.062745 -0.0250375 5.15443 -0.0265008 0.704422 0.709286 -33.4275 0.0621411 -0.707002 0.704476 -119.39 0 0 0 1 
				18
				0.997739 0.0616947 -0.0266645 5.21396 -0.0263467 0.723999 0.689297 -32.5718 0.0618311 -0.687036 0.723988 -120.172 0 0 0 1 
				19
				0.997765 0.0604401 -0.0284832 5.28052 -0.0261651 0.745696 0.665772 -31.5719 0.0614791 -0.663539 0.745611 -121.045 0 0 0 1 
				20
				0.997792 0.0591303 -0.0302548 5.34541 -0.0259778 0.766628 0.641566 -30.5502 0.0611302 -0.639363 0.766471 -121.895 0 0 0 1 
				21
				0.997814 0.0579411 -0.0317639 5.40072 -0.0258096 0.784286 0.619863 -29.6397 0.0608275 -0.617688 0.784067 -122.621 0 0 0 1 
				22
				0.997831 0.0570754 -0.0328087 5.43904 -0.0256879 0.796411 0.60421 -28.9859 0.0606147 -0.602056 0.796149 -123.131 0 0 0 1 
				23
				0.997837 0.056744 -0.0331975 5.45332 -0.0256415 0.800901 0.598247 -28.7375 0.0605349 -0.596101 0.800624 -123.337 0 0 0 1 
				24
				0.997832 0.0569706 -0.0329324 5.44359 -0.0256732 0.797841 0.602321 -28.9072 0.0605894 -0.60017 0.797574 -123.244 0 0 0 1 
				25
				0.997821 0.0575859 -0.0321978 5.41664 -0.0257596 0.789332 0.613425 -29.3706 0.0607395 -0.61126 0.789096 -122.938 0 0 0 1 
				26
				0.997804 0.0584828 -0.0310876 5.37593 -0.025886 0.776392 0.629718 -30.0526 0.0609638 -0.62753 0.776202 -122.458 0 0 0 1 
				27
				0.997783 0.0595533 -0.0296958 5.32493 -0.0260381 0.760047 0.649347 -30.8779 0.0612409 -0.647134 0.759913 -121.848 0 0 0 1 
				28
				0.99776 0.0606978 -0.0281199 5.26722 -0.0262022 0.741378 0.670576 -31.7755 0.0615499 -0.668337 0.741308 -121.15 0 0 0 1 
				29
				0.997736 0.0618262 -0.0264663 5.2067 -0.0263659 0.721622 0.691785 -32.678 0.0618691 -0.689521 0.721618 -120.412 0 0 0 1 
				30
				0.997713 0.062858 -0.0248561 5.1478 -0.0265175 0.702231 0.711456 -33.5208 0.0621754 -0.709169 0.702292 -119.691 0 0 0 1 
				31
				0.997693 0.0637258 -0.0234198 5.09526 -0.0266468 0.684815 0.72823 -34.2443 0.0624453 -0.725926 0.684933 -119.047 0 0 0 1 
		</Joint>
			6
				-1
				-0.0870739 -0.634357 -0.768121 18.5357 -0.877617 0.413696 -0.242167 -34.6033 0.471389 0.653029 -0.592744 -118.201 0 0 0 1 
				0
				-0.0982733 -0.634402 -0.766731 18.5885 -0.880646 0.414263 -0.229892 -33.878 0.463473 0.652626 -0.599394 -118.849 0 0 0 1 
				1
				-0.111042 -0.634441 -0.764953 18.6477 -0.883893 0.414916 -0.215819 -33.0332 0.454316 0.652172 -0.606851 -119.575 0 0 0 1 
				2
				-0.124408 -0.634472 -0.762868 18.7085 -0.887057 0.415607 -0.200997 -32.1285 0.44458 0.651702 -0.614518 -120.318 0 0 0 1 
				3
				-0.137409 -0.634491 -0.760618 18.7666 -0.889903 0.416286 -0.186491 -31.2287 0.434961 0.651251 -0.621837 -121.021 0 0 0 1 
				4
				-0.149124 -0.634498 -0.758403 18.8179 -0.892269 0.416903 -0.173345 -30.4013 0.426167 0.650849 -0.628313 -121.636 0 0 0 1 
				5
				-0.15864 -0.634499 -0.756468 18.8588 -0.894051 0.417407 -0.162614 -29.7176 0.418934 0.650524 -0.633492 -122.118 0 0 0 1 
				6
				-0.165024 -0.634497 -0.755103 18.8859 -0.895177 0.417748 -0.155388 -29.253 0.414036 0.650308 -0.636925 -122.428 0 0 0 1 
				7
				-0.167348 -0.634494 -0.754594 18.8957 -0.895572 0.417873 -0.152752 -29.0829 0.412244 0.65023 -0.638165 -122.522 0 0 0 1 
				8
				-0.163944 -0.634499 -0.755337 18.8813 -0.89499 0.41769 -0.156613 -29.332 0.414867 0.650344 -0.636348 -122.314 0 0 0 1 
				9
				-0.154901 -0.634501 -0.757241 18.8428 -0.893366 0.417208 -0.166836 -29.9874 0.421785 0.65065 -0.631468 -121.802 0 0 0 1 
				10
				-0.142088 -0.634494 -0.759755 18.7872 -0.89087 0.416532 -0.18125 -30.9002 0.431464 0.65109 -0.624436 -121.071 0 0 0 1 
				11
				-0.127382 -0.634477 -0.762373 18.7219 -0.887728 0.415762 -0.197686 -31.9244 0.442393 0.651599 -0.616204 -120.217 0 0 0 1 
				12
				-0.112631 -0.634444 -0.764719 18.655 -0.884281 0.414999 -0.214061 -32.9268 0.453167 0.652117 -0.607769 -119.34 0 0 0 1 
				13
				-0.0997002 -0.634406 -0.766543 18.5952 -0.881019 0.414336 -0.228323 -33.7845 0.462456 0.652575 -0.600233 -118.553 0 0 0 1 
				14
				-0.0905328 -0.634373 -0.767707 18.5521 -0.87857 0.41387 -0.238383 -34.3808 0.468955 0.652903 -0.59481 -117.986 0 0 0 1 
				15
				-0.0870739 -0.634357 -0.768121 18.5357 -0.877617 0.413696 -0.242167 -34.6033 0.471389 0.653029 -0.592744 -117.77 0 0 0 1 
				16
				-0.0905328 -0.634373 -0.767707 18.5521 -0.87857 0.41387 -0.238383 -34.3808 0.468955 0.652903 -0.59481 -117.986 0 0 0 1 
				17
				-0.0997001 -0.634406 -0.766543 18.5952 -0.881019 0.414336 -0.228323 -33.7845 0.462456 0.652575 -0.600233 -118.553 0 0 0 1 
				18
				-0.112631 -0.634444 -0.764719 18.655 -0.884282 0.414999 -0.214061 -32.9267 0.453167 0.652117 -0.607769 -119.339 0 0 0 1 
				19
				-0.127382 -0.634476 -0.762373 18.7219 -0.887728 0.415762 -0.197686 -31.9244 0.442393 0.651599 -0.616203 -120.217 0 0 0 1 
				20
				-0.142087 -0.634495 -0.759755 18.7872 -0.89087 0.416532 -0.18125 -30.9002 0.431464 0.65109 -0.624436 -121.071 0 0 0 1 
				21
				-0.154901 -0.634501 -0.757241 18.8428 -0.893366 0.417208 -0.166836 -29.9874 0.421785 0.65065 -0.631468 -121.801 0 0 0 1 
				22
				-0.163944 -0.634498 -0.755337 18.8813 -0.89499 0.41769 -0.156613 -29.332 0.414867 0.650344 -0.636348 -122.314 0 0 0 1 
				23
				-0.167348 -0.634494 -0.754594 18.8957 -0.895572 0.417873 -0.152752 -29.0829 0.412245 0.65023 -0.638165 -122.522 0 0 0 1 
				24
				-0.165024 -0.634497 -0.755103 18.8859 -0.895177 0.417748 -0.155387 -29.253 0.414035 0.650308 -0.636926 -122.428 0 0 0 1 
				25
				-0.15864 -0.634499 -0.756468 18.8588 -0.894051 0.417407 -0.162614 -29.7176 0.418934 0.650524 -0.633492 -122.119 0 0 0 1 
				26
				-0.149124 -0.634498 -0.758403 18.8179 -0.892269 0.416903 -0.173345 -30.4013 0.426167 0.650849 -0.628313 -121.637 0 0 0 1 
				27
				-0.137409 -0.634491 -0.760618 18.7666 -0.889903 0.416286 -0.186491 -31.2287 0.434961 0.651251 -0.621837 -121.023 0 0 0 1 
				28
				-0.124408 -0.634472 -0.762868 18.7086 -0.887058 0.415607 -0.200997 -32.1285 0.44458 0.651702 -0.614518 -120.321 0 0 0 1 
				29
				-0.111042 -0.634441 -0.764953 18.6477 -0.883892 0.414917 -0.215819 -33.0332 0.454316 0.652172 -0.606851 -119.578 0 0 0 1 
				30
				-0.0982732 -0.634402 -0.766731 18.5885 -0.880645 0.414263 -0.229892 -33.878 0.463472 0.652626 -0.599394 -118.853 0 0 0 1 
				31
				-0.0870739 -0.634357 -0.768121 18.5357 -0.877617 0.413696 -0.242167 -34.6033 0.471389 0.653029 -0.592744 -118.206 0 0 0 1 
		</Joint>
			7
				-1
				-0.085377 -0.634587 -0.768121 16.1183 -0.87872 0.411347 -0.242167 -58.9675 0.469641 0.654288 -0.592744 -105.114 0 0 0 1 
				0
				-0.0965762 -0.634663 -0.766731 15.8603 -0.88175 0.411906 -0.229892 -58.3263 0.461725 0.653863 -0.599394 -105.982 0 0 0 1 
				1
				-0.109345 -0.634736 -0.764953 15.565 -0.884999 0.412551 -0.215819 -57.5716 0.45257 0.653384 -0.606851 -106.962 0 0 0 1 
				2
				-0.122711 -0.634803 -0.762868 15.2548 -0.888166 0.413233 -0.200997 -56.7547 0.442836 0.652889 -0.614518 -107.975 0 0 0 1 
				3
				-0.135712 -0.634856 -0.760618 14.9518 -0.891013 0.413904 -0.186491 -55.9339 0.433218 0.652412 -0.621837 -108.946 0 0 0 1 
				4
				-0.147427 -0.634894 -0.758403 14.6779 -0.893381 0.414515 -0.173345 -55.1722 0.424425 0.651987 -0.628313 -109.804 0 0 0 1 
				5
				-0.156942 -0.634921 -0.756468 14.4547 -0.895164 0.415015 -0.162614 -54.538 0.417193 0.651643 -0.633492 -110.488 0 0 0 1 
				6
				-0.163327 -0.634936 -0.755103 14.3045 -0.896291 0.415352 -0.155388 -54.1047 0.412295 0.651413 -0.636925 -110.933 0 0 0 1 
				7
				-0.16565 -0.634939 -0.754594 14.2498 -0.896686 0.415476 -0.152752 -53.9455 0.410504 0.651331 -0.638165 -111.077 0 0 0 1 
				8
				-0.162246 -0.634935 -0.755337 14.33 -0.896104 0.415295 -0.156613 -54.1785 0.413126 0.651451 -0.636348 -110.797 0 0 0 1 
				9
				-0.153204 -0.634913 -0.757241 14.5425 -0.894478 0.414817 -0.166836 -54.7888 0.420043 0.651776 -0.631468 -110.092 0 0 0 1 
				10
				-0.14039 -0.634872 -0.759755 14.8426 -0.891981 0.414148 -0.18125 -55.6323 0.429721 0.652242 -0.624436 -109.093 0 0 0 1 
				11
				-0.125684 -0.634815 -0.762373 15.1856 -0.888837 0.413386 -0.197686 -56.5693 0.440649 0.65278 -0.616204 -107.935 0 0 0 1 
				12
				-0.110933 -0.634743 -0.764719 15.5282 -0.885388 0.412633 -0.214061 -57.4759 0.451422 0.653327 -0.607769 -106.759 0 0 0 1 
				13
				-0.0980031 -0.634671 -0.766543 15.8273 -0.882124 0.411978 -0.228323 -58.2431 0.460709 0.65381 -0.600233 -105.715 0 0 0 1 
				14
				-0.0888358 -0.634613 -0.767707 16.0387 -0.879674 0.411519 -0.238383 -58.7714 0.467207 0.654155 -0.59481 -104.967 0 0 0 1 
				15
				-0.085377 -0.634587 -0.768121 16.1184 -0.87872 0.411347 -0.242167 -58.9675 0.469641 0.654288 -0.592744 -104.683 0 0 0 1 
				16
				-0.0888359 -0.634613 -0.767708 16.0387 -0.879674 0.411519 -0.238383 -58.7714 0.467207 0.654155 -0.59481 -104.967 0 0 0 1 
				17
				-0.0980032 -0.634671 -0.766543 15.8273 -0.882124 0.411978 -0.228323 -58.2431 0.460709 0.653809 -0.600233 -105.714 0 0 0 1 
				18
				-0.110933 -0.634743 -0.764719 15.5282 -0.885388 0.412633 -0.214061 -57.476 0.451422 0.653327 -0.607769 -106.759 0 0 0 1 
				19
				-0.125684 -0.634815 -0.762373 15.1856 -0.888837 0.413386 -0.197686 -56.5693 0.440649 0.65278 -0.616203 -107.935 0 0 0 1 
				20
				-0.14039 -0.634872 -0.759755 14.8426 -0.891981 0.414147 -0.18125 -55.6323 0.429721 0.652242 -0.624436 -109.093 0 0 0 1 
				21
				-0.153204 -0.634913 -0.757241 14.5425 -0.894479 0.414817 -0.166836 -54.7888 0.420043 0.651776 -0.631468 -110.092 0 0 0 1 
				22
				-0.162246 -0.634935 -0.755337 14.33 -0.896104 0.415294 -0.156613 -54.1785 0.413126 0.651451 -0.636348 -110.797 0 0 0 1 
				23
				-0.16565 -0.634939 -0.754594 14.2498 -0.896686 0.415476 -0.152752 -53.9455 0.410504 0.651331 -0.638165 -111.077 0 0 0 1 
				24
				-0.163327 -0.634936 -0.755103 14.3045 -0.896291 0.415352 -0.155387 -54.1047 0.412295 0.651413 -0.636925 -110.934 0 0 0 1 
				25
				-0.156942 -0.634921 -0.756468 14.4547 -0.895164 0.415015 -0.162614 -54.538 0.417193 0.651642 -0.633492 -110.489 0 0 0 1 
				26
				-0.147427 -0.634894 -0.758403 14.6779 -0.89338 0.414515 -0.173345 -55.1722 0.424425 0.651987 -0.628313 -109.806 0 0 0 1 
				27
				-0.135712 -0.634856 -0.760618 14.9518 -0.891013 0.413904 -0.186491 -55.9339 0.433218 0.652412 -0.621837 -108.948 0 0 0 1 
				28
				-0.122711 -0.634803 -0.762868 15.2548 -0.888166 0.413233 -0.200997 -56.7547 0.442836 0.652889 -0.614518 -107.978 0 0 0 1 
				29
				-0.109345 -0.634736 -0.764953 15.565 -0.884999 0.412551 -0.215819 -57.5716 0.45257 0.653385 -0.606851 -106.966 0 0 0 1 
				30
				-0.0965761 -0.634663 -0.766731 15.8603 -0.88175 0.411906 -0.229892 -58.3262 0.461725 0.653863 -0.599394 -105.986 0 0 0 1 
				31
				-0.085377 -0.634587 -0.768121 16.1184 -0.87872 0.411347 -0.242167 -58.9675 0.469641 0.654288 -0.592744 -105.119 0 0 0 1 
		</Joint>
			8
				-1
				0.105559 -0.414699 -0.903815 13.7481 -0.889236 0.367458 -0.272458 -83.3623 0.445102 0.832466 -0.329977 -92.0763 0 0 0 1 
				0
				0.0943989 -0.416297 -0.904315 13.1791 -0.89388 0.364441 -0.261078 -82.8052 0.438256 0.832995 -0.337717 -93.1636 0 0 0 1 
				1
				0.0816478 -0.418158 -0.904697 12.5294 -0.898983 0.36101 -0.247993 -82.1407 0.430305 0.833556 -0.346441 -94.3982 0 0 0 1 
				2
				0.0682694 -0.420155 -0.904881 11.8481 -0.904108 0.357425 -0.234171 -81.4118 0.421815 0.834097 -0.355464 -95.6816 0 0 0 1 
				3
				0.0552259 -0.422145 -0.904844 11.1842 -0.908877 0.353945 -0.220601 -80.67 0.413391 0.834576 -0.364131 -96.9188 0 0 0 1 
				4
				0.0434472 -0.423979 -0.90463 10.5851 -0.91299 0.350818 -0.208269 -79.974 0.405661 0.834967 -0.371846 -98.0217 0 0 0 1 
				5
				0.0338616 -0.425499 -0.904325 10.0977 -0.916202 0.34828 -0.198178 -79.3893 0.399283 0.835255 -0.37805 -98.9061 0 0 0 1 
				6
				0.0274208 -0.426535 -0.904056 9.77029 -0.918292 0.346581 -0.19137 -78.9873 0.394954 0.835434 -0.38218 -99.4873 0 0 0 1 
				7
				0.0250753 -0.426913 -0.903945 9.65109 -0.919039 0.345963 -0.188884 -78.8391 0.393368 0.835497 -0.383674 -99.681 0 0 0 1 
				8
				0.0285117 -0.42636 -0.904104 9.82573 -0.917942 0.346868 -0.192525 -79.0559 0.395689 0.835405 -0.381484 -99.3278 0 0 0 1 
				9
				0.0376295 -0.424901 -0.904457 10.2893 -0.914954 0.349276 -0.202151 -79.6211 0.4018 0.835144 -0.375622 -98.4309 0 0 0 1 
				10
				0.050525 -0.422872 -0.90478 10.9451 -0.910541 0.352696 -0.215688 -80.3953 0.410321 0.834736 -0.367223 -97.1634 0 0 0 1 
				11
				0.0652885 -0.420605 -0.904891 11.6964 -0.905218 0.356628 -0.231077 -81.245 0.419902 0.834211 -0.357456 -95.7023 0 0 0 1 
				12
				0.0800591 -0.418391 -0.904732 12.4485 -0.899605 0.360584 -0.246356 -82.0559 0.429305 0.833624 -0.347518 -94.2266 0 0 0 1 
				13
				0.0929753 -0.416502 -0.904368 13.1066 -0.89446 0.364058 -0.259622 -82.7324 0.437375 0.833059 -0.338696 -92.9245 0 0 0 1 
				14
				0.102115 -0.415191 -0.903985 13.5725 -0.890687 0.366525 -0.268954 -83.1927 0.443 0.832632 -0.332377 -91.9964 0 0 0 1 
				15
				0.105559 -0.414699 -0.903815 13.7482 -0.889236 0.367458 -0.272458 -83.3623 0.445102 0.832466 -0.329977 -91.6452 0 0 0 1 
				16
				0.102115 -0.415191 -0.903985 13.5725 -0.890687 0.366525 -0.268954 -83.1927 0.443 0.832632 -0.332377 -91.9964 0 0 0 1 
				17
				0.0929752 -0.416502 -0.904368 13.1066 -0.89446 0.364058 -0.259622 -82.7324 0.437375 0.833059 -0.338696 -92.9244 0 0 0 1 
				18
				0.080059 -0.418391 -0.904732 12.4485 -0.899605 0.360584 -0.246356 -82.0559 0.429305 0.833624 -0.347518 -94.2264 0 0 0 1 
				19
				0.0652885 -0.420605 -0.904891 11.6964 -0.905218 0.356628 -0.231077 -81.245 0.419902 0.834211 -0.357455 -95.702 0 0 0 1 
				20
				0.0505253 -0.422873 -0.90478 10.9451 -0.910541 0.352696 -0.215689 -80.3953 0.410321 0.834737 -0.367223 -97.1631 0 0 0 1 
				21
				0.0376297 -0.424901 -0.904457 10.2893 -0.914954 0.349276 -0.202151 -79.6211 0.4018 0.835144 -0.375622 -98.4306 0 0 0 1 
				22
				0.0285117 -0.42636 -0.904104 9.82573 -0.917942 0.346868 -0.192525 -79.0559 0.395689 0.835404 -0.381484 -99.3275 0 0 0 1 
				23
				0.0250753 -0.426913 -0.903945 9.65109 -0.919039 0.345963 -0.188884 -78.8391 0.393368 0.835497 -0.383674 -99.6809 0 0 0 1 
				24
				0.0274207 -0.426535 -0.904055 9.77028 -0.918292 0.34658 -0.19137 -78.9873 0.394954 0.835434 -0.38218 -99.4877 0 0 0 1 
				25
