<?xml version='1.0' encoding='UTF-8' ?>
<itpanim>
	<skeleton count>
		25
			0 -1
			1.37091e-06 -1 -6.12323e-17 1.44664e-05 1 1.37091e-06 -6.12323e-17 -3.33788e-06 6.12323e-17 -6.12323e-17 1 44.5 0 0 0 1 
			1 0
			1.3868e-06 4.78456e-08 -1 -44.5 2.75771e-06 -1 -4.78418e-08 1.44666e-05 -1 -2.75771e-06 -1.3868e-06 -5.83747e-05 0 0 0 1 
			2 1
			1.40269e-06 -0.000796318 -1 -49.6773 0 -1 0.000796318 0.0514213 -1 -1.11699e-09 -1.40269e-06 3.19526e-06 0 0 0 1 
			3 2
			1.40269e-06 -0.000796318 -1 -64.5592 0 -1 0.000796318 0.0632714 -1 -1.11699e-09 -1.40269e-06 3.16239e-06 0 0 0 1 
			4 3
			1.40269e-06 -0.000796318 -1 -79.4411 0 -1 0.000796318 0.06596 -1 -1.11699e-09 -1.40269e-06 3.15493e-06 0 0 0 1 
			5 4
			1 1.37091e-06 4.37113e-08 -1.60435 -1.37091e-06 1 3.58059e-15 -1.09939e-05 -4.37113e-08 -6.35048e-14 1 79.4411 0 0 0 1 
			6 5
			0.995014 0.0902305 0.042489 -5.65533 -0.0897157 0.995871 -0.0138741 -0.287945 -0.0435655 0.00999304 0.999001 79.7571 0 0 0 1 
			7 6
			0.994845 -0.0912189 0.0442967 -20.654 0.0915704 0.995781 -0.00596753 -4.08763 -0.0435655 0.00999304 0.999001 79.7571 0 0 0 1 
			8 7
			0.994845 -0.0912189 0.0442967 -36.0513 -0.0434925 0.0107859 0.998995 79.7539 -0.091605 -0.995772 0.00676301 4.15114 0 0 0 1 
			9 4
			-1 -1.37091e-06 4.37114e-08 -1.60434 -1.37091e-06 1 3.84662e-15 -1.09939e-05 -4.37115e-08 -5.60777e-14 -1 -79.4411 0 0 0 1 
			10 9
			-0.995014 0.0902277 0.042489 -5.65533 0.089713 0.995871 -0.0138741 -0.287946 -0.0435654 -0.00999315 -0.999001 -79.7571 0 0 0 1 
			11 10
			-0.994845 -0.0912216 0.0442967 -20.654 -0.0915731 0.995781 -0.00596753 -4.08763 -0.0435654 -0.00999315 -0.999001 -79.7571 0 0 0 1 
			12 11
			-0.994845 -0.0912216 0.0442967 -36.0513 0.0434925 0.0107861 0.998995 79.7539 -0.0916078 0.995772 -0.00676301 -4.15114 0 0 0 1 
			13 4
			1.34309e-06 -5.95475e-08 -1 -82.8177 -1.40269e-06 -1 5.95456e-08 1.08462e-05 -1 1.40269e-06 -1.34309e-06 -0.000107894 0 0 0 1 
			14 13
			1 -0 0 0 0 1 0 0 -0 -0 1 -0 0 0 0 1 
			15 2
			1.37369e-06 -0.0998334 0.995004 44.2777 0 -0.995004 -0.0998334 -4.44257 1 1.3714e-07 -1.36683e-06 -4.58386 0 0 0 1 
			16 15
			1.37369e-06 0.0998334 0.995004 24.6789 0 -0.995004 0.0998334 0.469723 1 -1.3714e-07 -1.36683e-06 -4.58386 0 0 0 1 
			17 16
			1.3716e-06 -6.00745e-14 1 4.70494 0 -1 -6.00745e-14 1.29981e-05 1 8.23984e-20 -1.3716e-06 -4.58386 0 0 0 1 
			18 17
			1.3723e-06 -1 -6.00133e-14 -6.78409 0 6.00133e-14 -1 -0.105526 1 1.3723e-06 8.23562e-20 -4.58386 0 0 0 1 
			19 18
			1 -0 0 0 0 1 0 0 -0 -0 1 -0 0 0 0 1 
			20 2
			1.37369e-06 -0.0998334 0.995004 44.2777 0 -0.995004 -0.0998334 -4.44257 1 1.3714e-07 -1.36683e-06 4.58386 0 0 0 1 
			21 20
			1.37369e-06 0.0998334 0.995004 24.6789 0 -0.995004 0.0998334 0.469723 1 -1.3714e-07 -1.36683e-06 4.58386 0 0 0 1 
			22 21
			1.3716e-06 -6.00745e-14 1 4.70494 0 -1 -6.00745e-14 1.29981e-05 1 8.23984e-20 -1.3716e-06 4.58386 0 0 0 1 
			23 22
			1.3723e-06 -1 5.98908e-14 -6.78409 0 -5.98908e-14 -1 -0.105526 1 1.3723e-06 -8.21882e-20 4.58386 0 0 0 1 
			24 23
			1 -0 0 0 0 1 0 0 -0 -0 1 -0 0 0 0 1 
	</skeleton>
		<animations>
			33
			0
				-1
				-0.573575 0.819153 -2.02144e-33 3.33786e-06 -0.819153 -0.573575 -1.36318e-32 2.84751 -1.2326e-32 -6.16298e-33 1 -38.365 0 0 0 1 
				0
				-0.573575 0.819153 -2.02144e-33 3.33786e-06 -0.819153 -0.573575 -1.36318e-32 2.84751 -1.2326e-32 -6.16298e-33 1 -38.0583 0 0 0 1 
				1
				-0.573575 0.819153 -2.02144e-33 3.33786e-06 -0.819153 -0.573575 -1.36318e-32 2.84751 -1.2326e-32 -6.16298e-33 1 -37.722 0 0 0 1 
				2
				-0.573575 0.819153 -2.02144e-33 3.33786e-06 -0.819153 -0.573575 -1.36318e-32 2.84751 -1.2326e-32 -6.16298e-33 1 -37.3631 0 0 0 1 
				3
				-0.573575 0.819153 -2.02144e-33 3.33786e-06 -0.819153 -0.573575 -1.36318e-32 2.84751 -1.2326e-32 -6.16298e-33 1 -36.9885 0 0 0 1 
				4
				-0.573575 0.819153 -2.02144e-33 3.33786e-06 -0.819153 -0.573575 -1.36318e-32 2.84751 -1.2326e-32 -6.16298e-33 1 -36.6048 0 0 0 1 
				5
				-0.573575 0.819153 -2.02144e-33 3.33786e-06 -0.819153 -0.573575 -1.36318e-32 2.84751 -1.2326e-32 -6.16298e-33 1 -36.2187 0 0 0 1 
				6
				-0.573575 0.819153 -2.02144e-33 3.33786e-06 -0.819153 -0.573575 -1.36318e-32 2.84751 -1.2326e-32 -6.16298e-33 1 -35.8372 0 0 0 1 
				7
				-0.573575 0.819153 -2.02144e-33 3.33786e-06 -0.819153 -0.573575 -1.36318e-32 2.84751 -1.2326e-32 -6.16298e-33 1 -35.4671 0 0 0 1 
				8
				-0.573575 0.819153 -2.02144e-33 3.33786e-06 -0.819153 -0.573575 -1.36318e-32 2.84751 -1.2326e-32 -6.16298e-33 1 -35.1151 0 0 0 1 
				9
				-0.573575 0.819153 -2.02144e-33 3.33786e-06 -0.819153 -0.573575 -1.36318e-32 2.84751 -1.2326e-32 -6.16298e-33 1 -34.7878 0 0 0 1 
				10
				-0.573575 0.819153 -2.02144e-33 3.33786e-06 -0.819153 -0.573575 -1.36318e-32 2.84751 -1.2326e-32 -6.16298e-33 1 -34.4923 0 0 0 1 
				11
				-0.573575 0.819153 -2.02144e-33 3.33786e-06 -0.819153 -0.573575 -1.36318e-32 2.84751 -1.2326e-32 -6.16298e-33 1 -34.2354 0 0 0 1 
				12
				-0.573575 0.819153 -2.02144e-33 3.33786e-06 -0.819153 -0.573575 -1.36318e-32 2.84751 -1.2326e-32 -6.16298e-33 1 -34.0238 0 0 0 1 
				13
				-0.573575 0.819153 1.51349e-33 3.33786e-06 -0.819153 -0.573575 -8.58335e-33 2.84751 -6.16298e-33 -6.16298e-33 1 -33.8641 0 0 0 1 
				14
				-0.573575 0.819153 -2.02144e-33 3.33786e-06 -0.819153 -0.573575 -1.36318e-32 2.84751 -1.2326e-32 -6.16298e-33 1 -33.7633 0 0 0 1 
				15
				-0.573575 0.819153 -2.02144e-33 3.33786e-06 -0.819153 -0.573575 -1.36318e-32 2.84751 -1.2326e-32 -6.16298e-33 1 -33.7283 0 0 0 1 
				16
				-0.573575 0.819153 -2.02144e-33 3.33786e-06 -0.819153 -0.573575 -1.36318e-32 2.84751 -1.2326e-32 -6.16298e-33 1 -33.7633 0 0 0 1 
				17
				-0.573575 0.819153 1.51349e-33 3.33786e-06 -0.819153 -0.573575 -8.58335e-33 2.84751 -6.16298e-33 -6.16298e-33 1 -33.8641 0 0 0 1 
				18
				-0.573575 0.819153 -2.02144e-33 3.33786e-06 -0.819153 -0.573575 -1.36318e-32 2.84751 -1.2326e-32 -6.16298e-33 1 -34.0238 0 0 0 1 
				19
				-0.573575 0.819153 -2.02144e-33 3.33786e-06 -0.819153 -0.573575 -1.36318e-32 2.84751 -1.2326e-32 -6.16298e-33 1 -34.2354 0 0 0 1 
				20
				-0.573575 0.819153 -2.02144e-33 3.33786e-06 -0.819153 -0.573575 -1.36318e-32 2.84751 -1.2326e-32 -6.16298e-33 1 -34.4923 0 0 0 1 
				21
				-0.573575 0.819153 -2.02144e-33 3.33786e-06 -0.819153 -0.573575 -1.36318e-32 2.84751 -1.2326e-32 -6.16298e-33 1 -34.7878 0 0 0 1 
				22
				-0.573575 0.819153 -2.02144e-33 3.33786e-06 -0.819153 -0.573575 -1.36318e-32 2.84751 -1.2326e-32 -6.16298e-33 1 -35.1151 0 0 0 1 
				23
				-0.573575 0.819153 -2.02144e-33 3.33786e-06 -0.819153 -0.573575 -1.36318e-32 2.84751 -1.2326e-32 -6.16298e-33 1 -35.4671 0 0 0 1 
				24
				-0.573575 0.819153 -2.02144e-33 3.33786e-06 -0.819153 -0.573575 -1.36318e-32 2.84751 -1.2326e-32 -6.16298e-33 1 -35.8372 0 0 0 1 
				25
				-0.573575 0.819153 -2.02144e-33 3.33786e-06 -0.819153 -0.573575 -1.36318e-32 2.84751 -1.2326e-32 -6.16298e-33 1 -36.2187 0 0 0 1 
				26
				-0.573575 0.819153 1.51349e-33 3.33786e-06 -0.819153 -0.573575 -8.58335e-33 2.84751 -6.16298e-33 -6.16298e-33 1 -36.6048 0 0 0 1 
				27
				-0.573575 0.819153 -2.02144e-33 3.33786e-06 -0.819153 -0.573575 -1.36318e-32 2.84751 -1.2326e-32 -6.16298e-33 1 -36.9885 0 0 0 1 
				28
				-0.573575 0.819153 -2.02144e-33 3.33786e-06 -0.819153 -0.573575 -1.36318e-32 2.84751 -1.2326e-32 -6.16298e-33 1 -37.3631 0 0 0 1 
				29
				-0.573575 0.819153 -2.02144e-33 3.33786e-06 -0.819153 -0.573575 -1.36318e-32 2.84751 -1.2326e-32 -6.16298e-33 1 -37.722 0 0 0 1 
				30
				-0.573575 0.819153 -2.02144e-33 3.33786e-06 -0.819153 -0.573575 -1.36318e-32 2.84751 -1.2326e-32 -6.16298e-33 1 -38.0583 0 0 0 1 
				31
				-0.573575 0.819153 -2.02144e-33 3.33786e-06 -0.819153 -0.573575 -1.36318e-32 2.84751 -1.2326e-32 -6.16298e-33 1 -38.365 0 0 0 1 
		</Joint>
			1
				-1
				1.33158e-06 -0.573574 -0.819154 3.33786e-06 0 -0.819154 0.573574 2.84751 -1 -7.6376e-07 -1.09077e-06 -38.365 0 0 0 1 
				0
				1.33158e-06 -0.573574 -0.819154 3.33786e-06 0 -0.819154 0.573574 2.84751 -1 -7.6376e-07 -1.09077e-06 -38.0583 0 0 0 1 
				1
				1.33158e-06 -0.573574 -0.819154 3.33786e-06 0 -0.819154 0.573574 2.84751 -1 -7.6376e-07 -1.09077e-06 -37.722 0 0 0 1 
				2
				1.33158e-06 -0.573574 -0.819154 3.33786e-06 0 -0.819154 0.573574 2.84751 -1 -7.6376e-07 -1.09077e-06 -37.3631 0 0 0 1 
				3
				1.33158e-06 -0.573574 -0.819154 3.33786e-06 0 -0.819154 0.573574 2.84751 -1 -7.6376e-07 -1.09077e-06 -36.9885 0 0 0 1 
				4
				1.33158e-06 -0.573574 -0.819154 3.33786e-06 0 -0.819154 0.573574 2.84751 -1 -7.6376e-07 -1.09077e-06 -36.6048 0 0 0 1 
				5
				1.33158e-06 -0.573574 -0.819154 3.33786e-06 0 -0.819154 0.573574 2.84751 -1 -7.6376e-07 -1.09077e-06 -36.2187 0 0 0 1 
				6
				1.33158e-06 -0.573574 -0.819154 3.33786e-06 0 -0.819154 0.573574 2.84751 -1 -7.6376e-07 -1.09077e-06 -35.8372 0 0 0 1 
				7
				1.33158e-06 -0.573574 -0.819154 3.33786e-06 0 -0.819154 0.573574 2.84751 -1 -7.6376e-07 -1.09077e-06 -35.4671 0 0 0 1 
				8
				1.33158e-06 -0.573574 -0.819154 3.33786e-06 0 -0.819154 0.573574 2.84751 -1 -7.6376e-07 -1.09077e-06 -35.1151 0 0 0 1 
				9
				1.33158e-06 -0.573574 -0.819154 3.33786e-06 0 -0.819154 0.573574 2.84751 -1 -7.6376e-07 -1.09077e-06 -34.7878 0 0 0 1 
				10
				1.33158e-06 -0.573574 -0.819154 3.33786e-06 0 -0.819154 0.573574 2.84751 -1 -7.6376e-07 -1.09077e-06 -34.4923 0 0 0 1 
				11
				1.33158e-06 -0.573574 -0.819154 3.33786e-06 0 -0.819154 0.573574 2.84751 -1 -7.6376e-07 -1.09077e-06 -34.2354 0 0 0 1 
				12
				1.33158e-06 -0.573574 -0.819154 3.33786e-06 0 -0.819154 0.573574 2.84751 -1 -7.6376e-07 -1.09077e-06 -34.0238 0 0 0 1 
				13
				1.33158e-06 -0.573574 -0.819153 3.33786e-06 0 -0.819153 0.573574 2.84751 -1 -7.6376e-07 -1.09077e-06 -33.8641 0 0 0 1 
				14
				1.33158e-06 -0.573574 -0.819154 3.33786e-06 0 -0.819154 0.573574 2.84751 -1 -7.6376e-07 -1.09077e-06 -33.7633 0 0 0 1 
				15
				1.33158e-06 -0.573574 -0.819154 3.33786e-06 0 -0.819154 0.573574 2.84751 -1 -7.6376e-07 -1.09077e-06 -33.7283 0 0 0 1 
				16
				1.33158e-06 -0.573574 -0.819154 3.33786e-06 0 -0.819154 0.573574 2.84751 -1 -7.6376e-07 -1.09077e-06 -33.7633 0 0 0 1 
				17
				1.33158e-06 -0.573574 -0.819153 3.33786e-06 0 -0.819153 0.573574 2.84751 -1 -7.6376e-07 -1.09077e-06 -33.8641 0 0 0 1 
				18
				1.33158e-06 -0.573574 -0.819154 3.33786e-06 0 -0.819154 0.573574 2.84751 -1 -7.6376e-07 -1.09077e-06 -34.0238 0 0 0 1 
				19
				1.33158e-06 -0.573574 -0.819154 3.33786e-06 0 -0.819154 0.573574 2.84751 -1 -7.6376e-07 -1.09077e-06 -34.2354 0 0 0 1 
				20
				1.33158e-06 -0.573574 -0.819154 3.33786e-06 0 -0.819154 0.573574 2.84751 -1 -7.6376e-07 -1.09077e-06 -34.4923 0 0 0 1 
				21
				1.33158e-06 -0.573574 -0.819154 3.33786e-06 0 -0.819154 0.573574 2.84751 -1 -7.6376e-07 -1.09077e-06 -34.7878 0 0 0 1 
				22
				1.33158e-06 -0.573574 -0.819154 3.33786e-06 0 -0.819154 0.573574 2.84751 -1 -7.6376e-07 -1.09077e-06 -35.1151 0 0 0 1 
				23
				1.33158e-06 -0.573574 -0.819154 3.33786e-06 0 -0.819154 0.573574 2.84751 -1 -7.6376e-07 -1.09077e-06 -35.4671 0 0 0 1 
				24
				1.33158e-06 -0.573574 -0.819154 3.33786e-06 0 -0.819154 0.573574 2.84751 -1 -7.6376e-07 -1.09077e-06 -35.8372 0 0 0 1 
				25
				1.33158e-06 -0.573574 -0.819154 3.33786e-06 0 -0.819154 0.573574 2.84751 -1 -7.6376e-07 -1.09077e-06 -36.2187 0 0 0 1 
				26
				1.33158e-06 -0.573574 -0.819153 3.33786e-06 0 -0.819153 0.573574 2.84751 -1 -7.6376e-07 -1.09077e-06 -36.6048 0 0 0 1 
				27
				1.33158e-06 -0.573574 -0.819154 3.33786e-06 0 -0.819154 0.573574 2.84751 -1 -7.6376e-07 -1.09077e-06 -36.9885 0 0 0 1 
				28
				1.33158e-06 -0.573574 -0.819154 3.33786e-06 0 -0.819154 0.573574 2.84751 -1 -7.6376e-07 -1.09077e-06 -37.3631 0 0 0 1 
				29
				1.33158e-06 -0.573574 -0.819154 3.33786e-06 0 -0.819154 0.573574 2.84751 -1 -7.6376e-07 -1.09077e-06 -37.722 0 0 0 1 
				30
				1.33158e-06 -0.573574 -0.819154 3.33786e-06 0 -0.819154 0.573574 2.84751 -1 -7.6376e-07 -1.09077e-06 -38.0583 0 0 0 1 
				31
				1.33158e-06 -0.573574 -0.819154 3.33786e-06 0 -0.819154 0.573574 2.84751 -1 -7.6376e-07 -1.09077e-06 -38.365 0 0 0 1 
		</Joint>
			2
				-1
				-0.171245 -0.296064 -0.939692 0.00351444 -0.470496 -0.813422 0.342021 2.85714 -0.865626 0.500691 -2.35749e-06 -43.5483 0 0 0 1 
				0
				-0.172951 -0.29507 -0.939692 0.00350307 -0.475184 -0.810692 0.342021 2.85711 -0.862722 0.50568 -2.36694e-06 -43.2416 0 0 0 1 
				1
				-0.174815 -0.29397 -0.939692 0.00348963 -0.480305 -0.807669 0.342021 2.85707 -0.859504 0.511129 -2.41783e-06 -42.9054 0 0 0 1 
				2
				-0.176797 -0.292782 -0.939692 0.00347553 -0.485749 -0.804406 0.342021 2.85704 -0.856032 0.516923 -2.4625e-06 -42.5466 0 0 0 1 
				3
				-0.178857 -0.291528 -0.939692 0.00346034 -0.491409 -0.800961 0.342021 2.85699 -0.852366 0.522946 -2.46035e-06 -42.172 0 0 0 1 
				4
				-0.180957 -0.290229 -0.939692 0.00344527 -0.49718 -0.797391 0.342021 2.85695 -0.848567 0.529088 -2.48241e-06 -41.7884 0 0 0 1 
				5
				-0.183061 -0.288907 -0.939692 0.00342942 -0.502961 -0.793758 0.342021 2.85691 -0.8447 0.53524 -2.48698e-06 -41.4024 0 0 0 1 
				6
				-0.185131 -0.287585 -0.939692 0.00341397 -0.508648 -0.790126 0.342021 2.85687 -0.840835 0.541292 -2.48638e-06 -41.0209 0 0 0 1 
				7
				-0.18713 -0.286288 -0.939692 0.00339861 -0.51414 -0.786563 0.342021 2.85682 -0.837044 0.547135 -2.51146e-06 -40.6509 0 0 0 1 
				8
				-0.189022 -0.285042 -0.939692 0.00338354 -0.519339 -0.78314 0.342021 2.85678 -0.833401 0.552669 -2.56835e-06 -40.299 0 0 0 1 
				9
				-0.190774 -0.283873 -0.939692 0.00337 -0.524152 -0.779927 0.342021 2.85675 -0.829982 0.55779 -2.62099e-06 -39.9718 0 0 0 1 
				10
				-0.19235 -0.282807 -0.939692 0.00335756 -0.528482 -0.777 0.342021 2.85671 -0.826867 0.562398 -2.59897e-06 -39.6764 0 0 0 1 
				11
				-0.193715 -0.281874 -0.939692 0.0033457 -0.532233 -0.774435 0.342021 2.85668 -0.824138 0.566389 -2.56292e-06 -39.4195 0 0 0 1 
				12
				-0.194836 -0.2811 -0.939692 0.00333744 -0.535313 -0.772309 0.342021 2.85666 -0.821875 0.569668 -2.61005e-06 -39.2079 0 0 0 1 
				13
				-0.19568 -0.280513 -0.939692 0.00332999 -0.537631 -0.770697 0.342021 2.85664 -0.82016 0.572135 -2.54878e-06 -39.0482 0 0 0 1 
				14
				-0.196212 -0.280142 -0.939692 0.00332566 -0.539092 -0.769676 0.342021 2.85662 -0.819073 0.57369 -2.61136e-06 -38.9475 0 0 0 1 
				15
				-0.196397 -0.280012 -0.939692 0.00332411 -0.5396 -0.76932 0.342021 2.85662 -0.818694 0.57423 -2.59664e-06 -38.9124 0 0 0 1 
				16
				-0.196212 -0.280142 -0.939692 0.00332607 -0.539093 -0.769676 0.342021 2.85662 -0.819073 0.57369 -2.6305e-06 -38.9475 0 0 0 1 
				17
				-0.19568 -0.280513 -0.939692 0.00332986 -0.537631 -0.770697 0.342021 2.85664 -0.82016 0.572135 -2.57935e-06 -39.0482 0 0 0 1 
				18
				-0.194836 -0.2811 -0.939692 0.00333735 -0.535313 -0.772309 0.342021 2.85666 -0.821875 0.569667 -2.59455e-06 -39.2079 0 0 0 1 
				19
				-0.193715 -0.281874 -0.939692 0.0033457 -0.532233 -0.774435 0.342021 2.85668 -0.824138 0.566389 -2.58178e-06 -39.4195 0 0 0 1 
				20
				-0.19235 -0.282807 -0.939692 0.00335749 -0.528482 -0.777 0.342021 2.85671 -0.826867 0.562398 -2.58961e-06 -39.6764 0 0 0 1 
				21
				-0.190774 -0.283873 -0.939692 0.00336979 -0.524152 -0.779927 0.342021 2.85675 -0.829982 0.55779 -2.57125e-06 -39.9718 0 0 0 1 
				22
				-0.189022 -0.285042 -0.939692 0.0033839 -0.519339 -0.78314 0.342021 2.85678 -0.833401 0.552669 -2.58189e-06 -40.299 0 0 0 1 
				23
				-0.18713 -0.286288 -0.939692 0.00339861 -0.51414 -0.786563 0.342021 2.85682 -0.837044 0.547135 -2.51146e-06 -40.6509 0 0 0 1 
				24
				-0.185131 -0.287585 -0.939692 0.00341417 -0.508648 -0.790126 0.342021 2.85687 -0.840835 0.541292 -2.49539e-06 -41.0209 0 0 0 1 
				25
				-0.183061 -0.288907 -0.939692 0.00342947 -0.502961 -0.793758 0.342021 2.85691 -0.8447 0.53524 -2.48856e-06 -41.4024 0 0 0 1 
				26
				-0.180957 -0.290229 -0.939692 0.00344511 -0.497181 -0.797391 0.342021 2.85695 -0.848567 0.529088 -2.47876e-06 -41.7884 0 0 0 1 
				27
				-0.178857 -0.291528 -0.939692 0.00346034 -0.491409 -0.800961 0.342021 2.85699 -0.852366 0.522946 -2.46035e-06 -42.172 0 0 0 1 
				28
				-0.176797 -0.292782 -0.939692 0.00347555 -0.485749 -0.804406 0.342021 2.85703 -0.856032 0.516923 -2.48138e-06 -42.5466 0 0 0 1 
				29
				-0.174815 -0.29397 -0.939692 0.00349003 -0.480305 -0.807669 0.342021 2.85707 -0.859504 0.511129 -2.43506e-06 -42.9054 0 0 0 1 
				30
				-0.172951 -0.29507 -0.939692 0.00350269 -0.475184 -0.810692 0.342021 2.85711 -0.862722 0.505679 -2.37576e-06 -43.2416 0 0 0 1 
				31
				-0.171245 -0.296064 -0.939692 0.00351444 -0.470496 -0.813422 0.342021 2.85714 -0.865626 0.500691 -2.35749e-06 -43.5483 0 0 0 1 
		</Joint>
			3
				-1
				-0.17587 -0.0124096 -0.984335 -2.54478 -0.615202 -0.779224 0.119741 -4.13549 -0.768503 0.626624 0.129407 -56.4379 0 0 0 1 
				0
				-0.177445 -0.0101442 -0.984079 -2.57021 -0.623829 -0.772224 0.120446 -4.20537 -0.761151 0.635269 0.130699 -56.0881 0 0 0 1 
				1
				-0.17914 -0.00763059 -0.983794 -2.598 -0.633194 -0.764441 0.121228 -4.28171 -0.752977 0.644649 0.13211 -55.7041 0 0 0 1 
				2
				-0.180911 -0.00491377 -0.983487 -2.62753 -0.64308 -0.756007 0.122071 -4.36287 -0.744123 0.654545 0.13361 -55.2937 0 0 0 1 
				3
				-0.182719 -0.00204098 -0.983163 -2.65824 -0.653279 -0.747066 0.122962 -4.44724 -0.734738 0.664747 0.13517 -54.8647 0 0 0 1 
				4
				-0.184526 0.000939596 -0.982827 -2.68955 -0.663593 -0.737765 0.123884 -4.53328 -0.724979 0.675057 0.13676 -54.4247 0 0 0 1 
				5
				-0.186297 0.00397722 -0.982485 -2.72091 -0.673835 -0.728262 0.124824 -4.61947 -0.71501 0.685288 0.138353 -53.9813 0 0 0 1 
				6
				-0.188002 0.0070165 -0.982144 -2.75177 -0.683822 -0.718729 0.125762 -4.70426 -0.705013 0.695255 0.13992 -53.5424 0 0 0 1 
				7
				-0.18961 0.00999948 -0.981809 -2.78157 -0.693379 -0.70935 0.126683 -4.78614 -0.695179 0.704785 0.141434 -53.116 0 0 0 1 
				8
				-0.191099 0.0128677 -0.981486 -2.80978 -0.702347 -0.700311 0.127568 -4.86366 -0.685705 0.713722 0.142866 -52.71 0 0 0 1 
				9
				-0.192446 0.0155605 -0.981184 -2.83589 -0.710575 -0.691807 0.128399 -4.93543 -0.676792 0.721915 0.144193 -52.3321 0 0 0 1 
				10
				-0.193633 0.0180143 -0.980909 -2.85939 -0.717917 -0.684042 0.129155 -4.99999 -0.668656 0.72922 0.145386 -51.9903 0 0 0 1 
				11
				-0.19464 0.0201643 -0.980667 -2.87974 -0.72423 -0.677228 0.129818 -5.05592 -0.661518 0.735497 0.146419 -51.6929 0 0 0 1 
				12
				-0.195454 0.0219466 -0.980467 -2.89645 -0.729381 -0.67157 0.130368 -5.10185 -0.655592 0.740616 0.147268 -51.4477 0 0 0 1 
				13
				-0.196057 0.023298 -0.980316 -2.90904 -0.733238 -0.667276 0.130785 -5.13642 -0.651094 0.744446 0.147907 -51.2626 0 0 0 1 
				14
				-0.196434 0.0241542 -0.980219 -2.91696 -0.73566 -0.664553 0.131049 -5.15821 -0.648243 0.74685 0.14831 -51.1457 0 0 0 1 
				15
				-0.196564 0.0244523 -0.980186 -2.91972 -0.736499 -0.663605 0.131141 -5.16578 -0.64725 0.747683 0.14845 -51.105 0 0 0 1 
				16
				-0.196434 0.0241542 -0.98022 -2.91696 -0.73566 -0.664553 0.131049 -5.15821 -0.648243 0.74685 0.14831 -51.1457 0 0 0 1 
				17
				-0.196057 0.023298 -0.980316 -2.90904 -0.733238 -0.667276 0.130785 -5.13642 -0.651094 0.744446 0.147907 -51.2626 0 0 0 1 
				18
				-0.195454 0.0219466 -0.980467 -2.89645 -0.729381 -0.67157 0.130368 -5.10185 -0.655592 0.740615 0.147268 -51.4477 0 0 0 1 
				19
				-0.19464 0.0201643 -0.980667 -2.87974 -0.72423 -0.677228 0.129818 -5.05591 -0.661518 0.735497 0.146419 -51.6929 0 0 0 1 
				20
				-0.193633 0.0180143 -0.980909 -2.85939 -0.717917 -0.684042 0.129155 -4.99999 -0.668656 0.72922 0.145386 -51.9903 0 0 0 1 
				21
				-0.192446 0.0155605 -0.981184 -2.83589 -0.710575 -0.691807 0.128399 -4.93543 -0.676792 0.721915 0.144193 -52.3321 0 0 0 1 
				22
				-0.191099 0.0128677 -0.981486 -2.80978 -0.702346 -0.700311 0.127568 -4.86366 -0.685704 0.713722 0.142866 -52.71 0 0 0 1 
				23
				-0.18961 0.00999948 -0.981809 -2.78157 -0.693379 -0.70935 0.126683 -4.78614 -0.695179 0.704785 0.141434 -53.116 0 0 0 1 
				24
				-0.188002 0.0070165 -0.982144 -2.75177 -0.683822 -0.718729 0.125762 -4.70426 -0.705013 0.695255 0.13992 -53.5424 0 0 0 1 
				25
				-0.186297 0.0039773 -0.982485 -2.72092 -0.673836 -0.728262 0.124823 -4.61947 -0.71501 0.685288 0.138353 -53.9813 0 0 0 1 
				26
				-0.184526 0.000939569 -0.982827 -2.68955 -0.663593 -0.737765 0.123884 -4.53329 -0.724979 0.675057 0.13676 -54.4247 0 0 0 1 
				27
				-0.182719 -0.00204098 -0.983163 -2.65824 -0.653279 -0.747066 0.122962 -4.44724 -0.734738 0.664747 0.13517 -54.8647 0 0 0 1 
				28
				-0.180911 -0.00491388 -0.983487 -2.62753 -0.64308 -0.756007 0.122071 -4.36287 -0.744123 0.654545 0.13361 -55.2937 0 0 0 1 
				29
				-0.17914 -0.00763065 -0.983794 -2.598 -0.633193 -0.764441 0.121228 -4.28171 -0.752977 0.644649 0.13211 -55.7041 0 0 0 1 
				30
				-0.177445 -0.0101443 -0.984079 -2.57021 -0.623829 -0.772225 0.120446 -4.20537 -0.761151 0.635269 0.130699 -56.0881 0 0 0 1 
				31
				-0.17587 -0.0124096 -0.984335 -2.54478 -0.615202 -0.779224 0.119741 -4.13549 -0.768503 0.626624 0.129407 -56.4379 0 0 0 1 
		</Joint>
			4
				-1
				-0.17587 -0.0124096 -0.984335 -5.16202 -0.615202 -0.779224 0.119741 -13.2888 -0.768503 0.626624 0.129407 -67.8763 0 0 0 1 
				0
				-0.177445 -0.0101442 -0.984078 -5.2109 -0.623829 -0.772224 0.120446 -13.487 -0.761151 0.635269 0.130699 -67.4172 0 0 0 1 
				1
				-0.17914 -0.00763059 -0.983794 -5.26391 -0.633194 -0.764441 0.121228 -13.7028 -0.752977 0.644649 0.13211 -66.9116 0 0 0 1 
				2
				-0.180911 -0.00491376 -0.983487 -5.31982 -0.64308 -0.756007 0.122071 -13.9311 -0.744123 0.654545 0.13361 -66.3694 0 0 0 1 
				3
				-0.182719 -0.00204097 -0.983163 -5.37744 -0.653279 -0.747066 0.122962 -14.1673 -0.734738 0.664747 0.13517 -65.8008 0 0 0 1 
				4
				-0.184526 0.000939594 -0.982827 -5.43564 -0.663593 -0.737765 0.123884 -14.4068 -0.724979 0.675057 0.13676 -65.2156 0 0 0 1 
				5
				-0.186297 0.00397723 -0.982485 -5.49338 -0.673835 -0.728262 0.124824 -14.6455 -0.71501 0.685288 0.138353 -64.6238 0 0 0 1 
				6
				-0.188002 0.00701649 -0.982144 -5.54961 -0.683822 -0.718729 0.125762 -14.8789 -0.705013 0.695255 0.13992 -64.0362 0 0 0 1 
				7
				-0.18961 0.00999948 -0.981809 -5.60335 -0.693379 -0.70935 0.126683 -15.103 -0.695179 0.704786 0.141434 -63.4635 0 0 0 1 
				8
				-0.191099 0.0128677 -0.981486 -5.65373 -0.702347 -0.700311 0.127568 -15.314 -0.685705 0.713722 0.142866 -62.9165 0 0 0 1 
				9
				-0.192446 0.0155605 -0.981184 -5.6999 -0.710575 -0.691807 0.128399 -15.5083 -0.676792 0.721915 0.144193 -62.4059 0 0 0 1 
				10
				-0.193633 0.0180143 -0.980909 -5.74106 -0.717917 -0.684042 0.129155 -15.6821 -0.668656 0.72922 0.145386 -61.9432 0 0 0 1 
				11
				-0.19464 0.0201643 -0.980667 -5.77641 -0.72423 -0.677228 0.129818 -15.832 -0.661518 0.735497 0.14642 -61.5395 0 0 0 1 
				12
				-0.195454 0.0219466 -0.980467 -5.80523 -0.729381 -0.67157 0.130368 -15.9546 -0.655592 0.740616 0.147268 -61.2061 0 0 0 1 
				13
				-0.196057 0.023298 -0.980316 -5.8268 -0.733238 -0.667276 0.130785 -16.0466 -0.651094 0.744446 0.147907 -60.9541 0 0 0 1 
				14
				-0.196434 0.0241542 -0.98022 -5.84034 -0.73566 -0.664553 0.131049 -16.1044 -0.648243 0.74685 0.14831 -60.7948 0 0 0 1 
				15
				-0.196564 0.0244523 -0.980186 -5.84502 -0.736499 -0.663605 0.131141 -16.1245 -0.64725 0.747683 0.14845 -60.7393 0 0 0 1 
				16
				-0.196434 0.0241542 -0.98022 -5.84033 -0.73566 -0.664553 0.131049 -16.1044 -0.648243 0.74685 0.14831 -60.7947 0 0 0 1 
				17
				-0.196057 0.023298 -0.980316 -5.8268 -0.733238 -0.667276 0.130785 -16.0466 -0.651094 0.744446 0.147907 -60.9541 0 0 0 1 
				18
				-0.195454 0.0219466 -0.980467 -5.80523 -0.729381 -0.67157 0.130368 -15.9546 -0.655592 0.740615 0.147268 -61.2062 0 0 0 1 
				19
				-0.19464 0.0201643 -0.980667 -5.77641 -0.72423 -0.677228 0.129818 -15.832 -0.661518 0.735497 0.146419 -61.5395 0 0 0 1 
				20
				-0.193633 0.0180143 -0.980909 -5.74106 -0.717917 -0.684042 0.129155 -15.6821 -0.668656 0.72922 0.145386 -61.9432 0 0 0 1 
				21
				-0.192446 0.0155605 -0.981184 -5.6999 -0.710575 -0.691807 0.128399 -15.5083 -0.676792 0.721915 0.144193 -62.4059 0 0 0 1 
				22
				-0.191099 0.0128677 -0.981486 -5.65373 -0.702346 -0.700311 0.127568 -15.314 -0.685704 0.713722 0.142866 -62.9165 0 0 0 1 
				23
				-0.18961 0.00999948 -0.981809 -5.60335 -0.693379 -0.70935 0.126683 -15.103 -0.695179 0.704786 0.141434 -63.4635 0 0 0 1 
				24
				-0.188002 0.00701648 -0.982144 -5.54961 -0.683822 -0.718729 0.125762 -14.8789 -0.705013 0.695255 0.13992 -64.0362 0 0 0 1 
				25
				-0.186297 0.00397729 -0.982485 -5.49338 -0.673836 -0.728262 0.124823 -14.6455 -0.71501 0.685288 0.138353 -64.6238 0 0 0 1 
				26
				-0.184526 0.000939568 -0.982827 -5.43565 -0.663593 -0.737765 0.123884 -14.4068 -0.724979 0.675057 0.13676 -65.2156 0 0 0 1 
				27
				-0.182719 -0.00204097 -0.983163 -5.37744 -0.653279 -0.747066 0.122962 -14.1673 -0.734738 0.664747 0.13517 -65.8008 0 0 0 1 
				28
				-0.180911 -0.00491387 -0.983487 -5.31982 -0.64308 -0.756007 0.122071 -13.9311 -0.744123 0.654545 0.13361 -66.3694 0 0 0 1 
				29
				-0.17914 -0.00763064 -0.983794 -5.26391 -0.633193 -0.764441 0.121228 -13.7028 -0.752977 0.644649 0.13211 -66.9116 0 0 0 1 
				30
				-0.177445 -0.0101443 -0.984079 -5.2109 -0.623829 -0.772225 0.120446 -13.487 -0.761151 0.635269 0.130699 -67.4172 0 0 0 1 
				31
				-0.17587 -0.0124096 -0.984335 -5.16202 -0.615202 -0.779224 0.119741 -13.2888 -0.768503 0.626624 0.129407 -67.8763 0 0 0 1 
		</Joint>
			5
				-1
				0.984335 0.0125497 0.175862 -3.58284 -0.119743 0.779713 0.614581 -13.483 -0.129409 -0.626011 0.769001 -68.0823 0 0 0 1 
				0
				0.984078 0.0102855 0.177439 -3.63212 -0.120448 0.772721 0.623213 -13.6824 -0.130701 -0.634662 0.761657 -67.6251 0 0 0 1 
				1
				0.983794 0.00777324 0.179136 -3.68559 -0.12123 0.764945 0.632584 -13.8993 -0.132112 -0.644049 0.75349 -67.1218 0 0 0 1 
				2
				0.983487 0.0050578 0.18091 -3.74198 -0.122073 0.756519 0.642478 -14.129 -0.133612 -0.653953 0.744644 -66.582 0 0 0 1 
				3
				0.983163 0.00218648 0.18272 -3.80011 -0.122963 0.747586 0.652683 -14.3665 -0.135172 -0.664162 0.735267 -66.0159 0 0 0 1 
				4
				0.982827 -0.000792674 0.184529 -3.85885 -0.123886 0.738293 0.663005 -14.6076 -0.136762 -0.67448 0.725516 -65.4332 0 0 0 1 
				5
				0.982485 -0.00382888 0.186303 -3.91712 -0.124825 0.728798 0.673255 -14.8477 -0.138355 -0.684718 0.715555 -64.8439 0 0 0 1 
				6
				0.982143 -0.00686672 0.18801 -3.97389 -0.125764 0.719273 0.683249 -15.0826 -0.139922 -0.694693 0.705566 -64.2588 0 0 0 1 
				7
				0.981808 -0.00984849 0.189621 -4.02816 -0.126685 0.709902 0.692813 -15.3082 -0.141435 -0.704232 0.69574 -63.6885 0 0 0 1 
				8
				0.981486 -0.0127155 0.191112 -4.07905 -0.12757 0.70087 0.701788 -15.5206 -0.142868 -0.713175 0.686272 -63.1438 0 0 0 1 
				9
				0.981184 -0.0154072 0.192461 -4.1257 -0.128401 0.692372 0.710024 -15.7161 -0.144195 -0.721376 0.677366 -62.6353 0 0 0 1 
				10
				0.980908 -0.0178601 0.19365 -4.16729 -0.129158 0.684614 0.717372 -15.8912 -0.145388 -0.728687 0.669236 -62.1744 0 0 0 1 
				11
				0.980667 -0.0200093 0.194659 -4.20302 -0.12982 0.677804 0.723691 -16.0421 -0.146421 -0.73497 0.662103 -61.7725 0 0 0 1 
				12
				0.980467 -0.0217909 0.195474 -4.23216 -0.13037 0.672151 0.728846 -16.1656 -0.14727 -0.740093 0.656181 -61.4404 0 0 0 1 
				13
				0.980315 -0.0231419 0.196078 -4.25397 -0.130787 0.66786 0.732706 -16.2582 -0.147909 -0.743927 0.651686 -61.1894 0 0 0 1 
				14
				0.980219 -0.0239978 0.196456 -4.26766 -0.131051 0.665139 0.73513 -16.3165 -0.148312 -0.746334 0.648837 -61.0307 0 0 0 1 
				15
				0.980185 -0.0242958 0.196586 -4.2724 -0.131143 0.664191 0.73597 -16.3367 -0.148452 -0.747168 0.647844 -60.9755 0 0 0 1 
				16
				0.980219 -0.0239978 0.196456 -4.26765 -0.131051 0.665139 0.73513 -16.3165 -0.148312 -0.746334 0.648837 -61.0307 0 0 0 1 
				17
				0.980315 -0.0231419 0.196078 -4.25397 -0.130787 0.66786 0.732706 -16.2582 -0.147909 -0.743927 0.651686 -61.1894 0 0 0 1 
				18
				0.980467 -0.021791 0.195474 -4.23216 -0.13037 0.672151 0.728846 -16.1656 -0.14727 -0.740093 0.656181 -61.4404 0 0 0 1 
				19
				0.980667 -0.0200093 0.194659 -4.20302 -0.12982 0.677805 0.723691 -16.0421 -0.146421 -0.73497 0.662103 -61.7725 0 0 0 1 
				20
				0.980908 -0.0178601 0.19365 -4.16729 -0.129158 0.684614 0.717372 -15.8912 -0.145388 -0.728687 0.669236 -62.1744 0 0 0 1 
				21
				0.981183 -0.0154073 0.192462 -4.1257 -0.128401 0.692372 0.710024 -15.7161 -0.144195 -0.721376 0.677366 -62.6353 0 0 0 1 
				22
				0.981486 -0.0127155 0.191112 -4.07905 -0.12757 0.70087 0.701788 -15.5206 -0.142868 -0.713175 0.686272 -63.1438 0 0 0 1 
				23
				0.981808 -0.00984849 0.189621 -4.02816 -0.126685 0.709902 0.692813 -15.3082 -0.141435 -0.704232 0.69574 -63.6885 0 0 0 1 
				24
				0.982143 -0.00686671 0.18801 -3.97389 -0.125764 0.719273 0.683249 -15.0826 -0.139922 -0.694693 0.705566 -64.2588 0 0 0 1 
				25
				0.982485 -0.00382894 0.186303 -3.91712 -0.124825 0.728798 0.673255 -14.8477 -0.138355 -0.684718 0.715555 -64.8439 0 0 0 1 
				26
				0.982827 -0.00079266 0.184529 -3.85885 -0.123886 0.738293 0.663005 -14.6076 -0.136762 -0.67448 0.725516 -65.4332 0 0 0 1 
				27
				0.983163 0.00218648 0.18272 -3.80011 -0.122963 0.747586 0.652683 -14.3665 -0.135172 -0.664162 0.735267 -66.0159 0 0 0 1 
				28
				0.983487 0.00505792 0.18091 -3.74198 -0.122073 0.756519 0.642478 -14.129 -0.133612 -0.653953 0.744644 -66.582 0 0 0 1 
				29
				0.983794 0.00777328 0.179136 -3.68558 -0.12123 0.764945 0.632584 -13.8993 -0.132112 -0.644049 0.75349 -67.1218 0 0 0 1 
				30
				0.984078 0.0102856 0.177439 -3.63212 -0.120448 0.772721 0.623213 -13.6823 -0.130701 -0.634663 0.761657 -67.6251 0 0 0 1 
				31
				0.984335 0.0125497 0.175862 -3.58284 -0.119743 0.779713 0.614581 -13.483 -0.129409 -0.626011 0.769001 -68.0823 0 0 0 1 
		</Joint>
			6
				-1
				-0.322957 0.167825 -0.931415 3.77173 -0.496233 0.807993 0.317649 -14.3776 0.805886 0.564786 -0.177666 -69.0492 0 0 0 1 
				0
				-0.318551 0.145963 -0.9366 3.72053 -0.49855 0.814574 0.29651 -14.5823 0.806209 0.561396 -0.186713 -68.6017 0 0 0 1 
				1
				-0.313667 0.121872 -0.941679 3.66494 -0.500979 0.821223 0.273155 -14.8051 0.806618 0.557441 -0.196536 -68.1089 0 0 0 1 
				2
				-0.308398 0.0960313 -0.946398 3.60625 -0.50344 0.827663 0.248037 -15.041 0.807118 0.552949 -0.206903 -67.5803 0 0 0 1 
				3
				-0.302838 0.0689397 -0.950545 3.5457 -0.505863 0.833657 0.221627 -15.2853 0.807707 0.547963 -0.217589 -67.0258 0 0 0 1 
				4
				-0.297087 0.0410908 -0.953966 3.48445 -0.508188 0.839019 0.194401 -15.5332 0.808384 0.542548 -0.22838 -66.455 0 0 0 1 
				5
				-0.291245 0.0129898 -0.95656 3.42362 -0.510365 0.843617 0.166848 -15.7803 0.809137 0.536789 -0.23907 -65.8777 0 0 0 1 
				6
				-0.285424 -0.0148363 -0.958286 3.3643 -0.512355 0.84737 0.139485 -16.0222 0.809953 0.530796 -0.249462 -65.3042 0 0 0 1 
				7
				-0.279737 -0.0418581 -0.959164 3.30753 -0.514131 0.850258 0.112839 -16.2547 0.810813 0.524701 -0.259369 -64.7453 0 0 0 1 
				8
				-0.274294 -0.0675637 -0.959269 3.25423 -0.515676 0.852312 0.0874224 -16.4737 0.81169 0.518652 -0.268625 -64.2112 0 0 0 1 
				9
				-0.26921 -0.0914476 -0.95873 3.20533 -0.516986 0.853617 0.0637474 -16.6755 0.812559 0.512811 -0.277079 -63.7127 0 0 0 1 
				10
				-0.2646 -0.112996 -0.957715 3.16167 -0.518063 0.854294 0.0423381 -16.8562 0.813386 0.50736 -0.284585 -63.2607 0 0 0 1 
				11
				-0.260579 -0.131703 -0.956427 3.12414 -0.518919 0.854494 0.0237135 -17.0121 0.814138 0.502488 -0.291007 -62.8665 0 0 0 1 
				12
				-0.25726 -0.14709 -0.955082 3.0935 -0.519567 0.854389 0.00836823 -17.1396 0.81478 0.498382 -0.296223 -62.5408 0 0 0 1 
				13
				-0.254752 -0.158681 -0.953898 3.07056 -0.520021 0.854147 -0.00320846 -17.2354 0.815278 0.49523 -0.300114 -62.2945 0 0 0 1 
				14
				-0.253168 -0.165991 -0.953076 3.05616 -0.520293 0.853924 -0.0105159 -17.2956 0.815599 0.493216 -0.30255 -62.1388 0 0 0 1 
				15
				-0.252616 -0.168531 -0.952776 3.05117 -0.520384 0.853832 -0.013056 -17.3165 0.815711 0.492512 -0.303393 -62.0846 0 0 0 1 
				16
				-0.253168 -0.165991 -0.953076 3.05616 -0.520293 0.853923 -0.010516 -17.2956 0.815599 0.493216 -0.30255 -62.1388 0 0 0 1 
				17
				-0.254752 -0.158681 -0.953898 3.07056 -0.520021 0.854147 -0.00320857 -17.2354 0.815278 0.49523 -0.300114 -62.2945 0 0 0 1 
				18
				-0.25726 -0.14709 -0.955082 3.0935 -0.519567 0.854389 0.0083682 -17.1396 0.81478 0.498382 -0.296223 -62.5408 0 0 0 1 
				19
				-0.260579 -0.131703 -0.956427 3.12414 -0.51892 0.854495 0.0237134 -17.0121 0.814139 0.502488 -0.291007 -62.8665 0 0 0 1 
				20
				-0.2646 -0.112996 -0.957715 3.16168 -0.518063 0.854294 0.0423382 -16.8562 0.813386 0.50736 -0.284585 -63.2607 0 0 0 1 
				21
				-0.26921 -0.0914476 -0.95873 3.20532 -0.516986 0.853617 0.0637474 -16.6755 0.812559 0.512811 -0.277079 -63.7127 0 0 0 1 
				22
				-0.274295 -0.0675638 -0.959269 3.25423 -0.515676 0.852312 0.0874224 -16.4737 0.81169 0.518651 -0.268626 -64.2112 0 0 0 1 
				23
				-0.279737 -0.0418581 -0.959164 3.30753 -0.514131 0.850258 0.112839 -16.2547 0.810813 0.524701 -0.259369 -64.7453 0 0 0 1 
				24
				-0.285424 -0.0148366 -0.958286 3.3643 -0.512355 0.84737 0.139485 -16.0222 0.809954 0.530796 -0.249462 -65.3042 0 0 0 1 
				25
				-0.291245 0.0129896 -0.95656 3.42362 -0.510365 0.843617 0.166847 -15.7803 0.809138 0.536789 -0.23907 -65.8777 0 0 0 1 
				26
				-0.297087 0.0410911 -0.953966 3.48445 -0.508188 0.839019 0.194401 -15.5332 0.808384 0.542548 -0.228379 -66.455 0 0 0 1 
				27
				-0.302838 0.0689397 -0.950545 3.5457 -0.505863 0.833657 0.221627 -15.2853 0.807707 0.547963 -0.217589 -67.0258 0 0 0 1 
				28
				-0.308398 0.0960313 -0.946398 3.60625 -0.50344 0.827663 0.248037 -15.041 0.807118 0.552949 -0.206903 -67.5803 0 0 0 1 
				29
				-0.313668 0.121872 -0.941679 3.66494 -0.500979 0.821222 0.273155 -14.8051 0.806618 0.557441 -0.196536 -68.1089 0 0 0 1 
				30
				-0.318551 0.145963 -0.936601 3.72053 -0.49855 0.814574 0.29651 -14.5823 0.806209 0.561396 -0.186713 -68.6017 0 0 0 1 
				31
				-0.322957 0.167825 -0.931415 3.77173 -0.496233 0.807993 0.317649 -14.3776 0.805886 0.564786 -0.177666 -69.0492 0 0 0 1 
		</Joint>
			7
				-1
				-0.333876 0.144889 -0.931415 -1.20094 -0.551384 0.771411 0.317649 -22.0183 0.764528 0.619623 -0.177666 -56.6407 0 0 0 1 
				0
				-0.327956 0.123388 -0.9366 -1.1843 -0.554154 0.777814 0.29651 -22.2586 0.765086 0.616264 -0.186713 -56.1882 0 0 0 1 
				1
				-0.321404 0.0996959 -0.941679 -1.1647 -0.557041 0.784278 0.273155 -22.5188 0.76577 0.612348 -0.196536 -55.6891 0 0 0 1 
				2
				-0.314345 0.0742859 -0.946398 -1.14225 -0.559946 0.790531 0.248037 -22.7927 0.766582 0.6079 -0.206903 -55.1529 0 0 0 1 
				3
				-0.30691 0.047648 -0.950545 -1.1172 -0.562781 0.796341 0.221627 -23.0742 0.767518 0.602968 -0.217589 -54.5893 0 0 0 1 
				4
				-0.299229 0.020268 -0.953966 -1.08988 -0.565474 0.801528 0.194401 -23.3579 0.768571 0.597613 -0.22838 -54.008 0 0 0 1 
				5
				-0.291442 -0.00735695 -0.95656 -1.06077 -0.567967 0.805962 0.166848 -23.6386 0.769724 0.591921 -0.23907 -53.4191 0 0 0 1 
				6
				-0.283694 -0.0347094 -0.958286 -1.03046 -0.570214 0.809567 0.139485 -23.9111 0.770956 0.585999 -0.249462 -52.8331 0 0 0 1 
				7
				-0.276136 -0.0612686 -0.959164 -0.99967 -0.572186 0.812324 0.112839 -24.1709 0.772239 0.579979 -0.259369 -52.2609 0 0 0 1 
				8
				-0.268914 -0.086532 -0.959269 -0.969163 -0.573871 0.814266 0.0874224 -24.4137 0.773536 0.574006 -0.268625 -51.7134 0 0 0 1 
				9
				-0.262176 -0.110003 -0.95873 -0.939788 -0.575269 0.815477 0.0637474 -24.6357 0.77481 0.56824 -0.277079 -51.2015 0 0 0 1 
				10
				-0.256074 -0.131177 -0.957715 -0.912454 -0.576391 0.816076 0.0423381 -24.833 0.776015 0.56286 -0.284585 -50.7368 0 0 0 1 
				11
				-0.250758 -0.149558 -0.956427 -0.888086 -0.577259 0.816217 0.0237135 -25.002 0.777106 0.558052 -0.291007 -50.3309 0 0 0 1 
				12
				-0.246374 -0.164676 -0.955082 -0.867613 -0.577897 0.816066 0.00836824 -25.1396 0.778032 0.554001 -0.296223 -49.9953 0 0 0 1 
				13
				-0.243063 -0.176064 -0.953898 -0.851939 -0.578334 0.815794 -0.0032085 -25.2423 0.778749 0.550891 -0.300114 -49.7414 0 0 0 1 
				14
				-0.240973 -0.183246 -0.953076 -0.84194 -0.578589 0.815552 -0.0105159 -25.3067 0.779209 0.548905 -0.30255 -49.5808 0 0 0 1 
				15
				-0.240245 -0.185741 -0.952776 -0.838446 -0.578674 0.815454 -0.013056 -25.329 0.77937 0.54821 -0.303393 -49.5249 0 0 0 1 
				16
				-0.240973 -0.183246 -0.953076 -0.84194 -0.578589 0.815551 -0.010516 -25.3067 0.779209 0.548905 -0.30255 -49.5808 0 0 0 1 
				17
				-0.243063 -0.176065 -0.953898 -0.851938 -0.578334 0.815794 -0.0032086 -25.2423 0.778749 0.550892 -0.300114 -49.7414 0 0 0 1 
				18
				-0.246374 -0.164676 -0.955082 -0.867612 -0.577897 0.816067 0.00836817 -25.1396 0.778033 0.554001 -0.296223 -49.9954 0 0 0 1 
				19
				-0.250758 -0.149558 -0.956427 -0.888084 -0.577259 0.816217 0.0237134 -25.002 0.777106 0.558052 -0.291007 -50.3309 0 0 0 1 
				20
				-0.256074 -0.131177 -0.957715 -0.912451 -0.576391 0.816076 0.0423381 -24.833 0.776015 0.56286 -0.284585 -50.7368 0 0 0 1 
				21
				-0.262176 -0.110003 -0.95873 -0.939787 -0.575269 0.815477 0.0637474 -24.6357 0.77481 0.56824 -0.277079 -51.2015 0 0 0 1 
				22
				-0.268914 -0.0865319 -0.959269 -0.969167 -0.573871 0.814266 0.0874225 -24.4137 0.773536 0.574006 -0.268626 -51.7134 0 0 0 1 
				23
				-0.276136 -0.0612686 -0.959164 -0.99967 -0.572186 0.812324 0.112839 -24.1709 0.772239 0.579979 -0.259369 -52.2609 0 0 0 1 
				24
				-0.283694 -0.0347096 -0.958286 -1.03046 -0.570214 0.809568 0.139485 -23.9111 0.770956 0.586 -0.249462 -52.8331 0 0 0 1 
				25
				-0.291442 -0.00735723 -0.95656 -1.06077 -0.567967 0.805963 0.166848 -23.6386 0.769724 0.591921 -0.23907 -53.4191 0 0 0 1 
				26
				-0.299229 0.0202684 -0.953966 -1.08989 -0.565474 0.801528 0.194401 -23.3579 0.768571 0.597613 -0.228379 -54.008 0 0 0 1 
				27
				-0.30691 0.0476479 -0.950545 -1.1172 -0.562781 0.796341 0.221627 -23.0742 0.767518 0.602968 -0.217589 -54.5893 0 0 0 1 
				28
				-0.314345 0.0742859 -0.946398 -1.14225 -0.559946 0.790531 0.248037 -22.7927 0.766582 0.607901 -0.206903 -55.1529 0 0 0 1 
				29
				-0.321404 0.0996959 -0.941679 -1.1647 -0.557041 0.784277 0.273155 -22.5188 0.76577 0.612347 -0.196536 -55.6891 0 0 0 1 
				30
				-0.327956 0.123388 -0.936601 -1.1843 -0.554154 0.777814 0.29651 -22.2586 0.765087 0.616264 -0.186713 -56.1882 0 0 0 1 
				31
				-0.333876 0.144889 -0.931415 -1.20094 -0.551384 0.771411 0.317649 -22.0183 0.764528 0.619623 -0.177666 -56.6407 0 0 0 1 
		</Joint>
			8
				-1
				0.095691 -0.0182578 -0.995244 -6.34174 -0.575317 0.814907 -0.0702653 -30.5081 0.812314 0.579304 0.0674752 -44.869 0 0 0 1 
				0
				0.102559 -0.0379764 -0.994002 -6.23394 -0.587283 0.804214 -0.0913198 -30.7911 0.802857 0.593126 0.0601761 -44.408 0 0 0 1 
				1
				0.110985 -0.0592498 -0.992054 -6.11346 -0.599992 0.791783 -0.114412 -31.0958 0.79227 0.607923 0.0523264 -43.8983 0 0 0 1 
				2
				0.120993 -0.0815121 -0.989301 -5.98233 -0.613039 0.777719 -0.139054 -31.4143 0.780733 0.623305 0.0441281 -43.3496 0 0 0 1 
				3
				0.132529 -0.104206 -0.985686 -5.84278 -0.626041 0.762188 -0.164751 -31.7395 0.768446 0.638914 0.0357747 -42.7716 0 0 0 1 
				4
				0.145466 -0.126812 -0.981203 -5.69721 -0.638649 0.745411 -0.191019 -32.0647 0.755623 0.654431 0.0274434 -42.1741 0 0 0 1 
				5
				0.159592 -0.148847 -0.975897 -5.5482 -0.650561 0.72768 -0.217377 -32.3837 0.742497 0.669572 0.0192975 -41.5674 0 0 0 1 
				6
				0.174604 -0.169867 -0.969875 -5.39859 -0.661516 0.709356 -0.24333 -32.6909 0.729321 0.684075 0.0114867 -40.9625 0 0 0 1 
				7
				0.190127 -0.189487 -0.9633 -5.25142 -0.671323 0.690862 -0.268396 -32.9811 0.716364 0.697714 0.00414435 -40.3705 0 0 0 1 
				8
				0.205727 -0.207397 -0.95638 -5.10971 -0.679861 0.672651 -0.292113 -33.2498 0.703893 0.710301 -0.0026189 -39.803 0 0 0 1 
				9
				0.220926 -0.223357 -0.94937 -4.97659 -0.687077 0.655213 -0.314039 -33.4933 0.692183 0.72167 -0.00870999 -39.2715 0 0 0 1 
				10
