<?xml version='1.0' encoding='UTF-8' ?>
<itpanim>
	<skeleton count>
		25
			0 -1
			1.37091e-06 -1 -6.12323e-17 1.44664e-05 1 1.37091e-06 -6.12323e-17 -3.33788e-06 6.12323e-17 -6.12323e-17 1 44.5 0 0 0 1 
			1 0
			1.3868e-06 4.78456e-08 -1 -44.5 2.75771e-06 -1 -4.78418e-08 1.44666e-05 -1 -2.75771e-06 -1.3868e-06 -5.83747e-05 0 0 0 1 
			2 1
			1.40269e-06 -0.000796318 -1 -49.6773 0 -1 0.000796318 0.0514213 -1 -1.11699e-09 -1.40269e-06 3.19526e-06 0 0 0 1 
			3 2
			1.40269e-06 -0.000796318 -1 -64.5592 0 -1 0.000796318 0.0632714 -1 -1.11699e-09 -1.40269e-06 3.16239e-06 0 0 0 1 
			4 3
			1.40269e-06 -0.000796318 -1 -79.4411 0 -1 0.000796318 0.06596 -1 -1.11699e-09 -1.40269e-06 3.15493e-06 0 0 0 1 
			5 4
			1 1.37091e-06 4.37113e-08 -1.60435 -1.37091e-06 1 3.58059e-15 -1.09939e-05 -4.37113e-08 -6.35048e-14 1 79.4411 0 0 0 1 
			6 5
			0.995014 0.0902305 0.042489 -5.65533 -0.0897157 0.995871 -0.0138741 -0.287945 -0.0435655 0.00999304 0.999001 79.7571 0 0 0 1 
			7 6
			0.994845 -0.0912189 0.0442967 -20.654 0.0915704 0.995781 -0.00596753 -4.08763 -0.0435655 0.00999304 0.999001 79.7571 0 0 0 1 
			8 7
			0.994845 -0.0912189 0.0442967 -36.0513 -0.0434925 0.0107859 0.998995 79.7539 -0.091605 -0.995772 0.00676301 4.15114 0 0 0 1 
			9 4
			-1 -1.37091e-06 4.37114e-08 -1.60434 -1.37091e-06 1 3.84662e-15 -1.09939e-05 -4.37115e-08 -5.60777e-14 -1 -79.4411 0 0 0 1 
			10 9
			-0.995014 0.0902277 0.042489 -5.65533 0.089713 0.995871 -0.0138741 -0.287946 -0.0435654 -0.00999315 -0.999001 -79.7571 0 0 0 1 
			11 10
			-0.994845 -0.0912216 0.0442967 -20.654 -0.0915731 0.995781 -0.00596753 -4.08763 -0.0435654 -0.00999315 -0.999001 -79.7571 0 0 0 1 
			12 11
			-0.994845 -0.0912216 0.0442967 -36.0513 0.0434925 0.0107861 0.998995 79.7539 -0.0916078 0.995772 -0.00676301 -4.15114 0 0 0 1 
			13 4
			1.34309e-06 -5.95475e-08 -1 -82.8177 -1.40269e-06 -1 5.95456e-08 1.08462e-05 -1 1.40269e-06 -1.34309e-06 -0.000107894 0 0 0 1 
			14 13
			1 -0 0 0 0 1 0 0 -0 -0 1 -0 0 0 0 1 
			15 2
			1.37369e-06 -0.0998334 0.995004 44.2777 0 -0.995004 -0.0998334 -4.44257 1 1.3714e-07 -1.36683e-06 -4.58386 0 0 0 1 
			16 15
			1.37369e-06 0.0998334 0.995004 24.6789 0 -0.995004 0.0998334 0.469723 1 -1.3714e-07 -1.36683e-06 -4.58386 0 0 0 1 
			17 16
			1.3716e-06 -6.00745e-14 1 4.70494 0 -1 -6.00745e-14 1.29981e-05 1 8.23984e-20 -1.3716e-06 -4.58386 0 0 0 1 
			18 17
			1.3723e-06 -1 -6.00133e-14 -6.78409 0 6.00133e-14 -1 -0.105526 1 1.3723e-06 8.23562e-20 -4.58386 0 0 0 1 
			19 18
			1 -0 0 0 0 1 0 0 -0 -0 1 -0 0 0 0 1 
			20 2
			1.37369e-06 -0.0998334 0.995004 44.2777 0 -0.995004 -0.0998334 -4.44257 1 1.3714e-07 -1.36683e-06 4.58386 0 0 0 1 
			21 20
			1.37369e-06 0.0998334 0.995004 24.6789 0 -0.995004 0.0998334 0.469723 1 -1.3714e-07 -1.36683e-06 4.58386 0 0 0 1 
			22 21
			1.3716e-06 -6.00745e-14 1 4.70494 0 -1 -6.00745e-14 1.29981e-05 1 8.23984e-20 -1.3716e-06 4.58386 0 0 0 1 
			23 22
			1.3723e-06 -1 5.98908e-14 -6.78409 0 -5.98908e-14 -1 -0.105526 1 1.3723e-06 -8.21882e-20 4.58386 0 0 0 1 
			24 23
			1 -0 0 0 0 1 0 0 -0 -0 1 -0 0 0 0 1 
	</skeleton>
		<animations>
			33
			0
				-1
				1.46474e-06 1 0 3.33786e-06 -1 1.46474e-06 0 9.87822e-07 -0 -0 1 -38.3105 0 0 0 1 
				0
				1.46474e-06 1 0 3.33786e-06 -1 1.46474e-06 0 9.55851e-07 -0 -0 1 -39.042 0 0 0 1 
				1
				1.46474e-06 1 0 3.33786e-06 -1 1.46474e-06 0 9.19236e-07 -0 -0 1 -39.8796 0 0 0 1 
				2
				1.46474e-06 1 0 3.33786e-06 -1 1.46474e-06 0 8.80782e-07 -0 -0 1 -40.7594 0 0 0 1 
				3
				1.46474e-06 1 0 3.33786e-06 -1 1.46474e-06 0 8.43291e-07 -0 -0 1 -41.617 0 0 0 1 
				4
				1.33158e-06 1 0 3.33786e-06 -1 1.33158e-06 0 8.0948e-07 -0 -0 1 -42.3905 0 0 0 1 
				5
				1.46474e-06 1 0 3.33786e-06 -1 1.46474e-06 0 7.82064e-07 -0 -0 1 -43.0177 0 0 0 1 
				6
				1.46474e-06 1 0 3.33786e-06 -1 1.46474e-06 0 7.63845e-07 -0 -0 1 -43.4345 0 0 0 1 
				7
				1.46474e-06 1 0 3.33786e-06 -1 1.46474e-06 0 7.57629e-07 -0 -0 1 -43.5767 0 0 0 1 
				8
				1.46474e-06 1 0 3.33786e-06 -1 1.46474e-06 0 7.68388e-07 -0 -0 1 -43.3306 0 0 0 1 
				9
				1.46474e-06 1 0 3.33786e-06 -1 1.46474e-06 0 7.95827e-07 -0 -0 1 -42.7029 0 0 0 1 
				10
				1.33158e-06 1 0 3.33786e-06 -1 1.33158e-06 0 8.34317e-07 -0 -0 1 -41.8223 0 0 0 1 
				11
				1.46474e-06 1 0 3.33786e-06 -1 1.46474e-06 0 8.78232e-07 -0 -0 1 -40.8177 0 0 0 1 
				12
				1.33158e-06 1 0 3.33786e-06 -1 1.33158e-06 0 9.22118e-07 -0 -0 1 -39.8137 0 0 0 1 
				13
				1.46474e-06 1 0 3.33786e-06 -1 1.46474e-06 0 9.60526e-07 -0 -0 1 -38.935 0 0 0 1 
				14
				1.46474e-06 1 0 3.33786e-06 -1 1.46474e-06 0 9.87826e-07 -0 -0 1 -38.3105 0 0 0 1 
				15
				1.46474e-06 1 0 3.33786e-06 -1 1.46474e-06 0 9.9839e-07 -0 -0 1 -38.0688 0 0 0 1 
				16
				1.46474e-06 1 0 3.33786e-06 -1 1.46474e-06 0 9.88798e-07 -0 -0 1 -38.2882 0 0 0 1 
				17
				1.46474e-06 1 0 3.33786e-06 -1 1.46474e-06 0 9.62608e-07 -0 -0 1 -38.8874 0 0 0 1 
				18
				1.46474e-06 1 0 3.33786e-06 -1 1.46474e-06 0 9.25366e-07 -0 -0 1 -39.7394 0 0 0 1 
				19
				1.46474e-06 1 0 3.33786e-06 -1 1.46474e-06 0 8.82616e-07 -0 -0 1 -40.7174 0 0 0 1 
				20
				1.46474e-06 1 0 3.33786e-06 -1 1.46474e-06 0 8.39729e-07 -0 -0 1 -41.6985 0 0 0 1 
				21
				1.46474e-06 1 0 3.33786e-06 -1 1.46474e-06 0 8.02075e-07 -0 -0 1 -42.5599 0 0 0 1 
				22
				1.46474e-06 1 0 3.33786e-06 -1 1.46474e-06 0 7.75198e-07 -0 -0 1 -43.1748 0 0 0 1 
				23
				1.46474e-06 1 0 3.33786e-06 -1 1.46474e-06 0 7.64645e-07 -0 -0 1 -43.4163 0 0 0 1 
				24
				1.46474e-06 1 0 3.33786e-06 -1 1.46474e-06 0 7.70656e-07 -0 -0 1 -43.2787 0 0 0 1 
				25
				1.46474e-06 1 0 3.33786e-06 -1 1.46474e-06 0 7.88312e-07 -0 -0 1 -42.8748 0 0 0 1 
				26
				1.46474e-06 1 0 3.33786e-06 -1 1.46474e-06 0 8.14892e-07 -0 -0 1 -42.2667 0 0 0 1 
				27
				1.46474e-06 1 0 3.33786e-06 -1 1.46474e-06 0 8.47676e-07 -0 -0 1 -41.5167 0 0 0 1 
				28
				1.46474e-06 1 0 3.33786e-06 -1 1.46474e-06 0 8.8403e-07 -0 -0 1 -40.685 0 0 0 1 
				29
				1.46474e-06 1 0 3.33786e-06 -1 1.46474e-06 0 9.21319e-07 -0 -0 1 -39.832 0 0 0 1 
				30
				1.46474e-06 1 0 3.33786e-06 -1 1.46474e-06 0 9.56823e-07 -0 -0 1 -39.0197 0 0 0 1 
				31
				1.46474e-06 1 0 3.33786e-06 -1 1.46474e-06 0 9.87822e-07 -0 -0 1 -38.3105 0 0 0 1 
		</Joint>
			1
				-1
				1.33158e-06 2.79632e-06 -1 3.33786e-06 0 -1 -2.79632e-06 9.87822e-07 -1 3.72352e-12 -1.33158e-06 -38.3105 0 0 0 1 
				0
				1.33158e-06 2.79632e-06 -1 3.33786e-06 0 -1 -2.79632e-06 9.55851e-07 -1 3.72352e-12 -1.33158e-06 -39.042 0 0 0 1 
				1
				1.33158e-06 2.79632e-06 -1 3.33786e-06 0 -1 -2.79632e-06 9.19236e-07 -1 3.72352e-12 -1.33158e-06 -39.8796 0 0 0 1 
				2
				1.33158e-06 2.79632e-06 -1 3.33786e-06 0 -1 -2.79632e-06 8.80782e-07 -1 3.72352e-12 -1.33158e-06 -40.7594 0 0 0 1 
				3
				1.33158e-06 2.79632e-06 -1 3.33786e-06 0 -1 -2.79632e-06 8.43291e-07 -1 3.72352e-12 -1.33158e-06 -41.617 0 0 0 1 
				4
				1.33158e-06 2.66316e-06 -1 3.33786e-06 0 -1 -2.66316e-06 8.0948e-07 -1 3.54621e-12 -1.33158e-06 -42.3905 0 0 0 1 
				5
				1.33158e-06 2.79632e-06 -1 3.33786e-06 0 -1 -2.79632e-06 7.82064e-07 -1 3.72352e-12 -1.33158e-06 -43.0177 0 0 0 1 
				6
				1.33158e-06 2.79632e-06 -1 3.33786e-06 0 -1 -2.79632e-06 7.63845e-07 -1 3.72352e-12 -1.33158e-06 -43.4345 0 0 0 1 
				7
				1.33158e-06 2.79632e-06 -1 3.33786e-06 0 -1 -2.79632e-06 7.57629e-07 -1 3.72352e-12 -1.33158e-06 -43.5767 0 0 0 1 
				8
				1.33158e-06 2.79632e-06 -1 3.33786e-06 0 -1 -2.79632e-06 7.68388e-07 -1 3.72352e-12 -1.33158e-06 -43.3306 0 0 0 1 
				9
				1.33158e-06 2.79632e-06 -1 3.33786e-06 0 -1 -2.79632e-06 7.95827e-07 -1 3.72352e-12 -1.33158e-06 -42.7029 0 0 0 1 
				10
				1.33158e-06 2.66316e-06 -1 3.33786e-06 0 -1 -2.66316e-06 8.34317e-07 -1 3.54621e-12 -1.33158e-06 -41.8223 0 0 0 1 
				11
				1.33158e-06 2.79632e-06 -1 3.33786e-06 0 -1 -2.79632e-06 8.78232e-07 -1 3.72352e-12 -1.33158e-06 -40.8177 0 0 0 1 
				12
				1.33158e-06 2.66316e-06 -1 3.33786e-06 0 -1 -2.66316e-06 9.22118e-07 -1 3.54621e-12 -1.33158e-06 -39.8137 0 0 0 1 
				13
				1.33158e-06 2.79632e-06 -1 3.33786e-06 0 -1 -2.79632e-06 9.60526e-07 -1 3.72352e-12 -1.33158e-06 -38.935 0 0 0 1 
				14
				1.33158e-06 2.79632e-06 -1 3.33786e-06 0 -1 -2.79632e-06 9.87826e-07 -1 3.72352e-12 -1.33158e-06 -38.3105 0 0 0 1 
				15
				1.33158e-06 2.79632e-06 -1 3.33786e-06 0 -1 -2.79632e-06 9.9839e-07 -1 3.72352e-12 -1.33158e-06 -38.0688 0 0 0 1 
				16
				1.33158e-06 2.79632e-06 -1 3.33786e-06 0 -1 -2.79632e-06 9.88798e-07 -1 3.72352e-12 -1.33158e-06 -38.2882 0 0 0 1 
				17
				1.33158e-06 2.79632e-06 -1 3.33786e-06 0 -1 -2.79632e-06 9.62608e-07 -1 3.72352e-12 -1.33158e-06 -38.8874 0 0 0 1 
				18
				1.33158e-06 2.79632e-06 -1 3.33786e-06 0 -1 -2.79632e-06 9.25366e-07 -1 3.72352e-12 -1.33158e-06 -39.7394 0 0 0 1 
				19
				1.33158e-06 2.79632e-06 -1 3.33786e-06 0 -1 -2.79632e-06 8.82616e-07 -1 3.72352e-12 -1.33158e-06 -40.7174 0 0 0 1 
				20
				1.33158e-06 2.79632e-06 -1 3.33786e-06 0 -1 -2.79632e-06 8.39729e-07 -1 3.72352e-12 -1.33158e-06 -41.6985 0 0 0 1 
				21
				1.33158e-06 2.79632e-06 -1 3.33786e-06 0 -1 -2.79632e-06 8.02075e-07 -1 3.72352e-12 -1.33158e-06 -42.5599 0 0 0 1 
				22
				1.33158e-06 2.79632e-06 -1 3.33786e-06 0 -1 -2.79632e-06 7.75198e-07 -1 3.72352e-12 -1.33158e-06 -43.1748 0 0 0 1 
				23
				1.33158e-06 2.79632e-06 -1 3.33786e-06 0 -1 -2.79632e-06 7.64645e-07 -1 3.72352e-12 -1.33158e-06 -43.4163 0 0 0 1 
				24
				1.33158e-06 2.79632e-06 -1 3.33786e-06 0 -1 -2.79632e-06 7.70656e-07 -1 3.72352e-12 -1.33158e-06 -43.2787 0 0 0 1 
				25
				1.33158e-06 2.79632e-06 -1 3.33786e-06 0 -1 -2.79632e-06 7.88312e-07 -1 3.72352e-12 -1.33158e-06 -42.8748 0 0 0 1 
				26
				1.33158e-06 2.79632e-06 -1 3.33786e-06 0 -1 -2.79632e-06 8.14892e-07 -1 3.72352e-12 -1.33158e-06 -42.2667 0 0 0 1 
				27
				1.33158e-06 2.79632e-06 -1 3.33786e-06 0 -1 -2.79632e-06 8.47676e-07 -1 3.72352e-12 -1.33158e-06 -41.5167 0 0 0 1 
				28
				1.33158e-06 2.79632e-06 -1 3.33786e-06 0 -1 -2.79632e-06 8.8403e-07 -1 3.72352e-12 -1.33158e-06 -40.685 0 0 0 1 
				29
				1.33158e-06 2.79632e-06 -1 3.33786e-06 0 -1 -2.79632e-06 9.21319e-07 -1 3.72352e-12 -1.33158e-06 -39.832 0 0 0 1 
				30
				1.33158e-06 2.79632e-06 -1 3.33786e-06 0 -1 -2.79632e-06 9.56823e-07 -1 3.72352e-12 -1.33158e-06 -39.0197 0 0 0 1 
				31
				1.33158e-06 2.79632e-06 -1 3.33786e-06 0 -1 -2.79632e-06 9.87822e-07 -1 3.72352e-12 -1.33158e-06 -38.3105 0 0 0 1 
		</Joint>
			2
				-1
				0.0588777 -0.043365 -0.997323 0.000524081 -0.545795 -0.837908 0.00421206 0.00992464 -0.835848 0.544085 -0.0730025 -43.4943 0 0 0 1 
				0
				0.059909 -0.0419283 -0.997323 0.000507066 -0.525371 -0.850863 0.00421208 0.0100776 -0.848762 0.523712 -0.0730023 -44.2255 0 0 0 1 
				1
				0.0610444 -0.0402574 -0.997323 0.000487263 -0.501666 -0.865051 0.00421214 0.0102447 -0.862905 0.500065 -0.0730022 -45.0629 0 0 0 1 
				2
				0.0621856 -0.038471 -0.997323 0.000466106 -0.476379 -0.87923 0.00421215 0.0104134 -0.877038 0.474842 -0.0730022 -45.9423 0 0 0 1 
				3
				0.0632485 -0.0366975 -0.997323 0.000445103 -0.45133 -0.892347 0.00421223 0.0105687 -0.890113 0.449855 -0.0730023 -46.7997 0 0 0 1 
				4
				0.0641654 -0.0350699 -0.997323 0.000425756 -0.428386 -0.903586 0.00421241 0.0107017 -0.901315 0.426969 -0.0730024 -47.5729 0 0 0 1 
				5
				0.0648811 -0.0337269 -0.997323 0.000409918 -0.40949 -0.912305 0.00421229 0.0108047 -0.910004 0.408121 -0.0730021 -48.1999 0 0 0 1 
				6
				0.0653465 -0.0328157 -0.997323 0.000399142 -0.396685 -0.917945 0.00421229 0.0108716 -0.915626 0.395348 -0.073002 -48.6166 0 0 0 1 
				7
				0.065513 -0.0324823 -0.997323 0.000395213 -0.392001 -0.919955 0.0042123 0.0108953 -0.917629 0.390676 -0.0730021 -48.7587 0 0 0 1 
				8
				0.0652685 -0.0329704 -0.997323 0.000400887 -0.398859 -0.917002 0.00421229 0.0108603 -0.914686 0.397517 -0.0730019 -48.5127 0 0 0 1 
				9
				0.0646029 -0.0342565 -0.997323 0.000416131 -0.41694 -0.908924 0.00421228 0.0107648 -0.906635 0.415552 -0.073002 -47.8852 0 0 0 1 
				10
				0.0636192 -0.036051 -0.997323 0.000437366 -0.44221 -0.896902 0.00421239 0.0106227 -0.894652 0.440759 -0.0730023 -47.0049 0 0 0 1 
				11
				0.062433 -0.0380685 -0.997323 0.000461316 -0.470689 -0.882289 0.0042122 0.0104495 -0.880088 0.469166 -0.0730023 -46.0006 0 0 0 1 
				12
				0.0611827 -0.0400473 -0.997323 0.000484766 -0.498686 -0.866773 0.00421225 0.0102653 -0.864621 0.497093 -0.0730025 -44.9969 0 0 0 1 
				13
				0.0600381 -0.0417434 -0.997323 0.00050484 -0.522744 -0.852479 0.00421209 0.010096 -0.850373 0.521092 -0.0730023 -44.1185 0 0 0 1 
				14
				0.0591997 -0.0429241 -0.997323 0.000518804 -0.539523 -0.84196 0.00421206 0.00997246 -0.839887 0.537829 -0.0730023 -43.4942 0 0 0 1 
				15
				0.0588777 -0.043365 -0.997323 0.000524081 -0.545794 -0.837909 0.00421207 0.00992465 -0.835848 0.544085 -0.0730025 -43.2526 0 0 0 1 
				16
				0.0591997 -0.0429241 -0.997323 0.000518856 -0.539523 -0.84196 0.00421205 0.00997246 -0.839887 0.537829 -0.0730023 -43.4719 0 0 0 1 
				17
				0.0600381 -0.0417434 -0.997323 0.000504836 -0.522744 -0.852479 0.00421209 0.010096 -0.850373 0.521092 -0.0730023 -44.0709 0 0 0 1 
				18
				0.0611827 -0.0400472 -0.997323 0.000484767 -0.498686 -0.866773 0.00421213 0.0102653 -0.864621 0.497093 -0.0730025 -44.9226 0 0 0 1 
				19
				0.062433 -0.0380685 -0.997323 0.000461316 -0.470689 -0.882289 0.0042122 0.0104495 -0.880088 0.469166 -0.0730023 -45.9003 0 0 0 1 
				20
				0.0636193 -0.0360509 -0.997323 0.000437418 -0.44221 -0.896902 0.00421226 0.0106227 -0.894652 0.440759 -0.0730023 -46.8811 0 0 0 1 
				21
				0.0646029 -0.0342565 -0.997323 0.000416131 -0.41694 -0.908924 0.00421229 0.0107648 -0.906635 0.415552 -0.073002 -47.7422 0 0 0 1 
				22
				0.0652685 -0.0329704 -0.997323 0.000400836 -0.39886 -0.917002 0.00421228 0.0108603 -0.914686 0.397517 -0.0730019 -48.3569 0 0 0 1 
				23
				0.065513 -0.0324823 -0.997323 0.000395213 -0.392001 -0.919955 0.0042123 0.0108953 -0.917629 0.390676 -0.0730021 -48.5982 0 0 0 1 
				24
				0.0653465 -0.0328157 -0.997323 0.00039909 -0.396685 -0.917945 0.00421228 0.0108716 -0.915626 0.395348 -0.073002 -48.4608 0 0 0 1 
				25
				0.0648811 -0.0337269 -0.997323 0.000409917 -0.40949 -0.912305 0.00421228 0.0108047 -0.910004 0.408121 -0.0730022 -48.057 0 0 0 1 
				26
				0.0641654 -0.0350698 -0.997323 0.000425808 -0.428386 -0.903586 0.00421227 0.0107017 -0.901315 0.426969 -0.0730024 -47.4491 0 0 0 1 
				27
				0.0632485 -0.0366975 -0.997323 0.000445103 -0.45133 -0.892347 0.00421223 0.0105687 -0.890113 0.449855 -0.0730023 -46.6994 0 0 0 1 
				28
				0.0621856 -0.038471 -0.997323 0.000466105 -0.476379 -0.87923 0.00421216 0.0104134 -0.877038 0.474842 -0.0730022 -45.868 0 0 0 1 
				29
				0.0610444 -0.0402574 -0.997323 0.000487297 -0.501666 -0.865051 0.00421214 0.0102447 -0.862905 0.500065 -0.0730022 -45.0152 0 0 0 1 
				30
				0.059909 -0.0419283 -0.997323 0.00050708 -0.525371 -0.850863 0.00421209 0.0100776 -0.848762 0.523712 -0.0730023 -44.2033 0 0 0 1 
				31
				0.0588777 -0.043365 -0.997323 0.000524081 -0.545794 -0.837909 0.00421207 0.00992464 -0.835848 0.544085 -0.0730025 -43.4943 0 0 0 1 
		</Joint>
			3
				-1
				0.0233719 -0.0637444 -0.997692 0.877491 -0.728775 -0.684234 0.0266448 -8.10442 -0.684354 0.726471 -0.0624472 -55.942 0 0 0 1 
				0
				0.0262209 -0.0619778 -0.997733 0.8928 -0.694837 -0.718683 0.026383 -7.79991 -0.718689 0.69257 -0.061909 -56.8649 0 0 0 1 
				1
				0.0293499 -0.0598006 -0.997779 0.909651 -0.654085 -0.755972 0.0260682 -7.44652 -0.755852 0.651867 -0.0613023 -57.9123 0 0 0 1 
				2
				0.03248 -0.0573416 -0.997826 0.926585 -0.609176 -0.792618 0.0257199 -7.06962 -0.79237 0.607017 -0.0606754 -59.0015 0 0 0 1 
				3
				0.0353724 -0.0547807 -0.997872 0.942351 -0.5634 -0.825795 0.0253628 -6.69629 -0.825427 0.561303 -0.0600738 -60.0529 0 0 0 1 
				4
				0.0378424 -0.052337 -0.997912 0.955948 -0.520485 -0.853504 0.0250257 -6.35437 -0.853032 0.518451 -0.0595392 -60.9924 0 0 0 1 
				5
				0.0397491 -0.0502604 -0.997945 0.966559 -0.48452 -0.87443 0.0247408 -6.07282 -0.873877 0.482541 -0.05911 -61.7482 0 0 0 1 
				6
				0.0409765 -0.0488231 -0.997966 0.973457 -0.459862 -0.887651 0.0245443 -5.88203 -0.887044 0.457921 -0.0588248 -62.2482 0 0 0 1 
				7
				0.0414126 -0.0482918 -0.997974 0.975924 -0.45079 -0.892295 0.0244718 -5.81225 -0.891669 0.448863 -0.0587217 -62.4201 0 0 0 1 
				8
				0.0407717 -0.0490687 -0.997963 0.9723 -0.464064 -0.88546 0.0245778 -5.91443 -0.884863 0.462117 -0.0588728 -62.1304 0 0 0 1 
				9
				0.0390109 -0.0510855 -0.997932 0.962434 -0.498762 -0.866382 0.0248538 -6.18383 -0.86586 0.496761 -0.0592779 -61.3835 0 0 0 1 
				10
				0.0363745 -0.0538202 -0.997888 0.947849 -0.546448 -0.837113 0.0252301 -6.56038 -0.836703 0.544376 -0.0598595 -60.3255 0 0 0 1 
				11
				0.0331551 -0.0567704 -0.997836 0.930254 -0.598884 -0.800425 0.0256398 -6.9848 -0.800149 0.596738 -0.0605371 -59.105 0 0 0 1 
				12
				0.0297299 -0.0595181 -0.997785 0.911704 -0.648866 -0.760457 0.026028 -7.4021 -0.760322 0.646655 -0.0612276 -57.8718 0 0 0 1 
				13
				0.026577 -0.0617431 -0.997738 0.894717 -0.69039 -0.722957 0.0263487 -7.76075 -0.722948 0.688129 -0.0618409 -56.7818 0 0 0 1 
				14
				0.0242619 -0.0632131 -0.997705 0.882271 -0.718476 -0.695044 0.0265653 -8.01091 -0.695128 0.716183 -0.0622802 -56.0018 0 0 0 1 
				15
				0.0233719 -0.0637444 -0.997692 0.877491 -0.728775 -0.684235 0.0266448 -8.10442 -0.684354 0.726471 -0.0624472 -55.7002 0 0 0 1 
				16
				0.0242619 -0.0632132 -0.997705 0.882271 -0.718476 -0.695044 0.0265653 -8.01091 -0.695128 0.716183 -0.0622802 -55.9795 0 0 0 1 
				17
				0.026577 -0.0617431 -0.997738 0.894717 -0.69039 -0.722957 0.0263487 -7.76075 -0.722948 0.688128 -0.0618409 -56.7342 0 0 0 1 
				18
				0.02973 -0.059518 -0.997785 0.911705 -0.648866 -0.760457 0.0260278 -7.40211 -0.760322 0.646655 -0.0612276 -57.7975 0 0 0 1 
				19
				0.0331551 -0.0567704 -0.997836 0.930254 -0.598884 -0.800425 0.0256398 -6.9848 -0.800149 0.596738 -0.0605371 -59.0047 0 0 0 1 
				20
				0.0363746 -0.05382 -0.997888 0.94785 -0.546448 -0.837113 0.0252299 -6.56038 -0.836703 0.544376 -0.0598595 -60.2017 0 0 0 1 
				21
				0.0390109 -0.0510855 -0.997932 0.962434 -0.498762 -0.866382 0.0248538 -6.18383 -0.86586 0.496761 -0.0592779 -61.2405 0 0 0 1 
				22
				0.0407717 -0.0490687 -0.997963 0.9723 -0.464064 -0.88546 0.0245778 -5.91443 -0.884863 0.462117 -0.0588728 -61.9746 0 0 0 1 
				23
				0.0414126 -0.0482918 -0.997974 0.975924 -0.45079 -0.892295 0.0244718 -5.81225 -0.891669 0.448863 -0.0587217 -62.2596 0 0 0 1 
				24
				0.0409765 -0.0488232 -0.997967 0.973458 -0.459862 -0.887651 0.0245443 -5.88203 -0.887044 0.457922 -0.0588248 -62.0924 0 0 0 1 
				25
				0.0397491 -0.0502604 -0.997945 0.966558 -0.48452 -0.87443 0.0247408 -6.07282 -0.873877 0.482541 -0.05911 -61.6053 0 0 0 1 
				26
				0.0378424 -0.0523369 -0.997912 0.955949 -0.520484 -0.853504 0.0250256 -6.35437 -0.853032 0.518451 -0.0595392 -60.8686 0 0 0 1 
				27
				0.0353724 -0.0547807 -0.997872 0.942351 -0.5634 -0.825795 0.0253628 -6.69628 -0.825427 0.561303 -0.0600738 -59.9526 0 0 0 1 
				28
				0.03248 -0.0573416 -0.997826 0.926585 -0.609176 -0.792618 0.0257199 -7.06961 -0.792369 0.607017 -0.0606754 -58.9272 0 0 0 1 
				29
				0.0293499 -0.0598006 -0.997779 0.909651 -0.654085 -0.755972 0.0260682 -7.44653 -0.755852 0.651867 -0.0613023 -57.8646 0 0 0 1 
				30
				0.0262209 -0.0619778 -0.997733 0.8928 -0.694837 -0.718683 0.026383 -7.79991 -0.718689 0.69257 -0.061909 -56.8427 0 0 0 1 
				31
				0.0233719 -0.0637444 -0.997692 0.877491 -0.728775 -0.684235 0.0266448 -8.10442 -0.684354 0.726471 -0.0624472 -55.9419 0 0 0 1 
		</Joint>
			4
				-1
				0.0233719 -0.0637444 -0.997693 1.22548 -0.728775 -0.684235 0.0266448 -18.9481 -0.684354 0.726471 -0.0624472 -66.1284 0 0 0 1 
				0
				0.0262209 -0.0619778 -0.997733 1.28318 -0.694837 -0.718683 0.026383 -18.1385 -0.718689 0.69257 -0.061909 -67.5622 0 0 0 1 
				1
				0.0293499 -0.0598006 -0.997779 1.34659 -0.654085 -0.755972 0.0260682 -17.1785 -0.755852 0.651867 -0.0613024 -69.1625 0 0 0 1 
				2
				0.03248 -0.0573416 -0.997826 1.4101 -0.609176 -0.792618 0.0257199 -16.1332 -0.79237 0.607017 -0.0606754 -70.7951 0 0 0 1 
				3
				0.0353724 -0.0547807 -0.997872 1.46891 -0.5634 -0.825795 0.0253628 -15.0785 -0.825427 0.561304 -0.0600738 -72.3383 0 0 0 1 
				4
				0.0378424 -0.052337 -0.997912 1.51925 -0.520485 -0.853504 0.0250257 -14.0979 -0.853032 0.518451 -0.0595392 -73.6885 0 0 0 1 
				5
				0.0397491 -0.0502604 -0.997945 1.55824 -0.48452 -0.87443 0.0247408 -13.281 -0.873877 0.482541 -0.05911 -74.7545 0 0 0 1 
				6
				0.0409765 -0.0488231 -0.997966 1.5834 -0.459862 -0.887651 0.0245443 -12.7233 -0.887044 0.457921 -0.0588248 -75.4504 0 0 0 1 
				7
				0.0414126 -0.0482918 -0.997974 1.59235 -0.45079 -0.892295 0.0244718 -12.5185 -0.891669 0.448863 -0.0587217 -75.691 0 0 0 1 
				8
				0.0407717 -0.0490687 -0.997963 1.57919 -0.464064 -0.88546 0.0245778 -12.8182 -0.884863 0.462117 -0.0588728 -75.3001 0 0 0 1 
				9
				0.0390109 -0.0510855 -0.997932 1.54313 -0.498762 -0.866382 0.0248538 -13.604 -0.86586 0.496761 -0.0592779 -74.2705 0 0 0 1 
				10
				0.0363745 -0.0538202 -0.997888 1.48932 -0.546448 -0.837113 0.0252301 -14.6903 -0.836703 0.544376 -0.0598595 -72.7786 0 0 0 1 
				11
				0.0331551 -0.0567704 -0.997836 1.42382 -0.598884 -0.800425 0.0256398 -15.8952 -0.800149 0.596738 -0.0605371 -71.0144 0 0 0 1 
				12
				0.0297299 -0.0595181 -0.997785 1.3543 -0.648866 -0.760457 0.026028 -17.0564 -0.760322 0.646655 -0.0612276 -69.1885 0 0 0 1 
				13
				0.026577 -0.0617431 -0.997738 1.2904 -0.69039 -0.722957 0.0263487 -18.0331 -0.722948 0.688129 -0.0618409 -67.5425 0 0 0 1 
				14
				0.0242619 -0.0632132 -0.997705 1.2435 -0.718476 -0.695044 0.0265653 -18.7013 -0.695128 0.716183 -0.0622802 -66.3485 0 0 0 1 
				15
				0.0233719 -0.0637444 -0.997692 1.22548 -0.728775 -0.684235 0.0266448 -18.9481 -0.684354 0.726471 -0.0624472 -65.8866 0 0 0 1 
				16
				0.0242619 -0.0632132 -0.997705 1.2435 -0.718476 -0.695044 0.0265653 -18.7013 -0.695128 0.716183 -0.0622802 -66.3263 0 0 0 1 
				17
				0.026577 -0.0617431 -0.997738 1.2904 -0.69039 -0.722957 0.0263487 -18.0331 -0.722948 0.688129 -0.0618409 -67.4949 0 0 0 1 
				18
				0.02973 -0.059518 -0.997785 1.3543 -0.648866 -0.760457 0.0260278 -17.0564 -0.760322 0.646655 -0.0612276 -69.1142 0 0 0 1 
				19
				0.0331551 -0.0567704 -0.997836 1.42382 -0.598884 -0.800425 0.0256398 -15.8952 -0.800149 0.596738 -0.0605371 -70.914 0 0 0 1 
				20
				0.0363746 -0.05382 -0.997888 1.48932 -0.546448 -0.837113 0.0252299 -14.6903 -0.836703 0.544376 -0.0598595 -72.6548 0 0 0 1 
				21
				0.0390109 -0.0510855 -0.997932 1.54313 -0.498762 -0.866382 0.0248538 -13.604 -0.86586 0.496761 -0.0592779 -74.1275 0 0 0 1 
				22
				0.0407717 -0.0490687 -0.997963 1.57919 -0.464064 -0.88546 0.0245778 -12.8182 -0.884863 0.462117 -0.0588728 -75.1443 0 0 0 1 
				23
				0.0414126 -0.0482918 -0.997974 1.59235 -0.45079 -0.892295 0.0244718 -12.5185 -0.891669 0.448863 -0.0587217 -75.5305 0 0 0 1 
				24
				0.0409765 -0.0488232 -0.997967 1.5834 -0.459862 -0.887651 0.0245443 -12.7233 -0.887044 0.457922 -0.0588248 -75.2946 0 0 0 1 
				25
				0.0397491 -0.0502604 -0.997945 1.55824 -0.48452 -0.87443 0.0247408 -13.281 -0.873877 0.482541 -0.05911 -74.6115 0 0 0 1 
				26
				0.0378424 -0.0523369 -0.997912 1.51926 -0.520484 -0.853504 0.0250256 -14.0979 -0.853032 0.518451 -0.0595392 -73.5647 0 0 0 1 
				27
				0.0353724 -0.0547807 -0.997872 1.46891 -0.5634 -0.825795 0.0253628 -15.0785 -0.825427 0.561304 -0.0600738 -72.238 0 0 0 1 
				28
				0.03248 -0.0573416 -0.997826 1.4101 -0.609176 -0.792618 0.0257199 -16.1332 -0.792369 0.607017 -0.0606754 -70.7208 0 0 0 1 
				29
				0.0293499 -0.0598006 -0.997779 1.34659 -0.654085 -0.755972 0.0260682 -17.1785 -0.755852 0.651867 -0.0613023 -69.1149 0 0 0 1 
				30
				0.0262209 -0.0619778 -0.997733 1.28318 -0.694837 -0.718683 0.026383 -18.1385 -0.718689 0.69257 -0.061909 -67.54 0 0 0 1 
				31
				0.0233719 -0.0637444 -0.997692 1.22548 -0.728775 -0.684235 0.0266448 -18.9481 -0.684354 0.726471 -0.0624472 -66.1284 0 0 0 1 
		</Joint>
			5
				-1
				0.997693 0.0637258 -0.0234198 2.82595 -0.0266468 0.684815 0.72823 -18.9927 0.0624453 -0.725926 0.684933 -66.0262 0 0 0 1 
				0
				0.997733 0.0619569 -0.0262674 2.88373 -0.0263849 0.719236 0.694264 -18.1827 0.061907 -0.691997 0.719241 -67.461 0 0 0 1 
				1
				0.997779 0.0597772 -0.0293947 2.94722 -0.02607 0.756492 0.653483 -17.2224 0.0613002 -0.651265 0.756371 -69.0624 0 0 0 1 
				2
				0.997826 0.0573157 -0.0325228 3.01081 -0.0257216 0.793103 0.608545 -16.1766 0.0606731 -0.606385 0.792853 -70.6961 0 0 0 1 
				3
				0.997872 0.0547525 -0.0354133 3.06969 -0.0253644 0.826243 0.562742 -15.1214 0.0600715 -0.560646 0.825874 -72.2405 0 0 0 1 
				4
				0.997912 0.0523069 -0.0378813 3.12011 -0.0250272 0.853919 0.519805 -14.1403 0.0595369 -0.517771 0.853445 -73.5916 0 0 0 1 
				5
				0.997945 0.0502287 -0.0397864 3.15915 -0.0247421 0.874815 0.483824 -13.3231 0.0591076 -0.481845 0.874261 -74.6583 0 0 0 1 
				6
				0.997967 0.0487905 -0.0410126 3.18435 -0.0245456 0.888017 0.459155 -12.765 0.0588223 -0.457215 0.887409 -75.3548 0 0 0 1 
				7
				0.997974 0.0482588 -0.0414482 3.19332 -0.024473 0.892653 0.450079 -12.5601 0.0587192 -0.448153 0.892026 -75.5956 0 0 0 1 
				8
				0.997963 0.0490363 -0.040808 3.18014 -0.0245791 0.88583 0.463359 -12.86 0.0588703 -0.461412 0.885231 -75.2044 0 0 0 1 
				9
				0.997932 0.0510544 -0.0390488 3.14402 -0.0248552 0.866779 0.498072 -13.6462 0.0592755 -0.496072 0.866256 -74.174 0 0 0 1 
				10
				0.997888 0.0537912 -0.0364146 3.09013 -0.0252316 0.837548 0.545781 -14.733 0.0598572 -0.54371 0.837136 -72.6811 0 0 0 1 
				11
				0.997837 0.056744 -0.0331975 3.02454 -0.0256415 0.800901 0.598247 -15.9385 0.0605349 -0.596101 0.800624 -70.9156 0 0 0 1 
				12
				0.997785 0.0594944 -0.0297744 2.95493 -0.0260298 0.760974 0.64826 -17.1002 0.0612255 -0.646049 0.760837 -69.0886 0 0 0 1 
				13
				0.997738 0.0617219 -0.0266234 2.89095 -0.0263506 0.723506 0.689814 -18.0773 0.0618389 -0.687553 0.723496 -67.4415 0 0 0 1 
				14
				0.997705 0.0631938 -0.0243094 2.844 -0.0265673 0.695616 0.717923 -18.7458 0.0622783 -0.715629 0.695699 -66.2467 0 0 0 1 
				15
				0.997693 0.0637258 -0.0234198 2.82595 -0.0266468 0.684815 0.72823 -18.9927 0.0624453 -0.725926 0.684933 -65.7845 0 0 0 1 
				16
				0.997705 0.0631938 -0.0243094 2.844 -0.0265673 0.695616 0.717922 -18.7458 0.0622783 -0.715629 0.695698 -66.2244 0 0 0 1 
				17
				0.997738 0.0617219 -0.0266234 2.89095 -0.0263506 0.723506 0.689814 -18.0773 0.0618389 -0.687553 0.723496 -67.3938 0 0 0 1 
				18
				0.997785 0.0594943 -0.0297745 2.95494 -0.0260297 0.760974 0.64826 -17.1002 0.0612255 -0.646049 0.760837 -69.0143 0 0 0 1 
				19
				0.997837 0.056744 -0.0331975 3.02454 -0.0256415 0.800901 0.598247 -15.9385 0.0605349 -0.596101 0.800624 -70.8153 0 0 0 1 
				20
				0.997888 0.0537911 -0.0364146 3.09013 -0.0252315 0.837548 0.545781 -14.733 0.0598571 -0.54371 0.837136 -72.5573 0 0 0 1 
				21
				0.997932 0.0510544 -0.0390488 3.14402 -0.0248552 0.866779 0.498072 -13.6462 0.0592755 -0.496072 0.866256 -74.0311 0 0 0 1 
				22
				0.997963 0.0490363 -0.040808 3.18014 -0.0245791 0.88583 0.463359 -12.86 0.0588703 -0.461412 0.885231 -75.0486 0 0 0 1 
				23
				0.997974 0.0482588 -0.0414482 3.19332 -0.024473 0.892653 0.450079 -12.5601 0.0587192 -0.448153 0.892026 -75.4351 0 0 0 1 
				24
				0.997967 0.0487905 -0.0410126 3.18435 -0.0245456 0.888017 0.459155 -12.765 0.0588223 -0.457215 0.887409 -75.1989 0 0 0 1 
				25
				0.997945 0.0502287 -0.0397864 3.15915 -0.0247421 0.874816 0.483824 -13.3231 0.0591076 -0.481845 0.874261 -74.5154 0 0 0 1 
				26
				0.997912 0.0523067 -0.0378813 3.12011 -0.0250271 0.853918 0.519805 -14.1403 0.0595368 -0.517771 0.853445 -73.4678 0 0 0 1 
				27
				0.997872 0.0547525 -0.0354133 3.06969 -0.0253644 0.826243 0.562742 -15.1214 0.0600715 -0.560646 0.825874 -72.1401 0 0 0 1 
				28
				0.997826 0.0573158 -0.0325228 3.01081 -0.0257216 0.793102 0.608545 -16.1766 0.0606732 -0.606385 0.792853 -70.6218 0 0 0 1 
				29
				0.997779 0.0597772 -0.0293947 2.94722 -0.02607 0.756492 0.653483 -17.2224 0.0613002 -0.651265 0.756371 -69.0148 0 0 0 1 
				30
				0.997733 0.0619569 -0.0262674 2.88373 -0.0263849 0.719236 0.694264 -18.1827 0.0619069 -0.691997 0.719241 -67.4388 0 0 0 1 
				31
				0.997693 0.0637258 -0.0234198 2.82595 -0.0266468 0.684815 0.72823 -18.9927 0.0624453 -0.725926 0.684933 -66.0262 0 0 0 1 
		</Joint>
			6
				-1
				-0.0870739 -0.634357 -0.768121 10.2803 -0.877616 0.413696 -0.242167 -19.1918 0.471389 0.653029 -0.592744 -65.5597 0 0 0 1 
				0
				-0.098273 -0.634404 -0.766729 10.3384 -0.880645 0.414262 -0.229893 -18.3799 0.463472 0.652624 -0.599396 -66.9985 0 0 0 1 
				1
				-0.111041 -0.634443 -0.764952 10.4022 -0.883893 0.414916 -0.21582 -17.4171 0.454316 0.652171 -0.606852 -68.6044 0 0 0 1 
				2
				-0.124407 -0.634474 -0.762867 10.4662 -0.887058 0.415606 -0.200998 -16.3687 0.44458 0.651702 -0.614519 -70.2428 0 0 0 1 
				3
				-0.137409 -0.63449 -0.760619 10.5254 -0.889903 0.416286 -0.186491 -15.3109 0.434961 0.651251 -0.621836 -71.7916 0 0 0 1 
				4
				-0.149124 -0.634496 -0.758404 10.5761 -0.892269 0.416904 -0.173344 -14.3273 0.426168 0.650851 -0.628311 -73.1467 0 0 0 1 
				5
				-0.15864 -0.634499 -0.756469 10.6154 -0.894051 0.417408 -0.162614 -13.508 0.418934 0.650525 -0.633492 -74.2167 0 0 0 1 
				6
				-0.165024 -0.634497 -0.755103 10.6408 -0.895177 0.417748 -0.155388 -12.9484 0.414035 0.650308 -0.636926 -74.9153 0 0 0 1 
				7
				-0.167347 -0.634494 -0.754594 10.6498 -0.895572 0.417873 -0.152752 -12.743 0.412245 0.650231 -0.638165 -75.1569 0 0 0 1 
				8
				-0.163944 -0.6345 -0.755335 10.6365 -0.89499 0.41769 -0.156613 -13.0437 0.414867 0.650342 -0.63635 -74.7645 0 0 0 1 
				9
				-0.154902 -0.634502 -0.75724 10.6002 -0.893366 0.417208 -0.166836 -13.8319 0.421784 0.650649 -0.631469 -73.7311 0 0 0 1 
				10
				-0.142088 -0.634494 -0.759756 10.546 -0.89087 0.416532 -0.181249 -14.9216 0.431464 0.65109 -0.624436 -72.2339 0 0 0 1 
				11
				-0.127382 -0.634476 -0.762374 10.48 -0.887728 0.415762 -0.197686 -16.13 0.442393 0.651599 -0.616203 -70.4633 0 0 0 1 
				12
				-0.112629 -0.634444 -0.76472 10.41 -0.884282 0.414999 -0.214062 -17.2947 0.453168 0.652118 -0.607768 -68.6311 0 0 0 1 
				13
				-0.0996989 -0.634408 -0.766542 10.3457 -0.881019 0.414335 -0.228325 -18.2742 0.462457 0.652574 -0.600234 -66.9794 0 0 0 1 
				14
				-0.0905319 -0.634375 -0.767706 10.2985 -0.87857 0.413869 -0.238385 -18.9443 0.468955 0.652902 -0.594811 -65.7814 0 0 0 1 
				15
				-0.0870739 -0.634357 -0.768121 10.2803 -0.877616 0.413696 -0.242167 -19.1918 0.471389 0.653029 -0.592744 -65.3179 0 0 0 1 
				16
				-0.0905319 -0.634375 -0.767706 10.2985 -0.87857 0.413869 -0.238385 -18.9443 0.468955 0.652902 -0.594811 -65.7591 0 0 0 1 
				17
				-0.0996989 -0.634408 -0.766542 10.3457 -0.881019 0.414335 -0.228325 -18.2742 0.462456 0.652574 -0.600234 -66.9318 0 0 0 1 
				18
				-0.112629 -0.634444 -0.76472 10.41 -0.884281 0.414999 -0.214062 -17.2947 0.453168 0.652118 -0.607768 -68.5568 0 0 0 1 
				19
				-0.127382 -0.634476 -0.762374 10.48 -0.887728 0.415762 -0.197686 -16.13 0.442393 0.651599 -0.616203 -70.363 0 0 0 1 
				20
				-0.142088 -0.634494 -0.759756 10.546 -0.89087 0.416532 -0.181249 -14.9216 0.431464 0.65109 -0.624436 -72.1101 0 0 0 1 
				21
				-0.154902 -0.634502 -0.75724 10.6002 -0.893366 0.417208 -0.166836 -13.8319 0.421784 0.650649 -0.631469 -73.5882 0 0 0 1 
				22
				-0.163944 -0.634501 -0.755335 10.6365 -0.89499 0.417689 -0.156613 -13.0437 0.414867 0.650342 -0.63635 -74.6087 0 0 0 1 
				23
				-0.167347 -0.634494 -0.754594 10.6498 -0.895572 0.417873 -0.152752 -12.743 0.412245 0.650231 -0.638165 -74.9964 0 0 0 1 
				24
				-0.165025 -0.634498 -0.755103 10.6408 -0.895177 0.417748 -0.155388 -12.9484 0.414035 0.650308 -0.636926 -74.7595 0 0 0 1 
				25
				-0.15864 -0.634499 -0.756469 10.6154 -0.894051 0.417407 -0.162614 -13.5079 0.418934 0.650525 -0.633492 -74.0738 0 0 0 1 
				26
				-0.149124 -0.634496 -0.758404 10.5761 -0.892269 0.416903 -0.173344 -14.3273 0.426167 0.650851 -0.628311 -73.0229 0 0 0 1 
				27
				-0.137409 -0.63449 -0.760619 10.5254 -0.889903 0.416286 -0.186491 -15.3109 0.434961 0.651251 -0.621836 -71.6913 0 0 0 1 
				28
				-0.124407 -0.634473 -0.762867 10.4662 -0.887057 0.415606 -0.200998 -16.3687 0.44458 0.651701 -0.614519 -70.1685 0 0 0 1 
				29
				-0.111041 -0.634443 -0.764952 10.4022 -0.883893 0.414916 -0.21582 -17.4171 0.454316 0.652171 -0.606852 -68.5568 0 0 0 1 
				30
				-0.0982729 -0.634404 -0.766729 10.3384 -0.880645 0.414262 -0.229893 -18.3799 0.463472 0.652624 -0.599396 -66.9763 0 0 0 1 
				31
				-0.0870739 -0.634357 -0.768121 10.2803 -0.877616 0.413696 -0.242167 -19.1918 0.471389 0.653029 -0.592744 -65.5597 0 0 0 1 
		</Joint>
			7
				-1
				-0.085377 -0.634588 -0.768121 8.93962 -0.87872 0.411348 -0.242167 -32.7047 0.469641 0.654288 -0.592744 -58.3016 0 0 0 1 
				0
				-0.096576 -0.634665 -0.766729 8.82526 -0.88175 0.411905 -0.229893 -31.9394 0.461725 0.653861 -0.599396 -59.8623 0 0 0 1 
				1
				-0.109344 -0.634738 -0.764952 8.6925 -0.885 0.41255 -0.21582 -31.0267 0.45257 0.653384 -0.606852 -61.6092 0 0 0 1 
				2
				-0.12271 -0.634804 -0.762867 8.55065 -0.888166 0.413233 -0.200998 -30.0271 0.442836 0.652888 -0.614519 -63.3974 0 0 0 1 
				3
				-0.135712 -0.634856 -0.760619 8.40967 -0.891013 0.413904 -0.186491 -29.0131 0.433218 0.652412 -0.621836 -65.0944 0 0 0 1 
				4
				-0.147426 -0.634893 -0.758404 8.28002 -0.89338 0.414516 -0.173344 -28.0658 0.424425 0.651988 -0.628311 -66.5849 0 0 0 1 
				5
				-0.156942 -0.634921 -0.756469 8.17278 -0.895164 0.415015 -0.162614 -27.2739 0.417193 0.651643 -0.633492 -67.7662 0 0 0 1 
				6
				-0.163327 -0.634936 -0.755103 8.09984 -0.896291 0.415352 -0.155388 -26.7317 0.412295 0.651413 -0.636926 -68.5402 0 0 0 1 
				7
				-0.16565 -0.634939 -0.754594 8.0731 -0.896686 0.415476 -0.152752 -26.5324 0.410504 0.651331 -0.638165 -68.8094 0 0 0 1 
				8
				-0.162247 -0.634937 -0.755335 8.11223 -0.896104 0.415294 -0.156613 -26.8241 0.413126 0.651449 -0.63635 -68.3767 0 0 0 1 
				9
				-0.153205 -0.634914 -0.75724 8.2151 -0.894478 0.414817 -0.166836 -27.5874 0.420043 0.651775 -0.631469 -67.2368 0 0 0 1 
				10
				-0.140391 -0.634871 -0.759756 8.35818 -0.891981 0.414148 -0.181249 -28.6386 0.429721 0.652242 -0.624436 -65.5905 0 0 0 1 
				11
				-0.125684 -0.634815 -0.762374 8.51865 -0.888837 0.413386 -0.197686 -29.7987 0.440649 0.65278 -0.616203 -63.6517 0 0 0 1 
				12
				-0.110932 -0.634743 -0.76472 8.6758 -0.885388 0.412632 -0.214062 -30.9103 0.451422 0.653328 -0.607768 -61.6535 0 0 0 1 
				13
				-0.0980018 -0.634672 -0.766542 8.81057 -0.882124 0.411977 -0.228325 -31.8395 0.46071 0.653809 -0.600234 -59.8588 0 0 0 1 
				14
				-0.0888349 -0.634615 -0.767706 8.90452 -0.879674 0.411518 -0.238385 -32.4719 0.467207 0.654154 -0.594811 -58.5607 0 0 0 1 
				15
				-0.0853769 -0.634587 -0.768121 8.93962 -0.87872 0.411347 -0.242167 -32.7047 0.46964 0.654288 -0.592744 -58.0598 0 0 0 1 
				16
				-0.088835 -0.634615 -0.767706 8.90452 -0.879674 0.411518 -0.238385 -32.4719 0.467207 0.654153 -0.594811 -58.5385 0 0 0 1 
				17
				-0.0980019 -0.634672 -0.766542 8.81057 -0.882124 0.411977 -0.228325 -31.8395 0.46071 0.653809 -0.600234 -59.8112 0 0 0 1 
				18
				-0.110932 -0.634743 -0.76472 8.67581 -0.885388 0.412632 -0.214062 -30.9103 0.451422 0.653327 -0.607768 -61.5792 0 0 0 1 
				19
				-0.125684 -0.634815 -0.762374 8.51865 -0.888837 0.413386 -0.197686 -29.7987 0.440649 0.65278 -0.616203 -63.5514 0 0 0 1 
				20
				-0.140391 -0.634871 -0.759756 8.35818 -0.891981 0.414148 -0.181249 -28.6386 0.429721 0.652242 -0.624436 -65.4667 0 0 0 1 
				21
				-0.153205 -0.634914 -0.75724 8.21511 -0.894479 0.414817 -0.166836 -27.5874 0.420043 0.651775 -0.631469 -67.0939 0 0 0 1 
				22
				-0.162247 -0.634937 -0.755335 8.11223 -0.896104 0.415294 -0.156613 -26.8241 0.413126 0.651449 -0.63635 -68.2209 0 0 0 1 
				23
				-0.16565 -0.634939 -0.754594 8.0731 -0.896686 0.415476 -0.152752 -26.5324 0.410504 0.651331 -0.638165 -68.6489 0 0 0 1 
				24
				-0.163327 -0.634937 -0.755103 8.09984 -0.896291 0.415352 -0.155388 -26.7317 0.412295 0.651413 -0.636926 -68.3844 0 0 0 1 
				25
				-0.156942 -0.634921 -0.756469 8.17279 -0.895164 0.415015 -0.162614 -27.2739 0.417193 0.651643 -0.633492 -67.6233 0 0 0 1 
				26
				-0.147426 -0.634892 -0.758404 8.28002 -0.89338 0.414516 -0.173344 -28.0658 0.424425 0.651988 -0.628311 -66.4611 0 0 0 1 
				27
				-0.135712 -0.634856 -0.760619 8.40967 -0.891013 0.413904 -0.186491 -29.0131 0.433218 0.652412 -0.621836 -64.9941 0 0 0 1 
				28
				-0.12271 -0.634804 -0.762867 8.55064 -0.888166 0.413233 -0.200998 -30.027 0.442836 0.652888 -0.614519 -63.3231 0 0 0 1 
				29
				-0.109344 -0.634738 -0.764952 8.6925 -0.885 0.41255 -0.21582 -31.0267 0.45257 0.653384 -0.606852 -61.5615 0 0 0 1 
				30
				-0.0965758 -0.634665 -0.766729 8.82526 -0.88175 0.411905 -0.229893 -31.9394 0.461725 0.653861 -0.599396 -59.84 0 0 0 1 
				31
				-0.0853769 -0.634587 -0.768121 8.93962 -0.87872 0.411347 -0.242167 -32.7047 0.46964 0.654288 -0.592744 -58.3016 0 0 0 1 
		</Joint>
			8
				-1
				0.105559 -0.414699 -0.903815 7.62505 -0.889237 0.367458 -0.272458 -46.2347 0.445102 0.832466 -0.329977 -51.0703 0 0 0 1 
				0
				0.0943992 -0.4163 -0.904314 7.33825 -0.893879 0.364441 -0.26108 -45.516 0.438256 0.832993 -0.337719 -52.7529 0 0 0 1 
				1
				0.0816483 -0.41816 -0.904697 7.00889 -0.898984 0.361009 -0.247995 -44.6533 0.430305 0.833556 -0.346443 -54.6408 0 0 0 1 
				2
				0.0682702 -0.420157 -0.90488 6.66124 -0.904108 0.357425 -0.234172 -43.7024 0.421815 0.834096 -0.355465 -56.579 0 0 0 1 
				3
				0.055226 -0.422145 -0.904845 6.32008 -0.908877 0.353945 -0.220601 -42.7323 0.413391 0.834576 -0.364131 -58.424 0 0 0 1 
				4
				0.0434473 -0.423977 -0.904631 6.01004 -0.91299 0.350818 -0.208268 -41.8215 0.405661 0.834968 -0.371844 -60.0499 0 0 0 1 
				5
				0.0338617 -0.425499 -0.904325 5.7563 -0.916202 0.348281 -0.198178 -41.0571 0.399283 0.835255 -0.37805 -61.3426 0 0 0 1 
				6
				0.0274209 -0.426535 -0.904055 5.58504 -0.918291 0.34658 -0.19137 -40.5322 0.394954 0.835434 -0.38218 -62.192 0 0 0 1 
				7
				0.0250757 -0.426912 -0.903945 5.52254 -0.919039 0.345963 -0.188885 -40.3389 0.393368 0.835497 -0.383674 -62.4888 0 0 0 1 
				8
				0.0285109 -0.426362 -0.904103 5.61406 -0.917942 0.346868 -0.192525 -40.6217 0.39569 0.835403 -0.381486 -62.0157 0 0 0 1 
				9
				0.0376286 -0.424902 -0.904457 5.85616 -0.914954 0.349276 -0.202151 -41.3599 0.401799 0.835143 -0.375623 -60.7693 0 0 0 1 
				10
				0.0505242 -0.422872 -0.90478 6.19654 -0.910541 0.352696 -0.215687 -42.3727 0.41032 0.834736 -0.367222 -58.974 0 0 0 1 
				11
				0.0652887 -0.420605 -0.904891 6.58345 -0.905218 0.356628 -0.231077 -43.4844 0.419902 0.834211 -0.357455 -56.8668 0 0 0 1 
				12
				0.0800605 -0.41839 -0.904732 6.96775 -0.899604 0.360583 -0.246357 -44.5429 0.429305 0.833625 -0.347517 -54.7029 0 0 0 1 
				13
				0.0929766 -0.416503 -0.904367 7.3016 -0.89446 0.364057 -0.259623 -45.4219 0.437375 0.833059 -0.338697 -52.7652 0 0 0 1 
				14
				0.102116 -0.415193 -0.903984 7.53671 -0.890687 0.366525 -0.268956 -46.0165 0.443001 0.832631 -0.332379 -51.367 0 0 0 1 
				15
				0.105559 -0.414699 -0.903815 7.62505 -0.889237 0.367458 -0.272458 -46.2347 0.445102 0.832466 -0.329977 -50.8286 0 0 0 1 
				16
				0.102116 -0.415193 -0.903984 7.5367 -0.890686 0.366525 -0.268956 -46.0165 0.443001 0.832631 -0.332379 -51.3447 0 0 0 1 
				17
				0.0929765 -0.416504 -0.904367 7.3016 -0.89446 0.364057 -0.259623 -45.4219 0.437376 0.833059 -0.338697 -52.7175 0 0 0 1 
				18
				0.0800604 -0.41839 -0.904732 6.96775 -0.899604 0.360584 -0.246357 -44.5429 0.429305 0.833624 -0.347517 -54.6286 0 0 0 1 
				19
				0.0652887 -0.420605 -0.904891 6.58346 -0.905218 0.356628 -0.231077 -43.4844 0.419902 0.834211 -0.357455 -56.7665 0 0 0 1 
				20
