<?xml version='1.0' encoding='UTF-8' ?>
<itpanim>
	<skeleton count>
		25
			0 -1
			1.37091e-06 -1 -6.12323e-17 1.44898e-05 1 1.37091e-06 -6.12323e-17 -1.98691e-11 6.12323e-17 -6.12323e-17 1 80.8015 0 0 0 1 
			1 0
			1.3868e-06 4.78456e-08 -1 -80.8015 2.75771e-06 -1 -4.78418e-08 1.44901e-05 -1 -2.75771e-06 -1.3868e-06 -0.000112056 0 0 0 1 
			2 1
			1.40269e-06 -0.000796318 -1 -90.1364 0 -1 0.000796318 0.0931538 -1 -1.11699e-09 -1.40269e-06 -2.58351e-07 0 0 0 1 
			3 2
			1.40269e-06 -0.000796318 -1 -116.969 0 -1 0.000796318 0.11452 -1 -1.11699e-09 -1.40269e-06 -3.17612e-07 0 0 0 1 
			4 3
			1.40269e-06 -0.000796318 -1 -143.801 0 -1 0.000796318 0.119367 -1 -1.11699e-09 -1.40269e-06 -3.31058e-07 0 0 0 1 
			5 4
			1 1.37091e-06 4.37113e-08 -2.89267 -1.37091e-06 1 3.58059e-15 -8.20407e-06 -4.37113e-08 -6.35048e-14 1 143.801 0 0 0 1 
			6 5
			0.995014 0.0902305 0.042489 -10.1726 -0.0897157 0.995871 -0.0138741 -0.527027 -0.0435655 0.00999304 0.999001 144.37 0 0 0 1 
			7 6
			0.994845 -0.0912189 0.0442967 -37.2146 0.0915704 0.995781 -0.00596753 -7.37347 -0.0435655 0.00999304 0.999001 144.37 0 0 0 1 
			8 7
			0.994845 -0.0912189 0.0442967 -64.9763 -0.0434925 0.0107859 0.998995 144.365 -0.091605 -0.995772 0.00676301 7.48842 0 0 0 1 
			9 4
			-1 -1.37091e-06 4.37114e-08 -2.89267 -1.37091e-06 1 3.84662e-15 -8.20407e-06 -4.37115e-08 -5.60777e-14 -1 -143.801 0 0 0 1 
			10 9
			-0.995014 0.0902277 0.042489 -10.1726 0.089713 0.995871 -0.0138741 -0.527027 -0.0435654 -0.00999316 -0.999001 -144.37 0 0 0 1 
			11 10
			-0.994845 -0.0912216 0.0442967 -37.2146 -0.0915731 0.99578 -0.00596753 -7.37347 -0.0435654 -0.00999316 -0.999001 -144.37 0 0 0 1 
			12 11
			-0.994845 -0.0912216 0.0442967 -64.9763 0.0434925 0.0107861 0.998995 144.365 -0.0916078 0.995772 -0.00676301 -7.48842 0 0 0 1 
			13 4
			1.34309e-06 -5.95475e-08 -1 -149.889 -1.40269e-06 -1 5.95456e-08 7.93768e-06 -1 1.40269e-06 -1.34309e-06 -0.000201315 0 0 0 1 
			14 13
			1 -0 0 0 0 1 0 0 -0 -0 1 -0 0 0 0 1 
			15 2
			1.37369e-06 -0.0998334 0.995004 80.3979 0 -0.995004 -0.0998334 -8.06668 1 1.3714e-07 -1.36683e-06 -8.2648 0 0 0 1 
			16 15
			1.37369e-06 0.0998334 0.995004 45.0607 0 -0.995004 0.0998334 0.903508 1 -1.3714e-07 -1.36683e-06 -8.2648 0 0 0 1 
			17 16
			1.3716e-06 -6.00745e-14 1 9.05003 0 -1 -6.00745e-14 1.19116e-05 1 8.23984e-20 -1.3716e-06 -8.2648 0 0 0 1 
			18 17
			1.3723e-06 -1 -6.00133e-14 -12.2319 0 6.00133e-14 -1 -0.75718 1 1.3723e-06 8.23562e-20 -8.2648 0 0 0 1 
			19 18
			1 -0 0 0 0 1 0 0 -0 -0 1 -0 0 0 0 1 
			20 2
			1.37369e-06 -0.0998334 0.995004 80.3979 0 -0.995004 -0.0998334 -8.06668 1 1.3714e-07 -1.36683e-06 8.26481 0 0 0 1 
			21 20
			1.37369e-06 0.0998334 0.995004 45.0607 0 -0.995004 0.0998334 0.903507 1 -1.3714e-07 -1.36683e-06 8.26481 0 0 0 1 
			22 21
			1.3716e-06 -6.00745e-14 1 9.05003 0 -1 -6.00745e-14 1.19116e-05 1 8.23984e-20 -1.3716e-06 8.26481 0 0 0 1 
			23 22
			1.3723e-06 -1 5.98908e-14 -12.2319 0 -5.98908e-14 -1 -0.75718 1 1.3723e-06 -8.21882e-20 8.26481 0 0 0 1 
			24 23
			1 -0 0 0 0 1 0 0 -0 -0 1 -0 0 0 0 1 
	</skeleton>
		<animations>
			25
			0
				-1
				-0.573575 0.819153 -2.02144e-33 0 -0.819153 -0.573575 -1.36318e-32 2.84751 -1.2326e-32 -6.16298e-33 1 -70.522 0 0 0 1 
				0
				-0.80895 0.587878 0 -8.10775e-09 -0.587878 -0.80895 -0 2.66203 -0 -0 1 -74.5105 0 0 0 1 
				1
				-0.958339 0.285634 -2.3855e-33 -1.80842e-08 -0.285634 -0.958339 -1.35728e-32 2.43379 -6.16298e-33 -1.2326e-32 1 -78.5865 0 0 0 1 
				2
				-0.999423 0.0339767 0 -7.50494e-09 -0.0339767 -0.999423 -0 2.67582 -0 -0 1 -81.6628 0 0 0 1 
				3
				-0.997723 -0.0674426 7.68618e-34 5.59405e-08 0.0674426 -0.997723 -5.19559e-35 4.12728 7.70372e-34 -0 1 -82.8838 0 0 0 1 
				4
				-0.998629 -0.0523538 -0 1.59231e-07 0.0523538 -0.998629 0 6.4903 -0 -0 1 -82.7019 0 0 0 1 
				5
				-0.999963 -0.00855557 -0 2.35655e-07 0.00855557 -0.999963 0 8.23866 -0 -0 1 -82.1748 0 0 0 1 
				6
				-0.999996 -0.00293507 -0 2.43417e-07 0.00293507 -0.999996 0 8.41625 -0 -0 1 -82.1054 0 0 0 1 
				7
				-0.99981 -0.0195168 3.37106e-34 2.2077e-07 0.0195168 -0.99981 -1.23349e-32 7.89815 5.77779e-34 -1.2326e-32 1 -82.2974 0 0 0 1 
				8
				-0.999107 -0.0422595 -3.84842e-34 1.84508e-07 0.0422595 -0.999107 1.62778e-35 7.06857 -3.85186e-34 -0 1 -82.5606 0 0 0 1 
				9
				-0.997983 -0.0634806 -0 1.39794e-07 0.0634806 -0.997983 0 6.04564 -0 -0 1 -82.8063 0 0 0 1 
				10
				-0.997191 -0.0749015 -9.23232e-34 9.2559e-08 0.0749015 -0.997191 -1.22913e-32 4.96502 -0 -1.2326e-32 1 -82.9387 0 0 0 1 
				11
				-0.997667 -0.0682631 -7.28325e-35 4.87324e-08 0.0682631 -0.997667 -1.23498e-32 3.96238 7.70372e-34 -1.2326e-32 1 -82.8617 0 0 0 1 
				12
				-0.999364 -0.0356681 -0 1.41287e-08 0.0356681 -0.999364 0 3.17074 -0 -0 1 -82.4843 0 0 0 1 
				13
				-0.999417 0.0341457 3.59174e-35 -6.48023e-09 -0.0341457 -0.999417 -1.23319e-32 2.69926 -3.85186e-34 -1.2326e-32 1 -81.6768 0 0 0 1 
				14
				-0.987841 0.155464 0 -1.54921e-08 -0.155464 -0.987841 -0 2.49309 -0 -0 1 -80.2666 0 0 0 1 
				15
				-0.949868 0.31265 -2.92701e-33 -1.70204e-08 -0.31265 -0.949868 -9.63428e-34 2.45813 -3.08149e-33 -0 1 -78.3945 0 0 0 1 
				16
				-0.877906 0.478834 0 -1.35844e-08 -0.478834 -0.877906 -0 2.53674 -0 -0 1 -76.2974 0 0 0 1 
				17
				-0.777342 0.629079 0 -7.80103e-09 -0.629079 -0.777342 -0 2.66905 -0 -0 1 -74.2038 0 0 0 1 
				18
				-0.666938 0.745113 0 -2.37222e-09 -0.745113 -0.666938 -0 2.79324 -0 -0 1 -72.3496 0 0 0 1 
				19
				-0.573575 0.819153 -2.02144e-33 0 -0.819153 -0.573575 -1.36318e-32 2.84751 -1.2326e-32 -6.16298e-33 1 -70.9709 0 0 0 1 
				20
				-0.530057 0.847962 5.22597e-33 0 -0.847962 -0.530057 -3.26673e-33 2.84751 -0 -6.16298e-33 1 -70.3672 0 0 0 1 
				21
				-0.535173 0.844742 -1.3904e-33 0 -0.844742 -0.535173 -1.37105e-32 2.84751 -1.2326e-32 -6.16298e-33 1 -70.4372 0 0 0 1 
				22
				-0.559543 0.828801 0 0 -0.828801 -0.559543 -0 2.84751 -0 -0 1 -70.7739 0 0 0 1 
				23
				-0.573575 0.819153 -2.02144e-33 0 -0.819153 -0.573575 -1.36318e-32 2.84751 -1.2326e-32 -6.16298e-33 1 -70.9709 0 0 0 1 
		</Joint>
			1
				-1
				1.33158e-06 -0.573574 -0.819154 0 0 -0.819154 0.573574 2.84751 -1 -7.6376e-07 -1.09077e-06 -70.522 0 0 0 1 
				0
				1.33158e-06 -0.808949 -0.587879 -8.10775e-09 0 -0.587879 0.808949 2.66203 -1 -1.07718e-06 -7.82808e-07 -74.5105 0 0 0 1 
				1
				1.33158e-06 -0.958338 -0.285636 -1.80842e-08 0 -0.285636 0.958338 2.43379 -1 -1.2761e-06 -3.80347e-07 -78.5865 0 0 0 1 
				2
				1.33158e-06 -0.999423 -0.0339781 -7.50494e-09 0 -0.0339781 0.999423 2.67582 -1 -1.33081e-06 -4.52445e-08 -81.6628 0 0 0 1 
				3
				1.33158e-06 -0.997723 0.0674413 5.59405e-08 0 0.0674413 0.997723 4.12728 -1 -1.32855e-06 8.98035e-08 -82.8838 0 0 0 1 
				4
				1.33158e-06 -0.998629 0.0523525 1.59231e-07 0 0.0523525 0.998629 6.4903 -1 -1.32975e-06 6.97115e-08 -82.7019 0 0 0 1 
				5
				1.33158e-06 -0.999963 0.00855424 2.35655e-07 0 0.00855424 0.999963 8.23866 -1 -1.33153e-06 1.13907e-08 -82.1748 0 0 0 1 
				6
				1.33158e-06 -0.999996 0.00293373 2.43417e-07 0 0.00293373 0.999996 8.41625 -1 -1.33157e-06 3.9065e-09 -82.1054 0 0 0 1 
				7
				1.33158e-06 -0.99981 0.0195155 2.2077e-07 0 0.0195155 0.99981 7.89815 -1 -1.33133e-06 2.59864e-08 -82.2974 0 0 0 1 
				8
				1.33158e-06 -0.999107 0.0422582 1.84508e-07 0 0.0422582 0.999107 7.06857 -1 -1.33039e-06 5.62702e-08 -82.5606 0 0 0 1 
				9
				1.33158e-06 -0.997983 0.0634793 1.39794e-07 0 0.0634793 0.997983 6.04564 -1 -1.32889e-06 8.45278e-08 -82.8063 0 0 0 1 
				10
				1.33158e-06 -0.997191 0.0749 9.2559e-08 0 0.0749 0.997191 4.96502 -1 -1.32784e-06 9.97355e-08 -82.9387 0 0 0 1 
				11
				1.33158e-06 -0.997667 0.0682617 4.87324e-08 0 0.0682617 0.997667 3.96238 -1 -1.32847e-06 9.0896e-08 -82.8617 0 0 0 1 
				12
				1.33158e-06 -0.999364 0.0356668 1.41287e-08 0 0.0356668 0.999364 3.17074 -1 -1.33073e-06 4.74932e-08 -82.4843 0 0 0 1 
				13
				1.33158e-06 -0.999417 -0.0341471 -6.48023e-09 0 -0.0341471 0.999417 2.69926 -1 -1.3308e-06 -4.54696e-08 -81.6768 0 0 0 1 
				14
				1.33158e-06 -0.987841 -0.155466 -1.54921e-08 0 -0.155466 0.987841 2.49309 -1 -1.31539e-06 -2.07015e-07 -80.2666 0 0 0 1 
				15
				1.33158e-06 -0.949868 -0.312652 -1.70204e-08 0 -0.312652 0.949868 2.45813 -1 -1.26483e-06 -4.16321e-07 -78.3945 0 0 0 1 
				16
				1.33158e-06 -0.877905 -0.478835 -1.35844e-08 0 -0.478835 0.877905 2.53674 -1 -1.169e-06 -6.37607e-07 -76.2974 0 0 0 1 
				17
				1.33158e-06 -0.777341 -0.62908 -7.80103e-09 0 -0.62908 0.777341 2.66905 -1 -1.03509e-06 -8.3767e-07 -74.2038 0 0 0 1 
				18
				1.33158e-06 -0.666937 -0.745114 -2.37222e-09 0 -0.745114 0.666937 2.79324 -1 -8.8808e-07 -9.92179e-07 -72.3496 0 0 0 1 
				19
				1.33158e-06 -0.573574 -0.819154 0 0 -0.819154 0.573574 2.84751 -1 -7.6376e-07 -1.09077e-06 -70.9709 0 0 0 1 
				20
				1.33158e-06 -0.530056 -0.847963 0 0 -0.847963 0.530056 2.84751 -1 -7.05812e-07 -1.12913e-06 -70.3672 0 0 0 1 
				21
				1.33158e-06 -0.535172 -0.844743 0 0 -0.844743 0.535172 2.84751 -1 -7.12625e-07 -1.12484e-06 -70.4372 0 0 0 1 
				22
				1.33158e-06 -0.559542 -0.828802 0 0 -0.828802 0.559542 2.84751 -1 -7.45075e-07 -1.10362e-06 -70.7739 0 0 0 1 
				23
				1.33158e-06 -0.573574 -0.819154 0 0 -0.819154 0.573574 2.84751 -1 -7.6376e-07 -1.09077e-06 -70.9709 0 0 0 1 
		</Joint>
			2
				-1
				-0.171245 -0.296064 -0.939692 0.00633163 -0.470496 -0.813422 0.342021 2.86487 -0.865626 0.500691 -2.35749e-06 -79.8676 0 0 0 1 
				0
				-0.195128 -0.620334 -0.759678 0.0132492 -0.268761 -0.711098 0.649698 2.6772 -0.943235 0.330946 -0.0279661 -83.8525 0 0 0 1 
				1
				-0.10349 -0.875588 -0.471843 0.0186946 -0.11385 -0.460844 0.880148 2.44362 -0.988093 0.144805 -0.0519928 -87.9245 0 0 0 1 
				2
				0.0109309 -0.978172 -0.207508 0.0208834 -0.0514941 -0.207795 0.976816 2.68024 -0.998613 7.92633e-06 -0.0526415 -90.9977 0 0 0 1 
				3
				0.0586698 -0.993408 -0.0984763 0.0212114 -0.00819708 -0.0991223 0.995042 4.12938 -0.998244 -0.0575716 -0.0139585 -92.2175 0 0 0 1 
				4
				0.0424598 -0.992208 -0.117133 0.0211856 0.0576343 -0.114611 0.991737 6.49273 -0.997434 -0.0488598 0.0523189 -92.0358 0 0 0 1 
				5
				0.00577842 -0.98641 -0.164202 0.0210633 0.113568 -0.162495 0.980152 8.24212 -0.993513 -0.0243119 0.111086 -91.5092 0 0 0 1 
				6
				-0.00449398 -0.985395 -0.170224 0.0210417 0.137503 -0.169218 0.97594 8.41985 -0.990491 -0.0190205 0.136255 -91.4399 0 0 0 1 
				7
				-0.00243637 -0.988069 -0.153994 0.0210986 0.140901 -0.152797 0.978162 7.90139 -0.990021 -0.0193146 0.139592 -91.6319 0 0 0 1 
				8
				0.00158245 -0.99129 -0.131687 0.0211671 0.134862 -0.130272 0.982263 7.07134 -0.990863 -0.019314 0.133482 -91.895 0 0 0 1 
				9
				0.00521067 -0.993835 -0.110745 0.0212211 0.128014 -0.109172 0.985745 6.04795 -0.991759 -0.0193133 0.126656 -92.1408 0 0 0 1 
				10
				0.00649682 -0.99502 -0.0994663 0.0212462 0.129722 -0.0977893 0.986717 4.96709 -0.991529 -0.0193135 0.128441 -92.2732 0 0 0 1 
				11
				0.00476354 -0.994346 -0.10608 0.0212319 0.137844 -0.104416 0.984935 3.96459 -0.990442 -0.0193143 0.136567 -92.1962 0 0 0 1 
				12
				-7.69033e-06 -0.990406 -0.138186 0.0211481 0.1377 -0.13687 0.980972 3.17364 -0.990474 -0.0190206 0.13638 -91.8188 0 0 0 1 
				13
				0.0010635 -0.978572 -0.205903 0.0208962 0.113048 -0.204466 0.972324 2.70361 -0.993589 -0.0243109 0.110408 -91.0111 0 0 0 1 
				14
				0.0300372 -0.946998 -0.319833 0.0202224 0.0639172 -0.317502 0.946101 2.49986 -0.997503 -0.0488611 0.0509926 -89.6004 0 0 0 1 
				15
				0.0576581 -0.883238 -0.465367 0.0188629 0.0140615 -0.465378 0.885 2.46805 -0.998237 -0.0575712 -0.0144132 -87.7282 0 0 0 1 
				16
				0.0309976 -0.78073 -0.6241 0.0166712 -0.0424657 -0.624865 0.779578 2.55006 -0.998617 0.0023378 -0.0525235 -85.6324 0 0 0 1 
				17
				-0.0698278 -0.628618 -0.774573 0.0134173 -0.164053 -0.75866 0.630493 2.68522 -0.983977 0.171097 -0.0501514 -83.5424 0 0 0 1 
				18
				-0.156 -0.442714 -0.882988 0.00945278 -0.339717 -0.815352 0.468821 2.81063 -0.9275 0.373103 -0.0232025 -81.6925 0 0 0 1 
				19
				-0.171245 -0.296064 -0.939692 0.00633153 -0.470496 -0.813422 0.342021 2.86487 -0.865626 0.500691 -2.35749e-06 -80.3165 0 0 0 1 
				20
				-0.158786 -0.239179 -0.957904 0.00511639 -0.513009 -0.808972 0.28703 2.86478 -0.843569 0.53699 0.00575282 -79.7136 0 0 0 1 
				21
				-0.160462 -0.245742 -0.955961 0.00525598 -0.508128 -0.80975 0.293448 2.8648 -0.846202 0.532838 0.00506605 -79.7834 0 0 0 1 
				22
				-0.167685 -0.277445 -0.945995 0.00593252 -0.484445 -0.81254 0.324177 2.86486 -0.8586 0.512642 0.00184371 -80.1198 0 0 0 1 
				23
				-0.171245 -0.296064 -0.939692 0.00633153 -0.470496 -0.813422 0.342021 2.86487 -0.865626 0.500691 -2.35749e-06 -80.3165 0 0 0 1 
		</Joint>
			3
				-1
				-0.17587 -0.0124097 -0.984335 -4.58831 -0.615202 -0.779223 0.119741 -9.74301 -0.768503 0.626624 0.129407 -103.108 0 0 0 1 
				0
				-0.239582 -0.377726 -0.894385 -5.21444 -0.364604 -0.818782 0.443464 -4.51679 -0.899814 0.432342 0.0584449 -109.171 0 0 0 1 
				1
				-0.141319 -0.717188 -0.6824 -2.74286 -0.149286 -0.665997 0.730864 -0.597012 -0.978643 0.205157 -0.0129483 -114.442 0 0 0 1 
				2
				0.00549424 -0.891188 -0.4536 0.333226 -0.054491 -0.4532 0.889742 1.30822 -0.998499 0.0198287 -0.0510518 -117.793 0 0 0 1 
				3
				0.0701751 -0.933282 -0.352222 1.6154 -0.0040635 -0.353357 0.93548 3.91699 -0.997527 -0.0642161 -0.0285892 -119.001 0 0 0 1 
				4
				0.0513473 -0.927638 -0.369934 1.1803 0.0609292 -0.366823 0.928293 8.04704 -0.99682 -0.0702052 0.0376848 -118.798 0 0 0 1 
				5
				0.00731297 -0.91029 -0.413907 0.195561 0.114036 -0.410459 0.904721 11.2982 -0.99345 -0.0538164 0.100804 -118.166 0 0 0 1 
				6
				-0.0045192 -0.907761 -0.419464 -0.0801473 0.137266 -0.416061 0.898917 12.1183 -0.990524 -0.0535159 0.126485 -118.016 0 0 0 1 
				7
				-0.00237782 -0.914545 -0.404478 -0.024735 0.140703 -0.400761 0.905314 11.6907 -0.990049 -0.0547587 0.129632 -118.195 0 0 0 1 
				8
				0.00163648 -0.92343 -0.383764 0.083358 0.134664 -0.380065 0.915104 10.6981 -0.99089 -0.0531766 0.12373 -118.481 0 0 0 1 
				9
				0.00526046 -0.931308 -0.364194 0.180934 0.127814 -0.360585 0.923927 9.49058 -0.991784 -0.0514093 0.117137 -118.751 0 0 0 1 
				10
				0.00654432 -0.935372 -0.353606 0.215557 0.129521 -0.349842 0.927812 8.45532 -0.991555 -0.0518714 0.118861 -118.877 0 0 0 1 
				11
				0.00481238 -0.933009 -0.35982 0.168984 0.137644 -0.355781 0.924377 7.67089 -0.99047 -0.0539756 0.126711 -118.771 0 0 0 1 
				12
				-4.06285e-05 -0.920894 -0.389813 0.0406175 0.137464 -0.386118 0.91215 6.87671 -0.990507 -0.0535483 0.126606 -118.394 0 0 0 1 
				13
				0.00257671 -0.891933 -0.45216 0.0684896 0.11358 -0.448975 0.886296 5.74654 -0.993526 -0.05364 0.100149 -117.67 0 0 0 1 
				14
				0.0380504 -0.831627 -0.554029 0.843962 0.0689806 -0.550922 0.831701 4.22668 -0.996892 -0.0698638 0.0364034 -116.364 0 0 0 1 
				15
				0.0667649 -0.731934 -0.678097 1.58161 0.0222179 -0.678354 0.734399 2.85985 -0.997521 -0.064098 -0.0290283 -114.512 0 0 0 1 
				16
				0.0270437 -0.592806 -0.804891 0.861077 -0.0481848 -0.805023 0.591284 1.42781 -0.998472 0.0227931 -0.050335 -112.428 0 0 0 1 
				17
				-0.0943926 -0.401719 -0.910885 -1.85165 -0.218646 -0.884265 0.412637 -1.69783 -0.971228 0.238111 -0.00436618 -109.95 0 0 0 1 
				18
				-0.180076 -0.177459 -0.967513 -4.17262 -0.453655 -0.857757 0.241764 -6.28647 -0.872794 0.482453 0.0739564 -106.59 0 0 0 1 
				19
				-0.17587 -0.0124097 -0.984335 -4.58832 -0.615202 -0.779224 0.119741 -9.74302 -0.768503 0.626623 0.129407 -103.557 0 0 0 1 
				20
				-0.152618 0.0462778 -0.987201 -4.25649 -0.664108 -0.744559 0.0677656 -10.8846 -0.731893 0.665951 0.144366 -102.363 0 0 0 1 
				21
				-0.155609 0.0396211 -0.987024 -4.30118 -0.658577 -0.748889 0.0737657 -10.7535 -0.736248 0.66151 0.142627 -102.503 0 0 0 1 
				22
				-0.168927 0.00704415 -0.985603 -4.4936 -0.631429 -0.768598 0.10273 -10.1176 -0.75681 0.639693 0.134285 -103.172 0 0 0 1 
				23
				-0.17587 -0.0124097 -0.984335 -4.58832 -0.615202 -0.779223 0.119741 -9.74301 -0.768503 0.626624 0.129407 -103.557 0 0 0 1 
		</Joint>
			4
				-1
				-0.17587 -0.0124097 -0.984335 -9.30726 -0.615202 -0.779223 0.119741 -26.2466 -0.768503 0.626623 0.129407 -123.732 0 0 0 1 
				0
				-0.239582 -0.377726 -0.894385 -11.6412 -0.364604 -0.818782 0.443464 -14.296 -0.899814 0.432342 0.0584449 -133.317 0 0 0 1 
				1
				-0.141319 -0.717188 -0.6824 -6.5313 -0.149286 -0.665996 0.730864 -4.59947 -0.978643 0.205157 -0.0129483 -140.702 0 0 0 1 
				2
				0.00549424 -0.891189 -0.4536 0.48497 -0.054491 -0.4532 0.889742 -0.151713 -0.998499 0.0198287 -0.0510518 -144.586 0 0 0 1 
				3
				0.0701751 -0.933282 -0.352222 3.50289 -0.0040635 -0.353357 0.93548 3.80966 -0.997527 -0.0642161 -0.0285892 -145.767 0 0 0 1 
				4
				0.0513473 -0.927638 -0.369934 2.56257 0.0609292 -0.366823 0.928294 9.68369 -0.99682 -0.0702052 0.0376848 -145.545 0 0 0 1 
				5
				0.00731297 -0.91029 -0.413907 0.396199 0.114036 -0.410459 0.904721 14.36 -0.99345 -0.0538163 0.100804 -144.823 0 0 0 1 
				6
				-0.0045192 -0.907761 -0.419464 -0.197007 0.137266 -0.416061 0.898917 15.8035 -0.990524 -0.0535159 0.126485 -144.594 0 0 0 1 
				7
				-0.00237782 -0.914545 -0.404478 -0.0841042 0.140703 -0.400761 0.905314 15.468 -0.990049 -0.0547587 0.129632 -144.761 0 0 0 1 
				8
				0.00163649 -0.92343 -0.383764 0.131745 0.134664 -0.380065 0.915104 14.3133 -0.99089 -0.0531766 0.12373 -145.069 0 0 0 1 
				9
				0.00526046 -0.931308 -0.364194 0.3266 0.127814 -0.360585 0.923927 12.9219 -0.991784 -0.0514093 0.117137 -145.363 0 0 0 1 
				10
				0.00654431 -0.935372 -0.353606 0.395691 0.129521 -0.349842 0.927812 11.9324 -0.991555 -0.0518714 0.118861 -145.483 0 0 0 1 
				11
				0.00481238 -0.933009 -0.35982 0.302634 0.137644 -0.355781 0.924377 11.3659 -0.99047 -0.0539756 0.126711 -145.347 0 0 0 1 
				12
				-4.06297e-05 -0.920894 -0.389813 0.0439915 0.137464 -0.386118 0.91215 10.5671 -0.990507 -0.0535483 0.126606 -144.972 0 0 0 1 
				13
				0.00257671 -0.891933 -0.45216 0.141953 0.11358 -0.448975 0.886296 8.79634 -0.993526 -0.05364 0.100149 -144.329 0 0 0 1 
				14
				0.0380504 -0.831628 -0.554029 1.86898 0.0689806 -0.550922 0.831701 6.08027 -0.996892 -0.0698638 0.0364034 -143.113 0 0 0 1 
				15
				0.0667649 -0.731934 -0.678097 3.37662 0.0222179 -0.678354 0.734399 3.4593 -0.997521 -0.064098 -0.0290283 -141.277 0 0 0 1 
				16
				0.0270437 -0.592806 -0.804891 1.5896 -0.0481848 -0.805023 0.591284 0.138795 -0.998472 0.0227931 -0.050335 -139.22 0 0 0 1 
				17
				-0.0943926 -0.401719 -0.910885 -4.38248 -0.218646 -0.884265 0.412637 -7.56034 -0.971228 0.238111 -0.00436619 -136.011 0 0 0 1 
				18
				-0.180076 -0.177459 -0.967513 -9.00363 -0.453655 -0.857757 0.241764 -18.455 -0.872794 0.482453 0.0739564 -130.011 0 0 0 1 
				19
				-0.17587 -0.0124097 -0.984335 -9.30726 -0.615202 -0.779224 0.119741 -26.2466 -0.768503 0.626623 0.129407 -124.181 0 0 0 1 
				20
				-0.152618 0.0462778 -0.987201 -8.35182 -0.664108 -0.744559 0.0677656 -28.7006 -0.731893 0.665951 0.144366 -122.005 0 0 0 1 
				21
				-0.155608 0.0396211 -0.987024 -8.47673 -0.658577 -0.748889 0.0737657 -28.4211 -0.736248 0.66151 0.142627 -122.262 0 0 0 1 
				22
				-0.168927 0.00704414 -0.985603 -9.02636 -0.631429 -0.768598 0.10273 -27.0566 -0.75681 0.639693 0.134285 -123.482 0 0 0 1 
				23
				-0.17587 -0.0124097 -0.984335 -9.30726 -0.615202 -0.779223 0.119741 -26.2466 -0.768503 0.626623 0.129407 -124.181 0 0 0 1 
		</Joint>
			5
				-1
				0.984335 0.0125497 0.175862 -6.45996 -0.119743 0.779713 0.614581 -26.5967 -0.129409 -0.626011 0.769001 -124.103 0 0 0 1 
				0
				0.925346 0.286192 0.248654 -9.05582 -0.362692 0.859244 0.36077 -15.5828 -0.110405 -0.424021 0.898897 -133.484 0 0 0 1 
				1
				0.805222 0.567234 0.17281 -4.56081 -0.589206 0.798175 0.12551 -6.71685 -0.0667393 -0.202884 0.976926 -140.664 0 0 0 1 
				2
				0.679066 0.733422 0.0310272 1.79278 -0.733998 0.679009 0.0139736 -2.72764 -0.0108192 -0.0322629 0.999421 -144.438 0 0 0 1 
				3
				0.620894 0.783188 -0.0332668 4.51724 -0.783773 0.619493 -0.0439047 1.10191 -0.0137771 0.0533338 0.998482 -145.685 0 0 0 1 
				4
				0.631405 0.775321 -0.0143226 3.62818 -0.771871 0.626607 -0.107607 6.99666 -0.0744553 0.0789989 0.99409 -145.654 0 0 0 1 
				5
				0.655879 0.754286 0.0295786 1.58909 -0.742183 0.651517 -0.157133 11.741 -0.137794 0.0811074 0.987134 -145.115 0 0 0 1 
				6
				0.65771 0.752145 0.0411693 1.01197 -0.735648 0.653116 -0.179615 13.2012 -0.161985 0.0878485 0.982875 -144.96 0 0 0 1 
				7
				0.645513 0.762786 0.0383462 1.08149 -0.745793 0.640365 -0.183645 12.8473 -0.164637 0.0899469 0.982244 -145.136 0 0 0 1 
				8
				0.628414 0.777164 0.0333469 1.23738 -0.761356 0.623289 -0.178463 11.6644 -0.15948 0.08676 0.983381 -145.427 0 0 0 1 
				9
				0.612103 0.790254 0.0287831 1.37559 -0.775694 0.607105 -0.172403 10.2475 -0.153716 0.0832014 0.984606 -145.702 0 0 0 1 
				10
				0.603184 0.797145 0.0269869 1.41403 -0.782352 0.597897 -0.174483 9.24683 -0.155223 0.084132 0.98429 -145.827 0 0 0 1 
				11
				0.60837 0.793123 0.0290189 1.33896 -0.776926 0.602617 -0.182314 8.69029 -0.162085 0.0883692 0.982812 -145.714 0 0 0 1 
				12
				0.633275 0.773122 0.0352851 1.16714 -0.756762 0.628135 -0.180988 7.92666 -0.16209 0.087913 0.982852 -145.338 0 0 0 1 
				13
				0.686979 0.725779 0.0361221 1.44559 -0.713603 0.683172 -0.155067 6.2304 -0.137222 0.0807509 0.987243 -144.619 0 0 0 1 
				14
				0.777489 0.628848 0.00783296 3.46758 -0.624606 0.773577 -0.10699 3.67176 -0.07334 0.0782913 0.994229 -143.219 0 0 0 1 
				15
				0.870026 0.492792 -0.0145297 5.33459 -0.492824 0.868526 -0.0527892 1.33164 -0.0133947 0.0530886 0.9985 -141.194 0 0 0 1 
				16
				0.935865 0.351572 0.023534 3.91502 -0.352153 0.935512 0.0284049 -1.57549 -0.01203 -0.0348707 0.99932 -139.074 0 0 0 1 
				17
				0.965403 0.226182 0.129765 -1.74953 -0.24961 0.945541 0.20892 -8.75824 -0.0754444 -0.234082 0.969285 -135.998 0 0 0 1 
				18
				0.976851 0.103225 0.187367 -6.20579 -0.179025 0.873921 0.451899 -19.1585 -0.117097 -0.474982 0.87217 -130.223 0 0 0 1 
				19
				0.984335 0.0125498 0.175862 -6.45996 -0.119743 0.779713 0.614581 -26.5967 -0.129409 -0.626011 0.769001 -124.552 0 0 0 1 
				20
				0.988341 -0.0235954 0.150417 -5.49594 -0.0832668 0.743331 0.663721 -28.9002 -0.127471 -0.668508 0.732699 -122.419 0 0 0 1 
				21
				0.988221 -0.019837 0.151744 -5.62139 -0.0860771 0.747795 0.658326 -28.6381 -0.126533 -0.663633 0.737279 -122.671 0 0 0 1 
				22
				0.985752 0.000433698 0.168204 -6.17529 -0.107993 0.768308 0.630904 -27.3575 -0.128959 -0.64008 0.757408 -123.867 0 0 0 1 
				23
				0.984335 0.0125497 0.175862 -6.45996 -0.119743 0.779713 0.614581 -26.5967 -0.129409 -0.626011 0.769001 -124.552 0 0 0 1 
		</Joint>
			6
				-1
				-0.322957 0.167825 -0.931415 6.80052 -0.496233 0.807992 0.317649 -28.2098 0.805886 0.564786 -0.177666 -125.846 0 0 0 1 
				0
				-0.361994 0.211069 -0.90797 3.40998 -0.718917 0.556822 0.416061 -20.4688 0.593396 0.803368 -0.0498251 -134.972 0 0 0 1 
				1
				-0.466246 0.149529 -0.871926 6.28674 -0.838628 0.239068 0.489438 -14.6543 0.281635 0.95942 0.0139347 -141.563 0 0 0 1 
				2
				-0.535318 0.00441693 -0.844639 10.9408 -0.844457 0.0186573 0.535299 -12.6157 0.018123 0.999816 -0.00625765 -144.584 0 0 0 1 
				3
				-0.550975 -0.0716465 -0.831441 12.8816 -0.83011 -0.0552568 0.554855 -9.4567 -0.0856962 0.995899 -0.0290293 -145.87 0 0 0 1 
				4
				-0.549274 -0.0599074 -0.833492 12.1342 -0.832664 -0.0448935 0.551955 -3.40159 -0.0704846 0.997194 -0.0252239 -146.657 0 0 0 1 
				5
				-0.542457 -0.0264781 -0.839666 10.4248 -0.839687 -0.0136127 0.5429 1.74267 -0.0258051 0.999557 -0.014849 -146.971 0 0 0 1 
				6
				-0.54407 -0.0195028 -0.838813 9.87232 -0.838886 -0.00652002 0.544268 3.29089 -0.0160838 0.999789 -0.0128132 -147.142 0 0 0 1 
				7
				-0.557575 -0.0200215 -0.829886 9.77753 -0.82996 -0.00659813 0.557784 2.80033 -0.0166434 0.999778 -0.0129381 -147.354 0 0 0 1 
				8
				-0.576314 -0.0201659 -0.81698 9.70306 -0.817059 -0.00614038 0.576521 1.40778 -0.0166426 0.999778 -0.0129379 -147.575 0 0 0 1 
				9
				-0.593545 -0.0202925 -0.804545 9.62154 -0.804629 -0.00571088 0.593751 -0.20224 -0.0166434 0.999778 -0.0129383 -147.773 0 0 0 1 
				10
				-0.602718 -0.0203564 -0.797695 9.53983 -0.797781 -0.00547823 0.602923 -1.29262 -0.0166433 0.999778 -0.0129381 -147.918 0 0 0 1 
				11
				-0.597395 -0.0203191 -0.80169 9.53462 -0.801774 -0.00561314 0.597601 -1.77608 -0.0166427 0.999778 -0.012938 -147.898 0 0 0 1 
				12
				-0.571238 -0.0197045 -0.820548 9.69831 -0.820627 -0.00587785 0.571434 -2.26807 -0.0160829 0.999789 -0.0128124 -147.522 0 0 0 1 
				13
				-0.506118 -0.025878 -0.862076 10.7002 -0.862078 -0.0147309 0.506562 -3.38291 -0.0258079 0.999557 -0.0148533 -146.467 0 0 0 1 
				14
				-0.365045 -0.0493171 -0.929683 13.9415 -0.928318 -0.0563198 0.367497 -4.74262 -0.0704834 0.997194 -0.0252227 -144.207 0 0 0 1 
				15
				-0.198423 -0.0456125 -0.979055 17.0552 -0.976363 -0.0781411 0.201518 -5.30745 -0.0856961 0.995898 -0.0290294 -141.374 0 0 0 1 
				16
				-0.102786 -0.00323089 -0.994698 16.5225 -0.994455 0.0226901 0.102688 -6.31953 0.022238 0.999738 -0.0055452 -139.236 0 0 0 1 
				17
				-0.145438 0.0631861 -0.987347 11.2559 -0.933432 0.322036 0.158105 -12.1209 0.327952 0.944616 0.0121437 -137.014 0 0 0 1 
				18
				-0.251923 0.126361 -0.959462 6.95386 -0.712736 0.64643 0.272276 -21.5702 0.65463 0.752436 -0.0727887 -131.8 0 0 0 1 
				19
				-0.322957 0.167825 -0.931415 6.80051 -0.496233 0.807992 0.317649 -28.2098 0.805886 0.564786 -0.177666 -126.295 0 0 0 1 
				20
				-0.33931 0.166558 -0.925812 7.8185 -0.429637 0.848108 0.310041 -30.022 0.836828 0.502963 -0.216212 -124.136 0 0 0 1 
				21
				-0.337586 0.164939 -0.926731 7.69142 -0.437998 0.843925 0.309754 -29.7977 0.833182 0.510475 -0.212654 -124.376 0 0 0 1 
				22
				-0.327893 0.167573 -0.929734 7.10427 -0.474707 0.82165 0.315509 -28.8123 0.816786 0.544804 -0.189866 -125.605 0 0 0 1 
				23
				-0.322957 0.167825 -0.931415 6.80051 -0.496233 0.807992 0.317649 -28.2098 0.805886 0.564786 -0.177666 -126.295 0 0 0 1 
		</Joint>
			7
				-1
				-0.333876 0.144889 -0.931415 -2.16533 -0.551384 0.771411 0.317649 -41.9861 0.764527 0.619623 -0.177666 -103.473 0 0 0 1 
				0
				-0.371438 0.193968 -0.90797 -6.6396 -0.744089 0.52271 0.416061 -40.4272 0.555307 0.830152 -0.0498251 -118.498 0 0 0 1 
				1
				-0.469552 0.138798 -0.871926 -6.65706 -0.843889 0.219775 0.489438 -37.9361 0.25956 0.965626 0.0139347 -133.744 0 0 0 1 
				2
				-0.535334 0.00171291 -0.844639 -3.92054 -0.84454 0.0143915 0.535299 -36.0593 0.0130726 0.999895 -0.00625765 -144.08 0 0 0 1 
				3
				-0.551121 -0.0705191 -0.831441 -2.41442 -0.830222 -0.0535584 0.554855 -32.502 -0.0836585 0.996072 -0.0290293 -148.249 0 0 0 1 
				4
				-0.549333 -0.0593643 -0.833492 -3.11464 -0.832708 -0.0440703 0.551955 -26.5178 -0.0694987 0.997263 -0.0252239 -148.614 0 0 0 1 
				5
				-0.542402 -0.0275911 -0.839666 -4.63478 -0.839657 -0.0153356 0.5429 -21.5685 -0.027856 0.999502 -0.014849 -147.687 0 0 0 1 
				6
				-0.544015 -0.0209777 -0.838813 -5.232 -0.838865 -0.00879426 0.544268 -19.998 -0.0187942 0.999741 -0.0128132 -147.589 0 0 0 1 
				7
				-0.557519 -0.0215126 -0.829886 -5.70172 -0.829939 -0.0088177 0.557784 -20.2408 -0.0193171 0.99973 -0.0129381 -147.816 0 0 0 1 
				8
				-0.576258 -0.0217072 -0.81698 -6.29642 -0.81704 -0.00832565 0.576521 -21.2752 -0.0193166 0.99973 -0.0129379 -148.037 0 0 0 1 
				9
				-0.593489 -0.0218799 -0.804545 -6.85631 -0.80461 -0.00786289 0.593751 -22.5401 -0.0193173 0.99973 -0.0129383 -148.235 0 0 0 1 
				10
				-0.602661 -0.0219683 -0.797695 -7.19267 -0.797763 -0.00761193 0.602923 -23.4404 -0.0193172 0.999729 -0.0129381 -148.38 0 0 0 1 
				11
				-0.597339 -0.0219168 -0.80169 -7.0501 -0.801756 -0.00775753 0.597601 -24.0347 -0.0193166 0.99973 -0.012938 -148.36 0 0 0 1 
				12
				-0.571183 -0.0212533 -0.820548 -6.16025 -0.820608 -0.00810291 0.571434 -25.0501 -0.0187937 0.999741 -0.0128124 -147.968 0 0 0 1 
				13
				-0.506064 -0.0269164 -0.862076 -3.35049 -0.862046 -0.0164997 0.506562 -27.3157 -0.0278588 0.999501 -0.0148533 -147.184 0 0 0 1 
				14
				-0.365093 -0.0489562 -0.929683 3.80724 -0.928373 -0.055402 0.367497 -30.5144 -0.0694976 0.997263 -0.0252227 -146.163 0 0 0 1 
				15
				-0.198516 -0.0452065 -0.979055 11.5466 -0.976521 -0.0761434 0.201518 -32.413 -0.0836585 0.996072 -0.0290294 -143.753 0 0 0 1 
				16
				-0.102768 -0.00377952 -0.994698 13.669 -0.994562 0.0173814 0.102688 -33.9273 0.0169011 0.999842 -0.0055452 -138.619 0 0 0 1 
				17
				-0.147044 0.0593528 -0.987347 7.2183 -0.941551 0.297462 0.158105 -38.0346 0.303083 0.952887 0.0121437 -127.91 0 0 0 1 
				18
				-0.258172 0.113047 -0.959462 -0.0399616 -0.745487 0.60837 0.272276 -41.357 0.614488 0.785561 -0.0727887 -113.627 0 0 0 1 
				19
				-0.333876 0.144889 -0.931415 -2.16533 -0.551384 0.771411 0.317649 -41.9861 0.764527 0.619623 -0.177666 -103.922 0 0 0 1 
				20
				-0.350848 0.140636 -0.925812 -1.60134 -0.492044 0.813491 0.31004 -41.9494 0.796742 0.564317 -0.216212 -100.904 0 0 0 1 
				21
				-0.348922 0.139365 -0.926731 -1.68055 -0.499574 0.808998 0.309754 -41.9573 0.792892 0.571051 -0.212654 -101.245 0 0 0 1 
				22
				-0.339031 0.14371 -0.929734 -1.99862 -0.532215 0.785622 0.315509 -41.991 0.775761 0.601785 -0.189866 -102.929 0 0 0 1 
				23
				-0.333876 0.144889 -0.931415 -2.16533 -0.551384 0.771411 0.317649 -41.9861 0.764527 0.619623 -0.177666 -103.922 0 0 0 1 
		</Joint>
			8
				-1
				0.095691 -0.0182579 -0.995244 -11.4343 -0.575317 0.814907 -0.0702654 -57.2935 0.812314 0.579304 0.0674751 -82.2489 0 0 0 1 
				0
				0.0920559 -0.388906 -0.916667 -16.9514 -0.849544 0.449534 -0.276035 -61.0844 0.519424 0.804159 -0.28901 -103.082 0 0 0 1 
				1
				0.05849 -0.786446 -0.614883 -19.6926 -0.9823 0.0644524 -0.175876 -61.3639 0.177948 0.614287 -0.768756 -126.538 0 0 0 1 
				2
				0.0589636 -0.981536 -0.181962 -18.7823 -0.997871 -0.0630451 0.0167232 -59.5052 -0.0278862 0.180588 -0.983164 -143.718 0 0 0 1 
				3
				0.0672676 -0.997421 0.025041 -17.7145 -0.993906 -0.0647915 0.0891839 -55.5504 -0.0873315 -0.0308876 -0.9957 -150.572 0 0 0 1 
				4
				0.065711 -0.997819 -0.00634446 -18.3651 -0.994673 -0.0660072 0.0791752 -49.6352 -0.0794212 0.00110799 -0.996841 -150.543 0 0 0 1 
				5
				0.0626572 -0.993389 -0.096185 -19.6928 -0.996532 -0.0675584 0.0485715 -44.8789 -0.0547485 0.0928081 -0.994177 -148.461 0 0 0 1 
				6
				0.0581631 -0.991639 -0.115189 -20.3348 -0.997102 -0.0633736 0.0420983 -43.2864 -0.0490462 0.112406 -0.992451 -148.11 0 0 0 1 
				7
				0.0421646 -0.992654 -0.113402 -21.1794 -0.99789 -0.0474497 0.0443158 -43.2814 -0.0493711 0.111294 -0.992561 -148.352 0 0 0 1 
				8
				0.0194492 -0.993477 -0.112365 -22.2943 -0.998591 -0.024852 0.0468842 -43.9577 -0.0493708 0.111294 -0.99256 -148.574 0 0 0 1 
				9
				-0.00177405 -0.993781 -0.111342 -23.3326 -0.998779 -0.00373625 0.0492616 -44.8775 -0.0493712 0.111294 -0.99256 -148.771 0 0 0 1 
				10
				-0.0132079 -0.993758 -0.110771 -23.9236 -0.998693 0.00764069 0.050533 -45.5877 -0.0493712 0.111294 -0.99256 -148.916 0 0 0 1 
				11
				-0.00656116 -0.993787 -0.111105 -23.6333 -0.998759 0.00102698 0.0497943 -46.2929 -0.0493708 0.111294 -0.99256 -148.896 0 0 0 1 
				12
				0.0254928 -0.993182 -0.11375 -22.0173 -0.998471 -0.0308794 0.0458463 -47.8316 -0.0490463 0.112407 -0.992451 -148.49 0 0 0 1 
				13
				0.10514 -0.9896 -0.0981657 -17.3997 -0.992949 -0.109903 0.0444216 -51.2476 -0.0547483 0.092803 -0.994178 -147.957 0 0 0 1 
				14
				0.270155 -0.962552 -0.0225953 -6.32839 -0.959536 -0.271096 0.0761471 -56.2876 -0.079421 0.00110945 -0.996841 -148.093 0 0 0 1 
				15
				0.43604 -0.899868 -0.0103296 6.03542 -0.89568 -0.435067 0.092055 -59.5229 -0.0873314 -0.0308876 -0.9957 -146.076 0 0 0 1 
				16
				0.496575 -0.849933 -0.17615 10.816 -0.867629 -0.491926 -0.0723169 -61.5381 -0.0251881 0.188743 -0.981704 -138.149 0 0 0 1 
				17
				0.385593 -0.727511 -0.567491 3.13611 -0.895561 -0.147108 -0.419917 -64.1737 0.222012 0.670139 -0.708254 -119.495 0 0 0 1 
				18
				0.20348 -0.362669 -0.909432 -7.20726 -0.776237 0.50634 -0.3756 -62.053 0.5967 0.782362 -0.178487 -96.5675 0 0 0 1 
				19
				0.0956909 -0.0182579 -0.995244 -11.4343 -0.575317 0.814907 -0.0702654 -57.2935 0.812314 0.579304 0.0674751 -82.6978 0 0 0 1 
				20
				0.0731476 0.0770095 -0.994344 -11.3415 -0.499059 0.866036 0.0303597 -55.6094 0.863475 0.494016 0.101781 -78.7854 0 0 0 1 
				21
				0.0756415 0.0641641 -0.995069 -11.3672 -0.50808 0.861144 0.016906 -55.8263 0.857982 0.504296 0.0977388 -79.233 0 0 0 1 
				22
				0.088603 0.012905 -0.995984 -11.4107 -0.550958 0.833657 -0.0382117 -56.7662 0.829816 0.552131 0.0809747 -81.3926 0 0 0 1 
				23
				0.095691 -0.0182579 -0.995244 -11.4343 -0.575317 0.814907 -0.0702654 -57.2935 0.812314 0.579304 0.0674751 -82.6978 0 0 0 1 
		</Joint>
			9
				-1
				-0.984336 0.0125497 -0.175857 -12.1547 0.119739 0.779713 -0.614581 -25.904 0.129405 -0.626011 -0.769002 -123.354 0 0 0 1 
				0
				-0.95208 0.154319 -0.264065 -14.2302 0.244649 0.902399 -0.354715 -13.0172 0.183552 -0.40232 -0.89691 -133.146 0 0 0 1 
				1
				-0.941795 0.305306 -0.140747 -8.50875 0.324992 0.933944 -0.148755 -2.48856 0.0860344 -0.185839 -0.978806 -140.739 0 0 0 1 
				2
				-0.885602 0.464404 0.00620382 -0.831477 0.463435 0.884477 -0.0541301 2.41982 -0.0306254 -0.0450627 -0.998515 -144.733 0 0 0 1 
				3
				-0.727416 0.682523 0.0709182 2.4795 0.684045 0.72943 -0.00378208 6.51399 -0.0543112 0.0457601 -0.997475 -145.85 0 0 0 1 
				4
				-0.446078 0.893477 0.052086 1.48797 0.894435 0.442987 0.0612212 12.3672 0.0316264 0.073897 -0.996764 -145.436 0 0 0 1 
				5
				-0.162774 0.986631 0.00803779 -0.805521 0.980338 0.160804 0.114363 16.9751 0.111541 0.026495 -0.993407 -144.531 0 0 0 1 
				6
				-0.0252661 0.999674 -0.00379638 -1.41479 0.990158 0.0255482 0.137598 18.4017 0.13765 -0.000282461 -0.990481 -144.228 0 0 0 1 
				7
				0.00944907 0.999954 -0.00164947 -1.25857 0.989965 -0.00912205 0.141022 18.0849 0.141001 -0.00296545 -0.990005 -144.386 0 0 0 1 
				8
				-0.00194313 0.999995 0.00237193 -0.982843 0.990849 0.00160523 0.134966 16.9586 0.134962 0.00261248 -0.990847 -144.711 0 0 0 1 
				9
				-0.0187161 0.999807 0.00600203 -0.731418 0.991601 0.0177935 0.128101 15.5928 0.12797 0.00834918 -0.991743 -145.024 0 0 0 1 
				10
				0.00252178 0.99997 0.007289 -0.631719 0.991534 -0.00344665 0.1298 14.6145 0.129821 0.00689997 -0.991513 -145.139 0 0 0 1 
				11
				0.0409655 0.999145 0.00555544 -0.74274 0.989579 -0.0413402 0.137927 14.0381 0.138039 -0.000152725 -0.990427 -144.981 0 0 0 1 
				12
				0.00785252 0.999969 0.000692651 -1.08808 0.990433 -0.00787307 0.137772 13.2038 0.137773 -0.000395831 -0.990464 -144.606 0 0 0 1 
				13
				-0.208158 0.978089 0.00328705 -1.17033 0.971803 0.206438 0.113937 11.3579 0.110762 0.0269114 -0.993482 -144.039 0 0 0 1 
				14
				-0.627214 0.777884 0.0387126 0.262313 0.778275 0.624075 0.0694193 8.48344 0.0298406 0.0736698 -0.996836 -143.008 0 0 0 1 
				15
				-0.932113 0.355851 0.0673477 1.41155 0.358003 0.933443 0.0227581 5.58039 -0.0547667 0.0453238 -0.99747 -141.362 0 0 0 1 
				16
				-0.99941 0.0205516 0.0275156 -0.741573 0.0192277 0.998684 -0.0475438 1.84528 -0.0284565 -0.0469866 -0.99849 -139.365 0 0 0 1 
				17
				-0.994241 -0.0513322 -0.0940727 -7.01933 -0.0297439 0.975508 -0.217941 -6.37101 0.102956 -0.213888 -0.971417 -136.023 0 0 0 1 
				18
				-0.97964 -0.00861709 -0.200576 -11.8032 0.0842136 0.889294 -0.449516 -17.7598 0.182244 -0.457256 -0.870462 -129.795 0 0 0 1 
				19
				-0.984336 0.0125498 -0.175857 -12.1547 0.119739 0.779713 -0.614581 -25.904 0.129405 -0.626011 -0.769002 -123.803 0 0 0 1 
				20
				-0.989072 0.00097062 -0.147431 -11.2073 0.0996969 0.741094 -0.663958 -28.5082 0.108616 -0.671401 -0.733092 -121.584 0 0 0 1 
				21
				-0.987811 0.00239359 -0.15564 -11.3317 0.105479 0.74561 -0.657981 -28.2113 0.114472 -0.666378 -0.736774 -121.846 0 0 0 1 
				22
				-0.985881 0.00842399 -0.167233 -11.8774 0.113593 0.767417 -0.631005 -26.7632 0.123022 -0.641092 -0.75754 -123.09 0 0 0 1 
				23
				-0.984336 0.0125497 -0.175857 -12.1547 0.119739 0.779713 -0.614581 -25.904 0.129405 -0.626011 -0.769002 -123.803 0 0 0 1 
		</Joint>
			10
				-1
				0.0216078 -0.723576 -0.689906 -25.4152 0.461866 0.619241 -0.634996 -24.2909 0.886687 -0.304923 0.347575 -121.611 0 0 0 1 
				0
				0.212647 -0.777469 -0.591881 -27.0561 -0.259501 0.539048 -0.801303 -9.72141 0.942041 0.323988 -0.087127 -130.673 0 0 0 1 
				1
				0.224902 -0.861221 -0.455761 -21.1961 -0.829719 0.0759673 -0.552987 1.88957 0.510867 0.502522 -0.697486 -139.58 0 0 0 1 
				2
				0.0178253 -0.972474 -0.232331 -12.7619 -0.999793 -0.0196125 0.0053847 8.66298 -0.00979308 0.232187 -0.972622 -145.146 0 0 0 1 
				3
				-0.502226 -0.852104 0.14727 -7.31989 -0.744494 0.512708 0.427621 15.7291 -0.439884 0.105121 -0.891881 -146.582 0 0 0 1 
				4
				-0.826904 -0.0628085 0.558825 -4.52137 0.178339 0.913157 0.366524 24.4166 -0.533316 0.40274 -0.743891 -145.01 0 0 0 1 
				5
				-0.439628 0.67314 0.594651 -2.99833 0.872735 0.476615 0.105693 30.1818 -0.212274 0.565438 -0.797006 -143.029 0 0 0 1 
				6
				-0.0955548 0.819003 0.565777 -1.75516 0.991577 0.128241 -0.0181694 31.7407 -0.0874365 0.559275 -0.824358 -142.374 0 0 0 1 
				7
				-0.0261578 0.824875 0.564711 -1.13128 0.996575 0.0658528 -0.0500294 31.4212 -0.0784557 0.561468 -0.823771 -142.486 0 0 0 1 
				8
				-0.0989717 0.817262 0.567703 -1.00902 0.990193 0.137414 -0.0251933 30.3068 -0.0986 0.559642 -0.822848 -142.893 0 0 0 1 
				9
				-0.183468 0.801971 0.568492 -0.983552 0.975555 0.219701 0.00490639 28.9511 -0.120964 0.555495 -0.822674 -143.3 0 0 0 1 
				10
				-0.144811 0.809874 0.568449 -0.597747 0.982733 0.184596 -0.0126469 27.972 -0.115176 0.556802 -0.822621 -143.39 0 0 0 1 
				11
				-0.0249049 0.824947 0.564661 -0.190873 0.995767 0.0704592 -0.0590189 27.3693 -0.0884731 0.560801 -0.82321 -143.122 0 0 0 1 
				12
				-0.0610177 0.822902 0.564898 -0.982299 0.994323 0.0995385 -0.037598 26.5464 -0.0871686 0.559397 -0.824304 -142.75 0 0 0 1 
				13
				-0.487038 0.64781 0.585778 -3.97454 0.847161 0.51351 0.136474 24.4496 -0.212393 0.562717 -0.798899 -142.547 0 0 0 1 
				14
				-0.850241 -0.265474 0.454549 -8.18721 -0.0195137 0.878817 0.476761 18.968 -0.526033 0.396492 -0.752386 -142.606 0 0 0 1 
				15
				-0.181243 -0.983008 -0.0290862 -11.1454 -0.882863 0.149607 0.445164 10.4032 -0.433248 0.106362 -0.894977 -142.1 0 0 0 1 
				16
				0.465618 -0.859265 -0.211812 -14.2051 -0.884986 -0.452047 -0.111596 2.10431 0.000142214 0.239412 -0.970918 -139.749 0 0 0 1 
				17
				0.522441 -0.825675 -0.212874 -20.4133 -0.605576 -0.183537 -0.774333 -6.7717 0.600277 0.533455 -0.595896 -134.636 0 0 0 1 
				18
				0.231942 -0.859783 -0.454947 -25.0004 -0.01773 0.463887 -0.885717 -16.6253 0.972568 0.213501 0.0923507 -127.34 0 0 0 1 
				19
				0.0216078 -0.723576 -0.689907 -25.4152 0.461866 0.619241 -0.634996 -24.2909 0.886687 -0.304923 0.347575 -122.06 0 0 0 1 
				20
				-0.00625758 -0.686486 -0.727116 -24.5315 0.605879 0.575864 -0.5489 -27.1651 0.795532 -0.443979 0.412324 -120.12 0 0 0 1 
				21
				-0.000200307 -0.690869 -0.72298 -24.639 0.590886 0.583186 -0.557447 -26.7904 0.806755 -0.42731 0.408108 -120.304 0 0 0 1 
				22
				0.0113966 -0.712596 -0.701482 -25.1587 0.511122 0.607106 -0.608421 -25.2329 0.859433 -0.351609 0.371142 -121.433 0 0 0 1 
				23
				0.0216078 -0.723576 -0.689906 -25.4152 0.461866 0.619241 -0.634996 -24.2909 0.886687 -0.304923 0.347575 -122.06 0 0 0 1 
		</Joint>
			11
				-1
				0.596422 -0.410256 -0.689906 -24.8153 -0.226495 0.738566 -0.634996 -11.4687 0.770053 0.534986 0.347575 -96.995 0 0 0 1 
				0
				0.580053 -0.559657 -0.591881 -21.1527 -0.498503 0.330769 -0.801303 -16.9256 0.64423 0.759853 -0.087127 -104.521 0 0 0 1 
				1
				0.317197 -0.831666 -0.455761 -14.9525 -0.83306 -0.0146865 -0.552987 -21.1449 0.453207 0.555083 -0.697486 -125.397 0 0 0 1 
				2
