<?xml version='1.0' encoding='UTF-8' ?>
<itpanim>
	<skeleton count>
		25
			0 -1
			1.37091e-06 -1 -6.12323e-17 1.44898e-05 1 1.37091e-06 -6.12323e-17 -1.98691e-11 6.12323e-17 -6.12323e-17 1 80.8015 0 0 0 1 
			1 0
			1.3868e-06 4.78456e-08 -1 -80.8015 2.75771e-06 -1 -4.78418e-08 1.44901e-05 -1 -2.75771e-06 -1.3868e-06 -0.000112056 0 0 0 1 
			2 1
			1.40269e-06 -0.000796318 -1 -90.1364 0 -1 0.000796318 0.0931538 -1 -1.11699e-09 -1.40269e-06 -2.58351e-07 0 0 0 1 
			3 2
			1.40269e-06 -0.000796318 -1 -116.969 0 -1 0.000796318 0.11452 -1 -1.11699e-09 -1.40269e-06 -3.17612e-07 0 0 0 1 
			4 3
			1.40269e-06 -0.000796318 -1 -143.801 0 -1 0.000796318 0.119367 -1 -1.11699e-09 -1.40269e-06 -3.31058e-07 0 0 0 1 
			5 4
			1 1.37091e-06 4.37113e-08 -2.89267 -1.37091e-06 1 3.58059e-15 -8.20407e-06 -4.37113e-08 -6.35048e-14 1 143.801 0 0 0 1 
			6 5
			0.995014 0.0902305 0.042489 -10.1726 -0.0897157 0.995871 -0.0138741 -0.527027 -0.0435655 0.00999304 0.999001 144.37 0 0 0 1 
			7 6
			0.994845 -0.0912189 0.0442967 -37.2146 0.0915704 0.995781 -0.00596753 -7.37347 -0.0435655 0.00999304 0.999001 144.37 0 0 0 1 
			8 7
			0.994845 -0.0912189 0.0442967 -64.9763 -0.0434925 0.0107859 0.998995 144.365 -0.091605 -0.995772 0.00676301 7.48842 0 0 0 1 
			9 4
			-1 -1.37091e-06 4.37114e-08 -2.89267 -1.37091e-06 1 3.84662e-15 -8.20407e-06 -4.37115e-08 -5.60777e-14 -1 -143.801 0 0 0 1 
			10 9
			-0.995014 0.0902277 0.042489 -10.1726 0.089713 0.995871 -0.0138741 -0.527027 -0.0435654 -0.00999316 -0.999001 -144.37 0 0 0 1 
			11 10
			-0.994845 -0.0912216 0.0442967 -37.2146 -0.0915731 0.99578 -0.00596753 -7.37347 -0.0435654 -0.00999316 -0.999001 -144.37 0 0 0 1 
			12 11
			-0.994845 -0.0912216 0.0442967 -64.9763 0.0434925 0.0107861 0.998995 144.365 -0.0916078 0.995772 -0.00676301 -7.48842 0 0 0 1 
			13 4
			1.34309e-06 -5.95475e-08 -1 -149.889 -1.40269e-06 -1 5.95456e-08 7.93768e-06 -1 1.40269e-06 -1.34309e-06 -0.000201315 0 0 0 1 
			14 13
			1 -0 0 0 0 1 0 0 -0 -0 1 -0 0 0 0 1 
			15 2
			1.37369e-06 -0.0998334 0.995004 80.3979 0 -0.995004 -0.0998334 -8.06668 1 1.3714e-07 -1.36683e-06 -8.2648 0 0 0 1 
			16 15
			1.37369e-06 0.0998334 0.995004 45.0607 0 -0.995004 0.0998334 0.903508 1 -1.3714e-07 -1.36683e-06 -8.2648 0 0 0 1 
			17 16
			1.3716e-06 -6.00745e-14 1 9.05003 0 -1 -6.00745e-14 1.19116e-05 1 8.23984e-20 -1.3716e-06 -8.2648 0 0 0 1 
			18 17
			1.3723e-06 -1 -6.00133e-14 -12.2319 0 6.00133e-14 -1 -0.75718 1 1.3723e-06 8.23562e-20 -8.2648 0 0 0 1 
			19 18
			1 -0 0 0 0 1 0 0 -0 -0 1 -0 0 0 0 1 
			20 2
			1.37369e-06 -0.0998334 0.995004 80.3979 0 -0.995004 -0.0998334 -8.06668 1 1.3714e-07 -1.36683e-06 8.26481 0 0 0 1 
			21 20
			1.37369e-06 0.0998334 0.995004 45.0607 0 -0.995004 0.0998334 0.903507 1 -1.3714e-07 -1.36683e-06 8.26481 0 0 0 1 
			22 21
			1.3716e-06 -6.00745e-14 1 9.05003 0 -1 -6.00745e-14 1.19116e-05 1 8.23984e-20 -1.3716e-06 8.26481 0 0 0 1 
			23 22
			1.3723e-06 -1 5.98908e-14 -12.2319 0 -5.98908e-14 -1 -0.75718 1 1.3723e-06 -8.21882e-20 8.26481 0 0 0 1 
			24 23
			1 -0 0 0 0 1 0 0 -0 -0 1 -0 0 0 0 1 
	</skeleton>
		<animations>
			17
			0
				-1
				-0.573575 0.819153 -2.02144e-33 0 -0.819153 -0.573575 -1.36318e-32 2.85 -1.2326e-32 -6.16298e-33 1 -68.2364 0 0 0 1 
				0
				-0.505843 0.862626 0 0 -0.862626 -0.505843 -0 1.46004 -0 -0 1 -70.1902 0 0 0 1 
				1
				-0.429402 0.903114 0 0 -0.903114 -0.429402 -0 -0.033896 -0 -0 1 -72.3934 0 0 0 1 
				2
				-0.347512 0.937676 0 0 -0.937676 -0.347512 -0 -1.56903 -0 -0 1 -74.6954 0 0 0 1 
				3
				-0.264082 0.9645 0 0 -0.9645 -0.264082 -0 -3.08259 -0 -0 1 -76.9456 0 0 0 1 
				4
				-0.183318 0.983054 3.02927e-33 0 -0.983054 -0.183318 -5.64892e-34 -4.51374 -0 -3.08149e-33 1 -78.9982 0 0 0 1 
				5
				-0.109543 0.993982 5.84489e-34 0 -0.993982 -0.109543 1.23362e-32 -5.80169 1.2326e-32 7.70372e-34 1 -80.7074 0 0 0 1 
				6
				-0.0470798 0.998891 -1.95544e-34 0 -0.998891 -0.0470798 -1.23304e-32 -6.88364 -1.2326e-32 -3.85186e-34 1 -81.9226 0 0 0 1 
				7
				1.46474e-06 1 0 0 -1 1.46474e-06 0 -7.69682 -0 -0 1 -82.4931 0 0 0 1 
				8
				0.0292568 0.999572 -2.44035e-35 0 -0.999572 0.0292568 -1.23319e-32 -8.20199 -1.2326e-32 3.85186e-34 1 -82.3251 0 0 0 1 
				9
				0.0429396 0.999078 3.84831e-34 0 -0.999078 0.0429396 1.65397e-35 -8.43839 -0 -3.85186e-34 1 -81.5124 0 0 0 1 
				10
				0.0446992 0.999 1.66159e-34 0 -0.999 0.0446992 -1.23308e-32 -8.4688 -1.2326e-32 3.85186e-34 1 -80.2057 0 0 0 1 
				11
				0.0381711 0.999271 6.8422e-34 0 -0.999271 0.0381711 1.23611e-32 -8.356 1.2326e-32 -1.15556e-33 1 -78.5556 0 0 0 1 
				12
				0.0268715 0.999639 3.31217e-34 0 -0.999639 0.0268715 -1.23215e-32 -8.1608 -1.2326e-32 -0 1 -76.7078 0 0 0 1 
				13
				0.0143181 0.999897 -1.76485e-34 0 -0.999897 0.0143181 1.23247e-32 -7.94401 1.2326e-32 -0 1 -74.8083 0 0 0 1 
				14
				0.00414853 0.999992 0 0 -0.999992 0.00414853 0 -7.76842 -0 -0 1 -73.0076 0 0 0 1 
				15
				1.46474e-06 1 0 0 -1 1.46474e-06 0 -7.69682 -0 -0 1 -71.4563 0 0 0 1 
		</Joint>
			1
				-1
				1.33158e-06 -0.573574 -0.819154 0 0 -0.819154 0.573574 2.85 -1 -7.6376e-07 -1.09077e-06 -68.2364 0 0 0 1 
				0
				1.33158e-06 -0.505841 -0.862627 0 0 -0.862627 0.505841 1.46004 -1 -6.73569e-07 -1.14866e-06 -70.1902 0 0 0 1 
				1
				1.33158e-06 -0.4294 -0.903114 0 0 -0.903114 0.4294 -0.033896 -1 -5.71781e-07 -1.20257e-06 -72.3934 0 0 0 1 
				2
				1.33158e-06 -0.34751 -0.937676 0 0 -0.937676 0.34751 -1.56903 -1 -4.62738e-07 -1.24859e-06 -74.6954 0 0 0 1 
				3
				1.33158e-06 -0.264081 -0.964501 0 0 -0.964501 0.264081 -3.08259 -1 -3.51645e-07 -1.28431e-06 -76.9456 0 0 0 1 
				4
				1.33158e-06 -0.183317 -0.983054 0 0 -0.983054 0.183317 -4.51374 -1 -2.44101e-07 -1.30902e-06 -78.9982 0 0 0 1 
				5
				1.33158e-06 -0.109542 -0.993982 0 0 -0.993982 0.109542 -5.80169 -1 -1.45864e-07 -1.32357e-06 -80.7074 0 0 0 1 
				6
				1.33158e-06 -0.0470785 -0.998891 0 0 -0.998891 0.0470785 -6.88364 -1 -6.26888e-08 -1.3301e-06 -81.9226 0 0 0 1 
				7
				1.33158e-06 2.79632e-06 -1 0 0 -1 -2.79632e-06 -7.69682 -1 3.72352e-12 -1.33158e-06 -82.4931 0 0 0 1 
				8
				1.33158e-06 0.0292581 -0.999572 0 0 -0.999572 -0.0292581 -8.20199 -1 3.89595e-08 -1.33101e-06 -82.3251 0 0 0 1 
				9
				1.33158e-06 0.0429409 -0.999078 0 0 -0.999078 -0.0429409 -8.43839 -1 5.71793e-08 -1.33035e-06 -81.5124 0 0 0 1 
				10
				1.33158e-06 0.0447005 -0.999 0 0 -0.999 -0.0447005 -8.4688 -1 5.95223e-08 -1.33025e-06 -80.2057 0 0 0 1 
				11
				1.33158e-06 0.0381725 -0.999271 0 0 -0.999271 -0.0381725 -8.356 -1 5.08297e-08 -1.33061e-06 -78.5556 0 0 0 1 
				12
				1.33158e-06 0.0268729 -0.999639 0 0 -0.999639 -0.0268729 -8.1608 -1 3.57834e-08 -1.3311e-06 -76.7078 0 0 0 1 
				13
				1.33158e-06 0.0143195 -0.999897 0 0 -0.999897 -0.0143195 -7.94401 -1 1.90675e-08 -1.33144e-06 -74.8083 0 0 0 1 
				14
				1.33158e-06 0.00414986 -0.999992 0 0 -0.999992 -0.00414986 -7.76842 -1 5.52587e-09 -1.33157e-06 -73.0076 0 0 0 1 
				15
				1.33158e-06 2.79632e-06 -1 0 0 -1 -2.79632e-06 -7.69682 -1 3.72352e-12 -1.33158e-06 -71.4563 0 0 0 1 
		</Joint>
			2
				-1
				-0.171245 -0.296064 -0.939692 0.00633169 -0.470496 -0.813422 0.342021 2.86736 -0.865626 0.500691 -2.35749e-06 -77.5819 0 0 0 1 
				0
				-0.139636 -0.244373 -0.959575 0.00522773 -0.488906 -0.825695 0.281423 1.47767 -0.861088 0.508438 -0.00417881 -79.5359 0 0 0 1 
				1
				-0.103333 -0.187315 -0.97685 0.00400963 -0.506333 -0.835425 0.213757 -0.0160606 -0.856125 0.516699 -0.00851698 -81.7393 0 0 0 1 
				2
				-0.0639445 -0.128172 -0.989688 0.00274734 -0.521339 -0.841343 0.142645 -1.55107 -0.850951 0.525084 -0.013022 -84.0415 0 0 0 1 
				3
				-0.0234807 -0.0703211 -0.997248 0.00151176 -0.532989 -0.843053 0.0719975 -3.06459 -0.845796 0.533213 -0.0176848 -86.2919 0 0 0 1 
				4
				0.0158095 -0.0169809 -0.999731 0.000373158 -0.540963 -0.841027 0.00573061 -4.49578 -0.840898 0.540727 -0.0224822 -88.3447 0 0 0 1 
				5
				0.0515193 0.028811 -0.998256 -0.000604529 -0.545532 -0.836457 -0.0522958 -5.78383 -0.836505 0.547275 -0.0273763 -90.054 0 0 0 1 
				6
				0.0811568 0.0641658 -0.994634 -0.00135966 -0.547468 -0.831036 -0.0982822 -6.8659 -0.832882 0.552506 -0.0323155 -91.2693 0 0 0 1 
				7
				0.102303 0.0863984 -0.990994 -0.00183406 -0.547846 -0.826632 -0.128624 -7.67917 -0.830301 0.556071 -0.0372342 -91.8399 0 0 0 1 
				8
				0.113435 0.0939934 -0.989089 -0.00199596 -0.547721 -0.824663 -0.141184 -8.18439 -0.828935 0.557761 -0.0420635 -91.6719 0 0 0 1 
				9
				0.115735 0.0889796 -0.989286 -0.00188895 -0.547677 -0.825182 -0.138291 -8.42077 -0.828647 0.557814 -0.0467706 -90.8592 0 0 0 1 
				10
				0.111252 0.0743126 -0.99101 -0.00157525 -0.547781 -0.82745 -0.123542 -8.45113 -0.829191 0.556601 -0.0513483 -89.5525 0 0 0 1 
				11
				0.102069 0.0528719 -0.993371 -0.0011174 -0.547859 -0.830512 -0.100497 -8.33826 -0.83032 0.554485 -0.0558034 -87.9023 0 0 0 1 
				12
				0.0902154 0.0274612 -0.995544 -0.000574219 -0.547708 -0.833512 -0.0726246 -8.143 -0.831792 0.551819 -0.0601549 -86.0545 0 0 0 1 
				13
				0.0777059 0.000939649 -0.996976 -7.69301e-06 -0.547233 -0.835852 -0.04344 -7.92616 -0.833365 0.548954 -0.0644364 -84.155 0 0 0 1 
				14
				0.0665899 -0.0236826 -0.997499 0.000518182 -0.546515 -0.837285 -0.0166048 -7.75054 -0.834798 0.546254 -0.0686976 -82.3542 0 0 0 1 
				15
				0.0588777 -0.043365 -0.997323 0.000938862 -0.545794 -0.837909 0.00421207 -7.67893 -0.835848 0.544085 -0.0730025 -80.8028 0 0 0 1 
		</Joint>
			3
				-1
				-0.17587 -0.0124096 -0.984335 -4.58832 -0.615202 -0.779224 0.119741 -9.74053 -0.768503 0.626624 0.129407 -100.822 0 0 0 1 
				0
				-0.139696 0.021201 -0.989968 -3.74198 -0.639266 -0.765435 0.0738157 -11.6245 -0.756191 0.643164 0.120482 -102.655 0 0 0 1 
				1
				-0.0972918 0.0576135 -0.993587 -2.76988 -0.6625 -0.748754 0.021455 -13.5862 -0.742717 0.660339 0.111017 -104.725 0 0 0 1 
				2
				-0.0507763 0.093482 -0.994325 -1.71503 -0.683027 -0.729615 -0.0337156 -15.5243 -0.728626 0.677439 0.100898 -106.889 0 0 0 1 
				3
				-0.0028285 0.125874 -0.992042 -0.631222 -0.699607 -0.709091 -0.0879773 -17.3508 -0.714522 0.693791 0.0900679 -109.001 0 0 0 1 
				4
				0.0435278 0.152443 -0.987353 0.421322 -0.711792 -0.688756 -0.13772 -18.9964 -0.70104 0.708785 0.0785276 -110.923 0 0 0 1 
				5
				0.0850349 0.171343 -0.981535 1.37812 -0.71989 -0.670499 -0.179414 -20.4074 -0.68886 0.721853 0.066332 -112.515 0 0 0 1 
				6
				0.118298 0.181051 -0.976333 2.1724 -0.724813 -0.656311 -0.209528 -21.5418 -0.678714 0.732445 0.0535874 -113.633 0 0 0 1 
				7
				0.14 0.180226 -0.973611 2.73936 -0.727799 -0.647969 -0.2246 -22.3653 -0.671348 0.740037 0.0404523 -114.135 0 0 0 1 
				8
				0.148027 0.168222 -0.974571 3.03815 -0.729968 -0.646276 -0.222429 -22.8673 -0.667259 0.744331 0.0271301 -113.93 0 0 0 1 
				9
				0.143965 0.14671 -0.978647 3.10043 -0.731841 -0.649884 -0.205083 -23.1024 -0.666095 0.745739 0.0138078 -113.11 0 0 0 1 
				10
				0.130609 0.117809 -0.98441 2.98107 -0.733322 -0.656735 -0.17589 -23.1354 -0.667218 0.744862 0.000616565 -111.818 0 0 0 1 
				11
				0.110833 0.083538 -0.990322 2.73586 -0.73407 -0.664854 -0.138238 -23.0244 -0.669967 0.742287 -0.0123653 -110.198 0 0 0 1 
				12
				0.0874461 0.0459339 -0.99511 2.41914 -0.733814 -0.672601 -0.0955315 -22.8249 -0.6737 0.738579 -0.0251094 -108.389 0 0 0 1 
				13
				0.063229 0.00720464 -0.997973 2.08487 -0.732548 -0.678779 -0.0513127 -22.5952 -0.677772 0.734308 -0.0376408 -106.532 0 0 0 1 
				14
				0.0409751 -0.0302032 -0.998703 1.78793 -0.730636 -0.682703 -0.00933014 -22.4003 -0.681537 0.730071 -0.0500414 -104.769 0 0 0 1 
				15
				0.0233719 -0.0637444 -0.997692 1.58213 -0.728775 -0.684235 0.0266448 -22.3093 -0.684354 0.726471 -0.0624472 -103.246 0 0 0 1 
		</Joint>
			4
				-1
				-0.17587 -0.0124096 -0.984335 -9.30726 -0.615202 -0.779224 0.119741 -26.2441 -0.768503 0.626624 0.129407 -121.446 0 0 0 1 
				0
				-0.139696 0.021201 -0.989968 -7.49048 -0.639266 -0.765435 0.0738157 -28.7738 -0.756191 0.643164 0.120482 -122.948 0 0 0 1 
				1
				-0.0972918 0.0576135 -0.993587 -5.38073 -0.6625 -0.748754 0.021455 -31.359 -0.742717 0.660339 0.111017 -124.657 0 0 0 1 
				2
				-0.0507763 0.093482 -0.994325 -3.07794 -0.683027 -0.729615 -0.0337156 -33.848 -0.728626 0.677439 0.100898 -126.443 0 0 0 1 
				3
				-0.00282849 0.125874 -0.992042 -0.707728 -0.699607 -0.709091 -0.0879773 -36.1195 -0.714522 0.693791 0.0900679 -128.177 0 0 0 1 
				4
				0.0435278 0.152443 -0.987353 1.58854 -0.711792 -0.688756 -0.13772 -38.0922 -0.70104 0.708785 0.0785276 -129.737 0 0 0 1 
				5
				0.0850349 0.171343 -0.981535 3.65898 -0.71989 -0.670499 -0.179414 -39.7206 -0.68886 0.721853 0.066332 -131.002 0 0 0 1 
				6
				0.118298 0.181051 -0.976333 5.34575 -0.724813 -0.656311 -0.209528 -40.9871 -0.678714 0.732445 0.0535874 -131.848 0 0 0 1 
				7
				0.14 0.180226 -0.973611 6.49503 -0.727799 -0.647969 -0.2246 -41.8908 -0.671348 0.740037 0.0404523 -132.152 0 0 0 1 
				8
				0.148028 0.168222 -0.974571 7.00926 -0.729968 -0.646276 -0.222429 -42.4509 -0.667259 0.744331 0.0271301 -131.838 0 0 0 1 
				9
				0.143965 0.14671 -0.978647 6.96265 -0.731841 -0.649884 -0.205083 -42.7363 -0.666095 0.745739 0.0138078 -130.986 0 0 0 1 
				10
				0.130609 0.117809 -0.98441 6.48506 -0.733323 -0.656735 -0.175891 -42.809 -0.667218 0.744863 0.000616556 -129.724 0 0 0 1 
				11
				0.110833 0.083538 -0.990322 5.70939 -0.73407 -0.664854 -0.138238 -42.7181 -0.669967 0.742287 -0.0123653 -128.178 0 0 0 1 
				12
				0.0874461 0.0459339 -0.99511 4.76531 -0.733814 -0.672601 -0.0955315 -42.5117 -0.6737 0.738579 -0.0251094 -126.47 0 0 0 1 
				13
				0.063229 0.00720464 -0.997973 3.78143 -0.732548 -0.678779 -0.0513127 -42.248 -0.677772 0.734308 -0.0376408 -124.722 0 0 0 1 
				14
				0.0409751 -0.0302032 -0.998703 2.88754 -0.730636 -0.682703 -0.00933014 -42.0017 -0.681537 0.730071 -0.0500414 -123.06 0 0 0 1 
				15
				0.0233719 -0.0637444 -0.997692 2.20957 -0.728775 -0.684235 0.0266448 -41.8608 -0.684354 0.726471 -0.0624472 -121.613 0 0 0 1 
		</Joint>
			5
				-1
				0.984335 0.0125497 0.175862 -6.45995 -0.119743 0.779713 0.61458 -26.5942 -0.129409 -0.626011 0.769001 -121.817 0 0 0 1 
				0
				0.989967 -0.0210898 0.139716 -4.62672 -0.0738174 0.765944 0.638656 -28.9911 -0.120484 -0.642562 0.756702 -123.294 0 0 0 1 
				1
				0.993587 -0.057536 0.0973404 -2.50633 -0.0214569 0.749282 0.661904 -31.4247 -0.111019 -0.659747 0.743242 -124.975 0 0 0 1 
				2
				0.994325 -0.0934416 0.0508535 -0.20122 0.0337138 0.730159 0.682445 -33.754 -0.1009 -0.676858 0.729165 -126.732 0 0 0 1 
				3
				0.992042 -0.125872 0.00293149 2.16254 0.0879754 0.709648 0.699043 -35.8685 -0.0900699 -0.693222 0.715074 -128.434 0 0 0 1 
				4
				0.987353 -0.152477 -0.0434037 4.44537 0.137718 0.689323 0.711244 -37.6971 -0.0785295 -0.708227 0.701604 -129.961 0 0 0 1 
				5
				0.981535 -0.17141 -0.0848957 6.49908 0.179412 0.671072 0.719356 -39.2048 -0.0663339 -0.721304 0.689434 -131.191 0 0 0 1 
				6
				0.976334 -0.181145 -0.118151 8.17085 0.209526 0.656888 0.724291 -40.3841 -0.0535893 -0.731905 0.679297 -132 0 0 0 1 
				7
				0.973611 -0.180337 -0.139854 9.31225 0.224598 0.648548 0.727283 -41.2443 -0.0404541 -0.739502 0.671937 -132.266 0 0 0 1 
				8
				0.974572 -0.16834 -0.147891 9.8292 0.222427 0.646857 0.729453 -41.8106 -0.0271319 -0.7438 0.667852 -131.913 0 0 0 1 
				9
				0.978647 -0.146824 -0.143845 9.79427 0.205081 0.650467 0.731324 -42.1462 -0.0138097 -0.745209 0.666689 -131.023 0 0 0 1 
				10
				0.98441 -0.117913 -0.130513 9.33321 0.175888 0.657319 0.7328 -42.3034 -0.000618422 -0.744331 0.667811 -129.722 0 0 0 1 
				11
				0.990322 -0.0836262 -0.110764 8.57447 0.138236 0.665438 0.733541 -42.3214 0.0123634 -0.741754 0.670558 -128.139 0 0 0 1 
				12
				0.99511 -0.0460035 -0.0874068 7.64406 0.0955295 0.673185 0.733278 -42.2386 0.0251075 -0.738042 0.674288 -126.394 0 0 0 1 
				13
				0.997973 -0.00725499 -0.0632205 6.66828 0.0513106 0.679362 0.732007 -42.1028 0.0376389 -0.733768 0.678357 -124.609 0 0 0 1 
				14
				0.998704 0.0301706 -0.0409963 5.77632 0.00932808 0.683285 0.730092 -41.978 0.0500394 -0.729528 0.682118 -122.912 0 0 0 1 
				15
				0.997693 0.0637258 -0.0234198 5.09526 -0.0266468 0.684815 0.72823 -41.9411 0.0624453 -0.725926 0.684933 -121.428 0 0 0 1 
		</Joint>
			6
				-1
				-0.322957 0.167825 -0.931415 6.80052 -0.496233 0.807992 0.317649 -28.2073 0.805886 0.564786 -0.177666 -123.561 0 0 0 1 
				0
				-0.298111 0.0561311 -0.95288 8.70963 -0.535158 0.816792 0.21554 -29.9855 0.790403 0.574195 -0.213455 -124.917 0 0 0 1 
				1
				-0.263793 -0.0634663 -0.962489 10.8788 -0.575287 0.811291 0.104175 -31.7138 0.774247 0.581188 -0.250524 -126.471 0 0 0 1 
				2
				-0.221731 -0.184172 -0.957557 13.1938 -0.614089 0.789179 -0.00958908 -33.2998 0.75745 0.585899 -0.288084 -128.091 0 0 0 1 
				3
				-0.174506 -0.299093 -0.938132 15.5268 -0.649548 0.751012 -0.11861 -34.6833 0.740024 0.588664 -0.325331 -129.648 0 0 0 1 
				4
				-0.125367 -0.402252 -0.906905 17.7465 -0.68049 0.700062 -0.216441 -35.8418 0.721954 0.590005 -0.361493 -131.019 0 0 0 1 
				5
				-0.0781176 -0.489165 -0.868686 19.7218 -0.70669 0.641778 -0.297841 -36.7879 0.703197 0.590625 -0.395822 -132.084 0 0 0 1 
				6
				-0.0370149 -0.557052 -0.829653 21.3235 -0.728844 0.583043 -0.358954 -37.5615 0.683678 0.591401 -0.427585 -132.722 0 0 0 1 
				7
				-0.00653039 -0.604809 -0.796343 22.4283 -0.748324 0.531194 -0.397296 -38.2186 0.663301 0.593329 -0.456062 -132.811 0 0 0 1 
				8
				0.00995057 -0.633499 -0.77368 22.9581 -0.766665 0.491895 -0.412631 -38.8142 0.64197 0.597259 -0.480787 -132.278 0 0 0 1 
				9
				0.0132289 -0.647697 -0.761784 22.9781 -0.784732 0.46543 -0.409353 -39.3834 0.619694 0.603211 -0.502111 -131.209 0 0 0 1 
				10
				0.00567892 -0.651876 -0.758305 22.5947 -0.802555 0.449411 -0.392346 -39.9339 0.596551 0.610809 -0.520614 -129.731 0 0 0 1 
				11
				-0.00995042 -0.649596 -0.760215 21.9156 -0.819744 0.440674 -0.365822 -40.4592 0.572643 0.619542 -0.536887 -127.972 0 0 0 1 
				12
				-0.030633 -0.643859 -0.764531 21.0497 -0.835869 0.435914 -0.333619 -40.9516 0.548073 0.628828 -0.551535 -126.055 0 0 0 1 
				13
				-0.0529837 -0.637502 -0.768625 20.1125 -0.850718 0.431896 -0.299574 -41.4116 0.522945 0.638011 -0.565218 -124.102 0 0 0 1 
				14
				-0.0731716 -0.633404 -0.770353 19.2304 -0.864456 0.425482 -0.267732 -41.8523 0.497355 0.646346 -0.578683 -122.238 0 0 0 1 
				15
				-0.0870739 -0.634357 -0.768121 18.5357 -0.877617 0.413696 -0.242167 -42.3001 0.471389 0.653029 -0.592744 -120.587 0 0 0 1 
		</Joint>
			7
				-1
				-0.333876 0.144889 -0.931415 -2.16533 -0.551384 0.771411 0.317649 -41.9836 0.764527 0.619623 -0.177666 -101.188 0 0 0 1 
				0
				-0.301149 0.0364642 -0.95288 0.433558 -0.58756 0.779946 0.21554 -44.8424 0.751054 0.624784 -0.213455 -102.974 0 0 0 1 
				1
				-0.2594 -0.0795379 -0.962489 3.55543 -0.623998 0.774451 0.104175 -47.6847 0.737115 0.627614 -0.250524 -104.976 0 0 0 1 
				2
				-0.210836 -0.196552 -0.957557 7.03818 -0.658217 0.752767 -0.00958909 -50.348 0.722702 0.628259 -0.288084 -107.063 0 0 0 1 
				3
				-0.158409 -0.307921 -0.938132 10.6822 -0.688439 0.71553 -0.11861 -52.7159 0.707784 0.627058 -0.325331 -109.103 0 0 0 1 
				4
				-0.105583 -0.407892 -0.906905 14.2661 -0.713849 0.666013 -0.216441 -54.7334 0.692295 0.62454 -0.361493 -110.976 0 0 0 1 
				5
				-0.0562136 -0.492163 -0.868686 17.5532 -0.734622 0.609607 -0.297841 -56.4068 0.676144 0.621413 -0.395822 -112.562 0 0 0 1 
				6
				-0.0144647 -0.558093 -0.829653 20.2959 -0.751819 0.553101 -0.358954 -57.7955 0.659211 0.618557 -0.427585 -113.742 0 0 0 1 
				7
				0.0153886 -0.604649 -0.796344 22.247 -0.76708 0.50373 -0.397296 -58.9934 0.641367 0.616973 -0.456062 -114.396 0 0 0 1 
				8
				0.0302431 -0.632855 -0.77368 23.2344 -0.782032 0.467078 -0.412631 -60.0982 0.622504 0.617521 -0.480787 -114.456 0 0 0 1 
				9
				0.0312597 -0.647077 -0.761784 23.3454 -0.797389 0.443398 -0.409353 -61.169 0.602657 0.620234 -0.502111 -114.005 0 0 0 1 
				10
				0.0210955 -0.651559 -0.758305 22.7523 -0.81296 0.430303 -0.392346 -62.2142 0.581938 0.624748 -0.520614 -113.17 0 0 0 1 
				11
				0.00269068 -0.649666 -0.760215 21.6394 -0.828163 0.424641 -0.365822 -63.2167 0.56048 0.630566 -0.536887 -112.075 0 0 0 1 
				12
				-0.0208029 -0.644251 -0.764531 20.1993 -0.842424 0.423107 -0.333619 -64.1568 0.538412 0.63712 -0.551535 -110.84 0 0 0 1 
				13
				-0.0459257 -0.638049 -0.768625 18.6416 -0.855446 0.422455 -0.299574 -65.029 0.515853 0.643759 -0.565218 -109.584 0 0 0 1 
				14
				-0.0688181 -0.633892 -0.770353 17.199 -0.867359 0.419533 -0.267732 -65.8511 0.492902 0.649748 -0.578683 -108.43 0 0 0 1 
				15
				-0.085377 -0.634587 -0.768121 16.1183 -0.87872 0.411347 -0.242167 -66.6643 0.469641 0.654288 -0.592744 -107.501 0 0 0 1 
		</Joint>
			8
				-1
				0.095691 -0.0182578 -0.995244 -11.4343 -0.575317 0.814907 -0.0702653 -57.291 0.812314 0.579304 0.0674752 -79.9632 0 0 0 1 
				0
				0.112384 -0.100325 -0.988587 -7.92688 -0.595862 0.789361 -0.147845 -61.1541 0.795185 0.605677 0.0289317 -82.1233 0 0 0 1 
				1
				0.140247 -0.186261 -0.972439 -3.64596 -0.61753 0.751258 -0.232957 -65.008 0.773943 0.633181 -0.00966041 -84.5129 0 0 0 1 
				2
				0.177445 -0.269573 -0.94649 1.18501 -0.637941 0.700815 -0.319201 -68.6212 0.749363 0.660446 -0.0476153 -86.9994 0 0 0 1 
				3
				0.220853 -0.344553 -0.912419 6.28454 -0.655275 0.640494 -0.400478 -71.8282 0.722384 0.686332 -0.0843219 -89.4541 0 0 0 1 
				4
				0.266308 -0.407088 -0.873704 11.3349 -0.668881 0.574615 -0.47161 -74.5511 0.694031 0.709997 -0.119269 -91.7568 0 0 0 1 
				5
				0.308899 -0.454945 -0.835228 15.9926 -0.679599 0.508784 -0.528473 -76.8012 0.665377 0.730865 -0.152017 -93.7912 0 0 0 1 
				6
				0.343248 -0.487656 -0.802729 19.8944 -0.689735 0.449241 -0.567845 -78.6673 0.637531 0.748582 -0.182152 -95.4407 0 0 0 1 
				7
				0.363853 -0.506102 -0.781966 22.6742 -0.702551 0.402098 -0.587145 -80.2889 0.611583 0.763006 -0.209258 -96.5907 0 0 0 1 
				8
				0.366573 -0.512239 -0.776682 24.074 -0.72082 0.371449 -0.585187 -81.8087 0.588254 0.774362 -0.233069 -97.1743 0 0 0 1 
				9
				0.352372 -0.509345 -0.785113 24.2132 -0.744436 0.355843 -0.56497 -83.3059 0.567141 0.783546 -0.253785 -97.2741 0 0 0 1 
				10
				0.324091 -0.499902 -0.803158 23.338 -0.771485 0.351692 -0.53021 -84.7834 0.547518 0.791461 -0.271687 -97.0139 0 0 0 1 
				11
				0.285052 -0.485599 -0.826401 21.7141 -0.799545 0.355054 -0.484421 -86.208 0.528652 0.79883 -0.28705 -96.5147 0 0 0 1 
				12
				0.239033 -0.467929 -0.850827 19.6217 -0.82641 0.362012 -0.431269 -87.544 0.509813 0.80622 -0.300168 -95.8927 0 0 0 1 
				13
				0.190392 -0.448654 -0.87319 17.3666 -0.85055 0.368769 -0.374933 -88.7777 0.490221 0.814076 -0.311391 -95.2633 0 0 0 1 
				14
				0.14412 -0.43004 -0.891233 15.2885 -0.871369 0.371688 -0.320255 -89.9305 0.468983 0.822748 -0.321156 -94.7466 0 0 0 1 
				15
				0.105559 -0.414699 -0.903815 13.7481 -0.889236 0.367458 -0.272458 -91.0591 0.445102 0.832466 -0.329977 -94.4625 0 0 0 1 
		</Joint>
			9
				-1
				-0.984336 0.0125497 -0.175857 -12.1547 0.119739 0.779713 -0.614581 -25.9015 0.129405 -0.626011 -0.769002 -121.069 0 0 0 1 
				0
				-0.989968 -0.0210898 -0.13971 -10.354 0.0738139 0.765944 -0.638656 -28.564 0.120479 -0.642562 -0.756703 -122.597 0 0 0 1 
				1
				-0.993587 -0.057536 -0.0973348 -8.25458 0.0214532 0.749282 -0.661904 -31.3006 0.111015 -0.659747 -0.743242 -124.333 0 0 0 1 
				2
				-0.994325 -0.0934416 -0.0508479 -5.95375 -0.0337176 0.730159 -0.682445 -33.949 0.100896 -0.676858 -0.729166 -126.148 0 0 0 1 
				3
				-0.992042 -0.125872 -0.00292594 -3.57678 -0.0879793 0.709648 -0.699042 -36.3774 0.0900659 -0.693222 -0.715075 -127.913 0 0 0 1 
				4
				-0.987353 -0.152477 0.0434092 -1.26681 -0.137722 0.689323 -0.711243 -38.4939 0.0785256 -0.708226 -0.701605 -129.507 0 0 0 1 
				5
				-0.981535 -0.17141 0.0849012 0.820549 -0.179416 0.671072 -0.719355 -40.2428 0.0663301 -0.721304 -0.689435 -130.807 0 0 0 1 
				6
				-0.976333 -0.181145 0.118157 2.52241 -0.209531 0.656888 -0.724289 -41.5963 0.0535855 -0.731905 -0.679297 -131.69 0 0 0 1 
				7
				-0.97361 -0.180337 0.13986 3.67957 -0.224602 0.648548 -0.727282 -42.5437 0.0404504 -0.739502 -0.671937 -132.032 0 0 0 1 
				8
				-0.974571 -0.16834 0.147896 4.19096 -0.222431 0.646857 -0.729452 -43.0975 0.0271282 -0.7438 -0.667852 -131.756 0 0 0 1 
				9
				-0.978647 -0.146824 0.143851 4.13245 -0.205085 0.650467 -0.731323 -43.3327 0.0138059 -0.745209 -0.666689 -130.943 0 0 0 1 
				10
				-0.984409 -0.117913 0.130518 3.63805 -0.175893 0.657319 -0.732799 -43.321 0.00061469 -0.744331 -0.667811 -129.719 0 0 0 1 
				11
				-0.990322 -0.0836262 0.11077 2.84511 -0.13824 0.665438 -0.73354 -43.1212 -0.0123672 -0.741754 -0.670558 -128.21 0 0 0 1 
				12
				-0.995109 -0.0460035 0.0874123 1.887 -0.0955336 0.673185 -0.733277 -42.7913 -0.0251113 -0.738042 -0.674287 -126.539 0 0 0 1 
				13
				-0.997973 -0.00725499 0.0632261 0.894646 -0.0513147 0.679362 -0.732007 -42.3997 -0.0376427 -0.733768 -0.678357 -124.827 0 0 0 1 
				14
				-0.998703 0.0301706 0.0410019 -0.00153569 -0.00933216 0.683285 -0.730092 -42.032 -0.0500433 -0.729528 -0.682117 -123.201 0 0 0 1 
				15
				-0.997692 0.0637258 0.0234254 -0.676747 0.0266427 0.684815 -0.72823 -41.787 -0.0624491 -0.725926 -0.684932 -121.79 0 0 0 1 
		</Joint>
			10
				-1
				0.0216078 -0.723576 -0.689906 -25.4152 0.461865 0.619241 -0.634997 -24.2884 0.886686 -0.304923 0.347575 -119.325 0 0 0 1 
				0
				-0.0553467 -0.711655 -0.700345 -23.6904 0.418172 0.620419 -0.663485 -27.5696 0.90668 -0.329587 0.263256 -120.974 0 0 0 1 
				1
				-0.132448 -0.69775 -0.703991 -21.6397 0.364895 0.626044 -0.689145 -31.0116 0.92158 -0.348159 0.171687 -122.838 0 0 0 1 
				2
				-0.205905 -0.684017 -0.699803 -19.3488 0.302736 0.635519 -0.710258 -34.4033 0.930566 -0.358101 0.0762205 -124.789 0 0 0 1 
				3
				-0.272388 -0.672602 -0.688048 -16.9411 0.233621 0.647458 -0.72541 -37.5627 0.933395 -0.358336 -0.0192258 -126.7 0 0 0 1 
				4
				-0.329506 -0.665194 -0.670032 -14.5679 0.160435 0.659896 -0.734029 -40.3492 0.930423 -0.349364 -0.110719 -128.449 0 0 0 1 
				5
				-0.375932 -0.662765 -0.647624 -12.4022 0.0866921 0.670669 -0.736673 -42.6598 0.922583 -0.333083 -0.194669 -129.913 0 0 0 1 
				6
				-0.411377 -0.665585 -0.622709 -10.6303 0.0161663 0.677759 -0.735106 -44.419 0.911322 -0.312473 -0.268055 -130.968 0 0 0 1 
				7
				-0.436469 -0.67331 -0.596782 -9.43643 -0.0474673 0.679606 -0.732039 -45.5694 0.898466 -0.291185 -0.328587 -131.487 0 0 0 1 
				8
				-0.452815 -0.685122 -0.570585 -8.93798 -0.101868 0.675516 -0.730275 -46.094 0.885766 -0.272555 -0.375675 -131.39 0 0 0 1 
				9
				-0.46293 -0.699696 -0.544171 -9.05139 -0.147797 0.666251 -0.730935 -46.0955 0.873986 -0.257945 -0.41184 -130.757 0 0 0 1 
				10
				-0.468822 -0.715862 -0.517444 -9.62342 -0.186962 0.652963 -0.733952 -45.6905 0.86328 -0.24735 -0.439962 -129.711 0 0 0 1 
				11
				-0.471902 -0.732749 -0.490294 -10.496 -0.221266 0.636741 -0.738649 -44.9835 0.853434 -0.240085 -0.462611 -128.377 0 0 0 1 
				12
				-0.473171 -0.749698 -0.462668 -11.5186 -0.252633 0.618593 -0.743988 -44.0783 0.84397 -0.235149 -0.482099 -126.877 0 0 0 1 
				13
				-0.47337 -0.766201 -0.434577 -12.5495 -0.283019 0.59949 -0.748673 -43.091 0.834159 -0.231406 -0.50063 -125.334 0 0 0 1 
				14
				-0.473059 -0.781854 -0.406103 -13.4556 -0.314443 0.580414 -0.751162 -42.1577 0.823007 -0.227648 -0.520418 -123.876 0 0 0 1 
				15
				-0.472588 -0.796382 -0.377407 -14.1172 -0.348913 0.562334 -0.749693 -41.4281 0.809271 -0.222614 -0.543621 -122.631 0 0 0 1 
		</Joint>
			11
				-1
				0.596422 -0.410256 -0.689907 -24.8153 -0.226496 0.738566 -0.634996 -11.4662 0.770052 0.534986 0.347576 -94.7094 0 0 0 1 
				0
				0.572646 -0.426137 -0.700345 -25.2269 -0.302066 0.684502 -0.663485 -15.9605 0.762123 0.591493 0.263256 -95.8026 0 0 0 1 
				1
				0.555297 -0.442767 -0.70399 -25.3167 -0.3834 0.614885 -0.689145 -20.8815 0.738003 0.65259 0.171687 -97.2528 0 0 0 1 
				2
				0.546899 -0.459539 -0.699803 -25.0651 -0.464073 0.529311 -0.710258 -25.9988 0.696805 0.713199 0.0762205 -98.9546 0 0 0 1 
				3
				0.5487 -0.474888 -0.688048 -24.503 -0.537412 0.430079 -0.72541 -31.0769 0.640404 0.767798 -0.0192258 -100.787 0 0 0 1 
				4
				0.560151 -0.487121 -0.670033 -23.7156 -0.597813 0.322214 -0.734028 -35.8953 0.573455 0.811721 -0.110719 -102.619 0 0 0 1 
				5
				0.578938 -0.495394 -0.647624 -22.8387 -0.64184 0.212966 -0.736673 -40.2531 0.502864 0.842159 -0.194669 -104.301 0 0 0 1 
				6
				0.601484 -0.500451 -0.622708 -22.0508 -0.668831 0.110831 -0.735107 -43.9702 0.4369 0.858642 -0.268055 -105.668 0 0 0 1 
				7
				0.623698 -0.504829 -0.596782 -21.5536 -0.680831 0.0242356 -0.73204 -46.8872 0.384018 0.862879 -0.328587 -106.544 0 0 0 1 
				8
				0.642134 -0.511954 -0.570585 -21.5089 -0.681899 -0.0413842 -0.730275 -48.922 0.350254 0.858015 -0.375675 -106.8 0 0 0 1 
				9
				0.655674 -0.523421 -0.544171 -21.9031 -0.676769 -0.0878562 -0.730935 -50.1986 0.334778 0.847532 -0.41184 -106.493 0 0 0 1 
				10
				0.664447 -0.539223 -0.517444 -22.6387 -0.668596 -0.119557 -0.733952 -50.8809 0.3339 0.833633 -0.439962 -105.744 0 0 0 1 
				11
				0.669104 -0.55849 -0.490294 -23.5968 -0.659131 -0.141223 -0.738649 -51.1262 0.343287 0.817401 -0.462611 -104.684 0 0 0 1 
				12
				0.67065 -0.5798 -0.462668 -24.6547 -0.649379 -0.157444 -0.743988 -51.0918 0.35852 0.799402 -0.4821 -103.447 0 0 0 1 
				13
				0.67048 -0.601331 -0.434578 -25.6911 -0.640072 -0.172615 -0.748673 -50.9481 0.375186 0.780131 -0.50063 -102.176 0 0 0 1 
				14
				0.670455 -0.620943 -0.406103 -26.5885 -0.631882 -0.190998 -0.751162 -50.8872 0.388864 0.760229 -0.520418 -101.027 0 0 0 1 
				15
				0.672848 -0.636269 -0.377407 -27.237 -0.625335 -0.2166 -0.749694 -51.1145 0.395261 0.740436 -0.543621 -100.164 0 0 0 1 
		</Joint>
			12
				-1
				0.302947 0.29003 0.907803 -8.2576 -0.929591 -0.119934 0.348535 -17.7542 0.209962 -0.949473 0.233276 -73.3314 0 0 0 1 
				0
				0.336441 0.245855 0.909045 -9.32925 -0.928021 -0.0774012 0.364397 -24.3463 0.15995 -0.966211 0.202118 -74.6447 0 0 0 1 
				1
				0.382633 0.195051 0.903076 -9.90067 -0.919101 -0.0191403 0.393557 -31.5253 0.0940486 -0.980606 0.171948 -76.7646 0 0 0 1 
				2
				0.439332 0.138081 0.887649 -9.88218 -0.898154 0.0482433 0.437026 -38.8822 0.0175219 -0.989245 0.145213 -79.6101 0 0 0 1 
				3
				0.50245 0.0761424 0.861247 -9.27018 -0.862349 0.116064 0.492832 -45.9964 -0.0624344 -0.990319 0.123978 -83.0086 0 0 0 1 
				4
				0.566767 0.0117516 0.823795 -8.16485 -0.812272 0.175219 0.55634 -52.4916 -0.137807 -0.98446 0.108854 -86.6985 0 0 0 1 
				5
				0.626954 -0.0510406 0.777382 -6.76641 -0.752701 0.217664 0.62134 -58.0717 -0.200922 -0.974688 0.0980471 -90.3403 0 0 0 1 
				6
				0.678674 -0.10695 0.726612 -5.35256 -0.692246 0.237357 0.681512 -62.5381 -0.245354 -0.965517 0.0870523 -93.5388 0 0 0 1 
				7
				0.719242 -0.150324 0.678301 -4.23862 -0.64166 0.230616 0.731498 -65.7882 -0.266389 -0.961363 0.0694121 -95.8827 0 0 0 1 
				8
				0.748086 -0.177208 0.639504 -3.68215 -0.609693 0.196932 0.767784 -67.8527 -0.261996 -0.964269 0.0392801 -97.0763 0 0 0 1 
				9
				0.767152 -0.188375 0.613183 -3.70048 -0.596633 0.141552 0.789932 -68.9869 -0.235601 -0.971843 -0.00379851 -97.1993 0 0 0 1 
				10
				0.77813 -0.186863 0.599664 -4.19253 -0.598185 0.0706785 0.798235 -69.4424 -0.191544 -0.97984 -0.0567813 -96.4749 0 0 0 1 
				11
				0.782091 -0.176444 0.597662 -5.02132 -0.608583 -0.0100115 0.793427 -69.4249 -0.134012 -0.98426 -0.115211 -95.1538 0 0 0 1 
				12
				0.780071 -0.16099 0.604625 -6.03627 -0.622031 -0.0951747 0.777186 -69.1197 -0.0675744 -0.982356 -0.174384 -93.494 0 0 0 1 
				13
				0.773792 -0.144048 0.616844 -7.07745 -0.633435 -0.17973 0.752634 -68.7176 0.00244956 -0.973112 -0.230319 -91.7606 0 0 0 1 
				14
				0.766206 -0.128459 0.629624 -7.97552 -0.638773 -0.258958 0.724506 -68.4293 0.0699772 -0.957308 -0.280471 -90.2319 0 0 0 1 
				15
				0.761496 -0.115941 0.637717 -8.5576 -0.635256 -0.328917 0.698758 -68.4749 0.128741 -0.937215 -0.324121 -89.1911 0 0 0 1 
		</Joint>
			13
				-1
				5.16276e-07 -3.80458e-07 -1 -10.3779 -0.0871562 -0.996195 3.34013e-07 -29.9894 -0.996195 0.0871562 -5.47471e-07 -126.125 0 0 0 1 
				0
				0.00700829 0.0420068 -0.999093 -8.34094 -0.0868739 -0.995314 -0.0424573 -32.6657 -0.996195 0.0870927 -0.00332616 -127.552 0 0 0 1 
				1
				0.0144902 0.0899184 -0.995843 -5.97304 -0.0859432 -0.992151 -0.0908354 -35.3923 -0.996195 0.0869022 -0.00664854 -129.179 0 0 0 1 
				2
				0.0220646 0.139981 -0.989908 -3.38706 -0.0843168 -0.986361 -0.141359 -38.0062 -0.996195 0.086585 -0.00996088 -130.879 0 0 0 1 
				3
				0.0293627 0.188469 -0.98164 -0.724949 -0.0820613 -0.978294 -0.190281 -40.3787 -0.996195 0.0861419 -0.0132593 -132.527 0 0 0 1 
				4
				0.0360572 0.231889 -0.972074 1.85354 -0.0793482 -0.968971 -0.234092 -42.4255 -0.996195 0.085573 -0.0165384 -134.005 0 0 0 1 
				5
				0.041869 0.266901 -0.962814 4.17667 -0.0764407 -0.959979 -0.269439 -44.1032 -0.996195 0.0848793 -0.0197913 -135.196 0 0 0 1 
				6
				0.0465722 0.290223 -0.955826 6.06595 -0.0736689 -0.95326 -0.293033 -45.3997 -0.996195 0.0840618 -0.023015 -135.98 0 0 0 1 
				7
				0.0499915 0.298622 -0.953061 7.34735 -0.0713938 -0.950745 -0.301641 -46.3216 -0.996195 0.0831222 -0.0262094 -136.239 0 0 0 1 
				8
				0.0520615 0.290047 -0.955595 7.91045 -0.0699 -0.953488 -0.293216 -46.8949 -0.996195 0.0820614 -0.0293656 -135.9 0 0 0 1 
				9
				0.0530118 0.266533 -0.962367 7.8391 -0.0691813 -0.960426 -0.269807 -47.1917 -0.996195 0.0808807 -0.0324748 -135.041 0 0 0 1 
				10
				0.0531321 0.231314 -0.971427 7.28021 -0.0690881 -0.969619 -0.234662 -47.2735 -0.996195 0.0795821 -0.0355369 -133.786 0 0 0 1 
				11
				0.0526804 0.187674 -0.980818 6.38414 -0.0694336 -0.979116 -0.191078 -47.1871 -0.996195 0.0781678 -0.0385493 -132.257 0 0 0 1 
				12
				0.0518928 0.138945 -0.98894 5.29768 -0.0700246 -0.98733 -0.142394 -46.9791 -0.996195 0.0766393 -0.0415057 -130.571 0 0 0 1 
				13
				0.0510096 0.0886343 -0.994757 4.16636 -0.0706706 -0.993237 -0.0921227 -46.7077 -0.996195 0.0749992 -0.0444008 -128.848 0 0 0 1 
				14
				0.0502887 0.0404667 -0.997914 3.13699 -0.0711857 -0.996492 -0.0439964 -46.4498 -0.996194 0.0732497 -0.0472317 -127.209 0 0 0 1 
				15
				0.049992 -0.00178819 -0.998748 2.35185 -0.0713937 -0.997447 -0.00178773 -46.2975 -0.996195 0.0713937 -0.049992 -125.779 0 0 0 1 
		</Joint>
			14
		</Joint>
			15
				-1
				0.16151 -0.374778 0.912938 6.77014 -0.648329 -0.737744 -0.18816 -1.89049 0.744033 -0.561494 -0.362133 -68.2363 0 0 0 1 
				0
				0.191887 -0.280004 0.940626 7.12944 -0.588618 -0.799754 -0.117992 -2.72065 0.785308 -0.531029 -0.318277 -70.1902 0 0 0 1 
				1
				0.210583 -0.169673 0.962739 7.46406 -0.52572 -0.849946 -0.0348016 -3.58282 0.82418 -0.498802 -0.268185 -72.3934 0 0 0 1 
				2
				0.216827 -0.0508193 0.974886 7.74971 -0.462946 -0.884561 0.0568543 -4.44115 0.859457 -0.463647 -0.215324 -74.6954 0 0 0 1 
				3
				0.211578 0.068642 0.974948 7.97141 -0.403057 -0.902628 0.15102 -5.26517 0.890382 -0.424912 -0.16331 -76.9456 0 0 0 1 
				4
				0.197097 0.180971 0.963536 8.12475 -0.347601 -0.906067 0.241281 -6.02883 0.916693 -0.382482 -0.115677 -78.9982 0 0 0 1 
				5
				0.176447 0.279241 0.94387 8.21507 -0.296569 -0.899273 0.321487 -6.70704 0.93857 -0.336648 -0.0758595 -80.7074 0 0 0 1 
				6
				0.153113 0.35766 0.921214 8.25565 -0.248341 -0.888364 0.386182 -7.27276 0.956495 -0.287905 -0.0471986 -81.9226 0 0 0 1 
				7
				0.130827 0.411717 0.901872 8.2648 -0.200051 -0.880015 0.430759 -7.69681 0.971012 -0.236776 -0.0327655 -82.4931 0 0 0 1 
				8
				0.113054 0.439509 0.891095 8.26126 -0.148531 -0.879291 0.452532 -7.9602 0.982424 -0.183516 -0.0341265 -82.3251 0 0 0 1 
				9
				0.101439 0.44516 0.889687 8.25718 -0.0924527 -0.886211 0.453963 -8.0835 0.990537 -0.128304 -0.0487404 -81.5124 0 0 0 1 
				10
				0.0967585 0.434089 0.895659 8.25655 -0.0322334 -0.898042 0.438727 -8.09937 0.994786 -0.0713207 -0.0729011 -80.2057 0 0 0 1 
				11
				0.0990569 0.411446 0.906035 8.25878 0.0307941 -0.911345 0.410491 -8.04052 0.994605 -0.0127614 -0.102945 -78.5556 0 0 0 1 
				12
				0.10742 0.382216 0.917809 8.26182 0.0949051 -0.922877 0.373218 -7.93872 0.989674 0.0470137 -0.135409 -76.7078 0 0 0 1 
				13
				0.119715 0.351457 0.928518 8.26396 0.158431 -0.930022 0.331599 -7.82568 0.980086 0.107408 -0.167019 -74.8083 0 0 0 1 
				14
				0.132446 0.324317 0.936631 8.26473 0.220112 -0.930985 0.291236 -7.73414 0.966441 0.167591 -0.194691 -73.0076 0 0 0 1 
				15
				0.140951 0.305598 0.94167 8.26481 0.279283 -0.924808 0.258322 -7.69681 0.949807 0.226582 -0.215701 -71.4563 0 0 0 1 
		</Joint>
			16
				-1
				0.384931 -0.135544 0.912938 12.5935 0.102303 -0.976796 -0.18816 -25.2665 0.917258 0.165825 -0.362133 -41.4096 0 0 0 1 
				0
				0.333798 -0.0616567 0.940626 14.0481 0.151211 -0.981434 -0.117991 -23.9438 0.930438 0.181618 -0.318277 -41.8752 0 0 0 1 
				1
				0.269851 0.0177368 0.962739 15.0568 0.188666 -0.981425 -0.0348011 -22.5381 0.944238 0.191027 -0.268185 -42.6768 0 0 0 1 
				2
				0.198761 0.100453 0.974886 15.5676 0.213994 -0.975179 0.0568544 -21.1331 0.9564 0.197319 -0.215324 -43.7069 0 0 0 1 
				3
				0.126226 0.183151 0.974948 15.6 0.228899 -0.961665 0.15102 -19.7978 0.965232 0.204101 -0.16331 -44.8421 0 0 0 1 
				4
				0.0569678 0.261443 0.963536 15.2312 0.237422 -0.940965 0.241281 -18.5619 0.969735 0.21502 -0.115677 -45.946 0 0 0 1 
				5
				-0.00573878 0.330267 0.94387 14.577 0.245583 -0.914513 0.321488 -17.4001 0.969358 0.233643 -0.0758595 -46.8665 0 0 0 1 
				6
				-0.0599693 0.384406 0.921214 13.7763 0.260814 -0.884782 0.386182 -16.2269 0.963525 0.263425 -0.0471986 -47.4353 0 0 0 1 
				7
				-0.104437 0.41919 0.901872 12.9819 0.290996 -0.854265 0.430759 -14.9098 0.951007 0.307428 -0.0327655 -47.4825 0 0 0 1 
				8
				-0.138002 0.432325 0.891095 12.3375 0.341846 -0.823624 0.452532 -13.3156 0.929568 0.367067 -0.0341265 -46.9029 0 0 0 1 
				9
				-0.160783 0.427324 0.889687 11.9147 0.411431 -0.790344 0.453962 -11.417 0.897147 0.439034 -0.0487404 -45.7977 0 0 0 1 
				10
				-0.172652 0.409863 0.895658 11.7453 0.494058 -0.750616 0.438728 -9.26158 0.852114 0.518254 -0.0729011 -44.3378 0 0 0 1 
				11
				-0.173883 0.385831 0.906035 11.8304 0.582856 -0.701268 0.410491 -6.93021 0.793753 0.599465 -0.102945 -42.6942 0 0 0 1 
				12
				-0.166132 0.360594 0.917809 12.1349 0.67079 -0.640897 0.373218 -4.51683 0.722801 0.67766 -0.135409 -41.0243 0 0 0 1 
				13
				-0.152951 0.338319 0.928518 12.5804 0.751513 -0.570324 0.3316 -2.11332 0.641743 0.748512 -0.16702 -39.4705 0 0 0 1 
				14
				-0.139697 0.32126 0.936631 13.0402 0.820164 -0.492456 0.291236 0.202195 0.554812 0.808875 -0.194691 -38.1617 0 0 0 1 
				15
				-0.132671 0.309282 0.94167 13.3469 0.873987 -0.411603 0.258322 2.37298 0.467488 0.85728 -0.215701 -37.2102 0 0 0 1 
		</Joint>
			17
				-1
				-2.02284e-07 -0.0272724 0.999628 26.4726 2.00489e-06 -0.999628 -0.0272724 -21.5779 1 1.99863e-06 2.56887e-07 -8.33705 0 0 0 1 
				0
				-0.00150836 -0.087176 0.996192 26.0834 -0.00404067 -0.996184 -0.0871815 -18.4918 0.999991 -0.00415679 0.00115035 -8.32747 0 0 0 1 
				1
				-0.00452437 -0.0870736 0.996191 24.7865 -0.0140624 -0.996098 -0.0871292 -15.7356 0.999891 -0.014403 0.00328225 -8.63147 0 0 0 1 
				2
				-0.00726938 -0.086947 0.996186 22.7341 -0.0266523 -0.995842 -0.0871114 -13.4173 0.999618 -0.027184 0.00492181 -9.22306 0 0 0 1 
				3
				-0.00861745 -0.0868447 0.996185 20.1512 -0.038165 -0.995467 -0.0871123 -11.5446 0.999234 -0.0387701 0.00526397 -10.0398 0 0 0 1 
				4
				-0.00820078 -0.0868429 0.996188 17.2853 -0.0449386 -0.995184 -0.0871252 -10.0014 0.998956 -0.0454818 0.00425868 -10.9814 0 0 0 1 
				5
				-0.00626951 -0.0869972 0.996189 14.3701 -0.0433307 -0.995249 -0.0871879 -8.54541 0.999041 -0.0437122 0.00247007 -11.9154 0 0 0 1 
				6
				-0.0033824 -0.087204 0.996185 11.614 -0.0296726 -0.995743 -0.0872661 -6.82305 0.999554 -0.0298546 0.00078043 -12.6946 0 0 0 1 
				7
