<?xml version='1.0' encoding='UTF-8' ?>
<itpanim>
	<skeleton count>
		25
			0 -1
			1.37091e-06 -1 -6.12323e-17 1.44664e-05 1 1.37091e-06 -6.12323e-17 -3.33788e-06 6.12323e-17 -6.12323e-17 1 44.5 0 0 0 1 
			1 0
			1.3868e-06 4.78456e-08 -1 -44.5 2.75771e-06 -1 -4.78418e-08 1.44666e-05 -1 -2.75771e-06 -1.3868e-06 -5.83747e-05 0 0 0 1 
			2 1
			1.40269e-06 -0.000796318 -1 -49.6773 0 -1 0.000796318 0.0514213 -1 -1.11699e-09 -1.40269e-06 3.19526e-06 0 0 0 1 
			3 2
			1.40269e-06 -0.000796318 -1 -64.5592 0 -1 0.000796318 0.0632714 -1 -1.11699e-09 -1.40269e-06 3.16239e-06 0 0 0 1 
			4 3
			1.40269e-06 -0.000796318 -1 -79.4411 0 -1 0.000796318 0.06596 -1 -1.11699e-09 -1.40269e-06 3.15493e-06 0 0 0 1 
			5 4
			1 1.37091e-06 4.37113e-08 -1.60435 -1.37091e-06 1 3.58059e-15 -1.09939e-05 -4.37113e-08 -6.35048e-14 1 79.4411 0 0 0 1 
			6 5
			0.995014 0.0902305 0.042489 -5.65533 -0.0897157 0.995871 -0.0138741 -0.287945 -0.0435655 0.00999304 0.999001 79.7571 0 0 0 1 
			7 6
			0.994845 -0.0912189 0.0442967 -20.654 0.0915704 0.995781 -0.00596753 -4.08763 -0.0435655 0.00999304 0.999001 79.7571 0 0 0 1 
			8 7
			0.994845 -0.0912189 0.0442967 -36.0513 -0.0434925 0.0107859 0.998995 79.7539 -0.091605 -0.995772 0.00676301 4.15114 0 0 0 1 
			9 4
			-1 -1.37091e-06 4.37114e-08 -1.60434 -1.37091e-06 1 3.84662e-15 -1.09939e-05 -4.37115e-08 -5.60777e-14 -1 -79.4411 0 0 0 1 
			10 9
			-0.995014 0.0902277 0.042489 -5.65533 0.089713 0.995871 -0.0138741 -0.287946 -0.0435654 -0.00999315 -0.999001 -79.7571 0 0 0 1 
			11 10
			-0.994845 -0.0912216 0.0442967 -20.654 -0.0915731 0.995781 -0.00596753 -4.08763 -0.0435654 -0.00999315 -0.999001 -79.7571 0 0 0 1 
			12 11
			-0.994845 -0.0912216 0.0442967 -36.0513 0.0434925 0.0107861 0.998995 79.7539 -0.0916078 0.995772 -0.00676301 -4.15114 0 0 0 1 
			13 4
			1.34309e-06 -5.95475e-08 -1 -82.8177 -1.40269e-06 -1 5.95456e-08 1.08462e-05 -1 1.40269e-06 -1.34309e-06 -0.000107894 0 0 0 1 
			14 13
			1 -0 0 0 0 1 0 0 -0 -0 1 -0 0 0 0 1 
			15 2
			1.37369e-06 -0.0998334 0.995004 44.2777 0 -0.995004 -0.0998334 -4.44257 1 1.3714e-07 -1.36683e-06 -4.58386 0 0 0 1 
			16 15
			1.37369e-06 0.0998334 0.995004 24.6789 0 -0.995004 0.0998334 0.469723 1 -1.3714e-07 -1.36683e-06 -4.58386 0 0 0 1 
			17 16
			1.3716e-06 -6.00745e-14 1 4.70494 0 -1 -6.00745e-14 1.29981e-05 1 8.23984e-20 -1.3716e-06 -4.58386 0 0 0 1 
			18 17
			1.3723e-06 -1 -6.00133e-14 -6.78409 0 6.00133e-14 -1 -0.105526 1 1.3723e-06 8.23562e-20 -4.58386 0 0 0 1 
			19 18
			1 -0 0 0 0 1 0 0 -0 -0 1 -0 0 0 0 1 
			20 2
			1.37369e-06 -0.0998334 0.995004 44.2777 0 -0.995004 -0.0998334 -4.44257 1 1.3714e-07 -1.36683e-06 4.58386 0 0 0 1 
			21 20
			1.37369e-06 0.0998334 0.995004 24.6789 0 -0.995004 0.0998334 0.469723 1 -1.3714e-07 -1.36683e-06 4.58386 0 0 0 1 
			22 21
			1.3716e-06 -6.00745e-14 1 4.70494 0 -1 -6.00745e-14 1.29981e-05 1 8.23984e-20 -1.3716e-06 4.58386 0 0 0 1 
			23 22
			1.3723e-06 -1 5.98908e-14 -6.78409 0 -5.98908e-14 -1 -0.105526 1 1.3723e-06 -8.21882e-20 4.58386 0 0 0 1 
			24 23
			1 -0 0 0 0 1 0 0 -0 -0 1 -0 0 0 0 1 
	</skeleton>
		<animations>
			25
			0
				-1
				1.46474e-06 1 0 3.33786e-06 -1 1.46474e-06 0 8.68908e-07 -0 -0 1 -41.5364 0 0 0 1 
				0
				1.32883e-06 1 8.87788e-08 3.33786e-06 -0.997934 1.33179e-06 -0.0642422 9.90462 -0.0642422 -3.22846e-09 0.997934 -45.3767 0 0 0 1 
				1
				1.32275e-06 1 1.52393e-07 3.33786e-06 -0.993368 1.3315e-06 -0.114978 19.6956 -0.114978 7.04957e-10 0.993368 -50.1733 0 0 0 1 
				2
				1.43792e-06 1 2.86703e-07 3.33786e-06 -0.981694 1.46621e-06 -0.190466 29.7035 -0.190466 -7.57849e-09 0.981694 -53.1449 0 0 0 1 
				3
				1.25874e-06 1 4.18621e-07 3.33786e-06 -0.945295 1.32644e-06 -0.326217 40.2589 -0.326217 1.49012e-08 0.945295 -51.5102 0 0 0 1 
				4
				1.12716e-06 1 7.04344e-07 3.33786e-06 -0.846482 1.32912e-06 -0.532418 52.5002 -0.532418 3.90512e-09 0.846482 -42.3171 0 0 0 1 
				5
				8.73942e-07 1 1.02827e-06 3.33786e-06 -0.656319 1.3494e-06 -0.754484 65.9507 -0.754484 -1.54973e-08 0.656319 -27.6553 0 0 0 1 
				6
				5.66425e-07 1 1.37277e-06 3.33786e-06 -0.386708 1.48501e-06 -0.922202 78.3554 -0.922202 -8.50252e-09 0.386708 -12.8145 0 0 0 1 
				7
				1.21707e-07 1 9.99943e-07 3.33786e-06 -0.0914003 1.00688e-06 -0.995814 87.4593 -0.995814 2.98023e-08 0.0914003 -3.08427 0 0 0 1 
				8
				1.21707e-07 1 9.99943e-07 3.33786e-06 -0.0914003 1.00688e-06 -0.995814 92.0223 -0.995814 2.98023e-08 0.0914003 -0.665991 0 0 0 1 
				9
				1.21707e-07 1 9.99943e-07 3.33786e-06 -0.0914003 1.00688e-06 -0.995814 93.4041 -0.995814 2.98023e-08 0.0914003 -2.57518 0 0 0 1 
				10
				1.21707e-07 1 9.99943e-07 3.33786e-06 -0.0914003 1.00688e-06 -0.995814 93.5118 -0.995814 2.98023e-08 0.0914003 -5.7999 0 0 0 1 
				11
				1.21707e-07 1 9.99943e-07 3.33786e-06 -0.0914003 1.00688e-06 -0.995814 94.2526 -0.995814 2.98023e-08 0.0914003 -7.32822 0 0 0 1 
				12
				1.21707e-07 1 9.99943e-07 3.33786e-06 -0.0914003 1.00688e-06 -0.995814 95.8858 -0.995814 2.98023e-08 0.0914003 -6.49337 0 0 0 1 
				13
				1.21707e-07 1 9.99943e-07 3.33786e-06 -0.0914003 1.00688e-06 -0.995814 97.4904 -0.995814 2.98023e-08 0.0914003 -4.82459 0 0 0 1 
				14
				1.21707e-07 1 9.99943e-07 3.33786e-06 -0.0914003 1.00688e-06 -0.995814 99.0837 -0.995814 2.98023e-08 0.0914003 -2.8254 0 0 0 1 
				15
				1.21707e-07 1 9.99943e-07 3.33786e-06 -0.0914003 1.00688e-06 -0.995814 100.683 -0.995814 2.98023e-08 0.0914003 -0.999348 0 0 0 1 
				16
				1.21707e-07 1 9.99943e-07 3.33786e-06 -0.0914003 1.00688e-06 -0.995814 100.683 -0.995814 2.98023e-08 0.0914003 -0.999348 0 0 0 1 
				17
				1.21707e-07 1 9.99943e-07 3.33786e-06 -0.0914003 1.00688e-06 -0.995814 100.683 -0.995814 2.98023e-08 0.0914003 -0.999348 0 0 0 1 
				18
				1.21707e-07 1 9.99943e-07 3.33786e-06 -0.0914003 1.00688e-06 -0.995814 100.683 -0.995814 2.98023e-08 0.0914003 -0.999348 0 0 0 1 
				19
				1.21707e-07 1 9.99943e-07 3.33786e-06 -0.0914003 1.00688e-06 -0.995814 100.683 -0.995814 2.98023e-08 0.0914003 -0.999348 0 0 0 1 
				20
				1.21707e-07 1 9.99943e-07 3.33786e-06 -0.0914003 1.00688e-06 -0.995814 100.683 -0.995814 2.98023e-08 0.0914003 -0.999348 0 0 0 1 
				21
				1.21707e-07 1 9.99943e-07 3.33786e-06 -0.0914003 1.00688e-06 -0.995814 100.683 -0.995814 2.98023e-08 0.0914003 -0.999348 0 0 0 1 
				22
				1.21707e-07 1 9.99943e-07 3.33786e-06 -0.0914003 1.00688e-06 -0.995814 100.683 -0.995814 2.98023e-08 0.0914003 -0.999348 0 0 0 1 
				23
				1.21707e-07 1 9.99943e-07 3.33786e-06 -0.0914003 1.00688e-06 -0.995814 100.683 -0.995814 2.98023e-08 0.0914003 -0.999348 0 0 0 1 
		</Joint>
			1
				-1
				1.33158e-06 2.79632e-06 -1 3.33786e-06 0 -1 -2.79632e-06 8.68908e-07 -1 3.72352e-12 -1.33158e-06 -41.5364 0 0 0 1 
				0
				-8.8777e-08 2.66041e-06 -1 3.33786e-06 0.0642408 -0.997934 -2.66062e-06 9.90462 -0.997934 -0.0642408 -8.23134e-08 -45.3767 0 0 0 1 
				1
				-1.52391e-07 2.65433e-06 -1 3.33786e-06 0.114976 -0.993368 -2.65425e-06 19.6956 -0.993368 -0.114976 -1.53805e-07 -50.1733 0 0 0 1 
				2
				-2.86701e-07 2.76951e-06 -1 3.33786e-06 0.190465 -0.981694 -2.77341e-06 29.7035 -0.981694 -0.190465 -2.46041e-07 -53.1449 0 0 0 1 
				3
				-4.18619e-07 2.59032e-06 -1 3.33786e-06 0.326216 -0.945295 -2.58518e-06 40.2589 -0.945295 -0.326216 -4.49284e-07 -51.5102 0 0 0 1 
				4
				-7.04342e-07 2.45874e-06 -1 3.33786e-06 0.532417 -0.846482 -2.45628e-06 52.5002 -0.846482 -0.532417 -7.12861e-07 -42.3171 0 0 0 1 
				5
				-1.02827e-06 2.20552e-06 -1 3.33786e-06 0.754483 -0.65632 -2.22334e-06 65.9507 -0.65632 -0.754483 -9.89157e-07 -27.6553 0 0 0 1 
				6
				-1.37277e-06 1.89801e-06 -1 3.33786e-06 0.922202 -0.386709 -1.99995e-06 78.3554 -0.386709 -0.922202 -1.21948e-06 -12.8145 0 0 0 1 
				7
				-9.99943e-07 1.45329e-06 -1 3.33786e-06 0.995814 -0.0914016 -1.12859e-06 87.4593 -0.0914016 -0.995814 -1.35581e-06 -3.08427 0 0 0 1 
				8
				-9.99943e-07 1.45329e-06 -1 3.33786e-06 0.995814 -0.0914016 -1.12859e-06 92.0223 -0.0914016 -0.995814 -1.35581e-06 -0.665991 0 0 0 1 
				9
				-9.99943e-07 1.45329e-06 -1 3.33786e-06 0.995814 -0.0914016 -1.12859e-06 93.4041 -0.0914016 -0.995814 -1.35581e-06 -2.57518 0 0 0 1 
				10
				-9.99943e-07 1.45329e-06 -1 3.33786e-06 0.995814 -0.0914016 -1.12859e-06 93.5118 -0.0914016 -0.995814 -1.35581e-06 -5.7999 0 0 0 1 
				11
				-9.99943e-07 1.45329e-06 -1 3.33786e-06 0.995814 -0.0914016 -1.12859e-06 94.2526 -0.0914016 -0.995814 -1.35581e-06 -7.32822 0 0 0 1 
				12
				-9.99943e-07 1.45329e-06 -1 3.33786e-06 0.995814 -0.0914016 -1.12859e-06 95.8858 -0.0914016 -0.995814 -1.35581e-06 -6.49337 0 0 0 1 
				13
				-9.99943e-07 1.45329e-06 -1 3.33786e-06 0.995814 -0.0914016 -1.12859e-06 97.4904 -0.0914016 -0.995814 -1.35581e-06 -4.82459 0 0 0 1 
				14
				-9.99943e-07 1.45329e-06 -1 3.33786e-06 0.995814 -0.0914016 -1.12859e-06 99.0837 -0.0914016 -0.995814 -1.35581e-06 -2.8254 0 0 0 1 
				15
				-9.99943e-07 1.45329e-06 -1 3.33786e-06 0.995814 -0.0914016 -1.12859e-06 100.683 -0.0914016 -0.995814 -1.35581e-06 -0.999348 0 0 0 1 
				16
				-9.99943e-07 1.45329e-06 -1 3.33786e-06 0.995814 -0.0914016 -1.12859e-06 100.683 -0.0914016 -0.995814 -1.35581e-06 -0.999348 0 0 0 1 
				17
				-9.99943e-07 1.45329e-06 -1 3.33786e-06 0.995814 -0.0914016 -1.12859e-06 100.683 -0.0914016 -0.995814 -1.35581e-06 -0.999348 0 0 0 1 
				18
				-9.99943e-07 1.45329e-06 -1 3.33786e-06 0.995814 -0.0914016 -1.12859e-06 100.683 -0.0914016 -0.995814 -1.35581e-06 -0.999348 0 0 0 1 
				19
				-9.99943e-07 1.45329e-06 -1 3.33786e-06 0.995814 -0.0914016 -1.12859e-06 100.683 -0.0914016 -0.995814 -1.35581e-06 -0.999348 0 0 0 1 
				20
				-9.99943e-07 1.45329e-06 -1 3.33786e-06 0.995814 -0.0914016 -1.12859e-06 100.683 -0.0914016 -0.995814 -1.35581e-06 -0.999348 0 0 0 1 
				21
				-9.99943e-07 1.45329e-06 -1 3.33786e-06 0.995814 -0.0914016 -1.12859e-06 100.683 -0.0914016 -0.995814 -1.35581e-06 -0.999348 0 0 0 1 
				22
				-9.99943e-07 1.45329e-06 -1 3.33786e-06 0.995814 -0.0914016 -1.12859e-06 100.683 -0.0914016 -0.995814 -1.35581e-06 -0.999348 0 0 0 1 
				23
				-9.99943e-07 1.45329e-06 -1 3.33786e-06 0.995814 -0.0914016 -1.12859e-06 100.683 -0.0914016 -0.995814 -1.35581e-06 -0.999348 0 0 0 1 
		</Joint>
			2
				-1
				-0.000204612 -1.20115e-06 -1 1.05002e-05 -0.00082465 -1 1.36988e-06 0.011842 -1 0.00082465 0.000204611 -46.7138 0 0 0 1 
				0
				-0.000203571 5.45193e-06 -1 9.96168e-06 0.178206 -0.983993 -4.16424e-05 10.2489 -0.983993 -0.178206 0.000199341 -50.5413 0 0 0 1 
				1
				-0.000203462 1.18843e-05 -1 9.55592e-06 0.349342 -0.936995 -8.22131e-05 20.302 -0.936996 -0.349341 0.000186491 -55.3122 0 0 0 1 
				2
				-0.000203933 1.92013e-05 -1 8.77403e-06 0.513218 -0.858258 -0.000121142 30.6997 -0.858258 -0.513218 0.000165173 -58.2213 0 0 0 1 
				3
				-0.000204031 2.82679e-05 -1 7.98367e-06 0.668352 -0.743845 -0.000157391 41.9566 -0.743845 -0.668353 0.000132874 -56.3964 0 0 0 1 
				4
				-0.000202904 4.02965e-05 -1 6.36179e-06 0.807344 -0.590081 -0.000187591 55.2637 -0.590081 -0.807344 8.71966e-05 -46.6901 0 0 0 1 
				5
				-0.00019973 5.42213e-05 -1 4.51985e-06 0.915955 -0.401282 -0.000204702 69.8617 -0.401282 -0.915955 3.04839e-05 -31.0425 0 0 0 1 
				6
				-0.000194707 6.83421e-05 -1 2.56879e-06 0.982089 -0.188418 -0.000204096 83.1322 -0.188418 -0.982089 -3.04318e-05 -14.805 0 0 0 1 
				7
				-0.000188395 8.12494e-05 -1 4.34587e-06 0.999441 0.0334528 -0.000185572 92.6146 0.0334527 -0.99944 -8.75062e-05 -3.54565 0 0 0 1 
				8
				-0.000181711 9.48509e-05 -1 4.18489e-06 0.999199 -0.0400193 -0.000185361 97.1784 -0.0400193 -0.999199 -8.7503e-05 -1.12737 0 0 0 1 
				9
				-0.00017354 0.000108728 -1 4.02029e-06 0.993032 -0.117846 -0.000185144 98.5611 -0.117846 -0.993032 -8.75195e-05 -3.03664 0 0 0 1 
				10
				-0.000165948 0.000119743 -1 3.88955e-06 0.983305 -0.181966 -0.000184966 98.6696 -0.181966 -0.983305 -8.75469e-05 -6.26147 0 0 0 1 
				11
				-0.000161718 0.000125289 -1 3.824e-06 0.976591 -0.215106 -0.000184882 99.4108 -0.215106 -0.976591 -8.75696e-05 -7.78987 0 0 0 1 
				12
				-0.000163427 0.00012309 -1 3.84996e-06 0.979406 -0.2019 -0.000184913 101.044 -0.2019 -0.979406 -8.75589e-05 -6.95498 0 0 0 1 
				13
				-0.000169297 0.000115067 -1 3.94501e-06 0.987996 -0.15448 -0.00018504 102.648 -0.15448 -0.987996 -8.7533e-05 -5.2861 0 0 0 1 
				14
				-0.000175463 0.000105677 -1 4.05628e-06 0.994941 -0.100461 -0.000185192 104.241 -0.100461 -0.994941 -8.75147e-05 -3.28684 0 0 0 1 
				15
				-0.000178884 9.99538e-05 -1 4.12409e-06 0.997668 -0.0682538 -0.000185289 105.839 -0.0682538 -0.997668 -8.75112e-05 -1.46075 0 0 0 1 
				16
				-0.000179851 9.82529e-05 -1 4.14461e-06 0.998271 -0.0587895 -0.000185316 105.839 -0.0587895 -0.998271 -8.75096e-05 -1.46074 0 0 0 1 
				17
				-0.000180297 9.74537e-05 -1 4.15406e-06 0.998522 -0.0543589 -0.000185328 105.839 -0.0543589 -0.998521 -8.75089e-05 -1.46074 0 0 0 1 
				18
				-0.000180354 9.73507e-05 -1 4.15504e-06 0.998553 -0.0537889 -0.00018533 105.839 -0.053789 -0.998552 -8.75087e-05 -1.46074 0 0 0 1 
				19
				-0.000180142 9.77324e-05 -1 4.15063e-06 0.998436 -0.0559033 -0.000185324 105.839 -0.0559033 -0.998436 -8.7509e-05 -1.46074 0 0 0 1 
				20
				-0.000179772 9.83918e-05 -1 4.14271e-06 0.998225 -0.0595616 -0.000185314 105.839 -0.0595616 -0.998225 -8.75096e-05 -1.46074 0 0 0 1 
				21
				-0.000179359 9.91226e-05 -1 4.13413e-06 0.997974 -0.0636235 -0.000185302 105.839 -0.0636235 -0.997974 -8.75103e-05 -1.46075 0 0 0 1 
				22
				-0.000179022 9.97133e-05 -1 4.12715e-06 0.997759 -0.0669127 -0.000185293 105.839 -0.0669127 -0.997759 -8.75109e-05 -1.46075 0 0 0 1 
				23
				-0.000178884 9.99538e-05 -1 4.12409e-06 0.997668 -0.0682538 -0.000185289 105.839 -0.0682538 -0.997668 -8.75112e-05 -1.46075 0 0 0 1 
		</Joint>
			3
				-1
				-0.000382612 -9.80783e-07 -1 -0.00303453 -0.00101065 -0.999999 1.36747e-06 0.0114197 -0.999999 0.00101065 0.00038261 -61.5957 0 0 0 1 
				0
				-0.000381621 -8.26851e-06 -1 -0.0030195 0.213738 -0.976891 -7.34894e-05 12.9125 -0.976891 -0.213738 0.00037457 -65.1824 0 0 0 1 
				1
				-0.000381496 -1.6571e-05 -1 -0.00301817 0.418425 -0.908251 -0.000144577 25.5116 -0.908252 -0.418425 0.000353428 -69.2515 0 0 0 1 
				2
				-0.000382062 -2.24762e-05 -1 -0.0030259 0.603761 -0.797166 -0.000212756 38.3468 -0.797166 -0.603761 0.000318136 -70.9867 0 0 0 1 
				3
				-0.000382784 -2.26344e-05 -1 -0.00302814 0.761218 -0.648496 -0.000276703 51.9106 -0.648496 -0.761218 0.000265463 -67.4571 0 0 0 1 
				4
				-0.000383128 -1.56347e-05 -1 -0.00301308 0.884802 -0.465967 -0.000331707 67.284 -0.465967 -0.884802 0.000192359 -55.4611 0 0 0 1 
				5
				-0.000382022 -3.46547e-06 -1 -0.00296783 0.966115 -0.25811 -0.000368183 83.4959 -0.25811 -0.966115 0.000101952 -37.0029 0 0 0 1 
				6
				-0.000379135 1.27348e-05 -1 -0.00289522 0.999134 -0.0415976 -0.000379336 97.748 -0.0415976 -0.999134 3.04727e-06 -17.5972 0 0 0 1 
				7
				-0.000374323 3.19542e-05 -1 -0.00279974 0.986145 0.165886 -0.000363836 107.486 0.165886 -0.986145 -9.36063e-05 -3.03612 0 0 0 1 
				8
				-0.000367653 5.86371e-05 -1 -0.00270074 0.998215 0.0597263 -0.000363495 112.048 0.0597262 -0.998215 -8.0491e-05 -1.71111 0 0 0 1 
				9
				-0.000356736 9.08909e-05 -1 -0.0025797 0.997726 -0.0674052 -0.000362051 113.34 -0.0674053 -0.997726 -6.66383e-05 -4.77858 0 0 0 1 
				10
				-0.000344131 0.000119323 -1 -0.00246717 0.983583 -0.180456 -0.000360014 113.305 -0.180456 -0.983583 -5.52637e-05 -8.95782 0 0 0 1 
				11
				-0.000335461 0.000136157 -1 -0.00240449 0.969241 -0.246114 -0.000358653 113.947 -0.246114 -0.969241 -4.94073e-05 -10.9796 0 0 0 1 
				12
				-0.000335621 0.000137939 -1 -0.00242992 0.969691 -0.244336 -0.000359152 115.622 -0.244336 -0.969691 -5.17539e-05 -9.94815 0 0 0 1 
				13
				-0.000342014 0.000129718 -1 -0.00251708 0.980602 -0.196009 -0.000360805 117.354 -0.196009 -0.980602 -6.01634e-05 -7.57344 0 0 0 1 
				14
				-0.000349366 0.000118323 -1 -0.0026086 0.990725 -0.135885 -0.000362204 119.049 -0.135885 -0.990725 -6.97524e-05 -4.77015 0 0 0 1 
				15
				-0.000353426 0.000111382 -1 -0.00265936 0.994987 -0.100008 -0.000362794 120.688 -0.100008 -0.994987 -7.54778e-05 -2.4647 0 0 0 1 
				16
				-0.000354447 0.000109713 -1 -0.00267371 0.99589 -0.0905682 -0.000362926 120.697 -0.0905682 -0.99589 -7.71601e-05 -2.32384 0 0 0 1 
				17
				-0.000354918 0.000108928 -1 -0.00268033 0.996282 -0.0861478 -0.000362983 120.7 -0.0861478 -0.996282 -7.79476e-05 -2.25789 0 0 0 1 
				18
				-0.000354979 0.000108827 -1 -0.00268118 0.996332 -0.0855791 -0.00036299 120.701 -0.0855791 -0.996332 -7.80489e-05 -2.24941 0 0 0 1 
				19
				-0.000354754 0.000109202 -1 -0.00267803 0.996148 -0.0876887 -0.000362963 120.699 -0.0876887 -0.996148 -7.7673e-05 -2.28088 0 0 0 1 
				20
				-0.000354364 0.000109849 -1 -0.00267255 0.99582 -0.0913384 -0.000362916 120.696 -0.0913384 -0.99582 -7.70228e-05 -2.33533 0 0 0 1 
				21
				-0.000353927 0.000110566 -1 -0.00266641 0.99544 -0.0953902 -0.00036286 120.692 -0.0953903 -0.99544 -7.63008e-05 -2.39579 0 0 0 1 
				22
				-0.000353572 0.000111146 -1 -0.00266141 0.99512 -0.0986709 -0.000362813 120.689 -0.098671 -0.99512 -7.57162e-05 -2.44474 0 0 0 1 
				23
				-0.000353426 0.000111382 -1 -0.00265936 0.994987 -0.100008 -0.000362794 120.688 -0.100008 -0.994987 -7.54778e-05 -2.4647 0 0 0 1 
		</Joint>
			4
				-1
				-0.000382612 -9.80783e-07 -1 -0.00872852 -0.00101065 -0.999999 1.36747e-06 -0.000932035 -0.999999 0.00101065 0.00038261 -76.4776 0 0 0 1 
				0
				-0.000381621 -8.26851e-06 -1 -0.00869873 0.213738 -0.976891 -7.34894e-05 16.0959 -0.976891 -0.213738 0.00037457 -79.7198 0 0 0 1 
				1
				-0.000381496 -1.65711e-05 -1 -0.00869552 0.418425 -0.908251 -0.000144577 31.741 -0.908252 -0.418425 0.000353428 -82.7668 0 0 0 1 
				2
				-0.000382062 -2.24763e-05 -1 -0.00871164 0.603761 -0.797166 -0.000212756 47.3341 -0.797166 -0.603761 0.000318136 -82.8484 0 0 0 1 
				3
				-0.000382784 -2.26344e-05 -1 -0.00872463 0.761218 -0.648496 -0.000276703 63.2407 -0.648496 -0.761218 0.000265463 -77.106 0 0 0 1 
				4
				-0.000383128 -1.56347e-05 -1 -0.00871471 0.884802 -0.465967 -0.000331707 80.4528 -0.465967 -0.884802 0.000192358 -62.3932 0 0 0 1 
				5
				-0.000382022 -3.46548e-06 -1 -0.00865304 0.966115 -0.25811 -0.000368183 97.8742 -0.25811 -0.966115 0.000101952 -40.8414 0 0 0 1 
				6
				-0.000379135 1.27348e-05 -1 -0.00853749 0.999134 -0.0415976 -0.000379336 112.617 -0.0415976 -0.999134 3.04727e-06 -18.2135 0 0 0 1 
				7
				-0.000374323 3.19542e-05 -1 -0.00837046 0.986145 0.165886 -0.000363836 122.161 0.165886 -0.986145 -9.36063e-05 -0.564777 0 0 0 1 
				8
				-0.000367653 5.86371e-05 -1 -0.00817229 0.998215 0.0597263 -0.000363495 126.903 0.0597262 -0.998215 -8.0491e-05 -0.819587 0 0 0 1 
				9
				-0.000356736 9.08909e-05 -1 -0.00788886 0.997726 -0.0674053 -0.000362051 128.188 -0.0674053 -0.997726 -6.66383e-05 -5.77902 0 0 0 1 
				10
				-0.000344131 0.000119323 -1 -0.00758881 0.983583 -0.180456 -0.000360014 127.943 -0.180456 -0.983583 -5.52637e-05 -11.6407 0 0 0 1 
				11
				-0.000335461 0.000136157 -1 -0.00739715 0.969241 -0.246114 -0.000358653 128.372 -0.246114 -0.969241 -4.94073e-05 -14.6396 0 0 0 1 
				12
				-0.000335621 0.000137939 -1 -0.00742497 0.969691 -0.244336 -0.000359152 130.054 -0.244336 -0.969691 -5.17539e-05 -13.5817 0 0 0 1 
				13
				-0.000342014 0.000129718 -1 -0.00760725 0.980602 -0.196009 -0.000360805 131.947 -0.196009 -0.980602 -6.01634e-05 -10.4878 0 0 0 1 
				14
				-0.000349366 0.000118323 -1 -0.00780814 0.990725 -0.135885 -0.000362204 133.793 -0.135885 -0.990725 -6.97524e-05 -6.78971 0 0 0 1 
				15
				-0.000353427 0.000111382 -1 -0.00791933 0.994987 -0.100008 -0.000362794 135.495 -0.100008 -0.994987 -7.54778e-05 -3.95034 0 0 0 1 
				16
				-0.000354447 0.000109713 -1 -0.00794884 0.99589 -0.0905682 -0.000362926 135.518 -0.0905682 -0.99589 -7.71601e-05 -3.66899 0 0 0 1 
				17
				-0.000354918 0.000108928 -1 -0.00796249 0.996282 -0.0861478 -0.000362983 135.527 -0.0861478 -0.996282 -7.79477e-05 -3.53726 0 0 0 1 
				18
				-0.000354979 0.000108827 -1 -0.00796423 0.996332 -0.0855791 -0.000362989 135.528 -0.0855791 -0.996332 -7.80489e-05 -3.52031 0 0 0 1 
				19
				-0.000354754 0.000109202 -1 -0.00795773 0.996148 -0.0876887 -0.000362963 135.524 -0.0876888 -0.996148 -7.76731e-05 -3.58318 0 0 0 1 
				20
				-0.000354364 0.000109849 -1 -0.00794644 0.99582 -0.0913384 -0.000362916 135.516 -0.0913384 -0.99582 -7.70227e-05 -3.69194 0 0 0 1 
				21
				-0.000353927 0.000110566 -1 -0.00793382 0.99544 -0.0953902 -0.00036286 135.507 -0.0953903 -0.99544 -7.63008e-05 -3.8127 0 0 0 1 
				22
				-0.000353572 0.000111146 -1 -0.00792353 0.99512 -0.0986709 -0.000362813 135.499 -0.098671 -0.99512 -7.57162e-05 -3.91048 0 0 0 1 
				23
				-0.000353427 0.000111382 -1 -0.00791933 0.994987 -0.100008 -0.000362794 135.495 -0.100008 -0.994987 -7.54778e-05 -3.95034 0 0 0 1 
		</Joint>
			5
				-1
				1 1.32829e-06 0.000385407 1.59562 -1.41091e-06 1 0.000214365 -0.00361848 -0.000385407 -0.000214365 1 -76.4782 0 0 0 1 
				0
				1 8.5744e-06 0.000384411 1.59565 7.40873e-05 0.97672 -0.214515 16.0934 -0.000377302 0.214515 0.97672 -79.721 0 0 0 1 
				1
				1 1.6877e-05 0.000384279 1.59565 0.000145747 0.907918 -0.419148 31.7388 -0.000355968 0.419148 0.907918 -82.7685 0 0 0 1 
				2
				1 2.27826e-05 0.00038484 1.59563 0.000214445 0.796684 -0.604395 47.3323 -0.000320366 0.604395 0.796685 -82.8505 0 0 0 1 
				3
				1 2.29415e-05 0.000385562 1.59562 0.000278832 0.64789 -0.761734 63.2394 -0.000267277 0.761734 0.64789 -77.1084 0 0 0 1 
				4
				1 1.59419e-05 0.000385912 1.59563 0.000334181 0.465262 -0.885173 80.4521 -0.000193661 0.885173 0.465262 -62.3959 0 0 0 1 
				5
				1 3.7719e-06 0.000384815 1.59569 0.000370884 0.257341 -0.966321 97.8741 -0.000102674 0.966321 0.257341 -40.8442 0 0 0 1 
				6
				1 -1.24307e-05 0.000381941 1.59581 0.00038213 0.0408019 -0.999167 112.618 -3.16359e-06 0.999167 0.0408019 -18.2162 0 0 0 1 
				7
				1 -3.16539e-05 0.000377145 1.59598 0.000366593 -0.166671 -0.986013 122.162 9.40702e-05 0.986013 -0.166671 -0.567273 0 0 0 1 
				8
				1 -5.83421e-05 0.000370496 1.59618 0.000366286 -0.0605211 -0.998167 126.904 8.0658e-05 0.998167 -0.0605211 -0.822137 0 0 0 1 
				9
				1 -9.06046e-05 0.000359605 1.59646 0.000364841 0.0666108 -0.997779 128.189 6.64498e-05 0.997779 0.0666108 -5.78159 0 0 0 1 
				10
				1 -0.000119047 0.000347022 1.59676 0.000362764 0.179672 -0.983726 127.943 5.47591e-05 0.983726 0.179672 -11.6432 0 0 0 1 
				11
				1 -0.000135888 0.000338366 1.59695 0.000361363 0.245342 -0.969437 128.372 4.87191e-05 0.969437 0.245342 -14.6421 0 0 0 1 
				12
				1 -0.000137669 0.000338527 1.59692 0.000361864 0.243563 -0.969885 130.054 5.10706e-05 0.969885 0.243563 -13.5842 0 0 0 1 
				13
				1 -0.000129443 0.000344913 1.59674 0.000363547 0.195229 -0.980758 131.947 5.96153e-05 0.980758 0.195229 -10.4903 0 0 0 1 
				14
				1 -0.000118043 0.000352256 1.59654 0.000364974 0.135096 -0.990832 133.793 6.93724e-05 0.990832 0.135096 -6.79226 0 0 0 1 
				15
				1 -0.000111098 0.000356312 1.59643 0.000365576 0.0992161 -0.995066 135.496 7.51982e-05 0.995066 0.0992162 -3.95289 0 0 0 1 
				16
				1 -0.000109428 0.00035733 1.5964 0.000365711 0.0897751 -0.995962 135.518 7.69069e-05 0.995962 0.0897752 -3.67154 0 0 0 1 
				17
				1 -0.000108643 0.000357801 1.59638 0.000365769 0.0853544 -0.996351 135.527 7.77068e-05 0.996351 0.0853545 -3.53981 0 0 0 1 
				18
				1 -0.000108542 0.000357862 1.59638 0.000365776 0.0847857 -0.996399 135.529 7.78096e-05 0.996399 0.0847858 -3.52286 0 0 0 1 
				19
				1 -0.000108917 0.000357637 1.59639 0.000365749 0.0868955 -0.996218 135.524 7.74279e-05 0.996218 0.0868955 -3.58573 0 0 0 1 
				20
				1 -0.000109565 0.000357248 1.5964 0.000365701 0.0905454 -0.995892 135.516 7.67673e-05 0.995892 0.0905454 -3.69449 0 0 0 1 
				21
				1 -0.000110282 0.000356812 1.59641 0.000365644 0.0945976 -0.995516 135.507 7.6034e-05 0.995516 0.0945976 -3.81525 0 0 0 1 
				22
				1 -0.000110862 0.000356457 1.59642 0.000365596 0.0978785 -0.995199 135.499 7.54403e-05 0.995199 0.0978785 -3.91303 0 0 0 1 
				23
				1 -0.000111098 0.000356312 1.59643 0.000365576 0.0992161 -0.995066 135.496 7.51982e-05 0.995066 0.0992162 -3.95289 0 0 0 1 
		</Joint>
			6
				-1
				0.64964 -0.0572606 -0.758083 9.06723 0.0993339 0.995004 0.00996821 -0.00362902 0.753725 -0.081779 0.652082 -76.4811 0 0 0 1 
				0
				0.895218 -0.114805 -0.430587 9.06726 -0.0679773 0.919756 -0.386559 16.094 0.440414 0.375325 0.815578 -79.7238 0 0 0 1 
				1
				0.999793 0.00832733 -0.0185412 9.06726 -0.0194384 0.658285 -0.752518 31.7398 0.00593891 0.752723 0.65831 -82.7712 0 0 0 1 
				2
				0.92878 0.237177 0.284806 9.06724 0.202784 0.318028 -0.926141 47.3339 -0.310235 0.917936 0.247282 -82.8529 0 0 0 1 
				3
				0.813407 0.414996 0.407613 9.06724 0.445378 0.0064347 -0.89532 63.2415 -0.374177 0.909801 -0.179596 -77.1104 0 0 0 1 
				4
				0.787211 0.452358 0.419132 9.06724 0.569132 -0.271211 -0.77623 80.4546 -0.237461 0.849598 -0.470951 -62.3974 0 0 0 1 
				5
				0.84224 0.378724 0.383665 9.06731 0.537785 -0.540517 -0.647016 97.8768 -0.0376627 0.751272 -0.658917 -40.845 0 0 0 1 
				6
				0.912347 0.257749 0.318102 9.06742 0.392896 -0.769684 -0.503209 112.62 0.115137 0.584082 -0.803488 -18.2162 0 0 0 1 
				7
				0.953174 0.160227 0.256489 9.06759 0.237367 -0.921897 -0.306208 122.165 0.187393 0.352751 -0.916761 -0.56657 0 0 0 1 
				8
				0.971663 0.0988728 0.2147 9.06779 0.169131 -0.925353 -0.339291 126.906 0.165127 0.365989 -0.915853 -0.821534 0 0 0 1 
				9
				0.984422 0.0407965 0.171023 9.06807 0.103463 -0.920877 -0.375874 128.191 0.142156 0.387713 -0.910753 -5.78109 0 0 0 1 
				10
				0.992149 -0.0160199 0.124032 9.06837 0.0369267 -0.910019 -0.412918 127.946 0.119487 0.414256 -0.902283 -11.6428 0 0 0 1 
				11
				0.994597 -0.0740851 0.0727233 9.06856 -0.0339037 -0.893909 -0.446965 128.375 0.0981214 0.442084 -0.891591 -14.6418 0 0 0 1 
				12
				0.990902 -0.133581 0.0164249 9.06853 -0.109625 -0.871882 -0.477288 130.056 0.0780773 0.471145 -0.878594 -13.5839 0 0 0 1 
				13
				0.980407 -0.191964 -0.0441858 9.06835 -0.18776 -0.842846 -0.504339 131.95 0.0595732 0.502753 -0.862375 -10.4899 0 0 0 1 
				14
				0.962821 -0.247797 -0.107571 9.06815 -0.266588 -0.80723 -0.526603 133.796 0.0436561 0.535702 -0.843278 -6.79174 0 0 0 1 
				15
				0.938369 -0.299647 -0.172268 9.06804 -0.344268 -0.765974 -0.542921 135.498 0.0307315 0.568766 -0.821925 -3.95233 0 0 0 1 
				16
				0.907351 -0.347023 -0.237253 9.06801 -0.419839 -0.719641 -0.553039 135.521 0.0211799 0.601409 -0.798661 -3.67096 0 0 0 1 
				17
				0.86988 -0.389672 -0.302431 9.068 -0.493037 -0.668305 -0.557031 135.53 0.0149435 0.63366 -0.773468 -3.53923 0 0 0 1 
				18
				0.826258 -0.427147 -0.36721 9.06799 -0.563162 -0.612415 -0.554795 135.531 0.0120941 0.665202 -0.746566 -3.52228 0 0 0 1 
				19
				0.776861 -0.459064 -0.430985 9.068 -0.629545 -0.552477 -0.5463 135.527 0.0126774 0.695723 -0.718199 -3.58515 0 0 0 1 
				20
				0.722125 -0.48512 -0.493147 9.06801 -0.691561 -0.489044 -0.531582 135.519 0.0167109 0.72491 -0.688641 -3.69392 0 0 0 1 
				21
				0.66255 -0.505074 -0.553109 9.06803 -0.748629 -0.42272 -0.510748 135.51 0.024155 0.752468 -0.658186 -3.81468 0 0 0 1 
				22
				0.598689 -0.518748 -0.610305 9.06804 -0.800219 -0.354132 -0.483984 135.502 0.0349371 0.778134 -0.627127 -3.91246 0 0 0 1 
				23
				0.531153 -0.526052 -0.664189 9.06804 -0.845859 -0.283905 -0.451576 135.498 0.0489857 0.801666 -0.595763 -3.95233 0 0 0 1 
		</Joint>
			7
				-1
				0.406673 0.509831 -0.758083 19.0699 -0.774443 0.632565 0.00996833 1.52585 0.484619 0.583038 0.652082 -64.8757 0 0 0 1 
				0
				0.738163 0.519337 -0.430587 22.8512 -0.670793 0.632936 -0.386559 15.0473 0.0717794 0.574178 0.815578 -72.9426 0 0 0 1 
				1
				0.881678 0.471487 -0.0185412 24.4614 -0.322797 0.574037 -0.752518 31.4405 -0.344159 0.669464 0.65831 -82.6797 0 0 0 1 
				2
				0.841247 0.459552 0.284806 23.368 0.117813 0.358306 -0.926141 50.4562 -0.527657 0.812668 0.247282 -87.6297 0 0 0 1 
				3
				0.777347 0.479148 0.407613 21.5915 0.443414 0.042278 -0.895319 70.0991 -0.446224 0.876715 -0.179596 -82.8717 0 0 0 1 
				4
				0.788988 0.44925 0.419132 21.1882 0.568059 -0.273453 -0.77623 89.2177 -0.234109 0.850528 -0.470951 -66.0536 0 0 0 1 
				5
				0.852119 0.355942 0.383665 22.0356 0.523058 -0.55478 -0.647016 106.157 -0.0174502 0.752013 -0.658917 -41.4249 0 0 0 1 
				6
				0.91761 0.238335 0.318102 23.1151 0.376478 -0.777847 -0.503209 118.67 0.127503 0.581508 -0.803488 -16.4434 0 0 0 1 
				7
				0.956177 0.141211 0.256489 23.7439 0.218958 -0.926442 -0.306208 125.82 0.194382 0.348949 -0.916761 2.31878 0 0 0 1 
				8
				0.973864 0.0741242 0.2147 24.0288 0.145537 -0.929355 -0.339291 129.51 0.174383 0.36167 -0.915853 1.72097 0 0 0 1 
				9
				0.98509 0.0186988 0.171023 24.2255 0.0827755 -0.922966 -0.375874 129.785 0.15082 0.384426 -0.910753 -3.59227 0 0 0 1 
				10
				0.991784 -0.0313251 0.124032 24.3448 0.0228823 -0.910481 -0.412918 128.515 0.125864 0.412364 -0.902283 -9.80306 0 0 0 1 
				11
				0.993896 -0.0829571 0.0727233 24.3827 -0.0418789 -0.893571 -0.446965 127.853 0.102062 0.441191 -0.891591 -13.131 0 0 0 1 
				12
				0.99046 -0.136818 0.0164249 24.3258 -0.112473 -0.87152 -0.477288 128.368 0.079616 0.470888 -0.878593 -12.3817 0 0 0 1 
				13
				0.9811 -0.188391 -0.0441858 24.164 -0.184688 -0.843524 -0.504339 129.059 0.0577412 0.502967 -0.862375 -9.57261 0 0 0 1 
				14
				0.965538 -0.236991 -0.107571 23.893 -0.257524 -0.810167 -0.526603 129.691 0.0376495 0.536157 -0.843278 -6.11955 0 0 0 1 
				15
				0.943844 -0.281927 -0.172268 23.5164 -0.329786 -0.77232 -0.542921 130.198 0.020018 0.569244 -0.821925 -3.47915 0 0 0 1 
				16
				0.916179 -0.322996 -0.237253 23.0388 -0.400733 -0.730453 -0.553039 129.056 0.00532687 0.601758 -0.798661 -3.34485 0 0 0 1 
				17
				0.882616 -0.359895 -0.302431 22.4618 -0.470048 -0.684669 -0.557031 127.939 -0.00659256 0.633802 -0.773468 -3.30914 0 0 0 1 
				18
				0.843343 -0.392339 -0.36721 21.7901 -0.537148 -0.635354 -0.554795 126.86 -0.0156409 0.665128 -0.746566 -3.33607 0 0 0 1 
				19
				0.798607 -0.420096 -0.430985 21.0296 -0.601461 -0.582925 -0.5463 125.834 -0.0217336 0.695499 -0.718199 -3.38996 0 0 0 1 
				20
				0.748704 -0.443 -0.493147 20.1868 -0.66244 -0.527819 -0.531582 124.871 -0.0248016 0.724678 -0.688641 -3.43662 0 0 0 1 
				21
				0.693989 -0.460924 -0.553109 19.2695 -0.719558 -0.470503 -0.510748 123.983 -0.0248235 0.752447 -0.658186 -3.44276 0 0 0 1 
				22
				0.634864 -0.473789 -0.610305 18.2862 -0.772317 -0.411445 -0.483984 123.18 -0.0218009 0.778613 -0.627126 -3.37452 0 0 0 1 
				23
				0.571788 -0.481572 -0.664189 17.2464 -0.820251 -0.351096 -0.451576 122.474 -0.0157278 0.803007 -0.595763 -3.19808 0 0 0 1 
		</Joint>
			8
				-1
				0.406673 -0.757677 -0.510435 25.3316 -0.774443 0.0104719 -0.632557 -10.3985 0.484619 0.652546 -0.582519 -57.4139 0 0 0 1 
				0
				0.738163 -0.430173 -0.51968 34.2169 -0.670793 -0.386055 -0.633244 4.71891 0.0717794 0.816035 -0.573529 -71.8374 0 0 0 1 
				1
				0.881678 -0.0181657 -0.471502 38.0369 -0.322797 -0.752061 -0.574636 26.4703 -0.344159 0.658843 -0.66894 -87.9789 0 0 0 1 
				2
				0.841247 0.285172 -0.459325 36.3209 0.117813 -0.925855 -0.359043 52.2702 -0.527657 0.247929 -0.812471 -95.7542 0 0 0 1 
				3
				0.777347 0.407994 -0.478824 33.5606 0.443414 -0.895286 -0.0429909 76.9265 -0.446224 -0.178898 -0.876858 -89.7424 0 0 0 1 
				4
				0.788988 0.41949 -0.448916 33.3365 0.568059 -0.776448 0.272834 97.9642 -0.234109 -0.470274 -0.850903 -69.6583 0 0 0 1 
				5
				0.852119 0.383949 -0.355637 35.1559 0.523058 -0.647457 0.554265 114.211 -0.0174502 -0.658318 -0.752538 -41.6936 0 0 0 1 
				6
				0.91761 0.318292 -0.238081 37.2438 0.376478 -0.503828 0.777446 124.467 0.127503 -0.803024 -0.582147 -14.4802 0 0 0 1 
				7
				0.956177 0.256601 -0.141006 38.4665 0.218958 -0.306945 0.926198 129.191 0.194382 -0.916483 -0.349679 5.31174 0 0 0 1 
				8
				0.973864 0.214759 -0.0739532 39.0237 0.145537 -0.340031 0.929085 131.751 0.174383 -0.915564 -0.362399 4.406 0 0 0 1 
				9
				0.985089 0.171037 -0.0185626 39.3933 0.0827755 -0.376609 0.922667 131.059 0.15082 -0.910446 -0.385151 -1.27005 0 0 0 1 
				10
				0.991784 0.124007 0.0314239 39.6156 0.0228823 -0.413643 0.910151 128.867 0.125864 -0.901954 -0.413082 -7.8651 0 0 0 1 
				11
				0.993896 0.0726572 0.083015 39.686 -0.0418789 -0.447676 0.893215 127.208 0.102062 -0.891239 -0.441901 -11.5595 0 0 0 1 
				12
				0.99046 0.016316 0.136831 39.5762 -0.112473 -0.477982 0.871139 126.637 0.079616 -0.878218 -0.471587 -11.1558 0 0 0 1 
				13
				0.9811 -0.0443358 0.188356 39.2703 -0.184688 -0.50501 0.843122 126.215 0.0577412 -0.861974 -0.503653 -8.68354 0 0 0 1 
				14
				0.965538 -0.10776 0.236905 38.7597 -0.257524 -0.527248 0.809748 125.726 0.0376495 -0.842851 -0.536829 -5.53985 0 0 0 1 
				15
				0.943844 -0.172493 0.28179 38.0491 -0.329786 -0.543536 0.771888 125.12 0.020018 -0.821471 -0.569899 -3.17093 0 0 0 1 
				16
				0.916179 -0.23751 0.322807 37.1455 -0.400733 -0.55362 0.730012 122.886 0.00532686 -0.798181 -0.602394 -3.26282 0 0 0 1 
				17
				0.882616 -0.302717 0.359654 36.0517 -0.470048 -0.557576 0.684225 120.701 -0.00659257 -0.772963 -0.634417 -3.41064 0 0 0 1 
				18
				0.843343 -0.367522 0.392046 34.7754 -0.537148 -0.5553 0.634912 118.589 -0.0156409 -0.746036 -0.665722 -3.57689 0 0 0 1 
				19
				0.798607 -0.431319 0.419752 33.326 -0.601461 -0.546764 0.58249 116.573 -0.0217337 -0.717645 -0.696071 -3.7246 0 0 0 1 
				20
				0.748704 -0.493499 0.442607 31.7148 -0.66244 -0.532002 0.527396 114.671 -0.0248016 -0.688064 -0.725226 -3.81849 0 0 0 1 
				21
				0.693989 -0.553475 0.460484 29.9551 -0.719558 -0.511122 0.470096 112.903 -0.0248235 -0.657586 -0.75297 -3.82497 0 0 0 1 
				22
				0.634864 -0.610682 0.473303 28.0614 -0.772317 -0.484311 0.41106 111.289 -0.0218009 -0.626506 -0.779112 -3.7102 0 0 0 1 
				23
				0.571788 -0.664572 0.481043 26.0504 -0.820251 -0.451855 0.350737 109.845 -0.0157278 -0.595123 -0.803481 -3.44024 0 0 0 1 
		</Joint>
			9
				-1
				-1 1.32384e-06 -0.000379814 -1.61308 1.40526e-06 1 -0.000214365 -0.00362286 0.000379814 -0.000214365 -1 -76.477 0 0 0 1 
				0
				-1 8.56995e-06 -0.000378818 -1.61305 -7.2892e-05 0.97672 0.214515 16.0932 0.000371838 0.214515 -0.97672 -79.7198 0 0 0 1 
				1
				-1 1.68725e-05 -0.000378687 -1.61304 -0.000143407 0.907918 0.419148 31.7383 0.000350889 0.419148 -0.907918 -82.7674 0 0 0 1 
				2
				-1 2.27781e-05 -0.000379247 -1.61306 -0.000211068 0.796684 0.604395 47.3316 0.000315907 0.604395 -0.796685 -82.8495 0 0 0 1 
				3
				-1 2.29371e-05 -0.000379969 -1.61307 -0.000274575 0.64789 0.761734 63.2385 0.00026365 0.761734 -0.64789 -77.1076 0 0 0 1 
				4
				-1 1.59375e-05 -0.000380319 -1.61306 -0.000329233 0.465262 0.885173 80.451 0.000191056 0.885173 -0.465262 -62.3953 0 0 0 1 
				5
				-1 3.76745e-06 -0.000379223 -1.613 -0.000365481 0.257341 0.966321 97.8729 0.00010123 0.966321 -0.257341 -40.8439 0 0 0 1 
				6
				-1 -1.24352e-05 -0.000376349 -1.61288 -0.000376543 0.0408019 0.999167 112.616 2.93095e-06 0.999167 -0.0408019 -18.2162 0 0 0 1 
				7
				-1 -3.16584e-05 -0.000371552 -1.61272 -0.000361078 -0.166671 0.986013 122.161 -9.31424e-05 0.986013 0.166671 -0.567583 0 0 0 1 
				8
				-1 -5.83465e-05 -0.000364904 -1.61252 -0.000360704 -0.0605211 0.998167 126.902 -8.0324e-05 0.998167 0.0605211 -0.822403 0 0 0 1 
				9
				-1 -9.0609e-05 -0.000354012 -1.61224 -0.000359262 0.0666108 0.997779 128.188 -6.68268e-05 0.997779 -0.0666108 -5.78181 0 0 0 1 
				10
				-1 -0.000119051 -0.000341429 -1.61194 -0.000357263 0.179672 0.983726 127.942 -5.57683e-05 0.983726 -0.179672 -11.6434 0 0 0 1 
				11
				-1 -0.000135892 -0.000332773 -1.61174 -0.000355943 0.245342 0.969437 128.371 -5.00955e-05 0.969437 -0.245342 -14.6423 0 0 0 1 
				12
				-1 -0.000137674 -0.000332935 -1.61177 -0.000356441 0.243563 0.969885 130.052 -5.24371e-05 0.969885 -0.243563 -13.5844 0 0 0 1 
				13
				-1 -0.000129447 -0.000339321 -1.61195 -0.000358063 0.195229 0.980758 131.946 -6.07115e-05 0.980758 -0.195229 -10.4905 0 0 0 1 
				14
				-1 -0.000118047 -0.000346664 -1.61215 -0.000359433 0.135096 0.990832 133.792 -7.01323e-05 0.990832 -0.135096 -6.79249 0 0 0 1 
				15
				-1 -0.000111103 -0.000350719 -1.61227 -0.000360012 0.0992161 0.995066 135.495 -7.57575e-05 0.995066 -0.0992162 -3.95314 0 0 0 1 
				16
				-1 -0.000109433 -0.000351738 -1.6123 -0.000360142 0.0897751 0.995962 135.517 -7.74134e-05 0.995962 -0.0897752 -3.67179 0 0 0 1 
				17
				-1 -0.000108648 -0.000352209 -1.61231 -0.000360197 0.0853544 0.996351 135.526 -7.81885e-05 0.996351 -0.0853545 -3.54006 0 0 0 1 
				18
				-1 -0.000108546 -0.000352269 -1.61231 -0.000360204 0.0847857 0.996399 135.527 -7.82882e-05 0.996399 -0.0847858 -3.52312 0 0 0 1 
				19
				-1 -0.000108921 -0.000352045 -1.6123 -0.000360178 0.0868955 0.996218 135.523 -7.79183e-05 0.996218 -0.0868955 -3.58599 0 0 0 1 
				20
				-1 -0.000109569 -0.000351655 -1.61229 -0.000360131 0.0905454 0.995892 135.515 -7.72782e-05 0.995892 -0.0905454 -3.69475 0 0 0 1 
				21
				-1 -0.000110287 -0.000351219 -1.61228 -0.000360077 0.0945976 0.995516 135.506 -7.65675e-05 0.995516 -0.0945976 -3.8155 0 0 0 1 
				22
				-1 -0.000110866 -0.000350864 -1.61227 -0.000360031 0.0978785 0.995199 135.498 -7.59921e-05 0.995199 -0.0978785 -3.91328 0 0 0 1 
				23
				-1 -0.000111103 -0.000350719 -1.61227 -0.000360012 0.0992161 0.995066 135.495 -7.57575e-05 0.995066 -0.0992162 -3.95314 0 0 0 1 
		</Joint>
			10
				-1
				-0.649642 0.0572635 -0.758081 -9.08469 0.0993357 0.995004 -0.00996612 -0.00361236 0.753723 -0.0817789 -0.652084 -76.4741 0 0 0 1 
				0
				-0.892505 0.115309 -0.43605 -9.08466 -0.0672884 0.92191 0.381515 16.0927 0.445991 0.369845 -0.81505 -79.717 0 0 0 1 
				1
				-0.999451 -0.000450853 -0.0331408 -9.08465 -0.0249361 0.668919 0.742917 31.7372 0.0218335 0.743335 -0.668562 -82.7648 0 0 0 1 
				2
				-0.935502 -0.224184 0.27309 -9.08467 0.190461 0.331035 0.924197 47.33 -0.297592 0.916601 -0.266985 -82.8471 0 0 0 1 
				3
				-0.813406 -0.414995 0.407615 -9.08468 0.44538 0.0064356 0.895319 63.2365 -0.374176 0.909801 0.179595 -77.1056 0 0 0 1 
				4
				-0.757091 -0.490772 0.431227 -9.08467 0.608387 -0.289091 0.739116 80.4485 -0.238073 0.821931 0.517447 -62.3939 0 0 0 1 
				5
				-0.774288 -0.475326 0.417785 -9.08461 0.63268 -0.566888 0.527593 97.8702 -0.0139413 0.672833 0.739663 -40.8431 0 0 0 1 
				6
				-0.819348 -0.417891 0.392474 -9.0845 0.540608 -0.791054 0.286316 112.614 0.190819 0.446767 0.874064 -18.2162 0 0 0 1 
				7
				-0.850053 -0.372483 0.37238 -9.08433 0.406512 -0.913536 0.0141823 122.159 0.3349 0.163433 0.927972 -0.568281 0 0 0 1 
				8
				-0.865152 -0.34792 0.361198 -9.08413 0.374499 -0.92722 0.00387586 126.9 0.333561 0.138621 0.932482 -0.823003 0 0 0 1 
				9
				-0.881968 -0.317551 0.348272 -9.08385 0.342184 -0.939581 0.00985233 128.185 0.324101 0.127863 0.937342 -5.78231 0 0 0 1 
				10
				-0.899018 -0.28362 0.333657 -9.08355 0.308596 -0.950911 0.0231869 127.939 0.310702 0.123811 0.942409 -11.6438 0 0 0 1 
				11
				-0.914952 -0.248223 0.318194 -9.08336 0.272961 -0.961392 0.0349052 128.368 0.297245 0.118791 0.947383 -14.6427 0 0 0 1 
				12
				-0.929716 -0.211107 0.301765 -9.08338 0.234859 -0.97102 0.0442847 130.05 0.283671 0.112045 0.952353 -13.5848 0 0 0 1 
				13
				-0.943438 -0.171554 0.283716 -9.08357 0.194707 -0.979301 0.0553057 131.943 0.268355 0.107419 0.957312 -10.491 0 0 0 1 
				14
				-0.955489 -0.130564 0.264562 -9.08377 0.153201 -0.98594 0.0667309 133.789 0.252129 0.104292 0.962057 -6.79302 0 0 0 1 
				15
				-0.965473 -0.0892173 0.244751 -9.08388 0.111179 -0.990781 0.0774077 135.492 0.235589 0.101946 0.966491 -3.95371 0 0 0 1 
				16
				-0.973289 -0.0477856 0.224553 -9.08391 0.0688751 -0.993821 0.0870399 135.514 0.219006 0.100181 0.970567 -3.67237 0 0 0 1 
				17
				-0.978997 -0.00606141 0.203783 -9.08392 0.0261361 -0.995042 0.095964 135.523 0.202191 0.0992746 0.974302 -3.54065 0 0 0 1 
				18
