<?xml version='1.0' encoding='UTF-8' ?>
<itpanim>
	<skeleton count>
		25
			0 -1
			1.37091e-06 -1 -6.12323e-17 1.44898e-05 1 1.37091e-06 -6.12323e-17 -1.98691e-11 6.12323e-17 -6.12323e-17 1 80.8015 0 0 0 1 
			1 0
			1.3868e-06 4.78456e-08 -1 -80.8015 2.75771e-06 -1 -4.78418e-08 1.44901e-05 -1 -2.75771e-06 -1.3868e-06 -0.000112056 0 0 0 1 
			2 1
			1.40269e-06 -0.000796318 -1 -90.1364 0 -1 0.000796318 0.0931538 -1 -1.11699e-09 -1.40269e-06 -2.58351e-07 0 0 0 1 
			3 2
			1.40269e-06 -0.000796318 -1 -116.969 0 -1 0.000796318 0.11452 -1 -1.11699e-09 -1.40269e-06 -3.17612e-07 0 0 0 1 
			4 3
			1.40269e-06 -0.000796318 -1 -143.801 0 -1 0.000796318 0.119367 -1 -1.11699e-09 -1.40269e-06 -3.31058e-07 0 0 0 1 
			5 4
			1 1.37091e-06 4.37113e-08 -2.89267 -1.37091e-06 1 3.58059e-15 -8.20407e-06 -4.37113e-08 -6.35048e-14 1 143.801 0 0 0 1 
			6 5
			0.995014 0.0902305 0.042489 -10.1726 -0.0897157 0.995871 -0.0138741 -0.527027 -0.0435655 0.00999304 0.999001 144.37 0 0 0 1 
			7 6
			0.994845 -0.0912189 0.0442967 -37.2146 0.0915704 0.995781 -0.00596753 -7.37347 -0.0435655 0.00999304 0.999001 144.37 0 0 0 1 
			8 7
			0.994845 -0.0912189 0.0442967 -64.9763 -0.0434925 0.0107859 0.998995 144.365 -0.091605 -0.995772 0.00676301 7.48842 0 0 0 1 
			9 4
			-1 -1.37091e-06 4.37114e-08 -2.89267 -1.37091e-06 1 3.84662e-15 -8.20407e-06 -4.37115e-08 -5.60777e-14 -1 -143.801 0 0 0 1 
			10 9
			-0.995014 0.0902277 0.042489 -10.1726 0.089713 0.995871 -0.0138741 -0.527027 -0.0435654 -0.00999316 -0.999001 -144.37 0 0 0 1 
			11 10
			-0.994845 -0.0912216 0.0442967 -37.2146 -0.0915731 0.99578 -0.00596753 -7.37347 -0.0435654 -0.00999316 -0.999001 -144.37 0 0 0 1 
			12 11
			-0.994845 -0.0912216 0.0442967 -64.9763 0.0434925 0.0107861 0.998995 144.365 -0.0916078 0.995772 -0.00676301 -7.48842 0 0 0 1 
			13 4
			1.34309e-06 -5.95475e-08 -1 -149.889 -1.40269e-06 -1 5.95456e-08 7.93768e-06 -1 1.40269e-06 -1.34309e-06 -0.000201315 0 0 0 1 
			14 13
			1 -0 0 0 0 1 0 0 -0 -0 1 -0 0 0 0 1 
			15 2
			1.37369e-06 -0.0998334 0.995004 80.3979 0 -0.995004 -0.0998334 -8.06668 1 1.3714e-07 -1.36683e-06 -8.2648 0 0 0 1 
			16 15
			1.37369e-06 0.0998334 0.995004 45.0607 0 -0.995004 0.0998334 0.903508 1 -1.3714e-07 -1.36683e-06 -8.2648 0 0 0 1 
			17 16
			1.3716e-06 -6.00745e-14 1 9.05003 0 -1 -6.00745e-14 1.19116e-05 1 8.23984e-20 -1.3716e-06 -8.2648 0 0 0 1 
			18 17
			1.3723e-06 -1 -6.00133e-14 -12.2319 0 6.00133e-14 -1 -0.75718 1 1.3723e-06 8.23562e-20 -8.2648 0 0 0 1 
			19 18
			1 -0 0 0 0 1 0 0 -0 -0 1 -0 0 0 0 1 
			20 2
			1.37369e-06 -0.0998334 0.995004 80.3979 0 -0.995004 -0.0998334 -8.06668 1 1.3714e-07 -1.36683e-06 8.26481 0 0 0 1 
			21 20
			1.37369e-06 0.0998334 0.995004 45.0607 0 -0.995004 0.0998334 0.903507 1 -1.3714e-07 -1.36683e-06 8.26481 0 0 0 1 
			22 21
			1.3716e-06 -6.00745e-14 1 9.05003 0 -1 -6.00745e-14 1.19116e-05 1 8.23984e-20 -1.3716e-06 8.26481 0 0 0 1 
			23 22
			1.3723e-06 -1 5.98908e-14 -12.2319 0 -5.98908e-14 -1 -0.75718 1 1.3723e-06 -8.21882e-20 8.26481 0 0 0 1 
			24 23
			1 -0 0 0 0 1 0 0 -0 -0 1 -0 0 0 0 1 
	</skeleton>
		<animations>
			33
			0
				-1
				1.33158e-06 1 0 4.42778e-08 -1 1.33158e-06 0 1.01295 -0 -0 1 -87.2796 0 0 0 1 
				0
				1.33143e-06 1 1.96948e-08 -5.95711e-07 -0.999886 1.33157e-06 -0.0150938 -13.6283 -0.0150938 4.03792e-10 0.999886 -75.8543 0 0 0 1 
				1
				1.33047e-06 1 5.44838e-08 -1.29094e-06 -0.999163 1.33158e-06 -0.0408948 -29.5332 -0.0408948 -2.90811e-11 0.999163 -63.4428 0 0 0 1 
				2
				1.33016e-06 1 6.15834e-08 -1.88075e-06 -0.99893 1.33158e-06 -0.0462484 -43.0265 -0.0462484 9.79347e-24 0.99893 -52.9133 0 0 0 1 
				3
				1.33158e-06 1 0 -2.2045e-06 -1 1.33158e-06 0 -50.4332 -0 -0 1 -47.1335 0 0 0 1 
				4
				1.32625e-06 1 -1.20515e-07 -2.32265e-06 -0.996 1.33172e-06 0.0893582 -53.1361 0.0893582 1.52141e-09 0.996 -45.0243 0 0 0 1 
				5
				1.30701e-06 1 -2.64166e-07 -2.39971e-06 -0.981546 1.3334e-06 0.191225 -54.899 0.191225 9.35788e-09 0.981546 -43.6486 0 0 0 1 
				6
				1.39679e-06 1 -4.27717e-07 -2.44163e-06 -0.953607 1.46075e-06 0.301053 -55.8581 0.301053 -1.2633e-08 0.953607 -42.9001 0 0 0 1 
				7
				1.091e-06 1 -5.12289e-07 -2.45437e-06 -0.910363 1.2052e-06 0.413811 -56.1494 0.413811 1.49012e-08 0.910363 -42.6728 0 0 0 1 
				8
				1.24718e-06 1 -7.67907e-07 -2.44368e-06 -0.851467 1.46463e-06 0.524408 -55.9049 0.524408 -1.82096e-10 0.851467 -42.8636 0 0 0 1 
				9
				9.32582e-07 1 -7.2742e-07 -2.41533e-06 -0.778175 1.18257e-06 0.628048 -55.2562 0.628048 -1.96466e-08 0.778175 -43.3698 0 0 0 1 
				10
				9.23221e-07 1 -9.88779e-07 -2.37526e-06 -0.693327 1.35263e-06 0.720623 -54.3397 0.720623 2.02526e-08 0.693327 -44.085 0 0 0 1 
				11
				8.80367e-07 1 -1.17065e-06 -2.32944e-06 -0.60104 1.46474e-06 0.799219 -53.2913 0.799219 -0 0.60104 -44.9031 0 0 0 1 
				12
				6.74055e-07 1 -1.12785e-06 -2.28361e-06 -0.506207 1.31388e-06 0.862412 -52.2429 0.862412 -1.03884e-08 0.506207 -45.7212 0 0 0 1 
				13
				5.5139e-07 1 -1.30152e-06 -2.24354e-06 -0.414087 1.41302e-06 0.910237 -51.3263 0.910237 3.70485e-08 0.414087 -46.4365 0 0 0 1 
				14
				4.39389e-07 1 -1.38602e-06 -2.21519e-06 -0.329976 1.45338e-06 0.943989 -50.6777 0.943989 4.25758e-08 0.329976 -46.9426 0 0 0 1 
				15
				3.44638e-07 1 -1.40136e-06 -2.2045e-06 -0.258819 1.4428e-06 0.965926 -50.4332 0.965926 2.98023e-08 0.258819 -47.1335 0 0 0 1 
				16
				2.23773e-07 1 -1.17944e-06 -2.2045e-06 -0.210064 1.20013e-06 0.977688 -50.4332 0.977688 2.89761e-08 0.210064 -47.1335 0 0 0 1 
				17
				2.49085e-07 1 -1.58867e-06 -2.2045e-06 -0.18706 1.60722e-06 0.982348 -50.4332 0.982348 5.24869e-08 0.18706 -47.1335 0 0 0 1 
				18
				2.45135e-07 1 -1.05682e-06 -2.2045e-06 -0.184093 1.08389e-06 0.982909 -50.4332 0.982909 -4.63919e-08 0.184093 -47.1335 0 0 0 1 
				19
				1.81845e-07 1 -1.52524e-06 -2.2045e-06 -0.19509 1.53141e-06 0.980785 -50.4332 0.980785 1.19209e-07 0.19509 -47.1335 0 0 0 1 
				20
				1.71024e-07 1 -1.28073e-06 -2.2045e-06 -0.214061 1.28765e-06 0.97682 -50.4332 0.97682 1.07095e-07 0.214061 -47.1335 0 0 0 1 
				21
				2.81672e-07 1 -1.44785e-06 -2.2045e-06 -0.235036 1.4735e-06 0.971987 -50.4332 0.971987 6.65161e-08 0.235036 -47.1335 0 0 0 1 
				22
				1.00646e-07 1 -9.64045e-07 -2.2045e-06 -0.251945 9.58303e-07 0.967742 -50.4332 0.967742 1.45488e-07 0.251945 -47.1335 0 0 0 1 
				23
				3.44638e-07 1 -1.40136e-06 -2.2045e-06 -0.258819 1.4428e-06 0.965926 -50.4332 0.965926 2.98023e-08 0.258819 -47.1335 0 0 0 1 
				24
				3.10175e-07 1 -1.52192e-06 -2.2045e-06 -0.258819 1.55034e-06 0.965926 -50.4332 0.965926 9.42964e-08 0.258819 -47.1335 0 0 0 1 
				25
				3.10175e-07 1 -1.44546e-06 -2.2045e-06 -0.258819 1.47648e-06 0.965926 -50.4332 0.965926 7.45058e-08 0.258819 -47.1335 0 0 0 1 
				26
				3.10174e-07 1 -1.39328e-06 -2.2045e-06 -0.258819 1.42608e-06 0.965926 -50.4332 0.965926 6.10016e-08 0.258819 -47.1335 0 0 0 1 
				27
				3.44638e-07 1 -1.40136e-06 -2.2045e-06 -0.258819 1.4428e-06 0.965926 -50.4332 0.965926 2.98023e-08 0.258819 -47.1335 0 0 0 1 
				28
				3.10174e-07 1 -1.39328e-06 -2.2045e-06 -0.258819 1.42608e-06 0.965926 -50.4332 0.965926 6.10016e-08 0.258819 -47.1335 0 0 0 1 
				29
				3.10175e-07 1 -1.44546e-06 -2.2045e-06 -0.258819 1.47648e-06 0.965926 -50.4332 0.965926 7.45058e-08 0.258819 -47.1335 0 0 0 1 
				30
				3.10175e-07 1 -1.52192e-06 -2.2045e-06 -0.258819 1.55034e-06 0.965926 -50.4332 0.965926 9.42964e-08 0.258819 -47.1335 0 0 0 1 
				31
				3.44638e-07 1 -1.40136e-06 -2.2045e-06 -0.258819 1.4428e-06 0.965926 -50.4332 0.965926 2.98023e-08 0.258819 -47.1335 0 0 0 1 
		</Joint>
			1
				-1
				1.33158e-06 2.66316e-06 -1 4.42778e-08 0 -1 -2.66316e-06 1.01295 -1 3.54621e-12 -1.33158e-06 -87.2796 0 0 0 1 
				0
				-1.9693e-08 2.66301e-06 -1 -5.95711e-07 0.0150925 -0.999886 -2.663e-06 -13.6283 -0.999886 -0.0150925 -2.05006e-08 -75.8543 0 0 0 1 
				1
				-5.4482e-08 2.66205e-06 -1 -1.29094e-06 0.0408934 -0.999164 -2.66205e-06 -29.5332 -0.999164 -0.0408934 -5.44238e-08 -63.4428 0 0 0 1 
				2
				-6.15816e-08 2.66174e-06 -1 -1.88075e-06 0.046247 -0.99893 -2.66174e-06 -43.0265 -0.99893 -0.046247 -6.15817e-08 -52.9133 0 0 0 1 
				3
				1.33158e-06 2.66316e-06 -1 -2.2045e-06 0 -1 -2.66316e-06 -50.4332 -1 3.54621e-12 -1.33158e-06 -47.1335 0 0 0 1 
				4
				1.20517e-07 2.65783e-06 -1 -2.32265e-06 -0.0893595 -0.995999 -2.65797e-06 -53.1361 -0.995999 0.0893595 1.17468e-07 -45.0243 0 0 0 1 
				5
				2.64168e-07 2.63859e-06 -1 -2.39971e-06 -0.191227 -0.981546 -2.64041e-06 -54.899 -0.981546 0.191227 2.45276e-07 -43.6486 0 0 0 1 
				6
				4.27719e-07 2.72837e-06 -1 -2.44163e-06 -0.301055 -0.953607 -2.73055e-06 -55.8581 -0.953607 0.301055 4.13512e-07 -42.9001 0 0 0 1 
				7
				5.1229e-07 2.42258e-06 -1 -2.45437e-06 -0.413812 -0.910362 -2.41742e-06 -56.1494 -0.910362 0.413812 5.36123e-07 -42.6728 0 0 0 1 
				8
				7.67909e-07 2.57876e-06 -1 -2.44368e-06 -0.524409 -0.851466 -2.59842e-06 -55.9049 -0.851466 0.524409 6.98475e-07 -42.8636 0 0 0 1 
				9
				7.27421e-07 2.26416e-06 -1 -2.41533e-06 -0.628049 -0.778174 -2.21877e-06 -55.2562 -0.778174 0.628049 8.55944e-07 -43.3698 0 0 0 1 
				10
				9.8878e-07 2.2548e-06 -1 -2.37526e-06 -0.720624 -0.693326 -2.27585e-06 -54.3397 -0.693326 0.720624 9.39316e-07 -44.085 0 0 0 1 
				11
				1.17065e-06 2.21195e-06 -1 -2.32944e-06 -0.79922 -0.601039 -2.26507e-06 -53.2913 -0.601039 0.79922 1.06423e-06 -44.9031 0 0 0 1 
				12
				1.12785e-06 2.00563e-06 -1 -2.28361e-06 -0.862413 -0.506206 -1.98794e-06 -52.2429 -0.506206 0.862413 1.15876e-06 -45.7212 0 0 0 1 
				13
				1.30153e-06 1.88297e-06 -1 -2.24354e-06 -0.910238 -0.414085 -1.96441e-06 -51.3263 -0.414085 0.910238 1.17501e-06 -46.4365 0 0 0 1 
				14
				1.38603e-06 1.77097e-06 -1 -2.21519e-06 -0.94399 -0.329975 -1.89277e-06 -50.6777 -0.329975 0.94399 1.21442e-06 -46.9426 0 0 0 1 
				15
				1.40136e-06 1.67622e-06 -1 -2.2045e-06 -0.965926 -0.258818 -1.78744e-06 -50.4332 -0.258818 0.965926 1.25641e-06 -47.1335 0 0 0 1 
				16
				1.17944e-06 1.55535e-06 -1 -2.2045e-06 -0.977688 -0.210063 -1.47984e-06 -50.4332 -0.210063 0.977688 1.27289e-06 -47.1335 0 0 0 1 
				17
				1.58867e-06 1.58066e-06 -1 -2.2045e-06 -0.982349 -0.187059 -1.8563e-06 -50.4332 -0.187059 0.982349 1.25559e-06 -47.1335 0 0 0 1 
				18
				1.05682e-06 1.57671e-06 -1 -2.2045e-06 -0.982909 -0.184092 -1.32902e-06 -50.4332 -0.184092 0.982909 1.35521e-06 -47.1335 0 0 0 1 
				19
				1.52524e-06 1.51342e-06 -1 -2.2045e-06 -0.980786 -0.195089 -1.79119e-06 -50.4332 -0.195089 0.980786 1.18679e-06 -47.1335 0 0 0 1 
				20
				1.28073e-06 1.5026e-06 -1 -2.2045e-06 -0.97682 -0.21406 -1.57269e-06 -50.4332 -0.21406 0.97682 1.19362e-06 -47.1335 0 0 0 1 
				21
				1.44785e-06 1.61325e-06 -1 -2.2045e-06 -0.971987 -0.235035 -1.78647e-06 -50.4332 -0.235035 0.971987 1.22776e-06 -47.1335 0 0 0 1 
				22
				9.64045e-07 1.43223e-06 -1 -2.2045e-06 -0.967742 -0.251944 -1.29379e-06 -50.4332 -0.251944 0.967742 1.14314e-06 -47.1335 0 0 0 1 
				23
				1.40136e-06 1.67622e-06 -1 -2.2045e-06 -0.965926 -0.258818 -1.78744e-06 -50.4332 -0.258818 0.965926 1.25641e-06 -47.1335 0 0 0 1 
				24
				1.52192e-06 1.64175e-06 -1 -2.2045e-06 -0.965926 -0.258818 -1.89498e-06 -50.4332 -0.258818 0.965926 1.19191e-06 -47.1335 0 0 0 1 
				25
				1.44546e-06 1.64175e-06 -1 -2.2045e-06 -0.965926 -0.258818 -1.82112e-06 -50.4332 -0.258818 0.965926 1.2117e-06 -47.1335 0 0 0 1 
				26
				1.39328e-06 1.64175e-06 -1 -2.2045e-06 -0.965926 -0.258818 -1.77072e-06 -50.4332 -0.258818 0.965926 1.22521e-06 -47.1335 0 0 0 1 
				27
				1.40136e-06 1.67622e-06 -1 -2.2045e-06 -0.965926 -0.258818 -1.78744e-06 -50.4332 -0.258818 0.965926 1.25641e-06 -47.1335 0 0 0 1 
				28
				1.39328e-06 1.64175e-06 -1 -2.2045e-06 -0.965926 -0.258818 -1.77072e-06 -50.4332 -0.258818 0.965926 1.22521e-06 -47.1335 0 0 0 1 
				29
				1.44546e-06 1.64175e-06 -1 -2.2045e-06 -0.965926 -0.258818 -1.82112e-06 -50.4332 -0.258818 0.965926 1.2117e-06 -47.1335 0 0 0 1 
				30
				1.52192e-06 1.64175e-06 -1 -2.2045e-06 -0.965926 -0.258818 -1.89498e-06 -50.4332 -0.258818 0.965926 1.19191e-06 -47.1335 0 0 0 1 
				31
				1.40136e-06 1.67622e-06 -1 -2.2045e-06 -0.965926 -0.258818 -1.78744e-06 -50.4332 -0.258818 0.965926 1.25641e-06 -47.1335 0 0 0 1 
		</Joint>
			2
				-1
				-0.000201531 1.21675e-06 -1 1.29068e-05 -0.0132476 -0.999912 1.45316e-06 1.0343 -0.999912 0.0132476 0.00020153 -96.6148 0 0 0 1 
				0
				-0.000201558 8.11221e-07 -1 1.20914e-05 0.00385891 -0.999993 -1.58901e-06 -13.466 -0.999993 -0.00385891 0.000201554 -85.188 0 0 0 1 
				1
				-0.000201604 1.16835e-07 -1 1.1086e-05 0.0331062 -0.999452 -6.79113e-06 -29.1301 -0.999452 -0.0331062 0.00020149 -72.7692 0 0 0 1 
				2
				-0.000201614 -2.68578e-08 -1 1.04329e-05 0.0391754 -0.999232 -7.87147e-06 -42.5735 -0.999232 -0.0391754 0.00020146 -62.2373 0 0 0 1 
				3
				-0.000201531 1.21675e-06 -1 1.06581e-05 -0.0132476 -0.999912 1.45316e-06 -50.4118 -0.999912 0.0132476 0.00020153 -56.4686 0 0 0 1 
				4
				-0.000267998 0.000832163 -1 -6.08848e-06 -0.114239 -0.993453 -0.000796099 -53.949 -0.993453 0.114239 0.000361309 -54.3243 0 0 0 1 
				5
				-0.000425291 0.00303382 -0.999995 -5.18646e-05 -0.228663 -0.973501 -0.0028562 -56.6633 -0.973505 0.228661 0.00110775 -52.8161 0 0 0 1 
				6
				-0.000610789 0.00614639 -0.999981 -0.000116879 -0.35095 -0.936378 -0.00554109 -58.6484 -0.936394 0.35094 0.002729 -51.8095 0 0 0 1 
				7
				-0.000773269 0.00970814 -0.999953 -0.000192203 -0.474876 -0.880015 -0.00817649 -59.9935 -0.880052 0.474847 0.00529065 -51.1811 0 0 0 1 
				8
				-0.000876649 0.0132721 -0.999912 -0.000265952 -0.594154 -0.804288 -0.0101547 -60.783 -0.804351 0.594092 0.00859077 -50.8247 0 0 0 1 
				9
				-0.00090138 0.016389 -0.999865 -0.000332897 -0.702959 -0.711145 -0.0110228 -61.1038 -0.71123 0.702854 0.0121618 -50.649 0 0 0 1 
				10
				-0.000843292 0.0185961 -0.999827 -0.000377575 -0.796523 -0.604516 -0.0105718 -61.0537 -0.604607 0.796376 0.015322 -50.5742 0 0 0 1 
				11
				-0.000716414 0.0194301 -0.999811 -0.000393651 -0.87178 -0.489817 -0.00889432 -60.7414 -0.489898 0.871608 0.0172897 -50.5324 0 0 0 1 
				12
				-0.000548072 0.018443 -0.99983 -0.000372916 -0.927716 -0.373233 -0.00637615 -60.2855 -0.373287 0.927554 0.0173144 -50.4664 0 0 0 1 
				13
				-0.000375348 0.015188 -0.999885 -0.00030171 -0.965299 -0.261122 -0.00360402 -59.8177 -0.261147 0.965186 0.014759 -50.3226 0 0 0 1 
				14
				-0.000243364 0.0092049 -0.999958 -0.00017306 -0.987186 -0.159573 -0.00122866 -59.4863 -0.159577 0.987143 0.00912578 -50.044 0 0 0 1 
				15
				-0.000196584 3.49205e-05 -1 2.30187e-05 -0.997262 -0.0739509 0.000193463 -59.4484 -0.0739509 0.997262 4.93624e-05 -49.5708 0 0 0 1 
				16
				-0.000323115 -0.0331361 -0.999451 0.000729653 -0.999844 -0.0176601 0.000908751 -59.5594 -0.0176805 0.999295 -0.0331252 -49.1157 0 0 0 1 
				17
				-0.000517441 -0.0925529 -0.995708 0.00200286 -0.999987 0.0051007 4.55456e-05 -59.6034 0.00507459 0.995695 -0.0925543 -48.9009 0 0 0 1 
				18
				-0.000462142 -0.148946 -0.988845 0.00320275 -0.999989 0.00465534 -0.000233864 -59.6086 0.00463825 0.988835 -0.148946 -48.8731 0 0 0 1 
				19
				-0.00033477 -0.173614 -0.984814 0.00373435 -0.999963 -0.00839199 0.00181935 -59.5885 -0.00858042 0.984778 -0.173605 -48.9756 0 0 0 1 
				20
				-0.000313773 -0.146955 -0.989143 0.00316228 -0.999609 -0.0276053 0.00441836 -59.5511 -0.0279549 0.988758 -0.146889 -49.1528 0 0 0 1 
				21
				-0.000265946 -0.087121 -0.996198 0.00188548 -0.998776 -0.0492463 0.0045734 -59.5055 -0.0494575 0.99498 -0.0870013 -49.3487 0 0 0 1 
				22
				-0.000218563 -0.0269709 -0.999636 0.000595928 -0.997763 -0.0668292 0.00202125 -59.4655 -0.0668594 0.9974 -0.026896 -49.5066 0 0 0 1 
				23
				-0.000196584 3.49205e-05 -1 2.30187e-05 -0.997262 -0.0739509 0.000193463 -59.4484 -0.0739509 0.997262 4.93624e-05 -49.5708 0 0 0 1 
				24
				-0.000217976 -0.0269708 -0.999636 0.000601134 -0.997262 -0.0739184 0.00221182 -59.4484 -0.0739512 0.9969 -0.0268809 -49.5708 0 0 0 1 
				25
				-0.000265944 -0.087121 -0.996198 0.00188546 -0.997262 -0.0736496 0.00670714 -59.4484 -0.0739539 0.993472 -0.0868628 -49.5707 0 0 0 1 
				26
				-0.000313638 -0.146955 -0.989143 0.00316333 -0.997261 -0.0731105 0.0111781 -59.4484 -0.0739594 0.986438 -0.146529 -49.5706 0 0 0 1 
				27
				-0.000334862 -0.173614 -0.984814 0.00373319 -0.997261 -0.0727817 0.0131698 -59.4484 -0.0739629 0.982121 -0.173114 -49.5705 0 0 0 1 
				28
				-0.000319978 -0.154913 -0.987928 0.00333346 -0.997261 -0.073018 0.0117727 -59.4484 -0.0739603 0.985226 -0.154465 -49.5706 0 0 0 1 
				29
				-0.000283232 -0.108832 -0.99406 0.00234938 -0.997261 -0.0734856 0.00832952 -59.4484 -0.0739556 0.99134 -0.108513 -49.5707 0 0 0 1 
				30
				-0.000237606 -0.0516257 -0.998666 0.00112787 -0.997262 -0.0738411 0.00405446 -59.4484 -0.073952 0.995933 -0.0514668 -49.5708 0 0 0 1 
				31
				-0.000196584 3.49205e-05 -1 2.30191e-05 -0.997262 -0.0739509 0.000193463 -59.4484 -0.0739509 0.997262 4.93624e-05 -49.5708 0 0 0 1 
		</Joint>
			3
				-1
				-0.000413847 6.56914e-06 -1 -0.00539485 -0.0256174 -0.999672 4.03469e-06 0.700196 -0.999672 0.0256174 0.000413879 -123.445 0 0 0 1 
				0
				-0.000413896 5.331e-06 -1 -0.00539638 -0.00650066 -0.999979 -2.64029e-06 -13.3411 -0.999979 0.00650066 0.000413922 -112.02 0 0 0 1 
				1
				-0.000413972 3.21196e-06 -1 -0.00539857 0.0261912 -0.999657 -1.40533e-05 -28.2204 -0.999657 -0.0261912 0.000413746 -99.5864 0 0 0 1 
				2
				-0.000413987 2.7747e-06 -1 -0.00539947 0.0329759 -0.999456 -1.64248e-05 -41.5009 -0.999456 -0.0329759 0.000413671 -89.0484 0 0 0 1 
				3
				-0.000413847 6.56914e-06 -1 -0.00539711 -0.0256174 -0.999672 4.03469e-06 -50.7459 -0.999672 0.0256174 0.000413879 -83.2992 0 0 0 1 
				4
				-0.00052675 0.00167233 -0.999998 -0.00723291 -0.138182 -0.990406 -0.0015835 -56.9931 -0.990407 0.138181 0.000752781 -80.9839 0 0 0 1 
				5
				-0.000747822 0.00608335 -0.999981 -0.0115935 -0.264923 -0.964253 -0.00566788 -62.7782 -0.964269 0.264913 0.00233271 -78.9432 0 0 0 1 
				6
				-0.000912984 0.012318 -0.999923 -0.0167691 -0.399068 -0.916856 -0.0109303 -68.0456 -0.916921 0.399028 0.00575279 -76.9437 0 0 0 1 
				7
				-0.000902976 0.0194479 -0.999811 -0.0213564 -0.532997 -0.845966 -0.015974 -72.7175 -0.846116 0.532882 0.0111296 -74.8064 0 0 0 1 
				8
				-0.000657086 0.0265714 -0.999647 -0.0243563 -0.659035 -0.751858 -0.0195518 -76.7095 -0.752112 0.658789 0.0180055 -72.4214 0 0 0 1 
				9
				-0.000179315 0.0327851 -0.999462 -0.0252196 -0.770218 -0.637442 -0.0207716 -79.9523 -0.637781 0.7698 0.025366 -69.7494 0 0 0 1 
				10
				0.000459033 0.0371618 -0.999309 -0.0237991 -0.861118 -0.508038 -0.0192882 -82.4155 -0.508404 0.860532 0.0317675 -66.8156 0 0 0 1 
				11
				0.00111833 0.0387817 -0.999247 -0.0204454 -0.928653 -0.370629 -0.0154238 -84.1255 -0.370948 0.927971 0.0356003 -63.6974 0 0 0 1 
				12
				0.00160622 0.0367642 -0.999323 -0.0158646 -0.972464 -0.232832 -0.0101287 -85.1733 -0.233046 0.971822 0.0353779 -60.5034 0 0 0 1 
				13
				0.00169015 0.0302387 -0.999541 -0.0110194 -0.994763 -0.102093 -0.00477066 -85.7168 -0.102191 0.994315 0.0299078 -57.351 0 0 0 1 
				14
				0.0011093 0.0183151 -0.999832 -0.00709446 -0.999889 0.0148892 -0.000836623 -85.9752 0.0148714 0.999722 0.0183296 -54.3472 0 0 0 1 
				15
				-0.000394814 0.000110488 -1 -0.00525422 -0.993635 0.112647 0.000404747 -86.2097 0.112647 0.993635 6.53105e-05 -51.5763 0 0 0 1 
				16
				-0.00700967 -0.0655535 -0.997824 -0.00653976 -0.984652 0.174469 -0.00454484 -86.3913 0.174387 0.982478 -0.0657704 -49.6111 0 0 0 1 
				17
				-0.0187293 -0.182507 -0.983026 -0.00798198 -0.980566 0.195397 -0.0175947 -86.4396 0.195292 0.963593 -0.18262 -48.7853 0 0 0 1 
				18
				-0.0288924 -0.291855 -0.956026 -0.00296166 -0.981325 0.190249 -0.0284223 -86.4448 0.190178 0.93735 -0.291902 -48.7686 0 0 0 1 
				19
				-0.0329287 -0.33891 -0.940243 0.00199339 -0.984109 0.175233 -0.0286976 -86.4237 0.174487 0.924356 -0.339294 -49.2256 0 0 0 1 
				20
				-0.0279357 -0.288124 -0.957186 0.000898482 -0.987329 0.157587 -0.0186202 -86.3764 0.156205 0.944537 -0.288876 -49.9231 0 0 0 1 
				21
				-0.0167262 -0.172014 -0.984953 -0.00157529 -0.990532 0.1371 -0.00712245 -86.308 0.136263 0.975507 -0.172678 -50.6967 0 0 0 1 
				22
				-0.00545601 -0.0534072 -0.998558 -0.00412762 -0.992803 0.119755 -0.000980416 -86.2404 0.119634 0.991366 -0.0536762 -51.3218 0 0 0 1 
				23
				-0.000394814 0.000110488 -1 -0.00525422 -0.993635 0.112647 0.000404747 -86.2097 0.112647 0.993635 6.53105e-05 -51.5763 0 0 0 1 
				24
				-0.00545542 -0.0534072 -0.998558 -0.00410671 -0.993629 0.112703 -0.000599376 -86.2098 0.112573 0.992192 -0.0536817 -51.5763 0 0 0 1 
				25
				-0.0167262 -0.172014 -0.984953 -0.00157529 -0.993577 0.113119 -0.00288256 -86.2097 0.111913 0.978578 -0.172801 -51.576 0 0 0 1 
				26
				-0.0279355 -0.288124 -0.957186 0.000903588 -0.993476 0.113922 -0.00529727 -86.2098 0.110571 0.950792 -0.289427 -51.5754 0 0 0 1 
				27
				-0.0329288 -0.338909 -0.940243 0.00198864 -0.993414 0.114402 -0.00644513 -86.2098 0.10975 0.933838 -0.340444 -51.575 0 0 0 1 
				28
				-0.0294262 -0.303356 -0.952423 0.0012296 -0.993458 0.114058 -0.0056345 -86.2098 0.110341 0.946026 -0.304728 -51.5753 0 0 0 1 
				29
				-0.0207939 -0.21443 -0.976518 -0.000668934 -0.993546 0.113366 -0.00373709 -86.2098 0.111505 0.970138 -0.215403 -51.5758 0 0 0 1 
				30
				-0.0100754 -0.102167 -0.994716 -0.00306458 -0.993614 0.112825 -0.00152404 -86.2097 0.112385 0.988348 -0.102651 -51.5762 0 0 0 1 
				31
				-0.000394813 0.000110488 -1 -0.00525422 -0.993635 0.112647 0.000404747 -86.2097 0.112647 0.993635 6.53105e-05 -51.5763 0 0 0 1 
		</Joint>
			4
				-1
				-0.000413847 6.56914e-06 -1 -0.0164994 -0.0256174 -0.999672 4.03469e-06 0.0176657 -0.999672 0.0256174 0.000413879 -150.269 0 0 0 1 
				0
				-0.000413896 5.331e-06 -1 -0.0165022 -0.00650066 -0.999979 -2.64029e-06 -13.5107 -0.999979 0.00650066 0.000413922 -138.852 0 0 0 1 
				1
				-0.000413972 3.21196e-06 -1 -0.0165065 0.0261912 -0.999657 -1.40533e-05 -27.5128 -0.999657 -0.0261912 0.000413746 -126.409 0 0 0 1 
				2
				-0.000413987 2.7747e-06 -1 -0.0165078 0.0329759 -0.999456 -1.64248e-05 -40.6113 -0.999456 -0.0329759 0.000413671 -115.866 0 0 0 1 
				3
				-0.000413847 6.56914e-06 -1 -0.0165017 -0.0256174 -0.999672 4.03469e-06 -51.4285 -0.999672 0.0256174 0.000413879 -110.123 0 0 0 1 
				4
				-0.00052675 0.00167233 -0.999998 -0.021375 -0.138182 -0.990405 -0.0015835 -60.6961 -0.990407 0.138181 0.000752781 -107.56 0 0 0 1 
				5
				-0.000747822 0.00608335 -0.999981 -0.0316889 -0.264923 -0.964253 -0.00566788 -69.8821 -0.964269 0.264913 0.00233271 -104.818 0 0 0 1 
				6
				-0.000912984 0.012318 -0.999923 -0.0413264 -0.399068 -0.916856 -0.0109303 -78.7491 -0.916921 0.399028 0.00575279 -101.549 0 0 0 1 
				7
				-0.000902976 0.0194479 -0.999811 -0.0456798 -0.532997 -0.845966 -0.015974 -87.015 -0.846117 0.532882 0.0111296 -97.5123 0 0 0 1 
				8
				-0.000657087 0.0265714 -0.999647 -0.0421166 -0.659035 -0.751858 -0.0195518 -94.3893 -0.752112 0.658789 0.0180055 -92.6056 0 0 0 1 
				9
				-0.000179315 0.0327851 -0.999462 -0.0301902 -0.770218 -0.637442 -0.0207716 -100.616 -0.637781 0.7698 0.025366 -86.8663 0 0 0 1 
				10
				0.000459032 0.0371618 -0.999309 -0.011662 -0.861118 -0.508038 -0.0192882 -105.519 -0.508404 0.860532 0.0317675 -80.4615 0 0 0 1 
				11
				0.00111833 0.0387817 -0.999247 0.00937413 -0.928653 -0.370629 -0.0154238 -109.042 -0.370948 0.927971 0.0356003 -73.6553 0 0 0 1 
				12
				0.00160622 0.0367642 -0.999323 0.0270559 -0.972464 -0.232832 -0.0101287 -111.266 -0.233046 0.971822 0.0353779 -66.7613 0 0 0 1 
				13
				0.00169015 0.0302387 -0.999541 0.0341849 -0.994763 -0.102093 -0.00477066 -112.408 -0.102191 0.994315 0.0299078 -60.0978 0 0 0 1 
				14
				0.0011093 0.0183151 -0.999832 0.022582 -0.999889 0.0148892 -0.000836624 -112.805 0.0148714 0.999722 0.0183296 -53.953 0 0 0 1 
				15
				-0.000394814 0.000110488 -1 -0.0158486 -0.993635 0.112647 0.000404747 -112.872 0.112647 0.993635 6.53105e-05 -48.5585 0 0 0 1 
				16
				-0.00700967 -0.0655535 -0.997824 -0.194309 -0.984653 0.174469 -0.00454484 -112.813 0.174387 0.982478 -0.0657704 -44.9367 0 0 0 1 
				17
				-0.0187293 -0.182507 -0.983026 -0.509649 -0.980566 0.195397 -0.0175947 -112.752 0.195292 0.963593 -0.18262 -43.5499 0 0 0 1 
				18
				-0.0288924 -0.291855 -0.956026 -0.776799 -0.981325 0.190249 -0.0284223 -112.777 0.190178 0.93735 -0.291902 -43.6703 0 0 0 1 
				19
				-0.0329287 -0.33891 -0.940243 -0.879921 -0.984109 0.175233 -0.0286976 -112.831 0.174487 0.924356 -0.339294 -44.5482 0 0 0 1 
				20
				-0.0279357 -0.288124 -0.957186 -0.747286 -0.987329 0.157587 -0.0186202 -112.87 0.156205 0.944537 -0.288876 -45.7363 0 0 0 1 
				21
				-0.0167262 -0.172014 -0.984953 -0.449547 -0.990532 0.1371 -0.00712245 -112.887 0.136263 0.975507 -0.172678 -47.0451 0 0 0 1 
				22
				-0.00545601 -0.0534072 -0.998558 -0.150267 -0.992803 0.119755 -0.000980417 -112.88 0.119634 0.991366 -0.0536762 -48.1166 0 0 0 1 
				23
				-0.000394814 0.000110488 -1 -0.0158486 -0.993635 0.112647 0.000404747 -112.872 0.112647 0.993635 6.53105e-05 -48.5585 0 0 0 1 
				24
				-0.00545542 -0.0534072 -0.998558 -0.15023 -0.993629 0.112703 -0.000599377 -112.872 0.112573 0.992192 -0.0536817 -48.5605 0 0 0 1 
				25
				-0.0167262 -0.172014 -0.984953 -0.449547 -0.993577 0.113119 -0.00288256 -112.87 0.111913 0.978578 -0.172801 -48.5779 0 0 0 1 
				26
				-0.0279355 -0.288124 -0.957186 -0.747279 -0.993476 0.113922 -0.00529727 -112.868 0.110571 0.950792 -0.289427 -48.6131 0 0 0 1 
				27
				-0.0329288 -0.338909 -0.940243 -0.879927 -0.993414 0.114402 -0.00644512 -112.866 0.10975 0.933838 -0.340444 -48.6347 0 0 0 1 
				28
				-0.0294262 -0.303356 -0.952423 -0.786875 -0.993458 0.114058 -0.00563449 -112.867 0.110341 0.946026 -0.304728 -48.6192 0 0 0 1 
				29
				-0.0207939 -0.21443 -0.976518 -0.557581 -0.993546 0.113366 -0.00373709 -112.87 0.111505 0.970138 -0.215403 -48.5886 0 0 0 1 
				30
				-0.0100754 -0.102167 -0.994716 -0.272916 -0.993614 0.112825 -0.00152404 -112.871 0.112385 0.988348 -0.102651 -48.5654 0 0 0 1 
				31
				-0.000394813 0.000110488 -1 -0.0158486 -0.993635 0.112647 0.000404747 -112.872 0.112647 0.993635 6.53105e-05 -48.5586 0 0 0 1 
		</Joint>
			5
				-1
				1 -6.23737e-06 0.000416648 2.87618 -4.10633e-06 0.999692 0.0248214 0.012816 -0.000416675 -0.0248214 0.999692 -150.27 0 0 0 1 
				0
				1 -4.99919e-06 0.000416697 2.87618 2.62211e-06 0.999984 0.00570439 -13.5155 -0.000416718 -0.00570439 0.999983 -138.853 0 0 0 1 
				1
				1 -2.88059e-06 0.000416771 2.87617 1.4127e-05 0.999636 -0.0269872 -27.5176 -0.000416542 0.0269872 0.999636 -126.411 0 0 0 1 
				2
				1 -2.44056e-06 0.000416786 2.87617 1.65147e-05 0.99943 -0.0337718 -40.6161 -0.000416465 0.0337718 0.99943 -115.867 0 0 0 1 
				3
				1 -6.23737e-06 0.000416648 2.87618 -4.10633e-06 0.999692 0.0248214 -51.4333 -0.000416675 -0.0248214 0.999692 -110.124 0 0 0 1 
				4
				0.999998 -0.00167191 0.000530878 2.87131 0.00158311 0.990515 0.137393 -60.6963 -0.000755551 -0.137392 0.990516 -107.561 0 0 0 1 
				5
				0.999981 -0.00608275 0.000755462 2.86096 0.00566714 0.964464 0.264155 -69.8704 -0.0023354 -0.264145 0.96448 -104.824 0 0 0 1 
				6
				0.999923 -0.0123172 0.000925589 2.85119 0.0109292 0.917174 0.398338 -78.7219 -0.00575536 -0.398298 0.917238 -101.564 0 0 0 1 
				7
				0.99981 -0.0194472 0.000921258 2.84654 0.0159725 0.84639 0.532324 -86.9729 -0.0111319 -0.532208 0.84654 -97.5419 0 0 0 1 
				8
				0.999647 -0.0265709 0.00068104 2.84967 0.01955 0.752383 0.658436 -94.3364 -0.0180076 -0.65819 0.752636 -92.6545 0 0 0 1 
				9
				0.999462 -0.0327849 0.000208216 2.86109 0.0207695 0.638055 0.769711 -100.559 -0.0253677 -0.769292 0.638393 -86.936 0 0 0 1 
				10
				0.999309 -0.0371621 -0.000426646 2.8792 0.0192858 0.508724 0.860713 -105.466 -0.0317689 -0.860127 0.509089 -80.5492 0 0 0 1 
				11
				0.999247 -0.0387826 -0.00108465 2.90006 0.0154212 0.371368 0.928358 -108.999 -0.0356013 -0.927675 0.371687 -73.7538 0 0 0 1 
				12
				0.999323 -0.0367654 -0.00157415 2.91795 0.010126 0.233606 0.972278 -111.238 -0.0353785 -0.971636 0.23382 -66.8589 0 0 0 1 
				13
				0.999541 -0.0302401 -0.00166328 2.92568 0.00476788 0.102885 0.994682 -112.395 -0.0299081 -0.994234 0.102982 -60.1795 0 0 0 1 
				14
				0.999832 -0.018316 -0.00109192 2.91486 0.000833827 -0.014093 0.999901 -112.802 -0.0183296 -0.999733 -0.0140754 -54.0012 0 0 0 1 
				15
				1 -0.000110172 0.000397698 2.87683 -0.000407525 -0.111856 0.993725 -112.873 -6.49955e-05 -0.993725 -0.111856 -48.5539 0 0 0 1 
				16
				0.997824 0.0655591 0.00696026 2.69176 0.00454209 -0.173685 0.984791 -112.799 0.0657709 -0.982617 -0.173605 -44.7417 0 0 0 1 
				17
				0.983026 0.182522 0.0185867 2.33305 0.017592 -0.194616 0.980721 -112.7 0.182621 -0.963748 -0.194524 -43.0169 0 0 0 1 
				18
				0.956026 0.291878 0.0286627 1.98726 0.0284195 -0.189468 0.981476 -112.694 0.291902 -0.937501 -0.189431 -42.8213 0 0 0 1 
				19
				0.940243 0.338936 0.0326615 1.83826 0.0286948 -0.174449 0.984248 -112.747 0.339295 -0.924495 -0.17375 -43.5623 0 0 0 1 
				20
				0.957185 0.288146 0.0277088 2.02015 0.0186176 -0.156801 0.987455 -112.815 0.288876 -0.944661 -0.155452 -44.8961 0 0 0 1 
				21
				0.984953 0.172027 0.016592 2.39877 0.00711968 -0.136312 0.99064 -112.866 0.172678 -0.975616 -0.135485 -46.5409 0 0 0 1 
				22
				0.998558 0.0534115 0.00541628 2.73798 0.000977639 -0.118964 0.992898 -112.877 0.0536765 -0.991461 -0.118845 -47.9565 0 0 0 1 
				23
				1 -0.000110172 0.000397698 2.87683 -0.000407525 -0.111856 0.993725 -112.873 -6.49955e-05 -0.993725 -0.111856 -48.5539 0 0 0 1 
				24
				0.998558 0.0534115 0.00541568 2.73802 0.000596598 -0.111912 0.993718 -112.869 0.053682 -0.992282 -0.111783 -48.4004 0 0 0 1 
				25
				0.984953 0.172027 0.016592 2.39877 0.00287977 -0.112328 0.993667 -112.861 0.172801 -0.978667 -0.111133 -48.0733 0 0 0 1 
				26
				0.957186 0.288146 0.0277088 2.02016 0.0052945 -0.113131 0.993566 -112.852 0.289427 -0.95088 -0.109813 -47.7713 0 0 0 1 
				27
				0.940242 0.338936 0.0326616 1.83825 0.00644233 -0.113611 0.993504 -112.847 0.340445 -0.933925 -0.109005 -47.6454 0 0 0 1 
				28
				0.952423 0.303379 0.0291873 1.96671 0.00563173 -0.113267 0.993549 -112.85 0.304728 -0.946114 -0.109586 -47.7331 0 0 0 1 
				29
				0.976518 0.214446 0.0206259 2.26614 0.0037343 -0.112575 0.993636 -112.858 0.215403 -0.970227 -0.110732 -47.9608 0 0 0 1 
				30
				0.994716 0.102175 0.00999681 2.60398 0.00152126 -0.112034 0.993704 -112.866 0.102651 -0.988438 -0.111598 -48.2637 0 0 0 1 
				31
				1 -0.000110172 0.000397698 2.87683 -0.000407525 -0.111856 0.993725 -112.873 -6.49955e-05 -0.993725 -0.111856 -48.5539 0 0 0 1 
		</Joint>
			6
				-1
				0.290168 0.0353509 -0.956323 16.3477 -0.100748 0.994893 0.00620768 0.0127608 0.951658 0.0945462 0.292248 -150.276 0 0 0 1 
				0
				0.284969 0.0362271 -0.957852 16.3477 -0.107274 0.994213 0.00568755 -13.5155 0.952515 0.101131 0.287206 -138.859 0 0 0 1 
				1
				0.275985 0.0378449 -0.960417 16.3477 -0.118566 0.992933 0.00505527 -27.5174 0.953821 0.112477 0.278521 -126.416 0 0 0 1 
				2
				0.273966 0.0382211 -0.96098 16.3477 -0.12107 0.992632 0.00496421 -40.6158 0.954089 0.114985 0.276575 -115.873 0 0 0 1 
				3
				0.290168 0.0353509 -0.956323 16.3477 -0.100748 0.994893 0.00620768 -51.4334 0.951658 0.0945462 0.292248 -110.13 0 0 0 1 
				4
				0.320727 0.0311138 -0.94666 16.3428 -0.0616878 0.998024 0.0119022 -60.675 0.94516 0.05458 0.322013 -107.571 0 0 0 1 
				5
				0.355014 0.0282489 -0.934434 16.3322 -0.0171086 0.999572 0.0237181 -69.794 0.934704 0.00756662 0.355345 -104.855 0 0 0 1 
				6
				0.391982 0.027448 -0.919563 16.3217 0.0304358 0.998621 0.0427816 -78.5747 0.919469 -0.0447573 0.390606 -101.641 0 0 0 1 
				7
				0.430474 0.0292488 -0.902129 16.3155 0.0782714 0.9945 0.0695929 -86.7577 0.899203 -0.100569 0.425817 -97.6919 0 0 0 1 
				8
				0.469425 0.0340127 -0.882317 16.3164 0.123925 0.986829 0.103974 -94.0731 0.874233 -0.158149 0.459027 -92.8971 0 0 0 1 
				9
				0.507789 0.0418844 -0.860463 16.3254 0.165203 0.975546 0.144978 -100.279 0.845493 -0.215769 0.488452 -87.2777 0 0 0 1 
				10
				0.5445 0.0527349 -0.837101 16.3414 0.200328 0.960961 0.190843 -105.206 0.814486 -0.271609 0.512679 -80.9772 0 0 0 1 
				11
				0.578648 0.0661931 -0.812887 16.3614 0.228154 0.943769 0.23926 -108.791 0.783015 -0.323911 0.531008 -74.2334 0 0 0 1 
				12
				0.609563 0.0816968 -0.788517 16.3803 0.2482 0.924997 0.287709 -111.101 0.752881 -0.371086 0.543567 -67.3355 0 0 0 1 
				13
				0.636766 0.098497 -0.76474 16.391 0.260516 0.905999 0.333611 -112.331 0.725714 -0.411659 0.551249 -60.5824 0 0 0 1 
				14
				0.659936 0.115688 -0.742362 16.3841 0.265498 0.888417 0.374469 -112.791 0.702848 -0.444221 0.555583 -54.2481 0 0 0 1 
				15
				0.678953 0.132287 -0.722166 16.3483 0.263727 0.874037 0.408053 -112.878 0.68518 -0.467504 0.558542 -48.5548 0 0 0 1 
				16
				0.688323 0.141506 -0.711468 16.134 0.269596 0.860636 0.432001 -112.738 0.673446 -0.489165 0.554246 -43.8556 0 0 0 1 
				17
				0.687274 0.140412 -0.712699 15.5759 0.28859 0.847607 0.445285 -112.463 0.666611 -0.51171 0.542016 -40.5568 0 0 0 1 
				18
				0.682065 0.135255 -0.718675 14.8664 0.306281 0.839567 0.448685 -112.311 0.664063 -0.526149 0.531213 -38.889 0 0 0 1 
				19
				0.678953 0.132287 -0.722166 14.5047 0.307975 0.84159 0.44371 -112.36 0.666464 -0.523667 0.530659 -38.9915 0 0 0 1 
				20
				0.678952 0.132289 -0.722166 14.9149 0.295006 0.851575 0.433348 -112.564 0.672305 -0.507266 0.539153 -41.0045 0 0 0 1 
				21
				0.678952 0.132289 -0.722166 15.6676 0.280471 0.862294 0.421646 -112.77 0.678498 -0.488824 0.548353 -44.2147 0 0 0 1 
				22
				0.678952 0.132288 -0.722166 16.1901 0.268598 0.870687 0.41202 -112.864 0.683286 -0.473714 0.555622 -47.2334 0 0 0 1 
				23
				0.678953 0.132287 -0.722166 16.3483 0.263727 0.874037 0.408053 -112.878 0.68518 -0.467504 0.558542 -48.5548 0 0 0 1 
				24
				0.678952 0.132288 -0.722166 16.1901 0.263734 0.874032 0.408059 -112.861 0.685178 -0.467512 0.558537 -47.6772 0 0 0 1 
				25
				0.678952 0.132289 -0.722166 15.6676 0.263735 0.874031 0.408061 -112.823 0.685177 -0.467515 0.558536 -45.7454 0 0 0 1 
				26
				0.678953 0.132289 -0.722166 14.9149 0.263732 0.874033 0.40806 -112.78 0.685178 -0.467512 0.558538 -43.8723 0 0 0 1 
				27
				0.678953 0.132287 -0.722166 14.5047 0.263727 0.874037 0.408053 -112.76 0.68518 -0.467503 0.558542 -43.0591 0 0 0 1 
				28
				0.678953 0.132288 -0.722166 14.7973 0.263729 0.874035 0.408056 -112.774 0.685179 -0.467507 0.558541 -43.628 0 0 0 1 
				29
				0.678953 0.132288 -0.722166 15.4213 0.26373 0.874035 0.408056 -112.808 0.685179 -0.467508 0.55854 -45.059 0 0 0 1 
				30
				0.678952 0.132288 -0.722166 16.0043 0.26373 0.874035 0.408056 -112.846 0.685179 -0.467508 0.55854 -46.8809 0 0 0 1 
				31
				0.678953 0.132287 -0.722166 16.3483 0.263727 0.874037 0.408053 -112.878 0.68518 -0.467504 0.558542 -48.5548 0 0 0 1 
		</Joint>
			7
				-1
				0.290168 0.0353509 -0.956323 24.4033 -0.100748 0.994893 0.00620768 -2.78418 0.951658 0.0945462 0.292248 -123.856 0 0 0 1 
				0
				0.285561 0.0312223 -0.957852 24.2589 -0.0898154 0.995942 0.00568753 -16.4936 0.954143 0.0844057 0.287206 -112.416 0 0 0 1 
				1
				0.277471 0.0246855 -0.960417 24.0095 -0.0712408 0.997446 0.00505525 -30.809 0.958089 0.0670181 0.278521 -99.9367 0 0 0 1 
				2
				0.275624 0.023441 -0.96098 23.9534 -0.0675435 0.997704 0.00496421 -43.9769 0.95889 0.0635397 0.276575 -89.3859 0 0 0 1 
				3
				0.290168 0.0353509 -0.956323 24.4033 -0.100748 0.994893 0.00620768 -54.2303 0.951658 0.0945462 0.292248 -83.71 0 0 0 1 
				4
				0.315857 0.0637838 -0.94666 25.2467 -0.163534 0.986465 0.0119022 -62.3875 0.934607 0.151051 0.322013 -81.332 0 0 0 1 
				5
				0.340465 0.104482 -0.934434 26.188 -0.233232 0.972132 0.0237182 -70.269 0.910871 0.209864 0.355345 -78.9061 0 0 0 1 
				6
				0.359646 0.158297 -0.919563 27.2038 -0.308821 0.950158 0.042782 -77.7298 0.880502 0.268594 0.390606 -76.115 0 0 0 1 
				7
				0.368553 0.224347 -0.902129 28.2662 -0.388865 0.918662 0.069593 -84.5848 0.844365 0.325158 0.425817 -72.7284 0 0 0 1 
				8
				0.362743 0.29989 -0.882317 29.3485 -0.471208 0.875872 0.103974 -90.6327 0.803978 0.378039 0.459027 -68.6268 0 0 0 1 
				9
				0.338937 0.380429 -0.860463 30.4225 -0.552915 0.820528 0.144979 -95.6929 0.761188 0.426624 0.488452 -63.8054 0 0 0 1 
				10
				0.295812 0.46017 -0.837101 31.4577 -0.630427 0.752423 0.190843 -99.6443 0.717675 0.471278 0.512679 -58.3656 0 0 0 1 
				11
				0.234528 0.533115 -0.812887 32.4257 -0.700071 0.672796 0.23926 -102.457 0.674461 0.512965 0.531008 -52.4955 0 0 0 1 
				12
				0.158618 0.594207 -0.788517 33.3029 -0.758792 0.584344 0.287708 -104.211 0.631723 0.552685 0.543567 -46.4342 0 0 0 1 
				13
				0.0734594 0.640137 -0.76474 34.0687 -0.804808 0.490905 0.333611 -105.098 0.588972 0.590962 0.551249 -40.4354 0 0 0 1 
				14
				-0.0144821 0.669844 -0.742362 34.7051 -0.838004 0.396892 0.374469 -105.42 0.545472 0.627525 0.555584 -34.7358 0 0 0 1 
				15
				-0.0986194 0.684654 -0.722166 35.1972 -0.859957 0.30654 0.408053 -105.557 0.500748 0.661273 0.558542 -29.533 0 0 0 1 
				16
				-0.144536 0.687694 -0.711468 35.243 -0.861814 0.265804 0.432001 -105.253 0.486195 0.675593 0.554246 -25.1596 0 0 0 1 
				17
				-0.139157 0.687529 -0.712699 34.6558 -0.847078 0.290137 0.445285 -104.451 0.512926 0.665676 0.542016 -22.0505 0 0 0 1 
				18
				-0.113482 0.686023 -0.718675 33.8017 -0.829396 0.332842 0.448685 -103.808 0.547014 0.646984 0.531213 -20.4534 0 0 0 1 
				19
				-0.0986194 0.684654 -0.722166 33.3537 -0.825366 0.349133 0.44371 -103.81 0.555919 0.639809 0.530659 -20.4892 0 0 0 1 
				20
				-0.0986212 0.684654 -0.722166 33.7638 -0.835979 0.336672 0.433348 -104.374 0.539827 0.646453 0.539153 -22.3402 0 0 0 1 
				21
				-0.098621 0.684653 -0.722166 34.5165 -0.847402 0.322684 0.421646 -104.983 0.521712 0.653548 0.548353 -25.3784 0 0 0 1 
				22
				-0.0986205 0.684653 -0.722166 35.039 -0.85637 0.311239 0.41202 -105.407 0.506857 0.659075 0.555622 -28.2642 0 0 0 1 
				23
				-0.0986194 0.684654 -0.722166 35.1972 -0.859957 0.30654 0.408053 -105.557 0.500748 0.661273 0.558542 -29.533 0 0 0 1 
				24
				-0.09862 0.684653 -0.722166 35.039 -0.859952 0.306546 0.408059 -105.54 0.500756 0.661271 0.558538 -28.6555 0 0 0 1 
				25
				-0.0986209 0.684653 -0.722166 34.5165 -0.85995 0.306548 0.408061 -105.501 0.500759 0.66127 0.558536 -26.7237 0 0 0 1 
				26
				-0.0986212 0.684654 -0.722166 33.7638 -0.859953 0.306545 0.40806 -105.459 0.500756 0.661271 0.558538 -24.8506 0 0 0 1 
				27
				-0.0986193 0.684654 -0.722166 33.3536 -0.859957 0.306539 0.408053 -105.439 0.500747 0.661274 0.558542 -24.0373 0 0 0 1 
				28
				-0.0986203 0.684654 -0.722166 33.6462 -0.859955 0.306542 0.408056 -105.453 0.500751 0.661273 0.55854 -24.6062 0 0 0 1 
				29
				-0.0986204 0.684654 -0.722166 34.2702 -0.859955 0.306542 0.408057 -105.486 0.500752 0.661272 0.55854 -26.0372 0 0 0 1 
				30
				-0.0986202 0.684654 -0.722166 34.8532 -0.859955 0.306542 0.408056 -105.524 0.500752 0.661273 0.55854 -27.8591 0 0 0 1 
				31
				-0.0986194 0.684654 -0.722166 35.1972 -0.859957 0.30654 0.408053 -105.557 0.500748 0.661273 0.558542 -29.533 0 0 0 1 
		</Joint>
			8
				-1
				0.290168 -0.955379 0.0552649 32.4588 -0.100748 -0.0879258 -0.991019 -5.58111 0.951658 0.281994 -0.121766 -97.4364 0 0 0 1 
				0
				0.285561 -0.95565 0.0720271 32.1866 -0.0898154 -0.101512 -0.990772 -18.987 0.954143 0.276456 -0.11482 -85.9269 0 0 0 1 
				1
				0.277471 -0.955494 0.1002 31.7126 -0.0712408 -0.124471 -0.989662 -32.7868 0.958089 0.267465 -0.102607 -73.3384 0 0 0 1 
				2
				0.275624 -0.955409 0.105945 31.6053 -0.0675435 -0.129191 -0.989317 -45.8521 0.95889 0.265524 -0.10014 -62.7654 0 0 0 1 
				3
				0.290168 -0.955379 0.0552649 32.4588 -0.100748 -0.0879258 -0.991019 -57.0272 0.951658 0.281994 -0.121766 -57.2903 0 0 0 1 
				4
				0.315857 -0.947667 -0.0464866 34.0155 -0.163534 -0.00611321 -0.986518 -66.9275 0.934607 0.319201 -0.156906 -55.3857 0 0 0 1 
				5
