<?xml version='1.0' encoding='UTF-8' ?>
<itpanim>
	<skeleton count>
		25
			0 -1
			1.37091e-06 -1 -6.12323e-17 1.44898e-05 1 1.37091e-06 -6.12323e-17 -1.98691e-11 6.12323e-17 -6.12323e-17 1 80.8015 0 0 0 1 
			1 0
			1.3868e-06 4.78456e-08 -1 -80.8015 2.75771e-06 -1 -4.78418e-08 1.44901e-05 -1 -2.75771e-06 -1.3868e-06 -0.000112056 0 0 0 1 
			2 1
			1.40269e-06 -0.000796318 -1 -90.1364 0 -1 0.000796318 0.0931538 -1 -1.11699e-09 -1.40269e-06 -2.58351e-07 0 0 0 1 
			3 2
			1.40269e-06 -0.000796318 -1 -116.969 0 -1 0.000796318 0.11452 -1 -1.11699e-09 -1.40269e-06 -3.17612e-07 0 0 0 1 
			4 3
			1.40269e-06 -0.000796318 -1 -143.801 0 -1 0.000796318 0.119367 -1 -1.11699e-09 -1.40269e-06 -3.31058e-07 0 0 0 1 
			5 4
			1 1.37091e-06 4.37113e-08 -2.89267 -1.37091e-06 1 3.58059e-15 -8.20407e-06 -4.37113e-08 -6.35048e-14 1 143.801 0 0 0 1 
			6 5
			0.995014 0.0902305 0.042489 -10.1726 -0.0897157 0.995871 -0.0138741 -0.527027 -0.0435655 0.00999304 0.999001 144.37 0 0 0 1 
			7 6
			0.994845 -0.0912189 0.0442967 -37.2146 0.0915704 0.995781 -0.00596753 -7.37347 -0.0435655 0.00999304 0.999001 144.37 0 0 0 1 
			8 7
			0.994845 -0.0912189 0.0442967 -64.9763 -0.0434925 0.0107859 0.998995 144.365 -0.091605 -0.995772 0.00676301 7.48842 0 0 0 1 
			9 4
			-1 -1.37091e-06 4.37114e-08 -2.89267 -1.37091e-06 1 3.84662e-15 -8.20407e-06 -4.37115e-08 -5.60777e-14 -1 -143.801 0 0 0 1 
			10 9
			-0.995014 0.0902277 0.042489 -10.1726 0.089713 0.995871 -0.0138741 -0.527027 -0.0435654 -0.00999316 -0.999001 -144.37 0 0 0 1 
			11 10
			-0.994845 -0.0912216 0.0442967 -37.2146 -0.0915731 0.99578 -0.00596753 -7.37347 -0.0435654 -0.00999316 -0.999001 -144.37 0 0 0 1 
			12 11
			-0.994845 -0.0912216 0.0442967 -64.9763 0.0434925 0.0107861 0.998995 144.365 -0.0916078 0.995772 -0.00676301 -7.48842 0 0 0 1 
			13 4
			1.34309e-06 -5.95475e-08 -1 -149.889 -1.40269e-06 -1 5.95456e-08 7.93768e-06 -1 1.40269e-06 -1.34309e-06 -0.000201315 0 0 0 1 
			14 13
			1 -0 0 0 0 1 0 0 -0 -0 1 -0 0 0 0 1 
			15 2
			1.37369e-06 -0.0998334 0.995004 80.3979 0 -0.995004 -0.0998334 -8.06668 1 1.3714e-07 -1.36683e-06 -8.2648 0 0 0 1 
			16 15
			1.37369e-06 0.0998334 0.995004 45.0607 0 -0.995004 0.0998334 0.903508 1 -1.3714e-07 -1.36683e-06 -8.2648 0 0 0 1 
			17 16
			1.3716e-06 -6.00745e-14 1 9.05003 0 -1 -6.00745e-14 1.19116e-05 1 8.23984e-20 -1.3716e-06 -8.2648 0 0 0 1 
			18 17
			1.3723e-06 -1 -6.00133e-14 -12.2319 0 6.00133e-14 -1 -0.75718 1 1.3723e-06 8.23562e-20 -8.2648 0 0 0 1 
			19 18
			1 -0 0 0 0 1 0 0 -0 -0 1 -0 0 0 0 1 
			20 2
			1.37369e-06 -0.0998334 0.995004 80.3979 0 -0.995004 -0.0998334 -8.06668 1 1.3714e-07 -1.36683e-06 8.26481 0 0 0 1 
			21 20
			1.37369e-06 0.0998334 0.995004 45.0607 0 -0.995004 0.0998334 0.903507 1 -1.3714e-07 -1.36683e-06 8.26481 0 0 0 1 
			22 21
			1.3716e-06 -6.00745e-14 1 9.05003 0 -1 -6.00745e-14 1.19116e-05 1 8.23984e-20 -1.3716e-06 8.26481 0 0 0 1 
			23 22
			1.3723e-06 -1 5.98908e-14 -12.2319 0 -5.98908e-14 -1 -0.75718 1 1.3723e-06 -8.21882e-20 8.26481 0 0 0 1 
			24 23
			1 -0 0 0 0 1 0 0 -0 -0 1 -0 0 0 0 1 
	</skeleton>
		<animations>
			25
			0
				-1
				1.46474e-06 1 0 0 -1 1.46474e-06 0 8.9233e-07 -0 -0 1 -74.8914 0 0 0 1 
				0
				1.32883e-06 1 8.87788e-08 0 -0.997934 1.33179e-06 -0.0642422 17.8583 -0.0642422 -3.22846e-09 0.997934 -81.8155 0 0 0 1 
				1
				1.32275e-06 1 1.52393e-07 0 -0.993368 1.3315e-06 -0.114978 35.5116 -0.114978 7.04957e-10 0.993368 -90.4638 0 0 0 1 
				2
				1.43792e-06 1 2.86703e-07 0 -0.981694 1.46621e-06 -0.190466 53.5561 -0.190466 -7.57849e-09 0.981694 -95.8217 0 0 0 1 
				3
				1.25874e-06 1 4.18621e-07 0 -0.945295 1.32644e-06 -0.326217 72.5877 -0.326217 1.49012e-08 0.945295 -92.8743 0 0 0 1 
				4
				1.12716e-06 1 7.04344e-07 0 -0.846482 1.32912e-06 -0.532418 94.6591 -0.532418 3.90512e-09 0.846482 -76.299 0 0 0 1 
				5
				8.73942e-07 1 1.02827e-06 0 -0.656319 1.3494e-06 -0.754484 118.911 -0.754484 -1.54973e-08 0.656319 -49.8634 0 0 0 1 
				6
				5.66425e-07 1 1.37277e-06 0 -0.386708 1.48501e-06 -0.922202 141.277 -0.922202 -8.50252e-09 0.386708 -23.105 0 0 0 1 
				7
				1.21707e-07 1 9.99943e-07 0 -0.0914003 1.00688e-06 -0.995814 157.691 -0.995814 2.98023e-08 0.0914003 -5.56117 0 0 0 1 
				8
				1.21707e-07 1 9.99943e-07 0 -0.0914003 1.00688e-06 -0.995814 165.918 -0.995814 2.98023e-08 0.0914003 -1.20096 0 0 0 1 
				9
				1.21707e-07 1 9.99943e-07 0 -0.0914003 1.00688e-06 -0.995814 168.41 -0.995814 2.98023e-08 0.0914003 -4.64327 0 0 0 1 
				10
				1.21707e-07 1 9.99943e-07 0 -0.0914003 1.00688e-06 -0.995814 168.604 -0.995814 2.98023e-08 0.0914003 -10.4575 0 0 0 1 
				11
				1.21707e-07 1 9.99943e-07 0 -0.0914003 1.00688e-06 -0.995814 169.94 -0.995814 2.98023e-08 0.0914003 -13.2131 0 0 0 1 
				12
				1.21707e-07 1 9.99943e-07 0 -0.0914003 1.00688e-06 -0.995814 172.885 -0.995814 2.98023e-08 0.0914003 -11.7079 0 0 0 1 
				13
				1.21707e-07 1 9.99943e-07 0 -0.0914003 1.00688e-06 -0.995814 175.778 -0.995814 2.98023e-08 0.0914003 -8.69901 0 0 0 1 
				14
				1.21707e-07 1 9.99943e-07 0 -0.0914003 1.00688e-06 -0.995814 178.65 -0.995814 2.98023e-08 0.0914003 -5.09443 0 0 0 1 
				15
				1.21707e-07 1 9.99943e-07 0 -0.0914003 1.00688e-06 -0.995814 181.534 -0.995814 2.98023e-08 0.0914003 -1.80201 0 0 0 1 
				16
				1.21707e-07 1 9.99943e-07 0 -0.0914003 1.00688e-06 -0.995814 181.534 -0.995814 2.98023e-08 0.0914003 -1.80201 0 0 0 1 
				17
				1.21707e-07 1 9.99943e-07 0 -0.0914003 1.00688e-06 -0.995814 181.534 -0.995814 2.98023e-08 0.0914003 -1.80201 0 0 0 1 
				18
				1.21707e-07 1 9.99943e-07 0 -0.0914003 1.00688e-06 -0.995814 181.534 -0.995814 2.98023e-08 0.0914003 -1.80201 0 0 0 1 
				19
				1.21707e-07 1 9.99943e-07 0 -0.0914003 1.00688e-06 -0.995814 181.534 -0.995814 2.98023e-08 0.0914003 -1.80201 0 0 0 1 
				20
				1.21707e-07 1 9.99943e-07 0 -0.0914003 1.00688e-06 -0.995814 181.534 -0.995814 2.98023e-08 0.0914003 -1.80201 0 0 0 1 
				21
				1.21707e-07 1 9.99943e-07 0 -0.0914003 1.00688e-06 -0.995814 181.534 -0.995814 2.98023e-08 0.0914003 -1.80201 0 0 0 1 
				22
				1.21707e-07 1 9.99943e-07 0 -0.0914003 1.00688e-06 -0.995814 181.534 -0.995814 2.98023e-08 0.0914003 -1.80201 0 0 0 1 
				23
				1.21707e-07 1 9.99943e-07 0 -0.0914003 1.00688e-06 -0.995814 181.534 -0.995814 2.98023e-08 0.0914003 -1.80201 0 0 0 1 
		</Joint>
			1
				-1
				1.33158e-06 2.79632e-06 -1 0 0 -1 -2.79632e-06 8.9233e-07 -1 3.72352e-12 -1.33158e-06 -74.8914 0 0 0 1 
				0
				-8.8777e-08 2.66041e-06 -1 0 0.0642408 -0.997934 -2.66062e-06 17.8583 -0.997934 -0.0642408 -8.23134e-08 -81.8155 0 0 0 1 
				1
				-1.52391e-07 2.65433e-06 -1 0 0.114976 -0.993368 -2.65425e-06 35.5116 -0.993368 -0.114976 -1.53805e-07 -90.4638 0 0 0 1 
				2
				-2.86701e-07 2.76951e-06 -1 0 0.190465 -0.981694 -2.77341e-06 53.5561 -0.981694 -0.190465 -2.46041e-07 -95.8217 0 0 0 1 
				3
				-4.18619e-07 2.59032e-06 -1 0 0.326216 -0.945295 -2.58518e-06 72.5877 -0.945295 -0.326216 -4.49284e-07 -92.8743 0 0 0 1 
				4
				-7.04342e-07 2.45874e-06 -1 0 0.532417 -0.846482 -2.45628e-06 94.6591 -0.846482 -0.532417 -7.12861e-07 -76.299 0 0 0 1 
				5
				-1.02827e-06 2.20552e-06 -1 0 0.754483 -0.65632 -2.22334e-06 118.911 -0.65632 -0.754483 -9.89157e-07 -49.8634 0 0 0 1 
				6
				-1.37277e-06 1.89801e-06 -1 0 0.922202 -0.386709 -1.99995e-06 141.277 -0.386709 -0.922202 -1.21948e-06 -23.105 0 0 0 1 
				7
				-9.99943e-07 1.45329e-06 -1 0 0.995814 -0.0914016 -1.12859e-06 157.691 -0.0914016 -0.995814 -1.35581e-06 -5.56117 0 0 0 1 
				8
				-9.99943e-07 1.45329e-06 -1 0 0.995814 -0.0914016 -1.12859e-06 165.918 -0.0914016 -0.995814 -1.35581e-06 -1.20096 0 0 0 1 
				9
				-9.99943e-07 1.45329e-06 -1 0 0.995814 -0.0914016 -1.12859e-06 168.41 -0.0914016 -0.995814 -1.35581e-06 -4.64327 0 0 0 1 
				10
				-9.99943e-07 1.45329e-06 -1 0 0.995814 -0.0914016 -1.12859e-06 168.604 -0.0914016 -0.995814 -1.35581e-06 -10.4575 0 0 0 1 
				11
				-9.99943e-07 1.45329e-06 -1 0 0.995814 -0.0914016 -1.12859e-06 169.94 -0.0914016 -0.995814 -1.35581e-06 -13.2131 0 0 0 1 
				12
				-9.99943e-07 1.45329e-06 -1 0 0.995814 -0.0914016 -1.12859e-06 172.885 -0.0914016 -0.995814 -1.35581e-06 -11.7079 0 0 0 1 
				13
				-9.99943e-07 1.45329e-06 -1 0 0.995814 -0.0914016 -1.12859e-06 175.778 -0.0914016 -0.995814 -1.35581e-06 -8.69901 0 0 0 1 
				14
				-9.99943e-07 1.45329e-06 -1 0 0.995814 -0.0914016 -1.12859e-06 178.65 -0.0914016 -0.995814 -1.35581e-06 -5.09443 0 0 0 1 
				15
				-9.99943e-07 1.45329e-06 -1 0 0.995814 -0.0914016 -1.12859e-06 181.534 -0.0914016 -0.995814 -1.35581e-06 -1.80201 0 0 0 1 
				16
				-9.99943e-07 1.45329e-06 -1 0 0.995814 -0.0914016 -1.12859e-06 181.534 -0.0914016 -0.995814 -1.35581e-06 -1.80201 0 0 0 1 
				17
				-9.99943e-07 1.45329e-06 -1 0 0.995814 -0.0914016 -1.12859e-06 181.534 -0.0914016 -0.995814 -1.35581e-06 -1.80201 0 0 0 1 
				18
				-9.99943e-07 1.45329e-06 -1 0 0.995814 -0.0914016 -1.12859e-06 181.534 -0.0914016 -0.995814 -1.35581e-06 -1.80201 0 0 0 1 
				19
				-9.99943e-07 1.45329e-06 -1 0 0.995814 -0.0914016 -1.12859e-06 181.534 -0.0914016 -0.995814 -1.35581e-06 -1.80201 0 0 0 1 
				20
				-9.99943e-07 1.45329e-06 -1 0 0.995814 -0.0914016 -1.12859e-06 181.534 -0.0914016 -0.995814 -1.35581e-06 -1.80201 0 0 0 1 
				21
				-9.99943e-07 1.45329e-06 -1 0 0.995814 -0.0914016 -1.12859e-06 181.534 -0.0914016 -0.995814 -1.35581e-06 -1.80201 0 0 0 1 
				22
				-9.99943e-07 1.45329e-06 -1 0 0.995814 -0.0914016 -1.12859e-06 181.534 -0.0914016 -0.995814 -1.35581e-06 -1.80201 0 0 0 1 
				23
				-9.99943e-07 1.45329e-06 -1 0 0.995814 -0.0914016 -1.12859e-06 181.534 -0.0914016 -0.995814 -1.35581e-06 -1.80201 0 0 0 1 
		</Joint>
			2
				-1
				-0.000204612 -1.20115e-06 -1 1.29143e-05 -0.00082465 -1 1.36988e-06 0.0213507 -1 0.00082465 0.000204611 -84.2263 0 0 0 1 
				0
				-0.000203571 5.45193e-06 -1 1.19429e-05 0.178206 -0.983993 -4.16424e-05 18.479 -0.983993 -0.178206 0.000199341 -91.1273 0 0 0 1 
				1
				-0.000203462 1.18843e-05 -1 1.12124e-05 0.349342 -0.936995 -8.22131e-05 36.6049 -0.936996 -0.349341 0.000186491 -99.7294 0 0 0 1 
				2
				-0.000203933 1.92013e-05 -1 9.80141e-06 0.513218 -0.858258 -0.000121142 55.3524 -0.858258 -0.513218 0.000165173 -104.975 0 0 0 1 
				3
				-0.000204031 2.82679e-05 -1 8.37721e-06 0.668352 -0.743845 -0.000157391 75.6488 -0.743845 -0.668353 0.000132874 -101.684 0 0 0 1 
				4
				-0.000202904 4.02965e-05 -1 5.45282e-06 0.807344 -0.590081 -0.000187591 99.6418 -0.590081 -0.807344 8.71966e-05 -84.1836 0 0 0 1 
				5
				-0.00019973 5.42213e-05 -1 2.13133e-06 0.915955 -0.401282 -0.000204702 125.962 -0.401282 -0.915955 3.04839e-05 -55.9705 0 0 0 1 
				6
				-0.000194707 6.83421e-05 -1 -1.38596e-06 0.982089 -0.188418 -0.000204096 149.889 -0.188418 -0.982089 -3.04318e-05 -26.6939 0 0 0 1 
				7
				-0.000188395 8.12494e-05 -1 1.8177e-06 0.999441 0.0334528 -0.000185572 166.986 0.0334527 -0.99944 -8.75062e-05 -6.39305 0 0 0 1 
				8
				-0.000181711 9.48509e-05 -1 1.52686e-06 0.999199 -0.0400193 -0.000185361 175.215 -0.0400193 -0.999199 -8.7503e-05 -2.03284 0 0 0 1 
				9
				-0.00017354 0.000108728 -1 1.23036e-06 0.993032 -0.117846 -0.000185144 177.708 -0.117846 -0.993032 -8.75195e-05 -5.47529 0 0 0 1 
				10
				-0.000165948 0.000119743 -1 9.94489e-07 0.983305 -0.181966 -0.000184966 177.904 -0.181966 -0.983305 -8.75469e-05 -11.2897 0 0 0 1 
				11
				-0.000161718 0.000125289 -1 8.76362e-07 0.976591 -0.215106 -0.000184882 179.24 -0.215106 -0.976591 -8.75696e-05 -14.0455 0 0 0 1 
				12
				-0.000163427 0.00012309 -1 9.23228e-07 0.979406 -0.2019 -0.000184913 182.185 -0.2019 -0.979406 -8.75589e-05 -12.5402 0 0 0 1 
				13
				-0.000169297 0.000115067 -1 1.09443e-06 0.987996 -0.15448 -0.00018504 185.077 -0.15448 -0.987996 -8.7533e-05 -9.53113 0 0 0 1 
				14
				-0.000175463 0.000105677 -1 1.2955e-06 0.994941 -0.100461 -0.000185192 187.948 -0.100461 -0.994941 -8.75147e-05 -5.92641 0 0 0 1 
				15
				-0.000178884 9.99538e-05 -1 1.41813e-06 0.997668 -0.0682538 -0.000185289 190.831 -0.0682538 -0.997668 -8.75112e-05 -2.63392 0 0 0 1 
				16
				-0.000179851 9.82529e-05 -1 1.4542e-06 0.998271 -0.0587895 -0.000185316 190.831 -0.0587895 -0.998271 -8.75096e-05 -2.63391 0 0 0 1 
				17
				-0.000180297 9.74537e-05 -1 1.47165e-06 0.998522 -0.0543589 -0.000185328 190.831 -0.0543589 -0.998521 -8.75089e-05 -2.6339 0 0 0 1 
				18
				-0.000180354 9.73507e-05 -1 1.47343e-06 0.998553 -0.0537889 -0.00018533 190.831 -0.053789 -0.998552 -8.75087e-05 -2.6339 0 0 0 1 
				19
				-0.000180142 9.77324e-05 -1 1.4651e-06 0.998436 -0.0559033 -0.000185324 190.831 -0.0559033 -0.998436 -8.7509e-05 -2.63391 0 0 0 1 
				20
				-0.000179772 9.83918e-05 -1 1.45151e-06 0.998225 -0.0595616 -0.000185314 190.831 -0.0595616 -0.998225 -8.75096e-05 -2.63391 0 0 0 1 
				21
				-0.000179359 9.91226e-05 -1 1.43587e-06 0.997974 -0.0636235 -0.000185302 190.831 -0.0636235 -0.997974 -8.75103e-05 -2.63391 0 0 0 1 
				22
				-0.000179022 9.97133e-05 -1 1.42308e-06 0.997759 -0.0669127 -0.000185293 190.831 -0.0669127 -0.997759 -8.75109e-05 -2.63392 0 0 0 1 
				23
				-0.000178884 9.99538e-05 -1 1.41813e-06 0.997668 -0.0682538 -0.000185289 190.831 -0.0682538 -0.997668 -8.75112e-05 -2.63392 0 0 0 1 
		</Joint>
			3
				-1
				-0.000382612 -9.80783e-07 -1 -0.00547735 -0.00101065 -0.999999 1.36747e-06 0.0205894 -0.999999 0.00101065 0.00038261 -111.059 0 0 0 1 
				0
				-0.000381621 -8.26851e-06 -1 -0.00545024 0.213738 -0.976891 -7.34894e-05 23.2816 -0.976891 -0.213738 0.00037457 -117.526 0 0 0 1 
				1
				-0.000381496 -1.6571e-05 -1 -0.00544785 0.418425 -0.908251 -0.000144577 45.998 -0.908252 -0.418425 0.000353428 -124.862 0 0 0 1 
				2
				-0.000382062 -2.24762e-05 -1 -0.00546178 0.603761 -0.797166 -0.000212756 69.1403 -0.797166 -0.603761 0.000318136 -127.991 0 0 0 1 
				3
				-0.000382784 -2.26344e-05 -1 -0.00546583 0.761218 -0.648496 -0.000276703 93.5961 -0.648496 -0.761218 0.000265463 -121.627 0 0 0 1 
				4
				-0.000383128 -1.56347e-05 -1 -0.00543867 0.884802 -0.465967 -0.000331707 121.315 -0.465967 -0.884802 0.000192359 -99.998 0 0 0 1 
				5
				-0.000382022 -3.46547e-06 -1 -0.0053571 0.966115 -0.25811 -0.000368183 150.545 -0.25811 -0.966115 0.000101952 -66.7172 0 0 0 1 
				6
				-0.000379135 1.27348e-05 -1 -0.00522616 0.999134 -0.0415976 -0.000379336 176.242 -0.0415976 -0.999134 3.04727e-06 -31.7283 0 0 0 1 
				7
				-0.000374323 3.19542e-05 -1 -0.00505402 0.986145 0.165886 -0.000363836 193.8 0.165886 -0.986145 -9.36063e-05 -5.47436 0 0 0 1 
				8
				-0.000367653 5.86371e-05 -1 -0.00487552 0.998215 0.0597263 -0.000363495 202.025 0.0597262 -0.998215 -8.0491e-05 -3.08533 0 0 0 1 
				9
				-0.000356736 9.08909e-05 -1 -0.00465727 0.997726 -0.0674052 -0.000362051 204.355 -0.0674053 -0.997726 -6.66383e-05 -8.61606 0 0 0 1 
				10
				-0.000344131 0.000119323 -1 -0.00445438 0.983583 -0.180456 -0.000360014 204.292 -0.180456 -0.983583 -5.52637e-05 -16.1513 0 0 0 1 
				11
				-0.000335461 0.000136157 -1 -0.00434136 0.969241 -0.246114 -0.000358653 205.45 -0.246114 -0.969241 -4.94073e-05 -19.7966 0 0 0 1 
				12
				-0.000335621 0.000137939 -1 -0.00438722 0.969691 -0.244336 -0.000359152 208.47 -0.244336 -0.969691 -5.17539e-05 -17.9369 0 0 0 1 
				13
				-0.000342014 0.000129718 -1 -0.00454438 0.980602 -0.196009 -0.000360805 211.591 -0.196009 -0.980602 -6.01634e-05 -13.6553 0 0 0 1 
				14
				-0.000349366 0.000118323 -1 -0.00470938 0.990725 -0.135885 -0.000362204 214.648 -0.135885 -0.990725 -6.97524e-05 -8.60085 0 0 0 1 
				15
				-0.000353426 0.000111382 -1 -0.00480092 0.994987 -0.100008 -0.000362794 217.603 -0.100008 -0.994987 -7.54778e-05 -4.44408 0 0 0 1 
				16
				-0.000354447 0.000109713 -1 -0.00482678 0.99589 -0.0905682 -0.000362926 217.619 -0.0905682 -0.99589 -7.71601e-05 -4.1901 0 0 0 1 
				17
				-0.000354918 0.000108928 -1 -0.00483872 0.996282 -0.0861478 -0.000362983 217.625 -0.0861478 -0.996282 -7.79476e-05 -4.0712 0 0 0 1 
				18
				-0.000354979 0.000108827 -1 -0.00484025 0.996332 -0.0855791 -0.00036299 217.626 -0.0855791 -0.996332 -7.80489e-05 -4.0559 0 0 0 1 
				19
				-0.000354754 0.000109202 -1 -0.00483456 0.996148 -0.0876887 -0.000362963 217.623 -0.0876887 -0.996148 -7.7673e-05 -4.11264 0 0 0 1 
				20
				-0.000354364 0.000109849 -1 -0.00482468 0.99582 -0.0913384 -0.000362916 217.618 -0.0913384 -0.99582 -7.70228e-05 -4.21081 0 0 0 1 
				21
				-0.000353927 0.000110566 -1 -0.00481363 0.99544 -0.0953902 -0.00036286 217.611 -0.0953903 -0.99544 -7.63008e-05 -4.31982 0 0 0 1 
				22
				-0.000353572 0.000111146 -1 -0.00480461 0.99512 -0.0986709 -0.000362813 217.606 -0.098671 -0.99512 -7.57162e-05 -4.40809 0 0 0 1 
				23
				-0.000353426 0.000111382 -1 -0.00480092 0.994987 -0.100008 -0.000362794 217.603 -0.100008 -0.994987 -7.54778e-05 -4.44408 0 0 0 1 
		</Joint>
			4
				-1
				-0.000382612 -9.80783e-07 -1 -0.0157438 -0.00101065 -0.999999 1.36747e-06 -0.00168114 -0.999999 0.00101065 0.00038261 -137.891 0 0 0 1 
				0
				-0.000381621 -8.26851e-06 -1 -0.01569 0.213738 -0.976891 -7.34894e-05 29.0214 -0.976891 -0.213738 0.00037457 -143.737 0 0 0 1 
				1
				-0.000381496 -1.65711e-05 -1 -0.0156842 0.418425 -0.908251 -0.000144577 57.2297 -0.908252 -0.418425 0.000353428 -149.231 0 0 0 1 
				2
				-0.000382062 -2.24763e-05 -1 -0.0157133 0.603761 -0.797166 -0.000212756 85.3445 -0.797166 -0.603761 0.000318136 -149.378 0 0 0 1 
				3
				-0.000382784 -2.26344e-05 -1 -0.0157368 0.761218 -0.648496 -0.000276703 114.025 -0.648496 -0.761218 0.000265463 -139.024 0 0 0 1 
				4
				-0.000383128 -1.56347e-05 -1 -0.0157189 0.884802 -0.465967 -0.000331707 145.058 -0.465967 -0.884802 0.000192358 -112.497 0 0 0 1 
				5
				-0.000382022 -3.46548e-06 -1 -0.0156077 0.966115 -0.25811 -0.000368183 176.47 -0.25811 -0.966115 0.000101952 -73.6383 0 0 0 1 
				6
				-0.000379135 1.27348e-05 -1 -0.0153993 0.999134 -0.0415976 -0.000379336 203.051 -0.0415976 -0.999134 3.04727e-06 -32.8396 0 0 0 1 
				7
				-0.000374323 3.19542e-05 -1 -0.0150982 0.986145 0.165886 -0.000363836 220.26 0.165886 -0.986145 -9.36063e-05 -1.01847 0 0 0 1 
				8
				-0.000367653 5.86371e-05 -1 -0.0147408 0.998215 0.0597263 -0.000363495 228.809 0.0597262 -0.998215 -8.0491e-05 -1.4779 0 0 0 1 
				9
				-0.000356736 9.08909e-05 -1 -0.0142298 0.997726 -0.0674053 -0.000362051 231.127 -0.0674053 -0.997726 -6.66383e-05 -10.4199 0 0 0 1 
				10
				-0.000344131 0.000119323 -1 -0.0136888 0.983583 -0.180456 -0.000360014 230.685 -0.180456 -0.983583 -5.52637e-05 -20.9886 0 0 0 1 
				11
				-0.000335461 0.000136157 -1 -0.0133433 0.969241 -0.246114 -0.000358653 231.458 -0.246114 -0.969241 -4.94073e-05 -26.3957 0 0 0 1 
				12
				-0.000335621 0.000137939 -1 -0.0133934 0.969691 -0.244336 -0.000359152 234.49 -0.244336 -0.969691 -5.17539e-05 -24.4883 0 0 0 1 
				13
				-0.000342014 0.000129718 -1 -0.0137221 0.980602 -0.196009 -0.000360805 237.904 -0.196009 -0.980602 -6.01634e-05 -18.9099 0 0 0 1 
				14
				-0.000349366 0.000118323 -1 -0.0140843 0.990725 -0.135885 -0.000362204 241.232 -0.135885 -0.990725 -6.97524e-05 -12.2422 0 0 0 1 
				15
				-0.000353427 0.000111382 -1 -0.0142848 0.994987 -0.100008 -0.000362794 244.302 -0.100008 -0.994987 -7.54778e-05 -7.12272 0 0 0 1 
				16
				-0.000354447 0.000109713 -1 -0.014338 0.99589 -0.0905682 -0.000362926 244.341 -0.0905682 -0.99589 -7.71601e-05 -6.61543 0 0 0 1 
				17
				-0.000354918 0.000108928 -1 -0.0143626 0.996282 -0.0861478 -0.000362983 244.359 -0.0861478 -0.996282 -7.79477e-05 -6.37792 0 0 0 1 
				18
				-0.000354979 0.000108827 -1 -0.0143657 0.996332 -0.0855791 -0.000362989 244.361 -0.0855791 -0.996332 -7.80489e-05 -6.34737 0 0 0 1 
				19
				-0.000354754 0.000109202 -1 -0.014354 0.996148 -0.0876887 -0.000362963 244.353 -0.0876888 -0.996148 -7.76731e-05 -6.46071 0 0 0 1 
				20
				-0.000354364 0.000109849 -1 -0.0143337 0.99582 -0.0913384 -0.000362916 244.338 -0.0913384 -0.99582 -7.70227e-05 -6.65682 0 0 0 1 
				21
				-0.000353927 0.000110566 -1 -0.0143109 0.99544 -0.0953902 -0.00036286 244.322 -0.0953903 -0.99544 -7.63008e-05 -6.87454 0 0 0 1 
				22
				-0.000353572 0.000111146 -1 -0.0142924 0.99512 -0.0986709 -0.000362813 244.307 -0.098671 -0.99512 -7.57162e-05 -7.05084 0 0 0 1 
				23
				-0.000353427 0.000111382 -1 -0.0142848 0.994987 -0.100008 -0.000362794 244.302 -0.100008 -0.994987 -7.54778e-05 -7.12272 0 0 0 1 
		</Joint>
			5
				-1
				1 1.32829e-06 0.000385407 2.87693 -1.41091e-06 1 0.000214365 -0.00652486 -0.000385407 -0.000214365 1 -137.892 0 0 0 1 
				0
				1 8.5744e-06 0.000384411 2.87699 7.40873e-05 0.97672 -0.214515 29.0169 -0.000377302 0.214515 0.97672 -143.739 0 0 0 1 
				1
				1 1.6877e-05 0.000384279 2.87699 0.000145747 0.907918 -0.419148 57.2258 -0.000355968 0.419148 0.907918 -149.234 0 0 0 1 
				2
				1 2.27826e-05 0.00038484 2.87696 0.000214445 0.796684 -0.604395 85.3413 -0.000320366 0.604395 0.796685 -149.382 0 0 0 1 
				3
				1 2.29415e-05 0.000385562 2.87694 0.000278832 0.64789 -0.761734 114.022 -0.000267277 0.761734 0.64789 -139.029 0 0 0 1 
				4
				1 1.59419e-05 0.000385912 2.87696 0.000334181 0.465262 -0.885173 145.057 -0.000193661 0.885173 0.465262 -112.502 0 0 0 1 
				5
				1 3.7719e-06 0.000384815 2.87707 0.000370884 0.257341 -0.966321 176.469 -0.000102674 0.966321 0.257341 -73.6433 0 0 0 1 
				6
				1 -1.24307e-05 0.000381941 2.87728 0.00038213 0.0408019 -0.999167 203.052 -3.16359e-06 0.999167 0.0408019 -32.8444 0 0 0 1 
				7
				1 -3.16539e-05 0.000377145 2.87758 0.000366593 -0.166671 -0.986013 220.262 9.40702e-05 0.986013 -0.166671 -1.02297 0 0 0 1 
				8
				1 -5.83421e-05 0.000370496 2.87794 0.000366286 -0.0605211 -0.998167 228.81 8.0658e-05 0.998167 -0.0605211 -1.48249 0 0 0 1 
				9
				1 -9.06046e-05 0.000359605 2.87845 0.000364841 0.0666108 -0.997779 231.128 6.64498e-05 0.997779 0.0666108 -10.4245 0 0 0 1 
				10
				1 -0.000119047 0.000347022 2.87899 0.000362764 0.179672 -0.983726 230.685 5.47591e-05 0.983726 0.179672 -20.9932 0 0 0 1 
				11
				1 -0.000135888 0.000338366 2.87934 0.000361363 0.245342 -0.969437 231.458 4.87191e-05 0.969437 0.245342 -26.4003 0 0 0 1 
				12
				1 -0.000137669 0.000338527 2.87929 0.000361864 0.243563 -0.969885 234.49 5.10706e-05 0.969885 0.243563 -24.4929 0 0 0 1 
				13
				1 -0.000129443 0.000344913 2.87896 0.000363547 0.195229 -0.980758 237.904 5.96153e-05 0.980758 0.195229 -18.9145 0 0 0 1 
				14
				1 -0.000118043 0.000352256 2.87859 0.000364974 0.135096 -0.990832 241.233 6.93724e-05 0.990832 0.135096 -12.2468 0 0 0 1 
				15
				1 -0.000111098 0.000356312 2.87839 0.000365576 0.0992161 -0.995066 244.302 7.51982e-05 0.995066 0.0992162 -7.12732 0 0 0 1 
				16
				1 -0.000109428 0.00035733 2.87834 0.000365711 0.0897751 -0.995962 244.342 7.69069e-05 0.995962 0.0897752 -6.62003 0 0 0 1 
				17
				1 -0.000108643 0.000357801 2.87832 0.000365769 0.0853544 -0.996351 244.359 7.77068e-05 0.996351 0.0853545 -6.38251 0 0 0 1 
				18
				1 -0.000108542 0.000357862 2.87831 0.000365776 0.0847857 -0.996399 244.361 7.78096e-05 0.996399 0.0847858 -6.35196 0 0 0 1 
				19
				1 -0.000108917 0.000357637 2.87833 0.000365749 0.0868955 -0.996218 244.353 7.74279e-05 0.996218 0.0868955 -6.46531 0 0 0 1 
				20
				1 -0.000109565 0.000357248 2.87834 0.000365701 0.0905454 -0.995892 244.339 7.67673e-05 0.995892 0.0905454 -6.66141 0 0 0 1 
				21
				1 -0.000110282 0.000356812 2.87837 0.000365644 0.0945976 -0.995516 244.322 7.6034e-05 0.995516 0.0945976 -6.87914 0 0 0 1 
				22
				1 -0.000110862 0.000356457 2.87839 0.000365596 0.0978785 -0.995199 244.308 7.54403e-05 0.995199 0.0978785 -7.05544 0 0 0 1 
				23
				1 -0.000111098 0.000356312 2.87839 0.000365576 0.0992161 -0.995066 244.302 7.51982e-05 0.995066 0.0992162 -7.12732 0 0 0 1 
		</Joint>
			6
				-1
				0.64964 -0.0572606 -0.758083 16.3484 0.0993339 0.995004 0.0099682 -0.00654387 0.753725 -0.081779 0.652082 -137.897 0 0 0 1 
				0
				0.895218 -0.114805 -0.430587 16.3485 -0.0679773 0.919756 -0.386559 29.0179 0.440414 0.375325 0.815578 -143.744 0 0 0 1 
				1
				0.999793 0.00832732 -0.0185412 16.3485 -0.0194384 0.658285 -0.752518 57.2277 0.00593894 0.752723 0.65831 -149.239 0 0 0 1 
				2
				0.92878 0.237177 0.284806 16.3485 0.202784 0.318028 -0.926141 85.3442 -0.310235 0.917936 0.247282 -149.386 0 0 0 1 
				3
				0.813406 0.414996 0.407613 16.3484 0.445378 0.00643468 -0.895319 114.026 -0.374177 0.909801 -0.179596 -139.032 0 0 0 1 
				4
				0.787211 0.452358 0.419132 16.3485 0.569132 -0.271211 -0.77623 145.062 -0.237461 0.849598 -0.470951 -112.504 0 0 0 1 
				5
				0.84224 0.378724 0.383665 16.3486 0.537785 -0.540517 -0.647016 176.474 -0.0376628 0.751272 -0.658917 -73.6446 0 0 0 1 
				6
				0.912346 0.257749 0.318102 16.3488 0.392896 -0.769684 -0.503209 203.058 0.115137 0.584082 -0.803488 -32.8445 0 0 0 1 
				7
				0.953174 0.160227 0.256489 16.3491 0.237367 -0.921897 -0.306208 220.267 0.187393 0.352751 -0.916761 -1.02171 0 0 0 1 
				8
				0.971663 0.0988728 0.2147 16.3494 0.169131 -0.925353 -0.339291 228.815 0.165127 0.365988 -0.915853 -1.4814 0 0 0 1 
				9
				0.984422 0.0407965 0.171023 16.35 0.103463 -0.920877 -0.375874 231.132 0.142156 0.387713 -0.910753 -10.4236 0 0 0 1 
				10
				0.992149 -0.0160199 0.124032 16.3505 0.0369267 -0.910019 -0.412918 230.69 0.119487 0.414256 -0.902283 -20.9925 0 0 0 1 
				11
				0.994597 -0.0740851 0.0727233 16.3508 -0.0339037 -0.893909 -0.446965 231.463 0.0981214 0.442084 -0.891591 -26.3996 0 0 0 1 
				12
				0.990902 -0.133581 0.0164249 16.3508 -0.109625 -0.871882 -0.477288 234.495 0.0780773 0.471145 -0.878594 -24.4922 0 0 0 1 
				13
				0.980407 -0.191964 -0.0441858 16.3505 -0.18776 -0.842846 -0.504339 237.909 0.0595731 0.502753 -0.862375 -18.9137 0 0 0 1 
				14
				0.962821 -0.247797 -0.107571 16.3501 -0.266588 -0.80723 -0.526603 241.237 0.0436561 0.535702 -0.843278 -12.2458 0 0 0 1 
				15
				0.938369 -0.299647 -0.172268 16.3499 -0.344268 -0.765974 -0.542921 244.307 0.0307315 0.568766 -0.821925 -7.1263 0 0 0 1 
				16
				0.907351 -0.347023 -0.237253 16.3498 -0.419839 -0.719641 -0.553039 244.347 0.0211799 0.601409 -0.798661 -6.619 0 0 0 1 
				17
				0.86988 -0.389672 -0.302431 16.3498 -0.493037 -0.668305 -0.557031 244.364 0.0149435 0.63366 -0.773468 -6.38147 0 0 0 1 
				18
				0.826258 -0.427147 -0.36721 16.3498 -0.563162 -0.612415 -0.554795 244.366 0.0120941 0.665202 -0.746566 -6.35091 0 0 0 1 
				19
				0.776861 -0.459064 -0.430985 16.3498 -0.629545 -0.552477 -0.5463 244.358 0.0126774 0.695723 -0.718199 -6.46427 0 0 0 1 
				20
				0.722125 -0.48512 -0.493147 16.3498 -0.691561 -0.489044 -0.531582 244.344 0.0167109 0.72491 -0.688641 -6.66038 0 0 0 1 
				21
				0.66255 -0.505074 -0.553109 16.3499 -0.748629 -0.42272 -0.510748 244.327 0.024155 0.752468 -0.658186 -6.87811 0 0 0 1 
				22
				0.598689 -0.518748 -0.610305 16.3499 -0.800219 -0.354132 -0.483984 244.313 0.0349371 0.778134 -0.627127 -7.05442 0 0 0 1 
				23
				0.531152 -0.526052 -0.664189 16.3499 -0.845859 -0.283905 -0.451576 244.307 0.0489857 0.801666 -0.595763 -7.1263 0 0 0 1 
		</Joint>
			7
				-1
				0.406673 0.509831 -0.758083 34.3836 -0.774443 0.632565 0.00996833 2.75114 0.484619 0.583038 0.652082 -116.973 0 0 0 1 
				0
				0.738163 0.519337 -0.430587 41.2013 -0.670793 0.632936 -0.386559 27.1307 0.0717795 0.574178 0.815578 -131.518 0 0 0 1 
				1
				0.881678 0.471487 -0.0185412 44.1045 -0.322798 0.574037 -0.752518 56.6881 -0.344159 0.669464 0.65831 -149.074 0 0 0 1 
				2
				0.841247 0.459552 0.284806 42.133 0.117813 0.358306 -0.926141 90.9738 -0.527657 0.812668 0.247282 -157.999 0 0 0 1 
				3
				0.777347 0.479148 0.407613 38.93 0.443414 0.042278 -0.895319 126.391 -0.446224 0.876715 -0.179596 -149.42 0 0 0 1 
				4
				0.788988 0.44925 0.419132 38.2028 0.568058 -0.273453 -0.77623 160.862 -0.234109 0.850528 -0.470951 -119.096 0 0 0 1 
				5
				0.852119 0.355942 0.383665 39.7306 0.523058 -0.55478 -0.647016 191.404 -0.0174502 0.752013 -0.658917 -74.6902 0 0 0 1 
				6
				0.91761 0.238335 0.318102 41.6771 0.376478 -0.777847 -0.503209 213.965 0.127503 0.581508 -0.803488 -29.6481 0 0 0 1 
				7
				0.956177 0.141211 0.256489 42.8109 0.218958 -0.926442 -0.306208 226.857 0.194382 0.348949 -0.916761 4.18066 0 0 0 1 
				8
				0.973863 0.0741242 0.2147 43.3245 0.145537 -0.929355 -0.339291 233.511 0.174383 0.36167 -0.915853 3.1028 0 0 0 1 
				9
				0.98509 0.0186988 0.171023 43.6792 0.0827755 -0.922967 -0.375874 234.005 0.15082 0.384426 -0.910753 -6.47711 0 0 0 1 
				10
				0.991784 -0.0313251 0.124032 43.8943 0.0228823 -0.910481 -0.412918 231.715 0.125864 0.412364 -0.902283 -17.6753 0 0 0 1 
				11
				0.993896 -0.0829571 0.0727233 43.9626 -0.0418789 -0.893571 -0.446965 230.521 0.102062 0.441191 -0.891591 -23.6756 0 0 0 1 
				12
				0.99046 -0.136818 0.0164249 43.86 -0.112473 -0.87152 -0.477288 231.451 0.079616 0.470888 -0.878593 -22.3246 0 0 0 1 
				13
				0.9811 -0.188391 -0.0441858 43.5683 -0.184688 -0.843524 -0.504339 232.697 0.0577412 0.502967 -0.862375 -17.2598 0 0 0 1 
				14
				0.965538 -0.236991 -0.107571 43.0797 -0.257524 -0.810167 -0.526603 233.837 0.0376495 0.536157 -0.843278 -11.0339 0 0 0 1 
				15
				0.943844 -0.281927 -0.172268 42.4006 -0.329786 -0.77232 -0.542921 234.749 0.020018 0.569244 -0.821925 -6.27314 0 0 0 1 
				16
				0.916179 -0.322996 -0.237253 41.5395 -0.400733 -0.730453 -0.553039 232.692 0.00532687 0.601758 -0.798661 -6.031 0 0 0 1 
				17
				0.882616 -0.359895 -0.302431 40.4992 -0.470048 -0.684669 -0.557031 230.677 -0.00659265 0.633802 -0.773468 -5.9666 0 0 0 1 
				18
				0.843343 -0.392339 -0.36721 39.2882 -0.537148 -0.635354 -0.554795 228.732 -0.0156409 0.665128 -0.746566 -6.01517 0 0 0 1 
				19
				0.798606 -0.420096 -0.430985 37.9168 -0.601461 -0.582925 -0.5463 226.881 -0.0217335 0.695499 -0.718199 -6.11232 0 0 0 1 
				20
				0.748704 -0.442999 -0.493147 36.3973 -0.66244 -0.527819 -0.531582 225.145 -0.0248016 0.724678 -0.688641 -6.19647 0 0 0 1 
				21
				0.693989 -0.460924 -0.553109 34.7434 -0.719558 -0.470503 -0.510748 223.544 -0.0248235 0.752447 -0.658186 -6.20753 0 0 0 1 
				22
				0.634864 -0.473789 -0.610305 32.9705 -0.772317 -0.411445 -0.483984 222.098 -0.0218009 0.778613 -0.627127 -6.08451 0 0 0 1 
				23
				0.571788 -0.481572 -0.664189 31.0956 -0.820251 -0.351096 -0.451576 220.824 -0.0157279 0.803007 -0.595763 -5.76638 0 0 0 1 
		</Joint>
			8
				-1
				0.406673 -0.757676 -0.510435 45.6735 -0.774443 0.010472 -0.632557 -18.7487 0.484619 0.652546 -0.582518 -103.519 0 0 0 1 
				0
				0.738163 -0.430173 -0.51968 61.694 -0.670793 -0.386055 -0.633244 8.50833 0.0717795 0.816035 -0.573529 -129.525 0 0 0 1 
				1
				0.881678 -0.0181658 -0.471502 68.5814 -0.322798 -0.752061 -0.574636 47.7267 -0.344159 0.658843 -0.66894 -158.628 0 0 0 1 
				2
				0.841247 0.285172 -0.459325 65.4875 0.117813 -0.925855 -0.359043 94.2445 -0.527657 0.247929 -0.812471 -172.647 0 0 0 1 
				3
				0.777347 0.407994 -0.478824 60.5105 0.443414 -0.895285 -0.0429909 138.7 -0.446224 -0.178898 -0.876858 -161.808 0 0 0 1 
				4
				0.788988 0.41949 -0.448916 60.1065 0.568058 -0.776448 0.272834 176.632 -0.234109 -0.470274 -0.850903 -125.596 0 0 0 1 
				5
				0.852119 0.383949 -0.355637 63.3869 0.523058 -0.647457 0.554265 205.925 -0.0174501 -0.658318 -0.752538 -75.1747 0 0 0 1 
				6
				0.91761 0.318292 -0.238081 67.1515 0.376478 -0.503828 0.777446 224.417 0.127503 -0.803024 -0.582147 -26.1084 0 0 0 1 
				7
				0.956176 0.256601 -0.141006 69.356 0.218958 -0.306945 0.926198 232.935 0.194382 -0.916483 -0.349679 9.57704 0 0 0 1 
				8
				0.973863 0.214759 -0.0739532 70.3606 0.145537 -0.340031 0.929085 237.551 0.174383 -0.915564 -0.362399 7.94398 0 0 0 1 
				9
				0.98509 0.171037 -0.0185626 71.027 0.0827755 -0.376609 0.922667 236.303 0.15082 -0.910446 -0.385151 -2.2901 0 0 0 1 
				10
				0.991784 0.124007 0.0314239 71.4279 0.0228823 -0.413643 0.910151 232.35 0.125864 -0.901954 -0.413082 -14.1811 0 0 0 1 
				11
				0.993896 0.0726572 0.083015 71.5549 -0.0418789 -0.447676 0.893215 229.359 0.102062 -0.891239 -0.441901 -20.8422 0 0 0 1 
				12
				0.99046 0.016316 0.136831 71.3569 -0.112473 -0.477982 0.871139 228.329 0.079616 -0.878218 -0.471587 -20.1143 0 0 0 1 
				13
				0.9811 -0.0443358 0.188356 70.8053 -0.184688 -0.50501 0.843123 227.569 0.0577412 -0.861974 -0.503654 -15.6568 0 0 0 1 
				14
				0.965538 -0.10776 0.236905 69.8847 -0.257524 -0.527248 0.809748 226.687 0.0376495 -0.842851 -0.536829 -9.98865 0 0 0 1 
				15
				0.943844 -0.172493 0.28179 68.6034 -0.329786 -0.543536 0.771888 225.594 0.020018 -0.821471 -0.569899 -5.71741 0 0 0 1 
				16
				0.916179 -0.23751 0.322807 66.9742 -0.400733 -0.55362 0.730012 221.567 0.00532685 -0.798181 -0.602394 -5.88313 0 0 0 1 
				17
				0.882616 -0.302717 0.359654 65.0022 -0.470048 -0.557576 0.684225 217.627 -0.00659264 -0.772963 -0.634417 -6.14963 0 0 0 1 
				18
				0.843343 -0.367522 0.392046 62.7008 -0.537148 -0.5553 0.634912 213.82 -0.0156409 -0.746036 -0.665723 -6.44939 0 0 0 1 
				19
				0.798606 -0.431319 0.419753 60.0875 -0.601461 -0.546764 0.58249 210.183 -0.0217335 -0.717645 -0.696071 -6.71566 0 0 0 1 
				20
				0.748704 -0.493499 0.442607 57.1826 -0.66244 -0.532003 0.527396 206.755 -0.0248016 -0.688064 -0.725226 -6.885 0 0 0 1 
				21
				0.693989 -0.553475 0.460484 54.0097 -0.719558 -0.511122 0.470096 203.568 -0.0248235 -0.657586 -0.75297 -6.89666 0 0 0 1 
				22
				0.634864 -0.610682 0.473303 50.5955 -0.772317 -0.484311 0.41106 200.657 -0.0218009 -0.626506 -0.779112 -6.68973 0 0 0 1 
				23
				0.571788 -0.664572 0.481043 46.9695 -0.820251 -0.451855 0.350737 198.053 -0.0157279 -0.595123 -0.803481 -6.20301 0 0 0 1 
		</Joint>
			9
				-1
				-1 1.32384e-06 -0.000379814 -2.90842 1.40526e-06 1 -0.000214365 -0.00653277 0.000379814 -0.000214365 -1 -137.89 0 0 0 1 
				0
				-1 8.56995e-06 -0.000378818 -2.90837 -7.2892e-05 0.97672 0.214515 29.0164 0.000371838 0.214515 -0.97672 -143.737 0 0 0 1 
				1
				-1 1.68725e-05 -0.000378687 -2.90836 -0.000143407 0.907918 0.419148 57.2249 0.000350889 0.419148 -0.907918 -149.232 0 0 0 1 
				2
				-1 2.27781e-05 -0.000379247 -2.90839 -0.000211068 0.796684 0.604395 85.34 0.000315907 0.604395 -0.796685 -149.38 0 0 0 1 
				3
				-1 2.29371e-05 -0.000379969 -2.90842 -0.000274575 0.64789 0.761734 114.021 0.00026365 0.761734 -0.64789 -139.027 0 0 0 1 
				4
				-1 1.59375e-05 -0.000380319 -2.9084 -0.000329233 0.465262 0.885173 145.055 0.000191056 0.885173 -0.465262 -112.5 0 0 0 1 
				5
				-1 3.76745e-06 -0.000379223 -2.90829 -0.000365481 0.257341 0.966321 176.467 0.00010123 0.966321 -0.257341 -73.6427 0 0 0 1 
				6
				-1 -1.24352e-05 -0.000376349 -2.90808 -0.000376543 0.0408019 0.999167 203.05 2.93095e-06 0.999167 -0.0408019 -32.8444 0 0 0 1 
				7
				-1 -3.16584e-05 -0.000371552 -2.90778 -0.000361078 -0.166671 0.986013 220.26 -9.31424e-05 0.986013 0.166671 -1.02353 0 0 0 1 
				8
				-1 -5.83465e-05 -0.000364904 -2.90742 -0.000360704 -0.0605211 0.998167 228.808 -8.0324e-05 0.998167 0.0605211 -1.48297 0 0 0 1 
				9
				-1 -9.0609e-05 -0.000354012 -2.90691 -0.000359262 0.0666108 0.997779 231.125 -6.68268e-05 0.997779 -0.0666108 -10.4249 0 0 0 1 
				10
				-1 -0.000119051 -0.000341429 -2.90637 -0.000357263 0.179672 0.983726 230.683 -5.57683e-05 0.983726 -0.179672 -20.9935 0 0 0 1 
				11
				-1 -0.000135892 -0.000332773 -2.90602 -0.000355943 0.245342 0.969437 231.456 -5.00955e-05 0.969437 -0.245342 -26.4006 0 0 0 1 
				12
				-1 -0.000137674 -0.000332935 -2.90607 -0.000356441 0.243563 0.969885 234.488 -5.24371e-05 0.969885 -0.243563 -24.4932 0 0 0 1 
				13
				-1 -0.000129447 -0.000339321 -2.9064 -0.000358063 0.195229 0.980758 237.902 -6.07115e-05 0.980758 -0.195229 -18.9148 0 0 0 1 
				14
				-1 -0.000118047 -0.000346664 -2.90676 -0.000359433 0.135096 0.990832 241.23 -7.01323e-05 0.990832 -0.135096 -12.2472 0 0 0 1 
				15
				-1 -0.000111103 -0.000350719 -2.90696 -0.000360012 0.0992161 0.995066 244.3 -7.57575e-05 0.995066 -0.0992162 -7.12777 0 0 0 1 
				16
				-1 -0.000109433 -0.000351738 -2.90702 -0.000360142 0.0897751 0.995962 244.34 -7.74134e-05 0.995962 -0.0897752 -6.62049 0 0 0 1 
				17
				-1 -0.000108648 -0.000352209 -2.90704 -0.000360197 0.0853544 0.996351 244.357 -7.81885e-05 0.996351 -0.0853545 -6.38298 0 0 0 1 
				18
				-1 -0.000108546 -0.000352269 -2.90704 -0.000360204 0.0847857 0.996399 244.359 -7.82882e-05 0.996399 -0.0847858 -6.35243 0 0 0 1 
				19
				-1 -0.000108921 -0.000352045 -2.90703 -0.000360178 0.0868955 0.996218 244.351 -7.79183e-05 0.996218 -0.0868955 -6.46578 0 0 0 1 
				20
				-1 -0.000109569 -0.000351655 -2.90701 -0.000360131 0.0905454 0.995892 244.337 -7.72782e-05 0.995892 -0.0905454 -6.66187 0 0 0 1 
				21
				-1 -0.000110287 -0.000351219 -2.90699 -0.000360077 0.0945976 0.995516 244.32 -7.65675e-05 0.995516 -0.0945976 -6.8796 0 0 0 1 
				22
				-1 -0.000110866 -0.000350864 -2.90697 -0.000360031 0.0978785 0.995199 244.306 -7.59921e-05 0.995199 -0.0978785 -7.0559 0 0 0 1 
				23
				-1 -0.000111103 -0.000350719 -2.90696 -0.000360012 0.0992161 0.995066 244.3 -7.57575e-05 0.995066 -0.0992162 -7.12777 0 0 0 1 
		</Joint>
			10
				-1
				-0.649642 0.0572635 -0.758081 -16.3799 0.0993357 0.995004 -0.00996614 -0.00651384 0.753723 -0.0817789 -0.652084 -137.885 0 0 0 1 
				0
				-0.892505 0.115309 -0.43605 -16.3799 -0.0672884 0.92191 0.381515 29.0155 0.445991 0.369845 -0.81505 -143.732 0 0 0 1 
				1
				-0.999451 -0.000450858 -0.0331408 -16.3799 -0.0249362 0.668919 0.742917 57.223 0.0218335 0.743336 -0.668562 -149.227 0 0 0 1 
				2
				-0.935502 -0.224184 0.27309 -16.3799 0.190461 0.331035 0.924197 85.3372 -0.297592 0.916601 -0.266985 -149.376 0 0 0 1 
				3
				-0.813406 -0.414995 0.407615 -16.3799 0.44538 0.00643566 0.895319 114.017 -0.374176 0.909801 0.179595 -139.024 0 0 0 1 
				4
				-0.757091 -0.490772 0.431227 -16.3799 0.608387 -0.289091 0.739116 145.051 -0.238073 0.82193 0.517447 -112.498 0 0 0 1 
				5
				-0.774288 -0.475326 0.417785 -16.3798 0.63268 -0.566888 0.527593 176.462 -0.0139413 0.672833 0.739663 -73.6413 0 0 0 1 
				6
				-0.819348 -0.417891 0.392474 -16.3796 0.540608 -0.791054 0.286316 203.045 0.190819 0.446767 0.874064 -32.8444 0 0 0 1 
				7
				-0.850053 -0.372482 0.37238 -16.3793 0.406512 -0.913536 0.0141823 220.255 0.3349 0.163433 0.927972 -1.02478 0 0 0 1 
				8
				-0.865152 -0.34792 0.361198 -16.3789 0.374499 -0.92722 0.00387586 228.803 0.333561 0.138621 0.932482 -1.48406 0 0 0 1 
				9
				-0.881968 -0.317551 0.348272 -16.3784 0.342184 -0.939581 0.00985233 231.121 0.324101 0.127863 0.937342 -10.4258 0 0 0 1 
				10
				-0.899018 -0.28362 0.333657 -16.3779 0.308596 -0.950911 0.0231869 230.678 0.310702 0.123811 0.942409 -20.9943 0 0 0 1 
				11
				-0.914952 -0.248223 0.318194 -16.3775 0.272961 -0.961392 0.0349052 231.451 0.297245 0.118791 0.947383 -26.4013 0 0 0 1 
				12
				-0.929716 -0.211107 0.301765 -16.3776 0.234859 -0.97102 0.0442846 234.483 0.283672 0.112045 0.952353 -24.4939 0 0 0 1 
				13
				-0.943438 -0.171554 0.283716 -16.3779 0.194707 -0.979301 0.0553057 237.897 0.268355 0.107419 0.957312 -18.9157 0 0 0 1 
				14
				-0.955489 -0.130564 0.264562 -16.3783 0.153201 -0.98594 0.0667309 241.226 0.252129 0.104292 0.962057 -12.2481 0 0 0 1 
				15
				-0.965473 -0.0892173 0.244751 -16.3785 0.111179 -0.990781 0.0774077 244.295 0.235589 0.101946 0.966491 -7.12879 0 0 0 1 
				16
				-0.973289 -0.0477856 0.224553 -16.3785 0.0688751 -0.993821 0.0870399 244.335 0.219006 0.100181 0.970567 -6.62153 0 0 0 1 
				17
				-0.978997 -0.00606142 0.203783 -16.3785 0.0261361 -0.995042 0.095964 244.352 0.202191 0.0992746 0.974302 -6.38404 0 0 0 1 
				18
				-0.982555 0.0358137 0.18249 -16.3785 -0.0169104 -0.994423 0.104107 244.354 0.1852 0.0992052 0.977681 -6.35348 0 0 0 1 
				19
				-0.983935 0.0777013 0.160732 -16.3785 -0.0601366 -0.991955 0.111401 244.346 0.168095 0.0999451 0.980691 -6.46682 0 0 0 1 
				20
				-0.983117 0.119471 0.138588 -16.3785 -0.103417 -0.98764 0.117782 244.332 0.150946 0.101461 0.983321 -6.66292 0 0 0 1 
				21
				-0.9801 0.160992 0.116133 -16.3785 -0.146623 -0.981491 0.123197 244.315 0.133817 0.103717 0.985564 -6.88063 0 0 0 1 
				22
				-0.97489 0.202133 0.0934462 -16.3785 -0.189621 -0.973532 0.127593 244.301 0.116764 0.10667 0.987415 -7.05692 0 0 0 1 
				23
