<?xml version='1.0' encoding='UTF-8' ?>
<itpanim>
	<skeleton count>
		25
			0 -1
			1.37091e-06 -1 -6.12323e-17 1.44664e-05 1 1.37091e-06 -6.12323e-17 -3.33788e-06 6.12323e-17 -6.12323e-17 1 44.5 0 0 0 1 
			1 0
			1.3868e-06 4.78456e-08 -1 -44.5 2.75771e-06 -1 -4.78418e-08 1.44666e-05 -1 -2.75771e-06 -1.3868e-06 -5.83747e-05 0 0 0 1 
			2 1
			1.40269e-06 -0.000796318 -1 -49.6773 0 -1 0.000796318 0.0514213 -1 -1.11699e-09 -1.40269e-06 3.19526e-06 0 0 0 1 
			3 2
			1.40269e-06 -0.000796318 -1 -64.5592 0 -1 0.000796318 0.0632714 -1 -1.11699e-09 -1.40269e-06 3.16239e-06 0 0 0 1 
			4 3
			1.40269e-06 -0.000796318 -1 -79.4411 0 -1 0.000796318 0.06596 -1 -1.11699e-09 -1.40269e-06 3.15493e-06 0 0 0 1 
			5 4
			1 1.37091e-06 4.37113e-08 -1.60435 -1.37091e-06 1 3.58059e-15 -1.09939e-05 -4.37113e-08 -6.35048e-14 1 79.4411 0 0 0 1 
			6 5
			0.995014 0.0902305 0.042489 -5.65533 -0.0897157 0.995871 -0.0138741 -0.287945 -0.0435655 0.00999304 0.999001 79.7571 0 0 0 1 
			7 6
			0.994845 -0.0912189 0.0442967 -20.654 0.0915704 0.995781 -0.00596753 -4.08763 -0.0435655 0.00999304 0.999001 79.7571 0 0 0 1 
			8 7
			0.994845 -0.0912189 0.0442967 -36.0513 -0.0434925 0.0107859 0.998995 79.7539 -0.091605 -0.995772 0.00676301 4.15114 0 0 0 1 
			9 4
			-1 -1.37091e-06 4.37114e-08 -1.60434 -1.37091e-06 1 3.84662e-15 -1.09939e-05 -4.37115e-08 -5.60777e-14 -1 -79.4411 0 0 0 1 
			10 9
			-0.995014 0.0902277 0.042489 -5.65533 0.089713 0.995871 -0.0138741 -0.287946 -0.0435654 -0.00999315 -0.999001 -79.7571 0 0 0 1 
			11 10
			-0.994845 -0.0912216 0.0442967 -20.654 -0.0915731 0.995781 -0.00596753 -4.08763 -0.0435654 -0.00999315 -0.999001 -79.7571 0 0 0 1 
			12 11
			-0.994845 -0.0912216 0.0442967 -36.0513 0.0434925 0.0107861 0.998995 79.7539 -0.0916078 0.995772 -0.00676301 -4.15114 0 0 0 1 
			13 4
			1.34309e-06 -5.95475e-08 -1 -82.8177 -1.40269e-06 -1 5.95456e-08 1.08462e-05 -1 1.40269e-06 -1.34309e-06 -0.000107894 0 0 0 1 
			14 13
			1 -0 0 0 0 1 0 0 -0 -0 1 -0 0 0 0 1 
			15 2
			1.37369e-06 -0.0998334 0.995004 44.2777 0 -0.995004 -0.0998334 -4.44257 1 1.3714e-07 -1.36683e-06 -4.58386 0 0 0 1 
			16 15
			1.37369e-06 0.0998334 0.995004 24.6789 0 -0.995004 0.0998334 0.469723 1 -1.3714e-07 -1.36683e-06 -4.58386 0 0 0 1 
			17 16
			1.3716e-06 -6.00745e-14 1 4.70494 0 -1 -6.00745e-14 1.29981e-05 1 8.23984e-20 -1.3716e-06 -4.58386 0 0 0 1 
			18 17
			1.3723e-06 -1 -6.00133e-14 -6.78409 0 6.00133e-14 -1 -0.105526 1 1.3723e-06 8.23562e-20 -4.58386 0 0 0 1 
			19 18
			1 -0 0 0 0 1 0 0 -0 -0 1 -0 0 0 0 1 
			20 2
			1.37369e-06 -0.0998334 0.995004 44.2777 0 -0.995004 -0.0998334 -4.44257 1 1.3714e-07 -1.36683e-06 4.58386 0 0 0 1 
			21 20
			1.37369e-06 0.0998334 0.995004 24.6789 0 -0.995004 0.0998334 0.469723 1 -1.3714e-07 -1.36683e-06 4.58386 0 0 0 1 
			22 21
			1.3716e-06 -6.00745e-14 1 4.70494 0 -1 -6.00745e-14 1.29981e-05 1 8.23984e-20 -1.3716e-06 4.58386 0 0 0 1 
			23 22
			1.3723e-06 -1 5.98908e-14 -6.78409 0 -5.98908e-14 -1 -0.105526 1 1.3723e-06 -8.21882e-20 4.58386 0 0 0 1 
			24 23
			1 -0 0 0 0 1 0 0 -0 -0 1 -0 0 0 0 1 
	</skeleton>
		<animations>
			33
			0
				-1
				1.33158e-06 1 0 3.38214e-06 -1 1.33158e-06 0 1.01295 -0 -0 1 -44.4038 0 0 0 1 
				0
				1.33158e-06 1 0 3.37141e-06 -1 1.33158e-06 0 0.767576 -0 -0 1 -42.8901 0 0 0 1 
				1
				1.33158e-06 1 0 3.36014e-06 -1 1.33158e-06 0 0.509745 -0 -0 1 -40.8414 0 0 0 1 
				2
				1.33158e-06 1 0 3.34866e-06 -1 1.33158e-06 0 0.246981 -0 -0 1 -38.5809 0 0 0 1 
				3
				1.33158e-06 1 0 3.33728e-06 -1 1.33158e-06 0 -0.0131985 -0 -0 1 -36.4314 0 0 0 1 
				4
				1.33158e-06 1 0 3.32634e-06 -1 1.33158e-06 0 -0.263511 -0 -0 1 -34.7058 0 0 0 1 
				5
				1.33158e-06 1 0 3.31615e-06 -1 1.33158e-06 0 -0.496675 -0 -0 1 -33.7167 0 0 0 1 
				6
				1.33158e-06 1 0 3.30704e-06 -1 1.33158e-06 0 -0.705171 -0 -0 1 -33.7872 0 0 0 1 
				7
				1.33158e-06 1 0 3.29933e-06 -1 1.33158e-06 0 -0.881482 -0 -0 1 -35.2401 0 0 0 1 
				8
				1.33158e-06 1 0 3.29763e-06 -1 1.33158e-06 0 -0.920463 -0 -0 1 -41.9353 0 0 0 1 
				9
				1.33158e-06 1 0 3.30184e-06 -1 1.33158e-06 0 -0.824118 -0 -0 1 -53.9771 0 0 0 1 
				10
				1.33158e-06 1 0 3.30479e-06 -1 1.33158e-06 0 -0.756455 -0 -0 1 -65.6764 0 0 0 1 
				11
				1.33158e-06 1 0 3.29933e-06 -1 1.33158e-06 0 -0.881484 -0 -0 1 -71.3444 0 0 0 1 
				12
				1.33158e-06 1 0 3.27784e-06 -1 1.33158e-06 0 -1.37312 -0 -0 1 -67.336 0 0 0 1 
				13
				1.33158e-06 1 0 3.24571e-06 -1 1.33158e-06 0 -2.10819 -0 -0 1 -57.2315 0 0 0 1 
				14
				1.33158e-06 1 0 3.21656e-06 -1 1.33158e-06 0 -2.77511 -0 -0 1 -46.9081 0 0 0 1 
				15
				1.33158e-06 1 0 3.204e-06 -1 1.33158e-06 0 -3.06229 -0 -0 1 -42.2432 0 0 0 1 
				16
				1.33158e-06 1 0 3.21656e-06 -1 1.33158e-06 0 -2.77511 -0 -0 1 -46.6861 0 0 0 1 
				17
				1.33158e-06 1 0 3.24571e-06 -1 1.33158e-06 0 -2.10819 -0 -0 1 -56.63 0 0 0 1 
				18
				1.33158e-06 1 0 3.27784e-06 -1 1.33158e-06 0 -1.37312 -0 -0 1 -66.6557 0 0 0 1 
				19
				1.33158e-06 1 0 3.29933e-06 -1 1.33158e-06 0 -0.881484 -0 -0 1 -71.3444 0 0 0 1 
				20
				1.33158e-06 1 0 3.30433e-06 -1 1.33158e-06 0 -0.767047 -0 -0 1 -67.9965 0 0 0 1 
				21
				1.33158e-06 1 0 3.30058e-06 -1 1.33158e-06 0 -0.852822 -0 -0 1 -59.7984 0 0 0 1 
				22
				1.33158e-06 1 0 3.29621e-06 -1 1.33158e-06 0 -0.952928 -0 -0 1 -50.7531 0 0 0 1 
				23
				1.33158e-06 1 0 3.29933e-06 -1 1.33158e-06 0 -0.881484 -0 -0 1 -44.8635 0 0 0 1 
				24
				1.33158e-06 1 0 3.31277e-06 -1 1.33158e-06 0 -0.573909 -0 -0 1 -42.8967 0 0 0 1 
				25
				1.33158e-06 1 0 3.33185e-06 -1 1.33158e-06 0 -0.137482 -0 -0 1 -42.6351 0 0 0 1 
				26
				1.33158e-06 1 0 3.35266e-06 -1 1.33158e-06 0 0.338561 -0 -0 1 -43.3042 0 0 0 1 
				27
				1.33158e-06 1 0 3.3713e-06 -1 1.33158e-06 0 0.764988 -0 -0 1 -44.1296 0 0 0 1 
				28
				1.33158e-06 1 0 3.38386e-06 -1 1.33158e-06 0 1.05231 -0 -0 1 -44.4178 0 0 0 1 
				29
				1.33158e-06 1 0 3.38699e-06 -1 1.33158e-06 0 1.12396 -0 -0 1 -44.3769 0 0 0 1 
				30
				1.33158e-06 1 0 3.38431e-06 -1 1.33158e-06 0 1.06272 -0 -0 1 -44.3917 0 0 0 1 
				31
				1.33158e-06 1 0 3.38214e-06 -1 1.33158e-06 0 1.01295 -0 -0 1 -44.4038 0 0 0 1 
		</Joint>
			1
				-1
				1.33158e-06 2.66316e-06 -1 3.38214e-06 0 -1 -2.66316e-06 1.01295 -1 3.54621e-12 -1.33158e-06 -44.4038 0 0 0 1 
				0
				1.33158e-06 2.66316e-06 -1 3.37141e-06 0 -1 -2.66316e-06 0.767576 -1 3.54621e-12 -1.33158e-06 -42.8901 0 0 0 1 
				1
				1.33158e-06 2.66316e-06 -1 3.36014e-06 0 -1 -2.66316e-06 0.509745 -1 3.54621e-12 -1.33158e-06 -40.8414 0 0 0 1 
				2
				1.33158e-06 2.66316e-06 -1 3.34866e-06 0 -1 -2.66316e-06 0.246981 -1 3.54621e-12 -1.33158e-06 -38.5809 0 0 0 1 
				3
				1.33158e-06 2.66316e-06 -1 3.33728e-06 0 -1 -2.66316e-06 -0.0131985 -1 3.54621e-12 -1.33158e-06 -36.4314 0 0 0 1 
				4
				1.33158e-06 2.66316e-06 -1 3.32634e-06 0 -1 -2.66316e-06 -0.263511 -1 3.54621e-12 -1.33158e-06 -34.7058 0 0 0 1 
				5
				1.33158e-06 2.66316e-06 -1 3.31615e-06 0 -1 -2.66316e-06 -0.496675 -1 3.54621e-12 -1.33158e-06 -33.7167 0 0 0 1 
				6
				1.33158e-06 2.66316e-06 -1 3.30704e-06 0 -1 -2.66316e-06 -0.705171 -1 3.54621e-12 -1.33158e-06 -33.7872 0 0 0 1 
				7
				1.33158e-06 2.66316e-06 -1 3.29933e-06 0 -1 -2.66316e-06 -0.881482 -1 3.54621e-12 -1.33158e-06 -35.2401 0 0 0 1 
				8
				1.33158e-06 2.66316e-06 -1 3.29763e-06 0 -1 -2.66316e-06 -0.920463 -1 3.54621e-12 -1.33158e-06 -41.9353 0 0 0 1 
				9
				1.33158e-06 2.66316e-06 -1 3.30184e-06 0 -1 -2.66316e-06 -0.824118 -1 3.54621e-12 -1.33158e-06 -53.9771 0 0 0 1 
				10
				1.33158e-06 2.66316e-06 -1 3.30479e-06 0 -1 -2.66316e-06 -0.756455 -1 3.54621e-12 -1.33158e-06 -65.6764 0 0 0 1 
				11
				1.33158e-06 2.66316e-06 -1 3.29933e-06 0 -1 -2.66316e-06 -0.881484 -1 3.54621e-12 -1.33158e-06 -71.3444 0 0 0 1 
				12
				1.33158e-06 2.66316e-06 -1 3.27784e-06 0 -1 -2.66316e-06 -1.37312 -1 3.54621e-12 -1.33158e-06 -67.336 0 0 0 1 
				13
				1.33158e-06 2.66316e-06 -1 3.24571e-06 0 -1 -2.66316e-06 -2.10819 -1 3.54621e-12 -1.33158e-06 -57.2315 0 0 0 1 
				14
				1.33158e-06 2.66316e-06 -1 3.21656e-06 0 -1 -2.66316e-06 -2.77511 -1 3.54621e-12 -1.33158e-06 -46.9081 0 0 0 1 
				15
				1.33158e-06 2.66316e-06 -1 3.204e-06 0 -1 -2.66316e-06 -3.06229 -1 3.54621e-12 -1.33158e-06 -42.2432 0 0 0 1 
				16
				1.33158e-06 2.66316e-06 -1 3.21656e-06 0 -1 -2.66316e-06 -2.77511 -1 3.54621e-12 -1.33158e-06 -46.6861 0 0 0 1 
				17
				1.33158e-06 2.66316e-06 -1 3.24571e-06 0 -1 -2.66316e-06 -2.10819 -1 3.54621e-12 -1.33158e-06 -56.63 0 0 0 1 
				18
				1.33158e-06 2.66316e-06 -1 3.27784e-06 0 -1 -2.66316e-06 -1.37312 -1 3.54621e-12 -1.33158e-06 -66.6557 0 0 0 1 
				19
				1.33158e-06 2.66316e-06 -1 3.29933e-06 0 -1 -2.66316e-06 -0.881484 -1 3.54621e-12 -1.33158e-06 -71.3444 0 0 0 1 
				20
				1.33158e-06 2.66316e-06 -1 3.30433e-06 0 -1 -2.66316e-06 -0.767047 -1 3.54621e-12 -1.33158e-06 -67.9965 0 0 0 1 
				21
				1.33158e-06 2.66316e-06 -1 3.30058e-06 0 -1 -2.66316e-06 -0.852822 -1 3.54621e-12 -1.33158e-06 -59.7984 0 0 0 1 
				22
				1.33158e-06 2.66316e-06 -1 3.29621e-06 0 -1 -2.66316e-06 -0.952928 -1 3.54621e-12 -1.33158e-06 -50.7531 0 0 0 1 
				23
				1.33158e-06 2.66316e-06 -1 3.29933e-06 0 -1 -2.66316e-06 -0.881484 -1 3.54621e-12 -1.33158e-06 -44.8635 0 0 0 1 
				24
				1.33158e-06 2.66316e-06 -1 3.31277e-06 0 -1 -2.66316e-06 -0.573909 -1 3.54621e-12 -1.33158e-06 -42.8967 0 0 0 1 
				25
				1.33158e-06 2.66316e-06 -1 3.33185e-06 0 -1 -2.66316e-06 -0.137482 -1 3.54621e-12 -1.33158e-06 -42.6351 0 0 0 1 
				26
				1.33158e-06 2.66316e-06 -1 3.35266e-06 0 -1 -2.66316e-06 0.338561 -1 3.54621e-12 -1.33158e-06 -43.3042 0 0 0 1 
				27
				1.33158e-06 2.66316e-06 -1 3.3713e-06 0 -1 -2.66316e-06 0.764988 -1 3.54621e-12 -1.33158e-06 -44.1296 0 0 0 1 
				28
				1.33158e-06 2.66316e-06 -1 3.38386e-06 0 -1 -2.66316e-06 1.05231 -1 3.54621e-12 -1.33158e-06 -44.4178 0 0 0 1 
				29
				1.33158e-06 2.66316e-06 -1 3.38699e-06 0 -1 -2.66316e-06 1.12396 -1 3.54621e-12 -1.33158e-06 -44.3769 0 0 0 1 
				30
				1.33158e-06 2.66316e-06 -1 3.38431e-06 0 -1 -2.66316e-06 1.06272 -1 3.54621e-12 -1.33158e-06 -44.3917 0 0 0 1 
				31
				1.33158e-06 2.66316e-06 -1 3.38214e-06 0 -1 -2.66316e-06 1.01295 -1 3.54621e-12 -1.33158e-06 -44.4038 0 0 0 1 
		</Joint>
			2
				-1
				-0.000201531 1.21675e-06 -1 1.05157e-05 -0.0132476 -0.999912 1.45316e-06 1.02479 -0.999912 0.0132476 0.000201529 -49.5813 0 0 0 1 
				0
				-0.000201113 1.07563e-05 -1 1.03919e-05 -0.0605873 -0.998163 1.4484e-06 0.779395 -0.998163 0.0605873 0.000201396 -48.0681 0 0 0 1 
				1
				-0.000200086 2.16335e-05 -1 1.02516e-05 -0.114581 -0.993414 1.43504e-06 0.521509 -0.993414 0.114581 0.000201247 -46.0202 0 0 0 1 
				2
				-0.000198374 3.29762e-05 -1 1.01061e-05 -0.170907 -0.985287 1.41232e-06 0.258648 -0.985287 0.170907 0.000201091 -43.7603 0 0 0 1 
				3
				-0.000196087 4.39248e-05 -1 9.96476e-06 -0.225296 -0.97429 1.38208e-06 -0.00166097 -0.97429 0.225296 0.000200941 -41.6115 0 0 0 1 
				4
				-0.000193505 5.3683e-05 -1 9.83795e-06 -0.273789 -0.96179 1.3477e-06 -0.252121 -0.96179 0.273789 0.000200808 -39.8864 0 0 0 1 
				5
				-0.000191047 6.15043e-05 -1 9.7353e-06 -0.312672 -0.949861 1.31452e-06 -0.485426 -0.949861 0.312672 0.000200699 -38.8978 0 0 0 1 
				6
				-0.000189232 6.66646e-05 -1 9.66492e-06 -0.338331 -0.941027 1.2899e-06 -0.694027 -0.941027 0.338331 0.000200627 -38.9685 0 0 0 1 
				7
				-0.000188566 6.84553e-05 -1 9.63613e-06 -0.347235 -0.937778 1.28081e-06 -0.870377 -0.937778 0.347235 0.000200603 -40.4216 0 0 0 1 
				8
				-0.000191755 5.92486e-05 -1 9.74377e-06 -0.301512 -0.953462 1.32531e-06 -0.909174 -0.953462 0.301512 0.000200696 -47.1162 0 0 0 1 
				9
				-0.000197398 3.77916e-05 -1 1.00022e-05 -0.194875 -0.980828 1.40103e-06 -0.812506 -0.980828 0.194875 0.000200979 -59.1567 0 0 0 1 
				10
				-0.000200811 1.42385e-05 -1 1.02842e-05 -0.0778818 -0.996963 1.44431e-06 -0.744653 -0.996963 0.0778818 0.00020131 -70.8547 0 0 0 1 
				11
				-0.000201556 -3.33692e-07 -1 1.04515e-05 -0.00555516 -0.999985 1.45336e-06 -0.869644 -0.999985 0.00555516 0.000201551 -76.5218 0 0 0 1 
				12
				-0.000201564 -1.34173e-06 -1 1.04416e-05 -0.000553728 -1 1.45334e-06 -1.36128 -1 0.000553728 0.000201563 -72.5133 0 0 0 1 
				13
				-0.000201406 5.1612e-06 -1 1.03327e-05 -0.0328201 -0.999461 1.45175e-06 -2.09635 -0.999461 0.0328201 0.000201467 -62.4092 0 0 0 1 
				14
				-0.000200922 1.33001e-05 -1 1.02072e-05 -0.0732138 -0.997316 1.44594e-06 -2.7633 -0.997316 0.0732138 0.000201357 -52.0863 0 0 0 1 
				15
				-0.000200576 1.72238e-05 -1 1.01477e-05 -0.0926884 -0.995695 1.44146e-06 -3.0505 -0.995695 0.0926884 0.000201309 -47.4216 0 0 0 1 
				16
				-0.000200791 1.49173e-05 -1 1.01879e-05 -0.0812401 -0.996695 1.44425e-06 -2.7633 -0.996695 0.0812401 0.000201339 -51.8645 0 0 0 1 
				17
				-0.000201191 9.5531e-06 -1 1.02807e-05 -0.0546154 -0.998507 1.44927e-06 -2.09637 -0.998507 0.0546154 0.000201412 -61.808 0 0 0 1 
				18
				-0.000201466 3.63077e-06 -1 1.03826e-05 -0.0252257 -0.999682 1.45251e-06 -1.36128 -0.999682 0.0252257 0.000201494 -71.8334 0 0 0 1 
				19
				-0.000201556 -3.33692e-07 -1 1.04515e-05 -0.00555516 -0.999985 1.45336e-06 -0.869644 -0.999985 0.00555516 0.000201551 -76.5218 0 0 0 1 
				20
				-0.000201568 -1.60956e-06 -1 1.04714e-05 0.000774702 -1 1.45341e-06 -0.755207 -1 -0.000774701 0.000201569 -73.1739 0 0 0 1 
				21
				-0.000201567 -1.52114e-06 -1 1.04666e-05 0.000336016 -1 1.45341e-06 -0.840982 -1 -0.000336016 0.000201567 -64.9758 0 0 0 1 
				22
				-0.000201561 -8.38981e-07 -1 1.04539e-05 -0.00304828 -0.999995 1.45339e-06 -0.941088 -0.999995 0.00304828 0.000201558 -55.9305 0 0 0 1 
				23
				-0.000201556 -3.33692e-07 -1 1.04515e-05 -0.00555516 -0.999985 1.45336e-06 -0.869643 -0.999985 0.00555516 0.000201551 -50.0409 0 0 0 1 
				24
				-0.000201553 -1.02998e-07 -1 1.04619e-05 -0.00669972 -0.999978 1.45335e-06 -0.562069 -0.999978 0.00669972 0.000201548 -48.0741 0 0 0 1 
				25
				-0.000201548 2.12425e-07 -1 1.04774e-05 -0.00826466 -0.999966 1.45331e-06 -0.125641 -0.999966 0.00826466 0.000201543 -47.8125 0 0 0 1 
				26
				-0.000201543 5.73724e-07 -1 1.0494e-05 -0.0100572 -0.999949 1.45327e-06 0.350402 -0.999949 0.0100572 0.000201538 -48.4817 0 0 0 1 
				27
				-0.000201536 9.42045e-07 -1 1.05082e-05 -0.0118847 -0.999929 1.45321e-06 0.776828 -0.999929 0.0118847 0.000201533 -49.3071 0 0 0 1 
				28
				-0.000201531 1.23607e-06 -1 1.05171e-05 -0.0133435 -0.999911 1.45316e-06 1.06415 -0.999911 0.0133435 0.000201529 -49.5953 0 0 0 1 
				29
				-0.000201531 1.21675e-06 -1 1.05205e-05 -0.0132476 -0.999912 1.45316e-06 1.1358 -0.999912 0.0132476 0.000201529 -49.5544 0 0 0 1 
				30
				-0.000201531 1.21675e-06 -1 1.05179e-05 -0.0132476 -0.999912 1.45316e-06 1.07456 -0.999912 0.0132476 0.000201529 -49.5692 0 0 0 1 
				31
				-0.000201531 1.21675e-06 -1 1.05157e-05 -0.0132476 -0.999912 1.45316e-06 1.02479 -0.999912 0.0132476 0.000201529 -49.5813 0 0 0 1 
		</Joint>
			3
				-1
				-0.000413847 6.56914e-06 -1 -0.00298875 -0.0256174 -0.999672 4.03469e-06 0.839492 -0.999672 0.0256174 0.000413879 -64.4622 0 0 0 1 
				0
				-0.000411951 3.56556e-05 -0.999999 -0.00298301 -0.120083 -0.992764 1.40705e-05 -0.110494 -0.992764 0.120083 0.000413251 -62.9241 0 0 0 1 
				1
				-0.000407006 6.86094e-05 -1 -0.00296825 -0.2268 -0.973941 2.54877e-05 -1.17214 -0.973941 0.2268 0.000411961 -60.8067 0 0 0 1 
				2
				-0.000398671 0.000102533 -1 -0.00294331 -0.335959 -0.941877 3.73637e-05 -2.2736 -0.941876 0.335959 0.000409946 -58.4272 0 0 0 1 
				3
				-0.000387531 0.000134641 -1 -0.0029098 -0.438221 -0.898867 4.88e-05 -3.34384 -0.898867 0.438221 0.000407342 -56.1159 0 0 0 1 
				4
				-0.00037502 0.000162553 -1 -0.00287183 -0.525911 -0.85054 5.89699e-05 -4.31654 -0.85054 0.525911 0.000404458 -54.2059 0 0 0 1 
				5
				-0.000363212 0.00018433 -1 -0.00283562 -0.593285 -0.804993 6.71043e-05 -5.12903 -0.804993 0.593285 0.000401743 -53.0405 0 0 0 1 
				6
				-0.00035455 0.000198361 -1 -0.00280884 -0.636083 -0.771621 7.24633e-05 -5.71989 -0.771621 0.636083 0.000399752 -52.9803 0 0 0 1 
				7
				-0.000351384 0.000203162 -1 -0.00279902 -0.650594 -0.759426 7.43215e-05 -6.02889 -0.759426 0.650594 0.000399026 -54.3852 0 0 0 1 
				8
				-0.000366701 0.000178107 -1 -0.00284608 -0.574244 -0.818684 6.47625e-05 -5.38654 -0.818684 0.574244 0.000402489 -61.3124 0 0 0 1 
				9
				-0.000394048 0.000116744 -1 -0.00292907 -0.381468 -0.924382 4.24008e-05 -3.70166 -0.924382 0.381468 0.000408785 -73.7578 0 0 0 1 
				10
				-0.000410614 4.62363e-05 -1 -0.00297875 -0.154425 -0.988004 1.77275e-05 -1.89197 -0.988004 0.154425 0.000412829 -85.6932 0 0 0 1 
				11
				-0.000413938 1.83492e-06 -1 -0.00298913 -0.0102343 -0.999948 2.40156e-06 -0.940466 -0.999948 0.0102343 0.000413935 -91.4036 0 0 0 1 
				12
				-0.000413963 -1.24342e-06 -1 -0.00298923 -0.000231586 -1 1.33929e-06 -1.35767 -1 0.000231587 0.000413963 -87.3952 0 0 0 1 
				13
				-0.000413326 1.86073e-05 -1 -0.00298723 -0.0647308 -0.997903 8.18665e-06 -2.57295 -0.997903 0.0647308 0.000413663 -77.2838 0 0 0 1 
				14
				-0.000411053 4.33882e-05 -1 -0.00298044 -0.145168 -0.989407 1.67432e-05 -3.84113 -0.989407 0.145168 0.000412997 -66.93 0 0 0 1 
				15
				-0.000409374 5.52878e-05 -1 -0.00297549 -0.183718 -0.982979 2.08626e-05 -4.41823 -0.982979 0.183718 0.000412563 -62.2416 0 0 0 1 
				16
				-0.000410412 4.82977e-05 -1 -0.00297856 -0.161079 -0.986942 1.84416e-05 -3.96062 -0.986941 0.161079 0.000412832 -66.6991 0 0 0 1 
				17
				-0.000412315 3.1993e-05 -1 -0.00298423 -0.108197 -0.994129 1.28061e-05 -2.89737 -0.994129 0.108197 0.000413356 -76.6689 0 0 0 1 
				18
				-0.000413579 1.3938e-05 -1 -0.00298801 -0.0495605 -0.998771 6.57633e-06 -1.72485 -0.998771 0.0495605 0.000413762 -86.7111 0 0 0 1 
				19
				-0.000413938 1.83492e-06 -1 -0.00298913 -0.0102343 -0.999948 2.40156e-06 -0.940466 -0.999948 0.0102343 0.000413935 -91.4036 0 0 0 1 
				20
				-0.000413969 -2.06122e-06 -1 -0.00298924 0.00242527 -0.999997 1.05723e-06 -0.731828 -0.999997 -0.00242527 0.000413973 -88.0557 0 0 0 1 
				21
				-0.000413968 -1.7912e-06 -1 -0.00298924 0.0015479 -0.999999 1.15042e-06 -0.824131 -0.999999 -0.0015479 0.00041397 -79.8576 0 0 0 1 
				22
				-0.000413955 2.91926e-07 -1 -0.00298919 -0.00522068 -0.999986 1.86921e-06 -0.974602 -0.999986 0.00522068 0.000413951 -70.8124 0 0 0 1 
				23
				-0.000413938 1.83492e-06 -1 -0.00298913 -0.0102343 -0.999948 2.40156e-06 -0.940465 -0.999948 0.0102343 0.000413935 -64.9227 0 0 0 1 
				24
				-0.000413929 2.53938e-06 -1 -0.00298909 -0.0125234 -0.999922 2.6446e-06 -0.649924 -0.999921 0.0125234 0.000413928 -62.9558 0 0 0 1 
				25
				-0.000413913 3.50255e-06 -1 -0.00298902 -0.015653 -0.999877 2.97687e-06 -0.236786 -0.999877 0.015653 0.000413917 -62.6941 0 0 0 1 
				26
				-0.000413892 4.60577e-06 -1 -0.00298893 -0.0192378 -0.999815 3.35744e-06 0.212579 -0.999815 0.0192378 0.000413904 -63.3631 0 0 0 1 
				27
				-0.000413868 5.73039e-06 -1 -0.00298883 -0.022892 -0.999738 3.74538e-06 0.611809 -0.999738 0.022892 0.00041389 -64.1882 0 0 0 1 
				28
				-0.000413845 6.62811e-06 -1 -0.00298875 -0.025809 -0.999667 4.05503e-06 0.877424 -0.999667 0.025809 0.000413878 -64.4761 0 0 0 1 
				29
				-0.000413847 6.56914e-06 -1 -0.00298875 -0.0256174 -0.999672 4.03469e-06 0.950494 -0.999672 0.0256174 0.000413879 -64.4353 0 0 0 1 
				30
				-0.000413847 6.56914e-06 -1 -0.00298875 -0.0256174 -0.999672 4.03469e-06 0.889258 -0.999672 0.0256174 0.000413879 -64.4501 0 0 0 1 
				31
				-0.000413847 6.56914e-06 -1 -0.00298875 -0.0256174 -0.999672 4.03469e-06 0.839492 -0.999672 0.0256174 0.000413879 -64.4622 0 0 0 1 
		</Joint>
			4
				-1
				-0.000413847 6.56914e-06 -1 -0.0091476 -0.0256174 -0.999672 4.03469e-06 0.460944 -0.999672 0.0256174 0.000413879 -79.3393 0 0 0 1 
				0
				-0.000411951 3.56556e-05 -0.999999 -0.00911372 -0.120083 -0.992764 1.40705e-05 -1.89488 -0.992764 0.120083 0.000413251 -77.6986 0 0 0 1 
				1
				-0.000407006 6.86094e-05 -1 -0.00902546 -0.2268 -0.973941 2.54877e-05 -4.54473 -0.973941 0.2268 0.000411961 -75.3014 0 0 0 1 
				2
				-0.000398671 0.000102533 -1 -0.00887658 -0.335959 -0.941877 3.73637e-05 -7.27078 -0.941876 0.335959 0.000409946 -72.445 0 0 0 1 
				3
				-0.000387531 0.000134641 -1 -0.00867737 -0.438221 -0.898867 4.88001e-05 -9.86298 -0.898867 0.438221 0.000407342 -69.494 0 0 0 1 
				4
				-0.00037502 0.000162553 -1 -0.00845329 -0.525911 -0.85054 5.89699e-05 -12.1408 -0.850539 0.525911 0.000404458 -66.8649 0 0 0 1 
				5
				-0.000363212 0.00018433 -1 -0.00824141 -0.593285 -0.804993 6.71043e-05 -13.9561 -0.804992 0.593285 0.000401743 -65.0219 0 0 0 1 
				6
				-0.00035455 0.000198361 -1 -0.00808576 -0.636083 -0.771621 7.24633e-05 -15.1839 -0.771621 0.636083 0.000399752 -64.4652 0 0 0 1 
				7
				-0.000351384 0.000203162 -1 -0.00802883 -0.650594 -0.759426 7.43214e-05 -15.7089 -0.759426 0.650594 0.000399026 -65.6886 0 0 0 1 
				8
				-0.000366701 0.000178107 -1 -0.00830376 -0.574244 -0.818684 6.47625e-05 -13.9302 -0.818684 0.574244 0.000402489 -73.4975 0 0 0 1 
				9
				-0.000394048 0.000116744 -1 -0.00879357 -0.381468 -0.924382 4.24008e-05 -9.37614 -0.924382 0.381468 0.000408785 -87.5154 0 0 0 1 
				10
				-0.000410614 4.62363e-05 -1 -0.00908959 -0.154425 -0.988004 1.77275e-05 -4.18746 -0.988004 0.154425 0.000412829 -100.397 0 0 0 1 
				11
				-0.000413938 1.83492e-06 -1 -0.00914933 -0.0102343 -0.999948 2.40156e-06 -1.09008 -0.999948 0.0102343 0.000413935 -106.285 0 0 0 1 
				12
				-0.000413963 -1.24342e-06 -1 -0.00914979 -0.000231586 -1 1.33929e-06 -1.35843 -1 0.000231586 0.000413963 -102.277 0 0 0 1 
				13
				-0.000413326 1.86073e-05 -1 -0.00913835 -0.0647308 -0.997903 8.18665e-06 -3.53359 -0.997903 0.0647308 0.000413663 -92.1347 0 0 0 1 
				14
				-0.000411053 4.33882e-05 -1 -0.00909781 -0.145168 -0.989407 1.67432e-05 -5.99885 -0.989407 0.145168 0.000412997 -81.6546 0 0 0 1 
				15
				-0.000409374 5.52878e-05 -1 -0.0090679 -0.183718 -0.982979 2.08626e-05 -7.14966 -0.982979 0.183718 0.000412563 -76.8707 0 0 0 1 
				16
				-0.000410412 4.82977e-05 -1 -0.0090864 -0.161079 -0.986942 1.84416e-05 -6.35512 -0.986941 0.161079 0.000412832 -81.387 0 0 0 1 
				17
				-0.000412315 3.1993e-05 -1 -0.00912034 -0.108197 -0.994129 1.28061e-05 -4.50487 -0.994129 0.108197 0.000413356 -91.4637 0 0 0 1 
				18
				-0.000413579 1.3938e-05 -1 -0.0091429 -0.0495605 -0.998771 6.57634e-06 -2.45972 -0.998771 0.0495605 0.000413762 -101.575 0 0 0 1 
				19
				-0.000413938 1.83492e-06 -1 -0.00914933 -0.0102343 -0.999948 2.40156e-06 -1.09008 -0.999948 0.0102343 0.000413935 -106.285 0 0 0 1 
				20
				-0.000413969 -2.06122e-06 -1 -0.00914988 0.00242527 -0.999997 1.05723e-06 -0.693047 -0.999997 -0.00242527 0.000413973 -102.938 0 0 0 1 
				21
				-0.000413968 -1.7912e-06 -1 -0.00914986 0.0015479 -0.999999 1.15042e-06 -0.798407 -0.999999 -0.0015479 0.00041397 -94.7395 0 0 0 1 
				22
				-0.000413955 2.91925e-07 -1 -0.00914964 -0.00522068 -0.999986 1.86921e-06 -1.04961 -0.999986 0.00522068 0.000413951 -85.6941 0 0 0 1 
				23
				-0.000413938 1.83492e-06 -1 -0.00914933 -0.0102343 -0.999948 2.40156e-06 -1.09008 -0.999948 0.0102343 0.000413935 -79.8038 0 0 0 1 
				24
				-0.000413929 2.53938e-06 -1 -0.00914915 -0.0125234 -0.999922 2.6446e-06 -0.833607 -0.999921 0.0125234 0.000413928 -77.8365 0 0 0 1 
				25
				-0.000413913 3.50255e-06 -1 -0.00914884 -0.015653 -0.999877 2.97687e-06 -0.467045 -0.999877 0.015653 0.000413917 -77.5742 0 0 0 1 
				26
				-0.000413892 4.60577e-06 -1 -0.00914845 -0.0192378 -0.999815 3.35744e-06 -0.0710264 -0.999815 0.0192378 0.000413904 -78.2422 0 0 0 1 
				27
				-0.000413868 5.73039e-06 -1 -0.00914799 -0.022892 -0.999738 3.74538e-06 0.27382 -0.999738 0.022892 0.00041389 -79.0663 0 0 0 1 
				28
				-0.000413845 6.62811e-06 -1 -0.00914757 -0.025809 -0.999667 4.05503e-06 0.496025 -0.999667 0.025809 0.000413878 -79.3531 0 0 0 1 
				29
				-0.000413847 6.56914e-06 -1 -0.00914759 -0.0256174 -0.999672 4.03469e-06 0.571947 -0.999672 0.0256174 0.000413879 -79.3123 0 0 0 1 
				30
				-0.000413847 6.56914e-06 -1 -0.0091476 -0.0256174 -0.999672 4.03469e-06 0.510711 -0.999672 0.0256174 0.000413879 -79.3272 0 0 0 1 
				31
				-0.000413847 6.56914e-06 -1 -0.0091476 -0.0256174 -0.999672 4.03469e-06 0.460944 -0.999672 0.0256174 0.000413879 -79.3393 0 0 0 1 
		</Joint>
			5
				-1
				1 -6.23759e-06 0.000416648 1.5952 -4.10633e-06 0.999692 0.0248219 0.458255 -0.000416675 -0.0248219 0.999692 -79.3399 0 0 0 1 
				0
				0.999999 -3.53251e-05 0.000414775 1.59523 -1.44067e-05 0.992859 0.119293 -1.89757 -0.000416027 -0.119293 0.992859 -77.6989 0 0 0 1 
				1
				1 -6.82833e-05 0.000409857 1.59532 -2.61219e-05 0.974121 0.226025 -4.54739 -0.000414684 -0.226025 0.974121 -75.3015 0 0 0 1 
				2
				1 -0.000102214 0.000401549 1.59547 -3.83031e-05 0.942144 0.33521 -7.27337 -0.00041258 -0.33521 0.942143 -72.4448 0 0 0 1 
				3
				1 -0.00013433 0.000390435 1.59567 -5.00255e-05 0.899216 0.437505 -9.86547 -0.000409855 -0.437505 0.899216 -69.4934 0 0 0 1 
				4
				1 -0.000162252 0.000377946 1.59589 -6.04405e-05 0.850958 0.525234 -12.1432 -0.000406836 -0.525234 0.850958 -66.8641 0 0 0 1 
				5
				1 -0.000184038 0.000366155 1.59611 -6.87633e-05 0.805464 0.592644 -13.9583 -0.000403994 -0.592644 0.805464 -65.021 0 0 0 1 
				6
				1 -0.000198077 0.000357504 1.59626 -7.4242e-05 0.772127 0.635468 -15.1861 -0.00040191 -0.635468 0.772127 -64.4642 0 0 0 1 
				7
				1 -0.00020288 0.000354341 1.59632 -7.61407e-05 0.759943 0.649989 -15.7111 -0.000401149 -0.649989 0.759943 -65.6875 0 0 0 1 
				8
				1 -0.000177813 0.000369638 1.59604 -6.63683e-05 0.81914 0.573593 -13.9325 -0.000404778 -0.573593 0.81914 -73.4966 0 0 0 1 
				9
				1 -0.000116428 0.000396937 1.59555 -4.34675e-05 0.924685 0.380733 -9.37869 -0.000411369 -0.380733 0.924685 -87.515 0 0 0 1 
				10
				1 -4.59073e-05 0.000413447 1.59526 -1.81593e-05 0.988127 0.153639 -4.19014 -0.000415592 -0.153639 0.988127 -100.397 0 0 0 1 
				11
				1 -1.5033e-06 0.000416736 1.5952 -2.43018e-06 0.999955 0.00943862 -1.09277 -0.000416732 -0.00943862 0.999955 -106.285 0 0 0 1 
				12
				1 1.57506e-06 0.000416758 1.5952 -1.33994e-06 1 -0.000564167 -1.36112 -0.000416759 0.000564166 1 -102.278 0 0 0 1 
				13
				1 -1.82761e-05 0.000416137 1.59521 -8.36765e-06 0.997954 0.0639367 -3.53628 -0.000416454 -0.0639367 0.997954 -92.1352 0 0 0 1 
				14
				1 -4.30589e-05 0.000413884 1.59525 -1.71492e-05 0.989522 0.144381 -6.00153 -0.000415764 -0.144381 0.989522 -81.6549 0 0 0 1 
				15
				1 -5.49598e-05 0.000412214 1.59528 -2.13763e-05 0.983125 0.182936 -7.15233 -0.000415312 -0.182936 0.983125 -76.8709 0 0 0 1 
				16
				1 -4.79689e-05 0.000413246 1.59526 -1.8892e-05 0.987069 0.160293 -6.3578 -0.000415592 -0.160293 0.987069 -81.3873 0 0 0 1 
				17
				1 -3.16627e-05 0.000415137 1.59523 -1.31086e-05 0.994215 0.107406 -4.50756 -0.000416136 -0.107406 0.994215 -91.4641 0 0 0 1 
				18
				1 -1.36067e-05 0.000416387 1.5952 -6.71492e-06 0.99881 0.0487657 -2.46241 -0.000416555 -0.0487657 0.99881 -101.575 0 0 0 1 
				19
				1 -1.5033e-06 0.000416736 1.5952 -2.43018e-06 0.999955 0.00943862 -1.09277 -0.000416732 -0.00943862 0.999955 -106.285 0 0 0 1 
				20
				1 2.39286e-06 0.000416764 1.5952 -1.05045e-06 0.999995 -0.00322102 -0.695732 -0.000416769 0.00322102 0.999995 -102.938 0 0 0 1 
				21
				1 2.12284e-06 0.000416763 1.5952 -1.14609e-06 0.999997 -0.00234365 -0.801093 -0.000416766 0.00234365 0.999997 -94.7402 0 0 0 1 
				22
				1 3.97058e-08 0.000416752 1.5952 -1.8838e-06 0.99999 0.00442494 -1.05229 -0.000416747 -0.00442494 0.99999 -85.6947 0 0 0 1 
				23
				1 -1.5033e-06 0.000416736 1.5952 -2.43018e-06 0.999955 0.00943862 -1.09277 -0.000416732 -0.00943862 0.999955 -79.8045 0 0 0 1 
				24
				1 -2.20777e-06 0.000416727 1.5952 -2.67962e-06 0.999931 0.0117277 -0.836295 -0.000416724 -0.0117277 0.999931 -77.8372 0 0 0 1 
				25
				1 -3.17095e-06 0.000416712 1.5952 -3.02064e-06 0.99989 0.0148574 -0.469733 -0.000416713 -0.0148574 0.999889 -77.5748 0 0 0 1 
				26
				1 -4.27418e-06 0.000416692 1.5952 -3.41123e-06 0.99983 0.0184421 -0.0737156 -0.0004167 -0.0184421 0.99983 -78.2429 0 0 0 1 
				27
				1 -5.39883e-06 0.000416668 1.5952 -3.80939e-06 0.999756 0.0220965 0.271131 -0.000416686 -0.0220965 0.999756 -79.0669 0 0 0 1 
				28
				1 -6.29656e-06 0.000416647 1.5952 -4.1272e-06 0.999687 0.0250135 0.493335 -0.000416674 -0.0250135 0.999687 -79.3537 0 0 0 1 
				29
				1 -6.23759e-06 0.000416648 1.5952 -4.10633e-06 0.999692 0.0248219 0.569257 -0.000416675 -0.0248219 0.999692 -79.3129 0 0 0 1 
				30
				1 -6.23759e-06 0.000416648 1.5952 -4.10633e-06 0.999692 0.0248219 0.508021 -0.000416675 -0.0248219 0.999692 -79.3278 0 0 0 1 
				31
				1 -6.23759e-06 0.000416648 1.5952 -4.10633e-06 0.999692 0.0248219 0.458255 -0.000416675 -0.0248219 0.999692 -79.3399 0 0 0 1 
		</Joint>
			6
				-1
				0.290168 0.0353507 -0.956322 9.06681 -0.100747 0.994893 0.00620764 0.458224 0.951658 0.0945457 0.292248 -79.343 0 0 0 1 
				0
				0.27192 0.0362119 -0.961638 9.06684 -0.0948711 0.995432 0.010658 -1.89768 0.957632 0.0883335 0.274113 -77.7021 0 0 0 1 
				1
				0.226718 0.038626 -0.973194 9.06693 -0.0796627 0.996601 0.0209966 -4.54759 0.970697 0.072767 0.229024 -75.3046 0 0 0 1 
				2
				0.170265 0.0426184 -0.984476 9.06708 -0.0602424 0.997646 0.0327697 -7.27365 0.983555 0.0537277 0.172431 -72.4479 0 0 0 1 
				3
				0.118817 0.0470708 -0.9918 9.06728 -0.0421142 0.998216 0.0423301 -9.86585 0.992022 0.0367394 0.120588 -69.4965 0 0 0 1 
				4
				0.0889056 0.0499928 -0.994785 9.06751 -0.0314027 0.998384 0.0473672 -12.1436 0.995545 0.0270277 0.0903319 -66.8672 0 0 0 1 
				5
				0.0970588 0.0492112 -0.994061 9.06772 -0.0342612 0.99835 0.0460783 -13.9588 0.994689 0.0295854 0.0985847 -65.024 0 0 0 1 
				6
				0.159408 0.043429 -0.986257 9.06787 -0.0561846 0.997812 0.0348567 -15.1867 0.985612 0.049856 0.1615 -64.4672 0 0 0 1 
				7
				0.290166 0.0353515 -0.956323 9.06793 -0.100748 0.994893 0.00620857 -15.7116 0.951658 0.0945459 0.292245 -65.6905 0 0 0 1 
				8
				0.619932 0.0474815 -0.783217 9.06765 -0.203898 0.973625 -0.102365 -13.933 0.7577 0.223156 0.613264 -73.4996 0 0 0 1 
				9
				0.949337 0.161906 -0.269344 9.06716 -0.249719 0.908977 -0.333767 -9.37902 0.190788 0.384118 0.903357 -87.5181 0 0 0 1 
				10
				0.871315 0.356551 0.337166 9.06687 -0.129992 0.830237 -0.54204 -4.19027 -0.473192 0.428459 0.769748 -100.4 0 0 0 1 
				11
				0.588315 0.486109 0.646207 9.06681 0.0223412 0.78906 -0.61391 -1.09279 -0.808323 0.37561 0.453356 -106.288 0 0 0 1 
				12
				0.46229 0.523873 0.715433 9.06681 0.0788275 0.779349 -0.621611 -1.36113 -0.883218 0.34376 0.31899 -102.281 0 0 0 1 
				13
				0.477423 0.519978 0.708301 9.06682 0.0722449 0.780144 -0.621415 -3.53634 -0.875699 0.347849 0.334892 -92.1383 0 0 0 1 
				14
				0.548496 0.499082 0.670872 9.06686 0.0406708 0.785458 -0.617577 -6.00166 -0.835163 0.366024 0.410523 -81.658 0 0 0 1 
				15
				0.588316 0.486109 0.646206 9.06689 0.022341 0.789059 -0.613911 -7.15249 -0.808322 0.37561 0.453356 -76.874 0 0 0 1 
				16
				0.588358 0.486091 0.646181 9.06687 0.0223286 0.789064 -0.613905 -6.35794 -0.808292 0.375625 0.453399 -81.3904 0 0 0 1 
				17
				0.588374 0.486084 0.646171 9.06684 0.0223264 0.789064 -0.613905 -4.50766 -0.80828 0.375633 0.453412 -91.4672 0 0 0 1 
				18
				0.588367 0.486087 0.646177 9.06681 0.0223347 0.789061 -0.613908 -2.46246 -0.808285 0.375636 0.453401 -101.578 0 0 0 1 
				19
				0.588315 0.486109 0.646207 9.06681 0.0223412 0.78906 -0.61391 -1.09279 -0.808323 0.37561 0.453356 -106.288 0 0 0 1 
				20
				0.552219 0.497699 0.668842 9.06681 0.0393546 0.785802 -0.617224 -0.69574 -0.83277 0.367165 0.414348 -102.941 0 0 0 1 
				21
				0.487887 0.516766 0.703505 9.06681 0.0683758 0.780833 -0.620987 -0.801101 -0.870225 0.351074 0.345624 -94.7433 0 0 0 1 
				22
				0.474027 0.520868 0.709926 9.06681 0.0733069 0.780122 -0.621318 -1.05231 -0.877453 0.346564 0.331616 -85.6978 0 0 0 1 
				23
				0.588315 0.486109 0.646207 9.06681 0.0223412 0.78906 -0.61391 -1.09279 -0.808323 0.37561 0.453356 -79.8076 0 0 0 1 
				24
				0.821601 0.385941 0.419549 9.06681 -0.0973894 0.820177 -0.563759 -0.836315 -0.561682 0.422326 0.711445 -77.8403 0 0 0 1 
				25
				0.971985 0.234806 -0.0105622 9.06681 -0.216575 0.877249 -0.428402 -0.469756 -0.0913256 0.418688 0.903526 -77.5779 0 0 0 1 
				26
				0.85895 0.0990164 -0.502395 9.06681 -0.246016 0.940272 -0.235298 -0.0737412 0.44909 0.325707 0.832006 -78.246 0 0 0 1 
				27
				0.539679 0.0377449 -0.841024 9.06681 -0.176829 0.981791 -0.0694073 0.271102 0.82309 0.186175 0.536527 -79.07 0 0 0 1 
				28
				0.248075 0.037354 -0.96802 9.06681 -0.0866359 0.996108 0.0162356 0.493304 0.964859 0.0798377 0.250345 -79.3568 0 0 0 1 
				29
				0.17042 0.0425154 -0.984454 9.06681 -0.0597694 0.997675 0.0327397 0.569226 0.983557 0.0532607 0.172565 -79.316 0 0 0 1 
				30
				0.236724 0.0379632 -0.970835 9.06681 -0.0831914 0.996359 0.0186763 0.50799 0.968009 0.076344 0.23902 -79.3309 0 0 0 1 
				31
				0.290168 0.0353507 -0.956322 9.06681 -0.100747 0.994893 0.00620764 0.458224 0.951658 0.0945457 0.292248 -79.343 0 0 0 1 
		</Joint>
			7
				-1
				0.290168 0.0353507 -0.956322 13.5346 -0.100747 0.994893 0.00620764 -1.09302 0.951658 0.0945457 0.292248 -64.69 0 0 0 1 
				0
				0.27192 0.0362121 -0.961638 13.2537 -0.0948717 0.995432 0.010658 -3.35844 0.957632 0.0883341 0.274113 -62.9571 0 0 0 1 
				1
				0.226718 0.038626 -0.973194 12.5578 -0.0796626 0.996601 0.0209966 -5.77418 0.970697 0.0727669 0.229024 -60.3584 0 0 0 1 
				2
				0.170265 0.0426184 -0.984476 11.6887 -0.0602422 0.997646 0.0327697 -8.20122 0.983555 0.0537275 0.172431 -57.3037 0 0 0 1 
				3
				0.118817 0.0470708 -0.9918 10.8968 -0.0421142 0.998215 0.0423301 -10.5143 0.992022 0.0367393 0.120588 -54.222 0 0 0 1 
				4
				0.0889056 0.0499928 -0.994785 10.4364 -0.0314027 0.998384 0.0473672 -12.6271 0.995545 0.0270277 0.0903319 -51.5385 0 0 0 1 
				5
				0.0970588 0.0492112 -0.994061 10.5622 -0.0342612 0.99835 0.0460783 -14.4864 0.994689 0.0295854 0.0985847 -49.7085 0 0 0 1 
				6
				0.159408 0.043429 -0.986257 11.5223 -0.0561846 0.997812 0.0348567 -16.0518 0.985612 0.049856 0.1615 -49.2914 0 0 0 1 
				7
				0.290166 0.0353515 -0.956323 13.5357 -0.100748 0.994892 0.00620857 -17.2629 0.951658 0.0945459 0.292245 -51.0375 0 0 0 1 
				8
				0.619932 0.0474814 -0.783217 18.613 -0.203898 0.973625 -0.102365 -17.0725 0.7577 0.223156 0.613264 -61.833 0 0 0 1 
				9
				0.949337 0.161906 -0.269344 23.6844 -0.249718 0.908977 -0.333767 -13.224 0.190789 0.384118 0.903357 -84.5805 0 0 0 1 
				10
				0.871315 0.356551 0.337166 22.4828 -0.129992 0.830237 -0.54204 -6.1918 -0.473192 0.428459 0.769748 -107.686 0 0 0 1 
				11
				0.588315 0.486109 0.646207 18.1253 0.0223412 0.78906 -0.61391 -0.748797 -0.808323 0.37561 0.453356 -118.734 0 0 0 1 
				12
				0.46229 0.523873 0.715433 16.1848 0.0788275 0.779349 -0.621611 -0.147393 -0.883218 0.34376 0.31899 -115.88 0 0 0 1 
				13
				0.477423 0.519978 0.708301 16.4178 0.072245 0.780143 -0.621415 -2.42397 -0.875699 0.347849 0.334892 -105.622 0 0 0 1 
				14
				0.548496 0.499082 0.670872 17.5122 0.0406707 0.785458 -0.617577 -5.37544 -0.835163 0.366023 0.410523 -94.5173 0 0 0 1 
				15
				0.588316 0.486109 0.646206 18.1254 0.022341 0.789059 -0.613911 -6.8085 -0.808322 0.37561 0.453356 -89.32 0 0 0 1 
				16
				0.588358 0.486091 0.646181 18.126 0.0223287 0.789064 -0.613905 -6.01414 -0.808292 0.375625 0.453399 -93.8359 0 0 0 1 
				17
				0.588374 0.486084 0.646171 18.1262 0.0223266 0.789064 -0.613905 -4.16389 -0.80828 0.375633 0.453412 -103.913 0 0 0 1 
				18
				0.588367 0.486087 0.646177 18.1261 0.0223347 0.789061 -0.613908 -2.11857 -0.808285 0.375636 0.453401 -114.024 0 0 0 1 
				19
				0.588315 0.486109 0.646207 18.1253 0.0223412 0.78906 -0.61391 -0.748797 -0.808323 0.37561 0.453356 -118.734 0 0 0 1 
				20
				0.552219 0.497699 0.668842 17.5695 0.0393546 0.785802 -0.617224 -0.089783 -0.832769 0.367165 0.414348 -115.764 0 0 0 1 
				21
				0.487887 0.516766 0.703505 16.579 0.0683759 0.780833 -0.620987 0.251701 -0.870224 0.351074 0.345624 -108.142 0 0 0 1 
				22
				0.474027 0.520868 0.709926 16.3655 0.0733069 0.780122 -0.621318 0.0764217 -0.877453 0.346564 0.331616 -99.2083 0 0 0 1 
				23
				0.588315 0.486109 0.646207 18.1253 0.0223412 0.78906 -0.61391 -0.748792 -0.808323 0.37561 0.453356 -92.2536 0 0 0 1 
				24
				0.821601 0.385941 0.419549 21.7173 -0.0973896 0.820177 -0.563759 -2.33585 -0.561682 0.422325 0.711445 -86.4887 0 0 0 1 
				25
				0.971985 0.234806 -0.0105622 24.0328 -0.216575 0.877249 -0.428402 -3.80443 -0.0913256 0.418688 0.903526 -78.9841 0 0 0 1 
				26
				0.85895 0.0990166 -0.502395 22.2923 -0.246016 0.940272 -0.235298 -3.86172 0.44909 0.325707 0.832006 -71.3312 0 0 0 1 
				27
				0.539679 0.0377449 -0.841024 17.3764 -0.176829 0.981791 -0.0694073 -2.45159 0.82309 0.186175 0.536527 -66.3966 0 0 0 1 
				28
				0.248075 0.037354 -0.96802 12.8865 -0.0866359 0.996108 0.0162356 -0.840657 0.964859 0.0798377 0.250345 -64.5006 0 0 0 1 
				29
				0.17042 0.0425154 -0.984454 11.6908 -0.0597694 0.997675 0.0327397 -0.351061 0.983557 0.0532607 0.172565 -64.1719 0 0 0 1 
				30
				0.236724 0.0379632 -0.970835 12.7117 -0.0831914 0.996359 0.0186763 -0.772933 0.968009 0.076344 0.23902 -64.4262 0 0 0 1 
				31
				0.290168 0.0353507 -0.956322 13.5346 -0.100747 0.994893 0.00620764 -1.09302 0.951658 0.0945457 0.292248 -64.69 0 0 0 1 
		</Joint>
			8
				-1
				0.290168 -0.955379 0.0552651 18.0024 -0.100747 -0.0879259 -0.991019 -2.64425 0.951658 0.281994 -0.121765 -50.037 0 0 0 1 
				0
				0.27192 -0.960751 0.0549103 17.4405 -0.0948717 -0.0835463 -0.991977 -4.81921 0.957632 0.264529 -0.113866 -48.2121 0 0 0 1 
				1
				0.226718 -0.972484 0.0536004 16.0486 -0.0796627 -0.0733648 -0.994118 -7.00077 0.970697 0.221115 -0.0941038 -45.4123 0 0 0 1 
				2
				0.170265 -0.984094 0.0506931 14.3103 -0.0602422 -0.0617433 -0.996272 -9.12879 0.983555 0.166576 -0.0697966 -42.1596 0 0 0 1 
				3
				0.118817 -0.991805 0.0469533 12.7262 -0.0421142 -0.0522797 -0.997744 -11.1627 0.992022 0.116572 -0.0479809 -38.9475 0 0 0 1 
				4
				0.0889056 -0.995053 0.0443266 11.8053 -0.0314027 -0.047281 -0.998388 -13.1107 0.995545 0.0873703 -0.0354509 -36.2098 0 0 0 1 
				5
				0.0970588 -0.994259 0.0450364 12.0566 -0.0342612 -0.048561 -0.998232 -15.0139 0.994689 0.0953443 -0.0387778 -34.3929 0 0 0 1 
				6
				0.159408 -0.985943 0.0500545 13.9768 -0.0561846 -0.0596813 -0.996635 -16.9169 0.985612 0.15606 -0.0649085 -34.1156 0 0 0 1 
				7
				0.290166 -0.955379 0.0552644 18.0035 -0.100748 -0.0879249 -0.991019 -18.8141 0.951658 0.281992 -0.121765 -36.3846 0 0 0 1 
				8
				0.619932 -0.784197 0.026815 28.1583 -0.203898 -0.194 -0.959577 -20.212 0.7577 0.589406 -0.280163 -50.1665 0 0 0 1 
				9
				0.949337 -0.283451 -0.135703 38.3016 -0.249718 -0.41825 -0.873331 -17.069 0.190789 0.862973 -0.467843 -81.6428 0 0 0 1 
				10
				0.871315 0.301928 -0.386844 35.8987 -0.129992 -0.618141 -0.775244 -8.19334 -0.473192 0.725769 -0.499347 -114.972 0 0 0 1 
				11
				0.588315 0.597329 -0.545053 27.1838 0.0223412 -0.685794 -0.727453 -0.404805 -0.808323 0.415795 -0.416808 -131.18 0 0 0 1 
				12
				0.46229 0.662673 -0.589196 23.3029 0.0788275 -0.692542 -0.717058 1.06634 -0.883218 0.285044 -0.372392 -129.479 0 0 0 1 
				13
				0.477423 0.655941 -0.584644 23.7689 0.072245 -0.692422 -0.717867 -1.31159 -0.875698 0.300488 -0.377966 -119.105 0 0 0 1 
				14
				0.548496 0.620657 -0.560301 25.9576 0.0406707 -0.689104 -0.72352 -4.74922 -0.835163 0.37406 -0.403213 -107.377 0 0 0 1 
				15
				0.588316 0.597328 -0.545054 27.1839 0.0223409 -0.685794 -0.727452 -6.46451 -0.808322 0.415795 -0.416808 -101.766 0 0 0 1 
				16
				0.588358 0.597305 -0.545033 27.1851 0.0223287 -0.685789 -0.727457 -5.67034 -0.808292 0.415836 -0.416827 -106.281 0 0 0 1 
				17
				0.588374 0.597296 -0.545025 27.1856 0.0223266 -0.685789 -0.727458 -3.82012 -0.80828 0.415849 -0.416836 -116.358 0 0 0 1 
				18
				0.588367 0.597301 -0.545028 27.1854 0.0223347 -0.685792 -0.727455 -1.77467 -0.808285 0.415837 -0.416838 -126.469 0 0 0 1 
