<?xml version='1.0' encoding='UTF-8' ?>
<itpanim>
	<skeleton count>
		25
			0 -1
			1.37091e-06 -1 -6.12323e-17 1.44898e-05 1 1.37091e-06 -6.12323e-17 -1.98691e-11 6.12323e-17 -6.12323e-17 1 80.8015 0 0 0 1 
			1 0
			1.3868e-06 4.78456e-08 -1 -80.8015 2.75771e-06 -1 -4.78418e-08 1.44901e-05 -1 -2.75771e-06 -1.3868e-06 -0.000112056 0 0 0 1 
			2 1
			1.40269e-06 -0.000796318 -1 -90.1364 0 -1 0.000796318 0.0931538 -1 -1.11699e-09 -1.40269e-06 -2.58351e-07 0 0 0 1 
			3 2
			1.40269e-06 -0.000796318 -1 -116.969 0 -1 0.000796318 0.11452 -1 -1.11699e-09 -1.40269e-06 -3.17612e-07 0 0 0 1 
			4 3
			1.40269e-06 -0.000796318 -1 -143.801 0 -1 0.000796318 0.119367 -1 -1.11699e-09 -1.40269e-06 -3.31058e-07 0 0 0 1 
			5 4
			1 1.37091e-06 4.37113e-08 -2.89267 -1.37091e-06 1 3.58059e-15 -8.20407e-06 -4.37113e-08 -6.35048e-14 1 143.801 0 0 0 1 
			6 5
			0.995014 0.0902305 0.042489 -10.1726 -0.0897157 0.995871 -0.0138741 -0.527027 -0.0435655 0.00999304 0.999001 144.37 0 0 0 1 
			7 6
			0.994845 -0.0912189 0.0442967 -37.2146 0.0915704 0.995781 -0.00596753 -7.37347 -0.0435655 0.00999304 0.999001 144.37 0 0 0 1 
			8 7
			0.994845 -0.0912189 0.0442967 -64.9763 -0.0434925 0.0107859 0.998995 144.365 -0.091605 -0.995772 0.00676301 7.48842 0 0 0 1 
			9 4
			-1 -1.37091e-06 4.37114e-08 -2.89267 -1.37091e-06 1 3.84662e-15 -8.20407e-06 -4.37115e-08 -5.60777e-14 -1 -143.801 0 0 0 1 
			10 9
			-0.995014 0.0902277 0.042489 -10.1726 0.089713 0.995871 -0.0138741 -0.527027 -0.0435654 -0.00999316 -0.999001 -144.37 0 0 0 1 
			11 10
			-0.994845 -0.0912216 0.0442967 -37.2146 -0.0915731 0.99578 -0.00596753 -7.37347 -0.0435654 -0.00999316 -0.999001 -144.37 0 0 0 1 
			12 11
			-0.994845 -0.0912216 0.0442967 -64.9763 0.0434925 0.0107861 0.998995 144.365 -0.0916078 0.995772 -0.00676301 -7.48842 0 0 0 1 
			13 4
			1.34309e-06 -5.95475e-08 -1 -149.889 -1.40269e-06 -1 5.95456e-08 7.93768e-06 -1 1.40269e-06 -1.34309e-06 -0.000201315 0 0 0 1 
			14 13
			1 -0 0 0 0 1 0 0 -0 -0 1 -0 0 0 0 1 
			15 2
			1.37369e-06 -0.0998334 0.995004 80.3979 0 -0.995004 -0.0998334 -8.06668 1 1.3714e-07 -1.36683e-06 -8.2648 0 0 0 1 
			16 15
			1.37369e-06 0.0998334 0.995004 45.0607 0 -0.995004 0.0998334 0.903508 1 -1.3714e-07 -1.36683e-06 -8.2648 0 0 0 1 
			17 16
			1.3716e-06 -6.00745e-14 1 9.05003 0 -1 -6.00745e-14 1.19116e-05 1 8.23984e-20 -1.3716e-06 -8.2648 0 0 0 1 
			18 17
			1.3723e-06 -1 -6.00133e-14 -12.2319 0 6.00133e-14 -1 -0.75718 1 1.3723e-06 8.23562e-20 -8.2648 0 0 0 1 
			19 18
			1 -0 0 0 0 1 0 0 -0 -0 1 -0 0 0 0 1 
			20 2
			1.37369e-06 -0.0998334 0.995004 80.3979 0 -0.995004 -0.0998334 -8.06668 1 1.3714e-07 -1.36683e-06 8.26481 0 0 0 1 
			21 20
			1.37369e-06 0.0998334 0.995004 45.0607 0 -0.995004 0.0998334 0.903507 1 -1.3714e-07 -1.36683e-06 8.26481 0 0 0 1 
			22 21
			1.3716e-06 -6.00745e-14 1 9.05003 0 -1 -6.00745e-14 1.19116e-05 1 8.23984e-20 -1.3716e-06 8.26481 0 0 0 1 
			23 22
			1.3723e-06 -1 5.98908e-14 -12.2319 0 -5.98908e-14 -1 -0.75718 1 1.3723e-06 -8.21882e-20 8.26481 0 0 0 1 
			24 23
			1 -0 0 0 0 1 0 0 -0 -0 1 -0 0 0 0 1 
	</skeleton>
		<animations>
			33
			0
				-1
				1.33158e-06 1 0 4.42778e-08 -1 1.33158e-06 0 1.01295 -0 -0 1 -80.0609 0 0 0 1 
				0
				1.46474e-06 1 0 2.49389e-08 -1 1.46474e-06 0 0.57053 -0 -0 1 -77.3316 0 0 0 1 
				1
				1.33158e-06 1 0 4.61849e-09 -1 1.33158e-06 0 0.105655 -0 -0 1 -73.6378 0 0 0 1 
				2
				1.33158e-06 1 0 -1.60907e-08 -1 1.33158e-06 0 -0.368116 -0 -0 1 -69.5621 0 0 0 1 
				3
				1.33158e-06 1 0 -3.65961e-08 -1 1.33158e-06 0 -0.837225 -0 -0 1 -65.6865 0 0 0 1 
				4
				1.33158e-06 1 0 -5.63239e-08 -1 1.33158e-06 0 -1.28854 -0 -0 1 -62.5751 0 0 0 1 
				5
				1.33158e-06 1 0 -7.47002e-08 -1 1.33158e-06 0 -1.70894 -0 -0 1 -60.7917 0 0 0 1 
				6
				1.33158e-06 1 0 -9.11324e-08 -1 1.33158e-06 0 -2.08487 -0 -0 1 -60.9188 0 0 0 1 
				7
				1.33158e-06 1 0 -1.05028e-07 -1 1.33158e-06 0 -2.40276 -0 -0 1 -63.5385 0 0 0 1 
				8
				1.33158e-06 1 0 -1.081e-07 -1 1.33158e-06 0 -2.47305 -0 -0 1 -75.6101 0 0 0 1 
				9
				1.33158e-06 1 0 -1.00507e-07 -1 1.33158e-06 0 -2.29933 -0 -0 1 -97.3217 0 0 0 1 
				10
				1.33158e-06 1 0 -9.51741e-08 -1 1.33158e-06 0 -2.17733 -0 -0 1 -118.416 0 0 0 1 
				11
				1.33158e-06 1 0 -1.05028e-07 -1 1.33158e-06 0 -2.40277 -0 -0 1 -128.635 0 0 0 1 
				12
				1.33158e-06 1 0 -1.43775e-07 -1 1.33158e-06 0 -3.2892 -0 -0 1 -121.408 0 0 0 1 
				13
				1.33158e-06 1 0 -2.01708e-07 -1 1.33158e-06 0 -4.61454 -0 -0 1 -103.189 0 0 0 1 
				14
				1.33158e-06 1 0 -2.5427e-07 -1 1.33158e-06 0 -5.81702 -0 -0 1 -84.5761 0 0 0 1 
				15
				1.33158e-06 1 0 -2.76903e-07 -1 1.33158e-06 0 -6.33482 -0 -0 1 -76.1652 0 0 0 1 
				16
				1.33158e-06 1 0 -2.5427e-07 -1 1.33158e-06 0 -5.81702 -0 -0 1 -84.176 0 0 0 1 
				17
				1.33158e-06 1 0 -2.01708e-07 -1 1.33158e-06 0 -4.61454 -0 -0 1 -102.105 0 0 0 1 
				18
				1.33158e-06 1 0 -1.43775e-07 -1 1.33158e-06 0 -3.2892 -0 -0 1 -120.182 0 0 0 1 
				19
				1.33158e-06 1 0 -1.05028e-07 -1 1.33158e-06 0 -2.40277 -0 -0 1 -128.635 0 0 0 1 
				20
				1.33158e-06 1 0 -9.60088e-08 -1 1.33158e-06 0 -2.19643 -0 -0 1 -122.599 0 0 0 1 
				21
				1.33158e-06 1 0 -1.02769e-07 -1 1.33158e-06 0 -2.35109 -0 -0 1 -107.818 0 0 0 1 
				22
				1.33158e-06 1 0 -1.10659e-07 -1 1.33158e-06 0 -2.53158 -0 -0 1 -91.5087 0 0 0 1 
				23
				1.33158e-06 1 0 -1.05028e-07 -1 1.33158e-06 0 -2.40277 -0 -0 1 -80.8896 0 0 0 1 
				24
				1.33158e-06 1 0 -8.07872e-08 -1 1.33158e-06 0 -1.8482 -0 -0 1 -77.3434 0 0 0 1 
				25
				1.33158e-06 1 0 -4.63912e-08 -1 1.33158e-06 0 -1.06131 -0 -0 1 -76.8717 0 0 0 1 
				26
				1.33158e-06 1 0 -8.8729e-09 -1 1.33158e-06 0 -0.202993 -0 -0 1 -78.0783 0 0 0 1 
				27
				1.33158e-06 1 0 2.47349e-08 -1 1.33158e-06 0 0.565864 -0 -0 1 -79.5665 0 0 0 1 
				28
				1.33158e-06 1 0 4.73798e-08 -1 1.33158e-06 0 1.08392 -0 -0 1 -80.0861 0 0 0 1 
				29
				1.33158e-06 1 0 5.30262e-08 -1 1.33158e-06 0 1.21309 -0 -0 1 -80.0123 0 0 0 1 
				30
				1.33158e-06 1 0 4.82e-08 -1 1.33158e-06 0 1.10268 -0 -0 1 -80.0391 0 0 0 1 
				31
				1.33158e-06 1 0 4.42778e-08 -1 1.33158e-06 0 1.01295 -0 -0 1 -80.0609 0 0 0 1 
		</Joint>
			1
				-1
				1.33158e-06 2.66316e-06 -1 4.42778e-08 0 -1 -2.66316e-06 1.01295 -1 3.54621e-12 -1.33158e-06 -80.0609 0 0 0 1 
				0
				1.33158e-06 2.79632e-06 -1 2.49389e-08 0 -1 -2.79632e-06 0.57053 -1 3.72352e-12 -1.33158e-06 -77.3316 0 0 0 1 
				1
				1.33158e-06 2.66316e-06 -1 4.61849e-09 0 -1 -2.66316e-06 0.105655 -1 3.54621e-12 -1.33158e-06 -73.6378 0 0 0 1 
				2
				1.33158e-06 2.66316e-06 -1 -1.60907e-08 0 -1 -2.66316e-06 -0.368116 -1 3.54621e-12 -1.33158e-06 -69.5621 0 0 0 1 
				3
				1.33158e-06 2.66316e-06 -1 -3.65961e-08 0 -1 -2.66316e-06 -0.837225 -1 3.54621e-12 -1.33158e-06 -65.6865 0 0 0 1 
				4
				1.33158e-06 2.66316e-06 -1 -5.63239e-08 0 -1 -2.66316e-06 -1.28854 -1 3.54621e-12 -1.33158e-06 -62.5751 0 0 0 1 
				5
				1.33158e-06 2.66316e-06 -1 -7.47002e-08 0 -1 -2.66316e-06 -1.70894 -1 3.54621e-12 -1.33158e-06 -60.7917 0 0 0 1 
				6
				1.33158e-06 2.66316e-06 -1 -9.11324e-08 0 -1 -2.66316e-06 -2.08487 -1 3.54621e-12 -1.33158e-06 -60.9188 0 0 0 1 
				7
				1.33158e-06 2.66316e-06 -1 -1.05028e-07 0 -1 -2.66316e-06 -2.40276 -1 3.54621e-12 -1.33158e-06 -63.5385 0 0 0 1 
				8
				1.33158e-06 2.66316e-06 -1 -1.081e-07 0 -1 -2.66316e-06 -2.47305 -1 3.54621e-12 -1.33158e-06 -75.6101 0 0 0 1 
				9
				1.33158e-06 2.66316e-06 -1 -1.00507e-07 0 -1 -2.66316e-06 -2.29933 -1 3.54621e-12 -1.33158e-06 -97.3217 0 0 0 1 
				10
				1.33158e-06 2.66316e-06 -1 -9.51741e-08 0 -1 -2.66316e-06 -2.17733 -1 3.54621e-12 -1.33158e-06 -118.416 0 0 0 1 
				11
				1.33158e-06 2.66316e-06 -1 -1.05028e-07 0 -1 -2.66316e-06 -2.40277 -1 3.54621e-12 -1.33158e-06 -128.635 0 0 0 1 
				12
				1.33158e-06 2.66316e-06 -1 -1.43775e-07 0 -1 -2.66316e-06 -3.2892 -1 3.54621e-12 -1.33158e-06 -121.408 0 0 0 1 
				13
				1.33158e-06 2.66316e-06 -1 -2.01708e-07 0 -1 -2.66316e-06 -4.61454 -1 3.54621e-12 -1.33158e-06 -103.189 0 0 0 1 
				14
				1.33158e-06 2.66316e-06 -1 -2.5427e-07 0 -1 -2.66316e-06 -5.81702 -1 3.54621e-12 -1.33158e-06 -84.5761 0 0 0 1 
				15
				1.33158e-06 2.66316e-06 -1 -2.76903e-07 0 -1 -2.66316e-06 -6.33482 -1 3.54621e-12 -1.33158e-06 -76.1652 0 0 0 1 
				16
				1.33158e-06 2.66316e-06 -1 -2.5427e-07 0 -1 -2.66316e-06 -5.81702 -1 3.54621e-12 -1.33158e-06 -84.176 0 0 0 1 
				17
				1.33158e-06 2.66316e-06 -1 -2.01708e-07 0 -1 -2.66316e-06 -4.61454 -1 3.54621e-12 -1.33158e-06 -102.105 0 0 0 1 
				18
				1.33158e-06 2.66316e-06 -1 -1.43775e-07 0 -1 -2.66316e-06 -3.2892 -1 3.54621e-12 -1.33158e-06 -120.182 0 0 0 1 
				19
				1.33158e-06 2.66316e-06 -1 -1.05028e-07 0 -1 -2.66316e-06 -2.40277 -1 3.54621e-12 -1.33158e-06 -128.635 0 0 0 1 
				20
				1.33158e-06 2.66316e-06 -1 -9.60088e-08 0 -1 -2.66316e-06 -2.19643 -1 3.54621e-12 -1.33158e-06 -122.599 0 0 0 1 
				21
				1.33158e-06 2.66316e-06 -1 -1.02769e-07 0 -1 -2.66316e-06 -2.35109 -1 3.54621e-12 -1.33158e-06 -107.818 0 0 0 1 
				22
				1.33158e-06 2.66316e-06 -1 -1.10659e-07 0 -1 -2.66316e-06 -2.53158 -1 3.54621e-12 -1.33158e-06 -91.5087 0 0 0 1 
				23
				1.33158e-06 2.66316e-06 -1 -1.05028e-07 0 -1 -2.66316e-06 -2.40277 -1 3.54621e-12 -1.33158e-06 -80.8896 0 0 0 1 
				24
				1.33158e-06 2.66316e-06 -1 -8.07872e-08 0 -1 -2.66316e-06 -1.8482 -1 3.54621e-12 -1.33158e-06 -77.3434 0 0 0 1 
				25
				1.33158e-06 2.66316e-06 -1 -4.63912e-08 0 -1 -2.66316e-06 -1.06131 -1 3.54621e-12 -1.33158e-06 -76.8717 0 0 0 1 
				26
				1.33158e-06 2.66316e-06 -1 -8.8729e-09 0 -1 -2.66316e-06 -0.202993 -1 3.54621e-12 -1.33158e-06 -78.0783 0 0 0 1 
				27
				1.33158e-06 2.66316e-06 -1 2.47349e-08 0 -1 -2.66316e-06 0.565864 -1 3.54621e-12 -1.33158e-06 -79.5665 0 0 0 1 
				28
				1.33158e-06 2.66316e-06 -1 4.73798e-08 0 -1 -2.66316e-06 1.08392 -1 3.54621e-12 -1.33158e-06 -80.0861 0 0 0 1 
				29
				1.33158e-06 2.66316e-06 -1 5.30262e-08 0 -1 -2.66316e-06 1.21309 -1 3.54621e-12 -1.33158e-06 -80.0123 0 0 0 1 
				30
				1.33158e-06 2.66316e-06 -1 4.82e-08 0 -1 -2.66316e-06 1.10268 -1 3.54621e-12 -1.33158e-06 -80.0391 0 0 0 1 
				31
				1.33158e-06 2.66316e-06 -1 4.42778e-08 0 -1 -2.66316e-06 1.01295 -1 3.54621e-12 -1.33158e-06 -80.0609 0 0 0 1 
		</Joint>
			2
				-1
				-0.000201531 1.21675e-06 -1 1.29067e-05 -0.0132476 -0.999912 1.45316e-06 1.0343 -0.999912 0.0132476 0.00020153 -89.3961 0 0 0 1 
				0
				-0.000201105 1.08892e-05 -1 1.26803e-05 -0.0605873 -0.998163 1.31524e-06 0.591841 -0.998163 0.0605873 0.000201396 -86.6678 0 0 0 1 
				1
				-0.000200086 2.16335e-05 -1 1.24305e-05 -0.114581 -0.993414 1.43504e-06 0.126865 -0.993414 0.114581 0.000201247 -82.9752 0 0 0 1 
				2
				-0.000198374 3.29762e-05 -1 1.21678e-05 -0.170906 -0.985287 1.41232e-06 -0.347079 -0.985287 0.170906 0.000201091 -78.9006 0 0 0 1 
				3
				-0.000196087 4.39248e-05 -1 1.19132e-05 -0.225296 -0.97429 1.3821e-06 -0.816422 -0.97429 0.225296 0.000200941 -75.0262 0 0 0 1 
				4
				-0.000193505 5.3683e-05 -1 1.1685e-05 -0.273789 -0.96179 1.34772e-06 -1.26801 -0.96179 0.273789 0.000200809 -71.9158 0 0 0 1 
				5
				-0.000191047 6.15043e-05 -1 1.14994e-05 -0.312672 -0.949861 1.31453e-06 -1.68866 -0.949861 0.312672 0.000200699 -70.1333 0 0 0 1 
				6
				-0.000189232 6.66646e-05 -1 1.13729e-05 -0.338331 -0.941027 1.28988e-06 -2.06478 -0.941027 0.338331 0.000200627 -70.2609 0 0 0 1 
				7
				-0.000188566 6.84553e-05 -1 1.13203e-05 -0.347235 -0.937778 1.28083e-06 -2.38274 -0.937778 0.347235 0.000200603 -72.8808 0 0 0 1 
				8
				-0.000191755 5.92486e-05 -1 1.15147e-05 -0.301512 -0.953462 1.32529e-06 -2.45269 -0.953462 0.301512 0.000200696 -84.9514 0 0 0 1 
				9
				-0.000197398 3.77915e-05 -1 1.19807e-05 -0.194875 -0.980828 1.40102e-06 -2.2784 -0.980828 0.194875 0.000200979 -106.661 0 0 0 1 
				10
				-0.000200811 1.42385e-05 -1 1.2489e-05 -0.0778819 -0.996963 1.44431e-06 -2.15605 -0.996963 0.0778819 0.00020131 -127.752 0 0 0 1 
				11
				-0.000201556 -3.33693e-07 -1 1.27901e-05 -0.00555516 -0.999985 1.45336e-06 -2.38142 -0.999985 0.00555516 0.000201551 -137.97 0 0 0 1 
				12
				-0.000201564 -1.34173e-06 -1 1.27728e-05 -0.000553728 -1 1.45334e-06 -3.26785 -1 0.000553728 0.000201563 -130.743 0 0 0 1 
				13
				-0.000201407 5.1612e-06 -1 1.25763e-05 -0.0328201 -0.999461 1.45175e-06 -4.59321 -0.999461 0.0328201 0.000201467 -112.525 0 0 0 1 
				14
				-0.000200922 1.33001e-05 -1 1.23499e-05 -0.0732138 -0.997316 1.44595e-06 -5.79572 -0.997316 0.0732138 0.000201357 -93.9126 0 0 0 1 
				15
				-0.000200576 1.72238e-05 -1 1.22432e-05 -0.0926884 -0.995695 1.44146e-06 -6.31356 -0.995695 0.0926884 0.000201309 -85.502 0 0 0 1 
				16
				-0.000200791 1.49173e-05 -1 1.23156e-05 -0.0812401 -0.996695 1.44424e-06 -5.79574 -0.996695 0.0812401 0.000201339 -93.5126 0 0 0 1 
				17
				-0.000201191 9.5531e-06 -1 1.24821e-05 -0.0546154 -0.998507 1.44927e-06 -4.59323 -0.998507 0.0546154 0.000201412 -111.441 0 0 0 1 
				18
				-0.000201467 3.63077e-06 -1 1.26664e-05 -0.0252257 -0.999682 1.45251e-06 -3.26786 -0.999682 0.0252256 0.000201494 -129.517 0 0 0 1 
				19
				-0.000201556 -3.33693e-07 -1 1.27901e-05 -0.00555516 -0.999985 1.45336e-06 -2.38142 -0.999985 0.00555516 0.000201551 -137.97 0 0 0 1 
				20
				-0.000201568 -1.60956e-06 -1 1.28268e-05 0.000774702 -1 1.45341e-06 -2.17508 -1 -0.000774701 0.000201569 -131.934 0 0 0 1 
				21
				-0.000201567 -1.52114e-06 -1 1.28175e-05 0.000336016 -1 1.45341e-06 -2.32974 -1 -0.000336016 0.000201567 -117.153 0 0 0 1 
				22
				-0.000201561 -8.38982e-07 -1 1.27955e-05 -0.00304828 -0.999995 1.45339e-06 -2.51023 -0.999995 0.00304828 0.000201558 -100.844 0 0 0 1 
				23
				-0.000201556 -3.33693e-07 -1 1.27901e-05 -0.00555516 -0.999985 1.45336e-06 -2.38142 -0.999985 0.00555516 0.000201551 -90.2247 0 0 0 1 
				24
				-0.000201553 -1.02997e-07 -1 1.28093e-05 -0.00669972 -0.999978 1.45334e-06 -1.82685 -0.999978 0.00669972 0.000201548 -86.6784 0 0 0 1 
				25
				-0.000201548 2.12425e-07 -1 1.28373e-05 -0.00826466 -0.999966 1.45331e-06 -1.03996 -0.999966 0.00826466 0.000201543 -86.2068 0 0 0 1 
				26
				-0.000201543 5.73724e-07 -1 1.28666e-05 -0.0100572 -0.999949 1.45327e-06 -0.181644 -0.999949 0.0100572 0.000201538 -87.4134 0 0 0 1 
				27
				-0.000201536 9.42045e-07 -1 1.28932e-05 -0.0118847 -0.999929 1.45321e-06 0.587212 -0.999929 0.0118847 0.000201533 -88.9017 0 0 0 1 
				28
				-0.000201531 1.23607e-06 -1 1.29094e-05 -0.0133435 -0.999911 1.45316e-06 1.10527 -0.999911 0.0133435 0.000201529 -89.4213 0 0 0 1 
				29
				-0.000201531 1.21675e-06 -1 1.29155e-05 -0.0132476 -0.999912 1.45316e-06 1.23444 -0.999912 0.0132476 0.00020153 -89.3475 0 0 0 1 
				30
				-0.000201531 1.21675e-06 -1 1.29107e-05 -0.0132476 -0.999912 1.45316e-06 1.12403 -0.999912 0.0132476 0.00020153 -89.3743 0 0 0 1 
				31
				-0.000201531 1.21675e-06 -1 1.29067e-05 -0.0132476 -0.999912 1.45316e-06 1.0343 -0.999912 0.0132476 0.00020153 -89.3961 0 0 0 1 
		</Joint>
			3
				-1
				-0.000413847 6.56914e-06 -1 -0.00539485 -0.0256174 -0.999672 4.03469e-06 0.700196 -0.999672 0.0256174 0.000413879 -116.227 0 0 0 1 
				0
				-0.000411935 3.57876e-05 -1 -0.00538428 -0.120083 -0.992764 1.39376e-05 -1.01265 -0.992764 0.120083 0.000413251 -113.453 0 0 0 1 
				1
				-0.000407006 6.86094e-05 -1 -0.00535788 -0.2268 -0.973941 2.54877e-05 -2.92682 -0.973941 0.2268 0.000411961 -109.636 0 0 0 1 
				2
				-0.000398671 0.000102533 -1 -0.00531292 -0.335959 -0.941877 3.73637e-05 -4.91279 -0.941876 0.335959 0.000409946 -105.345 0 0 0 1 
				3
				-0.000387532 0.000134641 -1 -0.0052525 -0.438221 -0.898867 4.88001e-05 -6.84246 -0.898867 0.438221 0.000407342 -101.178 0 0 0 1 
				4
				-0.00037502 0.000162553 -1 -0.00518404 -0.525911 -0.85054 5.89699e-05 -8.59626 -0.85054 0.525911 0.000404458 -97.7342 0 0 0 1 
				5
				-0.000363212 0.00018433 -1 -0.00511875 -0.593285 -0.804993 6.71043e-05 -10.0612 -0.804993 0.593285 0.000401743 -95.6331 0 0 0 1 
				6
				-0.00035455 0.000198361 -1 -0.00507047 -0.636083 -0.771621 7.24632e-05 -11.1265 -0.771621 0.636083 0.000399752 -95.5245 0 0 0 1 
				7
				-0.000351384 0.000203162 -1 -0.00505276 -0.650594 -0.759426 7.43216e-05 -11.6837 -0.759426 0.650594 0.000399026 -98.0575 0 0 0 1 
				8
				-0.000366701 0.000178107 -1 -0.0051376 -0.574245 -0.818684 6.47625e-05 -10.5255 -0.818684 0.574244 0.000402489 -110.547 0 0 0 1 
				9
				-0.000394048 0.000116744 -1 -0.00528725 -0.381468 -0.924382 4.24008e-05 -7.48762 -0.924382 0.381468 0.000408785 -132.987 0 0 0 1 
				10
				-0.000410614 4.62363e-05 -1 -0.00537681 -0.154425 -0.988005 1.77275e-05 -4.22471 -0.988005 0.154425 0.000412829 -154.507 0 0 0 1 
				11
				-0.000413938 1.83492e-06 -1 -0.00539553 -0.0102343 -0.999948 2.40156e-06 -2.50911 -0.999948 0.0102343 0.000413935 -164.803 0 0 0 1 
				12
				-0.000413963 -1.24342e-06 -1 -0.00539571 -0.000231586 -1 1.33929e-06 -3.26134 -1 0.000231587 0.000413963 -157.575 0 0 0 1 
				13
				-0.000413326 1.86073e-05 -1 -0.0053921 -0.0647308 -0.997903 8.18664e-06 -5.45253 -0.997903 0.0647308 0.000413663 -139.344 0 0 0 1 
				14
				-0.000411053 4.33882e-05 -1 -0.00537987 -0.145168 -0.989407 1.67432e-05 -7.73909 -0.989407 0.145168 0.000412997 -120.676 0 0 0 1 
				15
				-0.000409374 5.52878e-05 -1 -0.00537094 -0.183718 -0.982979 2.08626e-05 -8.77961 -0.982979 0.183718 0.000412563 -112.223 0 0 0 1 
				16
				-0.000410412 4.8298e-05 -1 -0.00537648 -0.161079 -0.986942 1.84413e-05 -7.95452 -0.986942 0.161079 0.000412832 -120.26 0 0 0 1 
				17
				-0.000412315 3.1993e-05 -1 -0.00538669 -0.108197 -0.994129 1.28061e-05 -6.03745 -0.994129 0.108197 0.000413356 -138.236 0 0 0 1 
				18
				-0.000413579 1.3938e-05 -1 -0.00539352 -0.0495605 -0.998771 6.57629e-06 -3.92338 -0.998771 0.0495605 0.000413762 -156.342 0 0 0 1 
				19
				-0.000413938 1.83492e-06 -1 -0.00539553 -0.0102343 -0.999948 2.40156e-06 -2.50911 -0.999948 0.0102343 0.000413935 -164.803 0 0 0 1 
				20
				-0.000413969 -2.06122e-06 -1 -0.00539573 0.00242527 -0.999997 1.05723e-06 -2.13293 -0.999997 -0.00242527 0.000413973 -158.766 0 0 0 1 
				21
				-0.000413968 -1.7912e-06 -1 -0.00539572 0.0015479 -0.999999 1.15042e-06 -2.29936 -0.999999 -0.0015479 0.00041397 -143.985 0 0 0 1 
				22
				-0.000413955 2.91925e-07 -1 -0.00539564 -0.00522068 -0.999986 1.86921e-06 -2.57066 -0.999986 0.00522068 0.000413951 -127.676 0 0 0 1 
				23
				-0.000413938 1.83492e-06 -1 -0.00539553 -0.0102343 -0.999948 2.40156e-06 -2.50911 -0.999948 0.0102343 0.000413935 -117.057 0 0 0 1 
				24
				-0.000413929 2.53938e-06 -1 -0.00539545 -0.0125234 -0.999922 2.6446e-06 -1.98526 -0.999922 0.0125234 0.000413928 -113.51 0 0 0 1 
				25
				-0.000413913 3.50255e-06 -1 -0.00539533 -0.015653 -0.999878 2.97687e-06 -1.24036 -0.999877 0.015653 0.000413917 -113.039 0 0 0 1 
				26
				-0.000413892 4.60577e-06 -1 -0.00539517 -0.0192378 -0.999815 3.35744e-06 -0.430142 -0.999815 0.0192378 0.000413904 -114.245 0 0 0 1 
				27
				-0.000413867 5.73039e-06 -1 -0.00539499 -0.022892 -0.999738 3.74538e-06 0.289679 -0.999738 0.022892 0.00041389 -115.733 0 0 0 1 
				28
				-0.000413845 6.62811e-06 -1 -0.00539484 -0.025809 -0.999667 4.05503e-06 0.768588 -0.999667 0.025809 0.000413879 -116.252 0 0 0 1 
				29
				-0.000413847 6.56914e-06 -1 -0.00539485 -0.0256174 -0.999672 4.03469e-06 0.900336 -0.999672 0.0256174 0.000413879 -116.178 0 0 0 1 
				30
				-0.000413847 6.56914e-06 -1 -0.00539485 -0.0256174 -0.999672 4.03469e-06 0.789926 -0.999672 0.0256174 0.000413879 -116.205 0 0 0 1 
				31
				-0.000413847 6.56914e-06 -1 -0.00539485 -0.0256174 -0.999672 4.03469e-06 0.700196 -0.999672 0.0256174 0.000413879 -116.227 0 0 0 1 
		</Joint>
			4
				-1
				-0.000413847 6.56914e-06 -1 -0.0164994 -0.0256174 -0.999672 4.03469e-06 0.0176659 -0.999672 0.0256174 0.000413879 -143.05 0 0 0 1 
				0
				-0.000411935 3.57876e-05 -1 -0.0164377 -0.120083 -0.992764 1.39376e-05 -4.22994 -0.992764 0.120083 0.000413251 -140.092 0 0 0 1 
				1
				-0.000407006 6.86094e-05 -1 -0.0162792 -0.2268 -0.973941 2.54877e-05 -9.0077 -0.973941 0.2268 0.000411961 -135.77 0 0 0 1 
				2
				-0.000398671 0.000102533 -1 -0.0160107 -0.335959 -0.941877 3.73637e-05 -13.9228 -0.941877 0.335959 0.000409946 -130.62 0 0 0 1 
				3
				-0.000387532 0.000134641 -1 -0.0156516 -0.438221 -0.898867 4.88001e-05 -18.5966 -0.898867 0.438221 0.000407342 -125.299 0 0 0 1 
				4
				-0.00037502 0.000162553 -1 -0.0152475 -0.525911 -0.85054 5.89699e-05 -22.7036 -0.850539 0.525911 0.000404458 -120.559 0 0 0 1 
				5
				-0.000363212 0.00018433 -1 -0.0148655 -0.593285 -0.804993 6.71043e-05 -25.9766 -0.804993 0.593285 0.000401743 -117.236 0 0 0 1 
				6
				-0.00035455 0.000198361 -1 -0.0145849 -0.636083 -0.771621 7.24633e-05 -28.1904 -0.771621 0.636083 0.000399752 -116.232 0 0 0 1 
				7
				-0.000351384 0.000203162 -1 -0.0144822 -0.650594 -0.759426 7.43215e-05 -29.137 -0.759426 0.650594 0.000399026 -118.438 0 0 0 1 
				8
				-0.000366701 0.000178107 -1 -0.0149779 -0.574244 -0.818684 6.47625e-05 -25.9299 -0.818684 0.574244 0.000402489 -132.517 0 0 0 1 
				9
				-0.000394048 0.000116744 -1 -0.0158611 -0.381468 -0.924382 4.24008e-05 -17.7189 -0.924382 0.381468 0.000408785 -157.792 0 0 0 1 
				10
				-0.000410614 4.62363e-05 -1 -0.0163948 -0.154425 -0.988005 1.77275e-05 -8.36352 -0.988005 0.154425 0.000412829 -181.018 0 0 0 1 
				11
				-0.000413938 1.83492e-06 -1 -0.0165025 -0.0102343 -0.999948 2.40156e-06 -2.77888 -0.999948 0.0102343 0.000413936 -191.634 0 0 0 1 
				12
				-0.000413963 -1.24343e-06 -1 -0.0165033 -0.000231586 -1 1.33929e-06 -3.26271 -1 0.000231586 0.000413963 -184.408 0 0 0 1 
				13
				-0.000413326 1.86073e-05 -1 -0.0164827 -0.0647308 -0.997903 8.18664e-06 -7.18457 -0.997903 0.0647308 0.000413663 -166.121 0 0 0 1 
				14
				-0.000411053 4.33882e-05 -1 -0.0164096 -0.145168 -0.989407 1.67432e-05 -11.6295 -0.989407 0.145168 0.000412997 -147.225 0 0 0 1 
				15
				-0.000409374 5.52878e-05 -1 -0.0163557 -0.183718 -0.982979 2.08626e-05 -13.7044 -0.982979 0.183718 0.000412563 -138.599 0 0 0 1 
				16
				-0.000410412 4.8298e-05 -1 -0.0163891 -0.161079 -0.986942 1.84413e-05 -12.2719 -0.986942 0.161079 0.000412832 -146.743 0 0 0 1 
				17
				-0.000412315 3.1993e-05 -1 -0.0164503 -0.108197 -0.994129 1.28061e-05 -8.93582 -0.994129 0.108197 0.000413356 -164.911 0 0 0 1 
				18
				-0.000413579 1.3938e-05 -1 -0.0164909 -0.0495605 -0.998771 6.57629e-06 -5.24837 -0.998771 0.0495605 0.000413762 -183.142 0 0 0 1 
				19
				-0.000413938 1.83492e-06 -1 -0.0165025 -0.0102343 -0.999948 2.40156e-06 -2.77888 -0.999948 0.0102343 0.000413936 -191.634 0 0 0 1 
				20
				-0.000413969 -2.06122e-06 -1 -0.0165035 0.00242527 -0.999997 1.05723e-06 -2.06301 -0.999997 -0.00242527 0.000413973 -185.599 0 0 0 1 
				21
				-0.000413968 -1.7912e-06 -1 -0.0165035 0.0015479 -0.999999 1.15042e-06 -2.25298 -0.999999 -0.0015479 0.00041397 -170.817 0 0 0 1 
				22
				-0.000413955 2.91925e-07 -1 -0.0165031 -0.00522068 -0.999986 1.86921e-06 -2.70589 -0.999986 0.00522068 0.000413951 -154.508 0 0 0 1 
				23
				-0.000413938 1.83492e-06 -1 -0.0165025 -0.0102343 -0.999948 2.40156e-06 -2.77887 -0.999948 0.0102343 0.000413936 -143.888 0 0 0 1 
				24
				-0.000413929 2.53938e-06 -1 -0.0165022 -0.0125234 -0.999922 2.6446e-06 -2.31644 -0.999922 0.0125234 0.000413928 -140.341 0 0 0 1 
				25
				-0.000413913 3.50255e-06 -1 -0.0165016 -0.015653 -0.999878 2.97687e-06 -1.65552 -0.999877 0.015653 0.000413917 -139.868 0 0 0 1 
				26
				-0.000413892 4.60577e-06 -1 -0.0165009 -0.0192378 -0.999815 3.35744e-06 -0.94149 -0.999815 0.0192378 0.000413904 -141.072 0 0 0 1 
				27
				-0.000413867 5.73039e-06 -1 -0.0165001 -0.022892 -0.999738 3.74538e-06 -0.319723 -0.999738 0.022892 0.00041389 -142.558 0 0 0 1 
				28
				-0.000413845 6.62811e-06 -1 -0.0164994 -0.025809 -0.999667 4.05503e-06 0.0809163 -0.999667 0.025809 0.000413879 -143.075 0 0 0 1 
				29
				-0.000413847 6.56914e-06 -1 -0.0164994 -0.0256174 -0.999672 4.03469e-06 0.217806 -0.999672 0.0256174 0.000413879 -143.002 0 0 0 1 
				30
				-0.000413847 6.56914e-06 -1 -0.0164994 -0.0256174 -0.999672 4.03469e-06 0.107395 -0.999672 0.0256174 0.000413879 -143.029 0 0 0 1 
				31
				-0.000413847 6.56914e-06 -1 -0.0164994 -0.0256174 -0.999672 4.03469e-06 0.0176659 -0.999672 0.0256174 0.000413879 -143.05 0 0 0 1 
		</Joint>
			5
				-1
				1 -6.23737e-06 0.000416648 2.87618 -4.10633e-06 0.999692 0.0248214 0.0128164 -0.000416675 -0.0248214 0.999692 -143.051 0 0 0 1 
				0
				1 -3.54571e-05 0.00041476 2.87624 -1.42736e-05 0.992859 0.119292 -4.23479 -0.000416028 -0.119292 0.992859 -140.093 0 0 0 1 
				1
				1 -6.82831e-05 0.000409857 2.8764 -2.61219e-05 0.974122 0.226025 -9.01249 -0.000414684 -0.226025 0.974121 -135.77 0 0 0 1 
				2
				1 -0.000102213 0.000401549 2.87667 -3.83031e-05 0.942144 0.335209 -13.9275 -0.00041258 -0.335209 0.942144 -130.619 0 0 0 1 
				3
				1 -0.00013433 0.000390435 2.87703 -5.00255e-05 0.899216 0.437505 -18.6011 -0.000409855 -0.437505 0.899216 -125.298 0 0 0 1 
				4
				1 -0.000162252 0.000377946 2.87743 -6.04405e-05 0.850958 0.525233 -22.7079 -0.000406836 -0.525233 0.850958 -120.557 0 0 0 1 
				5
				1 -0.000184038 0.000366155 2.87781 -6.87633e-05 0.805465 0.592644 -25.9807 -0.000403994 -0.592644 0.805465 -117.234 0 0 0 1 
				6
				1 -0.000198077 0.000357504 2.87809 -7.4242e-05 0.772127 0.635468 -28.1944 -0.00040191 -0.635468 0.772127 -116.23 0 0 0 1 
				7
				1 -0.00020288 0.000354342 2.8782 -7.61408e-05 0.759944 0.649989 -29.1409 -0.00040115 -0.649989 0.759943 -118.436 0 0 0 1 
				8
				1 -0.000177813 0.000369639 2.8777 -6.63683e-05 0.819141 0.573592 -25.934 -0.000404778 -0.573592 0.819141 -132.516 0 0 0 1 
				9
				1 -0.000116428 0.000396937 2.87682 -4.34675e-05 0.924685 0.380732 -17.7234 -0.000411369 -0.380732 0.924685 -157.791 0 0 0 1 
				10
				1 -4.59071e-05 0.000413447 2.87628 -1.81594e-05 0.988127 0.153639 -8.36835 -0.000415592 -0.153639 0.988127 -181.018 0 0 0 1 
				11
				1 -1.50308e-06 0.000416736 2.87618 -2.43018e-06 0.999955 0.00943809 -2.78372 -0.000416732 -0.00943809 0.999955 -191.635 0 0 0 1 
				12
				1 1.57528e-06 0.000416758 2.87617 -1.33994e-06 1 -0.0005647 -3.26755 -0.000416759 0.000564699 1 -184.409 0 0 0 1 
				13
				1 -1.82759e-05 0.000416137 2.8762 -8.36765e-06 0.997954 0.0639361 -7.18943 -0.000416454 -0.0639361 0.997954 -166.122 0 0 0 1 
				14
				1 -4.30587e-05 0.000413884 2.87627 -1.71492e-05 0.989522 0.14438 -11.6343 -0.000415764 -0.14438 0.989522 -147.225 0 0 0 1 
				15
				1 -5.49596e-05 0.000412214 2.87632 -2.13763e-05 0.983125 0.182935 -13.7093 -0.000415312 -0.182935 0.983125 -138.6 0 0 0 1 
				16
				1 -4.79687e-05 0.000413246 2.87629 -1.8892e-05 0.98707 0.160293 -12.2767 -0.000415592 -0.160293 0.987069 -146.743 0 0 0 1 
				17
				1 -3.16625e-05 0.000415137 2.87623 -1.31086e-05 0.994215 0.107405 -8.94067 -0.000416136 -0.107405 0.994215 -164.912 0 0 0 1 
				18
				1 -1.36064e-05 0.000416387 2.87619 -6.71492e-06 0.99881 0.0487652 -5.25322 -0.000416555 -0.0487652 0.99881 -183.143 0 0 0 1 
				19
				1 -1.50308e-06 0.000416736 2.87618 -2.43018e-06 0.999955 0.00943809 -2.78372 -0.000416732 -0.00943809 0.999955 -191.635 0 0 0 1 
				20
				1 2.39309e-06 0.000416764 2.87617 -1.05045e-06 0.999995 -0.00322155 -2.06785 -0.000416769 0.00322155 0.999995 -185.6 0 0 0 1 
				21
				1 2.12306e-06 0.000416763 2.87617 -1.14609e-06 0.999997 -0.00234418 -2.25782 -0.000416766 0.00234418 0.999997 -170.819 0 0 0 1 
				22
				1 3.99281e-08 0.000416752 2.87617 -1.8838e-06 0.99999 0.0044244 -2.71074 -0.000416747 -0.0044244 0.99999 -154.509 0 0 0 1 
				23
				1 -1.50308e-06 0.000416736 2.87618 -2.43018e-06 0.999955 0.00943809 -2.78372 -0.000416732 -0.00943809 0.999955 -143.889 0 0 0 1 
				24
				1 -2.20755e-06 0.000416727 2.87618 -2.67962e-06 0.999931 0.0117271 -2.32129 -0.000416724 -0.0117271 0.999931 -140.342 0 0 0 1 
				25
				1 -3.17073e-06 0.000416712 2.87618 -3.02064e-06 0.99989 0.0148568 -1.66037 -0.000416713 -0.0148568 0.999889 -139.869 0 0 0 1 
				26
				1 -4.27396e-06 0.000416692 2.87618 -3.41123e-06 0.99983 0.0184416 -0.946339 -0.0004167 -0.0184416 0.99983 -141.073 0 0 0 1 
				27
				1 -5.39861e-06 0.000416668 2.87618 -3.80939e-06 0.999756 0.0220959 -0.324573 -0.000416686 -0.0220959 0.999756 -142.559 0 0 0 1 
				28
				1 -6.29634e-06 0.000416647 2.87618 -4.1272e-06 0.999687 0.025013 0.0760666 -0.000416674 -0.025013 0.999687 -143.076 0 0 0 1 
				29
				1 -6.23737e-06 0.000416648 2.87618 -4.10633e-06 0.999692 0.0248214 0.212956 -0.000416675 -0.0248214 0.999692 -143.003 0 0 0 1 
				30
				1 -6.23737e-06 0.000416648 2.87618 -4.10633e-06 0.999692 0.0248214 0.102545 -0.000416675 -0.0248214 0.999692 -143.03 0 0 0 1 
				31
				1 -6.23737e-06 0.000416648 2.87618 -4.10633e-06 0.999692 0.0248214 0.0128164 -0.000416675 -0.0248214 0.999692 -143.051 0 0 0 1 
		</Joint>
			6
				-1
				0.290168 0.035351 -0.956323 16.3477 -0.100748 0.994893 0.00620771 0.0127616 0.951658 0.0945462 0.292248 -143.057 0 0 0 1 
				0
				0.27192 0.0362121 -0.961638 16.3477 -0.0948716 0.995432 0.010658 -4.23498 0.957632 0.0883341 0.274113 -140.098 0 0 0 1 
				1
				0.226718 0.0386259 -0.973194 16.3479 -0.0796632 0.996601 0.0209964 -9.01284 0.970697 0.0727675 0.229024 -135.776 0 0 0 1 
				2
				0.170265 0.0426188 -0.984476 16.3482 -0.0602429 0.997646 0.0327699 -13.928 0.983555 0.0537282 0.172431 -130.625 0 0 0 1 
				3
				0.118817 0.0470717 -0.9918 16.3485 -0.0421147 0.998216 0.0423308 -18.6018 0.992023 0.0367397 0.120588 -125.304 0 0 0 1 
				4
				0.0889056 0.0499928 -0.994785 16.3489 -0.0314032 0.998384 0.0473671 -22.7087 0.995545 0.0270282 0.0903319 -120.563 0 0 0 1 
				5
				0.0970588 0.0492112 -0.994062 16.3493 -0.0342616 0.99835 0.0460782 -25.9816 0.994689 0.0295859 0.0985848 -117.24 0 0 0 1 
				6
				0.159408 0.0434295 -0.986257 16.3496 -0.0561852 0.997812 0.0348571 -28.1954 0.985613 0.0498566 0.1615 -116.236 0 0 0 1 
				7
				0.290166 0.0353518 -0.956323 16.3497 -0.100748 0.994893 0.00620871 -29.1419 0.951658 0.0945463 0.292246 -118.441 0 0 0 1 
				8
				0.619932 0.0474815 -0.783217 16.3492 -0.203899 0.973625 -0.102365 -25.9349 0.7577 0.223157 0.613264 -132.521 0 0 0 1 
				9
				0.949337 0.161906 -0.269344 16.3483 -0.249719 0.908977 -0.333768 -17.724 0.190788 0.384118 0.903356 -157.797 0 0 0 1 
				10
				0.871316 0.356551 0.337166 16.3478 -0.129992 0.830237 -0.542041 -8.3686 -0.473193 0.42846 0.769747 -181.024 0 0 0 1 
				11
				0.588315 0.486109 0.646207 16.3477 0.0223417 0.789059 -0.613911 -2.78376 -0.808323 0.37561 0.453355 -191.64 0 0 0 1 
				12
				0.46229 0.523873 0.715434 16.3477 0.078828 0.779349 -0.621612 -3.26757 -0.883218 0.343761 0.318989 -184.415 0 0 0 1 
				13
				0.477422 0.519978 0.708301 16.3477 0.0722453 0.780143 -0.621415 -7.18954 -0.875699 0.347849 0.334892 -166.127 0 0 0 1 
				14
				0.548496 0.499082 0.670872 16.3478 0.0406712 0.785458 -0.617577 -11.6346 -0.835163 0.366024 0.410522 -147.231 0 0 0 1 
				15
				0.588316 0.486109 0.646206 16.3478 0.0223414 0.789059 -0.613911 -13.7095 -0.808323 0.375611 0.453356 -138.605 0 0 0 1 
				16
				0.588358 0.486091 0.646181 16.3478 0.0223292 0.789064 -0.613906 -12.2769 -0.808292 0.375625 0.453398 -146.749 0 0 0 1 
				17
				0.588374 0.486084 0.646172 16.3477 0.0223268 0.789064 -0.613905 -8.94085 -0.80828 0.375633 0.453412 -164.917 0 0 0 1 
				18
				0.588367 0.486087 0.646177 16.3477 0.0223352 0.789061 -0.613909 -5.25331 -0.808286 0.375636 0.453401 -183.148 0 0 0 1 
				19
				0.588315 0.486109 0.646207 16.3477 0.0223417 0.789059 -0.613911 -2.78376 -0.808323 0.37561 0.453355 -191.64 0 0 0 1 
				20
				0.552219 0.497699 0.668842 16.3477 0.039355 0.785802 -0.617225 -2.06786 -0.832769 0.367166 0.414348 -185.605 0 0 0 1 
				21
				0.487887 0.516766 0.703505 16.3477 0.0683763 0.780833 -0.620987 -2.25783 -0.870225 0.351075 0.345624 -170.824 0 0 0 1 
				22
				0.474027 0.520867 0.709926 16.3477 0.0733074 0.780122 -0.621318 -2.71077 -0.877453 0.346564 0.331615 -154.515 0 0 0 1 
				23
				0.588315 0.486109 0.646207 16.3477 0.0223417 0.789059 -0.613911 -2.78375 -0.808323 0.37561 0.453355 -143.895 0 0 0 1 
				24
				0.821601 0.385941 0.419549 16.3477 -0.0973891 0.820177 -0.563759 -2.32132 -0.561682 0.422326 0.711445 -140.348 0 0 0 1 
				25
				0.971985 0.234806 -0.0105622 16.3477 -0.216575 0.877249 -0.428403 -1.66041 -0.0913257 0.418689 0.903526 -139.875 0 0 0 1 
				26
				0.85895 0.0990164 -0.502395 16.3477 -0.246016 0.940272 -0.235299 -0.946384 0.44909 0.325707 0.832006 -141.079 0 0 0 1 
				27
				0.539679 0.0377449 -0.841024 16.3477 -0.176829 0.981791 -0.0694077 -0.324624 0.82309 0.186176 0.536527 -142.565 0 0 0 1 
				28
				0.248075 0.0373542 -0.96802 16.3477 -0.0866365 0.996108 0.0162357 0.0760115 0.964859 0.0798382 0.250345 -143.082 0 0 0 1 
				29
				0.17042 0.0425157 -0.984454 16.3477 -0.0597699 0.997675 0.0327398 0.2129 0.983557 0.0532612 0.172565 -143.009 0 0 0 1 
				30
				0.236724 0.0379633 -0.970835 16.3477 -0.0831919 0.996359 0.0186763 0.10249 0.968009 0.0763445 0.23902 -143.035 0 0 0 1 
				31
				0.290168 0.035351 -0.956323 16.3477 -0.100748 0.994893 0.00620771 0.0127616 0.951658 0.0945462 0.292248 -143.057 0 0 0 1 
		</Joint>
			7
				-1
				0.290168 0.035351 -0.956323 24.4033 -0.100748 0.994893 0.00620771 -2.78418 0.951658 0.0945462 0.292248 -116.637 0 0 0 1 
				0
				0.27192 0.0362122 -0.961638 23.8967 -0.0948722 0.995432 0.010658 -6.86879 0.957632 0.0883346 0.274113 -113.513 0 0 0 1 
				1
				0.226718 0.0386259 -0.973194 22.642 -0.0796632 0.996601 0.0209964 -11.2244 0.970697 0.0727675 0.229024 -108.827 0 0 0 1 
				2
				0.170265 0.0426188 -0.984476 21.075 -0.0602427 0.997646 0.0327699 -15.6005 0.983555 0.053728 0.172431 -103.32 0 0 0 1 
				3
				0.118817 0.0470717 -0.9918 19.6471 -0.0421147 0.998216 0.0423308 -19.771 0.992022 0.0367397 0.120588 -97.7634 0 0 0 1 
				4
				0.0889056 0.0499928 -0.994785 18.8171 -0.0314032 0.998384 0.0473671 -23.5805 0.995545 0.0270282 0.0903319 -92.9248 0 0 0 1 
				5
				0.0970588 0.0492112 -0.994062 19.0438 -0.0342616 0.99835 0.0460782 -26.9327 0.994689 0.0295859 0.0985848 -89.6253 0 0 0 1 
				6
				0.159408 0.0434295 -0.986257 20.775 -0.0561852 0.997812 0.0348571 -29.7552 0.985612 0.0498566 0.1615 -88.8732 0 0 0 1 
				7
				0.290166 0.0353518 -0.956323 24.4052 -0.100748 0.994893 0.00620871 -31.9388 0.951658 0.0945463 0.292246 -92.0216 0 0 0 1 
				8
				0.619933 0.0474814 -0.783217 33.5596 -0.203899 0.973625 -0.102365 -31.5955 0.7577 0.223156 0.613264 -111.486 0 0 0 1 
				9
				0.949337 0.161906 -0.269344 42.7036 -0.249719 0.908977 -0.333768 -24.6567 0.190788 0.384118 0.903356 -152.5 0 0 0 1 
				10
				0.871316 0.356551 0.337166 40.537 -0.129992 0.830237 -0.542041 -11.9774 -0.473193 0.42846 0.769748 -194.161 0 0 0 1 
				11
				0.588315 0.486109 0.646207 32.6803 0.0223417 0.789059 -0.613911 -2.16352 -0.808323 0.37561 0.453355 -214.081 0 0 0 1 
				12
				0.46229 0.523873 0.715434 29.1816 0.078828 0.779349 -0.621612 -1.07917 -0.883218 0.343761 0.318989 -208.934 0 0 0 1 
				13
				0.477423 0.519978 0.708301 29.6018 0.0722454 0.780143 -0.621415 -5.18389 -0.875699 0.347849 0.334892 -190.438 0 0 0 1 
				14
				0.548496 0.499082 0.670872 31.575 0.0406712 0.785458 -0.617577 -10.5055 -0.835163 0.366024 0.410522 -170.417 0 0 0 1 
				15
				0.588316 0.486109 0.646206 32.6805 0.0223414 0.789059 -0.613911 -13.0893 -0.808322 0.375611 0.453356 -161.046 0 0 0 1 
				16
				0.588358 0.486091 0.646181 32.6816 0.0223292 0.789064 -0.613906 -11.6571 -0.808292 0.375625 0.453398 -169.188 0 0 0 1 
				17
				0.588374 0.486084 0.646172 32.682 0.022327 0.789064 -0.613905 -8.32102 -0.80828 0.375633 0.453412 -187.357 0 0 0 1 
				18
				0.588367 0.486087 0.646177 32.6818 0.0223352 0.789061 -0.613909 -4.63324 -0.808286 0.375636 0.453401 -205.588 0 0 0 1 
				19
				0.588315 0.486109 0.646207 32.6803 0.0223417 0.789059 -0.613911 -2.16352 -0.808323 0.37561 0.453355 -214.081 0 0 0 1 
				20
				0.552219 0.497699 0.668842 31.6782 0.039355 0.785802 -0.617225 -0.975301 -0.832769 0.367166 0.414348 -208.725 0 0 0 1 
				21
				0.487887 0.516766 0.703505 29.8923 0.0683764 0.780833 -0.620987 -0.35959 -0.870225 0.351075 0.345624 -194.983 0 0 0 1 
				22
				0.474027 0.520867 0.709926 29.5075 0.0733074 0.780122 -0.621318 -0.675622 -0.877453 0.346564 0.331615 -178.875 0 0 0 1 
				23
				0.588315 0.486109 0.646207 32.6803 0.0223417 0.789059 -0.613911 -2.16351 -0.808323 0.37561 0.453355 -166.335 0 0 0 1 
				24
				0.821601 0.385941 0.419549 39.1568 -0.0973893 0.820177 -0.563759 -5.02501 -0.561682 0.422326 0.711445 -155.941 0 0 0 1 
				25
				0.971985 0.234806 -0.0105622 43.3317 -0.216575 0.877249 -0.428403 -7.67292 -0.0913258 0.418689 0.903526 -142.41 0 0 0 1 
				26
				0.85895 0.0990166 -0.502395 40.1936 -0.246016 0.940272 -0.235299 -7.77622 0.44909 0.325707 0.832006 -128.612 0 0 0 1 
				27
				0.539679 0.0377449 -0.841024 31.3301 -0.176829 0.981791 -0.0694077 -5.23371 0.82309 0.186176 0.536527 -119.714 0 0 0 1 
				28
				0.248075 0.0373542 -0.96802 23.2347 -0.0866365 0.996108 0.0162357 -2.32917 0.964859 0.0798382 0.250345 -116.296 0 0 0 1 
				29
				0.17042 0.0425157 -0.984454 21.0788 -0.0597699 0.997675 0.0327398 -1.44642 0.983557 0.0532612 0.172565 -115.703 0 0 0 1 
				30
				0.236724 0.0379633 -0.970835 22.9195 -0.0831919 0.996359 0.0186763 -2.20706 0.968009 0.0763445 0.23902 -116.162 0 0 0 1 
				31
				0.290168 0.035351 -0.956323 24.4033 -0.100748 0.994893 0.00620771 -2.78418 0.951658 0.0945462 0.292248 -116.637 0 0 0 1 
		</Joint>
			8
				-1
				0.290168 -0.955379 0.0552649 32.4588 -0.100748 -0.0879258 -0.991019 -5.58111 0.951658 0.281994 -0.121766 -90.2177 0 0 0 1 
				0
				0.27192 -0.960752 0.0549102 31.4457 -0.0948722 -0.0835463 -0.991977 -9.5026 0.957632 0.264529 -0.113867 -86.9274 0 0 0 1 
				1
				0.226718 -0.972484 0.0536005 28.9361 -0.0796632 -0.073365 -0.994118 -13.436 0.970697 0.221115 -0.0941044 -81.8792 0 0 0 1 
				2
				0.170265 -0.984094 0.0506927 25.8019 -0.0602427 -0.0617431 -0.996273 -17.2729 0.983555 0.166576 -0.0697972 -76.0146 0 0 0 1 
				3
				0.118817 -0.991806 0.0469525 22.9457 -0.0421147 -0.052279 -0.997744 -20.9402 0.992022 0.116572 -0.0479812 -70.2231 0 0 0 1 
				4
				0.0889056 -0.995053 0.0443266 21.2853 -0.0314032 -0.047281 -0.998388 -24.4523 0.995545 0.0873703 -0.0354514 -65.2868 0 0 0 1 
				5
				0.0970588 -0.994259 0.0450365 21.7384 -0.0342616 -0.0485611 -0.998232 -27.8839 0.994689 0.0953443 -0.0387782 -62.011 0 0 0 1 
				6
				0.159408 -0.985943 0.0500541 25.2005 -0.0561852 -0.059681 -0.996635 -31.315 0.985612 0.15606 -0.0649091 -61.5109 0 0 0 1 
				7
				0.290166 -0.955379 0.0552641 32.4607 -0.100748 -0.0879248 -0.991019 -34.7358 0.951658 0.281992 -0.121766 -65.6019 0 0 0 1 
				8
				0.619932 -0.784197 0.026815 50.77 -0.203899 -0.194 -0.959578 -37.2561 0.7577 0.589406 -0.280164 -90.4511 0 0 0 1 
				9
				0.949337 -0.283451 -0.135703 69.0588 -0.249719 -0.41825 -0.873331 -31.5893 0.190788 0.862973 -0.467843 -147.204 0 0 0 1 
				10
				0.871316 0.301928 -0.386844 64.7263 -0.129992 -0.618142 -0.775244 -15.5862 -0.473193 0.725769 -0.499348 -207.297 0 0 0 1 
				11
				0.588315 0.597329 -0.545053 49.013 0.0223417 -0.685794 -0.727453 -1.54327 -0.808323 0.415794 -0.416809 -236.521 0 0 0 1 
				12
				0.46229 0.662673 -0.589197 42.0156 0.0788279 -0.692542 -0.717058 1.10923 -0.883218 0.285043 -0.372392 -233.454 0 0 0 1 
				13
				0.477422 0.655941 -0.584644 42.8559 0.0722454 -0.692422 -0.717867 -3.17823 -0.875699 0.300488 -0.377966 -214.749 0 0 0 1 
				14
				0.548496 0.620657 -0.560301 46.8022 0.0406712 -0.689104 -0.72352 -9.37637 -0.835163 0.37406 -0.403213 -193.602 0 0 0 1 
				15
				0.588316 0.597328 -0.545054 49.0132 0.0223414 -0.685795 -0.727452 -12.4691 -0.808322 0.415795 -0.416809 -183.486 0 0 0 1 
				16
				0.588358 0.597305 -0.545033 49.0155 0.0223292 -0.68579 -0.727457 -11.0372 -0.808292 0.415836 -0.416827 -191.628 0 0 0 1 
				17
				0.588374 0.597296 -0.545025 49.0163 0.0223269 -0.685789 -0.727457 -7.70118 -0.80828 0.415849 -0.416837 -209.796 0 0 0 1 
				18
				0.588367 0.597301 -0.545028 49.0159 0.0223352 -0.685793 -0.727454 -4.01318 -0.808285 0.415837 -0.416839 -228.027 0 0 0 1 
				19
