<?xml version='1.0' encoding='UTF-8' ?>
<itpanim>
	<skeleton count>
		25
			0 -1
			1.37091e-06 -1 -6.12323e-17 -3.70664 1 1.37091e-06 -6.12323e-17 5.24382e-06 6.12323e-17 -6.12323e-17 1 87.7185 0 0 0 1 
			1 0
			1.3868e-06 4.78456e-08 -1 -87.7185 2.75771e-06 -1 -4.78418e-08 -3.70664 -1 -2.75771e-06 -1.3868e-06 -0.000132032 0 0 0 1 
			2 1
			1.40269e-06 -0.000796318 -1 -96.7459 0 -1 0.000796318 -12.2718 -1 -1.11699e-09 -1.40269e-06 8.7278e-06 0 0 0 1 
			3 2
			1.40269e-06 -0.000796318 -1 -122.958 0 -1 0.000796318 -12.22 -1 -1.11699e-09 -1.40269e-06 8.58421e-06 0 0 0 1 
			4 3
			1 -0 0 0 0 1 0 0 -0 -0 1 -0 0 0 0 1 
			5 4
			1 1.37091e-06 4.37113e-08 -52.406 -1.37091e-06 1 3.58059e-15 38.7067 -4.37113e-08 -6.35048e-14 1 167.762 0 0 0 1 
			6 5
			0.0123547 0.0130585 0.999838 166.875 0.0086996 0.999875 -0.0131665 35.5314 -0.999886 0.00886086 0.0122396 112.902 0 0 0 1 
			7 6
			0.0121292 -0.0124069 0.999849 128.937 0.00901157 0.999884 0.012298 38.8273 -0.999886 0.00886105 0.0122396 112.902 0 0 0 1 
			8 7
			0.0121292 -0.0124069 0.999849 16.6516 -0.999878 0.00965724 0.0122494 112.933 -0.00980777 -0.999876 -0.0122883 -38.7374 0 0 0 1 
			9 4
			-1 -1.37091e-06 4.37114e-08 -52.406 -1.37091e-06 1 3.84662e-15 38.7067 -4.37115e-08 -5.60777e-14 -1 -167.762 0 0 0 1 
			10 9
			-0.0123548 0.0130585 0.999838 166.875 -0.00870231 0.999875 -0.0131665 35.5314 -0.999886 -0.00886358 -0.0122396 -112.902 0 0 0 1 
			11 10
			-0.0121292 -0.0124069 0.999849 128.937 -0.0090143 0.999884 0.012298 38.8273 -0.999886 -0.00886378 -0.0122396 -112.902 0 0 0 1 
			12 11
			-0.0121292 -0.012407 0.999849 16.6516 0.999878 0.00965998 0.0122494 112.933 -0.0098105 0.999876 0.0122883 38.7374 0 0 0 1 
			13 4
			1.34309e-06 -5.95475e-08 -1 -140.788 -1.40269e-06 -1 5.95456e-08 -65.8358 -1 1.40269e-06 -1.34309e-06 -0.00010659 0 0 0 1 
			14 13
			1 -0 0 0 0 1 0 0 -0 -0 1 -0 0 0 0 1 
			15 2
			1.37145e-06 -0.0998263 0.995005 86.9103 0 -0.995005 -0.0998263 -12.4447 1 1.36907e-07 -1.3646e-06 -49.3066 0 0 0 1 
			16 15
			1.37145e-06 0.0998359 0.995004 49.2248 0 -0.995004 0.0998359 -2.71971 1 -1.3692e-07 -1.3646e-06 -49.3066 0 0 0 1 
			17 16
			1.45937e-06 -4.13125e-13 1 9.69628 0 -1 -4.13125e-13 -3.70627 1 6.02901e-19 -1.45937e-06 -49.3066 0 0 0 1 
			18 17
			1.85191e-06 -1 5.70042e-14 -34.6347 0 -5.70042e-14 -1 -0.678676 1 1.85191e-06 -1.05566e-19 -49.3066 0 0 0 1 
			19 18
			1 -0 0 0 0 1 0 0 -0 -0 1 -0 0 0 0 1 
			20 2
			1.37145e-06 -0.0998313 0.995004 86.9103 0 -0.995004 -0.0998313 -12.4452 1 1.36913e-07 -1.3646e-06 49.3066 0 0 0 1 
			21 20
			1.37145e-06 0.0998339 0.995004 49.2249 0 -0.995004 0.0998339 -2.72 1 -1.36917e-07 -1.3646e-06 49.3066 0 0 0 1 
			22 21
			1.45937e-06 -4.13125e-13 1 9.69632 0 -1 -4.13125e-13 -3.70653 1 6.02901e-19 -1.45937e-06 49.3066 0 0 0 1 
			23 22
			1.85542e-06 -1 2.18875e-13 -34.6349 0 -2.18875e-13 -1 -0.678698 1 1.85542e-06 -4.06104e-19 49.3066 0 0 0 1 
			24 23
			1 -0 0 0 0 1 0 0 -0 -0 1 -0 0 0 0 1 
	</skeleton>
		<animations>
			25
			0
				-1
				1.33158e-06 1 0 -1.62371e-07 -1 1.33158e-06 0 -3.70664 -0 -0 1 -87.2786 0 0 0 1 
				0
				-0.0535953 0.998563 -3.84632e-34 -3.19144e-07 -0.998563 -0.0535953 2.06442e-35 -3.70664 -0 3.85186e-34 1 -87.0047 0 0 0 1 
				1
				-0.10768 0.994186 1.53179e-33 -4.76758e-07 -0.994186 -0.10768 -1.65907e-34 -3.70664 -0 -1.54074e-33 1 -86.7708 0 0 0 1 
				2
				-0.161699 0.98684 0 -6.34706e-07 -0.98684 -0.161699 -0 -3.70664 -0 -0 1 -86.5528 0 0 0 1 
				3
				-0.215107 0.976591 -1.14672e-33 -7.9248e-07 -0.976591 -0.215107 -1.23688e-32 -3.70664 -1.2326e-32 -1.54074e-33 1 -86.3265 0 0 0 1 
				4
				-0.267386 0.963589 3.29579e-33 -9.49586e-07 -0.963589 -0.267386 1.18772e-32 -3.70664 1.2326e-32 -0 1 -86.0684 0 0 0 1 
				5
				-0.318047 0.948075 2.92148e-33 -1.10553e-06 -0.948075 -0.318047 -9.80057e-34 -3.70664 -0 -3.08149e-33 1 -85.7552 0 0 0 1 
				6
				-0.366626 0.930368 1.21483e-33 -1.25981e-06 -0.930368 -0.366626 -1.37272e-32 -3.70664 -1.2326e-32 -6.16298e-33 1 -85.3628 0 0 0 1 
				7
				-0.412706 0.910864 -2.80682e-33 -1.41191e-06 -0.910864 -0.412706 1.27175e-33 -3.70664 -0 3.08149e-33 1 -84.8669 0 0 0 1 
				8
				-0.458226 0.888836 0 -1.56471e-06 -0.888836 -0.458226 -0 -3.70664 -0 -0 1 -84.404 0 0 0 1 
				9
				-0.5042 0.863587 -3.10737e-33 -1.71996e-06 -0.863587 -0.5042 -5.32227e-33 -3.70664 -6.16298e-33 -0 1 -84.0578 0 0 0 1 
				10
				-0.548893 0.835893 0 -1.87538e-06 -0.835893 -0.548893 -0 -3.70664 -0 -0 1 -83.7196 0 0 0 1 
				11
				-0.590759 0.806848 -7.28166e-33 -2.02867e-06 -0.806848 -0.590759 -9.94517e-33 -3.70664 -1.2326e-32 -0 1 -83.2805 0 0 0 1 
				12
				-0.628509 0.777803 0 -2.17763e-06 -0.777803 -0.628509 -0 -3.70664 -0 -0 1 -82.6353 0 0 0 1 
				13
				-0.661073 0.750322 -4.07418e-33 -2.32004e-06 -0.750322 -0.661073 -4.62421e-33 -3.70664 -6.16298e-33 -0 1 -81.6785 0 0 0 1 
				14
				-0.687533 0.726153 0 -2.4536e-06 -0.726153 -0.687533 -0 -3.70664 -0 -0 1 -80.3016 0 0 0 1 
				15
				-0.707106 0.707108 1.16057e-38 -2.57604e-06 -0.707108 -0.707106 -8.71576e-33 -3.70664 -6.16298e-33 -6.16298e-33 1 -78.3957 0 0 0 1 
				16
				-0.719192 0.694812 4.28211e-33 -2.68533e-06 -0.694812 -0.719192 -4.43236e-33 -3.70664 -0 -6.16298e-33 1 -75.8653 0 0 0 1 
				17
				-0.724775 0.688986 8.71297e-33 -2.78266e-06 -0.688986 -0.724775 -2.20564e-34 -3.70664 6.16298e-33 -6.16298e-33 1 -72.7659 0 0 0 1 
				18
				-0.725489 0.688233 4.47117e-33 -2.87081e-06 -0.688233 -0.725489 4.24157e-33 -3.70664 6.16298e-33 -0 1 -69.2305 0 0 0 1 
				19
				-0.722834 0.691021 -4.25875e-33 -2.95258e-06 -0.691021 -0.722834 4.45481e-33 -3.70664 -0 6.16298e-33 1 -65.3918 0 0 0 1 
				20
				-0.718215 0.695822 8.71467e-33 -3.03068e-06 -0.695822 -0.718215 -1.38007e-34 -3.70664 6.16298e-33 -6.16298e-33 1 -61.3788 0 0 0 1 
				21
				-0.713046 0.701117 0 -3.10781e-06 -0.701117 -0.713046 -0 -3.70664 -0 -0 1 -57.32 0 0 0 1 
				22
				-0.708832 0.705378 4.36851e-33 -3.18679e-06 -0.705378 -0.708832 4.34722e-33 -3.70664 6.16298e-33 -0 1 -53.3484 0 0 0 1 
				23
				-0.707106 0.707108 1.16057e-38 -3.27039e-06 -0.707108 -0.707106 -8.71576e-33 -3.70664 -6.16298e-33 -6.16298e-33 1 -49.597 0 0 0 1 
		</Joint>
			1
				-1
				1.33158e-06 2.66316e-06 -1 -1.62371e-07 0 -1 -2.66316e-06 -3.70664 -1 3.54621e-12 -1.33158e-06 -87.2786 0 0 0 1 
				0
				1.33158e-06 -0.053594 -0.998563 -3.19144e-07 0 -0.998563 0.053594 -3.70664 -1 -7.13647e-08 -1.32967e-06 -87.0047 0 0 0 1 
				1
				1.33158e-06 -0.107678 -0.994186 -4.76758e-07 0 -0.994186 0.107678 -3.70664 -1 -1.43382e-07 -1.32384e-06 -86.7708 0 0 0 1 
				2
				1.33158e-06 -0.161698 -0.98684 -6.34706e-07 0 -0.98684 0.161698 -3.70664 -1 -2.15314e-07 -1.31406e-06 -86.5528 0 0 0 1 
				3
				1.33158e-06 -0.215106 -0.976591 -7.9248e-07 0 -0.976591 0.215106 -3.70664 -1 -2.8643e-07 -1.30041e-06 -86.3265 0 0 0 1 
				4
				1.33158e-06 -0.267385 -0.96359 -9.49586e-07 0 -0.96359 0.267385 -3.70664 -1 -3.56045e-07 -1.2831e-06 -86.0684 0 0 0 1 
				5
				1.33158e-06 -0.318046 -0.948075 -1.10553e-06 0 -0.948075 0.318046 -3.70664 -1 -4.23503e-07 -1.26244e-06 -85.7552 0 0 0 1 
				6
				1.33158e-06 -0.366624 -0.930369 -1.25981e-06 0 -0.930369 0.366624 -3.70664 -1 -4.8819e-07 -1.23886e-06 -85.3628 0 0 0 1 
				7
				1.33158e-06 -0.412705 -0.910865 -1.41191e-06 0 -0.910865 0.412705 -3.70664 -1 -5.49549e-07 -1.21289e-06 -84.8669 0 0 0 1 
				8
				1.33158e-06 -0.458225 -0.888836 -1.56471e-06 0 -0.888836 0.458225 -3.70664 -1 -6.10163e-07 -1.18356e-06 -84.404 0 0 0 1 
				9
				1.33158e-06 -0.504199 -0.863588 -1.71996e-06 0 -0.863588 0.504199 -3.70664 -1 -6.71381e-07 -1.14994e-06 -84.0578 0 0 0 1 
				10
				1.33158e-06 -0.548892 -0.835893 -1.87538e-06 0 -0.835893 0.548892 -3.70664 -1 -7.30894e-07 -1.11306e-06 -83.7196 0 0 0 1 
				11
				1.33158e-06 -0.590758 -0.806849 -2.02867e-06 0 -0.806849 0.590758 -3.70664 -1 -7.86641e-07 -1.07438e-06 -83.2805 0 0 0 1 
				12
				1.33158e-06 -0.628507 -0.777804 -2.17763e-06 0 -0.777804 0.628507 -3.70664 -1 -8.36908e-07 -1.03571e-06 -82.6353 0 0 0 1 
				13
				1.33158e-06 -0.661072 -0.750323 -2.32004e-06 0 -0.750323 0.661072 -3.70664 -1 -8.8027e-07 -9.99115e-07 -81.6785 0 0 0 1 
				14
				1.33158e-06 -0.687532 -0.726154 -2.4536e-06 0 -0.726154 0.687532 -3.70664 -1 -9.15505e-07 -9.66933e-07 -80.3016 0 0 0 1 
				15
				1.33158e-06 -0.707105 -0.707109 -2.57604e-06 0 -0.707109 0.707105 -3.70664 -1 -9.41567e-07 -9.41572e-07 -78.3957 0 0 0 1 
				16
				1.33158e-06 -0.719191 -0.694813 -2.68533e-06 0 -0.694813 0.719191 -3.70664 -1 -9.57661e-07 -9.25199e-07 -75.8653 0 0 0 1 
				17
				1.33158e-06 -0.724774 -0.688987 -2.78266e-06 0 -0.688987 0.724774 -3.70664 -1 -9.65094e-07 -9.17441e-07 -72.7659 0 0 0 1 
				18
				1.33158e-06 -0.725488 -0.688234 -2.87081e-06 0 -0.688234 0.725488 -3.70664 -1 -9.66046e-07 -9.1644e-07 -69.2305 0 0 0 1 
				19
				1.33158e-06 -0.722833 -0.691023 -2.95258e-06 0 -0.691023 0.722833 -3.70664 -1 -9.62511e-07 -9.20152e-07 -65.3918 0 0 0 1 
				20
				1.33158e-06 -0.718214 -0.695823 -3.03068e-06 0 -0.695823 0.718214 -3.70664 -1 -9.5636e-07 -9.26544e-07 -61.3788 0 0 0 1 
				21
				1.33158e-06 -0.713045 -0.701118 -3.10781e-06 0 -0.701118 0.713045 -3.70664 -1 -9.49477e-07 -9.33595e-07 -57.32 0 0 0 1 
				22
				1.33158e-06 -0.708831 -0.705378 -3.18679e-06 0 -0.705378 0.708831 -3.70664 -1 -9.43866e-07 -9.39268e-07 -53.3484 0 0 0 1 
				23
				1.33158e-06 -0.707105 -0.707109 -3.27039e-06 0 -0.707109 0.707105 -3.70664 -1 -9.41567e-07 -9.41572e-07 -49.597 0 0 0 1 
		</Joint>
			2
				-1
				1.38782e-06 -1.49834e-06 -1 3.30843e-06 -0.000797649 -1 1.49724e-06 -12.3488 -1 0.000797649 -1.38901e-06 -96.2962 0 0 0 1 
				0
				-2.96806e-05 -0.0389266 -0.999242 -0.463495 -0.000797118 -0.999242 0.0389266 -12.3364 -1 0.00079767 -1.37099e-06 -96.0223 0 0 0 1 
				1
				-6.07922e-05 -0.0779 -0.996961 -0.931217 -0.000795372 -0.996961 0.0779 -12.2985 -1 0.00079769 -1.35198e-06 -95.7884 0 0 0 1 
				2
				-9.18468e-05 -0.116797 -0.993156 -1.39838 -0.000792407 -0.993156 0.116797 -12.235 -1 0.000797711 -1.33234e-06 -95.5704 0 0 0 1 
				3
				-0.000122745 -0.155493 -0.987837 -1.86025 -0.000788232 -0.987837 0.155493 -12.1463 -1 0.000797731 -1.3125e-06 -95.3441 0 0 0 1 
				4
				-0.00015339 -0.193869 -0.981028 -2.31234 -0.000782865 -0.981027 0.193869 -12.0338 -1 0.00079775 -1.29298e-06 -95.086 0 0 0 1 
				5
				-0.000183687 -0.231806 -0.972762 -2.75043 -0.000776333 -0.972762 0.231806 -11.8996 -1 0.000797767 -1.27422e-06 -94.7729 0 0 0 1 
				6
				-0.000213543 -0.269188 -0.963088 -3.17049 -0.000768673 -0.963087 0.269188 -11.7464 -1 0.000797783 -1.25675e-06 -94.3804 0 0 0 1 
				7
				-0.000242868 -0.305904 -0.952062 -3.56892 -0.000759932 -0.952062 0.305904 -11.5776 -1 0.000797797 -1.24109e-06 -93.8845 0 0 0 1 
				8
				-0.00027252 -0.343029 -0.939325 -3.96249 -0.000749824 -0.939325 0.343029 -11.3871 -1 0.00079781 -1.2259e-06 -93.4216 0 0 0 1 
				9
				-0.000302869 -0.381021 -0.924566 -4.35997 -0.000738102 -0.924566 0.381021 -11.1686 -1 0.000797824 -1.20997e-06 -93.0754 0 0 0 1 
				10
				-0.000333073 -0.41883 -0.908065 -4.74636 -0.000724987 -0.908064 0.41883 -10.9291 -1 0.000797836 -1.19447e-06 -92.7372 0 0 0 1 
				11
				-0.00036234 -0.455464 -0.890254 -5.10828 -0.000710825 -0.890254 0.455464 -10.6778 -1 0.000797848 -1.18039e-06 -92.2981 0 0 0 1 
				12
				-0.000389958 -0.490034 -0.871703 -5.43459 -0.000696067 -0.871703 0.490034 -10.4266 -1 0.000797857 -1.16901e-06 -91.6529 0 0 0 1 
				13
				-0.000415279 -0.521731 -0.85311 -5.71603 -0.00068127 -0.85311 0.521731 -10.1889 -1 0.000797862 -1.16129e-06 -90.6962 0 0 0 1 
				14
				-0.000437702 -0.549804 -0.835294 -5.94467 -0.000667088 -0.835293 0.549804 -9.97991 -1 0.000797865 -1.15852e-06 -89.3192 0 0 0 1 
				15
				-0.000456684 -0.573577 -0.819151 -6.11374 -0.000654236 -0.819151 0.573578 -9.81525 -1 0.000797862 -1.16181e-06 -87.4133 0 0 0 1 
				16
				-0.000471927 -0.592679 -0.805439 -6.21804 -0.000643317 -0.805439 0.592679 -9.70902 -1 0.000797854 -1.17234e-06 -84.8829 0 0 0 1 
				17
				-0.000483975 -0.60779 -0.794098 -6.26609 -0.000634287 -0.794097 0.60779 -9.65878 -1 0.000797841 -1.18964e-06 -81.7835 0 0 0 1 
				18
				-0.000493627 -0.619908 -0.784674 -6.27203 -0.000626784 -0.784674 0.619908 -9.65246 -1 0.000797825 -1.21198e-06 -78.2481 0 0 0 1 
				19
				-0.000501632 -0.62997 -0.776619 -6.24882 -0.00062037 -0.776619 0.62997 -9.67678 -1 0.000797804 -1.23764e-06 -74.4094 0 0 0 1 
				20
				-0.00050868 -0.638838 -0.769341 -6.20861 -0.000614574 -0.769341 0.638838 -9.71852 -1 0.000797781 -1.26503e-06 -70.3964 0 0 0 1 
				21
				-0.000515434 -0.647338 -0.762203 -6.16366 -0.000608889 -0.762202 0.647339 -9.76455 -1 0.000797758 -1.29238e-06 -66.3376 0 0 0 1 
				22
				-0.000522554 -0.656295 -0.754505 -6.12696 -0.000602759 -0.754505 0.656295 -9.80162 -1 0.000797734 -1.31842e-06 -62.366 0 0 0 1 
				23
				-0.000530671 -0.666493 -0.745511 -6.1118 -0.000595599 -0.745511 0.666493 -9.81679 -1 0.000797714 -1.34159e-06 -58.6146 0 0 0 1 
		</Joint>
			3
				-1
				1.38782e-06 -1.49834e-06 -1 3.96205e-05 -0.000797649 -1 1.49724e-06 -12.318 -1 0.000797649 -1.38901e-06 -122.509 0 0 0 1 
				0
				-1.79913e-05 -0.0242466 -0.999706 -0.463018 -0.000797488 -0.999706 0.0242466 -12.3055 -1 0.000797689 -1.35032e-06 -122.235 0 0 0 1 
				1
				-3.70217e-05 -0.0480478 -0.998845 -0.930323 -0.000796871 -0.998845 0.0480478 -12.2677 -1 0.00079773 -1.30902e-06 -122.001 0 0 0 1 
				2
				-5.58989e-05 -0.0716517 -0.99743 -1.39708 -0.00079581 -0.997429 0.0716517 -12.2041 -1 0.000797769 -1.26588e-06 -121.783 0 0 0 1 
				3
				-7.48182e-05 -0.0953042 -0.995448 -1.85853 -0.000794292 -0.995448 0.0953043 -12.1154 -1 0.000797808 -1.22177e-06 -121.557 0 0 0 1 
				4
				-9.39669e-05 -0.119242 -0.992865 -2.31019 -0.000792291 -0.992865 0.119242 -12.0029 -1 0.000797843 -1.17785e-06 -121.299 0 0 0 1 
				5
				-0.000113528 -0.143696 -0.989622 -2.74781 -0.000789758 -0.989622 0.143696 -11.8687 -1 0.000797875 -1.1353e-06 -120.985 0 0 0 1 
				6
				-0.000133689 -0.168904 -0.985633 -3.16734 -0.000786625 -0.985633 0.168904 -11.7155 -1 0.000797904 -1.09528e-06 -120.593 0 0 0 1 
				7
				-0.000154631 -0.195091 -0.980785 -3.56518 -0.000782803 -0.980785 0.195092 -11.5468 -1 0.000797929 -1.05894e-06 -120.097 0 0 0 1 
				8
				-0.000176468 -0.222402 -0.974955 -3.95812 -0.000778195 -0.974955 0.222402 -11.3562 -1 0.000797952 -1.02336e-06 -119.634 0 0 0 1 
				9
				-0.000199051 -0.250641 -0.96808 -4.35493 -0.00077275 -0.96808 0.250641 -11.1379 -1 0.000797974 -9.86107e-07 -119.288 0 0 0 1 
				10
				-0.000222126 -0.279497 -0.960147 -4.74062 -0.000766458 -0.960146 0.279497 -10.8984 -1 0.000797995 -9.49649e-07 -118.95 0 0 0 1 
				11
				-0.000245445 -0.308662 -0.951172 -5.1018 -0.000759332 -0.951172 0.308662 -10.6472 -1 0.000798015 -9.16284e-07 -118.511 0 0 0 1 
				12
				-0.000268769 -0.337839 -0.941204 -5.42732 -0.000751409 -0.941204 0.337839 -10.3961 -1 0.00079803 -8.88863e-07 -117.865 0 0 0 1 
				13
				-0.000291867 -0.366744 -0.930322 -5.70793 -0.000742752 -0.930322 0.366744 -10.1586 -1 0.000798039 -8.69973e-07 -116.909 0 0 0 1 
				14
				-0.00031451 -0.395094 -0.918641 -5.93569 -0.000733455 -0.91864 0.395094 -9.94984 -1 0.000798043 -8.62321e-07 -115.532 0 0 0 1 
				15
				-0.00033648 -0.422619 -0.906307 -6.10383 -0.000723636 -0.906307 0.42262 -9.78548 -1 0.000798039 -8.68443e-07 -113.626 0 0 0 1 
				16
				-0.000357857 -0.449424 -0.893318 -6.20714 -0.000713293 -0.893318 0.449425 -9.67963 -1 0.000798027 -8.91327e-07 -111.095 0 0 0 1 
				17
				-0.000378851 -0.47577 -0.879569 -6.25414 -0.000702346 -0.879569 0.47577 -9.62987 -1 0.000798008 -9.29205e-07 -107.996 0 0 0 1 
				18
				-0.000399461 -0.501649 -0.865071 -6.25899 -0.000690802 -0.865071 0.501649 -9.62411 -1 0.000797982 -9.78336e-07 -104.461 0 0 0 1 
				19
				-0.000419683 -0.527055 -0.849831 -6.23468 -0.000678666 -0.849831 0.527056 -9.64905 -1 0.000797948 -1.03495e-06 -100.622 0 0 0 1 
				20
				-0.000439518 -0.551981 -0.833856 -6.19337 -0.000665945 -0.833856 0.551982 -9.69146 -1 0.000797908 -1.09487e-06 -96.6088 0 0 0 1 
				21
				-0.000458962 -0.576418 -0.817155 -6.14733 -0.000652646 -0.817154 0.576419 -9.7382 -1 0.000797867 -1.15428e-06 -92.5501 0 0 0 1 
				22
				-0.000478014 -0.60036 -0.79973 -6.10958 -0.00063877 -0.79973 0.60036 -9.77601 -1 0.000797825 -1.21e-06 -88.5785 0 0 0 1 
				23
				-0.000496672 -0.623795 -0.781588 -6.09341 -0.000624326 -0.781587 0.623795 -9.79194 -1 0.000797787 -1.259e-06 -84.8271 0 0 0 1 
		</Joint>
			4
		</Joint>
			5
				-1
				1 -3.96436e-06 1.2698e-06 52.4061 3.96436e-06 1 1.36437e-06 -38.7067 -1.26981e-06 -1.36436e-06 1 -167.322 0 0 0 1 
				0
				0.999706 0.0242411 1.34215e-06 51.2879 -0.0242411 0.999706 1.37208e-06 -39.9572 -1.3085e-06 -1.40421e-06 1 -167.048 0 0 0 1 
				1
				0.998845 0.0480424 1.41764e-06 50.1474 -0.0480424 0.998845 1.37814e-06 -41.1439 -1.3498e-06 -1.44466e-06 1 -166.814 0 0 0 1 
				2
				0.99743 0.0716462 1.4957e-06 48.9835 -0.0716462 0.99743 1.38065e-06 -42.28 -1.39294e-06 -1.48427e-06 1 -166.596 0 0 0 1 
				3
				0.995449 0.0952988 1.57559e-06 47.7941 -0.0952988 0.995449 1.37849e-06 -43.3785 -1.43705e-06 -1.52236e-06 1 -166.37 0 0 0 1 
				4
				0.992866 0.119236 1.65619e-06 46.5754 -0.119236 0.992866 1.3704e-06 -44.4524 -1.48097e-06 -1.5581e-06 1 -166.112 0 0 0 1 
				5
				0.989623 0.143691 1.73619e-06 45.3225 -0.143691 0.989623 1.35463e-06 -45.5141 -1.52353e-06 -1.59005e-06 1 -165.798 0 0 0 1 
				6
				0.985634 0.168898 1.81445e-06 44.0287 -0.168898 0.985634 1.33124e-06 -46.5767 -1.56354e-06 -1.61857e-06 1 -165.406 0 0 0 1 
				7
				0.980786 0.195086 1.8898e-06 42.6857 -0.195086 0.980786 1.29997e-06 -47.6524 -1.59988e-06 -1.64366e-06 1 -164.91 0 0 0 1 
				8
				0.974956 0.222397 1.96513e-06 41.2666 -0.222397 0.974956 1.26105e-06 -48.7393 -1.63547e-06 -1.6665e-06 1 -164.447 0 0 0 1 
				9
				0.968081 0.250636 2.04271e-06 39.7643 -0.250636 0.968081 1.21608e-06 -49.8194 -1.67272e-06 -1.68925e-06 1 -164.101 0 0 0 1 
				10
				0.960148 0.279492 2.11905e-06 38.2013 -0.279492 0.960148 1.16436e-06 -50.8828 -1.70917e-06 -1.71022e-06 1 -163.763 0 0 0 1 
				11
				0.951174 0.308657 2.1912e-06 36.6002 -0.308657 0.951174 1.10697e-06 -51.9232 -1.74254e-06 -1.72925e-06 1 -163.324 0 0 0 1 
				12
				0.941206 0.337834 2.25526e-06 34.9824 -0.337834 0.941206 1.04402e-06 -52.9381 -1.76996e-06 -1.74454e-06 1 -162.679 0 0 0 1 
				13
				0.930324 0.366739 2.30743e-06 33.3687 -0.366739 0.930324 9.75657e-07 -53.9282 -1.78885e-06 -1.7539e-06 1 -161.722 0 0 0 1 
				14
				0.918643 0.395089 2.34471e-06 31.7807 -0.395089 0.918643 9.0473e-07 -54.8969 -1.7965e-06 -1.75749e-06 1 -160.345 0 0 0 1 
				15
				0.90631 0.422615 2.3641e-06 30.2398 -0.422615 0.90631 8.3344e-07 -55.8496 -1.79038e-06 -1.75446e-06 1 -158.439 0 0 0 1 
				16
				0.893321 0.44942 2.36168e-06 28.7485 -0.44942 0.893321 7.61526e-07 -56.8058 -1.7675e-06 -1.74167e-06 1 -155.909 0 0 0 1 
				17
				0.879572 0.475765 2.341e-06 27.2857 -0.475765 0.879572 6.92494e-07 -57.7738 -1.72962e-06 -1.72287e-06 1 -152.809 0 0 0 1 
				18
				0.865074 0.501644 2.30511e-06 25.8381 -0.501644 0.865074 6.25159e-07 -58.7417 -1.68049e-06 -1.69716e-06 1 -149.274 0 0 0 1 
				19
				0.849834 0.527051 2.25619e-06 24.3934 -0.527051 0.849834 5.56907e-07 -59.6959 -1.62387e-06 -1.66241e-06 1 -145.435 0 0 0 1 
				20
				0.833859 0.551977 2.2e-06 22.9397 -0.551977 0.833859 4.90126e-07 -60.6231 -1.56395e-06 -1.62305e-06 1 -141.422 0 0 0 1 
				21
				0.817158 0.576414 2.14101e-06 21.4656 -0.576414 0.817158 4.25041e-07 -61.5097 -1.50454e-06 -1.58143e-06 1 -137.363 0 0 0 1 
				22
				0.799734 0.600356 2.08278e-06 19.9585 -0.600356 0.799734 3.61191e-07 -62.3424 -1.44883e-06 -1.53927e-06 1 -133.392 0 0 0 1 
				23
				0.781591 0.623791 2.03076e-06 18.4054 -0.623791 0.781591 3.00425e-07 -63.1077 -1.39982e-06 -1.50158e-06 1 -129.64 0 0 0 1 
		</Joint>
			6
				-1
				0.012356 0.00869693 -0.999886 110.519 0.0130599 0.999875 0.00885823 -38.7065 0.999838 -0.0131679 0.0122409 -167.322 0 0 0 1 
				0
				0.0019613 0.0122378 -0.999923 109.383 0.103677 0.994534 0.0123752 -41.3659 0.994609 -0.103694 0.000681808 -167.048 0 0 0 1 
				1
				0.00300619 0.0140592 -0.999897 108.193 0.196779 0.980343 0.0143759 -43.9358 0.980443 -0.196802 0.000180539 -166.814 0 0 0 1 
				2
				0.00567793 0.0145197 -0.999878 106.947 0.289126 0.957165 0.0155413 -46.4435 0.957274 -0.289179 0.00123669 -166.596 0 0 0 1 
				3
				0.0131981 0.0132882 -0.999825 105.642 0.378034 0.92563 0.0172923 -48.9166 0.925698 -0.378196 0.00719317 -166.37 0 0 0 1 
				4
				0.0257604 0.0102018 -0.999616 104.273 0.461007 0.88715 0.0209342 -51.3815 0.887023 -0.461369 0.0181502 -166.112 0 0 0 1 
				5
				0.0431784 0.00531974 -0.999053 102.832 0.535944 0.843801 0.0276562 -53.8643 0.843149 -0.536631 0.0335828 -165.799 0 0 0 1 
				6
				0.0651162 -0.00094833 -0.997877 101.306 0.601191 0.798179 0.038472 -56.3918 0.796448 -0.60242 0.0525445 -165.406 0 0 0 1 
				7
				0.0912246 -0.00780472 -0.9958 99.6817 0.655615 0.753151 0.0541575 -58.9894 0.749565 -0.657801 0.0738228 -164.91 0 0 0 1 
				8
				0.120704 -0.0172414 -0.992539 97.9237 0.703768 0.706637 0.0733111 -61.6633 0.700101 -0.707366 0.0974278 -164.447 0 0 0 1 
				9
				0.152747 -0.0314687 -0.987764 96.0219 0.748264 0.656594 0.094793 -64.3845 0.645577 -0.753588 0.12384 -164.101 0 0 0 1 
				10
				0.186843 -0.0491494 -0.98116 93.998 0.785994 0.606615 0.119291 -67.1248 0.589323 -0.793475 0.151973 -163.763 0 0 0 1 
				11
				0.22244 -0.0680977 -0.972565 91.8753 0.814857 0.560684 0.147112 -69.86 0.535284 -0.825225 0.180209 -163.324 0 0 0 1 
				12
				0.259142 -0.085391 -0.962057 89.6782 0.833707 0.522671 0.178178 -72.5705 0.487624 -0.848248 0.206637 -162.679 0 0 0 1 
				13
				0.296773 -0.0974362 -0.949964 87.4322 0.841972 0.496058 0.212156 -75.2404 0.450566 -0.862805 0.229255 -161.722 0 0 0 1 
				14
				0.335268 -0.10005 -0.936795 85.1653 0.839139 0.483754 0.248652 -77.8565 0.4283 -0.869467 0.246143 -160.345 0 0 0 1 
				15
				0.374313 -0.0887632 -0.923044 82.9078 0.824283 0.487839 0.287351 -80.4088 0.424791 -0.868409 0.255771 -158.439 0 0 0 1 
				16
				0.413451 -0.0586008 -0.908639 80.6616 0.794988 0.509749 0.328862 -82.9227 0.443906 -0.858325 0.257343 -155.909 0 0 0 1 
				17
				0.450795 -0.00911196 -0.892581 78.3999 0.750279 0.545607 0.373356 -85.4217 0.483596 -0.837992 0.252794 -152.809 0 0 0 1 
				18
				0.483215 0.0561376 -0.8737 76.1098 0.690907 0.588479 0.41993 -87.8935 0.537728 -0.806562 0.245576 -149.274 0 0 0 1 
				19
				0.508019 0.132599 -0.851078 73.7794 0.618253 0.631839 0.467485 -90.3242 0.599733 -0.763673 0.239007 -145.435 0 0 0 1 
				20
				0.523506 0.215282 -0.824376 71.3974 0.534877 0.6701 0.514658 -92.6998 0.663211 -0.710366 0.235652 -141.422 0 0 0 1 
				21
				0.529458 0.29902 -0.79389 68.9527 0.44477 0.699048 0.559922 -95.0066 0.722395 -0.649553 0.237121 -137.363 0 0 0 1 
				22
				0.527438 0.378848 -0.76045 66.433 0.353252 0.716245 0.601837 -97.2306 0.772673 -0.586062 0.243946 -133.392 0 0 0 1 
				23
				0.520522 0.450581 -0.725282 63.8256 0.266455 0.72129 0.63933 -99.3578 0.811209 -0.52604 0.255387 -129.64 0 0 0 1 
		</Joint>
			7
				-1
				0.0121305 0.00900875 -0.999886 110.976 -0.0124055 0.999884 0.00885823 -38.2234 0.999849 0.0122966 0.0122409 -130.337 0 0 0 1 
				0
				0.000934391 0.0123587 -0.999924 109.456 0.0204162 0.999715 0.0123752 -37.5307 0.999791 -0.0204262 0.000681808 -130.256 0 0 0 1 
				1
				0.000978055 0.0143437 -0.999897 108.304 0.0554883 0.998356 0.0143759 -36.6567 0.998459 -0.0554967 0.000180539 -130.547 0 0 0 1 
				2
				0.00264732 0.015364 -0.999878 107.157 0.0910771 0.995723 0.0155413 -35.7485 0.99584 -0.0911072 0.00123669 -131.186 0 0 0 1 
				3
				0.00931454 0.0162482 -0.999825 106.13 0.125912 0.991891 0.0172923 -34.9327 0.991998 -0.126051 0.00719317 -132.127 0 0 0 1 
				4
				0.0212453 0.0177851 -0.999616 105.226 0.158635 0.987115 0.0209342 -34.3284 0.987109 -0.159019 0.0181502 -133.3 0 0 0 1 
				5
				0.0381924 0.020833 -0.999053 104.429 0.187896 0.9818 0.0276562 -34.0392 0.981446 -0.188775 0.0335828 -134.61 0 0 0 1 
				6
				0.0595466 0.0263669 -0.997877 103.715 0.21235 0.976436 0.038472 -34.1531 0.975378 -0.21419 0.0525445 -135.945 0 0 0 1 
				7
				0.0844098 0.0354658 -0.9958 103.056 0.230713 0.971514 0.0541574 -34.7375 0.969354 -0.234315 0.0738228 -137.183 0 0 0 1 
				8
				0.112657 0.0466385 -0.992539 102.389 0.245749 0.966557 0.073311 -35.6302 0.962765 -0.252174 0.0974278 -138.55 0 0 0 1 
				9
				0.144609 0.058397 -0.987764 101.672 0.259367 0.961116 0.094793 -36.7054 0.954891 -0.269901 0.12384 -140.221 0 0 0 1 
				10
				0.17929 0.0719809 -0.98116 100.909 0.269128 0.955688 0.119291 -38.05 0.946269 -0.285445 0.151973 -141.963 0 0 0 1 
				11
				0.215028 0.0887685 -0.972565 100.104 0.272899 0.950729 0.147112 -39.7176 0.937704 -0.297045 0.180209 -143.523 0 0 0 1 
				12
				0.249621 0.110162 -0.962057 99.2641 0.268996 0.946517 0.178178 -41.7308 0.930232 -0.303267 0.206637 -144.641 0 0 0 1 
				13
				0.28045 0.137534 -0.949964 98.4101 0.256146 0.943069 0.212156 -44.095 0.925061 -0.302828 0.229255 -145.055 0 0 0 1 
				14
				0.304588 0.172165 -0.936795 97.5672 0.233406 0.94005 0.248653 -46.8159 0.923443 -0.29439 0.246143 -144.502 0 0 0 1 
				15
				0.318991 0.215021 -0.923044 96.754 0.200097 0.936691 0.287351 -49.9178 0.926394 -0.27636 0.255771 -142.726 0 0 0 1 
				16
				0.32077 0.267362 -0.908638 95.9556 0.155113 0.931552 0.328863 -53.5152 0.934369 -0.246431 0.257343 -139.488 0 0 0 1 
				17
				0.309529 0.327859 -0.892581 95.0752 0.0997056 0.922314 0.373356 -57.6682 0.945648 -0.20456 0.252793 -134.921 0 0 0 1 
				18
				0.286778 0.392947 -0.8737 93.9844 0.0368415 0.906809 0.41993 -62.3362 0.957288 -0.152615 0.245576 -129.383 0 0 0 1 
				19
				0.254622 0.459167 -0.851078 92.5715 -0.0306119 0.883471 0.467485 -67.4544 0.966556 -0.0929786 0.239007 -123.25 0 0 0 1 
				20
				0.21539 0.523462 -0.824376 90.7624 -0.0997835 0.851569 0.514658 -72.9142 0.971417 -0.0285929 0.235652 -116.889 0 0 0 1 
				21
				0.171635 0.583336 -0.79389 88.5379 -0.167758 0.811384 0.559922 -78.5541 0.970772 0.0370794 0.237121 -110.641 0 0 0 1 
				22
				0.126119 0.637033 -0.76045 85.9434 -0.231626 0.764292 0.601837 -84.1634 0.964595 0.100237 0.243946 -104.81 0 0 0 1 
				23
				0.081512 0.68361 -0.725282 83.0803 -0.288604 0.712716 0.63933 -89.5014 0.953973 0.157206 0.255387 -99.6329 0 0 0 1 
		</Joint>
			8
				-1
				0.0121306 -0.999878 -0.00980494 112.338 -0.0124055 0.00965442 -0.999876 -39.6164 0.999849 0.0122507 -0.0122869 -18.0685 0 0 0 1 
				0
				0.000934391 -0.999914 -0.0131549 109.561 0.0204162 0.0131712 -0.999705 -35.2383 0.999791 0.000665542 0.0204268 -17.9946 0 0 0 1 
				1
				0.000978055 -0.999885 -0.0151399 108.414 0.0554883 0.0151708 -0.998344 -30.4262 0.998459 0.000136348 0.0554968 -18.4343 0 0 0 1 
				2
				0.00264732 -0.999866 -0.0161602 107.454 0.0910771 0.0163342 -0.99571 -25.5218 0.99584 0.00116414 0.0911082 -19.3674 0 0 0 1 
				3
				0.00931454 -0.999811 -0.0170444 107.176 0.125912 0.0180821 -0.991877 -20.7947 0.991997 0.0070928 0.126056 -20.7407 0 0 0 1 
				4
				0.0212453 -0.999602 -0.0185811 107.612 0.158635 0.0217202 -0.987098 -16.516 0.987109 0.0180236 0.159033 -22.4622 0 0 0 1 
				5
				0.0381924 -0.999036 -0.0216285 108.718 0.187896 0.028438 -0.981777 -12.9412 0.981446 0.0334325 0.188801 -24.4077 0 0 0 1 
				6
				0.0595466 -0.997856 -0.0271615 110.401 0.21235 0.0392495 -0.976405 -10.3093 0.975378 0.0523739 0.214232 -26.4242 0 0 0 1 
				7
				0.0844097 -0.995771 -0.0362587 112.534 0.230713 0.0549309 -0.97147 -8.83186 0.969354 0.0736362 0.234374 -28.3389 0 0 0 1 
				8
				0.112657 -0.992501 -0.0474288 115.038 0.245748 0.0740806 -0.966499 -8.03627 0.962765 0.097227 0.252251 -30.4456 0 0 0 1 
				9
				0.144609 -0.987718 -0.0591835 117.91 0.259367 0.0955583 -0.96104 -7.58236 0.954891 0.123625 0.27 -33.0005 0 0 0 1 
				10
				0.17929 -0.981102 -0.0727622 121.041 0.269128 0.120052 -0.955593 -7.83094 0.946269 0.151746 0.285566 -35.7112 0 0 0 1 
				11
				0.215028 -0.972494 -0.089543 124.248 0.272899 0.147869 -0.950611 -9.07506 0.937704 0.179972 0.297189 -38.2328 0 0 0 1 
				12
				0.249621 -0.961969 -0.110928 127.293 0.268996 0.178932 -0.946375 -11.5265 0.930232 0.206395 0.303431 -40.1896 0 0 0 1 
				13
				0.28045 -0.949854 -0.138291 129.9 0.256146 0.212907 -0.9429 -15.3336 0.925061 0.229014 0.303011 -41.1843 0 0 0 1 
				14
				0.304588 -0.936658 -0.172911 131.768 0.233406 0.249401 -0.939851 -20.6079 0.923443 0.245909 0.294586 -40.8126 0 0 0 1 
				15
				0.318991 -0.922873 -0.215756 132.572 0.200097 0.288097 -0.936462 -27.4498 0.926394 0.255551 0.276564 -38.7052 0 0 0 1 
				16
				0.32077 -0.908425 -0.268085 131.973 0.155113 0.329604 -0.93129 -36.0983 0.934369 0.257147 0.246636 -34.5723 0 0 0 1 
				17
				0.309529 -0.892319 -0.328569 129.831 0.0997056 0.37409 -0.922017 -46.4727 0.945648 0.25263 0.204761 -28.7382 0 0 0 1 
				18
				0.286778 -0.873387 -0.393642 126.185 0.0368415 0.420652 -0.906474 -58.1994 0.957288 0.245455 0.152811 -21.8934 0 0 0 1 
				19
				0.254622 -0.850713 -0.459844 121.162 -0.0306119 0.468188 -0.883099 -70.8916 0.966556 0.238933 0.0931688 -14.7204 0 0 0 1 
				20
				0.21539 -0.823959 -0.524118 114.947 -0.0997836 0.515336 -0.851159 -84.1184 0.971417 0.235629 0.0287805 -7.81346 0 0 0 1 
				21
				0.171635 -0.793425 -0.583968 107.81 -0.167758 0.560568 -0.810938 -97.3909 0.970772 0.237151 -0.0368906 -1.63777 0 0 0 1 
				22
				0.126119 -0.759942 -0.637638 100.105 -0.231626 0.602445 -0.763813 -110.172 0.964595 0.244025 -0.100043 3.49998 0 0 0 1 
				23
				0.0815121 -0.724737 -0.684187 92.2328 -0.288604 0.639898 -0.712207 -121.907 0.953973 0.255512 -0.157003 7.48419 0 0 0 1 
		</Joint>
			9
				-1
				-1 1.62828e-06 -1.27426e-06 -52.4059 1.62828e-06 1 -1.36437e-06 -38.7069 1.27425e-06 -1.36437e-06 -1 -167.322 0 0 0 1 
				0
				-0.999706 0.0242467 -1.3466e-06 -53.4933 0.0242467 0.999706 -1.37197e-06 -37.4161 1.31294e-06 -1.40422e-06 -1 -167.048 0 0 0 1 
				1
				-0.998845 0.048048 -1.42209e-06 -54.5436 0.048048 0.998845 -1.37793e-06 -36.1082 1.35424e-06 -1.44467e-06 -1 -166.814 0 0 0 1 
				2
				-0.99743 0.0716518 -1.50014e-06 -55.5591 0.0716518 0.99743 -1.38033e-06 -34.7703 1.39739e-06 -1.48427e-06 -1 -166.596 0 0 0 1 
				3
				-0.995448 0.0953044 -1.58002e-06 -56.5408 0.0953044 0.995448 -1.37806e-06 -33.3898 1.44149e-06 -1.52237e-06 -1 -166.37 0 0 0 1 
				4
				-0.992865 0.119242 -1.66061e-06 -57.4888 0.119242 0.992865 -1.36987e-06 -31.9547 1.48542e-06 -1.55811e-06 -1 -166.112 0 0 0 1 
				5
				-0.989622 0.143697 -1.7406e-06 -58.4018 0.143697 0.989622 -1.35399e-06 -30.4533 1.52797e-06 -1.59005e-06 -1 -165.799 0 0 0 1 
				6
				-0.985633 0.168904 -1.81884e-06 -59.2775 0.168904 0.985633 -1.33049e-06 -28.8738 1.56798e-06 -1.61858e-06 -1 -165.406 0 0 0 1 
				7
				-0.980785 0.195092 -1.89417e-06 -60.1124 0.195092 0.980785 -1.2991e-06 -27.2048 1.60433e-06 -1.64367e-06 -1 -164.91 0 0 0 1 
				8
				-0.974955 0.222402 -1.96947e-06 -60.9205 0.222402 0.974955 -1.26006e-06 -25.4292 1.63991e-06 -1.66651e-06 -1 -164.447 0 0 0 1 
				9
				-0.96808 0.250641 -2.04702e-06 -61.7022 0.250641 0.96808 -1.21497e-06 -23.5495 1.67716e-06 -1.68926e-06 -1 -164.101 0 0 0 1 
				10
				-0.960146 0.279497 -2.12333e-06 -62.4336 0.279497 0.960146 -1.16312e-06 -21.5884 1.71362e-06 -1.71023e-06 -1 -163.763 0 0 0 1 
				11
				-0.951172 0.308662 -2.19544e-06 -63.0941 0.308662 0.951172 -1.1056e-06 -19.572 1.74698e-06 -1.72926e-06 -1 -163.324 0 0 0 1 
				12
				-0.941204 0.337839 -2.25945e-06 -63.6672 0.337839 0.941204 -1.04252e-06 -17.5288 1.7744e-06 -1.74455e-06 -1 -162.679 0 0 0 1 
				13
				-0.930322 0.366744 -2.31158e-06 -64.1403 0.366744 0.930322 -9.74024e-07 -15.4893 1.79329e-06 -1.75391e-06 -1 -161.722 0 0 0 1 
				14
				-0.918641 0.395094 -2.3488e-06 -64.504 0.395094 0.918641 -9.0297e-07 -13.4866 1.80095e-06 -1.7575e-06 -1 -160.345 0 0 0 1 
				15
				-0.906307 0.42262 -2.36813e-06 -64.7522 0.42262 0.906307 -8.31558e-07 -11.5543 1.79482e-06 -1.75447e-06 -1 -158.439 0 0 0 1 
				16
				-0.893318 0.449425 -2.36566e-06 -64.8822 0.449425 0.893318 -7.59524e-07 -9.70095 1.77194e-06 -1.74168e-06 -1 -155.909 0 0 0 1 
				17
				-0.879569 0.47577 -2.34492e-06 -64.9039 0.47577 0.87957 -6.90375e-07 -7.90772 1.73406e-06 -1.72288e-06 -1 -152.809 0 0 0 1 
				18
				-0.865071 0.501649 -2.30897e-06 -64.8318 0.501649 0.865071 -6.22925e-07 -6.16313 1.68493e-06 -1.69717e-06 -1 -149.274 0 0 0 1 
				19
				-0.849831 0.527056 -2.25998e-06 -64.6793 0.527056 0.849831 -5.5456e-07 -4.45444 1.62832e-06 -1.66242e-06 -1 -145.435 0 0 0 1 
				20
				-0.833856 0.551982 -2.20371e-06 -64.4586 0.551982 0.833856 -4.87668e-07 -2.76904 1.5684e-06 -1.62305e-06 -1 -141.422 0 0 0 1 
				21
				-0.817155 0.576419 -2.14465e-06 -64.1821 0.576419 0.817155 -4.22474e-07 -1.09439 1.50899e-06 -1.58144e-06 -1 -137.363 0 0 0 1 
				22
				-0.79973 0.60036 -2.08634e-06 -63.863 0.60036 0.79973 -3.58518e-07 0.582283 1.45327e-06 -1.53927e-06 -1 -133.392 0 0 0 1 
				23
				-0.781588 0.623796 -2.03424e-06 -63.5145 0.623796 0.781588 -2.97647e-07 2.27327 1.40426e-06 -1.50159e-06 -1 -129.64 0 0 0 1 
		</Joint>
			10
				-1
				-0.0123535 -0.0086993 -0.999886 -110.518 0.0130599 0.999875 -0.00886057 -38.7068 0.999838 -0.0131679 -0.0122384 -167.322 0 0 0 1 
				0
				-0.0970952 -0.0186215 -0.995101 -111.589 -0.0143556 0.999747 -0.0173078 -36.0071 0.995172 0.0126047 -0.097338 -167.048 0 0 0 1 
				1
				-0.18641 -0.0314864 -0.981967 -112.589 -0.0308317 0.999181 -0.0261855 -33.316 0.981988 0.0253945 -0.187228 -166.814 0 0 0 1 
				2
				-0.274983 -0.0464689 -0.960325 -113.522 -0.0475733 0.998265 -0.0346824 -30.6064 0.960271 0.0361488 -0.276716 -166.596 0 0 0 1 
				3
				-0.361068 -0.0618309 -0.930488 -114.389 -0.0602637 0.997261 -0.0428832 -27.8514 0.93059 0.0405909 -0.363805 -166.37 0 0 0 1 
				4
				-0.442437 -0.0758534 -0.893586 -115.187 -0.0680434 0.996384 -0.0508895 -25.0252 0.894214 0.0382873 -0.445999 -166.112 0 0 0 1 
				5
				-0.517167 -0.0868527 -0.851466 -115.911 -0.0704661 0.995781 -0.0587734 -22.1027 0.852979 0.0296039 -0.521105 -165.799 0 0 0 1 
				6
				-0.583726 -0.0932627 -0.806577 -116.555 -0.0672563 0.995521 -0.0664361 -19.0584 0.809161 0.0154669 -0.587384 -165.406 0 0 0 1 
				7
				-0.64106 -0.0937396 -0.761745 -117.108 -0.058202 0.995593 -0.0735357 -15.8675 0.765281 -0.0028057 -0.64369 -164.91 0 0 0 1 
				8
				-0.693435 -0.090482 -0.714816 -117.578 -0.0451814 0.995592 -0.0821929 -12.5049 0.719102 -0.024699 -0.694466 -164.447 0 0 0 1 
				9
				-0.743274 -0.0852054 -0.663538 -117.96 -0.0297259 0.995083 -0.0944813 -8.98408 0.668326 -0.0505013 -0.742152 -164.101 0 0 0 1 
				10
				-0.787578 -0.0762753 -0.611477 -118.23 -0.0113034 0.993931 -0.109424 -5.34608 0.616112 -0.0792679 -0.78366 -163.763 0 0 0 1 
				11
				-0.824234 -0.0624546 -0.562795 -118.369 0.0104766 0.992047 -0.125433 -1.63491 0.566153 -0.109282 -0.817024 -163.324 0 0 0 1 
				12
				-0.852 -0.0429978 -0.521774 -118.363 0.0360028 0.989451 -0.140326 2.10389 0.522304 -0.138343 -0.841463 -162.679 0 0 0 1 
				13
				-0.870128 -0.0175247 -0.492514 -118.204 0.0657674 0.9863 -0.151286 5.82309 0.488418 -0.16403 -0.857054 -161.722 0 0 0 1 
				14
				-0.877864 0.014213 -0.4787 -117.889 0.100345 0.982831 -0.154837 9.47328 0.46828 -0.183961 -0.864218 -160.345 0 0 0 1 
				15
				-0.873917 0.052499 -0.483232 -117.42 0.140117 0.979159 -0.147022 13.0052 0.465442 -0.196194 -0.86306 -158.439 0 0 0 1 
				16
				-0.855491 0.0986558 -0.508333 -116.795 0.185625 0.974867 -0.123195 16.4162 0.483403 -0.199751 -0.852303 -155.909 0 0 0 1 
				17
				-0.821022 0.152605 -0.550123 -116.018 0.235081 0.968495 -0.0821804 19.7405 0.52025 -0.196795 -0.83103 -152.809 0 0 0 1 
				18
				-0.770519 0.212482 -0.600959 -115.103 0.284659 0.958272 -0.0261579 22.989 0.570324 -0.191223 -0.798852 -149.274 0 0 0 1 
				19
				-0.704815 0.276105 -0.653454 -114.065 0.330751 0.9428 0.0416154 26.1741 0.627567 -0.1868 -0.755821 -145.435 0 0 0 1 
				20
				-0.62618 0.34091 -0.701199 -112.916 0.370453 0.921433 0.117164 29.308 0.686049 -0.186395 -0.703273 -141.422 0 0 0 1 
				21
				-0.538658 0.404079 -0.739302 -111.669 0.402042 0.894413 0.195928 32.4028 0.740412 -0.191693 -0.64424 -137.363 0 0 0 1 
				22
				-0.447988 0.462903 -0.764871 -110.337 0.42537 0.862845 0.273056 35.4707 0.786364 -0.203027 -0.583449 -133.392 0 0 0 1 
				23
				-0.360997 0.515206 -0.777332 -108.935 0.441773 0.828556 0.343995 38.5236 0.821291 -0.219223 -0.52671 -129.64 0 0 0 1 
		</Joint>
			11
				-1
				-0.012128 -0.00901105 -0.999886 -110.975 -0.0124055 0.999883 -0.00886057 -38.2237 0.999849 0.0122967 -0.0122384 -130.337 0 0 0 1 
				0
				-0.0938325 -0.03114 -0.995101 -115.18 -0.144772 0.989314 -0.0173077 -36.5381 0.985006 0.142439 -0.097338 -130.236 0 0 0 1 
				1
				-0.173635 -0.0747717 -0.981967 -119.484 -0.266777 0.963402 -0.0261854 -34.4565 0.947988 0.25742 -0.187228 -130.489 0 0 0 1 
				2
				-0.242545 -0.137647 -0.960325 -123.694 -0.38587 0.921901 -0.0346824 -32.3662 0.890099 0.362148 -0.276716 -131.075 0 0 0 1 
				3
				-0.296587 -0.215009 -0.930488 -127.745 -0.494713 0.867998 -0.0428831 -30.0806 0.816881 0.447606 -0.363805 -131.946 0 0 0 1 
				4
				-0.333278 -0.300716 -0.893586 -131.553 -0.590376 0.805522 -0.0508894 -27.5422 0.735107 0.510591 -0.445999 -133.034 0 0 0 1 
				5
				-0.352617 -0.388157 -0.851467 -135.042 -0.67135 0.738807 -0.0587734 -24.7093 0.651882 0.550907 -0.521105 -134.246 0 0 0 1 
				6
				-0.357007 -0.471147 -0.806577 -138.148 -0.737232 0.672365 -0.066436 -21.5463 0.573616 0.570916 -0.587384 -135.474 0 0 0 1 
				7
				-0.35077 -0.544707 -0.761745 -140.822 -0.788512 0.610607 -0.0735357 -18.0205 0.505182 0.574851 -0.64369 -136.602 0 0 0 1 
				8
				-0.335067 -0.613815 -0.714816 -143.228 -0.831402 0.549559 -0.0821928 -14.1762 0.443285 0.566759 -0.694466 -137.847 0 0 0 1 
				9
				-0.308391 -0.681625 -0.663538 -145.454 -0.869253 0.485255 -0.0944813 -10.0837 0.386386 0.547646 -0.742152 -139.379 0 0 0 1 
				10
				-0.274152 -0.742251 -0.611477 -147.363 -0.899748 0.422468 -0.109424 -5.7642 0.339549 0.520177 -0.78366 -140.972 0 0 0 1 
				11
				-0.238019 -0.791586 -0.562795 -148.858 -0.921964 0.366401 -0.125433 -1.24737 0.3055 0.489021 -0.817024 -142.381 0 0 0 1 
				12
				-0.206753 -0.82765 -0.521774 -149.879 -0.93617 0.322328 -0.140326 3.43568 0.284323 0.459456 -0.841463 -143.358 0 0 0 1 
				13
				-0.187267 -0.849918 -0.492514 -150.391 -0.943286 0.295507 -0.151286 8.25589 0.274122 0.436251 -0.857054 -143.655 0 0 0 1 
				14
				-0.186052 -0.858039 -0.4787 -150.362 -0.944082 0.291092 -0.154837 13.1851 0.272202 0.423124 -0.864218 -143.023 0 0 0 1 
				15
				-0.208518 -0.850299 -0.483232 -149.747 -0.938103 0.313604 -0.147022 18.1883 0.276556 0.422664 -0.86306 -141.222 0 0 0 1 
				16
				-0.259332 -0.821185 -0.508333 -148.441 -0.921872 0.36739 -0.123195 23.2827 0.287922 0.43667 -0.852303 -138.027 0 0 0 1 
				17
				-0.333738 -0.765496 -0.550122 -146.388 -0.890585 0.447332 -0.0821803 28.4364 0.308996 0.462504 -0.831031 -133.565 0 0 0 1 
				18
				-0.419402 -0.680405 -0.600959 -143.606 -0.840496 0.541186 -0.0261579 33.5188 0.343028 0.494133 -0.798852 -128.177 0 0 0 1 
				19
				-0.502721 -0.565923 -0.653454 -140.137 -0.770348 0.636264 0.0416154 38.4089 0.392219 0.524308 -0.755821 -122.221 0 0 0 1 
				20
				-0.571114 -0.42679 -0.701199 -136.079 -0.682778 0.721171 0.117164 43.0114 0.45568 0.545676 -0.703273 -116.044 0 0 0 1 
				21
				-0.615633 -0.272816 -0.739302 -131.595 -0.584284 0.787544 0.195928 47.2747 0.52878 0.552582 -0.64424 -109.975 0 0 0 1 
				22
				-0.633389 -0.117437 -0.764871 -126.909 -0.483896 0.831436 0.273056 51.2056 0.603874 0.543069 -0.583449 -104.303 0 0 0 1 
				23
				-0.628583 0.0252944 -0.777332 -122.288 -0.391047 0.853668 0.343995 54.8652 0.672285 0.520203 -0.52671 -99.2599 0 0 0 1 
		</Joint>
			12
				-1
				-0.012128 0.999878 -0.00980725 -112.337 -0.0124055 0.00965676 0.999876 -39.6166 0.999849 0.0122481 0.0122869 -18.0685 0 0 0 1 
				0
