<?xml version='1.0' encoding='UTF-8' ?>
<itpanim>
	<skeleton count>
		25
			0 -1
			1.37091e-06 -1 -6.12323e-17 -3.70664 1 1.37091e-06 -6.12323e-17 5.24382e-06 6.12323e-17 -6.12323e-17 1 87.7185 0 0 0 1 
			1 0
			1.3868e-06 4.78456e-08 -1 -87.7185 2.75771e-06 -1 -4.78418e-08 -3.70664 -1 -2.75771e-06 -1.3868e-06 -0.000132032 0 0 0 1 
			2 1
			1.40269e-06 -0.000796318 -1 -96.7459 0 -1 0.000796318 -12.2718 -1 -1.11699e-09 -1.40269e-06 8.7278e-06 0 0 0 1 
			3 2
			1.40269e-06 -0.000796318 -1 -122.958 0 -1 0.000796318 -12.22 -1 -1.11699e-09 -1.40269e-06 8.58421e-06 0 0 0 1 
			4 3
			1 -0 0 0 0 1 0 0 -0 -0 1 -0 0 0 0 1 
			5 4
			1 1.37091e-06 4.37113e-08 -52.406 -1.37091e-06 1 3.58059e-15 38.7067 -4.37113e-08 -6.35048e-14 1 167.762 0 0 0 1 
			6 5
			0.0123547 0.0130585 0.999838 166.875 0.0086996 0.999875 -0.0131665 35.5314 -0.999886 0.00886086 0.0122396 112.902 0 0 0 1 
			7 6
			0.0121292 -0.0124069 0.999849 128.937 0.00901157 0.999884 0.012298 38.8273 -0.999886 0.00886105 0.0122396 112.902 0 0 0 1 
			8 7
			0.0121292 -0.0124069 0.999849 16.6516 -0.999878 0.00965724 0.0122494 112.933 -0.00980777 -0.999876 -0.0122883 -38.7374 0 0 0 1 
			9 4
			-1 -1.37091e-06 4.37114e-08 -52.406 -1.37091e-06 1 3.84662e-15 38.7067 -4.37115e-08 -5.60777e-14 -1 -167.762 0 0 0 1 
			10 9
			-0.0123548 0.0130585 0.999838 166.875 -0.00870231 0.999875 -0.0131665 35.5314 -0.999886 -0.00886358 -0.0122396 -112.902 0 0 0 1 
			11 10
			-0.0121292 -0.0124069 0.999849 128.937 -0.0090143 0.999884 0.012298 38.8273 -0.999886 -0.00886378 -0.0122396 -112.902 0 0 0 1 
			12 11
			-0.0121292 -0.012407 0.999849 16.6516 0.999878 0.00965998 0.0122494 112.933 -0.0098105 0.999876 0.0122883 38.7374 0 0 0 1 
			13 4
			1.34309e-06 -5.95475e-08 -1 -140.788 -1.40269e-06 -1 5.95456e-08 -65.8358 -1 1.40269e-06 -1.34309e-06 -0.00010659 0 0 0 1 
			14 13
			1 -0 0 0 0 1 0 0 -0 -0 1 -0 0 0 0 1 
			15 2
			1.37145e-06 -0.0998263 0.995005 86.9103 0 -0.995005 -0.0998263 -12.4447 1 1.36907e-07 -1.3646e-06 -49.3066 0 0 0 1 
			16 15
			1.37145e-06 0.0998359 0.995004 49.2248 0 -0.995004 0.0998359 -2.71971 1 -1.3692e-07 -1.3646e-06 -49.3066 0 0 0 1 
			17 16
			1.45937e-06 -4.13125e-13 1 9.69628 0 -1 -4.13125e-13 -3.70627 1 6.02901e-19 -1.45937e-06 -49.3066 0 0 0 1 
			18 17
			1.85191e-06 -1 5.70042e-14 -34.6347 0 -5.70042e-14 -1 -0.678676 1 1.85191e-06 -1.05566e-19 -49.3066 0 0 0 1 
			19 18
			1 -0 0 0 0 1 0 0 -0 -0 1 -0 0 0 0 1 
			20 2
			1.37145e-06 -0.0998313 0.995004 86.9103 0 -0.995004 -0.0998313 -12.4452 1 1.36913e-07 -1.3646e-06 49.3066 0 0 0 1 
			21 20
			1.37145e-06 0.0998339 0.995004 49.2249 0 -0.995004 0.0998339 -2.72 1 -1.36917e-07 -1.3646e-06 49.3066 0 0 0 1 
			22 21
			1.45937e-06 -4.13125e-13 1 9.69632 0 -1 -4.13125e-13 -3.70653 1 6.02901e-19 -1.45937e-06 49.3066 0 0 0 1 
			23 22
			1.85542e-06 -1 2.18875e-13 -34.6349 0 -2.18875e-13 -1 -0.678698 1 1.85542e-06 -4.06104e-19 49.3066 0 0 0 1 
			24 23
			1 -0 0 0 0 1 0 0 -0 -0 1 -0 0 0 0 1 
	</skeleton>
		<animations>
			49
			0
				-1
				1.33158e-06 1 0 -1.62371e-07 -1 1.33158e-06 0 -3.70664 -0 -0 1 -89.5587 0 0 0 1 
				0
				1.33158e-06 1 3.17262e-09 -1.62371e-07 -0.999997 1.33158e-06 -0.00256565 -6.66018 -0.00256565 2.43744e-10 0.999997 -87.6717 0 0 0 1 
				1
				1.33156e-06 1 6.84159e-09 -1.62371e-07 -0.999986 1.33158e-06 -0.00537838 -9.56082 -0.00537838 3.20142e-10 0.999986 -85.8185 0 0 0 1 
				2
				1.33153e-06 1 1.02843e-08 -1.62371e-07 -0.999965 1.33157e-06 -0.00838044 -12.4209 -0.00838044 8.74936e-10 0.999965 -83.9912 0 0 0 1 
				3
				1.33149e-06 1 1.48662e-08 -1.62371e-07 -0.999934 1.33158e-06 -0.0115141 -15.2528 -0.0115141 4.65661e-10 0.999934 -82.182 0 0 0 1 
				4
				1.33144e-06 1 1.9045e-08 -1.62371e-07 -0.999892 1.33157e-06 -0.0147233 -18.0685 -0.0147233 5.60251e-10 0.999892 -80.3831 0 0 0 1 
				5
				1.33137e-06 1 2.30026e-08 -1.62371e-07 -0.999839 1.33156e-06 -0.0179523 -20.88 -0.0179523 9.02213e-10 0.999839 -78.5869 0 0 0 1 
				6
				1.33128e-06 1 2.648e-08 -1.62371e-07 -0.999777 1.33155e-06 -0.0211432 -23.6996 -0.0211432 1.67348e-09 0.999776 -76.7855 0 0 0 1 
				7
				1.33119e-06 1 3.04121e-08 -1.62371e-07 -0.999706 1.33154e-06 -0.0242383 -26.5396 -0.0242383 1.86265e-09 0.999706 -74.971 0 0 0 1 
				8
				1.33109e-06 1 3.53067e-08 -1.62371e-07 -0.999631 1.33156e-06 -0.0271817 -29.412 -0.0271817 8.87674e-10 0.999631 -73.1358 0 0 0 1 
				9
				1.33098e-06 1 3.94884e-08 -1.62371e-07 -0.999552 1.33157e-06 -0.0299176 -32.3289 -0.0299176 3.49224e-10 0.999552 -71.2723 0 0 0 1 
				10
				1.33088e-06 1 4.15333e-08 -1.62371e-07 -0.999475 1.33153e-06 -0.0323883 -35.3025 -0.0323883 1.59346e-09 0.999475 -69.3725 0 0 0 1 
				11
				1.33079e-06 1 4.59876e-08 -1.62371e-07 -0.999403 1.33158e-06 -0.0345361 -38.3453 -0.0345361 -6.6135e-24 0.999403 -67.4285 0 0 0 1 
				12
				1.3307e-06 1 4.67707e-08 -1.62371e-07 -0.999341 1.33152e-06 -0.0363052 -41.4691 -0.0363052 1.57159e-09 0.999341 -65.4328 0 0 0 1 
				13
				1.33064e-06 1 4.91886e-08 -1.62371e-07 -0.999291 1.33155e-06 -0.0376399 -44.6859 -0.0376399 9.31346e-10 0.999291 -63.3776 0 0 0 1 
				14
				1.19753e-06 1 4.59581e-08 -1.62371e-07 -0.999259 1.19842e-06 -0.0384825 -48.0082 -0.0384825 1.60061e-10 0.999259 -61.255 0 0 0 1 
				15
				1.33058e-06 1 4.79044e-08 -1.62371e-07 -0.999248 1.33144e-06 -0.0387754 -51.4482 -0.0387754 3.72529e-09 0.999248 -59.0572 0 0 0 1 
				16
				1.33116e-06 1 3.26801e-08 -1.62371e-07 -0.999687 1.33156e-06 -0.0250315 -58.5936 -0.0250315 6.51147e-10 0.999687 -54.4922 0 0 0 1 
				17
				1.33157e-06 1 5.61709e-09 -1.62371e-07 -0.99999 1.33158e-06 -0.00437681 -66.5235 -0.00437681 2.10992e-10 0.99999 -49.4259 0 0 0 1 
				18
				1.33158e-06 1 -1.30397e-09 -1.62371e-07 -0.999999 1.33158e-06 0.00106039 -68.8038 0.00106039 -1.08032e-10 0.999999 -47.969 0 0 0 1 
				19
				1.33158e-06 1 -5.40977e-11 -1.62371e-07 -1 1.33158e-06 8.16078e-05 -69.4587 8.16078e-05 -5.45697e-11 1 -47.5506 0 0 0 1 
				20
				1.19842e-06 1 3.43496e-09 -1.62371e-07 -0.999996 1.19842e-06 -0.00298327 -69.9344 -0.00298327 1.40262e-10 0.999996 -47.2467 0 0 0 1 
				21
				1.33154e-06 1 9.3923e-09 -1.62371e-07 -0.99997 1.33157e-06 -0.00767643 -70.1905 -0.00767642 8.29457e-10 0.999971 -47.0831 0 0 0 1 
				22
				1.33146e-06 1 1.64157e-08 -1.62371e-07 -0.999911 1.33156e-06 -0.0133348 -70.2614 -0.0133348 1.3406e-09 0.999911 -47.0378 0 0 0 1 
				23
				1.46447e-06 1 2.7331e-08 -1.62371e-07 -0.999814 1.46472e-06 -0.0192952 -70.1815 -0.0192952 9.31323e-10 0.999814 -47.0888 0 0 0 1 
				24
				1.33117e-06 1 3.12266e-08 -1.62371e-07 -0.99969 1.33153e-06 -0.0249156 -69.9841 -0.0249156 1.94995e-09 0.99969 -47.2149 0 0 0 1 
				25
				1.331e-06 1 3.81308e-08 -1.62371e-07 -0.999563 1.33154e-06 -0.0295541 -69.7027 -0.0295541 1.22233e-09 0.999563 -47.3948 0 0 0 1 
				26
				1.46396e-06 1 4.44064e-08 -1.62371e-07 -0.99947 1.46463e-06 -0.0325485 -69.3715 -0.0325485 3.26693e-09 0.99947 -47.6063 0 0 0 1 
				27
				1.33084e-06 1 4.23937e-08 -1.62371e-07 -0.999447 1.33152e-06 -0.0332367 -69.0251 -0.0332367 1.86265e-09 0.999448 -47.8276 0 0 0 1 
				28
				1.59713e-06 1 4.5953e-08 -1.62371e-07 -0.99952 1.59779e-06 -0.0309771 -68.6967 -0.0309771 3.54341e-09 0.99952 -48.0374 0 0 0 1 
				29
				1.33116e-06 1 3.3226e-08 -1.62371e-07 -0.999684 1.33157e-06 -0.0251273 -68.4198 -0.0251273 2.32922e-10 0.999684 -48.2143 0 0 0 1 
				30
				1.33143e-06 1 1.94513e-08 -1.62371e-07 -0.999887 1.33157e-06 -0.015023 -68.2287 -0.015023 5.52906e-10 0.999887 -48.3364 0 0 0 1 
				31
				1.33158e-06 1 0 -1.62371e-07 -1 1.33158e-06 0 -68.1578 -0 -0 1 -48.3817 0 0 0 1 
				32
				1.19819e-06 1 -2.30161e-08 -1.62371e-07 -0.99981 1.19842e-06 0.0195058 -68.1578 0.0195058 -3.60079e-10 0.99981 -48.3817 0 0 0 1 
				33
				1.33038e-06 1 -5.52236e-08 -1.62371e-07 -0.9991 1.33153e-06 0.0424136 -68.1578 0.0424136 -1.25241e-09 0.9991 -48.3817 0 0 0 1 
				34
				1.19562e-06 1 -8.49879e-08 -1.62371e-07 -0.997662 1.19863e-06 0.0683464 -68.1578 0.0683464 3.07276e-09 0.997662 -48.3817 0 0 0 1 
				35
				1.32531e-06 1 -1.2531e-07 -1.62371e-07 -0.995292 1.33122e-06 0.0969169 -68.1578 0.0969169 -3.72529e-09 0.995292 -48.3817 0 0 0 1 
				36
				1.1886e-06 1 -1.45132e-07 -1.62371e-07 -0.991808 1.19741e-06 0.127738 -68.1578 0.127738 -7.88748e-09 0.991808 -48.3817 0 0 0 1 
				37
				1.31434e-06 1 -2.09835e-07 -1.62371e-07 -0.98705 1.33098e-06 0.160413 -68.1578 0.160413 -3.71915e-09 0.98705 -48.3817 0 0 0 1 
				38
				1.43676e-06 1 -2.86185e-07 -1.62371e-07 -0.980897 1.46498e-06 0.194527 -68.1578 0.194527 1.22912e-09 0.980897 -48.3817 0 0 0 1 
				39
				1.42559e-06 1 -3.21081e-07 -1.62371e-07 -0.973271 1.46122e-06 0.22966 -68.1578 0.22966 -1.49012e-08 0.973271 -48.3817 0 0 0 1 
				40
				1.28383e-06 1 -3.50955e-07 -1.62371e-07 -0.964138 1.33093e-06 0.265401 -68.1578 0.265401 -2.35999e-09 0.964138 -48.3817 0 0 0 1 
				41
				1.26968e-06 1 -3.91526e-07 -1.62371e-07 -0.953514 1.32864e-06 0.301347 -68.1578 0.301347 -9.289e-09 0.953514 -48.3817 0 0 0 1 
				42
				1.12828e-06 1 -4.19234e-07 -1.62371e-07 -0.941472 1.20357e-06 0.337091 -68.1578 0.337091 1.43635e-08 0.941472 -48.3817 0 0 0 1 
				43
				1.35948e-06 1 -5.29181e-07 -1.62371e-07 -0.928136 1.45876e-06 0.372241 -68.1578 0.372241 -1.49012e-08 0.928136 -48.3817 0 0 0 1 
				44
				1.21664e-06 1 -5.48571e-07 -1.62371e-07 -0.913679 1.33458e-06 0.406435 -68.1578 0.406435 6.73372e-09 0.913679 -48.3817 0 0 0 1 
				45
				1.31581e-06 1 -6.3654e-07 -1.62371e-07 -0.898323 1.46167e-06 0.439336 -68.1578 0.439336 -6.26445e-09 0.898323 -48.3817 0 0 0 1 
				46
				1.29239e-06 1 -6.52217e-07 -1.62371e-07 -0.882335 1.44727e-06 0.470622 -68.1578 0.470622 -3.27536e-08 0.882335 -48.3817 0 0 0 1 
				47
				1.2685e-06 1 -6.97957e-07 -1.62371e-07 -0.866025 1.44753e-06 0.5 -68.1578 0.5 -2.98023e-08 0.866025 -48.3817 0 0 0 1 
		</Joint>
			1
				-1
				1.33158e-06 2.66316e-06 -1 -1.62371e-07 0 -1 -2.66316e-06 -3.70664 -1 3.54621e-12 -1.33158e-06 -89.5587 0 0 0 1 
				0
				-3.17085e-09 2.66316e-06 -1 -1.62371e-07 0.00256432 -0.999997 -2.66316e-06 -6.66018 -0.999997 -0.00256432 -3.65834e-09 -87.6717 0 0 0 1 
				1
				-6.83982e-09 2.66314e-06 -1 -1.62371e-07 0.00537704 -0.999986 -2.66314e-06 -9.56082 -0.999986 -0.00537704 -7.48011e-09 -85.8185 0 0 0 1 
				2
				-1.02825e-08 2.66311e-06 -1 -1.62371e-07 0.00837911 -0.999965 -2.66311e-06 -12.4209 -0.999965 -0.00837911 -1.20324e-08 -83.9912 0 0 0 1 
				3
				-1.48644e-08 2.66307e-06 -1 -1.62371e-07 0.0115127 -0.999934 -2.66307e-06 -15.2528 -0.999934 -0.0115127 -1.57958e-08 -82.182 0 0 0 1 
				4
				-1.90432e-08 2.66302e-06 -1 -1.62371e-07 0.014722 -0.999892 -2.66301e-06 -18.0685 -0.999892 -0.014722 -2.01638e-08 -80.3831 0 0 0 1 
				5
				-2.30008e-08 2.66295e-06 -1 -1.62371e-07 0.017951 -0.999839 -2.66293e-06 -20.88 -0.999839 -0.017951 -2.48054e-08 -78.5869 0 0 0 1 
				6
				-2.64782e-08 2.66286e-06 -1 -1.62371e-07 0.0211419 -0.999777 -2.66283e-06 -23.6996 -0.999776 -0.0211419 -2.98256e-08 -76.7855 0 0 0 1 
				7
				-3.04103e-08 2.66277e-06 -1 -1.62371e-07 0.024237 -0.999706 -2.66272e-06 -26.5396 -0.999706 -0.024237 -3.41361e-08 -74.971 0 0 0 1 
				8
				-3.53049e-08 2.66267e-06 -1 -1.62371e-07 0.0271804 -0.999631 -2.66264e-06 -29.412 -0.999631 -0.0271804 -3.70806e-08 -73.1358 0 0 0 1 
				9
				-3.94866e-08 2.66257e-06 -1 -1.62371e-07 0.0299163 -0.999552 -2.66255e-06 -32.3289 -0.999552 -0.0299163 -4.01852e-08 -71.2723 0 0 0 1 
				10
				-4.15316e-08 2.66246e-06 -1 -1.62371e-07 0.032387 -0.999475 -2.66241e-06 -35.3025 -0.999475 -0.032387 -4.47193e-08 -69.3725 0 0 0 1 
				11
				-4.59858e-08 2.66237e-06 -1 -1.62371e-07 0.0345348 -0.999403 -2.66237e-06 -38.3453 -0.999403 -0.0345348 -4.59858e-08 -67.4285 0 0 0 1 
				12
				-4.6769e-08 2.66228e-06 -1 -1.62371e-07 0.0363039 -0.999341 -2.66223e-06 -41.4691 -0.999341 -0.0363039 -4.99132e-08 -65.4328 0 0 0 1 
				13
				-4.91868e-08 2.66222e-06 -1 -1.62371e-07 0.0376386 -0.999291 -2.66218e-06 -44.6859 -0.999291 -0.0376386 -5.10501e-08 -63.3776 0 0 0 1 
				14
				-4.59565e-08 2.52912e-06 -1 -1.62371e-07 0.0384812 -0.999259 -2.52901e-06 -48.0082 -0.999259 -0.0384812 -5.14008e-08 -61.255 0 0 0 1 
				15
				-4.79027e-08 2.66216e-06 -1 -1.62371e-07 0.0387741 -0.999248 -2.66202e-06 -51.4482 -0.999248 -0.038774 -5.53561e-08 -59.0572 0 0 0 1 
				16
				-3.26783e-08 2.66274e-06 -1 -1.62371e-07 0.0250302 -0.999687 -2.66273e-06 -58.5936 -0.999687 -0.0250302 -3.39808e-08 -54.4922 0 0 0 1 
				17
				-5.61531e-09 2.66315e-06 -1 -1.62371e-07 0.00437548 -0.99999 -2.66315e-06 -66.5235 -0.99999 -0.00437548 -6.0373e-09 -49.4259 0 0 0 1 
				18
				1.30574e-09 2.66316e-06 -1 -1.62371e-07 -0.00106173 -0.999999 -2.66316e-06 -68.8038 -0.999999 0.00106173 1.5218e-09 -47.969 0 0 0 1 
				19
				5.58708e-11 2.66316e-06 -1 -1.62371e-07 -8.29394e-05 -1 -2.66316e-06 -69.4587 -1 8.29394e-05 1.6501e-10 -47.5506 0 0 0 1 
				20
				-3.43336e-09 2.53e-06 -1 -1.62371e-07 0.00298194 -0.999996 -2.53e-06 -69.9344 -0.999996 -0.00298194 -4.11095e-09 -47.2467 0 0 0 1 
				21
				-9.39052e-09 2.66312e-06 -1 -1.62371e-07 0.00767509 -0.99997 -2.66312e-06 -70.1905 -0.999971 -0.00767509 -1.10495e-08 -47.0831 0 0 0 1 
				22
				-1.64139e-08 2.66304e-06 -1 -1.62371e-07 0.0133335 -0.999911 -2.66302e-06 -70.2614 -0.999911 -0.0133335 -1.90952e-08 -47.0378 0 0 0 1 
				23
				-2.7329e-08 2.79605e-06 -1 -1.62371e-07 0.0192939 -0.999814 -2.79605e-06 -70.1815 -0.999814 -0.0192939 -2.66227e-08 -47.0888 0 0 0 1 
				24
				-3.12248e-08 2.66275e-06 -1 -1.62371e-07 0.0249143 -0.99969 -2.6627e-06 -69.9841 -0.99969 -0.0249143 -3.51253e-08 -47.2149 0 0 0 1 
				25
				-3.81291e-08 2.66258e-06 -1 -1.62371e-07 0.0295528 -0.999563 -2.66254e-06 -69.7027 -0.999563 -0.0295528 -4.05742e-08 -47.3948 0 0 0 1 
				26
				-4.44045e-08 2.79554e-06 -1 -1.62371e-07 0.0325472 -0.99947 -2.79551e-06 -69.3715 -0.99947 -0.0325472 -4.66061e-08 -47.6063 0 0 0 1 
				27
				-4.23919e-08 2.66243e-06 -1 -1.62371e-07 0.0332354 -0.999448 -2.66236e-06 -69.0251 -0.999448 -0.0332354 -4.61182e-08 -47.8276 0 0 0 1 
				28
				-4.59509e-08 2.92871e-06 -1 -1.62371e-07 0.0309757 -0.99952 -2.92873e-06 -68.6967 -0.99952 -0.0309757 -4.47901e-08 -48.0374 0 0 0 1 
				29
				-3.32242e-08 2.66274e-06 -1 -1.62371e-07 0.0251259 -0.999684 -2.66273e-06 -68.4198 -0.999684 -0.0251259 -3.36901e-08 -48.2143 0 0 0 1 
				30
				-1.94496e-08 2.66301e-06 -1 -1.62371e-07 0.0150216 -0.999887 -2.663e-06 -68.2287 -0.999887 -0.0150216 -2.05554e-08 -48.3364 0 0 0 1 
				31
				1.33158e-06 2.66316e-06 -1 -1.62371e-07 0 -1 -2.66316e-06 -68.1578 -1 3.54621e-12 -1.33158e-06 -48.3817 0 0 0 1 
				32
				2.30176e-08 2.52978e-06 -1 -1.62371e-07 -0.0195071 -0.99981 -2.52974e-06 -68.1578 -0.99981 0.0195071 2.63354e-08 -48.3817 0 0 0 1 
				33
				5.52254e-08 2.66196e-06 -1 -1.62371e-07 -0.0424149 -0.9991 -2.66191e-06 -68.1578 -0.9991 0.0424149 5.77313e-08 -48.3817 0 0 0 1 
				34
				8.49894e-08 2.5272e-06 -1 -1.62371e-07 -0.0683478 -0.997662 -2.5271e-06 -68.1578 -0.997662 0.0683478 8.79378e-08 -48.3817 0 0 0 1 
				35
				1.25311e-07 2.65689e-06 -1 -1.62371e-07 -0.0969182 -0.995292 -2.65653e-06 -68.1578 -0.995292 0.0969182 1.3278e-07 -48.3817 0 0 0 1 
				36
				1.45133e-07 2.52019e-06 -1 -1.62371e-07 -0.127739 -0.991808 -2.51808e-06 -68.1578 -0.991808 0.127739 1.77983e-07 -48.3817 0 0 0 1 
				37
				2.09837e-07 2.64592e-06 -1 -1.62371e-07 -0.160415 -0.98705 -2.64531e-06 -68.1578 -0.98705 0.160415 2.17324e-07 -48.3817 0 0 0 1 
				38
				2.86186e-07 2.76834e-06 -1 -1.62371e-07 -0.194529 -0.980897 -2.77113e-06 -68.1578 -0.980897 0.194529 2.57801e-07 -48.3817 0 0 0 1 
				39
				3.21083e-07 2.75717e-06 -1 -1.62371e-07 -0.229661 -0.973271 -2.75721e-06 -68.1578 -0.973271 0.229661 3.20713e-07 -48.3817 0 0 0 1 
				40
				3.50957e-07 2.61541e-06 -1 -1.62371e-07 -0.265402 -0.964138 -2.61476e-06 -68.1578 -0.964138 0.265402 3.55765e-07 -48.3817 0 0 0 1 
				41
				3.91528e-07 2.60126e-06 -1 -1.62371e-07 -0.301348 -0.953514 -2.59833e-06 -68.1578 -0.953514 0.301348 4.10559e-07 -48.3817 0 0 0 1 
				42
				4.19235e-07 2.45986e-06 -1 -1.62371e-07 -0.337092 -0.941472 -2.45721e-06 -68.1578 -0.941472 0.337092 4.34502e-07 -48.3817 0 0 0 1 
				43
				5.29183e-07 2.69106e-06 -1 -1.62371e-07 -0.372242 -0.928136 -2.69465e-06 -68.1578 -0.928136 0.372242 5.10572e-07 -48.3817 0 0 0 1 
				44
				5.48573e-07 2.54822e-06 -1 -1.62371e-07 -0.406437 -0.913679 -2.55121e-06 -68.1578 -0.913679 0.406437 5.34469e-07 -48.3817 0 0 0 1 
				45
				6.36541e-07 2.64739e-06 -1 -1.62371e-07 -0.439338 -0.898322 -2.65786e-06 -68.1578 -0.898322 0.439338 5.91278e-07 -48.3817 0 0 0 1 
				46
				6.52219e-07 2.62397e-06 -1 -1.62371e-07 -0.470623 -0.882334 -2.62217e-06 -68.1578 -0.882334 0.470623 6.59426e-07 -48.3817 0 0 0 1 
				47
				6.97958e-07 2.60008e-06 -1 -1.62371e-07 -0.500001 -0.866025 -2.60071e-06 -68.1578 -0.866025 0.500001 6.95594e-07 -48.3817 0 0 0 1 
		</Joint>
			2
				-1
				1.38782e-06 -1.49834e-06 -1 3.30843e-06 -0.000797649 -1 1.49724e-06 -12.3488 -1 0.000797649 -1.38901e-06 -98.5763 0 0 0 1 
				0
				1.38192e-06 -1.49549e-06 -1 3.27973e-06 0.00390603 -0.999992 1.50087e-06 -15.2792 -0.999992 -0.00390603 -1.37606e-06 -96.7114 0 0 0 1 
				1
				1.37525e-06 -1.49218e-06 -1 3.24645e-06 0.00906263 -0.999959 1.50458e-06 -18.1544 -0.999959 -0.00906263 -1.36167e-06 -94.8824 0 0 0 1 
				2
				1.36859e-06 -1.48878e-06 -1 3.21508e-06 0.0145662 -0.999894 1.50855e-06 -20.9872 -0.999894 -0.0145661 -1.34676e-06 -93.0808 0 0 0 1 
				3
				1.36065e-06 -1.48531e-06 -1 3.17334e-06 0.0203106 -0.999794 1.51264e-06 -23.7906 -0.999794 -0.0203106 -1.3302e-06 -91.2983 0 0 0 1 
				4
				1.35302e-06 -1.48178e-06 -1 3.13509e-06 0.0261931 -0.999657 1.51671e-06 -26.577 -0.999657 -0.0261931 -1.31375e-06 -89.5267 0 0 0 1 
				5
				1.34559e-06 -1.47826e-06 -1 3.09872e-06 0.0321111 -0.999484 1.52071e-06 -29.3589 -0.999484 -0.0321111 -1.29742e-06 -87.7578 0 0 0 1 
				6
				1.33866e-06 -1.47484e-06 -1 3.06658e-06 0.0379586 -0.999279 1.52459e-06 -32.1492 -0.999279 -0.0379586 -1.28171e-06 -85.9834 0 0 0 1 
				7
				1.33138e-06 -1.47155e-06 -1 3.03024e-06 0.0436298 -0.999048 1.52824e-06 -34.9607 -0.999048 -0.0436298 -1.26591e-06 -84.195 0 0 0 1 
				8
				1.32329e-06 -1.4685e-06 -1 2.98518e-06 0.049022 -0.998798 1.5316e-06 -37.8059 -0.998798 -0.049022 -1.24971e-06 -82.3846 0 0 0 1 
				9
				1.31613e-06 -1.46569e-06 -1 2.9465e-06 0.0540332 -0.998539 1.53467e-06 -40.6975 -0.998539 -0.0540332 -1.23501e-06 -80.5439 0 0 0 1 
				10
				1.31139e-06 -1.46314e-06 -1 2.92712e-06 0.0585578 -0.998284 1.53742e-06 -43.6481 -0.998284 -0.0585578 -1.22346e-06 -78.6647 0 0 0 1 
				11
				1.30459e-06 -1.46101e-06 -1 2.88607e-06 0.0624904 -0.998046 1.53968e-06 -46.6709 -0.998046 -0.0624904 -1.21074e-06 -76.7386 0 0 0 1 
				12
				1.30187e-06 -1.45919e-06 -1 2.87825e-06 0.0657292 -0.997838 1.54161e-06 -49.7782 -0.997838 -0.0657292 -1.20315e-06 -74.7576 0 0 0 1 
				13
				1.29799e-06 -1.45788e-06 -1 2.85584e-06 0.0681722 -0.997674 1.54298e-06 -52.9826 -0.997674 -0.0681722 -1.19559e-06 -72.7134 0 0 0 1 
				14
				1.30446e-06 -1.58991e-06 -1 1.73467e-06 0.0697144 -0.997567 1.67698e-06 -56.297 -0.997567 -0.0697144 -1.19045e-06 -70.5979 0 0 0 1 
				15
				1.29803e-06 -1.45667e-06 -1 2.8669e-06 0.0702505 -0.99753 1.54426e-06 -59.7343 -0.99753 -0.0702505 -1.19249e-06 -68.4025 0 0 0 1 
				16
				1.32823e-06 -1.47073e-06 -1 3.00955e-06 0.0450829 -0.998983 1.52911e-06 -67.0074 -0.998983 -0.0450829 -1.26058e-06 -63.7228 0 0 0 1 
				17
				1.37754e-06 -1.49332e-06 -1 3.25756e-06 0.00722647 -0.999974 1.50324e-06 -75.1261 -0.999974 -0.00722647 -1.36672e-06 -58.4811 0 0 0 1 
				18
				1.39025e-06 -1.49958e-06 -1 3.32022e-06 -0.0027417 -0.999996 1.49576e-06 -77.4555 -0.999996 0.0027417 -1.39436e-06 -56.9775 0 0 0 1 
				19
				1.38796e-06 -1.49847e-06 -1 3.30893e-06 -0.000947266 -0.999999 1.49715e-06 -78.1017 -1 0.000947266 -1.38938e-06 -56.5675 0 0 0 1 
				20
				1.38143e-06 -1.62807e-06 -1 2.12653e-06 0.00467167 -0.999989 1.6345e-06 -78.5497 -0.999989 -0.00467167 -1.37381e-06 -56.29 0 0 0 1 
				21
				1.37024e-06 -1.48959e-06 -1 3.2232e-06 0.0132756 -0.999912 1.50765e-06 -78.7632 -0.999912 -0.0132756 -1.35034e-06 -56.1666 0 0 0 1 
				22
				1.35715e-06 -1.48329e-06 -1 3.15909e-06 0.023648 -0.99972 1.51497e-06 -78.7825 -0.99972 -0.023648 -1.32169e-06 -56.1696 0 0 0 1 
				23
				1.33777e-06 -1.34374e-06 -1 4.20995e-06 0.0345722 -0.999402 1.38918e-06 -78.6481 -0.999402 -0.0345722 -1.29052e-06 -56.2712 0 0 0 1 
				24
				1.32983e-06 -1.47084e-06 -1 3.02268e-06 0.0448706 -0.998993 1.52903e-06 -78.399 -0.998993 -0.0448706 -1.26249e-06 -56.4446 0 0 0 1 
				25
				1.31788e-06 -1.46604e-06 -1 2.95888e-06 0.0533674 -0.998575 1.53428e-06 -78.0746 -0.998575 -0.0533674 -1.23776e-06 -56.6633 0 0 0 1 
				26
				1.30484e-06 -1.33e-06 -1 4.0513e-06 0.0588512 -0.998267 1.40449e-06 -77.7156 -0.998267 -0.0588512 -1.22431e-06 -56.8999 0 0 0 1 
				27
				1.3096e-06 -1.46226e-06 -1 2.91901e-06 0.0601113 -0.998192 1.53834e-06 -77.3628 -0.998192 -0.0601113 -1.21934e-06 -57.1269 0 0 0 1 
				28
				1.30185e-06 -1.19863e-06 -1 5.18827e-06 0.0559735 -0.998432 1.26962e-06 -77.0555 -0.998432 -0.0559735 -1.23272e-06 -57.3179 0 0 0 1 
				29
				1.3276e-06 -1.47066e-06 -1 3.00459e-06 0.0452584 -0.998975 1.52923e-06 -76.8327 -0.998975 -0.0452584 -1.25968e-06 -57.4458 0 0 0 1 
				30
				1.3523e-06 -1.48145e-06 -1 3.13136e-06 0.0267423 -0.999642 1.51708e-06 -76.7344 -0.999642 -0.0267423 -1.3122e-06 -57.4826 0 0 0 1 
				31
				1.38782e-06 -1.49834e-06 -1 3.30842e-06 -0.000797649 -1 1.49724e-06 -76.8 -1 0.000797649 -1.38901e-06 -57.3993 0 0 0 1 
				32
				1.4291e-06 -1.65482e-06 -1 2.36372e-06 -0.0365524 -0.999332 1.60148e-06 -76.9743 -0.999332 0.0365524 -1.48863e-06 -57.2294 0 0 0 1 
				33
				1.48717e-06 -1.55139e-06 -1 3.79714e-06 -0.0784984 -0.996914 1.42986e-06 -77.1747 -0.996914 0.0784984 -1.60436e-06 -57.0254 0 0 0 1 
				34
				1.53521e-06 -1.72012e-06 -1 2.90161e-06 -0.125862 -0.992048 1.51322e-06 -77.3962 -0.992048 0.125862 -1.7395e-06 -56.7888 0 0 0 1 
				35
				1.6107e-06 -1.63113e-06 -1 4.38689e-06 -0.177807 -0.984065 1.31874e-06 -77.6335 -0.984065 0.177807 -1.87506e-06 -56.521 0 0 0 1 
				36
				1.64473e-06 -1.81118e-06 -1 3.38508e-06 -0.233451 -0.972368 1.37717e-06 -77.8815 -0.972368 0.233451 -2.0221e-06 -56.2237 0 0 0 1 
				37
				1.75163e-06 -1.74093e-06 -1 5.0563e-06 -0.291854 -0.956463 1.15391e-06 -78.1353 -0.956463 0.291854 -2.18347e-06 -55.8989 0 0 0 1 
				38
				1.87603e-06 -1.68363e-06 -1 6.80415e-06 -0.352011 -0.935996 9.15489e-07 -78.39 -0.935996 0.352011 -2.34862e-06 -55.5492 0 0 0 1 
				39
				1.93993e-06 -1.75801e-06 -1 7.0236e-06 -0.412897 -0.910778 8.00163e-07 -78.6413 -0.910778 0.412897 -2.49272e-06 -55.1773 0 0 0 1 
				40
				1.96778e-06 -1.96297e-06 -1 6.0692e-06 -0.473506 -0.88079 7.97208e-07 -78.8851 -0.88079 0.473506 -2.66268e-06 -54.7866 0 0 0 1 
				41
				2.02781e-06 -2.04878e-06 -1 6.31428e-06 -0.532872 -0.846196 6.53108e-07 -79.1179 -0.846196 0.532872 -2.80766e-06 -54.3807 0 0 0 1 
				42
				2.03609e-06 -2.25632e-06 -1 5.34353e-06 -0.590069 -0.807353 6.20218e-07 -79.3367 -0.807353 0.590069 -2.97522e-06 -53.9636 0 0 0 1 
				43
				2.22813e-06 -2.13525e-06 -1 8.33533e-06 -0.644273 -0.764796 1.97502e-07 -79.5391 -0.764796 0.644273 -3.07975e-06 -53.54 0 0 0 1 
				44
				2.21611e-06 -2.34532e-06 -1 7.27715e-06 -0.694798 -0.719206 1.47019e-07 -79.7231 -0.719206 0.694798 -3.22336e-06 -53.1144 0 0 0 1 
				45
				2.34652e-06 -2.35307e-06 -1 8.92968e-06 -0.7411 -0.671395 -1.59164e-07 -79.8878 -0.671395 0.7411 -3.3193e-06 -52.6919 0 0 0 1 
				46
				2.36289e-06 -2.44967e-06 -1 8.8702e-06 -0.782781 -0.622297 -3.25205e-07 -80.0324 -0.622297 0.782781 -3.38798e-06 -52.2776 0 0 0 1 
				47
				2.40236e-06 -2.55696e-06 -1 9.07796e-06 -0.819609 -0.572923 -5.04054e-07 -80.1571 -0.572923 0.819609 -3.47208e-06 -51.8768 0 0 0 1 
		</Joint>
			3
				-1
				1.38782e-06 -1.49834e-06 -1 3.96205e-05 -0.000797649 -1 1.49724e-06 -12.318 -1 0.000797649 -1.38901e-06 -124.789 0 0 0 1 
				0
				1.37918e-06 -1.49249e-06 -1 3.94368e-05 0.00604404 -0.999982 1.5008e-06 -15.125 -0.999982 -0.00604404 -1.37013e-06 -122.923 0 0 0 1 
				1
				1.36949e-06 -1.48603e-06 -1 3.92284e-05 0.0135443 -0.999908 1.50444e-06 -17.8651 -0.999908 -0.0135443 -1.34924e-06 -121.093 0 0 0 1 
				2
				1.35959e-06 -1.47926e-06 -1 3.90223e-05 0.0215488 -0.999768 1.50821e-06 -20.5537 -0.999768 -0.0215488 -1.3274e-06 -119.289 0 0 0 1 
				3
				1.34823e-06 -1.47231e-06 -1 3.87721e-05 0.0299028 -0.999553 1.51197e-06 -23.2065 -0.999553 -0.0299028 -1.3036e-06 -117.504 0 0 0 1 
				4
				1.33707e-06 -1.46527e-06 -1 3.85335e-05 0.0384565 -0.99926 1.51561e-06 -25.8387 -0.99926 -0.0384565 -1.27973e-06 -115.728 0 0 0 1 
				5
				1.32606e-06 -1.45828e-06 -1 3.83018e-05 0.0470603 -0.998892 1.51907e-06 -28.4655 -0.998892 -0.0470603 -1.25596e-06 -113.954 0 0 0 1 
				6
				1.31557e-06 -1.45145e-06 -1 3.80877e-05 0.0555598 -0.998455 1.5223e-06 -31.1025 -0.998455 -0.0555598 -1.2329e-06 -112.174 0 0 0 1 
				7
				1.3048e-06 -1.44493e-06 -1 3.78601e-05 0.0638008 -0.997963 1.52523e-06 -33.7654 -0.997963 -0.0638008 -1.20996e-06 -110.379 0 0 0 1 
				8
				1.29338e-06 -1.43886e-06 -1 3.76027e-05 0.0716345 -0.997431 1.52781e-06 -36.4693 -0.997431 -0.0716345 -1.18699e-06 -108.562 0 0 0 1 
				9
				1.28311e-06 -1.43328e-06 -1 3.73761e-05 0.0789125 -0.996882 1.53007e-06 -39.2295 -0.996881 -0.0789125 -1.16601e-06 -106.714 0 0 0 1 
				10
				1.27554e-06 -1.42822e-06 -1 3.72322e-05 0.0854818 -0.99634 1.53202e-06 -42.0616 -0.99634 -0.0854818 -1.14879e-06 -104.828 0 0 0 1 
				11
				1.26627e-06 -1.424e-06 -1 3.70128e-05 0.0911901 -0.995834 1.53354e-06 -44.9813 -0.995834 -0.0911901 -1.13114e-06 -102.895 0 0 0 1 
				12
				1.26151e-06 -1.42041e-06 -1 3.69335e-05 0.09589 -0.995392 1.53483e-06 -48.0038 -0.995392 -0.09589 -1.11949e-06 -100.908 0 0 0 1 
				13
				1.25608e-06 -1.41782e-06 -1 3.68093e-05 0.0994346 -0.995044 1.53569e-06 -51.1441 -0.995044 -0.0994346 -1.10888e-06 -98.8598 0 0 0 1 
				14
				1.26583e-06 -1.54868e-06 -1 3.58644e-05 0.101672 -0.994818 1.66936e-06 -54.4181 -0.994818 -0.101672 -1.10181e-06 -96.7413 0 0 0 1 
				15
				1.2548e-06 -1.41541e-06 -1 3.68212e-05 0.102449 -0.994738 1.53652e-06 -57.8414 -0.994738 -0.102449 -1.10319e-06 -94.5449 0 0 0 1 
				16
				1.30077e-06 -1.44334e-06 -1 3.7757e-05 0.0659122 -0.997825 1.52593e-06 -65.774 -0.997825 -0.0659122 -1.2028e-06 -89.9052 0 0 0 1 
				17
				1.37286e-06 -1.4883e-06 -1 3.92998e-05 0.0108737 -0.999941 1.50314e-06 -74.885 -0.999941 -0.0108737 -1.3566e-06 -84.6923 0 0 0 1 
				18
				1.39138e-06 -1.5008e-06 -1 3.96962e-05 -0.00362536 -0.999993 1.49575e-06 -77.4756 -0.999993 0.00362536 -1.39681e-06 -83.19 0 0 0 1 
				19
				1.38805e-06 -1.49855e-06 -1 3.96247e-05 -0.00101527 -0.999999 1.49714e-06 -78.0747 -1 0.00101527 -1.38957e-06 -82.78 0 0 0 1 
				20
				1.37858e-06 -1.62464e-06 -1 3.82778e-05 0.0071577 -0.999974 1.63446e-06 -78.3755 -0.999974 -0.0071577 -1.36692e-06 -82.5018 0 0 0 1 
				21
				1.362e-06 -1.48085e-06 -1 3.90736e-05 0.0196718 -0.999806 1.50736e-06 -78.3635 -0.999806 -0.0196718 -1.3326e-06 -82.3758 0 0 0 1 
				22
				1.34273e-06 -1.46829e-06 -1 3.86657e-05 0.0347559 -0.999396 1.51407e-06 -78.1109 -0.999396 -0.0347559 -1.29088e-06 -82.3729 0 0 0 1 
				23
				1.31461e-06 -1.32241e-06 -1 3.92012e-05 0.0506378 -0.998717 1.38728e-06 -77.6901 -0.998717 -0.0506378 -1.24596e-06 -82.4654 0 0 0 1 
				24
				1.30249e-06 -1.44351e-06 -1 3.78119e-05 0.0656037 -0.997846 1.52585e-06 -77.1711 -0.997846 -0.0656037 -1.20499e-06 -82.6273 0 0 0 1 
				25
				1.28528e-06 -1.43398e-06 -1 3.74345e-05 0.0779457 -0.996958 1.5298e-06 -76.6241 -0.996958 -0.0779457 -1.16959e-06 -82.8344 0 0 0 1 
				26
				1.2652e-06 -1.29514e-06 -1 3.81778e-05 0.0859077 -0.996303 1.39904e-06 -76.1214 -0.996303 -0.0859077 -1.14926e-06 -83.0625 0 0 0 1 
				27
				1.27278e-06 -1.4265e-06 -1 3.71772e-05 0.0877369 -0.996144 1.53266e-06 -75.7356 -0.996144 -0.0877369 -1.14271e-06 -83.2874 0 0 0 1 
				28
				1.26076e-06 -1.16554e-06 -1 3.92298e-05 0.0817298 -0.996655 1.26468e-06 -75.5367 -0.996655 -0.0817298 -1.16128e-06 -83.485 0 0 0 1 
				29
				1.30002e-06 -1.44314e-06 -1 3.77354e-05 0.066167 -0.997808 1.526e-06 -75.5947 -0.997809 -0.066167 -1.20169e-06 -83.628 0 0 0 1 
				30
				1.33601e-06 -1.46462e-06 -1 3.85107e-05 0.039255 -0.999229 1.51593e-06 -75.9817 -0.999229 -0.039255 -1.27749e-06 -83.6837 0 0 0 1 
				31
				1.38782e-06 -1.49834e-06 -1 3.96205e-05 -0.000797649 -1 1.49724e-06 -76.7691 -1 0.000797649 -1.38901e-06 -83.6118 0 0 0 1 
				32
				1.4471e-06 -1.6782e-06 -1 3.97673e-05 -0.0527919 -0.998606 1.59947e-06 -77.8807 -0.998605 0.0527919 -1.53368e-06 -83.427 0 0 0 1 
				33
				1.52945e-06 -1.60472e-06 -1 4.27191e-05 -0.113688 -0.993516 1.42044e-06 -79.1809 -0.993516 0.113688 -1.70197e-06 -83.1629 0 0 0 1 
				34
				1.59273e-06 -1.80929e-06 -1 4.30932e-05 -0.182174 -0.983266 1.48886e-06 -80.6445 -0.983266 0.182174 -1.89568e-06 -82.8022 0 0 0 1 
				35
				1.69775e-06 -1.76501e-06 -1 4.65552e-05 -0.256741 -0.96648 1.26997e-06 -82.2442 -0.96648 0.256741 -2.094e-06 -82.329 0 0 0 1 
				36
				1.7379e-06 -1.99189e-06 -1 4.6457e-05 -0.335716 -0.941963 1.29284e-06 -83.9521 -0.941963 0.335716 -2.30575e-06 -81.7293 0 0 0 1 
				37
				1.8741e-06 -1.98468e-06 -1 5.093e-05 -0.417255 -0.90879 1.02168e-06 -85.7384 -0.90879 0.417255 -2.53128e-06 -80.9918 0 0 0 1 
				38
				2.02816e-06 -2.00282e-06 -1 5.59397e-05 -0.499365 -0.866392 7.22434e-07 -87.5722 -0.866392 0.499365 -2.75732e-06 -80.1098 0 0 0 1 
				39
				2.09878e-06 -2.14917e-06 -1 5.78417e-05 -0.580008 -0.814611 5.33433e-07 -89.4221 -0.814611 0.580008 -2.95622e-06 -79.0811 0 0 0 1 
				40
				2.09863e-06 -2.42001e-06 -1 5.76312e-05 -0.657215 -0.753703 4.44721e-07 -91.2578 -0.753703 0.657215 -3.17221e-06 -77.9083 0 0 0 1 
				41
				2.14508e-06 -2.58391e-06 -1 5.94582e-05 -0.729149 -0.684355 2.04225e-07 -93.0504 -0.684355 0.729149 -3.35205e-06 -76.5993 0 0 0 1 
				42
				2.09927e-06 -2.85284e-06 -1 5.87184e-05 -0.794185 -0.607676 6.63944e-08 -94.7724 -0.607676 0.794185 -3.54136e-06 -75.1674 0 0 0 1 
				43
				2.31603e-06 -2.86357e-06 -1 6.67448e-05 -0.85102 -0.525134 -4.67224e-07 -96.3998 -0.525134 0.85102 -3.65318e-06 -73.6312 0 0 0 1 
				44
				2.22904e-06 -3.12849e-06 -1 6.53852e-05 -0.898758 -0.438444 -6.31701e-07 -97.9128 -0.438444 0.898758 -3.78906e-06 -72.0131 0 0 0 1 
				45
				2.33556e-06 -3.25123e-06 -1 7.04624e-05 -0.936936 -0.349502 -1.05197e-06 -99.2957 -0.349502 0.936936 -3.86247e-06 -70.3393 0 0 0 1 
				46
				2.29725e-06 -3.41455e-06 -1 7.08406e-05 -0.965525 -0.26031 -1.32921e-06 -100.538 -0.26031 0.965525 -3.89484e-06 -68.6395 0 0 0 1 
				47
				2.26883e-06 -3.59254e-06 -1 7.20921e-05 -0.984946 -0.172863 -1.61366e-06 -101.632 -0.172863 0.984946 -3.93066e-06 -66.9455 0 0 0 1 
		</Joint>
			4
		</Joint>
			5
				-1
				1 -3.96436e-06 1.2698e-06 52.4061 3.96436e-06 1 1.36437e-06 -38.7067 -1.26981e-06 -1.36436e-06 1 -169.602 0 0 0 1 
				0
				1 -1.35364e-06 8.96692e-06 52.4065 1.41496e-06 0.999977 -0.00684167 -41.2104 -8.95745e-06 0.00684167 0.999977 -167.916 0 0 0 1 
				1
				1 -1.18028e-06 -1.23761e-06 52.4049 1.16241e-06 0.999897 -0.0143406 -43.6087 1.25441e-06 0.0143406 0.999897 -166.28 0 0 0 1 
				2
				1 -1.03125e-06 -8.06641e-07 52.404 1.01296e-06 0.99975 -0.0223445 -45.931 8.29483e-07 0.0223445 0.99975 -164.681 0 0 0 1 
				3
				1 -1.46382e-06 -1.45645e-06 52.4061 1.41842e-06 0.999529 -0.0306986 -48.2071 1.5007e-06 0.0306986 0.999529 -163.106 0 0 0 1 
				4
				1 -1.23103e-06 -5.08664e-07 52.4072 1.21012e-06 0.999229 -0.0392522 -50.452 5.56593e-07 0.0392522 0.999229 -161.543 0 0 0 1 
				5
				1 -1.53621e-06 3.72177e-05 52.4051 3.31527e-06 0.998855 -0.0478486 -52.6799 -3.71016e-05 0.0478486 0.998855 -159.981 0 0 0 1 
				6
				1 9.34562e-09 -0.000406548 52.4022 -2.29331e-05 0.998409 -0.0563863 -54.9222 0.000405901 0.0563863 0.998409 -158.381 0 0 0 1 
				7
				1 -1.07311e-06 -1.35194e-06 52.4061 9.83542e-07 0.997912 -0.0645955 -57.2043 1.41843e-06 0.0645955 0.997912 -156.803 0 0 0 1 
				8
				1 -9.26594e-07 0.000135653 52.4083 1.07517e-05 0.997372 -0.0724462 -59.5461 -0.000135229 0.0724462 0.997372 -155.176 0 0 0 1 
				9
				1 -1.86708e-06 8.49381e-06 52.4053 2.53817e-06 0.996818 -0.0797087 -61.9632 -8.31797e-06 0.0797087 0.996818 -153.488 0 0 0 1 
				10
				1 -1.12279e-06 -1.1267e-06 52.4033 1.0214e-06 0.996272 -0.0862751 -64.4835 1.21937e-06 0.0862752 0.996271 -151.75 0 0 0 1 
				11
				1 -1.05877e-06 -1.35013e-06 52.4061 9.30091e-07 0.995761 -0.0919831 -67.1361 1.44179e-06 0.0919831 0.995761 -149.946 0 0 0 1 
				12
				1 -1.06173e-06 -9.38391e-07 52.4083 9.66025e-07 0.995315 -0.0966828 -69.9389 1.03665e-06 0.0966829 0.995315 -148.063 0 0 0 1 
				13
				1 -1.8981e-06 -1.30208e-06 52.4056 1.75804e-06 0.994965 -0.100227 -72.9094 1.48577e-06 0.100227 0.994965 -146.092 0 0 0 1 
				14
				1 -1.44023e-06 8.90106e-06 52.4034 2.34468e-06 0.994737 -0.102463 -76.0751 -8.70664e-06 0.102463 0.994737 -144.022 0 0 0 1 
				15
				1 1.54536e-06 -4.02951e-06 52.4061 -1.95312e-06 0.994656 -0.103241 -79.4625 3.84843e-06 0.103241 0.994656 -141.843 0 0 0 1 
				16
				1 -1.86995e-06 -4.99072e-06 52.4098 1.53287e-06 0.997773 -0.0667067 -89.1129 5.10434e-06 0.0667067 0.997773 -136.379 0 0 0 1 
				17
				1 2.58202e-08 1.80879e-06 52.4032 -4.71006e-09 0.999932 -0.0116699 -100.75 -1.80897e-06 0.0116699 0.999932 -129.81 0 0 0 1 
				18
				1 1.76333e-06 -4.69951e-06 52.4067 -1.75003e-06 0.999996 0.00282901 -103.991 4.70448e-06 -0.00282901 0.999996 -127.928 0 0 0 1 
				19
				1 1.49526e-06 -4.11573e-06 52.4061 -1.49435e-06 1 0.00021899 -104.473 4.11606e-06 -0.000218989 1 -127.587 0 0 0 1 
				20
				1 1.62137e-06 -4.10513e-06 52.4061 -1.65397e-06 0.999968 -0.00795396 -104.407 4.0921e-06 0.00795396 0.999968 -127.523 0 0 0 1 
				21
				1 1.47759e-06 -4.08776e-06 52.4061 -1.56095e-06 0.99979 -0.0204679 -103.829 4.05666e-06 0.0204679 0.999791 -127.72 0 0 0 1 
				22
				1 1.46505e-06 -4.06829e-06 52.4061 -1.60876e-06 0.999368 -0.0355516 -102.89 4.01364e-06 0.0355516 0.999368 -128.096 0 0 0 1 
				23
				1 1.3192e-06 -4.04027e-06 52.4061 -1.52526e-06 0.998677 -0.0514331 -101.739 3.96707e-06 0.0514331 0.998677 -128.576 0 0 0 1 
				24
				1 1.4403e-06 -4.02876e-06 52.4061 -1.70462e-06 0.997793 -0.0663982 -100.526 3.92424e-06 0.0663982 0.997793 -129.094 0 0 0 1 
				25
				1 1.43078e-06 -4.01228e-06 52.4061 -1.74227e-06 0.996895 -0.0787395 -99.4023 3.88716e-06 0.0787395 0.996895 -129.586 0 0 0 1 
				26
				1 1.29196e-06 -3.99295e-06 52.4061 -1.63329e-06 0.996235 -0.0867011 -98.5254 3.8659e-06 0.0867011 0.996235 -129.995 0 0 0 1 
				27
				1 1.42331e-06 -4.00154e-06 52.4061 -1.77198e-06 0.996074 -0.0885301 -98.0534 3.85982e-06 0.0885301 0.996074 -130.261 0 0 0 1 
				28
				1 1.16237e-06 -3.99017e-06 52.4061 -1.48768e-06 0.996589 -0.0825234 -98.1373 3.88064e-06 0.0825234 0.996589 -130.323 0 0 0 1 
				29
				1 1.43993e-06 -4.03038e-06 52.4061 -1.70658e-06 0.997755 -0.0669616 -98.9234 3.92491e-06 0.0669616 0.997756 -130.108 0 0 0 1 
				30
				1 1.46138e-06 -4.06688e-06 52.4061 -1.62309e-06 0.999198 -0.0400507 -100.554 4.00509e-06 0.0400507 0.999198 -129.518 0 0 0 1 
				31
				1 1.49506e-06 -4.1189e-06 52.4061 -1.49506e-06 1 1.36436e-06 -103.158 4.1189e-06 -1.36435e-06 1 -128.425 0 0 0 1 
				32
				1 1.67488e-06 -4.17832e-06 52.4061 -1.45536e-06 0.998647 0.0519967 -106.564 4.25976e-06 -0.0519967 0.998647 -126.807 0 0 0 1 
				33
				1 1.60133e-06 -4.26061e-06 52.4061 -1.11008e-06 0.993607 0.112897 -110.46 4.41416e-06 -0.112897 0.993607 -124.71 0 0 0 1 
				34
				1 1.80585e-06 -4.32406e-06 52.4061 -9.91545e-07 0.983411 0.181391 -114.724 4.57989e-06 -0.181391 0.983411 -122.085 0 0 0 1 
				35
				1 1.76149e-06 -4.42904e-06 52.4061 -5.69092e-07 0.966684 0.255971 -119.225 4.73238e-06 -0.255971 0.966684 -118.894 0 0 0 1 
				36
				1 1.98833e-06 -4.46937e-06 52.4061 -3.76374e-07 0.94223 0.334966 -123.827 4.8772e-06 -0.334966 0.94223 -115.114 0 0 0 1 
				37
				1 1.98102e-06 -4.60556e-06 52.4061 1.17376e-07 0.909121 0.416531 -128.395 5.01217e-06 -0.416531 0.909121 -110.741 0 0 0 1 
				38
				1 1.99903e-06 -4.75964e-06 52.4062 6.40776e-07 0.866789 0.498675 -132.793 5.12247e-06 -0.498675 0.866789 -105.794 0 0 0 1 
				39
				1 2.14533e-06 -4.83038e-06 52.4062 1.04993e-06 0.815073 0.579359 -136.894 5.18002e-06 -0.579359 0.815073 -100.319 0 0 0 1 
				40
				1 2.41617e-06 -4.83044e-06 52.4062 1.3494e-06 0.754226 0.656615 -140.586 5.22974e-06 -0.656615 0.754226 -94.3803 0 0 0 1 
				41
				1 2.58003e-06 -4.87703e-06 52.4062 1.78627e-06 0.684935 0.728604 -143.776 5.22027e-06 -0.728604 0.684935 -88.0664 0 0 0 1 
				42
				1 2.849e-06 -4.83143e-06 52.4061 2.10164e-06 0.608309 0.793701 -146.393 5.20025e-06 -0.793701 0.608309 -81.4828 0 0 0 1 
				43
				1 2.85955e-06 -5.0482e-06 52.4062 2.79041e-06 0.525812 0.850601 -148.393 5.08674e-06 -0.850601 0.525812 -74.7482 0 0 0 1 
				44
				1 3.12454e-06 -4.96142e-06 52.4061 3.08521e-06 0.43916 0.898409 -149.762 4.98597e-06 -0.898409 0.43916 -67.9853 0 0 0 1 
				45
				1 3.24719e-06 -5.06804e-06 52.4062 3.6097e-06 0.350248 0.936657 -150.513 4.81657e-06 -0.936657 0.350248 -61.3177 0 0 0 1 
				46
				1 3.41055e-06 -5.02986e-06 52.4061 3.96498e-06 0.261079 0.965317 -150.686 4.60545e-06 -0.965317 0.261079 -54.8657 0 0 0 1 
				47
				1 3.58856e-06 -5.00158e-06 52.4062 4.30245e-06 0.173647 0.984808 -150.347 4.40255e-06 -0.984808 0.173647 -48.7392 0 0 0 1 
		</Joint>
			6
				-1
				0.012356 0.00869693 -0.999886 110.519 0.0130599 0.999875 0.00885823 -38.7065 0.999838 -0.0131679 0.0122409 -169.602 0 0 0 1 
				0
				0.0117509 0.00877981 -0.999893 110.519 -0.00179274 0.99996 0.00875933 -41.2103 0.999929 0.00168961 0.0117662 -167.917 0 0 0 1 
				1
				0.0111251 0.00884831 -0.999899 110.517 -0.0161476 0.999832 0.00866806 -43.6087 0.999808 0.0160495 0.0112661 -166.28 0 0 0 1 
				2
				0.0105123 0.00890726 -0.999905 110.517 -0.030196 0.999507 0.00858625 -45.9309 0.999489 0.0301029 0.010776 -164.681 0 0 0 1 
				3
				0.00989318 0.00895652 -0.999911 110.519 -0.0439865 0.998996 0.00851312 -48.207 0.998983 0.0438983 0.0102772 -163.106 0 0 0 1 
				4
				0.00928946 0.00899901 -0.999916 110.52 -0.0576171 0.998303 0.00844921 -50.452 0.998295 0.0575338 0.00979219 -161.543 0 0 0 1 
				5
				0.00873789 0.00903552 -0.999921 110.518 -0.0711917 0.997427 0.00839087 -52.6797 0.997424 0.0711127 0.00935866 -159.983 0 0 0 1 
				6
				0.00770033 0.00905502 -0.99993 110.515 -0.0848696 0.996357 0.0083691 -54.9235 0.996362 0.0847992 0.00844077 -158.357 0 0 0 1 
				7
				0.00750091 0.00908993 -0.99993 110.519 -0.0986392 0.995089 0.00830598 -57.2042 0.995095 0.0985701 0.0083607 -156.803 0 0 0 1 
				8
				0.00702315 0.00911517 -0.999934 110.521 -0.11272 0.993593 0.00826567 -59.5455 0.993602 0.112654 0.00800561 -155.183 0 0 0 1 
				9
				0.00626933 0.00912318 -0.999939 110.518 -0.12713 0.991852 0.00825233 -61.963 0.991866 0.12707 0.00737808 -153.489 0 0 0 1 
				10
				0.00561588 0.00913145 -0.999943 110.516 -0.142016 0.98983 0.00824151 -64.4834 0.989848 0.141961 0.00685558 -151.75 0 0 0 1 
				11
				0.00495052 0.00913313 -0.999946 110.519 -0.157467 0.98749 0.00823977 -67.1361 0.987512 0.157418 0.00632675 -149.946 0 0 0 1 
				12
				0.00426147 0.00912654 -0.999949 110.521 -0.173576 0.984786 0.00824842 -69.9389 0.984811 0.173532 0.00578079 -148.063 0 0 0 1 
				13
				0.00354485 0.00910946 -0.999952 110.518 -0.190436 0.981665 0.00826776 -72.9093 0.981693 0.190397 0.00521462 -146.092 0 0 0 1 
				14
				0.00280769 0.00908378 -0.999955 110.516 -0.208138 0.978065 0.00830051 -76.0749 0.978096 0.208105 0.00463677 -144.023 0 0 0 1 
				15
				0.00201195 0.00904354 -0.999957 110.519 -0.226774 0.973912 0.00835171 -79.4626 0.973945 0.226747 0.00401029 -141.843 0 0 0 1 
				16
				0.000208256 0.00889854 -0.99996 110.522 -0.274426 0.961571 0.00849976 -89.1128 0.961608 0.274414 0.00264225 -136.379 0 0 0 1 
				17
				-0.00194856 0.00857348 -0.999961 110.516 -0.329924 0.943967 0.0087363 -100.75 0.944005 0.329928 0.00098922 -129.811 0 0 0 1 
				18
