<?xml version='1.0' encoding='UTF-8' ?>
<itpanim>
	<skeleton count>
		25
			0 -1
			1.37091e-06 -1 -6.12323e-17 -3.70664 1 1.37091e-06 -6.12323e-17 5.24382e-06 6.12323e-17 -6.12323e-17 1 87.7185 0 0 0 1 
			1 0
			1.3868e-06 4.78456e-08 -1 -87.7185 2.75771e-06 -1 -4.78418e-08 -3.70664 -1 -2.75771e-06 -1.3868e-06 -0.000132032 0 0 0 1 
			2 1
			1.40269e-06 -0.000796318 -1 -96.7459 0 -1 0.000796318 -12.2718 -1 -1.11699e-09 -1.40269e-06 8.7278e-06 0 0 0 1 
			3 2
			1.40269e-06 -0.000796318 -1 -122.958 0 -1 0.000796318 -12.22 -1 -1.11699e-09 -1.40269e-06 8.58421e-06 0 0 0 1 
			4 3
			1 -0 0 0 0 1 0 0 -0 -0 1 -0 0 0 0 1 
			5 4
			1 1.37091e-06 4.37113e-08 -52.406 -1.37091e-06 1 3.58059e-15 38.7067 -4.37113e-08 -6.35048e-14 1 167.762 0 0 0 1 
			6 5
			0.0123547 0.0130585 0.999838 166.875 0.0086996 0.999875 -0.0131665 35.5314 -0.999886 0.00886086 0.0122396 112.902 0 0 0 1 
			7 6
			0.0121292 -0.0124069 0.999849 128.937 0.00901157 0.999884 0.012298 38.8273 -0.999886 0.00886105 0.0122396 112.902 0 0 0 1 
			8 7
			0.0121292 -0.0124069 0.999849 16.6516 -0.999878 0.00965724 0.0122494 112.933 -0.00980777 -0.999876 -0.0122883 -38.7374 0 0 0 1 
			9 4
			-1 -1.37091e-06 4.37114e-08 -52.406 -1.37091e-06 1 3.84662e-15 38.7067 -4.37115e-08 -5.60777e-14 -1 -167.762 0 0 0 1 
			10 9
			-0.0123548 0.0130585 0.999838 166.875 -0.00870231 0.999875 -0.0131665 35.5314 -0.999886 -0.00886358 -0.0122396 -112.902 0 0 0 1 
			11 10
			-0.0121292 -0.0124069 0.999849 128.937 -0.0090143 0.999884 0.012298 38.8273 -0.999886 -0.00886378 -0.0122396 -112.902 0 0 0 1 
			12 11
			-0.0121292 -0.012407 0.999849 16.6516 0.999878 0.00965998 0.0122494 112.933 -0.0098105 0.999876 0.0122883 38.7374 0 0 0 1 
			13 4
			1.34309e-06 -5.95475e-08 -1 -140.788 -1.40269e-06 -1 5.95456e-08 -65.8358 -1 1.40269e-06 -1.34309e-06 -0.00010659 0 0 0 1 
			14 13
			1 -0 0 0 0 1 0 0 -0 -0 1 -0 0 0 0 1 
			15 2
			1.37145e-06 -0.0998263 0.995005 86.9103 0 -0.995005 -0.0998263 -12.4447 1 1.36907e-07 -1.3646e-06 -49.3066 0 0 0 1 
			16 15
			1.37145e-06 0.0998359 0.995004 49.2248 0 -0.995004 0.0998359 -2.71971 1 -1.3692e-07 -1.3646e-06 -49.3066 0 0 0 1 
			17 16
			1.45937e-06 -4.13125e-13 1 9.69628 0 -1 -4.13125e-13 -3.70627 1 6.02901e-19 -1.45937e-06 -49.3066 0 0 0 1 
			18 17
			1.85191e-06 -1 5.70042e-14 -34.6347 0 -5.70042e-14 -1 -0.678676 1 1.85191e-06 -1.05566e-19 -49.3066 0 0 0 1 
			19 18
			1 -0 0 0 0 1 0 0 -0 -0 1 -0 0 0 0 1 
			20 2
			1.37145e-06 -0.0998313 0.995004 86.9103 0 -0.995004 -0.0998313 -12.4452 1 1.36913e-07 -1.3646e-06 49.3066 0 0 0 1 
			21 20
			1.37145e-06 0.0998339 0.995004 49.2249 0 -0.995004 0.0998339 -2.72 1 -1.36917e-07 -1.3646e-06 49.3066 0 0 0 1 
			22 21
			1.45937e-06 -4.13125e-13 1 9.69632 0 -1 -4.13125e-13 -3.70653 1 6.02901e-19 -1.45937e-06 49.3066 0 0 0 1 
			23 22
			1.85542e-06 -1 2.18875e-13 -34.6349 0 -2.18875e-13 -1 -0.678698 1 1.85542e-06 -4.06104e-19 49.3066 0 0 0 1 
			24 23
			1 -0 0 0 0 1 0 0 -0 -0 1 -0 0 0 0 1 
	</skeleton>
		<animations>
			17
			0
				-1
				1.33158e-06 1 0 -1.62371e-07 -1 1.33158e-06 0 -3.70664 -0 -0 1 -87.9498 0 0 0 1 
				0
				1.33158e-06 1 0 -1.62371e-07 -1 1.33158e-06 0 -3.70664 -0 -0 1 -86.9909 0 0 0 1 
				1
				1.46474e-06 1 0 -1.62371e-07 -1 1.46474e-06 0 -3.70664 -0 -0 1 -85.8955 0 0 0 1 
				2
				1.33158e-06 1 0 -1.62371e-07 -1 1.33158e-06 0 -3.70664 -0 -0 1 -84.7461 0 0 0 1 
				3
				1.33158e-06 1 0 -1.62371e-07 -1 1.33158e-06 0 -3.70664 -0 -0 1 -83.625 0 0 0 1 
				4
				1.33158e-06 1 0 -1.62371e-07 -1 1.33158e-06 0 -3.70664 -0 -0 1 -82.612 0 0 0 1 
				5
				1.33158e-06 1 0 -1.62371e-07 -1 1.33158e-06 0 -3.70664 -0 -0 1 -81.7869 0 0 0 1 
				6
				1.33158e-06 1 0 -1.62371e-07 -1 1.33158e-06 0 -3.70664 -0 -0 1 -81.2321 0 0 0 1 
				7
				1.33158e-06 1 0 -1.62371e-07 -1 1.33158e-06 0 -3.70664 -0 -0 1 -81.03 0 0 0 1 
				8
				1.33158e-06 1 0 -1.62371e-07 -1 1.33158e-06 0 -3.70664 -0 -0 1 -81.2321 0 0 0 1 
				9
				1.33158e-06 1 0 -1.62371e-07 -1 1.33158e-06 0 -3.70664 -0 -0 1 -81.7869 0 0 0 1 
				10
				1.33158e-06 1 0 -1.62371e-07 -1 1.33158e-06 0 -3.70664 -0 -0 1 -82.612 0 0 0 1 
				11
				1.33158e-06 1 0 -1.62371e-07 -1 1.33158e-06 0 -3.70664 -0 -0 1 -83.625 0 0 0 1 
				12
				1.33158e-06 1 0 -1.62371e-07 -1 1.33158e-06 0 -3.70664 -0 -0 1 -84.7461 0 0 0 1 
				13
				1.33158e-06 1 0 -1.62371e-07 -1 1.33158e-06 0 -3.70664 -0 -0 1 -85.8955 0 0 0 1 
				14
				1.33158e-06 1 0 -1.62371e-07 -1 1.33158e-06 0 -3.70664 -0 -0 1 -86.9909 0 0 0 1 
				15
				1.33158e-06 1 0 -1.62371e-07 -1 1.33158e-06 0 -3.70664 -0 -0 1 -87.9498 0 0 0 1 
		</Joint>
			1
				-1
				1.33158e-06 2.66316e-06 -1 -1.62371e-07 0 -1 -2.66316e-06 -3.70664 -1 3.54621e-12 -1.33158e-06 -87.9498 0 0 0 1 
				0
				1.33158e-06 2.66316e-06 -1 -1.62371e-07 0 -1 -2.66316e-06 -3.70664 -1 3.54621e-12 -1.33158e-06 -86.9909 0 0 0 1 
				1
				1.33158e-06 2.79632e-06 -1 -1.62371e-07 0 -1 -2.79632e-06 -3.70664 -1 3.72352e-12 -1.33158e-06 -85.8955 0 0 0 1 
				2
				1.33158e-06 2.66316e-06 -1 -1.62371e-07 0 -1 -2.66316e-06 -3.70664 -1 3.54621e-12 -1.33158e-06 -84.7461 0 0 0 1 
				3
				1.33158e-06 2.66316e-06 -1 -1.62371e-07 0 -1 -2.66316e-06 -3.70664 -1 3.54621e-12 -1.33158e-06 -83.625 0 0 0 1 
				4
				1.33158e-06 2.66316e-06 -1 -1.62371e-07 0 -1 -2.66316e-06 -3.70664 -1 3.54621e-12 -1.33158e-06 -82.612 0 0 0 1 
				5
				1.33158e-06 2.66316e-06 -1 -1.62371e-07 0 -1 -2.66316e-06 -3.70664 -1 3.54621e-12 -1.33158e-06 -81.7869 0 0 0 1 
				6
				1.33158e-06 2.66316e-06 -1 -1.62371e-07 0 -1 -2.66316e-06 -3.70664 -1 3.54621e-12 -1.33158e-06 -81.2321 0 0 0 1 
				7
				1.33158e-06 2.66316e-06 -1 -1.62371e-07 0 -1 -2.66316e-06 -3.70664 -1 3.54621e-12 -1.33158e-06 -81.03 0 0 0 1 
				8
				1.33158e-06 2.66316e-06 -1 -1.62371e-07 0 -1 -2.66316e-06 -3.70664 -1 3.54621e-12 -1.33158e-06 -81.2321 0 0 0 1 
				9
				1.33158e-06 2.66316e-06 -1 -1.62371e-07 0 -1 -2.66316e-06 -3.70664 -1 3.54621e-12 -1.33158e-06 -81.7869 0 0 0 1 
				10
				1.33158e-06 2.66316e-06 -1 -1.62371e-07 0 -1 -2.66316e-06 -3.70664 -1 3.54621e-12 -1.33158e-06 -82.612 0 0 0 1 
				11
				1.33158e-06 2.66316e-06 -1 -1.62371e-07 0 -1 -2.66316e-06 -3.70664 -1 3.54621e-12 -1.33158e-06 -83.625 0 0 0 1 
				12
				1.33158e-06 2.66316e-06 -1 -1.62371e-07 0 -1 -2.66316e-06 -3.70664 -1 3.54621e-12 -1.33158e-06 -84.7461 0 0 0 1 
				13
				1.33158e-06 2.66316e-06 -1 -1.62371e-07 0 -1 -2.66316e-06 -3.70664 -1 3.54621e-12 -1.33158e-06 -85.8955 0 0 0 1 
				14
				1.33158e-06 2.66316e-06 -1 -1.62371e-07 0 -1 -2.66316e-06 -3.70664 -1 3.54621e-12 -1.33158e-06 -86.9909 0 0 0 1 
				15
				1.33158e-06 2.66316e-06 -1 -1.62371e-07 0 -1 -2.66316e-06 -3.70664 -1 3.54621e-12 -1.33158e-06 -87.9498 0 0 0 1 
		</Joint>
			2
				-1
				1.38782e-06 -1.49834e-06 -1 3.30843e-06 -0.000797649 -1 1.49724e-06 -12.3488 -1 0.000797649 -1.38901e-06 -96.9674 0 0 0 1 
				0
				1.41423e-06 -1.5122e-06 -1 3.30873e-06 -0.0106868 -0.999943 1.497e-06 -12.3488 -0.999943 0.0106868 -1.43031e-06 -96.0087 0 0 0 1 
				1
				1.44716e-06 -1.39522e-06 -1 4.45984e-06 -0.0219818 -0.999758 1.36307e-06 -12.3488 -0.999758 0.0219818 -1.47748e-06 -94.9136 0 0 0 1 
				2
				1.47552e-06 -1.54565e-06 -1 3.30941e-06 -0.0338311 -0.999427 1.49485e-06 -12.3488 -0.999428 0.0338311 -1.52697e-06 -93.7644 0 0 0 1 
				3
				1.50584e-06 -1.56289e-06 -1 3.30978e-06 -0.0453839 -0.998969 1.49294e-06 -12.3488 -0.99897 0.0453839 -1.57522e-06 -92.6435 0 0 0 1 
				4
				1.53306e-06 -1.57876e-06 -1 3.31012e-06 -0.0558173 -0.998441 1.49073e-06 -12.3489 -0.998441 0.0558173 -1.61879e-06 -91.6307 0 0 0 1 
				5
				1.55511e-06 -1.5919e-06 -1 3.31038e-06 -0.0643109 -0.99793 1.48859e-06 -12.3489 -0.99793 0.0643109 -1.65426e-06 -90.8058 0 0 0 1 
				6
				1.56987e-06 -1.60084e-06 -1 3.31057e-06 -0.0700193 -0.997546 1.48699e-06 -12.3489 -0.997546 0.0700193 -1.6781e-06 -90.2512 0 0 0 1 
				7
				1.57523e-06 -1.60412e-06 -1 3.31064e-06 -0.072098 -0.997397 1.48637e-06 -12.3489 -0.997398 0.072098 -1.68678e-06 -90.0491 0 0 0 1 
				8
				1.56987e-06 -1.60084e-06 -1 3.31057e-06 -0.0700193 -0.997546 1.48699e-06 -12.3489 -0.997546 0.0700193 -1.6781e-06 -90.2512 0 0 0 1 
				9
				1.5551e-06 -1.5919e-06 -1 3.31039e-06 -0.0643109 -0.99793 1.48859e-06 -12.3489 -0.99793 0.0643109 -1.65426e-06 -90.8058 0 0 0 1 
				10
				1.53306e-06 -1.57876e-06 -1 3.31012e-06 -0.0558173 -0.998441 1.49073e-06 -12.3489 -0.998441 0.0558173 -1.61879e-06 -91.6307 0 0 0 1 
				11
				1.50584e-06 -1.56289e-06 -1 3.30978e-06 -0.0453839 -0.998969 1.49294e-06 -12.3488 -0.99897 0.0453839 -1.57522e-06 -92.6435 0 0 0 1 
				12
				1.47552e-06 -1.54565e-06 -1 3.30943e-06 -0.0338311 -0.999427 1.49485e-06 -12.3488 -0.999428 0.0338311 -1.52697e-06 -93.7644 0 0 0 1 
				13
				1.44424e-06 -1.52835e-06 -1 3.30906e-06 -0.0219818 -0.999758 1.49623e-06 -12.3488 -0.999758 0.0219818 -1.47748e-06 -94.9136 0 0 0 1 
				14
				1.41423e-06 -1.5122e-06 -1 3.30873e-06 -0.0106868 -0.999943 1.497e-06 -12.3488 -0.999943 0.0106868 -1.43031e-06 -96.0087 0 0 0 1 
				15
				1.38782e-06 -1.49834e-06 -1 3.30843e-06 -0.000797649 -1 1.49724e-06 -12.3488 -1 0.000797649 -1.38901e-06 -96.9674 0 0 0 1 
		</Joint>
			3
				-1
				1.38782e-06 -1.49834e-06 -1 3.96205e-05 -0.000797649 -1 1.49724e-06 -12.318 -1 0.000797649 -1.38901e-06 -123.18 0 0 0 1 
				0
				1.41423e-06 -1.5122e-06 -1 4.03139e-05 -0.0106868 -0.999943 1.497e-06 -12.5772 -0.999943 0.0106868 -1.43031e-06 -122.22 0 0 0 1 
				1
				1.44716e-06 -1.39522e-06 -1 4.23222e-05 -0.0219818 -0.999758 1.36307e-06 -12.8733 -0.999758 0.0219818 -1.47748e-06 -121.121 0 0 0 1 
				2
				1.47552e-06 -1.54565e-06 -1 4.19229e-05 -0.0338311 -0.999427 1.49485e-06 -13.1839 -0.999428 0.0338311 -1.52697e-06 -119.964 0 0 0 1 
				3
				1.50584e-06 -1.56289e-06 -1 4.27189e-05 -0.0453839 -0.998969 1.49294e-06 -13.4868 -0.99897 0.0453839 -1.57522e-06 -118.831 0 0 0 1 
				4
				1.53306e-06 -1.57876e-06 -1 4.34335e-05 -0.0558173 -0.998441 1.49073e-06 -13.7603 -0.998441 0.0558173 -1.61879e-06 -117.805 0 0 0 1 
				5
				1.55511e-06 -1.5919e-06 -1 4.40123e-05 -0.0643109 -0.99793 1.48859e-06 -13.983 -0.99793 0.0643109 -1.65426e-06 -116.967 0 0 0 1 
				6
				1.56987e-06 -1.60084e-06 -1 4.43999e-05 -0.0700193 -0.997546 1.48699e-06 -14.1326 -0.997546 0.0700193 -1.6781e-06 -116.403 0 0 0 1 
				7
				1.57523e-06 -1.60412e-06 -1 4.45407e-05 -0.072098 -0.997397 1.48637e-06 -14.1871 -0.997398 0.072098 -1.68678e-06 -116.197 0 0 0 1 
				8
				1.56987e-06 -1.60084e-06 -1 4.43999e-05 -0.0700193 -0.997546 1.48699e-06 -14.1326 -0.997546 0.0700193 -1.6781e-06 -116.403 0 0 0 1 
				9
				1.5551e-06 -1.5919e-06 -1 4.40123e-05 -0.0643109 -0.99793 1.48859e-06 -13.9829 -0.99793 0.0643109 -1.65426e-06 -116.967 0 0 0 1 
				10
				1.53306e-06 -1.57876e-06 -1 4.34335e-05 -0.0558173 -0.998441 1.49073e-06 -13.7603 -0.998441 0.0558173 -1.61879e-06 -117.805 0 0 0 1 
				11
				1.50584e-06 -1.56289e-06 -1 4.27189e-05 -0.0453839 -0.998969 1.49294e-06 -13.4868 -0.99897 0.0453839 -1.57522e-06 -118.831 0 0 0 1 
				12
				1.47552e-06 -1.54565e-06 -1 4.19229e-05 -0.0338311 -0.999427 1.49485e-06 -13.1839 -0.999428 0.0338311 -1.52697e-06 -119.964 0 0 0 1 
				13
				1.44424e-06 -1.52835e-06 -1 4.11016e-05 -0.0219818 -0.999758 1.49623e-06 -12.8733 -0.999758 0.0219818 -1.47748e-06 -121.121 0 0 0 1 
				14
				1.41423e-06 -1.5122e-06 -1 4.03139e-05 -0.0106868 -0.999943 1.497e-06 -12.5772 -0.999943 0.0106868 -1.43031e-06 -122.22 0 0 0 1 
				15
				1.38782e-06 -1.49834e-06 -1 3.96205e-05 -0.000797649 -1 1.49724e-06 -12.318 -1 0.000797649 -1.38901e-06 -123.18 0 0 0 1 
		</Joint>
			4
		</Joint>
			5
				-1
				1 -3.96436e-06 1.2698e-06 52.4061 3.96436e-06 1 1.36437e-06 -38.7067 -1.26981e-06 -1.36436e-06 1 -167.993 0 0 0 1 
				0
				1 -3.95053e-06 1.24338e-06 52.4061 3.93803e-06 0.999951 0.00989055 -39.4078 -1.28239e-06 -0.00989055 0.999951 -166.77 0 0 0 1 
				1
				1 -4.06753e-06 1.21054e-06 52.4061 4.04097e-06 0.999775 0.0211857 -40.2055 -1.29644e-06 -0.0211857 0.999776 -165.365 0 0 0 1 
				2
				1 -3.91712e-06 1.18206e-06 52.4061 3.87593e-06 0.999454 0.0330353 -41.0386 -1.31082e-06 -0.0330353 0.999454 -163.881 0 0 0 1 
				3
				1 -3.89991e-06 1.15173e-06 52.4061 3.84468e-06 0.999005 0.0445885 -41.8474 -1.32448e-06 -0.0445885 0.999006 -162.423 0 0 0 1 
				4
				1 -3.88406e-06 1.1245e-06 52.4061 3.8163e-06 0.998485 0.0550223 -42.5747 -1.3365e-06 -0.0550223 0.998485 -161.099 0 0 0 1 
				5
				1 -3.87094e-06 1.10244e-06 52.4061 3.7931e-06 0.997981 0.0635162 -43.1648 -1.34608e-06 -0.0635162 0.997981 -160.014 0 0 0 1 
				6
				1 -3.86201e-06 1.08767e-06 52.4061 3.77745e-06 0.997601 0.0692249 -43.5602 -1.35241e-06 -0.0692249 0.997601 -159.282 0 0 0 1 
				7
				1 -3.85874e-06 1.08231e-06 52.4061 3.77174e-06 0.997455 0.0713038 -43.704 -1.35469e-06 -0.0713038 0.997455 -159.015 0 0 0 1 
				8
				1 -3.86201e-06 1.08767e-06 52.4061 3.77745e-06 0.997601 0.0692249 -43.5602 -1.35241e-06 -0.0692249 0.997601 -159.282 0 0 0 1 
				9
				1 -3.87094e-06 1.10244e-06 52.4061 3.7931e-06 0.997981 0.0635162 -43.1648 -1.34608e-06 -0.0635162 0.997981 -160.014 0 0 0 1 
				10
				1 -3.88406e-06 1.1245e-06 52.4061 3.8163e-06 0.998485 0.0550223 -42.5747 -1.3365e-06 -0.0550223 0.998485 -161.099 0 0 0 1 
				11
				1 -3.89991e-06 1.15173e-06 52.4061 3.84468e-06 0.999005 0.0445885 -41.8474 -1.32448e-06 -0.0445885 0.999006 -162.423 0 0 0 1 
				12
				1 -3.91712e-06 1.18206e-06 52.4061 3.87593e-06 0.999454 0.0330353 -41.0386 -1.31082e-06 -0.0330353 0.999454 -163.881 0 0 0 1 
				13
				1 -3.9344e-06 1.21336e-06 52.4061 3.90782e-06 0.999775 0.0211857 -40.2055 -1.29644e-06 -0.0211857 0.999776 -165.365 0 0 0 1 
				14
				1 -3.95053e-06 1.24338e-06 52.4061 3.93803e-06 0.999951 0.00989056 -39.4078 -1.28239e-06 -0.00989055 0.999951 -166.77 0 0 0 1 
				15
				1 -3.96436e-06 1.2698e-06 52.4061 3.96436e-06 1 1.36437e-06 -38.7067 -1.26981e-06 -1.36436e-06 1 -167.993 0 0 0 1 
		</Joint>
			6
				-1
				0.012356 0.00869693 -0.999886 110.519 0.0130599 0.999875 0.00885823 -38.7065 0.999838 -0.0131679 0.0122409 -167.993 0 0 0 1 
				0
				0.0243849 0.00869599 -0.999665 110.519 0.0129906 0.999875 0.00901469 -39.4076 0.999618 -0.013206 0.0242689 -166.77 0 0 0 1 
				1
				0.0382163 0.00869738 -0.999231 110.519 0.0127756 0.999876 0.0091916 -40.2052 0.999188 -0.013117 0.0381004 -165.365 0 0 0 1 
				2
				0.0527374 0.00869659 -0.99857 110.519 0.0126987 0.999875 0.00937861 -41.0384 0.998528 -0.0131751 0.0526203 -163.881 0 0 0 1 
				3
				0.066846 0.00869708 -0.997725 110.519 0.0125576 0.999876 0.00955715 -41.8472 0.997684 -0.0131679 0.0667284 -162.423 0 0 0 1 
				4
				0.0795792 0.00869788 -0.99679 110.519 0.012424 0.999875 0.00971668 -42.5745 0.996751 -0.0131574 0.0794612 -161.099 0 0 0 1 
				5
				0.0899513 0.00869738 -0.995908 110.519 0.0123296 0.999875 0.00984565 -43.1645 0.99587 -0.0131647 0.0898329 -160.014 0 0 0 1 
				6
				0.0969194 0.00869702 -0.995254 110.519 0.0122643 0.999875 0.00993173 -43.56 0.995217 -0.0131687 0.0968007 -159.282 0 0 0 1 
				7
				0.0994549 0.00869713 -0.995004 110.519 0.0122382 0.999875 0.00996297 -43.7038 0.994967 -0.0131679 0.0993361 -159.015 0 0 0 1 
				8
				0.0969195 0.00869702 -0.995254 110.519 0.0122644 0.999875 0.00993173 -43.56 0.995217 -0.0131687 0.0968007 -159.282 0 0 0 1 
				9
				0.0899513 0.00869727 -0.995908 110.519 0.0123296 0.999875 0.00984553 -43.1645 0.99587 -0.0131647 0.0898329 -160.014 0 0 0 1 
				10
				0.0795792 0.00869792 -0.99679 110.519 0.012424 0.999875 0.00971671 -42.5745 0.996751 -0.0131574 0.0794612 -161.099 0 0 0 1 
				11
				0.066846 0.00869708 -0.997725 110.519 0.0125576 0.999876 0.00955715 -41.8472 0.997684 -0.0131679 0.0667284 -162.423 0 0 0 1 
				12
				0.0527372 0.00869653 -0.99857 110.519 0.0126988 0.999875 0.00937855 -41.0384 0.998528 -0.0131752 0.0526202 -163.881 0 0 0 1 
				13
				0.0382162 0.00869755 -0.999231 110.519 0.0127756 0.999876 0.00919177 -40.2052 0.999188 -0.013117 0.0381003 -165.365 0 0 0 1 
				14
				0.0243849 0.00869598 -0.999665 110.519 0.0129906 0.999875 0.00901468 -39.4076 0.999618 -0.013206 0.0242689 -166.77 0 0 0 1 
				15
				0.012356 0.00869693 -0.999886 110.519 0.0130599 0.999875 0.00885823 -38.7065 0.999838 -0.0131679 0.0122409 -167.993 0 0 0 1 
		</Joint>
			7
				-1
				0.0121305 0.00900875 -0.999886 110.976 -0.0124055 0.999884 0.00885823 -38.2234 0.999849 0.0122966 0.0122409 -131.008 0 0 0 1 
				0
				0.0241556 0.00931421 -0.999665 111.421 -0.0124748 0.999881 0.00901479 -38.9271 0.99963 0.0122529 0.0242689 -129.793 0 0 0 1 
				1
				0.0379824 0.009668 -0.999231 111.932 -0.0126897 0.999877 0.00919189 -39.7326 0.999198 0.0123308 0.0381004 -128.404 0 0 0 1 
				2
				0.0524988 0.0100366 -0.99857 112.469 -0.0127666 0.999874 0.00937855 -40.5687 0.998539 0.012256 0.0526203 -126.944 0 0 0 1 
				3
				0.0666029 0.0103967 -0.997725 112.991 -0.0129077 0.999871 0.00955742 -41.3826 0.997696 0.0122418 0.0667284 -125.518 0 0 0 1 
				4
				0.0793319 0.0107216 -0.99679 113.462 -0.0130413 0.999868 0.00971675 -42.1149 0.996763 0.0122286 0.0794612 -124.228 0 0 0 1 
				5
				0.0897007 0.0109851 -0.995908 113.846 -0.0131357 0.999865 0.00984562 -42.7085 0.995882 0.0121988 0.0898329 -123.176 0 0 0 1 
				6
				0.0966666 0.0111623 -0.995254 114.104 -0.0132009 0.999864 0.00993185 -43.1063 0.995229 0.0121781 0.0968007 -122.468 0 0 0 1 
				7
				0.0992012 0.0112268 -0.995004 114.198 -0.013227 0.999863 0.00996294 -43.2511 0.99498 0.0121726 0.0993361 -122.21 0 0 0 1 
				8
				0.0966666 0.0111623 -0.995254 114.104 -0.0132008 0.999864 0.00993182 -43.1063 0.99523 0.0121781 0.0968007 -122.468 0 0 0 1 
				9
				0.0897007 0.010985 -0.995908 113.846 -0.0131355 0.999865 0.00984556 -42.7085 0.995882 0.0121986 0.0898329 -123.176 0 0 0 1 
				10
				0.0793319 0.0107216 -0.99679 113.462 -0.0130413 0.999868 0.00971678 -42.1149 0.996763 0.0122286 0.0794612 -124.228 0 0 0 1 
				11
				0.0666029 0.0103967 -0.997725 112.991 -0.0129077 0.999871 0.00955742 -41.3826 0.997696 0.0122418 0.0667284 -125.518 0 0 0 1 
				12
				0.0524987 0.0100366 -0.99857 112.469 -0.0127666 0.999874 0.00937855 -40.5687 0.998539 0.012256 0.0526202 -126.944 0 0 0 1 
				13
				0.0379823 0.0096681 -0.999231 111.932 -0.0126898 0.999877 0.00919199 -39.7327 0.999198 0.0123309 0.0381003 -128.404 0 0 0 1 
				14
				0.0241556 0.0093142 -0.999665 111.421 -0.0124749 0.999881 0.00901478 -38.9271 0.99963 0.0122529 0.0242689 -129.793 0 0 0 1 
				15
				0.0121305 0.00900875 -0.999886 110.976 -0.0124055 0.999884 0.00885823 -38.2234 0.999849 0.0122966 0.0122409 -131.008 0 0 0 1 
		</Joint>
			8
				-1
				0.0121306 -0.999878 -0.00980494 112.338 -0.0124055 0.00965442 -0.999876 -39.6164 0.999849 0.0122507 -0.0122869 -18.7398 0 0 0 1 
				0
				0.0241556 -0.999657 -0.0101102 114.133 -0.0124748 0.00981098 -0.999874 -40.3278 0.99963 0.0242787 -0.0122335 -17.5496 0 0 0 1 
				1
				0.0379824 -0.999224 -0.0104637 116.197 -0.0126897 0.00998808 -0.99987 -41.1575 0.999198 0.0381103 -0.0123005 -16.2088 0 0 0 1 
				2
				0.0524988 -0.998562 -0.0108318 118.364 -0.0127667 0.0101747 -0.999867 -42.0022 0.998539 0.0526301 -0.0122141 -14.8228 0 0 0 1 
				3
				0.0666029 -0.997716 -0.0111912 120.47 -0.0129077 0.0103536 -0.999863 -42.832 0.997696 0.0667382 -0.0121887 -13.4914 0 0 0 1 
				4
				0.0793319 -0.996782 -0.0115153 122.37 -0.0130413 0.0105129 -0.99986 -43.5793 0.996763 0.0794709 -0.0121653 -12.3059 0 0 0 1 
				5
				0.0897007 -0.995899 -0.0117781 123.918 -0.0131357 0.0106418 -0.999857 -44.1834 0.995882 0.0898426 -0.0121272 -11.3529 0 0 0 1 
				6
				0.0966666 -0.995245 -0.0119548 124.958 -0.0132009 0.010728 -0.999855 -44.5886 0.995229 0.0968104 -0.0121011 -10.7182 0 0 0 1 
				7
				0.0992012 -0.994995 -0.0120191 125.336 -0.013227 0.0107591 -0.999855 -44.7363 0.99498 0.0993458 -0.0120935 -10.4883 0 0 0 1 
				8
				0.0966666 -0.995245 -0.0119548 124.958 -0.0132008 0.010728 -0.999855 -44.5886 0.99523 0.0968104 -0.012101 -10.7182 0 0 0 1 
				9
				0.0897007 -0.995899 -0.011778 123.918 -0.0131355 0.0106417 -0.999857 -44.1834 0.995882 0.0898426 -0.0121271 -11.3528 0 0 0 1 
				10
				0.0793319 -0.996782 -0.0115153 122.37 -0.0130413 0.010513 -0.99986 -43.5793 0.996763 0.0794709 -0.0121653 -12.3059 0 0 0 1 
				11
				0.0666029 -0.997716 -0.0111912 120.47 -0.0129077 0.0103536 -0.999863 -42.832 0.997696 0.0667382 -0.0121887 -13.4914 0 0 0 1 
				12
				0.0524987 -0.998562 -0.0108318 118.364 -0.0127666 0.0101747 -0.999867 -42.0022 0.99854 0.0526299 -0.0122141 -14.8228 0 0 0 1 
				13
				0.0379823 -0.999224 -0.0104638 116.197 -0.0126898 0.00998817 -0.99987 -41.1575 0.999198 0.0381101 -0.0123006 -16.2088 0 0 0 1 
				14
				0.0241556 -0.999657 -0.0101102 114.133 -0.0124749 0.00981097 -0.999874 -40.3278 0.99963 0.0242787 -0.0122336 -17.5496 0 0 0 1 
				15
				0.0121306 -0.999878 -0.00980494 112.338 -0.0124055 0.00965442 -0.999876 -39.6164 0.999849 0.0122507 -0.0122869 -18.7398 0 0 0 1 
		</Joint>
			9
				-1
				-1 1.62828e-06 -1.27426e-06 -52.4059 1.62828e-06 1 -1.36437e-06 -38.7069 1.27425e-06 -1.36437e-06 -1 -167.993 0 0 0 1 
				0
				-1 1.64211e-06 -1.24783e-06 -52.4058 1.65437e-06 0.999951 -0.00989055 -39.408 1.23153e-06 -0.00989055 -0.999951 -166.77 0 0 0 1 
				1
				-1 1.5251e-06 -1.21499e-06 -52.4058 1.5505e-06 0.999775 -0.0211857 -40.2056 1.18241e-06 -0.0211857 -0.999776 -165.365 0 0 0 1 
				2
				-1 1.67551e-06 -1.18651e-06 -52.4058 1.71379e-06 0.999454 -0.0330353 -41.0388 1.13051e-06 -0.0330353 -0.999454 -163.881 0 0 0 1 
				3
				-1 1.69273e-06 -1.15618e-06 -52.4058 1.74259e-06 0.999005 -0.0445885 -41.8475 1.07956e-06 -0.0445885 -0.999006 -162.423 0 0 0 1 
				4
				-1 1.70858e-06 -1.12895e-06 -52.4058 1.76811e-06 0.998485 -0.0550223 -42.5749 1.03323e-06 -0.0550223 -0.998485 -161.099 0 0 0 1 
				5
				-1 1.7217e-06 -1.10689e-06 -52.4058 1.78853e-06 0.997981 -0.0635162 -43.1649 9.95303e-07 -0.0635162 -0.997981 -160.014 0 0 0 1 
				6
				-1 1.73063e-06 -1.09213e-06 -52.4058 1.80208e-06 0.997601 -0.0692249 -43.5604 9.69704e-07 -0.0692249 -0.997601 -159.282 0 0 0 1 
				7
				-1 1.7339e-06 -1.08676e-06 -52.4058 1.80698e-06 0.997455 -0.0713038 -43.7041 9.6036e-07 -0.0713038 -0.997455 -159.015 0 0 0 1 
				8
				-1 1.73063e-06 -1.09213e-06 -52.4058 1.80208e-06 0.997601 -0.0692249 -43.5604 9.69704e-07 -0.0692249 -0.997601 -159.282 0 0 0 1 
				9
				-1 1.7217e-06 -1.10689e-06 -52.4058 1.78853e-06 0.997981 -0.0635162 -43.1649 9.95303e-07 -0.0635162 -0.997981 -160.014 0 0 0 1 
				10
				-1 1.70858e-06 -1.12895e-06 -52.4058 1.76811e-06 0.998485 -0.0550223 -42.5749 1.03323e-06 -0.0550223 -0.998485 -161.099 0 0 0 1 
				11
				-1 1.69273e-06 -1.15618e-06 -52.4058 1.74259e-06 0.999005 -0.0445885 -41.8475 1.07956e-06 -0.0445885 -0.999006 -162.423 0 0 0 1 
				12
				-1 1.67551e-06 -1.18651e-06 -52.4058 1.7138e-06 0.999454 -0.0330353 -41.0388 1.13051e-06 -0.0330353 -0.999454 -163.881 0 0 0 1 
				13
				-1 1.65823e-06 -1.21781e-06 -52.4058 1.68366e-06 0.999775 -0.0211857 -40.2056 1.18241e-06 -0.0211857 -0.999776 -165.365 0 0 0 1 
				14
				-1 1.64211e-06 -1.24783e-06 -52.4058 1.65437e-06 0.999951 -0.00989056 -39.408 1.23153e-06 -0.00989055 -0.999951 -166.77 0 0 0 1 
				15
				-1 1.62828e-06 -1.27426e-06 -52.4059 1.62828e-06 1 -1.36437e-06 -38.7069 1.27425e-06 -1.36437e-06 -1 -167.993 0 0 0 1 
		</Joint>
			10
				-1
				-0.0123535 -0.0086993 -0.999886 -110.518 0.0130599 0.999875 -0.00886057 -38.7068 0.999838 -0.0131679 -0.0122384 -167.993 0 0 0 1 
				0
				-0.0243825 -0.0086983 -0.999665 -110.518 0.0129905 0.999875 -0.00901698 -39.4079 0.999618 -0.013206 -0.0242664 -166.77 0 0 0 1 
				1
				-0.0382138 -0.00869987 -0.999231 -110.518 0.0127755 0.999876 -0.00919406 -40.2055 0.999188 -0.013117 -0.038098 -165.365 0 0 0 1 
				2
				-0.0527348 -0.00869878 -0.99857 -110.518 0.0126986 0.999875 -0.00938077 -41.0387 0.998528 -0.0131751 -0.0526178 -163.881 0 0 0 1 
				3
				-0.0668435 -0.00869921 -0.997725 -110.518 0.0125575 0.999876 -0.00955925 -41.8474 0.997685 -0.0131679 -0.0667259 -162.423 0 0 0 1 
				4
				-0.0795767 -0.00870003 -0.99679 -110.518 0.0124238 0.999875 -0.00971878 -42.5748 0.996751 -0.0131573 -0.0794587 -161.099 0 0 0 1 
				5
				-0.0899488 -0.00869944 -0.995908 -110.518 0.0123294 0.999875 -0.00984767 -43.1648 0.99587 -0.0131648 -0.0898303 -160.014 0 0 0 1 
				6
				-0.0969171 -0.00869896 -0.995254 -110.518 0.0122641 0.999875 -0.00993362 -43.5603 0.995217 -0.0131686 -0.0967983 -159.282 0 0 0 1 
				7
				-0.0994525 -0.00869915 -0.995004 -110.518 0.012238 0.999875 -0.00996495 -43.704 0.994967 -0.0131678 -0.0993336 -159.015 0 0 0 1 
				8
				-0.0969171 -0.00869903 -0.995254 -110.518 0.0122641 0.999875 -0.00993369 -43.5603 0.995217 -0.0131686 -0.0967983 -159.282 0 0 0 1 
				9
				-0.0899489 -0.00869933 -0.995908 -110.518 0.0123294 0.999875 -0.00984755 -43.1648 0.99587 -0.0131647 -0.0898304 -160.014 0 0 0 1 
				10
				-0.0795767 -0.00869999 -0.99679 -110.518 0.0124238 0.999875 -0.00971875 -42.5748 0.996751 -0.0131573 -0.0794587 -161.099 0 0 0 1 
				11
				-0.0668435 -0.00869924 -0.997725 -110.518 0.0125575 0.999876 -0.00955928 -41.8474 0.997685 -0.0131679 -0.0667259 -162.423 0 0 0 1 
				12
				-0.0527347 -0.00869875 -0.99857 -110.518 0.0126987 0.999875 -0.00938074 -41.0387 0.998528 -0.0131752 -0.0526176 -163.881 0 0 0 1 
				13
				-0.0382137 -0.00869978 -0.999231 -110.518 0.0127755 0.999876 -0.00919396 -40.2055 0.999188 -0.013117 -0.0380978 -165.365 0 0 0 1 
				14
				-0.0243825 -0.0086983 -0.999665 -110.518 0.0129905 0.999875 -0.00901698 -39.4079 0.999618 -0.013206 -0.0242664 -166.77 0 0 0 1 
				15
				-0.0123535 -0.0086993 -0.999886 -110.518 0.0130599 0.999875 -0.00886057 -38.7068 0.999838 -0.0131679 -0.0122384 -167.993 0 0 0 1 
		</Joint>
			11
				-1
				-0.012128 -0.00901105 -0.999886 -110.975 -0.0124055 0.999883 -0.00886057 -38.2237 0.999849 0.0122967 -0.0122384 -131.008 0 0 0 1 
				0
				-0.0241531 -0.00931646 -0.999665 -111.42 -0.0124749 0.999881 -0.00901707 -38.9274 0.999631 0.0122529 -0.0242664 -129.793 0 0 0 1 
				1
				-0.0379799 -0.00967043 -0.999231 -111.932 -0.0126898 0.999877 -0.00919435 -39.7329 0.999198 0.0123309 -0.038098 -128.404 0 0 0 1 
				2
				-0.0524962 -0.0100388 -0.99857 -112.469 -0.0127668 0.999874 -0.00938071 -40.5689 0.99854 0.012256 -0.0526178 -126.944 0 0 0 1 
				3
				-0.0666003 -0.0103988 -0.997725 -112.991 -0.0129078 0.999871 -0.00955951 -41.3829 0.997696 0.0122418 -0.0667259 -125.518 0 0 0 1 
				4
				-0.0793293 -0.0107237 -0.99679 -113.462 -0.0130414 0.999868 -0.00971885 -42.1152 0.996763 0.0122286 -0.0794587 -124.228 0 0 0 1 
				5
				-0.0896981 -0.0109871 -0.995908 -113.846 -0.0131358 0.999865 -0.00984764 -42.7087 0.995882 0.0121987 -0.0898303 -123.176 0 0 0 1 
				6
				-0.0966642 -0.0111642 -0.995254 -114.103 -0.0132011 0.999864 -0.00993371 -43.1066 0.99523 0.0121783 -0.0967983 -122.468 0 0 0 1 
				7
				-0.0991987 -0.0112289 -0.995004 -114.197 -0.0132272 0.999863 -0.00996498 -43.2513 0.99498 0.0121727 -0.0993336 -122.21 0 0 0 1 
				8
				-0.0966642 -0.0111642 -0.995254 -114.103 -0.0132011 0.999863 -0.00993378 -43.1066 0.99523 0.0121782 -0.0967983 -122.468 0 0 0 1 
				9
				-0.0896982 -0.010987 -0.995908 -113.846 -0.0131357 0.999865 -0.00984759 -42.7087 0.995882 0.0121987 -0.0898304 -123.176 0 0 0 1 
				10
				-0.0793293 -0.0107236 -0.99679 -113.462 -0.0130414 0.999868 -0.00971882 -42.1152 0.996763 0.0122286 -0.0794587 -124.228 0 0 0 1 
				11
				-0.0666003 -0.0103988 -0.997725 -112.991 -0.0129078 0.999871 -0.00955954 -41.3829 0.997696 0.0122418 -0.0667259 -125.518 0 0 0 1 
				12
				-0.0524961 -0.0100388 -0.99857 -112.469 -0.0127667 0.999874 -0.00938074 -40.5689 0.99854 0.012256 -0.0526176 -126.944 0 0 0 1 
				13
				-0.0379798 -0.00967026 -0.999231 -111.932 -0.0126899 0.999877 -0.00919418 -39.7329 0.999198 0.012331 -0.0380978 -128.404 0 0 0 1 
				14
				-0.0241531 -0.00931646 -0.999665 -111.42 -0.0124749 0.999881 -0.00901707 -38.9273 0.999631 0.012253 -0.0242664 -129.793 0 0 0 1 
				15
				-0.012128 -0.00901105 -0.999886 -110.975 -0.0124055 0.999883 -0.00886057 -38.2237 0.999849 0.0122967 -0.0122384 -131.008 0 0 0 1 
		</Joint>
			12
				-1
				-0.012128 0.999878 -0.00980725 -112.337 -0.0124055 0.00965676 0.999876 -39.6166 0.999849 0.0122481 0.0122869 -18.7398 0 0 0 1 
				0
				-0.0241531 0.999657 -0.0101125 -114.132 -0.0124749 0.00981326 0.999874 -40.3281 0.999631 0.0242762 0.0122336 -17.5496 0 0 0 1 
				1
				-0.0379799 0.999224 -0.0104661 -116.196 -0.0126898 0.00999053 0.999869 -41.1578 0.999198 0.0381078 0.0123005 -16.2088 0 0 0 1 
				2
				-0.0524962 0.998562 -0.0108339 -118.364 -0.0127668 0.0101769 0.999867 -42.0024 0.99854 0.0526275 0.0122141 -14.8228 0 0 0 1 
				3
				-0.0666003 0.997717 -0.0111932 -120.469 -0.0129078 0.0103557 0.999863 -42.8323 0.997696 0.0667356 0.0121887 -13.4914 0 0 0 1 
				4
				-0.0793294 0.996782 -0.0115174 -122.369 -0.0130414 0.010515 0.99986 -43.5796 0.996763 0.0794684 0.0121653 -12.306 0 0 0 1 
				5
				-0.0896981 0.995899 -0.0117801 -123.917 -0.0131358 0.0106438 0.999857 -44.1837 0.995882 0.08984 0.0121272 -11.3529 0 0 0 1 
				6
				-0.0966642 0.995245 -0.0119567 -124.957 -0.0132011 0.0107299 0.999855 -44.5889 0.99523 0.096808 0.0121012 -10.7182 0 0 0 1 
				7
				-0.0991987 0.994995 -0.0120212 -125.336 -0.0132273 0.0107611 0.999854 -44.7366 0.99498 0.0993433 0.0120936 -10.4883 0 0 0 1 
				8
				-0.0966642 0.995245 -0.0119567 -124.957 -0.0132011 0.01073 0.999855 -44.5889 0.99523 0.096808 0.0121011 -10.7182 0 0 0 1 
				9
				-0.0896982 0.995899 -0.01178 -123.917 -0.0131357 0.0106438 0.999857 -44.1837 0.995882 0.0898401 0.0121271 -11.3528 0 0 0 1 
				10
				-0.0793294 0.996782 -0.0115173 -122.369 -0.0130414 0.010515 0.99986 -43.5796 0.996763 0.0794684 0.0121653 -12.306 0 0 0 1 
				11
				-0.0666003 0.997717 -0.0111933 -120.469 -0.0129078 0.0103557 0.999863 -42.8323 0.997696 0.0667356 0.0121887 -13.4914 0 0 0 1 
				12
				-0.0524961 0.998562 -0.0108339 -118.364 -0.0127667 0.0101769 0.999867 -42.0024 0.99854 0.0526274 0.0122141 -14.8228 0 0 0 1 
				13
				-0.0379798 0.999224 -0.0104659 -116.196 -0.0126899 0.00999036 0.999869 -41.1578 0.999198 0.0381077 0.0123006 -16.2088 0 0 0 1 
				14
				-0.0241531 0.999657 -0.0101125 -114.132 -0.0124749 0.00981326 0.999874 -40.3281 0.999631 0.0242762 0.0122336 -17.5496 0 0 0 1 
				15
				-0.012128 0.999878 -0.00980725 -112.337 -0.0124055 0.00965676 0.999876 -39.6166 0.999849 0.0122481 0.0122869 -18.7398 0 0 0 1 
		</Joint>
			13
				-1
				1.39152e-06 -1.49512e-06 -1 5.44393e-05 0 -1 1.49512e-06 -65.8359 -1 -2.08049e-12 -1.39152e-06 -141.02 0 0 0 1 
				0
				1.41241e-06 -1.52133e-06 -1 5.48636e-05 0 -1 1.52133e-06 -66.2689 -1 -2.14875e-12 -1.41241e-06 -139.53 0 0 0 1 
				1
				1.42507e-06 -1.43457e-06 -1 6.37197e-05 0 -1 1.43457e-06 -66.7571 -1 -2.04436e-12 -1.42507e-06 -137.823 0 0 0 1 
				2
				1.44764e-06 -1.36987e-06 -1 5.57789e-05 0 -1 1.36987e-06 -67.2619 -1 -1.98308e-12 -1.44764e-06 -136.026 0 0 0 1 
				3
				1.46179e-06 -1.3458e-06 -1 5.61948e-05 0 -1 1.3458e-06 -67.7469 -1 -1.96728e-12 -1.46179e-06 -134.267 0 0 0 1 
				4
				1.47849e-06 -1.37275e-06 -1 5.65469e-05 0 -1 1.37275e-06 -68.1787 -1 -2.02959e-12 -1.47849e-06 -132.673 0 0 0 1 
				5
				1.49256e-06 -1.39456e-06 -1 5.6817e-05 0 -1 1.39456e-06 -68.5259 -1 -2.08146e-12 -1.49256e-06 -131.372 0 0 0 1 
				6
				1.50369e-06 -1.40916e-06 -1 5.69902e-05 0 -1 1.40916e-06 -68.7571 -1 -2.11893e-12 -1.50369e-06 -130.495 0 0 0 1 
				7
				1.5059e-06 -1.41446e-06 -1 5.70516e-05 0 -1 1.41446e-06 -68.8408 -1 -2.13004e-12 -1.5059e-06 -130.175 0 0 0 1 
				8
				1.50369e-06 -1.40916e-06 -1 5.69902e-05 0 -1 1.40916e-06 -68.7571 -1 -2.11893e-12 -1.50369e-06 -130.495 0 0 0 1 
				9
				1.49251e-06 -1.39456e-06 -1 5.6817e-05 0 -1 1.39456e-06 -68.5259 -1 -2.0814e-12 -1.49251e-06 -131.372 0 0 0 1 
				10
				1.47849e-06 -1.37275e-06 -1 5.65469e-05 0 -1 1.37275e-06 -68.1787 -1 -2.02959e-12 -1.47849e-06 -132.673 0 0 0 1 
				11
				1.46179e-06 -1.3458e-06 -1 5.61949e-05 0 -1 1.3458e-06 -67.7469 -1 -1.96728e-12 -1.46179e-06 -134.267 0 0 0 1 
				12
				1.44254e-06 -1.36987e-06 -1 5.57789e-05 0 -1 1.36987e-06 -67.2619 -1 -1.97609e-12 -1.44254e-06 -136.026 0 0 0 1 
				13
				1.42553e-06 -1.56773e-06 -1 5.5324e-05 0 -1 1.56773e-06 -66.7571 -1 -2.23484e-12 -1.42553e-06 -137.823 0 0 0 1 
				14
				1.41213e-06 -1.52133e-06 -1 5.48636e-05 0 -1 1.52133e-06 -66.2689 -1 -2.14831e-12 -1.41213e-06 -139.53 0 0 0 1 
				15
				1.39152e-06 -1.49512e-06 -1 5.44393e-05 0 -1 1.49512e-06 -65.8359 -1 -2.08049e-12 -1.39152e-06 -141.02 0 0 0 1 
		</Joint>
			14
		</Joint>
			15
				-1
				-1.26522e-06 1.31206e-06 1 49.3066 -0.0998247 -0.995005 1.17921e-06 -3.70658 0.995005 -0.0998247 1.38988e-06 -87.9498 0 0 0 1 
				0
				-1.15015e-06 1.4569e-06 1 49.3066 -0.185173 -0.982706 1.21873e-06 -3.70658 0.982706 -0.185173 1.40004e-06 -86.9908 0 0 0 1 
				1
				-9.70281e-07 1.70883e-06 1 49.3066 -0.247859 -0.968796 1.41501e-06 -3.70657 0.968796 -0.247859 1.36355e-06 -85.8954 0 0 0 1 
				2
				-8.39118e-07 1.69386e-06 1 49.3066 -0.299302 -0.954158 1.36506e-06 -3.70658 0.954158 -0.299302 1.30763e-06 -84.746 0 0 0 1 
				3
				-9.25169e-07 1.79809e-06 1 49.3066 -0.341584 -0.939851 1.37392e-06 -3.70658 0.939851 -0.341584 1.48372e-06 -83.6249 0 0 0 1 
				4
				-7.28303e-07 1.60376e-06 1 49.3066 -0.37524 -0.926928 1.21328e-06 -3.70658 0.926927 -0.37524 1.27688e-06 -82.6119 0 0 0 1 
				5
				-7.80197e-07 1.69478e-06 1 49.3066 -0.400239 -0.916411 1.24085e-06 -3.70658 0.916411 -0.400239 1.3933e-06 -81.7868 0 0 0 1 
				6
				-8.13055e-07 1.74285e-06 1 49.3066 -0.416057 -0.909338 1.24657e-06 -3.70658 0.909338 -0.416057 1.46447e-06 -81.232 0 0 0 1 
				7
				-8.24652e-07 1.76029e-06 1 49.3066 -0.421647 -0.90676 1.24845e-06 -3.70658 0.90676 -0.421647 1.48998e-06 -81.03 0 0 0 1 
				8
				-8.13055e-07 1.74285e-06 1 49.3066 -0.416057 -0.909339 1.24657e-06 -3.70658 0.909339 -0.416057 1.46447e-06 -81.232 0 0 0 1 
				9
				-7.80196e-07 1.69478e-06 1 49.3066 -0.400238 -0.916411 1.24085e-06 -3.70658 0.916411 -0.400238 1.3933e-06 -81.7868 0 0 0 1 
				10
				-7.28304e-07 1.62249e-06 1 49.3066 -0.375242 -0.926927 1.23064e-06 -3.70658 0.926927 -0.375242 1.28391e-06 -82.6119 0 0 0 1 
				11
				-9.25167e-07 1.53177e-06 1 49.3066 -0.341582 -0.939852 1.12362e-06 -3.70658 0.939852 -0.341582 1.39275e-06 -83.6249 0 0 0 1 
				12
				-8.39119e-07 1.71259e-06 1 49.3066 -0.299303 -0.954158 1.38293e-06 -3.70658 0.954158 -0.299303 1.31324e-06 -84.746 0 0 0 1 
				13
				-7.3697e-07 1.57983e-06 1 49.3066 -0.24786 -0.968796 1.34787e-06 -3.70658 0.968796 -0.24786 1.10555e-06 -85.8954 0 0 0 1 
				14
				-1.15015e-06 1.45691e-06 1 49.3066 -0.185177 -0.982705 1.21873e-06 -3.70658 0.982705 -0.185177 1.40005e-06 -86.9908 0 0 0 1 
				15
				-1.26522e-06 1.31206e-06 1 49.3066 -0.0998247 -0.995005 1.17921e-06 -3.70658 0.995005 -0.0998247 1.38988e-06 -87.9498 0 0 0 1 
		</Joint>
			16
				-1
				-1.50066e-06 1.03456e-06 1 49.3066 0.0998374 -0.995004 1.17921e-06 -7.6204 0.995004 0.0998374 1.38988e-06 -48.9386 0 0 0 1 
				0
				-1.60151e-06 9.38387e-07 1 49.3066 0.185186 -0.982703 1.21873e-06 -10.9667 0.982703 0.185186 1.40004e-06 -48.4619 0 0 0 1 
				1
				-1.67175e-06 1.03286e-06 1 49.3066 0.247874 -0.968792 1.41501e-06 -13.4244 0.968792 0.247874 1.36355e-06 -47.9119 0 0 0 1 
				2
				-1.65627e-06 9.11084e-07 1 49.3066 0.299318 -0.954153 1.36506e-06 -15.4413 0.954153 0.299318 1.30763e-06 -47.3363 0 0 0 1 
				3
				-1.86379e-06 7.84443e-07 1 49.3066 0.341594 -0.939848 1.37392e-06 -17.099 0.939848 0.341594 1.48372e-06 -46.7762 0 0 0 1 
				4
				-1.63886e-06 6.45459e-07 1 49.3066 0.375254 -0.926922 1.21328e-06 -18.4186 0.926922 0.375254 1.27688e-06 -46.2699 0 0 0 1 
				5
				-1.77348e-06 5.7945e-07 1 49.3066 0.400252 -0.916405 1.24085e-06 -19.3987 0.916405 0.400252 1.3933e-06 -45.8571 0 0 0 1 
				6
				-1.85035e-06 5.24225e-07 1 49.3066 0.416068 -0.909333 1.24657e-06 -20.0189 0.909333 0.416068 1.46447e-06 -45.5796 0 0 0 1 
				7
				-1.87747e-06 5.03773e-07 1 49.3066 0.421658 -0.906755 1.24845e-06 -20.2381 0.906755 0.421658 1.48998e-06 -45.4786 0 0 0 1 
				8
				-1.85035e-06 5.24225e-07 1 49.3066 0.416069 -0.909333 1.24657e-06 -20.0189 0.909333 0.416069 1.46447e-06 -45.5796 0 0 0 1 
				9
				-1.77348e-06 5.79451e-07 1 49.3066 0.400253 -0.916405 1.24085e-06 -19.3987 0.916405 0.400253 1.3933e-06 -45.8571 0 0 0 1 
				10
				-1.65189e-06 6.5891e-07 1 49.3066 0.375254 -0.926922 1.23064e-06 -18.4187 0.926922 0.375254 1.28391e-06 -46.2699 0 0 0 1 
				11
				-1.69279e-06 5.80276e-07 1 49.3066 0.341594 -0.939848 1.12362e-06 -17.099 0.939848 0.341594 1.39275e-06 -46.7761 0 0 0 1 
				12
				-1.66697e-06 9.26453e-07 1 49.3066 0.299319 -0.954153 1.38293e-06 -15.4414 0.954153 0.299319 1.31324e-06 -47.3364 0 0 0 1 
				13
				-1.40515e-06 1.03177e-06 1 49.3066 0.247874 -0.968792 1.34787e-06 -13.4244 0.968792 0.247874 1.10555e-06 -47.9119 0 0 0 1 
				14
				-1.60152e-06 9.38383e-07 1 49.3066 0.185186 -0.982704 1.21873e-06 -10.9668 0.982704 0.185186 1.40005e-06 -48.4619 0 0 0 1 
				15
				-1.50066e-06 1.03456e-06 1 49.3066 0.0998374 -0.995004 1.17921e-06 -7.6204 0.995004 0.0998374 1.38988e-06 -48.9386 0 0 0 1 
		</Joint>
			17
				-1
				-1.87708e-06 0.00608158 0.999981 49.3065 1.92686e-06 -0.999981 0.00608158 -3.70608 1 1.93824e-06 1.86532e-06 -9.92754 0 0 0 1 
				0
				-1.88891e-06 1.00703e-06 1 49.3065 0.000520498 -1 1.00801e-06 -3.70609 1 0.000520498 1.88839e-06 -9.93309 0 0 0 1 
				1
				-1.85662e-06 -0.000125793 1 49.3065 -3.53563e-05 -1 -0.000125793 -3.70599 1 -3.53565e-05 1.85217e-06 -9.92846 0 0 0 1 
				2
				-1.80398e-06 -0.0207402 0.999785 49.3065 1.77335e-06 -0.999785 -0.0207402 -3.70597 1 1.73555e-06 1.84037e-06 -9.92688 0 0 0 1 
				3
				-1.9249e-06 0.0290784 0.999577 49.3065 1.82615e-06 -0.999577 0.0290784 -3.70619 1 1.88135e-06 1.87098e-06 -9.92758 0 0 0 1 
				4
				-1.78988e-06 6.04092e-07 1 49.3065 -0.0004215 -1 6.03337e-07 -3.70602 1 -0.0004215 1.79013e-06 -9.92806 0 0 0 1 
				5
				-1.8314e-06 -7.61224e-05 1 49.3065 3.21629e-05 -1 -7.61224e-05 -3.70605 1 3.21627e-05 1.83385e-06 -9.92765 0 0 0 1 
				6
				-1.89407e-06 0.0137329 0.999905 49.3065 1.60031e-06 -0.999906 0.0137329 -3.70615 1 1.62617e-06 1.87192e-06 -9.92742 0 0 0 1 
				7
				-1.93305e-06 0.0243252 0.999704 49.3065 1.63982e-06 -0.999704 0.0243252 -3.70615 1 1.68636e-06 1.89259e-06 -9.92753 0 0 0 1 
				8
				-1.95326e-06 0.0127711 0.999918 49.3065 1.73346e-06 -0.999918 0.0127711 -3.70613 1 1.75827e-06 1.93096e-06 -9.92742 0 0 0 1 
				9
				-2.08511e-06 -0.00206244 0.999998 49.3065 1.84306e-06 -0.999998 -0.00206244 -3.70601 1 1.83876e-06 2.08891e-06 -9.92764 0 0 0 1 
				10
				-1.81411e-06 -0.000459343 1 49.3065 -2.25838e-05 -1 -0.000459343 -3.70608 1 -2.25847e-05 1.80373e-06 -9.92807 0 0 0 1 
				11
				-2.05701e-06 -1.11132e-06 1 49.3065 0.000346987 -1 -1.11061e-06 -3.70613 1 0.000346987 2.05739e-06 -9.92756 0 0 0 1 
				12
				-1.87832e-06 7.64853e-07 1 49.3065 -0.000133216 -1 7.64603e-07 -3.70597 1 -0.000133216 1.87843e-06 -9.9269 0 0 0 1 
				13
				-1.86973e-06 1.06817e-06 1 49.3065 -0.00027272 -1 1.06766e-06 -3.70602 1 -0.00027272 1.87002e-06 -9.92846 0 0 0 1 
				14
				-2.05321e-06 -0.000517828 1 49.3065 1.31571e-05 -1 -0.000517828 -3.70623 1 1.31561e-05 2.06002e-06 -9.93311 0 0 0 1 
				15
				-2.04518e-06 -2.5317e-05 1 49.3065 1.79722e-06 -1 -2.5317e-05 -3.70608 1 1.79717e-06 2.04522e-06 -9.92755 0 0 0 1 
		</Joint>
			18
				-1
				1.29841e-06 1.42905e-06 1 49.3065 -1 -1.55098e-06 1.29842e-06 -34.6345 1.55098e-06 -1 1.42905e-06 -0.909874 0 0 0 1 
				0
				1.17068e-06 1.36283e-06 1 49.3065 -1 -1.44641e-06 1.17068e-06 -34.6298 1.44641e-06 -1 1.36283e-06 -0.899383 0 0 0 1 
				1
				1.28185e-06 1.42258e-06 1 49.3065 -1 -1.30945e-06 1.28185e-06 -34.6347 1.30945e-06 -1 1.42258e-06 -0.91195 0 0 0 1 
				2
				1.45831e-06 1.35932e-06 1 49.3065 -1 -1.30176e-06 1.45831e-06 -34.6344 1.30176e-06 -1 1.35932e-06 -0.909218 0 0 0 1 
				3
				1.43352e-06 1.47687e-06 1 49.3065 -1 -1.53608e-06 1.43352e-06 -34.6346 1.53609e-06 -1 1.47687e-06 -0.909917 0 0 0 1 
				4
				1.09114e-06 1.36991e-06 1 49.3065 -1 -1.22846e-06 1.09114e-06 -34.6382 1.22846e-06 -1 1.36991e-06 -0.923488 0 0 0 1 
				5
