<?xml version='1.0' encoding='UTF-8' ?>
<itpanim>
	<skeleton count>
		25
			0 -1
			1.37091e-06 -1 -6.12323e-17 -3.70664 1 1.37091e-06 -6.12323e-17 5.24382e-06 6.12323e-17 -6.12323e-17 1 87.7185 0 0 0 1 
			1 0
			1.3868e-06 4.78456e-08 -1 -87.7185 2.75771e-06 -1 -4.78418e-08 -3.70664 -1 -2.75771e-06 -1.3868e-06 -0.000132032 0 0 0 1 
			2 1
			1.40269e-06 -0.000796318 -1 -96.7459 0 -1 0.000796318 -12.2718 -1 -1.11699e-09 -1.40269e-06 8.7278e-06 0 0 0 1 
			3 2
			1.40269e-06 -0.000796318 -1 -122.958 0 -1 0.000796318 -12.22 -1 -1.11699e-09 -1.40269e-06 8.58421e-06 0 0 0 1 
			4 3
			1 -0 0 0 0 1 0 0 -0 -0 1 -0 0 0 0 1 
			5 4
			1 1.37091e-06 4.37113e-08 -52.406 -1.37091e-06 1 3.58059e-15 38.7067 -4.37113e-08 -6.35048e-14 1 167.762 0 0 0 1 
			6 5
			0.0123547 0.0130585 0.999838 166.875 0.0086996 0.999875 -0.0131665 35.5314 -0.999886 0.00886086 0.0122396 112.902 0 0 0 1 
			7 6
			0.0121292 -0.0124069 0.999849 128.937 0.00901157 0.999884 0.012298 38.8273 -0.999886 0.00886105 0.0122396 112.902 0 0 0 1 
			8 7
			0.0121292 -0.0124069 0.999849 16.6516 -0.999878 0.00965724 0.0122494 112.933 -0.00980777 -0.999876 -0.0122883 -38.7374 0 0 0 1 
			9 4
			-1 -1.37091e-06 4.37114e-08 -52.406 -1.37091e-06 1 3.84662e-15 38.7067 -4.37115e-08 -5.60777e-14 -1 -167.762 0 0 0 1 
			10 9
			-0.0123548 0.0130585 0.999838 166.875 -0.00870231 0.999875 -0.0131665 35.5314 -0.999886 -0.00886358 -0.0122396 -112.902 0 0 0 1 
			11 10
			-0.0121292 -0.0124069 0.999849 128.937 -0.0090143 0.999884 0.012298 38.8273 -0.999886 -0.00886378 -0.0122396 -112.902 0 0 0 1 
			12 11
			-0.0121292 -0.012407 0.999849 16.6516 0.999878 0.00965998 0.0122494 112.933 -0.0098105 0.999876 0.0122883 38.7374 0 0 0 1 
			13 4
			1.34309e-06 -5.95475e-08 -1 -140.788 -1.40269e-06 -1 5.95456e-08 -65.8358 -1 1.40269e-06 -1.34309e-06 -0.00010659 0 0 0 1 
			14 13
			1 -0 0 0 0 1 0 0 -0 -0 1 -0 0 0 0 1 
			15 2
			1.37145e-06 -0.0998263 0.995005 86.9103 0 -0.995005 -0.0998263 -12.4447 1 1.36907e-07 -1.3646e-06 -49.3066 0 0 0 1 
			16 15
			1.37145e-06 0.0998359 0.995004 49.2248 0 -0.995004 0.0998359 -2.71971 1 -1.3692e-07 -1.3646e-06 -49.3066 0 0 0 1 
			17 16
			1.45937e-06 -4.13125e-13 1 9.69628 0 -1 -4.13125e-13 -3.70627 1 6.02901e-19 -1.45937e-06 -49.3066 0 0 0 1 
			18 17
			1.85191e-06 -1 5.70042e-14 -34.6347 0 -5.70042e-14 -1 -0.678676 1 1.85191e-06 -1.05566e-19 -49.3066 0 0 0 1 
			19 18
			1 -0 0 0 0 1 0 0 -0 -0 1 -0 0 0 0 1 
			20 2
			1.37145e-06 -0.0998313 0.995004 86.9103 0 -0.995004 -0.0998313 -12.4452 1 1.36913e-07 -1.3646e-06 49.3066 0 0 0 1 
			21 20
			1.37145e-06 0.0998339 0.995004 49.2249 0 -0.995004 0.0998339 -2.72 1 -1.36917e-07 -1.3646e-06 49.3066 0 0 0 1 
			22 21
			1.45937e-06 -4.13125e-13 1 9.69632 0 -1 -4.13125e-13 -3.70653 1 6.02901e-19 -1.45937e-06 49.3066 0 0 0 1 
			23 22
			1.85542e-06 -1 2.18875e-13 -34.6349 0 -2.18875e-13 -1 -0.678698 1 1.85542e-06 -4.06104e-19 49.3066 0 0 0 1 
			24 23
			1 -0 0 0 0 1 0 0 -0 -0 1 -0 0 0 0 1 
	</skeleton>
		<animations>
			145
			0
				-1
				1.33158e-06 1 0 -1.62371e-07 -1 1.33158e-06 0 -3.70664 -0 -0 1 -87.6249 0 0 0 1 
				0
				1.19842e-06 0.999966 0.00823853 -1.91216e-07 -1 1.19838e-06 9.76774e-09 -4.36653 -1.05501e-10 -0.00823853 0.999966 -87.6704 0 0 0 1 
				1
				1.33158e-06 0.999857 0.0168856 -2.20144e-07 -1 1.3314e-06 2.2048e-08 -5.02831 -4.36557e-10 -0.0168856 0.999857 -87.7047 0 0 0 1 
				2
				1.19842e-06 0.999664 0.0259026 -2.49152e-07 -1 1.19795e-06 3.38681e-08 -5.69195 2.82671e-09 -0.0259026 0.999664 -87.729 0 0 0 1 
				3
				1.46474e-06 0.999378 0.035251 -2.78238e-07 -1 1.46403e-06 4.60491e-08 -6.35735 -5.58794e-09 -0.035251 0.999378 -87.7442 0 0 0 1 
				4
				1.19842e-06 0.998992 0.0448932 -3.07398e-07 -1 1.19723e-06 5.33503e-08 -7.02447 -4.51109e-10 -0.0448932 0.998992 -87.7513 0 0 0 1 
				5
				1.33158e-06 0.998498 0.0547913 -3.36631e-07 -1 1.32968e-06 7.10992e-08 -7.69325 -1.86265e-09 -0.0547913 0.998498 -87.7513 0 0 0 1 
				6
				1.46474e-06 0.997891 0.0649065 -3.65934e-07 -1 1.46184e-06 9.21959e-08 -8.36362 -2.88128e-09 -0.0649065 0.997891 -87.7452 0 0 0 1 
				7
				1.33158e-06 0.997169 0.0751996 -3.95304e-07 -1 1.32809e-06 9.64196e-08 -9.03552 -3.72529e-09 -0.0751996 0.997169 -87.7341 0 0 0 1 
				8
				1.33158e-06 0.996327 0.0856327 -4.24738e-07 -1 1.32695e-06 1.10982e-07 -9.70889 -3.0559e-09 -0.0856327 0.996327 -87.719 0 0 0 1 
				9
				1.33158e-06 0.995365 0.0961679 -4.54234e-07 -1 1.32516e-06 1.30605e-07 -10.3837 2.56114e-09 -0.0961679 0.995365 -87.7009 0 0 0 1 
				10
				1.19842e-06 0.994284 0.106766 -4.83788e-07 -1 1.19183e-06 1.25578e-07 -11.0598 -2.38651e-09 -0.106766 0.994284 -87.6807 0 0 0 1 
				11
				1.33158e-06 0.993086 0.117389 -5.13399e-07 -1 1.32237e-06 1.56312e-07 -11.7372 -1.42876e-24 -0.117389 0.993086 -87.6595 0 0 0 1 
				12
				1.33158e-06 0.991774 0.127998 -5.43063e-07 -1 1.3225e-06 1.55949e-07 -12.4159 -1.46101e-08 -0.127998 0.991774 -87.6383 0 0 0 1 
				13
				1.33158e-06 0.990355 0.138556 -5.72779e-07 -1 1.31912e-06 1.81731e-07 -13.0957 -2.79397e-09 -0.138556 0.990355 -87.6181 0 0 0 1 
				14
				1.33158e-06 0.988833 0.149025 -6.02542e-07 -1 1.31757e-06 1.92741e-07 -13.7766 -5.76256e-09 -0.149025 0.988833 -87.5999 0 0 0 1 
				15
				1.33158e-06 0.987219 0.159367 -6.32351e-07 -1 1.31575e-06 2.04854e-07 -14.4585 -7.45058e-09 -0.159367 0.987219 -87.5848 0 0 0 1 
				16
				1.33158e-06 0.985522 0.169545 -6.62203e-07 -1 1.31388e-06 2.16584e-07 -15.1415 -9.31323e-09 -0.169545 0.985522 -87.5737 0 0 0 1 
				17
				1.33158e-06 0.983754 0.179522 -6.92095e-07 -1 1.3112e-06 2.32177e-07 -15.8253 -6.98492e-09 -0.179522 0.983754 -87.5677 0 0 0 1 
				18
				1.46474e-06 0.981926 0.189263 -7.22025e-07 -1 1.44055e-06 2.6539e-07 -16.51 -1.2049e-08 -0.189263 0.981926 -87.5677 0 0 0 1 
				19
				1.33158e-06 0.980054 0.19873 -7.51989e-07 -1 1.3065e-06 2.57322e-07 -17.1955 -7.45058e-09 -0.19873 0.980054 -87.5748 0 0 0 1 
				20
				1.33158e-06 0.978153 0.207887 -7.81986e-07 -1 1.30435e-06 2.6805e-07 -17.8818 -8.96398e-09 -0.207887 0.978153 -87.59 0 0 0 1 
				21
				1.33158e-06 0.976238 0.216701 -8.12012e-07 -1 1.30327e-06 2.73553e-07 -18.5687 -1.53668e-08 -0.216701 0.976238 -87.6142 0 0 0 1 
				22
				1.46474e-06 0.974328 0.225135 -8.42065e-07 -1 1.43061e-06 3.14734e-07 -19.2562 -1.5425e-08 -0.225135 0.974328 -87.6486 0 0 0 1 
				23
				1.33158e-06 0.97244 0.233154 -8.72142e-07 -1 1.29662e-06 3.03218e-07 -19.9443 -7.45058e-09 -0.233154 0.97244 -87.6941 0 0 0 1 
				24
				1.33158e-06 0.970593 0.240725 -9.0224e-07 -1 1.29083e-06 3.26985e-07 -20.6329 6.63567e-09 -0.240725 0.970593 -87.7517 0 0 0 1 
				25
				1.33158e-06 0.968808 0.247814 -9.32357e-07 -1 1.28808e-06 3.37654e-07 -21.3219 7.91624e-09 -0.247814 0.968808 -87.8224 0 0 0 1 
				26
				1.46474e-06 0.967102 0.254387 -9.6249e-07 -1 1.41543e-06 3.76889e-07 -22.0112 4.42378e-09 -0.254387 0.967102 -87.9072 0 0 0 1 
				27
				1.46474e-06 0.965498 0.26041 -9.92637e-07 -1 1.41808e-06 3.67046e-07 -22.7009 -1.49012e-08 -0.26041 0.965498 -88.0072 0 0 0 1 
				28
				1.33158e-06 0.964014 0.26585 -1.02279e-06 -1 1.28419e-06 3.52094e-07 -23.3908 -1.97906e-09 -0.26585 0.964014 -88.1234 0 0 0 1 
				29
				1.33158e-06 0.962671 0.270675 -1.05296e-06 -1 1.28616e-06 3.45184e-07 -24.0809 -1.58325e-08 -0.270675 0.962671 -88.2567 0 0 0 1 
				30
				1.33158e-06 0.961487 0.27485 -1.08313e-06 -1 1.28468e-06 3.5065e-07 -24.7712 -1.59489e-08 -0.27485 0.961487 -88.4082 0 0 0 1 
				31
				1.33158e-06 0.960482 0.278341 -1.1133e-06 -1 1.27896e-06 3.70634e-07 -25.4614 5.08475e-23 -0.278341 0.960482 -88.5789 0 0 0 1 
				32
				1.46474e-06 0.959674 0.281116 -1.14348e-06 -1 1.40214e-06 4.23828e-07 -26.1517 1.25729e-08 -0.281116 0.959674 -88.7698 0 0 0 1 
				33
				1.33158e-06 0.959078 0.283142 -1.17365e-06 -1 1.27445e-06 3.85958e-07 -26.8419 9.31323e-09 -0.283142 0.959078 -88.9819 0 0 0 1 
				34
				1.46474e-06 0.958711 0.284383 -1.20381e-06 -1 1.41035e-06 3.9601e-07 -27.5321 -2.14204e-08 -0.284383 0.958711 -89.2163 0 0 0 1 
				35
				1.33158e-06 0.958586 0.284804 -1.23397e-06 -1 1.28068e-06 3.64955e-07 -28.222 -1.49012e-08 -0.284804 0.958586 -89.4738 0 0 0 1 
				36
				1.46474e-06 0.958636 0.284635 -1.26412e-06 -1 1.40558e-06 4.12117e-07 -28.9116 -5.00586e-09 -0.284635 0.958636 -89.7662 0 0 0 1 
				37
				1.33158e-06 0.958784 0.284136 -1.29425e-06 -1 1.2857e-06 3.4799e-07 -29.601 -3.1665e-08 -0.284136 0.958784 -90.1027 0 0 0 1 
				38
				1.5979e-06 0.959027 0.283315 -1.32437e-06 -1 1.54117e-06 4.23122e-07 -30.29 -3.08501e-08 -0.283315 0.959027 -90.4802 0 0 0 1 
				39
				1.33158e-06 0.959361 0.282182 -1.35447e-06 -1 1.28167e-06 3.61453e-07 -30.9786 -1.49012e-08 -0.282182 0.959361 -90.8959 0 0 0 1 
				40
				1.46474e-06 0.959782 0.280745 -1.38454e-06 -1 1.41001e-06 3.96917e-07 -31.6667 -1.49012e-08 -0.280745 0.959782 -91.3469 0 0 0 1 
				41
				1.33158e-06 0.960287 0.279014 -1.4146e-06 -1 1.28312e-06 3.56326e-07 -32.3542 -1.58325e-08 -0.279014 0.960287 -91.8303 0 0 0 1 
				42
				1.33158e-06 0.960871 0.276997 -1.44462e-06 -1 1.28032e-06 3.65935e-07 -33.0411 -3.0268e-09 -0.276997 0.960871 -92.3432 0 0 0 1 
				43
				1.33158e-06 0.961529 0.274703 -1.47462e-06 -1 1.28035e-06 3.65789e-07 -33.7273 -5.09029e-23 -0.274703 0.961529 -92.8826 0 0 0 1 
				44
				1.33158e-06 0.962257 0.272141 -1.50458e-06 -1 1.28215e-06 3.59465e-07 -34.4129 -3.0268e-09 -0.272141 0.962257 -93.4458 0 0 0 1 
				45
				1.33158e-06 0.963051 0.26932 -1.53451e-06 -1 1.28664e-06 3.43374e-07 -35.0976 -1.58325e-08 -0.26932 0.963051 -94.0298 0 0 0 1 
				46
				1.33158e-06 0.963905 0.266248 -1.5644e-06 -1 1.28721e-06 3.41177e-07 -35.7814 -1.38534e-08 -0.266248 0.963905 -94.6317 0 0 0 1 
				47
				1.46474e-06 0.964814 0.262934 -1.59426e-06 -1 1.42104e-06 3.56376e-07 -36.4643 -2.98023e-08 -0.262934 0.964814 -95.2486 0 0 0 1 
				48
				1.46474e-06 0.965773 0.259388 -1.62407e-06 -1 1.42077e-06 3.56999e-07 -37.1463 -2.37487e-08 -0.259388 0.965773 -95.8776 0 0 0 1 
				49
				1.33158e-06 0.966778 0.255616 -1.65383e-06 -1 1.28663e-06 3.43075e-07 -37.8272 2.79397e-09 -0.255616 0.966778 -96.5159 0 0 0 1 
				50
				1.46474e-06 0.967824 0.25163 -1.68354e-06 -1 1.4206e-06 3.5708e-07 -38.507 -1.18744e-08 -0.25163 0.967824 -97.1605 0 0 0 1 
				51
				1.19842e-06 0.968904 0.247436 -1.71321e-06 -1 1.16484e-06 2.82096e-07 -39.1857 -1.49012e-08 -0.247436 0.968904 -97.8084 0 0 0 1 
				52
				1.46474e-06 0.970015 0.243045 -1.74282e-06 -1 1.42448e-06 3.41374e-07 -39.8631 -1.50758e-08 -0.243045 0.970015 -98.457 0 0 0 1 
				53
				1.33158e-06 0.971151 0.238465 -1.77237e-06 -1 1.29572e-06 3.07134e-07 -40.5392 -1.07102e-08 -0.238465 0.971151 -99.1032 0 0 0 1 
				54
				1.46474e-06 0.972308 0.233704 -1.80187e-06 -1 1.42739e-06 3.28959e-07 -41.214 -1.3737e-08 -0.233704 0.972308 -99.7441 0 0 0 1 
				55
				1.33158e-06 0.97348 0.228772 -1.8313e-06 -1 1.29797e-06 2.97375e-07 -41.8874 -7.45058e-09 -0.228772 0.97348 -100.377 0 0 0 1 
				56
				1.33158e-06 0.974663 0.223678 -1.86067e-06 -1 1.29628e-06 3.04653e-07 -42.5593 6.98492e-09 -0.223678 0.974663 -100.999 0 0 0 1 
				57
				1.33158e-06 0.975852 0.218431 -1.88998e-06 -1 1.29922e-06 2.91767e-07 -43.2296 9.31323e-10 -0.218431 0.975853 -101.606 0 0 0 1 
				58
				1.46474e-06 0.977044 0.213039 -1.91921e-06 -1 1.43524e-06 2.93108e-07 -43.8984 -1.93832e-08 -0.213039 0.977044 -102.197 0 0 0 1 
				59
				1.33158e-06 0.978232 0.207513 -1.94837e-06 -1 1.3026e-06 2.7632e-07 -44.5655 -0 -0.207513 0.978232 -102.768 0 0 0 1 
				60
				1.33158e-06 0.979414 0.201861 -1.97746e-06 -1 1.30849e-06 2.47814e-07 -45.2309 -2.14204e-08 -0.201861 0.979414 -103.317 0 0 0 1 
				61
				1.33158e-06 0.980585 0.196092 -2.00646e-06 -1 1.30463e-06 2.66592e-07 -45.8946 5.58794e-09 -0.196092 0.980586 -103.84 0 0 0 1 
				62
				1.19842e-06 0.981742 0.190216 -2.03539e-06 -1 1.17577e-06 2.31959e-07 -46.5564 4.07454e-09 -0.190216 0.981742 -104.335 0 0 0 1 
				63
				1.33158e-06 0.982881 0.184243 -2.06424e-06 -1 1.31016e-06 2.38011e-07 -47.2162 -7.45058e-09 -0.184243 0.982881 -104.798 0 0 0 1 
				64
				1.19842e-06 0.983998 0.178181 -2.093e-06 -1 1.17712e-06 2.25278e-07 -47.8742 1.19326e-08 -0.178181 0.983998 -105.227 0 0 0 1 
				65
				1.33158e-06 0.98509 0.172041 -2.12167e-06 -1 1.31325e-06 2.2037e-07 -48.5301 -8.84756e-09 -0.172041 0.98509 -105.619 0 0 0 1 
				66
				1.33158e-06 0.986154 0.165831 -2.15025e-06 -1 1.31455e-06 2.12437e-07 -49.1839 -8.49832e-09 -0.165831 0.986154 -105.971 0 0 0 1 
				67
				1.33158e-06 0.987188 0.159562 -2.17873e-06 -1 1.31333e-06 2.19825e-07 -49.8356 7.45058e-09 -0.159562 0.987188 -106.28 0 0 0 1 
				68
				1.19842e-06 0.988189 0.153243 -2.20712e-06 -1 1.18432e-06 1.83305e-07 -50.485 -3.49246e-10 -0.153243 0.988188 -106.543 0 0 0 1 
				69
				1.33158e-06 0.989154 0.146884 -2.23541e-06 -1 1.31768e-06 1.91904e-07 -51.1323 -3.72529e-09 -0.146884 0.989154 -106.758 0 0 0 1 
				70
				1.33158e-06 0.990081 0.140495 -2.2636e-06 -1 1.31952e-06 1.79012e-07 -51.7771 -8.14907e-09 -0.140495 0.990081 -106.921 0 0 0 1 
				71
				1.19842e-06 0.99097 0.134085 -2.29168e-06 -1 1.1876e-06 1.60691e-07 -52.4196 2.16291e-24 -0.134085 0.99097 -107.029 0 0 0 1 
				72
				1.33158e-06 0.991817 0.127665 -2.31966e-06 -1 1.32075e-06 1.69505e-07 -53.0596 -4.94765e-10 -0.127665 0.991817 -107.123 0 0 0 1 
				73
				1.33158e-06 0.992623 0.121244 -2.34753e-06 -1 1.32297e-06 1.51508e-07 -53.6972 -1.00117e-08 -0.121244 0.992623 -107.234 0 0 0 1 
				74
				1.46474e-06 0.993385 0.114832 -2.37528e-06 -1 1.4562e-06 1.58253e-07 -54.3321 -1.00117e-08 -0.114832 0.993385 -107.343 0 0 0 1 
				75
				1.33158e-06 0.994103 0.108439 -2.40292e-06 -1 1.32332e-06 1.48098e-07 -54.9644 3.72529e-09 -0.108439 0.994103 -107.432 0 0 0 1 
				76
				1.33158e-06 0.994777 0.102075 -2.43044e-06 -1 1.32498e-06 1.32447e-07 -55.594 -3.49246e-09 -0.102075 0.994777 -107.484 0 0 0 1 
				77
				1.33158e-06 0.995405 0.0957504 -2.45784e-06 -1 1.3254e-06 1.28195e-07 -56.2209 6.98492e-10 -0.0957504 0.995405 -107.482 0 0 0 1 
				78
				1.33158e-06 0.995989 0.0894748 -2.48512e-06 -1 1.32684e-06 1.12447e-07 -56.8449 -6.72298e-09 -0.0894748 0.995989 -107.408 0 0 0 1 
				79
				1.33158e-06 0.996528 0.0832585 -2.51227e-06 -1 1.32665e-06 1.14578e-07 -57.4661 3.72529e-09 -0.0832585 0.996528 -107.243 0 0 0 1 
				80
				1.33158e-06 0.997022 0.0771114 -2.5393e-06 -1 1.32771e-06 1.0149e-07 -58.0843 -1.19326e-09 -0.0771114 0.997022 -106.97 0 0 0 1 
				81
				1.33158e-06 0.997473 0.0710433 -2.56619e-06 -1 1.32822e-06 9.45999e-08 -58.6995 -1.24013e-16 -0.0710433 0.997473 -106.571 0 0 0 1 
				82
				1.33158e-06 0.997881 0.0650644 -2.59295e-06 -1 1.3287e-06 8.75679e-08 -59.3117 9.31323e-10 -0.0650644 0.997881 -106.03 0 0 0 1 
				83
				1.19842e-06 0.998247 0.0591849 -2.61957e-06 -1 1.19632e-06 7.09286e-08 -59.9207 -1.32117e-23 -0.0591849 0.998247 -105.326 0 0 0 1 
				84
				1.33158e-06 0.998572 0.0534147 -2.64605e-06 -1 1.32972e-06 7.03558e-08 -60.5265 -7.71251e-10 -0.0534147 0.998572 -104.444 0 0 0 1 
				85
				1.33158e-06 0.998859 0.0477636 -2.67239e-06 -1 1.32995e-06 6.59267e-08 -61.1291 2.32831e-09 -0.0477636 0.998859 -103.366 0 0 0 1 
				86
				1.33158e-06 0.999107 0.0422417 -2.69858e-06 -1 1.33046e-06 5.45471e-08 -61.7284 -1.70257e-09 -0.0422417 0.999107 -102.073 0 0 0 1 
				87
				1.33158e-06 0.999321 0.0368592 -2.72463e-06 -1 1.33068e-06 4.90809e-08 -62.3243 -0 -0.0368592 0.99932 -100.548 0 0 0 1 
				88
				1.19842e-06 0.9995 0.0316258 -2.75053e-06 -1 1.19779e-06 3.89047e-08 -62.9168 1.00408e-09 -0.0316258 0.9995 -98.7731 0 0 0 1 
				89
				1.33158e-06 0.999647 0.0265514 -2.77627e-06 -1 1.33117e-06 3.33188e-08 -63.5058 -2.03727e-09 -0.0265514 0.999647 -96.731 0 0 0 1 
				90
				1.46474e-06 0.999766 0.021646 -2.80187e-06 -1 1.46445e-06 2.9138e-08 -64.0912 -2.56841e-09 -0.021646 0.999766 -94.5839 0 0 0 1 
				91
				1.33158e-06 0.999857 0.0169197 -2.8273e-06 -1 1.33139e-06 2.253e-08 -64.673 3.58289e-24 -0.0169197 0.999857 -89.21 0 0 0 1 
				92
				1.33158e-06 0.999923 0.0123821 -2.85257e-06 -1 1.33147e-06 1.71844e-08 -65.2512 6.96673e-10 -0.0123821 0.999923 -78.0066 0 0 0 1 
				93
				1.33158e-06 0.999968 0.00804303 -2.87768e-06 -1 1.33154e-06 1.05135e-08 -65.8256 -1.96451e-10 -0.00804303 0.999968 -64.4362 0 0 0 1 
				94
				1.33158e-06 0.999992 0.00391234 -2.90262e-06 -1 1.33157e-06 5.37421e-09 -66.3962 1.64619e-10 -0.00391234 0.999992 -52.4855 0 0 0 1 
				95
				1.33158e-06 1 0 -2.92739e-06 -1 1.33158e-06 0 -66.9629 -0 -0 1 -46.141 0 0 0 1 
				96
				1.46474e-06 0.999994 -0.00334055 -2.95246e-06 -1 1.46473e-06 -4.9767e-09 -67.5364 -8.36735e-11 0.00334055 0.999994 -44.072 0 0 0 1 
				97
				1.33158e-06 0.999983 -0.00581867 -2.97779e-06 -1 1.33155e-06 -8.50471e-09 -68.116 -7.567e-10 0.00581867 0.999983 -42.4359 0 0 0 1 
				98
				1.33158e-06 0.999972 -0.00752499 -3.00262e-06 -1 1.33154e-06 -1.05913e-08 -68.6839 -5.71163e-10 0.00752499 0.999972 -41.1987 0 0 0 1 
				99
				1.33158e-06 0.999963 -0.00854991 -3.02614e-06 -1 1.33153e-06 -1.18505e-08 -69.2221 -4.65661e-10 0.00854991 0.999963 -40.3264 0 0 0 1 
				100
				1.33158e-06 0.99996 -0.0089811 -3.04761e-06 -1 1.33152e-06 -1.25302e-08 -69.7132 -5.71163e-10 0.0089811 0.99996 -39.7858 0 0 0 1 
				101
				1.33158e-06 0.99996 -0.00890618 -3.06626e-06 -1 1.33152e-06 -1.25578e-08 -70.1398 -6.98492e-10 0.00890618 0.99996 -39.5439 0 0 0 1 
				102
				1.33158e-06 0.999965 -0.00841564 -3.08131e-06 -1 1.33153e-06 -1.20646e-08 -70.4841 -8.58563e-10 0.00841564 0.999965 -39.5668 0 0 0 1 
				103
				1.33158e-06 0.999971 -0.00759997 -3.09198e-06 -1 1.33154e-06 -1.05856e-08 -70.7282 -4.65661e-10 0.00759997 0.999971 -39.8201 0 0 0 1 
				104
				1.19842e-06 0.999979 -0.0065468 -3.0975e-06 -1 1.19839e-06 -9.02815e-09 -70.8545 -1.18234e-09 0.0065468 0.999979 -40.271 0 0 0 1 
				105
				1.33158e-06 0.999986 -0.00534375 -3.09712e-06 -1 1.33156e-06 -7.69043e-09 -70.8458 -5.74801e-10 0.00534375 0.999986 -40.8864 0 0 0 1 
				106
				1.33158e-06 0.999992 -0.00408133 -3.09005e-06 -1 1.33157e-06 -5.55012e-09 -70.6842 -1.15506e-10 0.00408133 0.999992 -41.6322 0 0 0 1 
				107
				1.33158e-06 0.999996 -0.00285001 -3.07552e-06 -1 1.33157e-06 -4.02785e-09 -70.3516 -2.32831e-10 0.00285001 0.999996 -42.4743 0 0 0 1 
				108
				1.5979e-06 0.999998 -0.00173744 -3.05275e-06 -1 1.59789e-06 -2.64869e-09 -69.8308 1.27557e-10 0.00173744 0.999998 -43.3797 0 0 0 1 
				109
				1.33158e-06 1 -0.000831254 -3.021e-06 -1 1.33158e-06 -1.1992e-09 -69.1044 -9.23137e-11 0.000831254 1 -44.3154 0 0 0 1 
				110
				1.33158e-06 1 -0.000221945 -2.97947e-06 -1 1.33158e-06 -2.9116e-10 -68.1544 4.37694e-12 0.000221944 1 -45.2472 0 0 0 1 
				111
				1.33158e-06 1 0 -2.92739e-06 -1 1.33158e-06 0 -66.9629 -0 -0 1 -46.141 0 0 0 1 
				112
				1.33158e-06 1 0 -2.86802e-06 -1 1.33158e-06 0 -65.6046 -0 -0 1 -47.0318 0 0 0 1 
				113
				1.33158e-06 1 0 -2.80521e-06 -1 1.33158e-06 0 -64.1676 -0 -0 1 -47.9742 0 0 0 1 
				114
				1.33158e-06 1 0 -2.73913e-06 -1 1.33158e-06 0 -62.6561 -0 -0 1 -48.9655 0 0 0 1 
				115
				1.19842e-06 1 1.47717e-38 -2.66997e-06 -1 1.19842e-06 -1.2326e-32 -61.0738 -1.2326e-32 -0 1 -50.0031 0 0 0 1 
				116
				1.19842e-06 1 1.47717e-38 -2.59788e-06 -1 1.19842e-06 -1.2326e-32 -59.4246 -1.2326e-32 -0 1 -51.0847 0 0 0 1 
				117
				1.46474e-06 1 0 -2.52303e-06 -1 1.46474e-06 0 -57.7123 -0 -0 1 -52.2076 0 0 0 1 
				118
				1.19842e-06 1 1.47717e-38 -2.4456e-06 -1 1.19842e-06 -1.2326e-32 -55.9408 -1.2326e-32 -0 1 -53.3694 0 0 0 1 
				119
				1.33158e-06 1 0 -2.36575e-06 -1 1.33158e-06 0 -54.114 -0 -0 1 -54.5674 0 0 0 1 
				120
				1.33158e-06 1 0 -2.28364e-06 -1 1.33158e-06 0 -52.2357 -0 -0 1 -55.7992 0 0 0 1 
				121
				1.33158e-06 1 0 -2.19946e-06 -1 1.33158e-06 0 -50.3097 -0 -0 1 -57.0623 0 0 0 1 
				122
				1.33158e-06 1 0 -2.11336e-06 -1 1.33158e-06 0 -48.34 -0 -0 1 -58.354 0 0 0 1 
				123
				1.33158e-06 1 0 -2.02552e-06 -1 1.33158e-06 0 -46.3305 -0 -0 1 -59.6719 0 0 0 1 
				124
				1.33158e-06 1 0 -1.9361e-06 -1 1.33158e-06 0 -44.2849 -0 -0 1 -61.0134 0 0 0 1 
				125
				1.33158e-06 1 0 -1.84528e-06 -1 1.33158e-06 0 -42.2071 -0 -0 1 -62.376 0 0 0 1 
				126
				1.33158e-06 1 0 -1.75322e-06 -1 1.33158e-06 0 -40.101 -0 -0 1 -63.7573 0 0 0 1 
				127
				1.33158e-06 1 0 -1.66009e-06 -1 1.33158e-06 0 -37.9705 -0 -0 1 -65.1545 0 0 0 1 
				128
				1.33158e-06 1 0 -1.56606e-06 -1 1.33158e-06 0 -35.8193 -0 -0 1 -66.5652 0 0 0 1 
				129
				1.33158e-06 1 0 -1.4713e-06 -1 1.33158e-06 0 -33.6514 -0 -0 1 -67.9869 0 0 0 1 
				130
				1.33158e-06 1 0 -1.37598e-06 -1 1.33158e-06 0 -31.4707 -0 -0 1 -69.4171 0 0 0 1 
				131
				1.33158e-06 1 0 -1.28026e-06 -1 1.33158e-06 0 -29.2809 -0 -0 1 -70.8531 0 0 0 1 
				132
				1.33158e-06 1 0 -1.18432e-06 -1 1.33158e-06 0 -27.0861 -0 -0 1 -72.2925 0 0 0 1 
				133
				1.33158e-06 1 0 -1.08832e-06 -1 1.33158e-06 0 -24.8899 -0 -0 1 -73.7328 0 0 0 1 
				134
				1.33158e-06 1 0 -9.92433e-07 -1 1.33158e-06 0 -22.6962 -0 -0 1 -75.1714 0 0 0 1 
				135
				1.33158e-06 1 0 -8.9683e-07 -1 1.33158e-06 0 -20.5091 -0 -0 1 -76.6057 0 0 0 1 
				136
				1.19842e-06 1 1.47717e-38 -8.01676e-07 -1 1.19842e-06 -1.2326e-32 -18.3322 -1.2326e-32 -0 1 -78.0333 0 0 0 1 
				137
				1.46474e-06 1 0 -7.07139e-07 -1 1.46474e-06 0 -16.1695 -0 -0 1 -79.4517 0 0 0 1 
				138
				1.19842e-06 1 1.47717e-38 -6.1339e-07 -1 1.19842e-06 -1.2326e-32 -14.0247 -1.2326e-32 -0 1 -80.8582 0 0 0 1 
				139
				1.19842e-06 1 1.47717e-38 -5.206e-07 -1 1.19842e-06 -1.2326e-32 -11.9019 -1.2326e-32 -0 1 -82.2504 0 0 0 1 
				140
				1.33158e-06 1 0 -4.28934e-07 -1 1.33158e-06 0 -9.80489 -0 -0 1 -83.6256 0 0 0 1 
				141
				1.33158e-06 1 0 -3.3856e-07 -1 1.33158e-06 0 -7.73737 -0 -0 1 -84.9815 0 0 0 1 
				142
				1.33158e-06 1 0 -2.49649e-07 -1 1.33158e-06 0 -5.70332 -0 -0 1 -86.3155 0 0 0 1 
				143
				1.33158e-06 1 0 -1.62371e-07 -1 1.33158e-06 0 -3.70664 -0 -0 1 -87.6249 0 0 0 1 
		</Joint>
			1
				-1
				1.33158e-06 2.66316e-06 -1 -1.62371e-07 0 -1 -2.66316e-06 -3.70664 -1 3.54621e-12 -1.33158e-06 -87.6249 0 0 0 1 
				0
				-0.00823853 2.54097e-06 -0.999966 -1.91216e-07 -1.34135e-06 -1 -2.53e-06 -4.36653 -0.999966 1.32046e-06 0.00823853 -87.6704 0 0 0 1 
				1
				-0.0168856 2.68546e-06 -0.999857 -2.20144e-07 -1.35363e-06 -1 -2.66298e-06 -5.02831 -0.999857 1.30847e-06 0.0168856 -87.7047 0 0 0 1 
				2
				-0.0259026 2.56405e-06 -0.999664 -2.49152e-07 -1.36545e-06 -1 -2.52953e-06 -5.69195 -0.999664 1.29947e-06 0.0259026 -87.729 0 0 0 1 
				3
				-0.035251 2.84243e-06 -0.999378 -2.78238e-07 -1.37763e-06 -1 -2.79561e-06 -6.35735 -0.999378 1.27823e-06 0.035251 -87.7442 0 0 0 1 
				4
				-0.0448932 2.58845e-06 -0.998992 -3.07398e-07 -1.38493e-06 -1 -2.52882e-06 -7.02447 -0.998992 1.27001e-06 0.0448932 -87.7513 0 0 0 1 
				5
				-0.0547913 2.73412e-06 -0.998498 -3.36631e-07 -1.40268e-06 -1 -2.66126e-06 -7.69325 -0.998498 1.25476e-06 0.0547913 -87.7513 0 0 0 1 
				6
				-0.0649065 2.87994e-06 -0.997891 -3.65934e-07 -1.42378e-06 -1 -2.79341e-06 -8.36362 -0.997891 1.23946e-06 0.0649065 -87.7452 0 0 0 1 
				7
				-0.0751996 2.75953e-06 -0.997169 -3.95304e-07 -1.428e-06 -1 -2.65968e-06 -9.03552 -0.997169 1.22395e-06 0.0751996 -87.7341 0 0 0 1 
				8
				-0.0856327 2.7723e-06 -0.996327 -4.24738e-07 -1.44256e-06 -1 -2.65853e-06 -9.70889 -0.996327 1.20961e-06 0.0856327 -87.719 0 0 0 1 
				9
				-0.0961679 2.78504e-06 -0.995365 -4.54234e-07 -1.46219e-06 -1 -2.65674e-06 -10.3837 -0.995365 1.19991e-06 0.0961679 -87.7009 0 0 0 1 
				10
				-0.106766 2.66456e-06 -0.994284 -4.83788e-07 -1.45716e-06 -1 -2.52341e-06 -11.0598 -0.994284 1.17942e-06 0.106766 -87.6807 0 0 0 1 
				11
				-0.117389 2.81027e-06 -0.993086 -5.13399e-07 -1.48789e-06 -1 -2.65395e-06 -11.7372 -0.993086 1.16606e-06 0.117389 -87.6595 0 0 0 1 
				12
				-0.127998 2.82265e-06 -0.991774 -5.43063e-07 -1.48753e-06 -1 -2.65408e-06 -12.4159 -0.991774 1.13558e-06 0.127998 -87.6383 0 0 0 1 
				13
				-0.138556 2.83482e-06 -0.990355 -5.72779e-07 -1.51331e-06 -1 -2.6507e-06 -13.0957 -0.990355 1.13144e-06 0.138556 -87.6181 0 0 0 1 
				14
				-0.149025 2.86657e-06 -0.988833 -6.02542e-07 -1.65748e-06 -1 -2.64915e-06 -13.7766 -0.988833 1.24418e-06 0.149025 -87.5999 0 0 0 1 
				15
				-0.159367 2.87957e-06 -0.987219 -6.32351e-07 -1.66959e-06 -1 -2.64733e-06 -14.4585 -0.987219 1.22636e-06 0.159367 -87.5848 0 0 0 1 
				16
				-0.169545 2.86965e-06 -0.985522 -6.62203e-07 -1.54816e-06 -1 -2.64546e-06 -15.1415 -0.985522 1.07723e-06 0.169545 -87.5737 0 0 0 1 
				17
				-0.179522 2.88058e-06 -0.983754 -6.92095e-07 -1.56376e-06 -1 -2.64278e-06 -15.8253 -0.983754 1.06391e-06 0.179522 -87.5677 0 0 0 1 
				18
				-0.189263 3.02427e-06 -0.981926 -7.22025e-07 -1.59697e-06 -1 -2.77213e-06 -16.51 -0.981927 1.04345e-06 0.189263 -87.5677 0 0 0 1 
				19
				-0.19873 2.90123e-06 -0.980054 -7.51989e-07 -1.5889e-06 -1 -2.63808e-06 -17.1955 -0.980054 1.03295e-06 0.19873 -87.5748 0 0 0 1 
				20
				-0.207887 2.91089e-06 -0.978153 -7.81986e-07 -1.59963e-06 -1 -2.63593e-06 -17.8818 -0.978153 1.01671e-06 0.207887 -87.59 0 0 0 1 
				21
				-0.216701 2.92007e-06 -0.976238 -8.12012e-07 -1.60513e-06 -1 -2.63485e-06 -18.5687 -0.976238 9.96019e-07 0.216701 -87.6142 0 0 0 1 
				22
				-0.225135 3.06192e-06 -0.974328 -8.42065e-07 -1.64631e-06 -1 -2.76219e-06 -19.2562 -0.974328 9.82186e-07 0.225135 -87.6486 0 0 0 1 
				23
				-0.233154 2.93693e-06 -0.97244 -8.72142e-07 -1.6348e-06 -1 -2.6282e-06 -19.9443 -0.97244 9.76968e-07 0.233154 -87.6941 0 0 0 1 
				24
				-0.240725 2.94455e-06 -0.970593 -9.0224e-07 -1.65857e-06 -1 -2.62241e-06 -20.6329 -0.970593 9.78514e-07 0.240725 -87.7517 0 0 0 1 
				25
				-0.247814 2.95161e-06 -0.968808 -9.32357e-07 -1.66923e-06 -1 -2.61966e-06 -21.3219 -0.968808 9.67977e-07 0.247814 -87.8224 0 0 0 1 
				26
				-0.254387 3.12512e-06 -0.967102 -9.6249e-07 -1.84163e-06 -1 -2.74701e-06 -22.0112 -0.967102 1.08224e-06 0.254387 -87.9072 0 0 0 1 
				27
				-0.26041 3.13181e-06 -0.965498 -9.92637e-07 -1.83178e-06 -1 -2.74966e-06 -22.7009 -0.965498 1.05254e-06 0.26041 -88.0072 0 0 0 1 
				28
				-0.26585 3.00464e-06 -0.964014 -1.02279e-06 -1.81683e-06 -1 -2.61577e-06 -23.3908 -0.964014 1.05605e-06 0.26585 -88.1234 0 0 0 1 
				29
				-0.270675 3.00992e-06 -0.962671 -1.05296e-06 -1.80992e-06 -1 -2.61774e-06 -24.0809 -0.962671 1.0338e-06 0.270675 -88.2567 0 0 0 1 
				30
				-0.27485 2.97786e-06 -0.961487 -1.08313e-06 -1.68223e-06 -1 -2.61626e-06 -24.7712 -0.961487 8.98364e-07 0.27485 -88.4082 0 0 0 1 
				31
				-0.278341 3.01824e-06 -0.960482 -1.1133e-06 -1.83537e-06 -1 -2.61054e-06 -25.4614 -0.960482 1.03622e-06 0.278341 -88.5789 0 0 0 1 
				32
				-0.281117 3.15438e-06 -0.959674 -1.14348e-06 -1.88857e-06 -1 -2.73372e-06 -26.1517 -0.959674 1.04391e-06 0.281116 -88.7698 0 0 0 1 
				33
				-0.283142 3.0234e-06 -0.959078 -1.17365e-06 -1.8507e-06 -1 -2.60603e-06 -26.8419 -0.959078 1.03709e-06 0.283142 -88.9819 0 0 0 1 
				34
				-0.284383 3.15789e-06 -0.958711 -1.20381e-06 -1.86075e-06 -1 -2.74193e-06 -27.5321 -0.958711 1.00416e-06 0.284383 -89.2163 0 0 0 1 
				35
				-0.284804 3.02518e-06 -0.958586 -1.23397e-06 -1.82969e-06 -1 -2.61226e-06 -28.222 -0.958586 1.00994e-06 0.284804 -89.4738 0 0 0 1 
				36
				-0.284635 3.15815e-06 -0.958636 -1.26412e-06 -1.87686e-06 -1 -2.73716e-06 -28.9116 -0.958636 1.02013e-06 0.284635 -89.7662 0 0 0 1 
				37
				-0.284136 3.02446e-06 -0.958784 -1.29425e-06 -1.81273e-06 -1 -2.61728e-06 -29.601 -0.958784 9.94353e-07 0.284136 -90.1027 0 0 0 1 
				38
				-0.283315 3.2899e-06 -0.959027 -1.32437e-06 -1.88786e-06 -1 -2.87275e-06 -30.29 -0.959027 9.96617e-07 0.283315 -90.4802 0 0 0 1 
				39
				-0.282182 3.02237e-06 -0.959361 -1.35447e-06 -1.82619e-06 -1 -2.61325e-06 -30.9786 -0.959361 1.01456e-06 0.282182 -90.8959 0 0 0 1 
				40
				-0.280745 3.15398e-06 -0.959782 -1.38454e-06 -1.86166e-06 -1 -2.74159e-06 -31.6667 -0.959782 1.01709e-06 0.280745 -91.3469 0 0 0 1 
				41
				-0.279014 2.98181e-06 -0.960287 -1.4146e-06 -1.68791e-06 -1 -2.6147e-06 -32.3542 -0.960287 8.91338e-07 0.279014 -91.8303 0 0 0 1 
				42
				-0.276997 2.9799e-06 -0.960871 -1.44462e-06 -1.69752e-06 -1 -2.6119e-06 -33.0411 -0.960871 9.07606e-07 0.276997 -92.3432 0 0 0 1 
				43
				-0.274703 2.97772e-06 -0.961529 -1.47462e-06 -1.69737e-06 -1 -2.61193e-06 -33.7273 -0.961529 9.14564e-07 0.274703 -92.8826 0 0 0 1 
				44
				-0.272141 3.01152e-06 -0.962257 -1.50458e-06 -1.8242e-06 -1 -2.61373e-06 -34.4129 -0.962257 1.04405e-06 0.272141 -93.4458 0 0 0 1 
				45
				-0.26932 2.97258e-06 -0.963051 -1.53451e-06 -1.67495e-06 -1 -2.61822e-06 -35.0976 -0.963051 9.07926e-07 0.26932 -94.0298 0 0 0 1 
				46
				-0.266248 3.00508e-06 -0.963905 -1.5644e-06 -1.80592e-06 -1 -2.61879e-06 -35.7814 -0.963905 1.04348e-06 0.266248 -94.6317 0 0 0 1 
				47
				-0.262934 3.09958e-06 -0.964814 -1.59426e-06 -1.68796e-06 -1 -2.75262e-06 -36.4643 -0.964814 9.04807e-07 0.262934 -95.2486 0 0 0 1 
				48
				-0.259388 3.09614e-06 -0.965773 -1.62407e-06 -1.68858e-06 -1 -2.75235e-06 -37.1463 -0.965773 9.16861e-07 0.259388 -95.8776 0 0 0 1 
				49
				-0.255616 2.9593e-06 -0.966778 -1.65383e-06 -1.67466e-06 -1 -2.61821e-06 -37.8272 -0.966778 9.49763e-07 0.255616 -96.5159 0 0 0 1 
				50
				-0.25163 3.08854e-06 -0.967824 -1.68354e-06 -1.68866e-06 -1 -2.75218e-06 -38.507 -0.967824 9.41795e-07 0.25163 -97.1605 0 0 0 1 
				51
				-0.247436 2.81808e-06 -0.968904 -1.71321e-06 -1.61368e-06 -1 -2.49643e-06 -39.1857 -0.968904 9.45791e-07 0.247436 -97.8084 0 0 0 1 
				52
				-0.243045 3.08003e-06 -0.970015 -1.74282e-06 -1.67295e-06 -1 -2.75606e-06 -39.8631 -0.970015 9.52943e-07 0.243045 -98.457 0 0 0 1 
				53
				-0.238465 2.94228e-06 -0.971151 -1.77237e-06 -1.63871e-06 -1 -2.6273e-06 -40.5392 -0.971151 9.64921e-07 0.238465 -99.1032 0 0 0 1 
				54
				-0.233704 3.10176e-06 -0.972308 -1.80187e-06 -1.7937e-06 -1 -2.75897e-06 -41.214 -0.972308 1.09924e-06 0.233704 -99.7441 0 0 0 1 
				55
				-0.228772 2.96294e-06 -0.97348 -1.8313e-06 -1.76211e-06 -1 -2.62955e-06 -41.8874 -0.97348 1.11381e-06 0.228772 -100.377 0 0 0 1 
				56
				-0.223678 2.92727e-06 -0.974663 -1.86067e-06 -1.63623e-06 -1 -2.62786e-06 -42.5593 -0.974663 1.00698e-06 0.223678 -100.999 0 0 0 1 
				57
				-0.218431 2.92186e-06 -0.975852 -1.88998e-06 -1.62335e-06 -1 -2.6308e-06 -43.2296 -0.975853 1.0095e-06 0.218431 -101.606 0 0 0 1 
				58
				-0.213039 3.0778e-06 -0.977044 -1.91921e-06 -1.75785e-06 -1 -2.76682e-06 -43.8984 -0.977044 1.12805e-06 0.213039 -102.197 0 0 0 1 
				59
				-0.207513 2.91049e-06 -0.978232 -1.94837e-06 -1.6079e-06 -1 -2.63418e-06 -44.5655 -0.978232 1.02628e-06 0.207513 -102.768 0 0 0 1 
				60
				-0.201861 2.90454e-06 -0.979414 -1.97746e-06 -1.57939e-06 -1 -2.64008e-06 -45.2309 -0.979414 1.01395e-06 0.201861 -103.317 0 0 0 1 
				61
				-0.196092 2.89842e-06 -0.980585 -2.00646e-06 -1.59817e-06 -1 -2.63621e-06 -45.8946 -0.980586 1.0502e-06 0.196092 -103.84 0 0 0 1 
				62
				-0.190216 2.75898e-06 -0.981742 -2.03539e-06 -1.56354e-06 -1 -2.50735e-06 -46.5564 -0.981742 1.05806e-06 0.190216 -104.335 0 0 0 1 
				63
				-0.184243 2.8857e-06 -0.982881 -2.06424e-06 -1.56959e-06 -1 -2.64174e-06 -47.2162 -0.982881 1.056e-06 0.184243 -104.798 0 0 0 1 
				64
				-0.178181 2.76968e-06 -0.983998 -2.093e-06 -1.69002e-06 -1 -2.5087e-06 -47.8742 -0.983998 1.21597e-06 0.178181 -105.227 0 0 0 1 
				65
				-0.172041 2.8953e-06 -0.98509 -2.12167e-06 -1.68511e-06 -1 -2.64483e-06 -48.5301 -0.98509 1.20497e-06 0.172041 -105.619 0 0 0 1 
				66
				-0.165831 2.86554e-06 -0.986154 -2.15025e-06 -1.54402e-06 -1 -2.64613e-06 -49.1839 -0.986154 1.08383e-06 0.165831 -105.971 0 0 0 1 
				67
				-0.159562 2.85857e-06 -0.987188 -2.17873e-06 -1.55141e-06 -1 -2.64491e-06 -49.8356 -0.987188 1.1095e-06 0.159562 -106.28 0 0 0 1 
				68
				-0.153243 2.71833e-06 -0.988189 -2.20712e-06 -1.51489e-06 -1 -2.5159e-06 -50.485 -0.988189 1.11145e-06 0.153243 -106.543 0 0 0 1 
				69
				-0.146884 2.84431e-06 -0.989154 -2.23541e-06 -1.52348e-06 -1 -2.64927e-06 -51.1323 -0.989154 1.11782e-06 0.146884 -106.758 0 0 0 1 
				70
				-0.140495 2.83703e-06 -0.990081 -2.2636e-06 -1.51059e-06 -1 -2.6511e-06 -51.7771 -0.990081 1.12314e-06 0.140495 -106.921 0 0 0 1 
				71
				-0.134085 2.69652e-06 -0.99097 -2.29168e-06 -1.49227e-06 -1 -2.51918e-06 -52.4196 -0.99097 1.14101e-06 0.134085 -107.029 0 0 0 1 
				72
				-0.127665 2.82226e-06 -0.991817 -2.31966e-06 -1.50109e-06 -1 -2.65233e-06 -53.0596 -0.991817 1.15019e-06 0.127665 -107.123 0 0 0 1 
				73
				-0.121244 2.81478e-06 -0.992623 -2.34753e-06 -1.48309e-06 -1 -2.65455e-06 -53.6972 -0.992623 1.1503e-06 0.121244 -107.234 0 0 0 1 
				74
				-0.114832 2.94042e-06 -0.993385 -2.37528e-06 -1.48983e-06 -1 -2.78778e-06 -54.3321 -0.993385 1.15985e-06 0.114832 -107.343 0 0 0 1 
				75
				-0.108439 2.7997e-06 -0.994103 -2.40292e-06 -1.47968e-06 -1 -2.6549e-06 -54.9644 -0.994103 1.18306e-06 0.108439 -107.432 0 0 0 1 
				76
				-0.102075 2.79213e-06 -0.994777 -2.43044e-06 -1.46403e-06 -1 -2.65656e-06 -55.594 -0.994777 1.18521e-06 0.102075 -107.484 0 0 0 1 
				77
				-0.0957504 2.78454e-06 -0.995405 -2.45784e-06 -1.45978e-06 -1 -2.65698e-06 -56.2209 -0.995405 1.19866e-06 0.0957504 -107.482 0 0 0 1 
				78
				-0.0894748 2.77696e-06 -0.995989 -2.48512e-06 -1.44403e-06 -1 -2.65842e-06 -56.8449 -0.995989 1.20037e-06 0.0894748 -107.408 0 0 0 1 
				79
				-0.0832585 2.7694e-06 -0.996528 -2.51227e-06 -1.44616e-06 -1 -2.65823e-06 -57.4661 -0.996528 1.21982e-06 0.0832585 -107.243 0 0 0 1 
				80
				-0.0771114 2.76188e-06 -0.997022 -2.5393e-06 -1.43307e-06 -1 -2.65929e-06 -58.0843 -0.997022 1.22374e-06 0.0771114 -106.97 0 0 0 1 
				81
				-0.0710433 2.75439e-06 -0.997473 -2.56619e-06 -1.42618e-06 -1 -2.65979e-06 -58.6995 -0.997473 1.23362e-06 0.0710433 -106.571 0 0 0 1 
				82
				-0.0650644 2.74698e-06 -0.997881 -2.59295e-06 -1.41915e-06 -1 -2.66028e-06 -59.3117 -0.997881 1.24305e-06 0.0650644 -106.03 0 0 0 1 
				83
				-0.0591849 2.60648e-06 -0.998247 -2.61957e-06 -1.40251e-06 -1 -2.5279e-06 -59.9207 -0.998247 1.25044e-06 0.0591849 -105.326 0 0 0 1 
				84
				-0.0534147 2.73239e-06 -0.998572 -2.64605e-06 -1.40194e-06 -1 -2.6613e-06 -60.5265 -0.998572 1.25778e-06 0.0534147 -104.444 0 0 0 1 
				85
				-0.0477636 2.72524e-06 -0.998859 -2.67239e-06 -1.39751e-06 -1 -2.66153e-06 -61.1291 -0.998859 1.26879e-06 0.0477636 -103.366 0 0 0 1 
				86
				-0.0422417 2.71822e-06 -0.999107 -2.69858e-06 -1.38613e-06 -1 -2.66204e-06 -61.7284 -0.999107 1.27244e-06 0.0422417 -102.073 0 0 0 1 
				87
				-0.0368592 2.71135e-06 -0.999321 -2.72463e-06 -1.38066e-06 -1 -2.66227e-06 -62.3243 -0.99932 1.28159e-06 0.0368592 -100.548 0 0 0 1 
				88
				-0.0316258 2.57145e-06 -0.9995 -2.75053e-06 -1.37049e-06 -1 -2.52937e-06 -62.9168 -0.9995 1.28981e-06 0.0316258 -98.7731 0 0 0 1 
				89
				-0.0265514 2.69804e-06 -0.999647 -2.77627e-06 -1.3649e-06 -1 -2.66274e-06 -63.5058 -0.999647 1.29372e-06 0.0265514 -96.731 0 0 0 1 
				90
				-0.021646 2.82483e-06 -0.999766 -2.80187e-06 -1.36072e-06 -1 -2.79603e-06 -64.0912 -0.999766 1.29988e-06 0.021646 -94.5839 0 0 0 1 
				91
				-0.0169197 2.6855e-06 -0.999857 -2.8273e-06 -1.35411e-06 -1 -2.66297e-06 -64.673 -0.999857 1.30886e-06 0.0169197 -89.21 0 0 0 1 
				92
				-0.0123821 2.67955e-06 -0.999923 -2.85257e-06 -1.34876e-06 -1 -2.66305e-06 -65.2512 -0.999923 1.31569e-06 0.0123821 -78.0066 0 0 0 1 
				93
				-0.00804303 2.67383e-06 -0.999968 -2.87768e-06 -1.34209e-06 -1 -2.66312e-06 -65.8256 -0.999968 1.32063e-06 0.00804303 -64.4362 0 0 0 1 
				94
				-0.00391234 2.66832e-06 -0.999992 -2.90262e-06 -1.33695e-06 -1 -2.66311e-06 -66.3962 -0.999992 1.32653e-06 0.00391234 -52.4855 0 0 0 1 
				95
				1.33158e-06 2.66316e-06 -1 -2.92739e-06 0 -1 -2.66316e-06 -66.9629 -1 3.54621e-12 -1.33158e-06 -46.141 0 0 0 1 
				96
				0.00334055 2.79186e-06 -0.999994 -2.95246e-06 -1.3266e-06 -1 -2.79631e-06 -67.5364 -0.999995 1.33594e-06 -0.00334055 -44.072 0 0 0 1 
				97
				0.00581867 2.65539e-06 -0.999983 -2.97779e-06 -1.32308e-06 -1 -2.66313e-06 -68.116 -0.999983 1.33855e-06 -0.00581867 -42.4359 0 0 0 1 
				98
				0.00752499 2.65306e-06 -0.999972 -3.00262e-06 -1.32099e-06 -1 -2.66308e-06 -68.6839 -0.999972 1.34099e-06 -0.00752499 -41.1987 0 0 0 1 
				99
				0.00854991 2.65173e-06 -0.999963 -3.02614e-06 -1.31973e-06 -1 -2.66311e-06 -69.2221 -0.999963 1.34245e-06 -0.00854991 -40.3264 0 0 0 1 
				100
				0.0089811 2.65111e-06 -0.99996 -3.04761e-06 -1.31905e-06 -1 -2.66307e-06 -69.7132 -0.99996 1.34291e-06 -0.0089811 -39.7858 0 0 0 1 
				101
				0.00890618 2.65125e-06 -0.99996 -3.06626e-06 -1.31902e-06 -1 -2.6631e-06 -70.1398 -0.99996 1.34269e-06 -0.00890618 -39.5439 0 0 0 1 
				102
				0.00841564 2.65187e-06 -0.999965 -3.08131e-06 -1.31952e-06 -1 -2.66307e-06 -70.4841 -0.999965 1.34188e-06 -0.00841564 -39.5668 0 0 0 1 
				103
				0.00759997 2.653e-06 -0.999971 -3.09198e-06 -1.32099e-06 -1 -2.66312e-06 -70.7282 -0.999971 1.3412e-06 -0.00759997 -39.8201 0 0 0 1 
				104
				0.0065468 2.52121e-06 -0.999979 -3.0975e-06 -1.32255e-06 -1 -2.52992e-06 -70.8545 -0.999979 1.33909e-06 -0.0065468 -40.271 0 0 0 1 
				105
				0.00534375 2.65603e-06 -0.999986 -3.09712e-06 -1.32389e-06 -1 -2.66314e-06 -70.8458 -0.999986 1.3381e-06 -0.00534375 -40.8864 0 0 0 1 
				106
				0.00408133 2.65772e-06 -0.999992 -3.09005e-06 -1.32603e-06 -1 -2.66315e-06 -70.6842 -0.999992 1.33689e-06 -0.00408133 -41.6322 0 0 0 1 
				107
				0.00285001 2.65925e-06 -0.999996 -3.07552e-06 -1.32755e-06 -1 -2.66304e-06 -70.3516 -0.999996 1.33514e-06 -0.00285001 -42.4743 0 0 0 1 
				108
				0.00173744 2.92716e-06 -0.999998 -3.05275e-06 -1.32893e-06 -1 -2.92947e-06 -69.8308 -0.999998 1.33402e-06 -0.00173744 -43.3797 0 0 0 1 
				109
				0.000831254 2.66205e-06 -1 -3.021e-06 -1.33038e-06 -1 -2.66316e-06 -69.1044 -1 1.33259e-06 -0.000831254 -44.3154 0 0 0 1 
				110
				0.000221945 2.66358e-06 -1 -2.97947e-06 -1.33129e-06 -1 -2.66388e-06 -68.1544 -1 1.33188e-06 -0.000221944 -45.2472 0 0 0 1 
				111
				1.33158e-06 2.66316e-06 -1 -2.92739e-06 0 -1 -2.66316e-06 -66.9629 -1 3.54621e-12 -1.33158e-06 -46.141 0 0 0 1 
				112
				1.33158e-06 2.66316e-06 -1 -2.86802e-06 0 -1 -2.66316e-06 -65.6046 -1 3.54621e-12 -1.33158e-06 -47.0318 0 0 0 1 
				113
				1.33158e-06 2.66316e-06 -1 -2.80521e-06 0 -1 -2.66316e-06 -64.1676 -1 3.54621e-12 -1.33158e-06 -47.9742 0 0 0 1 
				114
				1.33158e-06 2.66316e-06 -1 -2.73913e-06 0 -1 -2.66316e-06 -62.6561 -1 3.54621e-12 -1.33158e-06 -48.9655 0 0 0 1 
				115
				1.33158e-06 2.53e-06 -1 -2.66997e-06 0 -1 -2.53e-06 -61.0738 -1 3.3689e-12 -1.33158e-06 -50.0031 0 0 0 1 
				116
				1.33158e-06 2.53e-06 -1 -2.59788e-06 0 -1 -2.53e-06 -59.4246 -1 3.3689e-12 -1.33158e-06 -51.0847 0 0 0 1 
				117
				1.33158e-06 2.79632e-06 -1 -2.52303e-06 0 -1 -2.79632e-06 -57.7123 -1 3.72352e-12 -1.33158e-06 -52.2076 0 0 0 1 
				118
				1.33158e-06 2.53e-06 -1 -2.4456e-06 0 -1 -2.53e-06 -55.9408 -1 3.3689e-12 -1.33158e-06 -53.3694 0 0 0 1 
				119
				1.33158e-06 2.66316e-06 -1 -2.36575e-06 0 -1 -2.66316e-06 -54.114 -1 3.54621e-12 -1.33158e-06 -54.5674 0 0 0 1 
				120
				1.33158e-06 2.66316e-06 -1 -2.28364e-06 0 -1 -2.66316e-06 -52.2357 -1 3.54621e-12 -1.33158e-06 -55.7992 0 0 0 1 
				121
				1.33158e-06 2.66316e-06 -1 -2.19946e-06 0 -1 -2.66316e-06 -50.3097 -1 3.54621e-12 -1.33158e-06 -57.0623 0 0 0 1 
				122
				1.33158e-06 2.66316e-06 -1 -2.11336e-06 0 -1 -2.66316e-06 -48.34 -1 3.54621e-12 -1.33158e-06 -58.354 0 0 0 1 
				123
				1.33158e-06 2.66316e-06 -1 -2.02552e-06 0 -1 -2.66316e-06 -46.3305 -1 3.54621e-12 -1.33158e-06 -59.6719 0 0 0 1 
				124
				1.33158e-06 2.66316e-06 -1 -1.9361e-06 0 -1 -2.66316e-06 -44.2849 -1 3.54621e-12 -1.33158e-06 -61.0134 0 0 0 1 
				125
				1.33158e-06 2.66316e-06 -1 -1.84528e-06 0 -1 -2.66316e-06 -42.2071 -1 3.54621e-12 -1.33158e-06 -62.376 0 0 0 1 
				126
				1.33158e-06 2.66316e-06 -1 -1.75322e-06 0 -1 -2.66316e-06 -40.101 -1 3.54621e-12 -1.33158e-06 -63.7573 0 0 0 1 
				127
				1.33158e-06 2.66316e-06 -1 -1.66009e-06 0 -1 -2.66316e-06 -37.9705 -1 3.54621e-12 -1.33158e-06 -65.1545 0 0 0 1 
				128
				1.33158e-06 2.66316e-06 -1 -1.56606e-06 0 -1 -2.66316e-06 -35.8193 -1 3.54621e-12 -1.33158e-06 -66.5652 0 0 0 1 
				129
