<?xml version='1.0' encoding='UTF-8' ?>
<itpanim>
	<skeleton count>
		37
			0 -1
			1.37091e-06 -1 -6.12323e-17 1e-06 1 1.37091e-06 -6.12323e-17 -1.37225e-12 6.12323e-17 -6.12323e-17 1 21.9617 0 0 0 1 
			1 0
			1.3868e-06 -2.28068e-12 -1 -21.9617 2.75771e-06 -1 6.10495e-12 1.00008e-06 -1 -2.75771e-06 -1.3868e-06 -3.04564e-05 0 0 0 1 
			2 1
			-0.000205999 -0.000823318 -1 -24.8731 -1.2413e-06 -1 0.000823318 0.0257198 -1 1.41091e-06 0.000205998 0.00512379 0 0 0 1 
			3 2
			-0.000383999 -0.00100932 -0.999999 -31.4555 -1.03656e-06 -0.999999 0.00100932 0.036812 -1 1.42414e-06 0.000383997 0.0107229 0 0 0 1 
			4 3
			-0.000383999 -0.00100932 -0.999999 -38.038 -1.03656e-06 -0.999999 0.00100932 0.0388247 -1 1.42414e-06 0.000383997 0.0107229 0 0 0 1 
			5 4
			1.34309e-06 9.82436e-13 -1 -40.5657 -1.40269e-06 -1 -2.86637e-12 -0.00211895 -1 1.40269e-06 -1.34309e-06 -0.00490874 0 0 0 1 
			6 5
			1 -0 0 0 0 1 0 0 -0 -0 1 -0 0 0 0 1 
			7 4
			0.950432 6.75818e-05 0.310933 10.539 -1.42282e-06 1 -0.000213002 -0.00652172 -0.310933 0.000202002 0.950432 36.5745 0 0 0 1 
			8 7
			0.476976 0.0235788 0.8786 28.6752 0.0457762 0.997617 -0.0516239 -2.17945 -0.877723 0.0648423 0.47476 23.1227 0 0 0 1 
			9 8
			0.476835 0.0205561 0.878752 22.2236 0.0472212 0.997684 -0.0489616 -2.11213 -0.877724 0.0648423 0.47476 23.1227 0 0 0 1 
			10 9
			0.476835 0.0205561 0.878752 15.4032 -0.877686 0.0656367 0.474721 23.121 -0.04792 -0.997632 0.0493396 2.13054 0 0 0 1 
			11 10
			1 -0 0 0 0 1 0 0 -0 -0 1 -0 0 0 0 1 
			12 11
			1 -0 0 0 0 1 0 0 -0 -0 1 -0 0 0 0 1 
			13 12
			1 -0 0 0 0 1 0 0 -0 -0 1 -0 0 0 0 1 
			14 10
			1 -0 0 0 0 1 0 0 -0 -0 1 -0 0 0 0 1 
			15 14
			1 -0 0 0 0 1 0 0 -0 -0 1 -0 0 0 0 1 
			16 15
			1 -0 0 0 0 1 0 0 -0 -0 1 -0 0 0 0 1 
			17 4
			-0.950193 6.50589e-05 0.311663 10.5594 -1.39561e-06 1 -0.000213002 -0.00652172 -0.311663 -0.000202828 -0.950193 -36.5678 0 0 0 1 
			18 17
			-0.476976 0.0235775 0.8786 28.6676 -0.045779 0.997617 -0.0516239 -2.17948 -0.877723 -0.0648447 -0.47476 -23.1259 0 0 0 1 
			19 18
			-0.476835 0.0205548 0.878752 22.216 -0.0472239 0.997684 -0.0489616 -2.11218 -0.877723 -0.0648447 -0.47476 -23.1259 0 0 0 1 
			20 19
			-0.476835 0.0205547 0.878752 15.3956 0.877685 0.0656391 0.474721 23.1242 -0.0479228 0.997632 -0.0493396 -2.13059 0 0 0 1 
			21 20
			1 -0 0 0 0 1 0 0 -0 -0 1 -0 0 0 0 1 
			22 21
			1 -0 0 0 0 1 0 0 -0 -0 1 -0 0 0 0 1 
			23 22
			1 -0 0 0 0 1 0 0 -0 -0 1 -0 0 0 0 1 
			24 20
			1 -0 0 0 0 1 0 0 -0 -0 1 -0 0 0 0 1 
			25 24
			1 -0 0 0 0 1 0 0 -0 -0 1 -0 0 0 0 1 
			26 25
			1 -0 0 0 0 1 0 0 -0 -0 1 -0 0 0 0 1 
			27 2
			1.37369e-06 -0.0998331 0.995004 21.852 0 -0.995004 -0.0998331 -2.1925 1 1.3714e-07 -1.36683e-06 -4.26131 0 0 0 1 
			28 27
			1.37369e-06 0.0998335 0.995004 12.303 0 -0.995004 0.0998335 0.256849 1 -1.3714e-07 -1.36683e-06 -4.26131 0 0 0 1 
			29 28
			1.3716e-06 -6.00745e-14 1 2.57273 0 -1 -6.00745e-14 4.22662e-06 1 8.23984e-20 -1.3716e-06 -4.26131 0 0 0 1 
			30 29
			1.3723e-06 -1 -6.00133e-14 -5.50713 0 6.00133e-14 -1 -0.331805 1 1.3723e-06 8.23562e-20 -4.26131 0 0 0 1 
			31 30
			1 -0 0 0 0 1 0 0 -0 -0 1 -0 0 0 0 1 
			32 2
			1.37369e-06 -0.0998331 0.995004 21.852 0 -0.995004 -0.0998331 -2.1925 1 1.3714e-07 -1.36683e-06 4.26131 0 0 0 1 
			33 32
			1.37369e-06 0.0998335 0.995004 12.303 0 -0.995004 0.0998335 0.256849 1 -1.3714e-07 -1.36683e-06 4.26131 0 0 0 1 
			34 33
			1.3716e-06 -6.00745e-14 1 2.57273 0 -1 -6.00745e-14 4.22662e-06 1 8.23984e-20 -1.3716e-06 4.26131 0 0 0 1 
			35 34
			1.3723e-06 -1 -6.00133e-14 -5.50713 0 6.00133e-14 -1 -0.331804 1 1.3723e-06 8.23562e-20 4.26131 0 0 0 1 
			36 35
			1 -0 0 0 0 1 0 0 -0 -0 1 -0 0 0 0 1 
	</skeleton>
		<animations>
			49
			0
				-1
				-0.573575 0.819153 -2.02144e-33 0 -0.819153 -0.573575 -1.36318e-32 8.9233e-07 -1.2326e-32 -6.16298e-33 1 -20.347 0 0 0 1 
				0
				-0.576008 0.817444 0 6.01244e-10 -0.817444 -0.576008 -0 0.0137558 -0 -0 1 -20.4021 0 0 0 1 
				1
				-0.582661 0.812715 1.41782e-33 2.25185e-09 -0.812715 -0.582661 -8.59967e-33 0.0515172 -6.16298e-33 -6.16298e-33 1 -20.475 0 0 0 1 
				2
				-0.592484 0.805582 -7.30293e-33 4.70669e-09 -0.805582 -0.592484 -9.92957e-33 0.107677 -1.2326e-32 -0 1 -20.5617 0 0 0 1 
				3
				-0.604424 0.796663 -1.18476e-33 7.72063e-09 -0.796663 -0.604424 8.63486e-33 0.176628 6.16298e-33 6.16298e-33 1 -20.6578 0 0 0 1 
				4
				-0.617482 0.786585 4.8477e-33 1.10563e-08 -0.786585 -0.617482 -3.80553e-33 0.252939 -0 -6.16298e-33 1 -20.7594 0 0 0 1 
				5
				-0.630696 0.77603 0 1.44762e-08 -0.77603 -0.630696 -0 0.331177 -0 -0 1 -20.8625 0 0 0 1 
				6
				-0.64312 0.765765 4.71939e-33 1.77353e-08 -0.765765 -0.64312 -3.96353e-33 0.405736 -0 -6.16298e-33 1 -20.9628 0 0 0 1 
				7
				-0.65386 0.756616 -6.33282e-34 2.05883e-08 -0.756616 -0.65386 8.69273e-33 0.471007 6.16298e-33 6.16298e-33 1 -21.0562 0 0 0 1 
				8
				-0.662088 0.749426 -7.62261e-33 2.27981e-08 -0.749426 -0.662088 -1.79365e-32 0.52156 -1.84889e-32 -6.16298e-33 1 -21.1387 0 0 0 1 
				9
				-0.666999 0.745059 -3.62961e-33 2.4127e-08 -0.745059 -0.666999 -1.32943e-32 0.551962 -1.2326e-32 -6.16298e-33 1 -21.2061 0 0 0 1 
				10
				-0.667746 0.744389 8.70296e-33 2.433e-08 -0.744389 -0.667746 4.72347e-34 0.556606 6.16298e-33 -6.16298e-33 1 -21.2544 0 0 0 1 
				11
				-0.663436 0.748233 -8.70008e-33 2.31619e-08 -0.748233 -0.663436 -5.22606e-34 0.529883 -6.16298e-33 6.16298e-33 1 -21.2793 0 0 0 1 
				12
				-0.6531 0.757272 -4.66705e-33 2.03854e-08 -0.757272 -0.6531 4.02504e-33 0.466364 -0 6.16298e-33 1 -21.2769 0 0 0 1 
				13
				-0.635621 0.772001 0 1.5763e-08 -0.772001 -0.635621 -0 0.360615 -0 -0 1 -21.243 0 0 0 1 
				14
				-0.609646 0.792673 -2.62925e-33 9.04955e-09 -0.792673 -0.609646 -1.35277e-32 0.20703 -1.2326e-32 -6.16298e-33 1 -21.1735 0 0 0 1 
				15
				-0.573575 0.819153 -2.02144e-33 0 -0.819153 -0.573575 -1.36318e-32 8.9233e-07 -1.2326e-32 -6.16298e-33 1 -21.0642 0 0 0 1 
				16
				-0.496519 0.868026 0 -1.84587e-08 -0.868026 -0.496519 -0 -0.422286 -0 -0 1 -20.802 0 0 0 1 
				17
				-0.3548 0.934942 1.49223e-33 -5.01841e-08 -0.934942 -0.3548 1.26174e-32 -1.14808 1.2326e-32 3.08149e-33 1 -20.3244 0 0 0 1 
				18
				-0.163715 0.986508 1.51996e-33 -9.02735e-08 -0.986508 -0.163715 -2.52242e-34 -2.06522 -0 -1.54074e-33 1 -19.7087 0 0 0 1 
				19
				0.0508849 0.998705 2.42517e-34 -1.33824e-07 -0.998705 0.0508849 -1.23296e-32 -3.06154 -1.2326e-32 3.85186e-34 1 -19.0318 0 0 0 1 
				20
				0.256989 0.966414 0 -1.76088e-07 -0.966414 0.256989 0 -4.02843 -0 -0 1 -18.3684 0 0 0 1 
				21
				0.42509 0.905151 0 -2.12317e-07 -0.905151 0.42509 0 -4.85725 -0 -0 1 -17.7931 0 0 0 1 
				22
				0.53468 0.845055 3.29522e-33 -2.37609e-07 -0.845055 0.53468 -5.20805e-33 -5.43586 -6.16298e-33 -0 1 -17.3831 0 0 0 1 
				23
				0.573578 0.819151 -5.04841e-33 -2.4706e-07 -0.819151 0.573578 -3.53494e-33 -5.65208 -0 6.16298e-33 1 -17.2155 0 0 0 1 
				24
				0.570174 0.821524 0 -2.46221e-07 -0.821524 0.570174 0 -5.63288 -0 -0 1 -17.2055 0 0 0 1 
				25
				0.560182 0.82837 -6.75806e-33 -2.43772e-07 -0.82837 0.560182 -1.201e-32 -5.57685 -6.16298e-33 1.2326e-32 1 -17.2195 0 0 0 1 
				26
				0.543893 0.839154 0 -2.39821e-07 -0.839154 0.543893 0 -5.48647 -0 -0 1 -17.2558 0 0 0 1 
				27
				0.521535 0.85323 0 -2.34478e-07 -0.85323 0.521535 0 -5.36424 -0 -0 1 -17.3127 0 0 0 1 
				28
				0.493288 0.869866 -7.68181e-33 -2.27849e-07 -0.869866 0.493288 -1.14412e-32 -5.21257 -6.16298e-33 1.2326e-32 1 -17.3888 0 0 0 1 
				29
				0.459329 0.888266 3.01814e-33 -2.20038e-07 -0.888266 0.459329 -1.92539e-32 -5.03388 -1.84889e-32 6.16298e-33 1 -17.4824 0 0 0 1 
				30
				0.419879 0.90758 -2.7967e-33 -2.11155e-07 -0.90758 0.419879 -1.29385e-33 -4.83066 -0 3.08149e-33 1 -17.5919 0 0 0 1 
				31
				0.375207 0.926941 0 -2.01308e-07 -0.926941 0.375207 0 -4.6054 -0 -0 1 -17.7157 0 0 0 1 
				32
				0.325638 0.945495 -2.91353e-33 -1.90604e-07 -0.945495 0.325638 -1.00345e-33 -4.36051 -0 3.08149e-33 1 -17.8523 0 0 0 1 
				33
				0.271578 0.962416 2.58389e-33 -1.79147e-07 -0.962416 0.271578 1.35364e-32 -4.09841 1.2326e-32 -6.16298e-33 1 -18 0 0 0 1 
				34
				0.213539 0.976934 0 -1.67047e-07 -0.976934 0.213539 0 -3.82159 -0 -0 1 -18.1573 0 0 0 1 
				35
				0.152125 0.988361 -3.52272e-34 -1.54413e-07 -0.988361 0.152125 1.24169e-32 -3.53255 1.2326e-32 -1.54074e-33 1 -18.3226 0 0 0 1 
				36
				0.0880041 0.99612 -4.50031e-34 -1.41349e-07 -0.99612 0.0880041 -1.24137e-32 -3.23369 -1.2326e-32 1.54074e-33 1 -18.4942 0 0 0 1 
				37
				0.0219174 0.99976 2.70153e-34 -1.27962e-07 -0.99976 0.0219174 -1.2323e-32 -2.92744 -1.2326e-32 -0 1 -18.6706 0 0 0 1 
				38
				-0.0453248 0.998972 3.8479e-34 -1.14361e-07 -0.998972 -0.0453248 -1.74585e-35 -2.61627 -0 -3.85186e-34 1 -18.8502 0 0 0 1 
				39
				-0.112881 0.993609 1.39535e-34 -1.00654e-07 -0.993609 -0.112881 -1.24211e-32 -2.3027 -1.2326e-32 -1.54074e-33 1 -19.0314 0 0 0 1 
				40
				-0.179918 0.983682 0 -8.69473e-08 -0.983682 -0.179918 -0 -1.98912 -0 -0 1 -19.2125 0 0 0 1 
				41
				-0.245623 0.969365 -4.04537e-35 -7.3346e-08 -0.969365 -0.245623 -1.27052e-32 -1.67796 -1.2326e-32 -3.08149e-33 1 -19.3921 0 0 0 1 
				42
				-0.309209 0.950994 2.93048e-33 -5.99591e-08 -0.950994 -0.309209 -9.52825e-34 -1.3717 -0 -3.08149e-33 1 -19.5686 0 0 0 1 
				43
				-0.369956 0.929049 1.16566e-33 -4.68957e-08 -0.929049 -0.369956 -1.37314e-32 -1.07285 -1.2326e-32 -6.16298e-33 1 -19.7402 0 0 0 1 
				44
				-0.427242 0.904137 1.53007e-34 -3.42611e-08 -0.904137 -0.427242 -6.88872e-33 -0.783802 -6.16298e-33 -3.08149e-33 1 -19.9054 0 0 0 1 
				45
				-0.480545 0.87697 2.96159e-33 -2.2161e-08 -0.87697 -0.480545 5.40475e-33 -0.506985 6.16298e-33 -0 1 -20.0627 0 0 0 1 
				46
				-0.529431 0.848353 1.96551e-33 -1.07044e-08 -0.848353 -0.529431 -8.49125e-33 -0.244886 -6.16298e-33 -6.16298e-33 1 -20.2105 0 0 0 1 
				47
				-0.573575 0.819153 -2.02144e-33 0 -0.819153 -0.573575 -1.36318e-32 8.9233e-07 -1.2326e-32 -6.16298e-33 1 -20.347 0 0 0 1 
		</Joint>
			1
				-1
				1.33158e-06 -0.573574 -0.819154 0 0 -0.819154 0.573574 8.9233e-07 -1 -7.6376e-07 -1.09077e-06 -20.347 0 0 0 1 
				0
				1.33158e-06 -0.576007 -0.817445 6.01244e-10 0 -0.817445 0.576007 0.0137558 -1 -7.67e-07 -1.08849e-06 -20.4021 0 0 0 1 
				1
				1.33158e-06 -0.58266 -0.812716 2.25185e-09 0 -0.812716 0.58266 0.0515172 -1 -7.75859e-07 -1.0822e-06 -20.475 0 0 0 1 
				2
				1.33158e-06 -0.592482 -0.805583 4.70669e-09 0 -0.805583 0.592482 0.107677 -1 -7.88938e-07 -1.0727e-06 -20.5617 0 0 0 1 
				3
				1.33158e-06 -0.604423 -0.796663 7.72063e-09 0 -0.796663 0.604423 0.176628 -1 -8.04838e-07 -1.06082e-06 -20.6578 0 0 0 1 
				4
				1.33158e-06 -0.617481 -0.786586 1.10563e-08 0 -0.786586 0.617481 0.252939 -1 -8.22226e-07 -1.0474e-06 -20.7594 0 0 0 1 
				5
				1.33158e-06 -0.630695 -0.776031 1.44762e-08 0 -0.776031 0.630695 0.331177 -1 -8.39821e-07 -1.03335e-06 -20.8625 0 0 0 1 
				6
				1.33158e-06 -0.643119 -0.765766 1.77353e-08 0 -0.765766 0.643119 0.405736 -1 -8.56365e-07 -1.01968e-06 -20.9628 0 0 0 1 
				7
				1.33158e-06 -0.653859 -0.756617 2.05883e-08 0 -0.756617 0.653859 0.471007 -1 -8.70666e-07 -1.0075e-06 -21.0562 0 0 0 1 
				8
				1.33158e-06 -0.662087 -0.749427 2.27981e-08 0 -0.749427 0.662087 0.52156 -1 -8.81623e-07 -9.97922e-07 -21.1387 0 0 0 1 
				9
				1.33158e-06 -0.666998 -0.74506 2.4127e-08 0 -0.74506 0.666998 0.551962 -1 -8.88161e-07 -9.92107e-07 -21.2061 0 0 0 1 
				10
				1.33158e-06 -0.667745 -0.74439 2.433e-08 0 -0.74439 0.667745 0.556606 -1 -8.89157e-07 -9.91215e-07 -21.2544 0 0 0 1 
				11
				1.33158e-06 -0.663435 -0.748234 2.31619e-08 0 -0.748234 0.663435 0.529883 -1 -8.83417e-07 -9.96334e-07 -21.2793 0 0 0 1 
				12
				1.33158e-06 -0.653099 -0.757273 2.03854e-08 0 -0.757273 0.653099 0.466364 -1 -8.69654e-07 -1.00837e-06 -21.2769 0 0 0 1 
				13
				1.33158e-06 -0.63562 -0.772002 1.5763e-08 0 -0.772002 0.63562 0.360615 -1 -8.46379e-07 -1.02798e-06 -21.243 0 0 0 1 
				14
				1.33158e-06 -0.609645 -0.792674 9.04955e-09 0 -0.792674 0.609645 0.20703 -1 -8.11792e-07 -1.05551e-06 -21.1735 0 0 0 1 
				15
				1.33158e-06 -0.573574 -0.819154 0 0 -0.819154 0.573574 8.9233e-07 -1 -7.6376e-07 -1.09077e-06 -21.0642 0 0 0 1 
				16
				1.33158e-06 -0.496518 -0.868027 -1.84587e-08 0 -0.868027 0.496518 -0.422286 -1 -6.61154e-07 -1.15585e-06 -20.802 0 0 0 1 
				17
				1.33158e-06 -0.354798 -0.934943 -5.01841e-08 0 -0.934943 0.354798 -1.14808 -1 -4.72443e-07 -1.24495e-06 -20.3244 0 0 0 1 
				18
				1.33158e-06 -0.163713 -0.986508 -9.02735e-08 0 -0.986508 0.163713 -2.06522 -1 -2.17997e-07 -1.31361e-06 -19.7087 0 0 0 1 
				19
				1.33158e-06 0.0508862 -0.998704 -1.33824e-07 0 -0.998704 -0.0508862 -3.06154 -1 6.77591e-08 -1.32986e-06 -19.0318 0 0 0 1 
				20
				1.33158e-06 0.256991 -0.966414 -1.76088e-07 0 -0.966414 -0.256991 -4.02843 -1 3.42204e-07 -1.28686e-06 -18.3684 0 0 0 1 
				21
				1.33158e-06 0.425091 -0.905151 -2.12317e-07 0 -0.905151 -0.425091 -4.85725 -1 5.66043e-07 -1.20528e-06 -17.7931 0 0 0 1 
				22
				1.33158e-06 0.534681 -0.845054 -2.37609e-07 0 -0.845054 -0.534681 -5.43586 -1 7.11971e-07 -1.12526e-06 -17.3831 0 0 0 1 
				23
				1.33158e-06 0.573579 -0.819151 -2.4706e-07 0 -0.819151 -0.573579 -5.65208 -1 7.63766e-07 -1.09077e-06 -17.2155 0 0 0 1 
				24
				1.33158e-06 0.570175 -0.821523 -2.46221e-07 0 -0.821523 -0.570175 -5.63288 -1 7.59234e-07 -1.09392e-06 -17.2055 0 0 0 1 
				25
				1.33158e-06 0.560183 -0.828369 -2.43772e-07 0 -0.828369 -0.560183 -5.57685 -1 7.45929e-07 -1.10304e-06 -17.2195 0 0 0 1 
				26
				1.33158e-06 0.543894 -0.839154 -2.39821e-07 0 -0.839154 -0.543894 -5.48647 -1 7.24239e-07 -1.1174e-06 -17.2558 0 0 0 1 
				27
				1.33158e-06 0.521536 -0.853229 -2.34478e-07 0 -0.853229 -0.521536 -5.36424 -1 6.94467e-07 -1.13614e-06 -17.3127 0 0 0 1 
				28
				1.33158e-06 0.493289 -0.869865 -2.27849e-07 0 -0.869865 -0.493289 -5.21257 -1 6.56854e-07 -1.1583e-06 -17.3888 0 0 0 1 
				29
				1.33158e-06 0.45933 -0.888265 -2.20038e-07 0 -0.888265 -0.45933 -5.03388 -1 6.11636e-07 -1.1828e-06 -17.4824 0 0 0 1 
				30
				1.33158e-06 0.41988 -0.907579 -2.11155e-07 0 -0.907579 -0.41988 -4.83066 -1 5.59105e-07 -1.20852e-06 -17.5919 0 0 0 1 
				31
				1.33158e-06 0.375209 -0.92694 -2.01308e-07 0 -0.92694 -0.375209 -4.6054 -1 4.99621e-07 -1.2343e-06 -17.7157 0 0 0 1 
				32
				1.33158e-06 0.325639 -0.945494 -1.90604e-07 0 -0.945494 -0.325639 -4.36051 -1 4.33615e-07 -1.259e-06 -17.8523 0 0 0 1 
				33
				1.33158e-06 0.271579 -0.962416 -1.79147e-07 0 -0.962416 -0.271579 -4.09841 -1 3.61629e-07 -1.28153e-06 -18 0 0 0 1 
				34
				1.33158e-06 0.213541 -0.976934 -1.67047e-07 0 -0.976934 -0.213541 -3.82159 -1 2.84347e-07 -1.30087e-06 -18.1573 0 0 0 1 
				35
				1.33158e-06 0.152126 -0.988361 -1.54413e-07 0 -0.988361 -0.152126 -3.53255 -1 2.02568e-07 -1.31608e-06 -18.3226 0 0 0 1 
				36
				1.33158e-06 0.0880055 -0.99612 -1.41349e-07 0 -0.99612 -0.0880055 -3.23369 -1 1.17186e-07 -1.32641e-06 -18.4942 0 0 0 1 
				37
				1.33158e-06 0.0219187 -0.99976 -1.27962e-07 0 -0.99976 -0.0219187 -2.92744 -1 2.91865e-08 -1.33126e-06 -18.6706 0 0 0 1 
				38
				1.33158e-06 -0.0453235 -0.998972 -1.14361e-07 0 -0.998972 0.0453235 -2.61627 -1 -6.03518e-08 -1.33021e-06 -18.8502 0 0 0 1 
				39
				1.33158e-06 -0.112879 -0.993609 -1.00654e-07 0 -0.993609 0.112879 -2.3027 -1 -1.50308e-07 -1.32307e-06 -19.0314 0 0 0 1 
				40
				1.33158e-06 -0.179917 -0.983682 -8.69473e-08 0 -0.983682 0.179917 -1.98912 -1 -2.39574e-07 -1.30985e-06 -19.2125 0 0 0 1 
				41
				1.33158e-06 -0.245622 -0.969366 -7.3346e-08 0 -0.969366 0.245622 -1.67796 -1 -3.27066e-07 -1.29079e-06 -19.3921 0 0 0 1 
				42
				1.33158e-06 -0.309208 -0.950994 -5.99591e-08 0 -0.950994 0.309208 -1.3717 -1 -4.11735e-07 -1.26633e-06 -19.5686 0 0 0 1 
				43
				1.33158e-06 -0.369954 -0.92905 -4.68957e-08 0 -0.92905 0.369954 -1.07285 -1 -4.92624e-07 -1.2371e-06 -19.7402 0 0 0 1 
				44
				1.33158e-06 -0.427241 -0.904138 -3.42611e-08 0 -0.904138 0.427241 -0.783802 -1 -5.68905e-07 -1.20393e-06 -19.9054 0 0 0 1 
				45
				1.33158e-06 -0.480544 -0.876971 -2.2161e-08 0 -0.876971 0.480544 -0.506985 -1 -6.39882e-07 -1.16776e-06 -20.0627 0 0 0 1 
				46
				1.33158e-06 -0.52943 -0.848354 -1.07044e-08 0 -0.848354 0.52943 -0.244886 -1 -7.04979e-07 -1.12965e-06 -20.2105 0 0 0 1 
				47
				1.33158e-06 -0.573574 -0.819154 0 0 -0.819154 0.573574 8.9233e-07 -1 -7.6376e-07 -1.09077e-06 -20.347 0 0 0 1 
		</Joint>
			2
				-1
				-0.000271969 -0.342021 -0.939692 0.00179375 -0.000750183 -0.939692 0.342021 0.00491972 -1 0.00079796 -1.01208e-06 -23.2585 0 0 0 1 
				0
				-5.48053e-05 -0.366195 -0.930538 0.00192043 -0.000383807 -0.930538 0.366195 0.0186266 -1 0.000377216 -8.95496e-05 -23.3135 0 0 0 1 
				1
				0.000596588 -0.396595 -0.917994 0.00207973 0.000593897 -0.917994 0.396595 0.0563223 -1 -0.000781798 -0.000312128 -23.3865 0 0 0 1 
				2
				0.00163181 -0.431436 -0.902142 0.00226228 0.00200365 -0.90214 0.431439 0.112399 -0.999997 -0.00251161 -0.000607674 -23.4731 0 0 0 1 
				3
				0.00299173 -0.468958 -0.883215 0.00245887 0.00366772 -0.883208 0.468967 0.181251 -0.999989 -0.0046424 -0.00092231 -23.5692 0 0 0 1 
				4
				0.00460087 -0.507509 -0.861635 0.00266084 0.00542298 -0.861618 0.507528 0.257448 -0.999975 -0.00700769 -0.00121198 -23.6708 0 0 0 1 
				5
				0.00635933 -0.545537 -0.838062 0.00286005 0.00712294 -0.838033 0.545572 0.335563 -0.999954 -0.00943894 -0.00144351 -23.7739 0 0 0 1 
				6
				0.00813746 -0.581593 -0.81344 0.00304897 0.00863916 -0.813395 0.581647 0.409993 -0.99993 -0.0117606 -0.0015945 -23.8742 0 0 0 1 
				7
				0.00978194 -0.614391 -0.788941 0.0032208 0.00986821 -0.788881 0.614467 0.475136 -0.999903 -0.0137961 -0.00165385 -23.9676 0 0 0 1 
				8
				0.0111273 -0.642861 -0.765902 0.00336995 0.0107324 -0.765828 0.642956 0.525567 -0.99988 -0.0153744 -0.00162212 -24.0501 0 0 0 1 
				9
				0.0120003 -0.66608 -0.745784 0.00349157 0.0111694 -0.745702 0.666186 0.555864 -0.999866 -0.0163244 -0.00150891 -24.1175 0 0 0 1 
				10
				0.012225 -0.683185 -0.730143 0.00358124 0.0111181 -0.73006 0.683293 0.560425 -0.999864 -0.0164711 -0.00132926 -24.1658 0 0 0 1 
				11
				0.0116393 -0.693338 -0.720519 0.00363447 0.010505 -0.720443 0.693435 0.533653 -0.999877 -0.0156402 -0.00110193 -24.1907 0 0 0 1 
				12
				0.010115 -0.695657 -0.718303 0.00364676 0.00922637 -0.718244 0.69573 0.470122 -0.999906 -0.0136646 -0.000846637 -24.1883 0 0 0 1 
				13
				0.00757093 -0.689057 -0.724668 0.00361229 0.00712295 -0.724633 0.689098 0.364407 -0.999946 -0.0103789 -0.000578022 -24.1544 0 0 0 1 
				14
				0.00399514 -0.672076 -0.740471 0.00352346 0.00395525 -0.740461 0.672088 0.210905 -0.999984 -0.00561384 -0.000300016 -24.0849 0 0 0 1 
				15
				-0.000511462 -0.642789 -0.766044 0.0033702 -0.000611912 -0.766043 0.642789 0.00400953 -1 0.000797513 -1.52791e-06 -23.9757 0 0 0 1 
				16
				-0.00833817 -0.564329 -0.825508 0.00295942 -0.0111124 -0.825434 0.56439 -0.417966 -0.999903 0.0138794 0.000611549 -23.7135 0 0 0 1 
				17
				-0.0166746 -0.405105 -0.914118 0.00212566 -0.0323517 -0.913548 0.405442 -1.1433 -0.999337 0.0363338 0.00212719 -23.2361 0 0 0 1 
				18
				-0.0165937 -0.179552 -0.983609 0.000944363 -0.0626159 -0.981626 0.180246 -2.06008 -0.9979 0.0645804 0.00504605 -22.6205 0 0 0 1 
				19
				-0.0020188 0.0796342 -0.996822 -0.000413319 -0.0954769 -0.992286 -0.0790784 -3.05634 -0.99543 0.0950139 0.00960646 -21.9437 0 0 0 1 
				20
				0.0262632 0.327946 -0.944332 -0.0017143 -0.122369 -0.936498 -0.328629 -4.02352 -0.992137 0.124187 0.0155348 -21.2805 0 0 0 1 
				21
				0.0602958 0.525658 -0.848557 -0.00275056 -0.137799 -0.83758 -0.52865 -4.85287 -0.988623 0.148805 0.0219323 -20.7054 0 0 0 1 
				22
				0.0884745 0.650955 -0.753943 -0.00340687 -0.142727 -0.740815 -0.65637 -5.43197 -0.9858 0.16568 0.0273657 -20.2955 0 0 0 1 
				23
				0.100159 0.698444 -0.708621 -0.00365564 -0.142798 -0.694739 -0.704945 -5.64844 -0.984671 0.171796 0.0301521 -20.1278 0 0 0 1 
				24
				0.0999583 0.702886 -0.704245 -0.00367932 -0.142191 -0.690434 -0.709284 -5.62926 -0.984779 0.171036 0.0309293 -20.1179 0 0 0 1 
				25
				0.0979084 0.701125 -0.706284 -0.00366975 -0.141509 -0.692675 -0.707232 -5.57322 -0.985083 0.16919 0.0313971 -20.1318 0 0 0 1 
				26
				0.0941712 0.69352 -0.714256 -0.00363009 -0.140696 -0.700972 -0.699173 -5.4828 -0.985564 0.166335 0.0315644 -20.1681 0 0 0 1 
				27
				0.0889289 0.680282 -0.727536 -0.00356079 -0.139649 -0.714699 -0.685349 -5.3605 -0.9862 0.162547 0.0314436 -20.225 0 0 0 1 
				28
				0.0823803 0.66151 -0.745398 -0.00346261 -0.138237 -0.733125 -0.665897 -5.20873 -0.986967 0.157898 0.03105 -20.301 0 0 0 1 
				29
				0.0747435 0.637246 -0.767027 -0.00333524 -0.136313 -0.755429 -0.640894 -5.02992 -0.987842 0.152458 0.0304015 -20.3946 0 0 0 1 
				30
				0.0662593 0.607532 -0.791526 -0.00317941 -0.133734 -0.780705 -0.610421 -4.82657 -0.9888 0.1463 0.0295189 -20.5041 0 0 0 1 
				31
				0.0571847 0.572434 -0.817954 -0.00299537 -0.130372 -0.807998 -0.574581 -4.60116 -0.989815 0.139495 0.0284243 -20.6279 0 0 0 1 
				32
				0.0477855 0.532061 -0.845357 -0.00278407 -0.126123 -0.836336 -0.533512 -4.35613 -0.990863 0.132113 0.0271403 -20.7644 0 0 0 1 
				33
				0.0383349 0.486605 -0.872781 -0.00254597 -0.12092 -0.864745 -0.487436 -4.09388 -0.991922 0.124222 0.0256902 -20.9121 0 0 0 1 
				34
				0.0291075 0.436379 -0.899292 -0.00228272 -0.114739 -0.892268 -0.436685 -3.81692 -0.992969 0.115894 0.0240979 -21.0694 0 0 0 1 
				35
				0.0203676 0.381813 -0.924015 -0.00199685 -0.107604 -0.918001 -0.3817 -3.52774 -0.993985 0.107202 0.0223872 -21.2346 0 0 0 1 
				36
				0.0123562 0.32344 -0.946168 -0.00169112 -0.0995846 -0.941138 -0.323021 -3.22876 -0.994952 0.0982151 0.0205808 -21.4062 0 0 0 1 
				37
				0.00528472 0.261903 -0.96508 -0.00136878 -0.0907939 -0.960981 -0.261288 -2.9224 -0.995856 0.0890042 0.0187006 -21.5825 0 0 0 1 
				38
				-0.000672202 0.197966 -0.980209 -0.0010339 -0.0813862 -0.976968 -0.197256 -2.61116 -0.996682 0.0796428 0.0167684 -21.7621 0 0 0 1 
				39
				-0.00538739 0.132476 -0.991172 -0.000690893 -0.0715466 -0.988697 -0.131757 -2.29752 -0.997423 0.0702052 0.0148047 -21.9432 0 0 0 1 
				40
				-0.008787 0.0663145 -0.99776 -0.00034436 -0.061478 -0.995947 -0.0656526 -1.98391 -0.99807 0.0607635 0.0128283 -22.1243 0 0 0 1 
				41
				-0.0108509 0.000390495 -0.999941 8.98981e-07 -0.0513916 -0.998679 0.000167678 -1.67273 -0.99862 0.0513904 0.0108567 -22.3039 0 0 0 1 
				42
				-0.0116125 -0.0643698 -0.997858 0.000340012 -0.0414978 -0.997035 0.0647996 -1.36648 -0.999071 0.0421614 0.00890688 -22.4802 0 0 0 1 
				43
				-0.0111567 -0.127071 -0.991831 0.000668337 -0.0319927 -0.991339 0.127368 -1.06766 -0.999426 0.0331523 0.00699478 -22.6518 0 0 0 1 
				44
				-0.00961393 -0.186894 -0.982333 0.000981516 -0.0230454 -0.982076 0.187071 -0.778661 -0.999688 0.0244367 0.00513456 -22.817 0 0 0 1 
				45
				-0.0071513 -0.243093 -0.969976 0.0012758 -0.0147936 -0.969869 0.243176 -0.501908 -0.999865 0.0160884 0.0033396 -22.9743 0 0 0 1 
				46
				-0.00396534 -0.294995 -0.95549 0.00154754 -0.00734038 -0.955464 0.295018 -0.239885 -0.999965 0.0081835 0.00162336 -23.122 0 0 0 1 
				47
				-0.000271969 -0.342021 -0.939692 0.00179375 -0.000750183 -0.939692 0.342021 0.00491972 -1 0.00079796 -1.01208e-06 -23.2585 0 0 0 1 
		</Joint>
			3
				-1
				-6.90265e-05 -0.0871571 -0.996195 0.000460347 -0.000795174 -0.996194 0.0871571 0.00520317 -1 0.000798165 -5.41232e-07 -29.8409 0 0 0 1 
				0
				0.000273553 -0.135575 -0.990767 0.00227027 -2.69271e-05 -0.990767 0.135575 0.0212932 -1 -1.04084e-05 -0.000274678 -29.896 0 0 0 1 
				1
				0.00136834 -0.192398 -0.981316 0.00701514 0.00203382 -0.981314 0.1924 0.0653751 -0.999997 -0.00225909 -0.000951472 -29.9689 0 0 0 1 
				2
				0.00320311 -0.255168 -0.966892 0.014341 0.00499722 -0.96688 0.255181 0.130656 -0.999982 -0.00564915 -0.0018219 -30.0555 0 0 0 1 
				3
				0.00572983 -0.321355 -0.946941 0.023836 0.00847246 -0.946907 0.321395 0.210357 -0.999948 -0.00986446 -0.00270295 -30.1515 0 0 0 1 
				4
				0.0088439 -0.388501 -0.921406 0.0349819 0.0120967 -0.921333 0.388587 0.297974 -0.999888 -0.0145826 -0.00344859 -30.253 0 0 0 1 
				5
				0.0123674 -0.454257 -0.890784 0.0471007 0.0155438 -0.890658 0.454409 0.387118 -0.999803 -0.019466 -0.00395424 -30.3559 0 0 0 1 
				6
				0.0160401 -0.516439 -0.856174 0.05932 0.0185331 -0.855984 0.516671 0.471346 -0.9997 -0.024155 -0.00415886 -30.456 0 0 0 1 
				7
				0.0195352 -0.573178 -0.819198 0.0706139 0.0208501 -0.818943 0.573496 0.544385 -0.999592 -0.0282837 -0.00404742 -30.5492 0 0 0 1 
				8
				0.0224887 -0.623036 -0.78187 0.07988 0.0223516 -0.781559 0.623431 0.600309 -0.999497 -0.0314962 -0.00365043 -30.6315 0 0 0 1 
				9
				0.0245151 -0.664944 -0.746491 0.0859679 0.0229446 -0.746144 0.665389 0.633296 -0.999436 -0.03344 -0.00303487 -30.6989 0 0 0 1 
				10
				0.0252219 -0.698095 -0.715561 0.0877103 0.0225561 -0.715209 0.698547 0.637358 -0.999427 -0.0337589 -0.00229256 -30.7471 0 0 0 1 
				11
				0.0242467 -0.721878 -0.691596 0.084033 0.021099 -0.691275 0.722283 0.606425 -0.999483 -0.032105 -0.00153022 -30.7722 0 0 0 1 
				12
				0.0212975 -0.735734 -0.676936 0.0740841 0.0184255 -0.676685 0.736042 0.5344 -0.999603 -0.0281487 -0.00085545 -30.7699 0 0 0 1 
				13
				0.0161786 -0.738884 -0.673639 0.0573201 0.0142655 -0.673488 0.739061 0.414823 -0.999767 -0.0215668 -0.000355481 -30.7363 0 0 0 1 
				14
				0.00883356 -0.730022 -0.683366 0.0336475 0.00816395 -0.683317 0.730076 0.240522 -0.999928 -0.0120281 -7.62564e-05 -30.6672 0 0 0 1 
				15
				-0.000562678 -0.707108 -0.707106 0.00370977 -0.000564982 -0.707106 0.707108 0.00368791 -1 0.000797376 -1.6301e-06 -30.5581 0 0 0 1 
				16
				-0.0170884 -0.628408 -0.777697 -0.0486322 -0.0208608 -0.777417 0.62864 -0.487038 -0.999636 0.0269658 0.00017566 -30.2954 0 0 0 1 
				17
				-0.0347504 -0.453581 -0.890537 -0.105256 -0.0629722 -0.888311 0.454904 -1.35159 -0.99741 0.0718872 0.00230618 -29.8145 0 0 0 1 
				18
				-0.0340152 -0.194254 -0.980361 -0.107264 -0.123906 -0.972541 0.197003 -2.46714 -0.991711 0.128174 0.00901206 -29.1897 0 0 0 1 
				19
				-0.00134153 0.108386 -0.994108 -0.01427 -0.189319 -0.976159 -0.106173 -3.6797 -0.981915 0.188061 0.0218291 -28.497 0 0 0 1 
				20
				0.0610661 0.393255 -0.9174 0.1691 -0.239741 -0.88643 -0.395937 -4.82436 -0.968914 0.244117 0.0401486 -27.8124 0 0 0 1 
				21
				0.134845 0.608736 -0.781829 0.390951 -0.26364 -0.738552 -0.620512 -5.75604 -0.95515 0.289795 0.0608971 -27.2144 0 0 0 1 
				22
				0.194858 0.735685 -0.64869 0.575114 -0.265549 -0.597097 -0.75694 -6.36833 -0.9442 0.319755 0.0790114 -26.7861 0 0 0 1 
				23
				0.220011 0.783304 -0.581404 0.651526 -0.261163 -0.526954 -0.808773 -6.58563 -0.939888 0.32978 0.0886339 -26.6111 0 0 0 1 
				24
				0.2208 0.792873 -0.567979 0.650132 -0.258766 -0.513859 -0.817918 -6.56253 -0.940366 0.32757 0.0917082 -26.6018 0 0 0 1 
				25
				0.217846 0.797426 -0.56272 0.636625 -0.256765 -0.50943 -0.821311 -6.50202 -0.941602 0.323407 0.0937737 -26.6178 0 0 0 1 
				26
				0.211467 0.797407 -0.565177 0.612065 -0.25505 -0.513197 -0.819499 -6.40623 -0.943521 0.317445 0.0948541 -26.6572 0 0 0 1 
				27
				0.202002 0.793005 -0.574751 0.57765 -0.253398 -0.524547 -0.812797 -6.27698 -0.946036 0.309827 0.0949867 -26.7182 0 0 0 1 
				28
				0.189809 0.784214 -0.590746 0.534689 -0.251515 -0.542769 -0.801338 -6.11582 -0.949059 0.300682 0.0942191 -26.7993 0 0 0 1 
				29
				0.175277 0.770893 -0.612373 0.484617 -0.24906 -0.56705 -0.785126 -5.92422 -0.952495 0.290132 0.0926076 -26.8985 0 0 0 1 
				30
				0.158839 0.752845 -0.638744 0.429021 -0.245683 -0.596468 -0.764111 -5.70374 -0.956248 0.278299 0.090219 -27.0143 0 0 0 1 
				31
				0.140961 0.729855 -0.668911 0.369592 -0.241052 -0.630021 -0.738219 -5.45602 -0.960221 0.265302 0.0871246 -27.1447 0 0 0 1 
				32
				0.122134 0.701733 -0.701893 0.308082 -0.234876 -0.666665 -0.707383 -5.18283 -0.964322 0.251254 0.0833976 -27.288 0 0 0 1 
				33
				0.102877 0.668367 -0.736683 0.246287 -0.226932 -0.705311 -0.671594 -4.88613 -0.968462 0.236269 0.0791137 -27.4426 0 0 0 1 
				34
				0.0837247 0.629776 -0.772251 0.186015 -0.21708 -0.744833 -0.630951 -4.56827 -0.972556 0.220467 0.0743511 -27.6067 0 0 0 1 
				35
				0.0652082 0.586126 -0.807592 0.128999 -0.205278 -0.784125 -0.585669 -4.23193 -0.976529 0.203972 0.0691876 -27.7785 0 0 0 1 
				36
				0.047827 0.537726 -0.841762 0.0768239 -0.191581 -0.822142 -0.536078 -3.87996 -0.980311 0.186905 0.0636975 -27.9563 0 0 0 1 
				37
				0.0320363 0.485051 -0.873899 0.030875 -0.176142 -0.857923 -0.482641 -3.51555 -0.983843 0.169392 0.0579532 -28.1386 0 0 0 1 
				38
				0.0182303 0.428753 -0.903238 -0.00770595 -0.159209 -0.890616 -0.425976 -3.14221 -0.987076 0.15157 0.0520255 -28.3235 0 0 0 1 
				39
				0.00671706 0.369632 -0.929154 -0.0380904 -0.141108 -0.919527 -0.366822 -2.76365 -0.989971 0.133575 0.0459815 -28.5094 0 0 0 1 
				40
				-0.0022973 0.308584 -0.951194 -0.0598016 -0.122215 -0.944153 -0.306004 -2.38363 -0.992501 0.115547 0.0398826 -28.6946 0 0 0 1 
				41
				-0.00871316 0.246593 -0.96908 -0.0727171 -0.102941 -0.964189 -0.244423 -2.00596 -0.994649 0.0976281 0.0337856 -28.8777 0 0 0 1 
				42
				-0.0125393 0.184714 -0.982712 -0.0770667 -0.083709 -0.979533 -0.183049 -1.63451 -0.996411 0.0799666 0.0277449 -29.057 0 0 0 1 
				43
				-0.0138934 0.124019 -0.992183 -0.0734201 -0.0649291 -0.990296 -0.122874 -1.27306 -0.997793 0.0627144 0.0218109 -29.2308 0 0 0 1 
				44
				-0.012992 0.0655331 -0.997766 -0.0626449 -0.0469677 -0.996789 -0.0648573 -0.925131 -0.998812 0.0460202 0.0160282 -29.3976 0 0 0 1 
				45
				-0.0101347 0.0102371 -0.999896 -0.0458507 -0.0301372 -0.999496 -0.00992757 -0.594046 -0.999494 0.0300334 0.0104381 -29.5559 0 0 0 1 
				46
				-0.00568859 -0.0409408 -0.999145 -0.0243394 -0.0146875 -0.99905 0.0410205 -0.282966 -0.999876 0.0149083 0.00508187 -29.7042 0 0 0 1 
				47
				-6.90265e-05 -0.0871571 -0.996195 0.000460347 -0.000795174 -0.996194 0.0871571 0.00520317 -1 0.000798165 -5.41232e-07 -29.8409 0 0 0 1 
		</Joint>
			4
				-1
				-6.90265e-05 -0.0871571 -0.996195 0.000181403 -0.000795174 -0.996194 0.0871571 0.00197407 -1 0.000798165 -5.4124e-07 -36.4233 0 0 0 1 
				0
				0.000273553 -0.135575 -0.990767 0.00434378 -2.6927e-05 -0.990767 0.135575 0.0231101 -1 -1.04084e-05 -0.000274678 -36.4784 0 0 0 1 
				1
				0.00136834 -0.192398 -0.981316 0.0164094 0.00203382 -0.981314 0.1924 0.0807377 -0.999997 -0.00225909 -0.000951472 -36.5513 0 0 0 1 
				2
				0.00320311 -0.255168 -0.966892 0.0359388 0.00499722 -0.96688 0.255181 0.165496 -0.999982 -0.00564915 -0.0018219 -36.6378 0 0 0 1 
				3
				0.00572983 -0.321355 -0.946941 0.062199 0.00847246 -0.946907 0.321395 0.268032 -0.999948 -0.00986446 -0.00270295 -36.7336 0 0 0 1 
				4
				0.0088439 -0.388501 -0.921406 0.0939782 0.0120967 -0.921333 0.388587 0.379454 -0.999888 -0.0145826 -0.00344859 -36.8347 0 0 0 1 
				5
				0.0123674 -0.454257 -0.890784 0.129423 0.0155438 -0.890658 0.454409 0.491226 -0.999803 -0.019466 -0.00395424 -36.937 0 0 0 1 
				6
				0.0160401 -0.516439 -0.856174 0.165942 0.0185331 -0.855984 0.516671 0.595062 -0.9997 -0.024155 -0.00415886 -37.0364 0 0 0 1 
				7
				0.0195352 -0.573178 -0.819198 0.200357 0.0208501 -0.818943 0.573496 0.683277 -0.999592 -0.0282837 -0.00404742 -37.1289 0 0 0 1 
				8
				0.0224887 -0.623036 -0.78187 0.229164 0.0223516 -0.781558 0.623431 0.74901 -0.999497 -0.0314962 -0.00365043 -37.2106 0 0 0 1 
				9
				0.0245151 -0.664944 -0.746491 0.248675 0.0229446 -0.746144 0.665389 0.78583 -0.999436 -0.03344 -0.00303487 -37.2775 0 0 0 1 
				10
				0.0252219 -0.698095 -0.715561 0.255136 0.0225561 -0.715209 0.698547 0.787272 -0.999427 -0.0337589 -0.00229256 -37.3257 0 0 0 1 
				11
				0.0242467 -0.721878 -0.691596 0.245088 0.021099 -0.691275 0.722283 0.746699 -0.999483 -0.032105 -0.00153022 -37.3511 0 0 0 1 
				12
				0.0212975 -0.735734 -0.676936 0.215754 0.0184255 -0.676685 0.736042 0.657047 -0.999603 -0.0281487 -0.000855449 -37.3497 0 0 0 1 
				13
				0.0161786 -0.738884 -0.673639 0.165301 0.0142655 -0.673488 0.739061 0.510081 -0.999767 -0.0215668 -0.000355481 -37.3172 0 0 0 1 
				14
				0.00883356 -0.730022 -0.683366 0.0932631 0.00816395 -0.683317 0.730076 0.295636 -0.999928 -0.0120281 -7.62567e-05 -37.2491 0 0 0 1 
				15
				-0.000562678 -0.707108 -0.707106 0.0014292 -0.000564982 -0.707106 0.707108 0.00139218 -1 0.000797376 -1.63013e-06 -37.1405 0 0 0 1 
				16
				-0.0170884 -0.628408 -0.777697 -0.15985 -0.0208608 -0.777417 0.62864 -0.622788 -0.999636 0.0269658 0.00017566 -36.8755 0 0 0 1 
				17
				-0.0347504 -0.453581 -0.890537 -0.333085 -0.0629722 -0.888311 0.454904 -1.76431 -0.99741 0.0718872 0.00230618 -36.3801 0 0 0 1 
				18
				-0.0340152 -0.194254 -0.980361 -0.330776 -0.123906 -0.972541 0.197003 -3.28079 -0.991711 0.128174 0.00901205 -35.7179 0 0 0 1 
				19
				-0.00134153 0.108386 -0.994108 -0.0233188 -0.189319 -0.976159 -0.106173 -4.92391 -0.981915 0.188061 0.0218291 -34.9608 0 0 0 1 
				20
				0.0610661 0.393255 -0.9174 0.570271 -0.239741 -0.88643 -0.395937 -6.40066 -0.968914 0.244117 0.0401486 -34.1907 0 0 0 1 
				21
				0.134845 0.608736 -0.781829 1.27734 -0.26364 -0.738552 -0.620512 -7.48995 -0.95515 0.289795 0.0608971 -33.5022 0 0 0 1 
				22
				0.194858 0.735685 -0.64869 1.85627 -0.265549 -0.597097 -0.75694 -8.11509 -0.9442 0.319755 0.0790114 -33.0019 0 0 0 1 
				23
				0.220011 0.783304 -0.581404 2.09816 -0.261163 -0.526954 -0.808773 -8.30365 -0.939888 0.32978 0.0886339 -32.7985 0 0 0 1 
				24
				0.2208 0.792873 -0.567979 2.10194 -0.258766 -0.513859 -0.817918 -8.2648 -0.940366 0.32757 0.0917082 -32.7924 0 0 0 1 
				25
				0.217846 0.797426 -0.56272 2.06898 -0.256765 -0.50943 -0.821311 -8.19113 -0.941602 0.323407 0.0937737 -32.8164 0 0 0 1 
				26
				0.211467 0.797407 -0.565177 2.00243 -0.25505 -0.513197 -0.819499 -8.08404 -0.943521 0.317445 0.0948541 -32.8685 0 0 0 1 
				27
				0.202002 0.793005 -0.574751 1.90571 -0.253398 -0.524547 -0.812797 -7.9439 -0.946036 0.309827 0.0949868 -32.9461 0 0 0 1 
				28
				0.189809 0.784214 -0.590746 1.78251 -0.251515 -0.542769 -0.801338 -7.7703 -0.949059 0.300682 0.0942191 -33.047 0 0 0 1 
				29
				0.175277 0.770893 -0.612373 1.63682 -0.24906 -0.56705 -0.785126 -7.5625 -0.952495 0.290132 0.0926076 -33.1688 0 0 0 1 
				30
				0.158839 0.752845 -0.638744 1.47305 -0.245683 -0.596468 -0.764111 -7.31973 -0.956248 0.2783 0.090219 -33.3093 0 0 0 1 
				31
				0.140961 0.729855 -0.668911 1.29599 -0.241052 -0.630021 -0.738219 -7.04146 -0.960221 0.265302 0.0871246 -33.4658 0 0 0 1 
				32
				0.122134 0.701733 -0.701893 1.11061 -0.234876 -0.666665 -0.707383 -6.72754 -0.964322 0.251254 0.0833976 -33.6361 0 0 0 1 
				33
				0.102877 0.668367 -0.736683 0.922122 -0.226932 -0.705311 -0.671594 -6.37847 -0.968462 0.236269 0.0791137 -33.8179 0 0 0 1 
				34
				0.0837248 0.629776 -0.772251 0.735859 -0.21708 -0.744833 -0.630951 -5.99569 -0.972556 0.220467 0.0743511 -34.0089 0 0 0 1 
				35
				0.0652082 0.586126 -0.807592 0.557048 -0.205278 -0.784125 -0.585669 -5.58158 -0.976529 0.203972 0.0691876 -34.2068 0 0 0 1 
				36
				0.047827 0.537726 -0.841762 0.390559 -0.191581 -0.822142 -0.536078 -5.13937 -0.980311 0.186905 0.0636975 -34.4095 0 0 0 1 
				37
				0.0320363 0.485051 -0.873899 0.240775 -0.176142 -0.857923 -0.482641 -4.67327 -0.983843 0.169392 0.0579532 -34.615 0 0 0 1 
				38
				0.0182303 0.428753 -0.903238 0.11143 -0.159209 -0.890616 -0.425976 -4.1884 -0.987076 0.15157 0.0520255 -34.8211 0 0 0 1 
				39
				0.00671706 0.369632 -0.929154 0.00538031 -0.141108 -0.919527 -0.366822 -3.69063 -0.989971 0.133575 0.0459815 -35.026 0 0 0 1 
				40
				-0.0022973 0.308584 -0.951194 -0.0755445 -0.122215 -0.944153 -0.306004 -3.1862 -0.992501 0.115547 0.0398826 -35.2279 0 0 0 1 
				41
				-0.00871316 0.246593 -0.96908 -0.130567 -0.102941 -0.964189 -0.244423 -2.68162 -0.994649 0.0976281 0.0337856 -35.4251 0 0 0 1 
				42
				-0.0125393 0.184714 -0.982712 -0.159977 -0.083709 -0.979534 -0.183049 -2.18354 -0.996411 0.0799666 0.0277449 -35.6159 0 0 0 1 
				43
				-0.0138934 0.124019 -0.992183 -0.165122 -0.0649291 -0.990296 -0.122874 -1.69845 -0.997793 0.0627144 0.0218109 -35.7988 0 0 0 1 
				44
				-0.012992 0.065533 -0.997766 -0.148295 -0.0469677 -0.996789 -0.0648573 -1.23229 -0.998812 0.0460202 0.0160282 -35.9723 0 0 0 1 
				45
				-0.0101347 0.0102371 -0.999896 -0.112582 -0.0301372 -0.999496 -0.00992757 -0.79041 -0.999494 0.0300334 0.0104381 -36.1351 0 0 0 1 
				46
				-0.00568859 -0.0409408 -0.999145 -0.0617018 -0.0146875 -0.99905 0.0410205 -0.377634 -0.999876 0.0149083 0.00508187 -36.2859 0 0 0 1 
				47
				-6.90265e-05 -0.0871571 -0.996195 0.000181403 -0.000795174 -0.996194 0.0871571 0.00197407 -1 0.000798165 -5.4124e-07 -36.4233 0 0 0 1 
		</Joint>
			5
				-1
				6.58427e-07 -1.34472e-06 -1 6.92548e-06 0 -1 1.34472e-06 -3.58868e-05 -1 -8.85398e-13 -6.58427e-07 -38.951 0 0 0 1 
				0
				0.000138464 -2.57777e-06 -1 0.00503523 0.00555009 -0.999985 3.34622e-06 0.0230421 -0.999985 -0.00555009 -0.000138447 -39.0061 0 0 0 1 
				1
				0.000549021 -4.10977e-06 -1 0.0198681 0.0112696 -0.999936 1.02968e-05 0.0858786 -0.999936 -0.0112696 -0.00054894 -39.079 0 0 0 1 
				2
				0.00121505 -2.39191e-06 -0.999999 0.0440353 0.0171122 -0.999854 2.31839e-05 0.178127 -0.999853 -0.0171123 -0.00121484 -39.1654 0 0 0 1 
				3
				0.0021063 4.14723e-06 -0.999998 0.0766823 0.0230311 -0.999735 4.43644e-05 0.289448 -0.999732 -0.0230312 -0.00210584 -39.2612 0 0 0 1 
				4
				0.00317936 1.91981e-05 -0.999995 0.116333 0.0289849 -0.99958 7.29636e-05 0.410031 -0.999575 -0.028985 -0.00317858 -39.3621 0 0 0 1 
				5
				0.00437626 4.39205e-05 -0.99999 0.160684 0.0349348 -0.999389 0.000108991 0.530516 -0.99938 -0.0349349 -0.00437512 -39.4642 0 0 0 1 
				6
				0.00562156 7.81755e-05 -0.999984 0.206487 0.0408433 -0.999166 0.000151495 0.641907 -0.99915 -0.0408435 -0.00562007 -39.5634 0 0 0 1 
				7
				0.00682423 0.000121377 -0.999977 0.249736 0.0466795 -0.99891 0.000197312 0.73598 -0.998887 -0.0466798 -0.00682246 -39.6556 0 0 0 1 
				8
				0.00788144 0.000169894 -0.999969 0.286009 0.0524187 -0.998625 0.000243482 0.805507 -0.998594 -0.052419 -0.00787951 -39.737 0 0 0 1 
				9
				0.00867673 0.00021921 -0.999962 0.310642 0.0580383 -0.998314 0.000284753 0.843827 -0.998277 -0.0580386 -0.00867483 -39.8038 0 0 0 1 
				10
				0.00907882 0.000261699 -0.999959 0.31889 0.0635163 -0.997981 0.000315496 0.844287 -0.997939 -0.0635165 -0.00907711 -39.852 0 0 0 1 
				11
				0.00894609 0.000287878 -0.99996 0.306376 0.0688264 -0.997629 0.000328545 0.800031 -0.997588 -0.0688266 -0.00894469 -39.8775 0 0 0 1 
				12
				0.0081289 0.000288034 -0.999967 0.269588 0.0739269 -0.997264 0.000313709 0.70362 -0.997231 -0.073927 -0.00812795 -39.8764 0 0 0 1 
				13
				0.00647018 0.000248289 -0.999979 0.206196 0.0787544 -0.996894 0.000262043 0.546139 -0.996873 -0.0787545 -0.00646963 -39.8443 0 0 0 1 
				14
				0.00381096 0.00015589 -0.999993 0.115592 0.0832132 -0.996532 0.000161774 0.316272 -0.996524 -0.0832132 -0.00381071 -39.7766 0 0 0 1 
				15
				2.52502e-07 -1.286e-06 -1 6.92599e-06 0.0871552 -0.996195 1.30311e-06 -3.59178e-05 -0.996195 -0.0871552 -1.3946e-07 -39.6682 0 0 0 1 
				16
				-0.00806335 -0.000366925 -0.999967 -0.203044 0.0900671 -0.995936 -0.000360821 -0.675518 -0.995903 -0.0900671 0.00806363 -39.4023 0 0 0 1 
				17
				-0.0220974 -0.0010228 -0.999755 -0.420923 0.090214 -0.995922 -0.000975098 -1.92349 -0.995677 -0.0902135 0.0220995 -38.9012 0 0 0 1 
				18
				-0.0392207 -0.00174224 -0.999229 -0.416756 0.0856895 -0.99632 -0.00162623 -3.59398 -0.99555 -0.0856872 0.0392257 -38.2246 0 0 0 1 
				19
				-0.0560205 -0.00221912 -0.998427 -0.0267097 0.0759584 -0.997109 -0.00204574 -5.40245 -0.995536 -0.0759536 0.0560271 -37.4428 0 0 0 1 
				20
				-0.0695653 -0.00227684 -0.997575 0.724627 0.0623969 -0.998049 -0.00207329 -7.00665 -0.995624 -0.0623898 0.0695717 -36.6398 0 0 0 1 
				21
				-0.0781923 -0.00196098 -0.996936 1.61818 0.0478918 -0.998851 -0.00179153 -8.15635 -0.995787 -0.0478852 0.0781964 -35.9165 0 0 0 1 
				22
