<?xml version='1.0' encoding='UTF-8' ?>
<itpanim>
	<skeleton count>
		25
			0 -1
			1.37091e-06 -1 -6.12323e-17 1e-06 1 1.37091e-06 -6.12323e-17 -1.37266e-12 6.12323e-17 -6.12323e-17 1 28.5847 0 0 0 1 
			1 0
			1.3868e-06 -2.28068e-12 -1 -28.5847 2.75771e-06 -1 6.10495e-12 1.00011e-06 -1 -2.75771e-06 -1.3868e-06 -3.96413e-05 0 0 0 1 
			2 1
			-0.000205999 -0.000823318 -1 -32.3694 -1.2413e-06 -1 0.000823318 0.0334634 -1 1.41091e-06 0.000205998 0.006668 0 0 0 1 
			3 2
			-0.000383998 -0.00100932 -0.999999 -40.926 -1.01137e-06 -0.999999 0.00100932 0.0478891 -1 1.39895e-06 0.000383997 0.0139528 0 0 0 1 
			4 3
			-0.000383998 -0.00100932 -0.999999 -49.4827 -1.01137e-06 -0.999999 0.00100932 0.0505055 -1 1.39895e-06 0.000383997 0.0139528 0 0 0 1 
			5 4
			1.34309e-06 9.82436e-13 -1 -52.7685 -1.40269e-06 -1 -2.86637e-12 -0.00275479 -1 1.40269e-06 -1.34309e-06 -0.00638105 0 0 0 1 
			6 5
			1 -0 0 0 0 1 0 0 -0 -0 1 -0 0 0 0 1 
			7 4
			0.950432 6.75818e-05 0.310933 13.7112 -1.42282e-06 1 -0.000213002 -0.00848516 -0.310933 0.000202002 0.950432 47.5785 0 0 0 1 
			8 7
			0.476976 0.0235792 0.8786 37.3074 0.0457757 0.997617 -0.0516241 -2.835 -0.877724 0.064842 0.47476 30.0749 0 0 0 1 
			9 8
			0.476835 0.0205565 0.878752 28.9208 0.0472206 0.997684 -0.0489619 -2.74739 -0.877724 0.064842 0.47476 30.0749 0 0 0 1 
			10 9
			0.476835 0.0205565 0.878752 20.0548 -0.877686 0.0656364 0.474721 30.0727 -0.0479195 -0.997632 0.0493399 2.77133 0 0 0 1 
			11 4
			-0.950193 6.50589e-05 0.311663 13.7378 -1.39561e-06 1 -0.000213002 -0.00848516 -0.311663 -0.000202828 -0.950193 -47.5698 0 0 0 1 
			12 11
			-0.476976 0.0235779 0.8786 37.2976 -0.0457784 0.997617 -0.0516241 -2.83503 -0.877723 -0.0648444 -0.47476 -30.0791 0 0 0 1 
			13 12
			-0.476835 0.0205552 0.878752 28.9109 -0.0472234 0.997684 -0.0489619 -2.74745 -0.877723 -0.0648444 -0.47476 -30.0791 0 0 0 1 
			14 13
			-0.476835 0.0205552 0.878752 20.045 0.877685 0.0656388 0.474721 30.0769 -0.0479222 0.997632 -0.0493399 -2.7714 0 0 0 1 
			15 2
			1.37369e-06 -0.0998331 0.995004 28.4419 0 -0.995004 -0.0998331 -2.8537 1 1.3714e-07 -1.36683e-06 -5.53938 0 0 0 1 
			16 15
			1.37369e-06 0.0998335 0.995004 16.029 0 -0.995004 0.0998335 0.337498 1 -1.3714e-07 -1.36683e-06 -5.53938 0 0 0 1 
			17 16
			1.3716e-06 -6.00745e-14 1 3.38056 0 -1 -6.00745e-14 5.01e-06 1 8.23984e-20 -1.3716e-06 -5.53938 0 0 0 1 
			18 17
			1.3716e-06 -1 -6.12323e-17 -7.15885 0 6.12323e-17 -1 -0.467524 1 1.3716e-06 8.39865e-23 -5.53938 0 0 0 1 
			19 18
			1 -0 0 0 0 1 0 0 -0 -0 1 -0 0 0 0 1 
			20 2
			1.37369e-06 -0.0998331 0.995004 28.4419 0 -0.995004 -0.0998331 -2.8537 1 1.3714e-07 -1.36683e-06 5.53939 0 0 0 1 
			21 20
			1.37369e-06 0.0998335 0.995004 16.029 0 -0.995004 0.0998335 0.337498 1 -1.3714e-07 -1.36683e-06 5.53939 0 0 0 1 
			22 21
			1.3716e-06 -6.00745e-14 1 3.38056 0 -1 -6.00745e-14 5.01e-06 1 8.23984e-20 -1.3716e-06 5.53939 0 0 0 1 
			23 22
			1.3716e-06 -1 -6.12323e-17 -7.15885 0 6.12323e-17 -1 -0.467524 1 1.3716e-06 8.39865e-23 5.53939 0 0 0 1 
			24 23
			1 -0 0 0 0 1 0 0 -0 -0 1 -0 0 0 0 1 
	</skeleton>
		<animations>
			33
			0
				-1
				-0.573575 0.819153 -2.02144e-33 0 -0.819153 -0.573575 -1.36318e-32 8.9233e-07 -1.2326e-32 -6.16298e-33 1 -26.3403 0 0 0 1 
				0
				-0.573575 0.819153 -2.02144e-33 0 -0.819153 -0.573575 -1.36318e-32 8.9233e-07 -1.2326e-32 -6.16298e-33 1 -26.3858 0 0 0 1 
				1
				-0.573575 0.819153 -2.02144e-33 0 -0.819153 -0.573575 -1.36318e-32 8.9233e-07 -1.2326e-32 -6.16298e-33 1 -26.4356 0 0 0 1 
				2
				-0.573575 0.819153 -2.02144e-33 0 -0.819153 -0.573575 -1.36318e-32 8.9233e-07 -1.2326e-32 -6.16298e-33 1 -26.4889 0 0 0 1 
				3
				-0.573575 0.819153 -2.02144e-33 0 -0.819153 -0.573575 -1.36318e-32 8.9233e-07 -1.2326e-32 -6.16298e-33 1 -26.5445 0 0 0 1 
				4
				-0.573575 0.819153 -2.02144e-33 0 -0.819153 -0.573575 -1.36318e-32 8.9233e-07 -1.2326e-32 -6.16298e-33 1 -26.6014 0 0 0 1 
				5
				-0.573575 0.819153 -2.02144e-33 0 -0.819153 -0.573575 -1.36318e-32 8.9233e-07 -1.2326e-32 -6.16298e-33 1 -26.6587 0 0 0 1 
				6
				-0.573575 0.819153 -2.02144e-33 0 -0.819153 -0.573575 -1.36318e-32 8.9233e-07 -1.2326e-32 -6.16298e-33 1 -26.7153 0 0 0 1 
				7
				-0.573575 0.819153 -2.02144e-33 0 -0.819153 -0.573575 -1.36318e-32 8.9233e-07 -1.2326e-32 -6.16298e-33 1 -26.7702 0 0 0 1 
				8
				-0.573575 0.819153 -2.02144e-33 0 -0.819153 -0.573575 -1.36318e-32 8.9233e-07 -1.2326e-32 -6.16298e-33 1 -26.8224 0 0 0 1 
				9
				-0.573575 0.819153 -2.02144e-33 0 -0.819153 -0.573575 -1.36318e-32 8.9233e-07 -1.2326e-32 -6.16298e-33 1 -26.8709 0 0 0 1 
				10
				-0.573575 0.819153 -2.02144e-33 0 -0.819153 -0.573575 -1.36318e-32 8.9233e-07 -1.2326e-32 -6.16298e-33 1 -26.9148 0 0 0 1 
				11
				-0.573575 0.819153 -2.02144e-33 0 -0.819153 -0.573575 -1.36318e-32 8.9233e-07 -1.2326e-32 -6.16298e-33 1 -26.9529 0 0 0 1 
				12
				-0.573575 0.819153 -2.02144e-33 0 -0.819153 -0.573575 -1.36318e-32 8.9233e-07 -1.2326e-32 -6.16298e-33 1 -26.9843 0 0 0 1 
				13
				-0.573575 0.819153 -3.53493e-33 0 -0.819153 -0.573575 -5.04842e-33 8.9233e-07 -6.16298e-33 -0 1 -27.008 0 0 0 1 
				14
				-0.573575 0.819153 -2.02144e-33 0 -0.819153 -0.573575 -1.36318e-32 8.9233e-07 -1.2326e-32 -6.16298e-33 1 -27.0229 0 0 0 1 
				15
				-0.573575 0.819153 -2.02144e-33 0 -0.819153 -0.573575 -1.36318e-32 8.9233e-07 -1.2326e-32 -6.16298e-33 1 -27.0281 0 0 0 1 
				16
				-0.573575 0.819153 -2.02144e-33 0 -0.819153 -0.573575 -1.36318e-32 8.9233e-07 -1.2326e-32 -6.16298e-33 1 -27.0229 0 0 0 1 
				17
				-0.573575 0.819153 -3.53493e-33 0 -0.819153 -0.573575 -5.04842e-33 8.9233e-07 -6.16298e-33 -0 1 -27.008 0 0 0 1 
				18
				-0.573575 0.819153 -2.02144e-33 0 -0.819153 -0.573575 -1.36318e-32 8.9233e-07 -1.2326e-32 -6.16298e-33 1 -26.9843 0 0 0 1 
				19
				-0.573575 0.819153 -2.02144e-33 0 -0.819153 -0.573575 -1.36318e-32 8.9233e-07 -1.2326e-32 -6.16298e-33 1 -26.9529 0 0 0 1 
				20
				-0.573575 0.819153 -2.02144e-33 0 -0.819153 -0.573575 -1.36318e-32 8.9233e-07 -1.2326e-32 -6.16298e-33 1 -26.9148 0 0 0 1 
				21
				-0.573575 0.819153 -2.02144e-33 0 -0.819153 -0.573575 -1.36318e-32 8.9233e-07 -1.2326e-32 -6.16298e-33 1 -26.8709 0 0 0 1 
				22
				-0.573575 0.819153 -2.02144e-33 0 -0.819153 -0.573575 -1.36318e-32 8.9233e-07 -1.2326e-32 -6.16298e-33 1 -26.8224 0 0 0 1 
				23
				-0.573575 0.819153 -2.02144e-33 0 -0.819153 -0.573575 -1.36318e-32 8.9233e-07 -1.2326e-32 -6.16298e-33 1 -26.7702 0 0 0 1 
				24
				-0.573575 0.819153 -2.02144e-33 0 -0.819153 -0.573575 -1.36318e-32 8.9233e-07 -1.2326e-32 -6.16298e-33 1 -26.7153 0 0 0 1 
				25
				-0.573575 0.819153 -2.02144e-33 0 -0.819153 -0.573575 -1.36318e-32 8.9233e-07 -1.2326e-32 -6.16298e-33 1 -26.6587 0 0 0 1 
				26
				-0.573575 0.819153 -2.02144e-33 0 -0.819153 -0.573575 -1.36318e-32 8.9233e-07 -1.2326e-32 -6.16298e-33 1 -26.6014 0 0 0 1 
				27
				-0.573575 0.819153 -2.02144e-33 0 -0.819153 -0.573575 -1.36318e-32 8.9233e-07 -1.2326e-32 -6.16298e-33 1 -26.5445 0 0 0 1 
				28
				-0.573575 0.819153 -2.02144e-33 0 -0.819153 -0.573575 -1.36318e-32 8.9233e-07 -1.2326e-32 -6.16298e-33 1 -26.4889 0 0 0 1 
				29
				-0.573575 0.819153 -3.53493e-33 0 -0.819153 -0.573575 -5.04842e-33 8.9233e-07 -6.16298e-33 -0 1 -26.4356 0 0 0 1 
				30
				-0.573575 0.819153 -2.02144e-33 0 -0.819153 -0.573575 -1.36318e-32 8.9233e-07 -1.2326e-32 -6.16298e-33 1 -26.3858 0 0 0 1 
				31
				-0.573575 0.819153 -2.02144e-33 0 -0.819153 -0.573575 -1.36318e-32 8.9233e-07 -1.2326e-32 -6.16298e-33 1 -26.3403 0 0 0 1 
		</Joint>
			1
				-1
				1.33158e-06 -0.573574 -0.819154 0 0 -0.819154 0.573574 8.9233e-07 -1 -7.6376e-07 -1.09077e-06 -26.3403 0 0 0 1 
				0
				1.33158e-06 -0.573574 -0.819154 0 0 -0.819154 0.573574 8.9233e-07 -1 -7.6376e-07 -1.09077e-06 -26.3858 0 0 0 1 
				1
				1.33158e-06 -0.573574 -0.819154 0 0 -0.819154 0.573574 8.9233e-07 -1 -7.6376e-07 -1.09077e-06 -26.4356 0 0 0 1 
				2
				1.33158e-06 -0.573574 -0.819154 0 0 -0.819154 0.573574 8.9233e-07 -1 -7.6376e-07 -1.09077e-06 -26.4889 0 0 0 1 
				3
				1.33158e-06 -0.573574 -0.819154 0 0 -0.819154 0.573574 8.9233e-07 -1 -7.6376e-07 -1.09077e-06 -26.5445 0 0 0 1 
				4
				1.33158e-06 -0.573574 -0.819154 0 0 -0.819154 0.573574 8.9233e-07 -1 -7.6376e-07 -1.09077e-06 -26.6014 0 0 0 1 
				5
				1.33158e-06 -0.573574 -0.819154 0 0 -0.819154 0.573574 8.9233e-07 -1 -7.6376e-07 -1.09077e-06 -26.6587 0 0 0 1 
				6
				1.33158e-06 -0.573574 -0.819154 0 0 -0.819154 0.573574 8.9233e-07 -1 -7.6376e-07 -1.09077e-06 -26.7153 0 0 0 1 
				7
				1.33158e-06 -0.573574 -0.819154 0 0 -0.819154 0.573574 8.9233e-07 -1 -7.6376e-07 -1.09077e-06 -26.7702 0 0 0 1 
				8
				1.33158e-06 -0.573574 -0.819154 0 0 -0.819154 0.573574 8.9233e-07 -1 -7.6376e-07 -1.09077e-06 -26.8224 0 0 0 1 
				9
				1.33158e-06 -0.573574 -0.819154 0 0 -0.819154 0.573574 8.9233e-07 -1 -7.6376e-07 -1.09077e-06 -26.8709 0 0 0 1 
				10
				1.33158e-06 -0.573574 -0.819154 0 0 -0.819154 0.573574 8.9233e-07 -1 -7.6376e-07 -1.09077e-06 -26.9148 0 0 0 1 
				11
				1.33158e-06 -0.573574 -0.819154 0 0 -0.819154 0.573574 8.9233e-07 -1 -7.6376e-07 -1.09077e-06 -26.9529 0 0 0 1 
				12
				1.33158e-06 -0.573574 -0.819154 0 0 -0.819154 0.573574 8.9233e-07 -1 -7.6376e-07 -1.09077e-06 -26.9843 0 0 0 1 
				13
				1.33158e-06 -0.573574 -0.819153 0 0 -0.819153 0.573574 8.9233e-07 -1 -7.6376e-07 -1.09077e-06 -27.008 0 0 0 1 
				14
				1.33158e-06 -0.573574 -0.819154 0 0 -0.819154 0.573574 8.9233e-07 -1 -7.6376e-07 -1.09077e-06 -27.0229 0 0 0 1 
				15
				1.33158e-06 -0.573574 -0.819154 0 0 -0.819154 0.573574 8.9233e-07 -1 -7.6376e-07 -1.09077e-06 -27.0281 0 0 0 1 
				16
				1.33158e-06 -0.573574 -0.819154 0 0 -0.819154 0.573574 8.9233e-07 -1 -7.6376e-07 -1.09077e-06 -27.0229 0 0 0 1 
				17
				1.33158e-06 -0.573574 -0.819153 0 0 -0.819153 0.573574 8.9233e-07 -1 -7.6376e-07 -1.09077e-06 -27.008 0 0 0 1 
				18
				1.33158e-06 -0.573574 -0.819154 0 0 -0.819154 0.573574 8.9233e-07 -1 -7.6376e-07 -1.09077e-06 -26.9843 0 0 0 1 
				19
				1.33158e-06 -0.573574 -0.819154 0 0 -0.819154 0.573574 8.9233e-07 -1 -7.6376e-07 -1.09077e-06 -26.9529 0 0 0 1 
				20
				1.33158e-06 -0.573574 -0.819154 0 0 -0.819154 0.573574 8.9233e-07 -1 -7.6376e-07 -1.09077e-06 -26.9148 0 0 0 1 
				21
				1.33158e-06 -0.573574 -0.819154 0 0 -0.819154 0.573574 8.9233e-07 -1 -7.6376e-07 -1.09077e-06 -26.8709 0 0 0 1 
				22
				1.33158e-06 -0.573574 -0.819154 0 0 -0.819154 0.573574 8.9233e-07 -1 -7.6376e-07 -1.09077e-06 -26.8224 0 0 0 1 
				23
				1.33158e-06 -0.573574 -0.819154 0 0 -0.819154 0.573574 8.9233e-07 -1 -7.6376e-07 -1.09077e-06 -26.7702 0 0 0 1 
				24
				1.33158e-06 -0.573574 -0.819154 0 0 -0.819154 0.573574 8.9233e-07 -1 -7.6376e-07 -1.09077e-06 -26.7153 0 0 0 1 
				25
				1.33158e-06 -0.573574 -0.819154 0 0 -0.819154 0.573574 8.9233e-07 -1 -7.6376e-07 -1.09077e-06 -26.6587 0 0 0 1 
				26
				1.33158e-06 -0.573574 -0.819154 0 0 -0.819154 0.573574 8.9233e-07 -1 -7.6376e-07 -1.09077e-06 -26.6014 0 0 0 1 
				27
				1.33158e-06 -0.573574 -0.819154 0 0 -0.819154 0.573574 8.9233e-07 -1 -7.6376e-07 -1.09077e-06 -26.5445 0 0 0 1 
				28
				1.33158e-06 -0.573574 -0.819154 0 0 -0.819154 0.573574 8.9233e-07 -1 -7.6376e-07 -1.09077e-06 -26.4889 0 0 0 1 
				29
				1.33158e-06 -0.573574 -0.819153 0 0 -0.819153 0.573574 8.9233e-07 -1 -7.6376e-07 -1.09077e-06 -26.4356 0 0 0 1 
				30
				1.33158e-06 -0.573574 -0.819154 0 0 -0.819154 0.573574 8.9233e-07 -1 -7.6376e-07 -1.09077e-06 -26.3858 0 0 0 1 
				31
				1.33158e-06 -0.573574 -0.819154 0 0 -0.819154 0.573574 8.9233e-07 -1 -7.6376e-07 -1.09077e-06 -26.3403 0 0 0 1 
		</Joint>
			2
				-1
				-0.000271969 -0.342021 -0.939692 0.00233174 -0.000750183 -0.939692 0.342021 0.006395 -1 0.00079796 -1.01208e-06 -30.1249 0 0 0 1 
				0
				0.0017024 -0.342017 -0.939692 0.0023317 0.00467437 -0.93968 0.342021 0.00639491 -0.999988 -0.00497473 -9.96403e-07 -30.1704 0 0 0 1 
				1
				0.00386686 -0.342 -0.939692 0.00233158 0.0106212 -0.939632 0.342021 0.00639457 -0.999936 -0.0113032 -9.7882e-07 -30.2202 0 0 0 1 
				2
				0.00617687 -0.341966 -0.939692 0.00233134 0.0169679 -0.939539 0.342021 0.0063939 -0.999837 -0.0180573 -9.58325e-07 -30.2734 0 0 0 1 
				3
				0.00858789 -0.341914 -0.939692 0.00233099 0.0235922 -0.939396 0.342021 0.00639294 -0.999685 -0.0251066 -9.4006e-07 -30.329 0 0 0 1 
				4
				0.0110567 -0.341843 -0.939692 0.00233048 0.0303753 -0.939201 0.342021 0.00639156 -0.999477 -0.0323251 -9.22932e-07 -30.3858 0 0 0 1 
				5
				0.0135403 -0.341753 -0.939692 0.00232986 0.0371988 -0.938956 0.342021 0.00638986 -0.999216 -0.0395865 -8.99491e-07 -30.4431 0 0 0 1 
				6
				0.015994 -0.341647 -0.939692 0.00232914 0.0439404 -0.938664 0.342021 0.00638786 -0.998906 -0.0467607 -8.80104e-07 -30.4996 0 0 0 1 
				7
				0.0183734 -0.341528 -0.939692 0.00232833 0.0504778 -0.938335 0.342021 0.00638557 -0.998556 -0.0537177 -8.60671e-07 -30.5545 0 0 0 1 
				8
				0.0206356 -0.341398 -0.939692 0.00232742 0.0566931 -0.93798 0.342021 0.00638317 -0.998178 -0.0603318 -8.43666e-07 -30.6066 0 0 0 1 
				9
				0.0227376 -0.341265 -0.939692 0.00232653 0.0624683 -0.937613 0.342021 0.00638064 -0.997788 -0.0664777 -8.23729e-07 -30.6552 0 0 0 1 
				10
				0.0246352 -0.341133 -0.939692 0.00232561 0.067682 -0.937252 0.342021 0.00637816 -0.997403 -0.072026 -8.04806e-07 -30.699 0 0 0 1 
				11
				0.0262844 -0.34101 -0.939692 0.00232478 0.0722131 -0.936913 0.342021 0.00637585 -0.997043 -0.0768479 -7.99922e-07 -30.737 0 0 0 1 
				12
				0.0276424 -0.340903 -0.939692 0.00232405 0.0759443 -0.936618 0.342021 0.00637384 -0.996729 -0.0808186 -7.91722e-07 -30.7684 0 0 0 1 
				13
				0.0286667 -0.340818 -0.939692 0.00232348 0.0787585 -0.936386 0.342021 0.00637222 -0.996481 -0.0838134 -7.74554e-07 -30.7921 0 0 0 1 
				14
				0.0293133 -0.340763 -0.939692 0.00232309 0.0805349 -0.936235 0.342021 0.00637117 -0.996321 -0.0857038 -7.68339e-07 -30.807 0 0 0 1 
				15
				0.029538 -0.340744 -0.939692 0.00232292 0.0811523 -0.936181 0.342021 0.00637078 -0.996264 -0.0863608 -7.76202e-07 -30.8122 0 0 0 1 
				16
				0.0293133 -0.340763 -0.939692 0.00232309 0.0805349 -0.936235 0.342021 0.00637115 -0.996321 -0.0857038 -7.68764e-07 -30.807 0 0 0 1 
				17
				0.0286667 -0.340818 -0.939692 0.00232348 0.0787586 -0.936386 0.342021 0.00637219 -0.996481 -0.0838134 -7.78862e-07 -30.7921 0 0 0 1 
				18
				0.0276424 -0.340903 -0.939692 0.00232405 0.0759443 -0.936618 0.342021 0.00637384 -0.996729 -0.0808186 -7.91722e-07 -30.7684 0 0 0 1 
				19
				0.0262844 -0.34101 -0.939692 0.00232478 0.0722131 -0.936913 0.342021 0.00637585 -0.997043 -0.0768479 -7.99922e-07 -30.737 0 0 0 1 
				20
				0.0246352 -0.341133 -0.939692 0.00232561 0.067682 -0.937252 0.342022 0.00637818 -0.997403 -0.072026 -8.06953e-07 -30.6989 0 0 0 1 
				21
				0.0227376 -0.341265 -0.939692 0.00232651 0.0624683 -0.937613 0.342021 0.00638068 -0.997788 -0.0664777 -8.2696e-07 -30.6552 0 0 0 1 
				22
				0.0206356 -0.341398 -0.939692 0.00232742 0.0566931 -0.93798 0.342021 0.00638317 -0.998178 -0.0603318 -8.4582e-07 -30.6067 0 0 0 1 
				23
				0.0183734 -0.341528 -0.939692 0.00232834 0.0504778 -0.938335 0.342021 0.0063856 -0.998556 -0.0537177 -8.60671e-07 -30.5545 0 0 0 1 
				24
				0.015994 -0.341647 -0.939692 0.00232914 0.0439404 -0.938664 0.342021 0.00638786 -0.998906 -0.0467607 -8.81108e-07 -30.4996 0 0 0 1 
				25
				0.0135403 -0.341753 -0.939692 0.00232987 0.0371988 -0.938955 0.342021 0.00638988 -0.999216 -0.0395865 -9.01299e-07 -30.4431 0 0 0 1 
				26
				0.0110567 -0.341843 -0.939692 0.00233049 0.0303753 -0.939201 0.342021 0.00639156 -0.999477 -0.0323251 -9.20385e-07 -30.3858 0 0 0 1 
				27
				0.00858789 -0.341914 -0.939692 0.00233097 0.0235922 -0.939396 0.342021 0.00639293 -0.999685 -0.0251066 -9.40096e-07 -30.329 0 0 0 1 
				28
				0.00617687 -0.341966 -0.939692 0.00233134 0.0169679 -0.939539 0.342021 0.00639393 -0.999837 -0.0180573 -9.59356e-07 -30.2734 0 0 0 1 
				29
				0.00386686 -0.342 -0.939692 0.00233157 0.0106212 -0.939632 0.342021 0.00639456 -0.999936 -0.0113032 -9.7872e-07 -30.2202 0 0 0 1 
				30
				0.0017024 -0.342017 -0.939692 0.0023317 0.00467437 -0.93968 0.342021 0.00639491 -0.999988 -0.00497473 -9.96421e-07 -30.1704 0 0 0 1 
				31
				-0.000271969 -0.342021 -0.939692 0.00233174 -0.000750183 -0.939692 0.342021 0.006395 -1 0.00079796 -1.01208e-06 -30.1249 0 0 0 1 
		</Joint>
			3
				-1
				-6.90265e-05 -0.0871571 -0.996195 0.000598414 -0.000795174 -0.996194 0.0871571 0.00676345 -1 0.000798165 -5.41232e-07 -38.6816 0 0 0 1 
				0
				0.0024084 -0.0871409 -0.996193 0.0174923 0.01038 -0.99614 0.0871613 0.0531791 -0.999943 -0.0105504 -0.00149459 -38.7269 0 0 0 1 
				1
				0.00512391 -0.0870805 -0.996188 0.0360122 0.0226298 -0.995936 0.0871749 0.104062 -0.999731 -0.0229902 -0.00313247 -38.7762 0 0 0 1 
				2
				0.00802097 -0.0869677 -0.996179 0.0557773 0.0357005 -0.995551 0.0872003 0.158366 -0.99933 -0.0362635 -0.00488049 -38.8285 0 0 0 1 
				3
				0.0110429 -0.0867964 -0.996165 0.0764059 0.0493376 -0.994965 0.0872388 0.215042 -0.998721 -0.0501118 -0.00670493 -38.8826 0 0 0 1 
				4
				0.0141346 -0.0865642 -0.996146 0.0975291 0.0632946 -0.99417 0.0872906 0.273077 -0.997895 -0.0642845 -0.00857313 -38.9376 0 0 0 1 
				5
				0.0172412 -0.0862727 -0.996122 0.118777 0.077325 -0.993172 0.0873555 0.331454 -0.996857 -0.0785313 -0.0104524 -38.9925 0 0 0 1 
				6
				0.0203063 -0.0859278 -0.996094 0.13977 0.0911753 -0.991989 0.0874323 0.389129 -0.995628 -0.0925947 -0.0123091 -39.0463 0 0 0 1 
				7
				0.0232739 -0.0855391 -0.996063 0.160126 0.104593 -0.990657 0.0875187 0.445056 -0.994243 -0.106219 -0.0141096 -39.0981 0 0 0 1 
				8
				0.0260904 -0.0851202 -0.996029 0.179479 0.117337 -0.98922 0.0876118 0.498226 -0.99275 -0.119157 -0.0158214 -39.1469 0 0 0 1 
				9
				0.0287026 -0.0846879 -0.995994 0.197461 0.129165 -0.987737 0.0877081 0.54763 -0.991208 -0.131165 -0.0174119 -39.192 0 0 0 1 
				10
				0.0310565 -0.0842619 -0.99596 0.213695 0.139831 -0.986275 0.0878028 0.59223 -0.989688 -0.141993 -0.0188478 -39.2324 0 0 0 1 
				11
				0.0330985 -0.0838642 -0.995927 0.227803 0.14909 -0.98491 0.0878912 0.630989 -0.98827 -0.151392 -0.0200957 -39.2673 0 0 0 1 
				12
				0.0347773 -0.0835174 -0.995899 0.23942 0.156707 -0.98372 0.0879683 0.662905 -0.987032 -0.159124 -0.0211233 -39.296 0 0 0 1 
				13
				0.0360418 -0.0832447 -0.995877 0.248182 0.162448 -0.982782 0.0880292 0.686978 -0.986059 -0.164951 -0.0218984 -39.3175 0 0 0 1 
				14
				0.0368392 -0.0830672 -0.995863 0.253713 0.166069 -0.982174 0.0880686 0.702173 -0.985426 -0.168626 -0.0223876 -39.331 0 0 0 1 
				15
				0.0371162 -0.0830046 -0.995858 0.255635 0.167327 -0.981959 0.0880825 0.707453 -0.985203 -0.169903 -0.0225576 -39.3357 0 0 0 1 
				16
				0.0368392 -0.0830672 -0.995863 0.253712 0.166069 -0.982174 0.0880686 0.702172 -0.985426 -0.168626 -0.0223876 -39.331 0 0 0 1 
				17
				0.0360418 -0.0832447 -0.995877 0.248182 0.162448 -0.982782 0.0880292 0.686978 -0.986059 -0.164951 -0.0218984 -39.3175 0 0 0 1 
				18
				0.0347773 -0.0835174 -0.995899 0.23942 0.156707 -0.98372 0.0879683 0.662905 -0.987032 -0.159124 -0.0211233 -39.296 0 0 0 1 
				19
				0.0330985 -0.0838642 -0.995927 0.227803 0.14909 -0.98491 0.0878912 0.630989 -0.98827 -0.151392 -0.0200957 -39.2673 0 0 0 1 
				20
				0.0310565 -0.084262 -0.995959 0.213695 0.139831 -0.986275 0.0878029 0.59223 -0.989688 -0.141992 -0.0188478 -39.2324 0 0 0 1 
				21
				0.0287026 -0.0846879 -0.995994 0.197461 0.129165 -0.987737 0.087708 0.54763 -0.991208 -0.131165 -0.0174119 -39.192 0 0 0 1 
				22
				0.0260904 -0.0851201 -0.996029 0.179479 0.117337 -0.98922 0.0876118 0.498226 -0.99275 -0.119157 -0.0158214 -39.1469 0 0 0 1 
				23
				0.0232739 -0.0855391 -0.996063 0.160126 0.104594 -0.990657 0.0875187 0.445057 -0.994243 -0.106219 -0.0141096 -39.0981 0 0 0 1 
				24
				0.0203063 -0.0859278 -0.996094 0.13977 0.0911753 -0.991989 0.0874323 0.389129 -0.995628 -0.0925947 -0.0123091 -39.0463 0 0 0 1 
				25
				0.0172412 -0.0862727 -0.996122 0.118777 0.077325 -0.993171 0.0873555 0.331454 -0.996857 -0.0785312 -0.0104524 -38.9925 0 0 0 1 
				26
				0.0141346 -0.0865642 -0.996146 0.097529 0.0632946 -0.99417 0.0872906 0.273077 -0.997895 -0.0642845 -0.00857313 -38.9376 0 0 0 1 
				27
				0.0110429 -0.0867965 -0.996165 0.076406 0.0493376 -0.994965 0.0872388 0.215042 -0.998721 -0.0501118 -0.00670493 -38.8826 0 0 0 1 
				28
				0.00802097 -0.0869677 -0.996179 0.0557773 0.0357005 -0.995551 0.0872003 0.158366 -0.99933 -0.0362635 -0.00488049 -38.8285 0 0 0 1 
				29
				0.00512391 -0.0870807 -0.996188 0.0360122 0.0226298 -0.995936 0.087175 0.104062 -0.999731 -0.0229902 -0.00313247 -38.7762 0 0 0 1 
				30
				0.0024084 -0.0871409 -0.996193 0.0174923 0.01038 -0.99614 0.0871613 0.0531791 -0.999943 -0.0105504 -0.00149459 -38.7269 0 0 0 1 
				31
				-6.90265e-05 -0.0871571 -0.996195 0.000598414 -0.000795174 -0.996194 0.0871571 0.00676345 -1 0.000798165 -5.41232e-07 -38.6816 0 0 0 1 
		</Joint>
			4
				-1
				-6.90265e-05 -0.0871571 -0.996195 0.000235808 -0.000795174 -0.996194 0.0871571 0.00256587 -1 0.000798165 -5.4124e-07 -47.2383 0 0 0 1 
				0
				0.0024084 -0.0871409 -0.996193 0.0383281 0.01038 -0.99614 0.0871613 0.144603 -0.999943 -0.0105504 -0.00149459 -47.283 0 0 0 1 
				1
				0.00512391 -0.0870805 -0.996188 0.0800836 0.0226298 -0.995936 0.0871749 0.300303 -0.999731 -0.0229902 -0.00313247 -47.3305 0 0 0 1 
				2
				0.00802097 -0.0869677 -0.996179 0.124637 0.0357005 -0.995551 0.0872003 0.466447 -0.999331 -0.0362635 -0.00488049 -47.3793 0 0 0 1 
				3
				0.0110429 -0.0867964 -0.996165 0.171123 0.0493376 -0.994965 0.0872388 0.639811 -0.998721 -0.0501118 -0.00670493 -47.4282 0 0 0 1 
				4
				0.0141346 -0.0865642 -0.996146 0.2187 0.0632946 -0.99417 0.0872906 0.817268 -0.997895 -0.0642845 -0.00857313 -47.4761 0 0 0 1 
				5
				0.0172412 -0.0862727 -0.996122 0.26653 0.077325 -0.993172 0.0873555 0.995696 -0.996857 -0.0785313 -0.0104524 -47.522 0 0 0 1 
				6
				0.0203063 -0.0859278 -0.996094 0.313748 0.0911753 -0.991989 0.0874323 1.17188 -0.995628 -0.0925947 -0.0123091 -47.5653 0 0 0 1 
				7
				0.0232739 -0.085539 -0.996063 0.359497 0.104593 -0.990657 0.0875187 1.34262 -0.994243 -0.106219 -0.0141096 -47.6052 0 0 0 1 
				8
				0.0260904 -0.0851202 -0.996029 0.402948 0.117337 -0.98922 0.0876118 1.50483 -0.99275 -0.119157 -0.0158214 -47.6412 0 0 0 1 
				9
				0.0287026 -0.0846879 -0.995994 0.443281 0.129165 -0.987737 0.0877081 1.65543 -0.991208 -0.131165 -0.0174119 -47.6731 0 0 0 1 
				10
				0.0310565 -0.0842619 -0.99596 0.479655 0.139831 -0.986275 0.0878028 1.79129 -0.989688 -0.141992 -0.0188478 -47.7005 0 0 0 1 
				11
				0.0330985 -0.0838642 -0.995927 0.511234 0.14909 -0.98491 0.0878912 1.90928 -0.98827 -0.151392 -0.0200957 -47.7232 0 0 0 1 
				12
				0.0347773 -0.0835174 -0.995899 0.537216 0.156707 -0.98372 0.0879683 2.00637 -0.987032 -0.159124 -0.0211233 -47.7413 0 0 0 1 
				13
				0.0360418 -0.0832447 -0.995877 0.556797 0.162448 -0.982782 0.0880292 2.07956 -0.986059 -0.164951 -0.0218984 -47.7544 0 0 0 1 
				14
				0.0368392 -0.0830672 -0.995863 0.569151 0.166069 -0.982174 0.0880686 2.12574 -0.985426 -0.168627 -0.0223876 -47.7625 0 0 0 1 
				15
				0.0371162 -0.0830046 -0.995858 0.573442 0.167327 -0.981959 0.0880825 2.14178 -0.985203 -0.169903 -0.0225576 -47.7653 0 0 0 1 
				16
				0.0368392 -0.0830672 -0.995863 0.56915 0.166069 -0.982174 0.0880686 2.12574 -0.985426 -0.168627 -0.0223876 -47.7625 0 0 0 1 
				17
				0.0360418 -0.0832447 -0.995877 0.556797 0.162448 -0.982782 0.0880292 2.07956 -0.986059 -0.164951 -0.0218984 -47.7544 0 0 0 1 
				18
				0.0347773 -0.0835174 -0.995899 0.537216 0.156707 -0.98372 0.0879683 2.00637 -0.987032 -0.159124 -0.0211233 -47.7413 0 0 0 1 
				19
				0.0330985 -0.0838642 -0.995927 0.511234 0.14909 -0.98491 0.0878912 1.90928 -0.98827 -0.151392 -0.0200957 -47.7232 0 0 0 1 
				20
				0.0310565 -0.084262 -0.995959 0.479655 0.139831 -0.986275 0.0878029 1.79129 -0.989688 -0.141992 -0.0188478 -47.7005 0 0 0 1 
				21
				0.0287026 -0.0846879 -0.995994 0.443281 0.129165 -0.987737 0.087708 1.65543 -0.991208 -0.131165 -0.0174119 -47.6731 0 0 0 1 
				22
				0.0260904 -0.0851201 -0.996029 0.402948 0.117337 -0.98922 0.0876118 1.50483 -0.992749 -0.119157 -0.0158214 -47.6412 0 0 0 1 
				23
				0.0232739 -0.085539 -0.996063 0.359497 0.104593 -0.990657 0.0875187 1.34262 -0.994243 -0.106219 -0.0141096 -47.6052 0 0 0 1 
				24
				0.0203063 -0.0859278 -0.996094 0.313749 0.0911753 -0.991989 0.0874323 1.17188 -0.995628 -0.0925947 -0.0123091 -47.5653 0 0 0 1 
				25
				0.0172412 -0.0862727 -0.996122 0.26653 0.077325 -0.993171 0.0873555 0.995696 -0.996857 -0.0785312 -0.0104524 -47.522 0 0 0 1 
				26
				0.0141346 -0.0865642 -0.996146 0.2187 0.0632946 -0.99417 0.0872906 0.817268 -0.997895 -0.0642845 -0.00857313 -47.4761 0 0 0 1 
				27
				0.0110429 -0.0867964 -0.996165 0.171123 0.0493376 -0.994965 0.0872388 0.639811 -0.998721 -0.0501118 -0.00670493 -47.4282 0 0 0 1 
				28
				0.00802097 -0.0869677 -0.996179 0.124637 0.0357005 -0.995551 0.0872003 0.466447 -0.99933 -0.0362635 -0.00488049 -47.3793 0 0 0 1 
				29
				0.00512391 -0.0870807 -0.996188 0.0800836 0.0226298 -0.995936 0.087175 0.300303 -0.999731 -0.0229902 -0.00313247 -47.3305 0 0 0 1 
				30
				0.0024084 -0.0871409 -0.996193 0.0383281 0.01038 -0.99614 0.0871613 0.144603 -0.999943 -0.0105504 -0.00149459 -47.283 0 0 0 1 
				31
				-6.90265e-05 -0.0871571 -0.996195 0.000235808 -0.000795174 -0.996194 0.0871571 0.00256587 -1 0.000798165 -5.4124e-07 -47.2383 0 0 0 1 
		</Joint>
			5
				-1
				6.58427e-07 -1.34472e-06 -1 8.99999e-06 0 -1 1.34472e-06 -4.69232e-05 -1 -8.85398e-13 -6.58427e-07 -50.5241 0 0 0 1 
				0
				3.94597e-07 -1.37359e-06 -1 0.0462417 -0.0115457 -0.999934 1.36894e-06 0.17871 -0.999933 0.0115457 -4.1043e-07 -50.5686 0 0 0 1 
				1
				4.05632e-07 -1.38537e-06 -1 0.0969198 -0.024201 -0.999707 1.37514e-06 0.374661 -0.999707 0.024201 -4.3904e-07 -50.6154 0 0 0 1 
				2
				4.09897e-07 -1.31606e-06 -1 0.150993 -0.037704 -0.999289 1.29966e-06 0.583753 -0.999289 0.037704 -4.59226e-07 -50.6629 0 0 0 1 
				3
				4.42728e-07 -1.34296e-06 -1 0.207408 -0.0517918 -0.998658 1.31823e-06 0.801925 -0.998658 0.0517918 -5.11688e-07 -50.7098 0 0 0 1 
				4
				4.80873e-07 -1.31661e-06 -1 0.265144 -0.0662094 -0.997806 1.28188e-06 1.02524 -0.997806 0.0662094 -5.6699e-07 -50.755 0 0 0 1 
				5
				4.90323e-07 -1.26419e-06 -1 0.323181 -0.0807023 -0.996738 1.2205e-06 1.24977 -0.996738 0.0807023 -5.90746e-07 -50.7975 0 0 0 1 
				6
				4.95818e-07 -1.47739e-06 -1 0.380471 -0.0950085 -0.995476 1.4236e-06 1.47147 -0.995476 0.0950085 -6.3394e-07 -50.8367 0 0 0 1 
				7
				5.31358e-07 -1.35212e-06 -1 0.435971 -0.108867 -0.994056 1.28623e-06 1.68629 -0.994056 0.108867 -6.75401e-07 -50.8721 0 0 0 1 
				8
				5.47158e-07 -1.52459e-06 -1 0.488676 -0.122029 -0.992527 1.44643e-06 1.89037 -0.992527 0.122029 -7.29112e-07 -50.9032 0 0 0 1 
				9
				5.77302e-07 -1.39227e-06 -1 0.537592 -0.134243 -0.990948 1.30217e-06 2.07984 -0.990949 0.134243 -7.5898e-07 -50.93 0 0 0 1 
				10
				5.97444e-07 -1.41791e-06 -1 0.5817 -0.145258 -0.989394 1.31609e-06 2.25075 -0.989394 0.145258 -7.9707e-07 -50.9524 0 0 0 1 
				11
				5.83642e-07 -1.39732e-06 -1 0.61999 -0.154819 -0.987943 1.29012e-06 2.39916 -0.987943 0.154819 -7.92937e-07 -50.9705 0 0 0 1 
				12
				5.96627e-07 -1.44352e-06 -1 0.651488 -0.162684 -0.986678 1.32723e-06 2.52128 -0.986678 0.162684 -8.23515e-07 -50.9845 0 0 0 1 
				13
				5.78094e-07 -1.57826e-06 -1 0.675224 -0.168611 -0.985683 1.45819e-06 2.61333 -0.985683 0.168611 -8.35929e-07 -50.9944 0 0 0 1 
				14
				6.02051e-07 -1.51784e-06 -1 0.690197 -0.17235 -0.985036 1.39136e-06 2.67141 -0.985036 0.17235 -8.5464e-07 -51.0005 0 0 0 1 
				15
				6.26804e-07 -1.21669e-06 -1 0.695399 -0.173649 -0.984808 1.08937e-06 2.69159 -0.984808 0.173649 -8.28559e-07 -51.0025 0 0 0 1 
				16
				6.22968e-07 -1.43583e-06 -1 0.690197 -0.17235 -0.985036 1.30698e-06 2.67141 -0.985036 0.17235 -8.61111e-07 -51.0005 0 0 0 1 
				17
				5.60598e-07 -1.65728e-06 -1 0.675224 -0.168611 -0.985683 1.53903e-06 2.61333 -0.985683 0.168611 -8.32006e-07 -50.9944 0 0 0 1 
				18
				5.93048e-07 -1.48741e-06 -1 0.651488 -0.162684 -0.986678 1.37112e-06 2.52128 -0.986678 0.162684 -8.27125e-07 -50.9845 0 0 0 1 
				19
				5.91009e-07 -1.33095e-06 -1 0.61999 -0.154819 -0.987943 1.2234e-06 2.39916 -0.987943 0.154819 -7.89939e-07 -50.9705 0 0 0 1 
				20
				5.9719e-07 -1.40925e-06 -1 0.5817 -0.145258 -0.989394 1.30756e-06 2.25075 -0.989394 0.145258 -7.95561e-07 -50.9524 0 0 0 1 
				21
				5.67344e-07 -1.44393e-06 -1 0.537592 -0.134243 -0.990948 1.35469e-06 2.07984 -0.990949 0.134243 -7.56046e-07 -50.93 0 0 0 1 
				22
				5.51125e-07 -1.51446e-06 -1 0.488676 -0.122029 -0.992527 1.43589e-06 1.89037 -0.992527 0.122029 -7.31814e-07 -50.9032 0 0 0 1 
				23
				5.29539e-07 -1.3545e-06 -1 0.435971 -0.108867 -0.994056 1.2888e-06 1.68629 -0.994056 0.108867 -6.73853e-07 -50.8721 0 0 0 1 
				24
				5.07586e-07 -1.37759e-06 -1 0.380471 -0.0950085 -0.995476 1.32314e-06 1.47147 -0.995477 0.0950085 -6.36173e-07 -50.8367 0 0 0 1 
				25
				4.92159e-07 -1.45694e-06 -1 0.323181 -0.0807023 -0.996738 1.41247e-06 1.24977 -0.996738 0.0807023 -6.08132e-07 -50.7975 0 0 0 1 
				26
				4.7666e-07 -1.32678e-06 -1 0.265144 -0.0662094 -0.997806 1.29231e-06 1.02524 -0.997806 0.0662094 -5.6346e-07 -50.755 0 0 0 1 
				27
				4.42837e-07 -1.40591e-06 -1 0.207408 -0.0517918 -0.998658 1.38109e-06 0.801925 -0.998658 0.0517918 -5.15057e-07 -50.7098 0 0 0 1 
				28
				4.10842e-07 -1.24291e-06 -1 0.150993 -0.037704 -0.999289 1.22653e-06 0.583752 -0.999289 0.037704 -4.57413e-07 -50.6629 0 0 0 1 
				29
				3.97732e-07 -1.52625e-06 -1 0.0969199 -0.024201 -0.999707 1.51618e-06 0.374661 -0.999707 0.024201 -4.34552e-07 -50.6154 0 0 0 1 
				30
				3.94987e-07 -1.37324e-06 -1 0.0462417 -0.0115457 -0.999934 1.36859e-06 0.17871 -0.999933 0.0115457 -4.10816e-07 -50.5687 0 0 0 1 
				31
				6.58427e-07 -1.34472e-06 -1 8.99999e-06 0 -1 1.34472e-06 -4.69232e-05 -1 -8.85398e-13 -6.58427e-07 -50.5241 0 0 0 1 
		</Joint>
			6
		</Joint>
			7
				-1
				0.946696 0.0871543 -0.310114 1.76049 -0.0828232 0.996195 0.0271328 -0.154061 0.311299 -1.87231e-06 0.950312 -47.2383 0 0 0 1 
				0
				0.945923 0.0871361 -0.312468 1.79858 -0.086306 0.996132 0.0165143 -0.0120307 0.312698 0.0113466 0.949785 -47.2804 0 0 0 1 
				1
				0.945073 0.0870736 -0.315047 1.84033 -0.0901322 0.995918 0.00487753 0.143646 0.314186 0.0237863 0.949063 -47.325 0 0 0 1 
				2
				0.944163 0.0869585 -0.317797 1.88487 -0.0942252 0.995523 -0.00753552 0.309746 0.315719 0.0370593 0.948129 -47.3708 0 0 0 1 
				3
				0.943209 0.0867848 -0.320664 1.93133 -0.0985068 0.994926 -0.0204826 0.483043 0.31726 0.050907 0.946971 -47.4165 0 0 0 1 
				4
				0.942228 0.0865501 -0.323597 1.97887 -0.102901 0.994119 -0.0337294 0.660412 0.318774 0.0650791 0.945594 -47.4611 0 0 0 1 
				5
				0.941239 0.0862562 -0.326541 2.02666 -0.10733 0.99311 -0.0470416 0.838727 0.320234 0.079325 0.944012 -47.5038 0 0 0 1 
				6
				0.940258 0.0859088 -0.329445 2.07383 -0.111714 0.991916 -0.060179 1.01478 0.321612 0.0933874 0.942255 -47.5438 0 0 0 1 
				7
				0.939305 0.0855177 -0.332255 2.11953 -0.115973 0.990573 -0.0729025 1.18537 0.322889 0.10701 0.940368 -47.5805 0 0 0 1 
				8
				0.938396 0.0850966 -0.334921 2.16292 -0.120028 0.989127 -0.0849826 1.34741 0.324047 0.119947 0.938406 -47.6136 0 0 0 1 
				9
				0.937549 0.0846622 -0.337392 2.20319 -0.123801 0.987634 -0.0961917 1.49785 0.325076 0.131954 0.936437 -47.6426 0 0 0 1 
				10
				0.936784 0.0842343 -0.339618 2.2395 -0.127211 0.986163 -0.106297 1.63355 0.325965 0.14278 0.934538 -47.6675 0 0 0 1 
				11
				0.936118 0.083835 -0.341548 2.27103 -0.130177 0.984791 -0.115068 1.75138 0.326707 0.152179 0.932794 -47.6881 0 0 0 1 
				12
				0.935569 0.0834869 -0.343134 2.29696 -0.132621 0.983595 -0.122282 1.84834 0.327296 0.15991 0.931293 -47.7044 0 0 0 1 
				13
				0.935154 0.0832131 -0.344329 2.3165 -0.134466 0.982653 -0.127717 1.92143 0.327728 0.165736 0.930121 -47.7162 0 0 0 1 
				14
				0.934892 0.083035 -0.345082 2.32883 -0.135631 0.982042 -0.131146 1.96754 0.327995 0.169411 0.929365 -47.7234 0 0 0 1 
				15
				0.934801 0.0829722 -0.345344 2.33312 -0.136035 0.981825 -0.132337 1.98356 0.328087 0.170688 0.929099 -47.7259 0 0 0 1 
				16
				0.934892 0.083035 -0.345082 2.32883 -0.135631 0.982042 -0.131146 1.96754 0.327995 0.169411 0.929365 -47.7234 0 0 0 1 
				17
				0.935154 0.0832131 -0.344329 2.3165 -0.134466 0.982653 -0.127717 1.92143 0.327728 0.165736 0.930121 -47.7162 0 0 0 1 
				18
				0.935569 0.0834869 -0.343134 2.29696 -0.132621 0.983595 -0.122282 1.84834 0.327296 0.15991 0.931293 -47.7044 0 0 0 1 
				19
				0.936118 0.083835 -0.341548 2.27103 -0.130177 0.984791 -0.115068 1.75138 0.326707 0.152179 0.932794 -47.6881 0 0 0 1 
				20
				0.936784 0.0842344 -0.339618 2.2395 -0.127211 0.986163 -0.106297 1.63355 0.325965 0.14278 0.934538 -47.6675 0 0 0 1 
				21
				0.937549 0.0846622 -0.337392 2.20319 -0.123801 0.987634 -0.0961917 1.49785 0.325076 0.131954 0.936437 -47.6426 0 0 0 1 
				22
				0.938396 0.0850965 -0.334921 2.16292 -0.120028 0.989127 -0.0849826 1.34741 0.324047 0.119947 0.938406 -47.6136 0 0 0 1 
				23
				0.939305 0.0855177 -0.332255 2.11953 -0.115973 0.990573 -0.0729025 1.18537 0.322889 0.10701 0.940368 -47.5805 0 0 0 1 
				24
				0.940258 0.0859088 -0.329445 2.07383 -0.111714 0.991916 -0.060179 1.01478 0.321612 0.0933874 0.942255 -47.5438 0 0 0 1 
				25
				0.941239 0.0862562 -0.326541 2.02666 -0.10733 0.99311 -0.0470416 0.838727 0.320234 0.079325 0.944012 -47.5038 0 0 0 1 
				26
				0.942228 0.0865501 -0.323597 1.97887 -0.102901 0.994119 -0.0337294 0.660411 0.318774 0.065079 0.945594 -47.4611 0 0 0 1 
				27
				0.943209 0.0867848 -0.320664 1.93133 -0.0985068 0.994925 -0.0204826 0.483043 0.31726 0.050907 0.946971 -47.4165 0 0 0 1 
				28
				0.944163 0.0869585 -0.317797 1.88487 -0.0942252 0.995522 -0.0075355 0.309746 0.315719 0.0370592 0.948129 -47.3708 0 0 0 1 
				29
				0.945073 0.0870738 -0.315047 1.84033 -0.0901323 0.995918 0.00487761 0.143646 0.314186 0.0237862 0.949064 -47.325 0 0 0 1 
				30
				0.945923 0.0871361 -0.312468 1.79858 -0.086306 0.996132 0.0165143 -0.0120307 0.312698 0.0113466 0.949785 -47.2804 0 0 0 1 
				31
				0.946696 0.0871543 -0.310114 1.76049 -0.0828232 0.996195 0.0271328 -0.154061 0.311299 -1.87231e-06 0.950312 -47.2383 0 0 0 1 
		</Joint>
			8
				-1
				0.112918 -0.0327971 -0.993063 8.70344 0.148165 0.988837 -0.0158101 -0.761476 0.982495 -0.145352 0.116517 -44.9552 0 0 0 1 
				0
				0.124376 -0.032797 -0.991693 8.73587 0.148337 0.988837 -0.0140984 -0.644988 0.981085 -0.145351 0.127853 -44.9871 0 0 0 1 
				1
				0.136918 -0.032797 -0.990039 8.77138 0.148504 0.988837 -0.0122197 -0.517372 0.979388 -0.145351 0.14026 -45.0208 0 0 0 1 
				2
				0.15028 -0.0327976 -0.9881 8.80924 0.148656 0.988837 -0.0102131 -0.381289 0.977404 -0.145352 0.153478 -45.0553 0 0 0 1 
				3
				0.164199 -0.0327971 -0.985882 8.8487 0.148785 0.988836 -0.0081152 -0.239393 0.975142 -0.145352 0.167245 -45.0897 0 0 0 1 
				4
				0.17842 -0.0327968 -0.983408 8.88906 0.148887 0.988836 -0.00596528 -0.0942485 0.972625 -0.145352 0.181311 -45.1232 0 0 0 1 
				5
				0.192692 -0.032797 -0.980711 8.92959 0.148957 0.988836 -0.00380132 0.051585 0.969888 -0.145352 0.195426 -45.1552 0 0 0 1 
				6
				0.206757 -0.0327967 -0.977842 8.96957 0.148996 0.988836 -0.00166145 0.195482 0.966981 -0.145351 0.209335 -45.1851 0 0 0 1 
				7
				0.220359 -0.0327969 -0.974867 9.00827 0.149005 0.988836 0.000414303 0.334838 0.963971 -0.145352 0.222786 -45.2125 0 0 0 1 
				8
				0.233256 -0.0327976 -0.971862 9.04499 0.148988 0.988836 0.00238798 0.467145 0.960934 -0.145353 0.235538 -45.237 0 0 0 1 
				9
				0.245208 -0.0327967 -0.968916 9.07906 0.148946 0.988836 0.00422342 0.589914 0.95796 -0.145352 0.247355 -45.2586 0 0 0 1 
				10
				0.255971 -0.0327967 -0.966128 9.10976 0.148889 0.988836 0.0058799 0.700603 0.95515 -0.145351 0.257996 -45.277 0 0 0 1 
				11
				0.265301 -0.0327976 -0.963608 9.1364 0.148826 0.988837 0.00731863 0.796681 0.95261 -0.145352 0.26722 -45.2921 0 0 0 1 
				12
				0.272968 -0.0327971 -0.961464 9.15831 0.148764 0.988836 0.00850461 0.875714 0.950451 -0.145353 0.2748 -45.304 0 0 0 1 
				13
				0.278742 -0.0327971 -0.959806 9.17481 0.148709 0.988836 0.0093984 0.935271 0.948783 -0.145352 0.280508 -45.3126 0 0 0 1 
				14
				0.282382 -0.0327974 -0.958741 9.18522 0.148673 0.988837 0.00996227 0.972842 0.947712 -0.145352 0.284106 -45.3179 0 0 0 1 
				15
				0.283646 -0.0327966 -0.958368 9.18883 0.148659 0.988836 0.0101591 0.985894 0.947336 -0.145352 0.285355 -45.3198 0 0 0 1 
				16
				0.282382 -0.0327972 -0.958741 9.18521 0.148673 0.988837 0.00996241 0.97284 0.947711 -0.145352 0.284106 -45.3179 0 0 0 1 
				17
				0.278742 -0.0327971 -0.959806 9.17481 0.148709 0.988836 0.00939843 0.935271 0.948783 -0.145352 0.280508 -45.3126 0 0 0 1 
				18
				0.272969 -0.0327972 -0.961464 9.15831 0.148764 0.988836 0.0085045 0.875714 0.950451 -0.145353 0.2748 -45.304 0 0 0 1 
				19
				0.265301 -0.0327976 -0.963608 9.1364 0.148826 0.988837 0.00731863 0.796681 0.95261 -0.145352 0.26722 -45.2921 0 0 0 1 
				20
				0.255971 -0.0327967 -0.966128 9.10976 0.148889 0.988836 0.00587989 0.7006 0.95515 -0.145351 0.257996 -45.2769 0 0 0 1 
				21
				0.245208 -0.032797 -0.968916 9.07906 0.148946 0.988836 0.00422317 0.589914 0.95796 -0.145352 0.247355 -45.2586 0 0 0 1 
				22
				0.233255 -0.0327974 -0.971862 9.04499 0.148988 0.988836 0.0023881 0.467144 0.960934 -0.145353 0.235538 -45.237 0 0 0 1 
				23
				0.220359 -0.0327969 -0.974867 9.00827 0.149005 0.988836 0.000414378 0.334839 0.96397 -0.145352 0.222786 -45.2125 0 0 0 1 
				24
				0.206757 -0.0327969 -0.977843 8.96957 0.148996 0.988836 -0.00166173 0.195484 0.966981 -0.145351 0.209335 -45.1851 0 0 0 1 
				25
				0.192692 -0.0327968 -0.980711 8.92959 0.148957 0.988836 -0.00380111 0.0515845 0.969887 -0.145352 0.195426 -45.1552 0 0 0 1 
				26
				0.17842 -0.0327967 -0.983408 8.88906 0.148887 0.988836 -0.00596517 -0.0942492 0.972625 -0.145352 0.181311 -45.1232 0 0 0 1 
				27
				0.164199 -0.0327968 -0.985882 8.8487 0.148785 0.988836 -0.00811489 -0.239394 0.975142 -0.145352 0.167246 -45.0897 0 0 0 1 
				28
				0.15028 -0.0327973 -0.988099 8.80924 0.148656 0.988836 -0.0102127 -0.381289 0.977403 -0.145352 0.153478 -45.0553 0 0 0 1 
				29
				0.136918 -0.0327969 -0.990039 8.77138 0.148504 0.988836 -0.0122196 -0.517373 0.979388 -0.145351 0.14026 -45.0208 0 0 0 1 
				30
				0.124376 -0.0327969 -0.991693 8.73587 0.148337 0.988837 -0.0140983 -0.644988 0.981085 -0.145351 0.127853 -44.9871 0 0 0 1 
				31
				0.112918 -0.0327971 -0.993063 8.70344 0.148165 0.988837 -0.0158101 -0.761476 0.982495 -0.145352 0.116517 -44.9552 0 0 0 1 
		</Joint>
			9
				-1
				-0.0189848 0.116042 -0.993063 9.6514 -0.956361 -0.291762 -0.01581 0.482382 -0.291572 0.949426 0.116517 -36.7071 0 0 0 1 
				0
				-0.0239155 0.126385 -0.991693 9.78002 -0.956435 -0.291607 -0.0140982 0.600312 -0.290966 0.948152 0.127853 -36.7508 0 0 0 1 
				1
				-0.0293121 0.137706 -0.990039 9.92082 -0.956506 -0.291456 -0.0122198 0.729331 -0.290235 0.946621 0.14026 -36.7988 0 0 0 1 
				2
				-0.0350618 0.149768 -0.9881 10.0709 -0.956572 -0.291319 -0.0102127 0.866689 -0.289381 0.94483 0.153478 -36.8499 0 0 0 1 
				3
				-0.0410515 0.162332 -0.985882 10.2272 -0.956627 -0.291202 -0.00811496 1.00967 -0.288408 0.942788 0.167245 -36.9033 0 0 0 1 
				4
				-0.0471709 0.175169 -0.983408 10.3869 -0.956671 -0.29111 -0.00596547 1.15567 -0.287325 0.940516 0.181311 -36.958 0 0 0 1 
				5
				-0.0533123 0.188053 -0.980711 10.5473 -0.956701 -0.291046 -0.00380132 1.3021 -0.286147 0.938045 0.195426 -37.0129 0 0 0 1 
				6
				-0.0593647 0.200748 -0.977842 10.7053 -0.956718 -0.291011 -0.00166157 1.44632 -0.284897 0.935421 0.209335 -37.0672 0 0 0 1 
				7
				-0.0652174 0.213027 -0.974867 10.8582 -0.956722 -0.291003 0.000414043 1.58575 -0.283601 0.932704 0.222786 -37.1199 0 0 0 1 
				8
