<?xml version='1.0' encoding='UTF-8' ?>
<itpanim>
	<skeleton count>
		25
			0 -1
			1.37091e-06 -1 -6.12323e-17 1e-06 1 1.37091e-06 -6.12323e-17 -1.37266e-12 6.12323e-17 -6.12323e-17 1 28.5847 0 0 0 1 
			1 0
			1.3868e-06 -2.28068e-12 -1 -28.5847 2.75771e-06 -1 6.10495e-12 1.00011e-06 -1 -2.75771e-06 -1.3868e-06 -3.96413e-05 0 0 0 1 
			2 1
			-0.000205999 -0.000823318 -1 -32.3694 -1.2413e-06 -1 0.000823318 0.0334634 -1 1.41091e-06 0.000205998 0.006668 0 0 0 1 
			3 2
			-0.000383998 -0.00100932 -0.999999 -40.926 -1.01137e-06 -0.999999 0.00100932 0.0478891 -1 1.39895e-06 0.000383997 0.0139528 0 0 0 1 
			4 3
			-0.000383998 -0.00100932 -0.999999 -49.4827 -1.01137e-06 -0.999999 0.00100932 0.0505055 -1 1.39895e-06 0.000383997 0.0139528 0 0 0 1 
			5 4
			1.34309e-06 9.82436e-13 -1 -52.7685 -1.40269e-06 -1 -2.86637e-12 -0.00275479 -1 1.40269e-06 -1.34309e-06 -0.00638105 0 0 0 1 
			6 5
			1 -0 0 0 0 1 0 0 -0 -0 1 -0 0 0 0 1 
			7 4
			0.950432 6.75818e-05 0.310933 13.7112 -1.42282e-06 1 -0.000213002 -0.00848516 -0.310933 0.000202002 0.950432 47.5785 0 0 0 1 
			8 7
			0.476976 0.0235792 0.8786 37.3074 0.0457757 0.997617 -0.0516241 -2.835 -0.877724 0.064842 0.47476 30.0749 0 0 0 1 
			9 8
			0.476835 0.0205565 0.878752 28.9208 0.0472206 0.997684 -0.0489619 -2.74739 -0.877724 0.064842 0.47476 30.0749 0 0 0 1 
			10 9
			0.476835 0.0205565 0.878752 20.0548 -0.877686 0.0656364 0.474721 30.0727 -0.0479195 -0.997632 0.0493399 2.77133 0 0 0 1 
			11 4
			-0.950193 6.50589e-05 0.311663 13.7378 -1.39561e-06 1 -0.000213002 -0.00848516 -0.311663 -0.000202828 -0.950193 -47.5698 0 0 0 1 
			12 11
			-0.476976 0.0235779 0.8786 37.2976 -0.0457784 0.997617 -0.0516241 -2.83503 -0.877723 -0.0648444 -0.47476 -30.0791 0 0 0 1 
			13 12
			-0.476835 0.0205552 0.878752 28.9109 -0.0472234 0.997684 -0.0489619 -2.74745 -0.877723 -0.0648444 -0.47476 -30.0791 0 0 0 1 
			14 13
			-0.476835 0.0205552 0.878752 20.045 0.877685 0.0656388 0.474721 30.0769 -0.0479222 0.997632 -0.0493399 -2.7714 0 0 0 1 
			15 2
			1.37369e-06 -0.0998331 0.995004 28.4419 0 -0.995004 -0.0998331 -2.8537 1 1.3714e-07 -1.36683e-06 -5.53938 0 0 0 1 
			16 15
			1.37369e-06 0.0998335 0.995004 16.029 0 -0.995004 0.0998335 0.337498 1 -1.3714e-07 -1.36683e-06 -5.53938 0 0 0 1 
			17 16
			1.3716e-06 -6.00745e-14 1 3.38056 0 -1 -6.00745e-14 5.01e-06 1 8.23984e-20 -1.3716e-06 -5.53938 0 0 0 1 
			18 17
			1.3716e-06 -1 -6.12323e-17 -7.15885 0 6.12323e-17 -1 -0.467524 1 1.3716e-06 8.39865e-23 -5.53938 0 0 0 1 
			19 18
			1 -0 0 0 0 1 0 0 -0 -0 1 -0 0 0 0 1 
			20 2
			1.37369e-06 -0.0998331 0.995004 28.4419 0 -0.995004 -0.0998331 -2.8537 1 1.3714e-07 -1.36683e-06 5.53939 0 0 0 1 
			21 20
			1.37369e-06 0.0998335 0.995004 16.029 0 -0.995004 0.0998335 0.337498 1 -1.3714e-07 -1.36683e-06 5.53939 0 0 0 1 
			22 21
			1.3716e-06 -6.00745e-14 1 3.38056 0 -1 -6.00745e-14 5.01e-06 1 8.23984e-20 -1.3716e-06 5.53939 0 0 0 1 
			23 22
			1.3716e-06 -1 -6.12323e-17 -7.15885 0 6.12323e-17 -1 -0.467524 1 1.3716e-06 8.39865e-23 5.53939 0 0 0 1 
			24 23
			1 -0 0 0 0 1 0 0 -0 -0 1 -0 0 0 0 1 
	</skeleton>
		<animations>
			17
			0
				-1
				-0.573575 0.819153 -2.02144e-33 0 -0.819153 -0.573575 -1.36318e-32 9.75445e-07 -1.2326e-32 -6.16298e-33 1 -26.0727 0 0 0 1 
				0
				-0.505843 0.862626 0 0 -0.862626 -0.505843 -0 9.51961e-07 -0 -0 1 -26.4545 0 0 0 1 
				1
				-0.429402 0.903114 0 0 -0.903114 -0.429402 -0 9.25135e-07 -0 -0 1 -26.9011 0 0 0 1 
				2
				-0.347512 0.937676 0 0 -0.937676 -0.347512 -0 8.96985e-07 -0 -0 1 -27.3734 0 0 0 1 
				3
				-0.264082 0.9645 0 0 -0.9645 -0.264082 -0 8.69529e-07 -0 -0 1 -27.8322 0 0 0 1 
				4
				-0.183318 0.983054 3.02927e-33 0 -0.983054 -0.183318 -5.64892e-34 8.44721e-07 -0 -3.08149e-33 1 -28.2397 0 0 0 1 
				5
				-0.109543 0.993982 5.84489e-34 0 -0.993982 -0.109543 1.23362e-32 8.24515e-07 1.2326e-32 7.70372e-34 1 -28.5579 0 0 0 1 
				6
				-0.0470798 0.998891 -1.95544e-34 0 -0.998891 -0.0470798 -1.23304e-32 8.10928e-07 -1.2326e-32 -3.85186e-34 1 -28.7477 0 0 0 1 
				7
				1.46474e-06 1 0 0 -1 1.46474e-06 0 8.05979e-07 -0 -0 1 -28.77 0 0 0 1 
				8
				0.0292568 0.999572 -2.44035e-35 0 -0.999572 0.0292568 -1.23319e-32 8.10928e-07 -1.2326e-32 3.85186e-34 1 -28.6003 0 0 0 1 
				9
				0.0429396 0.999078 3.84831e-34 0 -0.999078 0.0429396 1.65397e-35 8.24515e-07 -0 -3.85186e-34 1 -28.263 0 0 0 1 
				10
				0.0446992 0.999 1.66159e-34 0 -0.999 0.0446992 -1.23308e-32 8.44721e-07 -1.2326e-32 3.85186e-34 1 -27.7974 0 0 0 1 
				11
				0.0381711 0.999271 6.8422e-34 0 -0.999271 0.0381711 1.23611e-32 8.69529e-07 1.2326e-32 -1.15556e-33 1 -27.2424 0 0 0 1 
				12
				0.0268715 0.999639 3.31217e-34 0 -0.999639 0.0268715 -1.23215e-32 8.96985e-07 -1.2326e-32 -0 1 -26.6361 0 0 0 1 
				13
				0.0143181 0.999897 -1.76485e-34 0 -0.999897 0.0143181 1.23247e-32 9.25135e-07 1.2326e-32 -0 1 -26.0164 0 0 0 1 
				14
				0.00414853 0.999992 0 0 -0.999992 0.00414853 0 9.51961e-07 -0 -0 1 -25.4223 0 0 0 1 
				15
				1.46474e-06 1 0 0 -1 1.46474e-06 0 9.75445e-07 -0 -0 1 -24.8931 0 0 0 1 
		</Joint>
			1
				-1
				1.33158e-06 -0.573574 -0.819154 0 0 -0.819154 0.573574 9.75445e-07 -1 -7.6376e-07 -1.09077e-06 -26.0727 0 0 0 1 
				0
				1.33158e-06 -0.505841 -0.862627 0 0 -0.862627 0.505841 9.51961e-07 -1 -6.73569e-07 -1.14866e-06 -26.4545 0 0 0 1 
				1
				1.33158e-06 -0.4294 -0.903114 0 0 -0.903114 0.4294 9.25135e-07 -1 -5.71781e-07 -1.20257e-06 -26.9011 0 0 0 1 
				2
				1.33158e-06 -0.34751 -0.937676 0 0 -0.937676 0.34751 8.96985e-07 -1 -4.62738e-07 -1.24859e-06 -27.3734 0 0 0 1 
				3
				1.33158e-06 -0.264081 -0.964501 0 0 -0.964501 0.264081 8.69529e-07 -1 -3.51645e-07 -1.28431e-06 -27.8322 0 0 0 1 
				4
				1.33158e-06 -0.183317 -0.983054 0 0 -0.983054 0.183317 8.44721e-07 -1 -2.44101e-07 -1.30902e-06 -28.2397 0 0 0 1 
				5
				1.33158e-06 -0.109542 -0.993982 0 0 -0.993982 0.109542 8.24515e-07 -1 -1.45864e-07 -1.32357e-06 -28.5579 0 0 0 1 
				6
				1.33158e-06 -0.0470785 -0.998891 0 0 -0.998891 0.0470785 8.10928e-07 -1 -6.26888e-08 -1.3301e-06 -28.7477 0 0 0 1 
				7
				1.33158e-06 2.79632e-06 -1 0 0 -1 -2.79632e-06 8.05979e-07 -1 3.72352e-12 -1.33158e-06 -28.77 0 0 0 1 
				8
				1.33158e-06 0.0292581 -0.999572 0 0 -0.999572 -0.0292581 8.10928e-07 -1 3.89595e-08 -1.33101e-06 -28.6003 0 0 0 1 
				9
				1.33158e-06 0.0429409 -0.999078 0 0 -0.999078 -0.0429409 8.24515e-07 -1 5.71793e-08 -1.33035e-06 -28.263 0 0 0 1 
				10
				1.33158e-06 0.0447005 -0.999 0 0 -0.999 -0.0447005 8.44721e-07 -1 5.95223e-08 -1.33025e-06 -27.7974 0 0 0 1 
				11
				1.33158e-06 0.0381725 -0.999271 0 0 -0.999271 -0.0381725 8.69529e-07 -1 5.08297e-08 -1.33061e-06 -27.2424 0 0 0 1 
				12
				1.33158e-06 0.0268729 -0.999639 0 0 -0.999639 -0.0268729 8.96985e-07 -1 3.57834e-08 -1.3311e-06 -26.6361 0 0 0 1 
				13
				1.33158e-06 0.0143195 -0.999897 0 0 -0.999897 -0.0143195 9.25135e-07 -1 1.90675e-08 -1.33144e-06 -26.0164 0 0 0 1 
				14
				1.33158e-06 0.00414986 -0.999992 0 0 -0.999992 -0.00414986 9.51961e-07 -1 5.52587e-09 -1.33157e-06 -25.4223 0 0 0 1 
				15
				1.33158e-06 2.79632e-06 -1 0 0 -1 -2.79632e-06 9.75445e-07 -1 3.72352e-12 -1.33158e-06 -24.8931 0 0 0 1 
		</Joint>
			2
				-1
				-0.000271969 -0.342021 -0.939692 0.00233174 -0.000750183 -0.939692 0.342021 0.0063951 -1 0.00079796 -1.01208e-06 -29.8573 0 0 0 1 
				0
				-0.000235769 -0.296749 -0.954956 0.00202384 -0.000762301 -0.954955 0.296749 0.00649919 -1 0.000797928 -1.06361e-06 -30.2391 0 0 0 1 
				1
				-0.000194376 -0.244965 -0.969532 0.00167161 -0.000773856 -0.969532 0.244965 0.00659865 -1 0.000797893 -1.11329e-06 -30.6858 0 0 0 1 
				2
				-0.000150556 -0.19013 -0.981759 0.00129859 -0.000783524 -0.981759 0.19013 0.00668217 -1 0.000797857 -1.16168e-06 -31.1581 0 0 0 1 
				3
				-0.000107252 -0.135933 -0.990718 0.000929885 -0.000790578 -0.990718 0.135933 0.00674346 -1 0.000797819 -1.20929e-06 -31.6169 0 0 0 1 
				4
				-6.74231e-05 -0.0860818 -0.996288 0.000590729 -0.000794926 -0.996288 0.0860818 0.0067817 -1 0.000797779 -1.25581e-06 -32.0244 0 0 0 1 
				5
				-3.40418e-05 -0.044302 -0.999018 0.000306496 -0.000797012 -0.999018 0.044302 0.0068006 -1 0.000797737 -1.30089e-06 -32.3426 0 0 0 1 
				6
				-1.01216e-05 -0.0143746 -0.999897 0.000102929 -0.000797631 -0.999896 0.0143746 0.00680687 -1 0.000797694 -1.3451e-06 -32.5324 0 0 0 1 
				7
				1.3879e-06 -1.39499e-06 -1 5.2392e-06 -0.000797649 -1 1.39388e-06 0.0068078 -1 0.000797649 -1.38901e-06 -32.5547 0 0 0 1 
				8
				2.47215e-05 0.0292539 -0.999572 -0.000193945 -0.000797268 -0.999572 -0.0292539 0.00680506 -1 0.00079765 -1.38773e-06 -32.385 0 0 0 1 
				9
				3.56343e-05 0.0429367 -0.999078 -0.000287106 -0.000796854 -0.999077 -0.0429367 0.00680179 -1 0.000797649 -1.38714e-06 -32.0477 0 0 0 1 
				10
				3.70377e-05 0.0446963 -0.999001 -0.000299086 -0.00079679 -0.999 -0.0446963 0.00680132 -1 0.00079765 -1.38706e-06 -31.582 0 0 0 1 
				11
				3.18312e-05 0.0381683 -0.999271 -0.000254639 -0.000797015 -0.999271 -0.0381683 0.00680317 -1 0.000797649 -1.38734e-06 -31.0271 0 0 0 1 
				12
				2.28191e-05 0.0268687 -0.999639 -0.000177705 -0.000797324 -0.999639 -0.0268687 0.00680567 -1 0.00079765 -1.38784e-06 -30.4208 0 0 0 1 
				13
				1.28068e-05 0.0143153 -0.999898 -9.2235e-05 -0.000797548 -0.999897 -0.0143153 0.00680742 -1 0.000797649 -1.38839e-06 -29.8011 0 0 0 1 
				14
				4.69561e-06 0.00414567 -0.999991 -2.29957e-05 -0.000797637 -0.999991 -0.00414567 0.00680806 -1 0.00079765 -1.38883e-06 -29.207 0 0 0 1 
				15
				1.3879e-06 -1.39499e-06 -1 5.2392e-06 -0.000797649 -1 1.39388e-06 0.00680814 -1 0.000797649 -1.38901e-06 -28.6778 0 0 0 1 
		</Joint>
			3
				-1
				-6.90265e-05 -0.0871571 -0.996195 0.000598414 -0.000795174 -0.996194 0.0871571 0.00676355 -1 0.000798165 -5.41232e-07 -38.414 0 0 0 1 
				0
				-5.69255e-05 -0.0721496 -0.997394 0.000498018 -0.000796093 -0.997394 0.0721496 0.00677213 -1 0.000798126 -6.60656e-07 -38.7958 0 0 0 1 
				1
				-4.00159e-05 -0.0511115 -0.998693 0.000356626 -0.000797075 -0.998693 0.0511115 0.00678157 -1 0.000798079 -7.7611e-07 -39.2424 0 0 0 1 
				2
				-2.11903e-05 -0.027666 -0.999617 0.000198821 -0.000797744 -0.999617 0.027666 0.00678866 -1 0.000798025 -8.88169e-07 -39.7147 0 0 0 1 
				3
				-3.35593e-06 -0.00545554 -0.999985 4.93199e-05 -0.000797957 -0.999985 0.00545554 0.00679211 -1 0.000797963 -9.97408e-07 -40.1736 0 0 0 1 
				4
				1.0666e-05 0.011986 -0.999928 -6.78742e-05 -0.000797824 -0.999928 -0.011986 0.00679275 -1 0.000797895 -1.1025e-06 -40.581 0 0 0 1 
				5
				1.80615e-05 0.0211317 -0.999777 -0.000128787 -0.000797616 -0.999776 -0.0211317 0.00679277 -1 0.000797819 -1.20243e-06 -40.8993 0 0 0 1 
				6
				1.5935e-05 0.0183487 -0.999832 -0.000108713 -0.000797579 -0.999831 -0.0183487 0.00679411 -1 0.000797738 -1.29771e-06 -41.0891 0 0 0 1 
				7
				1.38788e-06 -1.42479e-06 -1 1.71058e-05 -0.000797649 -1 1.42368e-06 0.00679603 -1 0.000797649 -1.38901e-06 -41.1113 0 0 0 1 
				8
				2.47215e-05 0.0292539 -0.999572 -0.00018175 -0.000797268 -0.999572 -0.0292539 0.00679364 -1 0.00079765 -1.38774e-06 -40.9416 0 0 0 1 
				9
				3.56343e-05 0.0429367 -0.999078 -0.000274761 -0.000796854 -0.999077 -0.0429367 0.00679054 -1 0.000797649 -1.38714e-06 -40.6044 0 0 0 1 
				10
				3.70377e-05 0.0446963 -0.999001 -0.000286722 -0.00079679 -0.999 -0.0446963 0.00679009 -1 0.00079765 -1.38706e-06 -40.1387 0 0 0 1 
				11
				3.18312e-05 0.0381682 -0.999271 -0.000242346 -0.000797015 -0.999271 -0.0381682 0.00679187 -1 0.000797649 -1.38734e-06 -39.5838 0 0 0 1 
				12
				2.28191e-05 0.0268686 -0.999639 -0.000165536 -0.000797324 -0.999639 -0.0268686 0.00679422 -1 0.000797649 -1.38784e-06 -38.9775 0 0 0 1 
				13
				1.28068e-05 0.0143152 -0.999898 -8.02065e-05 -0.000797548 -0.999897 -0.0143152 0.00679582 -1 0.000797649 -1.38839e-06 -38.3577 0 0 0 1 
				14
				4.69559e-06 0.00414564 -0.999991 -1.1082e-05 -0.000797637 -0.999991 -0.00414564 0.00679634 -1 0.00079765 -1.38883e-06 -37.7637 0 0 0 1 
				15
				1.38788e-06 -1.42479e-06 -1 1.71058e-05 -0.000797649 -1 1.42368e-06 0.00679638 -1 0.000797649 -1.38901e-06 -37.2344 0 0 0 1 
		</Joint>
			4
				-1
				-6.90265e-05 -0.0871571 -0.996195 0.000235808 -0.000795174 -0.996194 0.0871571 0.00256597 -1 0.000798165 -5.4124e-07 -46.9707 0 0 0 1 
				0
				-5.69255e-05 -0.0721496 -0.997394 0.000199692 -0.000796093 -0.997394 0.0721496 0.00256982 -1 0.000798126 -6.60658e-07 -47.3524 0 0 0 1 
				1
				-4.00159e-05 -0.0511115 -0.998693 0.000147945 -0.000797075 -0.998693 0.0511115 0.00257426 -1 0.000798079 -7.76111e-07 -47.7991 0 0 0 1 
				2
				-2.11903e-05 -0.027666 -0.999617 8.98814e-05 -0.000797744 -0.999617 0.027666 0.00257805 -1 0.000798025 -8.8817e-07 -48.2714 0 0 0 1 
				3
				-3.35593e-06 -0.00545554 -0.999985 3.4871e-05 -0.000797957 -0.999985 0.00545554 0.00258063 -1 0.000797963 -9.97409e-07 -48.7302 0 0 0 1 
				4
				1.0666e-05 0.011986 -0.999928 -7.9765e-06 -0.000797824 -0.999928 -0.011986 0.00258227 -1 0.000797895 -1.1025e-06 -49.1377 0 0 0 1 
				5
				1.80615e-05 0.0211317 -0.999777 -2.95379e-05 -0.000797616 -0.999776 -0.0211317 0.00258367 -1 0.000797819 -1.20243e-06 -49.4559 0 0 0 1 
				6
				1.5935e-05 0.0183487 -0.999832 -2.0378e-05 -0.000797579 -0.999831 -0.0183487 0.00258546 -1 0.000797738 -1.29771e-06 -49.6457 0 0 0 1 
				7
				1.38788e-06 -1.42479e-06 -1 2.89778e-05 -0.000797649 -1 1.42368e-06 0.00258723 -1 0.000797649 -1.38901e-06 -49.668 0 0 0 1 
				8
				2.47215e-05 0.0292539 -0.999572 -4.67643e-05 -0.000797268 -0.999572 -0.0292539 0.00258698 -1 0.00079765 -1.38773e-06 -49.4983 0 0 0 1 
				9
				3.56343e-05 0.0429367 -0.999078 -8.21977e-05 -0.000796854 -0.999077 -0.0429367 0.00258613 -1 0.000797649 -1.38714e-06 -49.161 0 0 0 1 
				10
				3.70377e-05 0.0446963 -0.999001 -8.67548e-05 -0.00079679 -0.999 -0.0446963 0.00258602 -1 0.00079765 -1.38706e-06 -48.6953 0 0 0 1 
				11
				3.18312e-05 0.0381682 -0.999271 -6.98486e-05 -0.000797015 -0.999271 -0.0381682 0.00258658 -1 0.000797649 -1.38734e-06 -48.1404 0 0 0 1 
				12
				2.28191e-05 0.0268686 -0.999639 -4.0588e-05 -0.000797324 -0.999639 -0.0268686 0.00258726 -1 0.000797649 -1.38784e-06 -47.5341 0 0 0 1 
				13
				1.28068e-05 0.0143152 -0.999898 -8.08498e-06 -0.000797548 -0.999897 -0.0143152 0.00258762 -1 0.000797649 -1.38839e-06 -46.9144 0 0 0 1 
				14
				4.69559e-06 0.00414564 -0.999991 1.82426e-05 -0.000797637 -0.999991 -0.00414564 0.00258762 -1 0.00079765 -1.38883e-06 -46.3203 0 0 0 1 
				15
				1.38788e-06 -1.42479e-06 -1 2.89778e-05 -0.000797649 -1 1.42368e-06 0.00258757 -1 0.000797649 -1.38901e-06 -45.7911 0 0 0 1 
		</Joint>
			5
				-1
				6.58427e-07 -1.34472e-06 -1 9.00009e-06 0 -1 1.34472e-06 -4.68274e-05 -1 -8.85398e-13 -6.58427e-07 -50.2565 0 0 0 1 
				0
				7.24478e-07 0.00414582 -0.999992 1.26448e-05 0 -0.999991 -0.00414582 -4.59916e-05 -1 3.00355e-09 -7.24472e-07 -50.6383 0 0 0 1 
				1
				8.02301e-07 0.0143155 -0.999898 1.64602e-05 0 -0.999898 -0.0143155 -4.47792e-05 -1 1.14853e-08 -8.02219e-07 -51.0849 0 0 0 1 
				2
				8.89014e-07 0.0268688 -0.999639 2.02539e-05 0 -0.999639 -0.0268688 -4.3192e-05 -1 2.38867e-08 -8.88693e-07 -51.5572 0 0 0 1 
				3
				9.82643e-07 0.0381684 -0.999271 2.3844e-05 0 -0.999271 -0.0381684 -4.13042e-05 -1 3.75059e-08 -9.81928e-07 -52.016 0 0 0 1 
				4
				1.08063e-06 0.0446963 -0.999001 2.707e-05 0 -0.999001 -0.0446963 -3.9237e-05 -1 4.83e-08 -1.07955e-06 -52.4235 0 0 0 1 
				5
				1.18063e-06 0.0429367 -0.999078 2.98088e-05 0 -0.999078 -0.0429367 -3.71456e-05 -1 5.06924e-08 -1.17954e-06 -52.7417 0 0 0 1 
				6
				1.28265e-06 0.0292539 -0.999572 3.19813e-05 0 -0.999572 -0.0292539 -3.52377e-05 -1 3.75224e-08 -1.2821e-06 -52.9315 0 0 0 1 
				7
				1.38685e-06 -1.42368e-06 -1 3.35381e-05 0 -1 1.42368e-06 -3.36964e-05 -1 -1.97444e-12 -1.38685e-06 -52.9538 0 0 0 1 
				8
				1.38557e-06 0.0292539 -0.999572 3.44659e-05 0 -0.999572 -0.0292539 -3.26907e-05 -1 4.05333e-08 -1.38498e-06 -52.7841 0 0 0 1 
				9
				1.38498e-06 0.0429367 -0.999078 3.48899e-05 0 -0.999078 -0.0429367 -3.2186e-05 -1 5.94665e-08 -1.3837e-06 -52.4468 0 0 0 1 
				10
				1.3849e-06 0.0446963 -0.999001 3.49444e-05 0 -0.999001 -0.0446963 -3.20899e-05 -1 6.19e-08 -1.38352e-06 -51.9812 0 0 0 1 
				11
				1.38518e-06 0.0381682 -0.999271 3.47428e-05 0 -0.999271 -0.0381683 -3.22618e-05 -1 5.28698e-08 -1.38417e-06 -51.4262 0 0 0 1 
				12
				1.38568e-06 0.0268686 -0.999639 3.43913e-05 0 -0.999639 -0.0268686 -3.25989e-05 -1 3.72313e-08 -1.38518e-06 -50.8199 0 0 0 1 
				13
				1.38623e-06 0.0143152 -0.999898 3.39957e-05 0 -0.999898 -0.0143152 -3.29741e-05 -1 1.98442e-08 -1.38609e-06 -50.2002 0 0 0 1 
				14
				1.38667e-06 0.00414564 -0.999991 3.36714e-05 0 -0.999991 -0.00414564 -3.32648e-05 -1 5.74864e-09 -1.38666e-06 -49.6061 0 0 0 1 
				15
				1.38685e-06 -1.42368e-06 -1 3.35381e-05 0 -1 1.42368e-06 -3.33559e-05 -1 -1.97444e-12 -1.38685e-06 -49.0769 0 0 0 1 
		</Joint>
			6
		</Joint>
			7
				-1
				0.946696 0.0871543 -0.310114 1.76049 -0.0828232 0.996195 0.0271328 -0.154061 0.311299 -1.87231e-06 0.950312 -46.9707 0 0 0 1 
				0
				0.947836 0.0721468 -0.310488 1.76262 -0.0685614 0.997394 0.022461 -0.127538 0.311299 -1.85788e-06 0.950312 -47.3524 0 0 0 1 
				1
				0.94907 0.0511087 -0.310892 1.76491 -0.0485687 0.998693 0.0159118 -0.0903586 0.311299 -1.8029e-06 0.950312 -47.7991 0 0 0 1 
				2
				0.949948 0.0276632 -0.31118 1.76655 -0.0262881 0.999617 0.0086132 -0.0489241 0.311299 -1.75252e-06 0.950312 -48.2714 0 0 0 1 
				3
				0.950298 0.00545274 -0.311295 1.7672 -0.00518128 0.999985 0.00169904 -0.0096719 0.311299 -1.69218e-06 0.950312 -48.7302 0 0 0 1 
				4
				0.950244 -0.0119888 -0.311277 1.76711 0.0113936 0.999928 -0.00373056 0.0211527 0.311299 -1.61893e-06 0.950312 -49.1377 0 0 0 1 
				5
				0.9501 -0.0211345 -0.31123 1.76684 0.0200849 0.999777 -0.00657769 0.0373169 0.3113 -1.54753e-06 0.950312 -49.4559 0 0 0 1 
				6
				0.950152 -0.0183515 -0.311247 1.76694 0.0174401 0.999832 -0.00571144 0.0324005 0.3113 -1.45845e-06 0.950312 -49.6457 0 0 0 1 
				7
				0.950312 -1.36355e-06 -0.3113 1.76724 1.72473e-06 1 8.84934e-07 -2.67915e-05 0.3113 -1.37787e-06 0.950312 -49.668 0 0 0 1 
				8
				0.949905 -0.0292567 -0.311166 1.76648 0.0278034 0.999572 -0.00910629 0.0516744 0.3113 -1.37315e-06 0.950312 -49.4983 0 0 0 1 
				9
				0.949435 -0.0429395 -0.311013 1.76561 0.0408063 0.999078 -0.0133657 0.0758552 0.3113 -1.36901e-06 0.950312 -49.161 0 0 0 1 
				10
				0.949362 -0.0446991 -0.310989 1.76547 0.0424785 0.999 -0.0139135 0.0789649 0.3113 -1.35888e-06 0.950312 -48.6953 0 0 0 1 
				11
				0.949619 -0.038171 -0.311073 1.76595 0.0362748 0.999271 -0.0118813 0.0674283 0.3113 -1.36865e-06 0.950312 -48.1404 0 0 0 1 
				12
				0.949969 -0.0268714 -0.311187 1.7666 0.0255367 0.999639 -0.00836376 0.0474592 0.3113 -1.37599e-06 0.950312 -47.5341 0 0 0 1 
				13
				0.950214 -0.014318 -0.311268 1.76706 0.013607 0.999897 -0.00445589 0.0252744 0.3113 -1.37897e-06 0.950312 -46.9144 0 0 0 1 
				14
				0.950304 -0.00414843 -0.311297 1.76722 0.00394273 0.999991 -0.0012901 0.00730235 0.3113 -1.37702e-06 0.950312 -46.3203 0 0 0 1 
				15
				0.950312 -1.36355e-06 -0.3113 1.76724 1.72473e-06 1 8.84934e-07 -2.6451e-05 0.3113 -1.37787e-06 0.950312 -45.7911 0 0 0 1 
		</Joint>
			8
				-1
				0.112918 -0.0327971 -0.993063 8.70344 0.148165 0.988837 -0.0158101 -0.761476 0.982495 -0.145352 0.116517 -44.6876 0 0 0 1 
				0
				0.0923309 -0.0784967 -0.99263 8.71392 0.0973907 0.99282 -0.0694528 -0.630359 0.990954 -0.0902603 0.0993129 -45.0694 0 0 0 1 
				1
				0.0783933 -0.131348 -0.988232 8.72528 0.0448479 0.990743 -0.128124 -0.446555 0.995913 -0.034276 0.0835583 -45.516 0 0 0 1 
				2
				0.072305 -0.186869 -0.97972 8.73335 -0.00890889 0.982131 -0.187987 -0.241718 0.997343 0.0223206 0.0693482 -45.9883 0 0 0 1 
				3
				0.07434 -0.240533 -0.96779 8.73657 -0.0630065 0.967403 -0.245277 -0.0476707 0.99524 0.079211 0.0567617 -46.4472 0 0 0 1 
				4
				0.0838506 -0.288142 -0.95391 8.73607 -0.116728 0.94785 -0.296573 0.104712 0.989618 0.136216 0.0458434 -46.8547 0 0 0 1 
				5
				0.0993253 -0.32589 -0.940176 8.73475 -0.169626 0.925473 -0.338714 0.184617 0.98049 0.193121 0.0366435 -47.1729 0 0 0 1 
				6
				0.11839 -0.350367 -0.9291 8.73524 -0.221687 0.902737 -0.368674 0.160304 0.967904 0.249616 0.0292034 -47.3627 0 0 0 1 
				7
				0.137906 -0.358683 -0.923216 8.73671 -0.273551 0.882073 -0.383559 -1.41426e-05 0.95192 0.305442 0.0235248 -47.3849 0 0 0 1 
				8
				0.154547 -0.349514 -0.924097 8.73297 -0.326134 0.864858 -0.381652 0.255581 0.932605 0.360362 0.0196725 -47.2152 0 0 0 1 
				9
				0.166227 -0.325572 -0.930791 8.72865 -0.379717 0.849999 -0.365125 0.375124 0.910046 0.414131 0.0176671 -46.878 0 0 0 1 
				10
				0.171931 -0.290608 -0.941269 8.72798 -0.434023 0.835414 -0.337205 0.390497 0.884344 0.466508 0.0175027 -46.4123 0 0 0 1 
				11
				0.171455 -0.248275 -0.953395 8.73034 -0.488395 0.819024 -0.301114 0.333463 0.855613 0.517261 0.0191689 -45.8574 0 0 0 1 
				12
				0.165386 -0.202047 -0.965311 8.73355 -0.541942 0.799148 -0.260118 0.234742 0.823982 0.566162 0.0226702 -45.2511 0 0 0 1 
				13
				0.155122 -0.155249 -0.97562 8.73581 -0.593701 0.774686 -0.217672 0.125067 0.789592 0.612993 0.0279991 -44.6313 0 0 0 1 
				14
				0.142889 -0.111012 -0.983493 8.73663 -0.64279 0.745194 -0.177504 0.0362178 0.752598 0.657543 0.0351227 -44.0373 0 0 0 1 
				15
				0.131636 -0.0720001 -0.98868 8.73671 -0.688527 0.710883 -0.143442 -1.38021e-05 0.713163 0.699615 0.0440035 -43.508 0 0 0 1 
		</Joint>
			9
				-1
				-0.0189848 0.116042 -0.993063 9.6514 -0.956361 -0.291762 -0.01581 0.482383 -0.291572 0.949426 0.116517 -36.4395 0 0 0 1 
				0
				0.0346533 0.116129 -0.99263 9.48905 -0.947936 -0.310794 -0.0694532 0.187245 -0.316569 0.943356 0.0993128 -36.7503 0 0 0 1 
				1
				0.0923693 0.121925 -0.988232 9.38339 -0.935272 -0.329925 -0.128124 -0.0700534 -0.341664 0.9361 0.0835583 -37.1553 0 0 0 1 
				2
				0.1502 0.13262 -0.97972 9.34036 -0.918099 -0.348935 -0.187987 -0.316509 -0.366789 0.927716 0.0693481 -37.6156 0 0 0 1 
				3
				0.204366 0.147027 -0.96779 9.36066 -0.897049 -0.367618 -0.245277 -0.576616 -0.39184 0.918281 0.0567617 -38.092 0 0 0 1 
				4
				0.251536 0.163666 -0.95391 9.44001 -0.873485 -0.386094 -0.296573 -0.875233 -0.416837 0.907824 0.0458433 -38.5467 0 0 0 1 
				5
				0.288785 0.180757 -0.940176 9.5686 -0.849379 -0.404757 -0.338714 -1.23941 -0.441768 0.896381 0.0366435 -38.9416 0 0 0 1 
				6
				0.313526 0.196149 -0.9291 9.72913 -0.827076 -0.424293 -0.368673 -1.70078 -0.466526 0.884025 0.0292034 -39.237 0 0 0 1 
				7
				0.323524 0.207373 -0.923216 9.89444 -0.80883 -0.44573 -0.383559 -2.2965 -0.491045 0.870816 0.0235249 -39.3935 0 0 0 1 
				8
				0.317753 0.212315 -0.924097 10.0304 -0.79594 -0.469917 -0.381652 -2.48234 -0.515279 0.856797 0.0196725 -39.3859 0 0 0 1 
				9
				0.298668 0.210774 -0.930791 10.1241 -0.787465 -0.496571 -0.365125 -2.81264 -0.539162 0.842016 0.0176671 -39.2381 0 0 0 1 
				10
				0.269521 0.203401 -0.941269 10.1714 -0.781541 -0.524868 -0.337205 -3.25317 -0.56263 0.826524 0.0175027 -38.9882 0 0 0 1 
				11
				0.233395 0.191217 -0.953395 10.1697 -0.776261 -0.553849 -0.301114 -3.76666 -0.585615 0.810362 0.0191689 -38.6744 0 0 0 1 
				12
				0.193217 0.175621 -0.965311 10.122 -0.770029 -0.582575 -0.260118 -4.31491 -0.608048 0.793576 0.0226702 -38.3337 0 0 0 1 
				13
				0.151872 0.15843 -0.97562 10.0381 -0.761717 -0.61025 -0.217672 -4.85911 -0.629859 0.776205 0.0279991 -38.0026 0 0 0 1 
				14
				0.11225 0.141919 -0.983493 9.9362 -0.750754 -0.636287 -0.177504 -5.36006 -0.650975 0.758286 0.0351227 -37.7192 0 0 0 1 
				15
				0.0770686 0.128734 -0.98868 9.8418 -0.737141 -0.660339 -0.143442 -5.78026 -0.67133 0.739851 0.0440035 -37.521 0 0 0 1 
		</Joint>
			10
				-1
				-0.0189848 -0.99297 -0.116833 9.48309 -0.956361 -0.0160423 0.291749 -7.99669 -0.291572 0.117273 -0.949333 -39.0246 0 0 0 1 
				0
				0.0346533 -0.992537 -0.116919 9.79628 -0.947936 -0.0697007 0.310738 -8.21713 -0.316568 0.100064 -0.943277 -39.557 0 0 0 1 
				1
				0.0923693 -0.988134 -0.122712 10.2023 -0.935272 -0.128387 0.329823 -8.36215 -0.341664 0.0843037 -0.936033 -40.1844 0 0 0 1 
				2
				0.1502 -0.979615 -0.1334 10.672 -0.918099 -0.188264 0.348785 -8.45635 -0.366789 0.0700868 -0.92766 -40.8675 0 0 0 1 
				3
				0.204366 -0.967673 -0.147798 11.1726 -0.897049 -0.245569 0.367423 -8.52982 -0.39184 0.0574929 -0.918235 -41.5661 0 0 0 1 
				4
				0.251536 -0.953779 -0.164425 11.6701 -0.873485 -0.29688 0.385857 -8.61953 -0.416837 0.0465662 -0.907788 -42.2424 0 0 0 1 
				5
				0.288785 -0.940032 -0.181506 12.129 -0.849379 -0.339036 0.404488 -8.76998 -0.441768 0.0373572 -0.896351 -42.8583 0 0 0 1 
				6
				0.313526 -0.928944 -0.196889 12.5088 -0.827076 -0.369011 0.423999 -9.03361 -0.466526 0.0299073 -0.884002 -43.3732 0 0 0 1 
				7
				0.323524 -0.923051 -0.208108 12.7628 -0.80883 -0.383914 0.445425 -9.46757 -0.491045 0.0242183 -0.870798 -43.7471 0 0 0 1 
				8
				0.317753 -0.923928 -0.213051 12.8476 -0.79594 -0.382026 0.469613 -9.53912 -0.515279 0.0203548 -0.856781 -43.9544 0 0 0 1 
				9
				0.298668 -0.930623 -0.211515 12.7721 -0.787465 -0.36552 0.49628 -9.79428 -0.539162 0.0183375 -0.842002 -44.0183 0 0 0 1 
				10
				0.269521 -0.941106 -0.20415 12.5609 -0.781541 -0.337623 0.5246 -10.1823 -0.56263 0.0181608 -0.82651 -43.9764 0 0 0 1 
				11
				0.233395 -0.953243 -0.191976 12.239 -0.776261 -0.301555 0.553609 -10.649 -0.585615 0.0198142 -0.810347 -43.8665 0 0 0 1 
				12
				0.193217 -0.965171 -0.17639 11.835 -0.770029 -0.260582 0.582368 -11.142 -0.608048 0.0233021 -0.793558 -43.7246 0 0 0 1 
				13
				0.151872 -0.975494 -0.159207 11.3846 -0.761717 -0.218158 0.610077 -11.6125 -0.629859 0.0286172 -0.776182 -43.587 0 0 0 1 
				14
				0.11225 -0.98338 -0.142702 10.9314 -0.750754 -0.17801 0.636145 -12.0162 -0.650975 0.0357265 -0.758257 -43.4907 0 0 0 1 
				15
				0.0770686 -0.988577 -0.129521 10.5251 -0.737141 -0.143968 0.660225 -12.3157 -0.67133 0.0445926 -0.739816 -43.4729 0 0 0 1 
		</Joint>
			11
				-1
				-0.946696 0.0871544 -0.310114 -1.76048 0.0828244 0.996195 0.0271293 0.15398 0.311298 -1.7956e-06 -0.950312 -46.9707 0 0 0 1 
				0
				-0.947836 0.0721469 -0.310487 -1.76259 0.0685626 0.997394 0.0224575 0.127459 0.311298 -1.73194e-06 -0.950312 -47.3524 0 0 0 1 
				1
				-0.94907 0.0511088 -0.310891 -1.76489 0.0485698 0.998693 0.0159084 0.0902812 0.311298 -1.69278e-06 -0.950312 -47.7991 0 0 0 1 
				2
				-0.949949 0.0276632 -0.311179 -1.76652 0.0262892 0.999617 0.00860993 0.0488493 0.311298 -1.64453e-06 -0.950312 -48.2714 0 0 0 1 
				3
				-0.950298 0.00545277 -0.311293 -1.76716 0.00518232 0.999985 0.00169593 0.00960042 0.311297 -1.58135e-06 -0.950312 -48.7302 0 0 0 1 
				4
				-0.950244 -0.0119887 -0.311275 -1.76706 -0.0113926 0.999928 -0.0037335 -0.0212206 0.311297 -1.51561e-06 -0.950313 -49.1377 0 0 0 1 
				5
				-0.9501 -0.0211345 -0.311228 -1.76679 -0.0200839 0.999777 -0.00658048 -0.0373812 0.311297 -1.44132e-06 -0.950313 -49.4559 0 0 0 1 
				6
				-0.950153 -0.0183515 -0.311245 -1.76688 -0.0174392 0.999832 -0.00571407 -0.0324615 0.311297 -1.36703e-06 -0.950313 -49.6457 0 0 0 1 
				7
				-0.950312 -1.33628e-06 -0.311297 -1.76718 -8.75224e-07 1 -1.62077e-06 -3.15609e-05 0.311297 -1.26778e-06 -0.950313 -49.668 0 0 0 1 
				8
				-0.949906 -0.0292567 -0.311164 -1.76642 -0.0278026 0.999572 -0.00910872 -0.051731 0.311297 -1.27445e-06 -0.950313 -49.4983 0 0 0 1 
				9
				-0.949436 -0.0429394 -0.31101 -1.76555 -0.0408055 0.999078 -0.0133681 -0.0759109 0.311297 -1.26813e-06 -0.950313 -49.161 0 0 0 1 
				10
				-0.949363 -0.0446991 -0.310986 -1.76541 -0.0424777 0.999 -0.0139159 -0.0790204 0.311297 -1.27915e-06 -0.950313 -48.6953 0 0 0 1 
				11
				-0.94962 -0.038171 -0.31107 -1.76589 -0.036274 0.999271 -0.0118837 -0.0674841 0.311297 -1.26919e-06 -0.950312 -48.1404 0 0 0 1 
				12
				-0.949969 -0.0268714 -0.311185 -1.76654 -0.0255358 0.999639 -0.0083662 -0.0475156 0.311297 -1.27422e-06 -0.950313 -47.5341 0 0 0 1 
				13
				-0.950215 -0.014318 -0.311265 -1.767 -0.0136062 0.999897 -0.00445836 -0.0253315 0.311297 -1.26725e-06 -0.950313 -46.9144 0 0 0 1 
				14
				-0.950304 -0.0041484 -0.311294 -1.76717 -0.00394188 0.999991 -0.00129259 -0.00735988 0.311297 -1.2686e-06 -0.950313 -46.3203 0 0 0 1 
				15
				-0.950312 -1.33628e-06 -0.311297 -1.76718 -8.75224e-07 1 -1.62077e-06 -3.12204e-05 0.311297 -1.26778e-06 -0.950313 -45.7911 0 0 0 1 
		</Joint>
			12
				-1
				0.237444 0.519483 -0.820827 -8.70343 0.493742 0.663161 0.562527 0.761403 0.836564 -0.538846 -0.0990273 -44.6876 0 0 0 1 
				0
				0.209563 0.458926 -0.863407 -8.7139 0.530211 0.688588 0.494695 0.630288 0.821559 -0.561457 -0.0990245 -45.0694 0 0 0 1 
				1
				0.17374 0.39311 -0.902928 -8.72525 0.565922 0.710505 0.418228 0.446486 0.805945 -0.58365 -0.0990268 -45.5161 0 0 0 1 
				2
				0.13171 0.324997 -0.936498 -8.73332 0.599148 0.726539 0.336398 0.241651 0.789731 -0.605408 -0.0990288 -45.9884 0 0 0 1 
				3
				0.0858134 0.257895 -0.962355 -8.73653 0.628663 0.735334 0.253115 0.0476069 0.772929 -0.626717 -0.0990273 -46.4472 0 0 0 1 
				4
				0.0388043 0.19514 -0.980008 -8.73603 0.653938 0.736605 0.172566 -0.104772 0.755553 -0.64756 -0.0990256 -46.8547 0 0 0 1 
				5
				-0.00622818 0.139922 -0.990143 -8.73471 0.675194 0.730961 0.0990487 -0.184674 0.737614 -0.667921 -0.0990271 -47.1729 0 0 0 1 
				6
				-0.0459235 0.095159 -0.994402 -8.73519 0.693359 0.71965 0.036846 -0.160359 0.719128 -0.687785 -0.0990282 -47.3627 0 0 0 1 
				7
				-0.0768189 0.063289 -0.995034 -8.73665 0.709894 0.704237 -0.0100126 -3.79797e-05 0.700106 -0.707138 -0.0990272 -47.385 0 0 0 1 
				8
				-0.0963544 0.0453033 -0.994316 -8.73292 0.726325 0.686237 -0.0391181 -0.255632 0.680564 -0.725966 -0.0990269 -47.2153 0 0 0 1 
				9
				-0.105272 0.0387885 -0.993687 -8.7286 0.743395 0.666771 -0.0527283 -0.375173 0.660516 -0.744253 -0.0990272 -46.878 0 0 0 1 
				10
				-0.105516 0.0405065 -0.993592 -8.72792 0.761115 0.646325 -0.0544783 -0.390546 0.639976 -0.761987 -0.0990276 -46.4123 0 0 0 1 
				11
				-0.0992833 0.0474531 -0.993927 -8.73029 0.779121 0.625034 -0.0479853 -0.333513 0.618961 -0.779154 -0.0990272 -45.8574 0 0 0 1 
				12
				-0.0889482 0.056963 -0.994406 -8.7335 0.796931 0.602952 -0.0367452 -0.234792 0.597485 -0.795742 -0.099027 -45.2511 0 0 0 1 
				13
				-0.0771466 0.0666573 -0.994789 -8.73576 0.814109 0.580206 -0.0242571 -0.125117 0.575565 -0.811738 -0.0990272 -44.6314 0 0 0 1 
				14
				-0.0668594 0.0744055 -0.994984 -8.73658 0.830349 0.557064 -0.014139 -0.0362692 0.553217 -0.82713 -0.0990275 -44.0373 0 0 0 1 
				15
				-0.0612997 0.0784155 -0.995034 -8.73665 0.845492 0.533895 -0.0100125 -3.76392e-05 0.530458 -0.841907 -0.0990273 -43.508 0 0 0 1 
		</Joint>
			13
				-1
				-0.535494 0.198718 -0.820827 -6.71007 -0.697576 0.443793 0.562526 4.90642 0.476062 0.873819 -0.0990273 -37.6646 0 0 0 1 
				0
				-0.47766 0.162388 -0.863407 -6.9546 -0.73838 0.458336 0.494696 5.08146 0.476063 0.873818 -0.0990245 -38.1724 0 0 0 1 
				1
				-0.412063 0.122169 -0.902928 -7.26669 -0.776897 0.470655 0.418228 5.19745 0.476062 0.873818 -0.0990268 -38.7501 0 0 0 1 
				2
				-0.34145 0.0798915 -0.936498 -7.6276 -0.810418 0.479644 0.336398 5.27155 0.476061 0.873818 -0.0990288 -39.3585 0 0 0 1 
				3
				-0.269185 0.0375928 -0.962355 -8.01612 -0.837201 0.484797 0.253115 5.32529 0.476062 0.873819 -0.0990273 -39.9584 0 0 0 1 
				4
				-0.198942 -0.00267436 -0.980008 -8.41027 -0.856614 0.486245 0.172566 5.38509 0.476062 0.873819 -0.0990256 -40.5117 0 0 0 1 
				5
				-0.134548 -0.038907 -0.990143 -8.78699 -0.869058 0.484694 0.0990487 5.48364 0.476062 0.873819 -0.0990271 -40.9805 0 0 0 1 
				6
				-0.0798595 -0.0691858 -0.994402 -9.12072 -0.875778 0.481305 0.0368461 5.66045 0.476062 0.873818 -0.0990282 -41.3256 0 0 0 1 
				7
				-0.0385377 -0.0917686 -0.995034 -9.38156 -0.878567 0.477514 -0.0100126 5.95959 0.476062 0.873818 -0.0990272 -41.5075 0 0 0 1 
				8
				-0.0128185 -0.105699 -0.994316 -9.54182 -0.879319 0.474625 -0.0391181 5.84193 0.476062 0.873819 -0.0990269 -41.5019 0 0 0 1 
				9
				-0.000778278 -0.112187 -0.993687 -9.61236 -0.879411 0.473133 -0.0527281 5.8657 0.476062 0.873818 -0.0990272 -41.3329 0 0 0 1 
				10
				0.000770572 -0.113021 -0.993592 -9.61373 -0.879412 0.472935 -0.0544783 5.99909 0.476062 0.873819 -0.0990276 -41.0397 0 0 0 1 
				11
				-0.00497517 -0.109928 -0.993927 -9.56378 -0.879398 0.473663 -0.0479852 6.20728 0.476062 0.873818 -0.0990272 -40.6612 0 0 0 1 
				12
				-0.0149169 -0.104566 -0.994406 -9.48023 -0.879285 0.474876 -0.0367452 6.45552 0.476062 0.873819 -0.099027 -40.2352 0 0 0 1 
				13
				-0.0259556 -0.0985957 -0.994789 -9.38341 -0.879029 0.476151 -0.0242571 6.7094 0.476062 0.873819 -0.0990272 -39.7994 0 0 0 1 
				14
				-0.034894 -0.0937484 -0.994984 -9.29787 -0.878719 0.477129 -0.014139 6.93459 0.476062 0.873819 -0.0990275 -39.393 0 0 0 1 
				15
				-0.0385378 -0.0917687 -0.995034 -9.25127 -0.878567 0.477514 -0.0100125 7.09794 0.476062 0.873818 -0.0990272 -39.0548 0 0 0 1 
		</Joint>
			14
				-1
				-0.535494 0.820986 0.198065 -11.4577 -0.697576 -0.562173 0.444241 -1.27827 0.476062 0.0997231 0.87374 -33.4439 0 0 0 1 
				0
				-0.470123 0.863552 0.182382 -11.1895 -0.717685 -0.494305 0.490501 -1.465 0.513725 0.0997031 0.852142 -33.9516 0 0 0 1 
				1
				-0.399847 0.903053 0.156899 -10.92 -0.73292 -0.417801 0.536908 -1.6905 0.550409 0.0996868 0.828923 -34.5293 0 0 0 1 
				2
				-0.328101 0.936597 0.12303 -10.6549 -0.740879 -0.335935 0.581589 -1.9136 0.586045 0.0996692 0.804125 -35.1377 0 0 0 1 
				3
				-0.258567 0.962421 0.0829988 -10.4027 -0.740297 -0.252619 0.623012 -2.09731 0.620566 0.0996466 0.777797 -35.7376 0 0 0 1 
				4
				-0.194806 0.98004 0.0396677 -10.1741 -0.731066 -0.172041 0.660261 -2.20962 0.653907 0.0996228 0.749988 -36.291 0 0 0 1 
				5
				-0.140034 0.99014 -0.003546 -9.9799 -0.713998 -0.0984967 0.693186 -2.22141 0.686002 0.099601 0.720751 -36.7598 0 0 0 1 
				6
				-0.096968 0.994368 -0.0427612 -9.82875 -0.690513 -0.0362708 0.72241 -2.10417 0.71679 0.0995778 0.690142 -37.1048 0 0 0 1 
				7
				-0.0676003 0.994976 -0.0738459 -9.72323 -0.662263 0.0106092 0.749196 -1.82976 0.746215 0.0995514 0.658219 -37.2868 0 0 0 1 
				8
				-0.052292 0.994242 -0.0935393 -9.65547 -0.630753 0.0397352 0.774966 -1.95408 0.77422 0.0995247 0.625043 -37.2811 0 0 0 1 
				9
				-0.0481179 0.993606 -0.102139 -9.61926 -0.597063 0.0533654 0.800417 -1.93114 0.80075 0.0994976 0.590677 -37.1122 0 0 0 1 
				10
				-0.0515038 0.993512 -0.101398 -9.6069 -0.56167 0.0551357 0.825522 -1.79775 0.825756 0.0994697 0.555187 -36.8189 0 0 0 1 
				11
				-0.0592728 0.993853 -0.0935045 -9.60789 -0.524749 0.0486619 0.849865 -1.58944 0.849191 0.0994403 0.518639 -36.4404 0 0 0 1 
				12
				-0.068764 0.994342 -0.080967 -9.61248 -0.486431 0.0374403 0.872916 -1.3402 0.871009 0.0994101 0.481104 -36.0144 0 0 0 1 
				13
				-0.0778138 0.994736 -0.0666694 -9.61353 -0.446949 0.0249692 0.894211 -1.08405 0.891169 0.0993797 0.442653 -35.5787 0 0 0 1 
				14
				-0.0847537 0.994942 -0.0539257 -9.60724 -0.406677 0.0148663 0.913451 -0.856113 0.909632 0.0993487 0.40336 -35.1722 0 0 0 1 
				15
				-0.0885094 0.994998 -0.0463196 -9.59294 -0.366081 0.0107535 0.930521 -0.691408 0.926364 0.0993166 0.363298 -34.8341 0 0 0 1 
		</Joint>
			15
				-1
				0.202202 -0.303987 0.930971 4.5376 -0.408258 -0.890234 -0.202013 -3.17725 0.890191 -0.339229 -0.304112 -26.0726 0 0 0 1 
				0
				0.205401 -0.210638 0.955742 4.77842 -0.373204 -0.91963 -0.122473 -2.80206 0.904726 -0.33153 -0.267504 -26.4544 0 0 0 1 
				1
				0.201644 -0.106447 0.973657 5.00269 -0.341966 -0.939172 -0.0318556 -2.37862 0.917823 -0.326534 -0.22578 -26.9011 0 0 0 1 
				2
				0.192848 0.00251538 0.981225 5.19415 -0.315345 -0.946789 0.0644045 -1.925 0.929175 -0.321845 -0.181794 -27.3734 0 0 0 1 
				3
				0.181092 0.109803 0.977317 5.34274 -0.292943 -0.942616 0.160185 -1.46285 0.938824 -0.315307 -0.138534 -27.8322 0 0 0 1 
				4
				0.168107 0.209334 0.963286 5.44551 -0.273181 -0.929027 0.249563 -1.01547 0.94716 -0.305105 -0.0989898 -28.2397 0 0 0 1 
				5
				0.155042 0.295738 0.942604 5.50605 -0.253461 -0.910296 0.327291 -0.606803 0.95484 -0.289657 -0.0661762 -28.5579 0 0 0 1 
				6
				0.142479 0.364451 0.920258 5.53324 -0.230371 -0.892 0.388928 -0.260792 0.962616 -0.267414 -0.0431327 -28.7477 0 0 0 1 
				7
				0.130827 0.411717 0.901872 5.53938 -0.20005 -0.880015 0.430759 7.36871e-06 0.971012 -0.236775 -0.0327655 -28.77 0 0 0 1 
				8
				0.120778 0.435762 0.891922 5.53701 -0.159338 -0.878339 0.450702 0.162064 0.979808 -0.196552 -0.0366502 -28.6003 0 0 0 1 
				9
				0.113105 0.440029 0.890832 5.53428 -0.108365 -0.885774 0.451289 0.237858 0.987656 -0.147578 -0.0525017 -28.263 0 0 0 1 
				10
				0.108997 0.429096 0.896658 5.53385 -0.0489863 -0.898618 0.435989 0.247605 0.992834 -0.0914452 -0.0769265 -27.7973 0 0 0 1 
				11
				0.109436 0.407436 0.906653 5.53535 0.0162671 -0.912743 0.408209 0.211444 0.993861 -0.0299243 -0.106515 -27.2424 0 0 0 1 
				12
				0.114607 0.379539 0.91805 5.53738 0.0845234 -0.924513 0.37166 0.148851 0.989809 0.0350019 -0.138035 -26.6361 0 0 0 1 
				13
				0.123467 0.350095 0.928542 5.53882 0.152835 -0.931245 0.330792 0.0793131 0.980509 0.101072 -0.168485 -26.0164 0 0 0 1 
				14
				0.133515 0.323937 0.93661 5.53934 0.218481 -0.931441 0.291004 0.0229798 0.966664 0.165778 -0.195135 -25.4223 0 0 0 1 
				15
				0.14095 0.305598 0.94167 5.53938 0.279284 -0.924808 0.258322 7.70954e-06 0.949807 0.226582 -0.215701 -24.8931 0 0 0 1 
		</Joint>
			16
				-1
				0.34424 -0.121623 0.930971 7.09856 0.208216 -0.956994 -0.202013 -8.34799 0.915503 0.263385 -0.304112 -14.7981 0 0 0 1 
				0
				0.290071 -0.049161 0.955742 7.3799 0.240334 -0.962933 -0.122473 -7.52882 0.926336 0.265223 -0.267504 -14.9958 0 0 0 1 
				1
				0.226193 0.0287783 0.973657 7.55659 0.259914 -0.965106 -0.0318556 -6.70974 0.938766 0.260272 -0.22578 -15.2765 0 0 0 1 
				2
				0.158523 0.109851 0.981225 7.63664 0.267558 -0.961387 0.0644046 -5.91896 0.950412 0.252325 -0.181794 -15.605 0 0 0 1 
				3
				0.0923688 0.190575 0.977317 7.63633 0.266228 -0.950507 0.160186 -5.17308 0.959474 0.245393 -0.138534 -15.9417 0 0 0 1 
				4
				0.0315495 0.266618 0.963286 7.57465 0.260929 -0.932542 0.249563 -4.4754 0.964842 0.243476 -0.0989898 -16.2436 0 0 0 1 
				5
				-0.0218546 0.333199 0.942603 7.46971 0.258228 -0.908955 0.327291 -3.81698 0.965837 0.250559 -0.0661762 -16.4645 0 0 0 1 
				6
				-0.0672095 0.385497 0.920258 7.33779 0.265683 -0.882127 0.388928 -3.17852 0.961715 0.270636 -0.0431327 -16.5558 0 0 0 1 
				7
				-0.104437 0.41919 0.901872 7.19636 0.290995 -0.854265 0.430759 -2.5337 0.951007 0.307427 -0.0327655 -16.4718 0 0 0 1 
				8
				-0.133221 0.43212 0.891922 7.06671 0.339361 -0.825652 0.450702 -1.85601 0.931174 0.362727 -0.0366503 -16.1906 0 0 0 1 
				9
				-0.153678 0.427552 0.890832 6.96679 0.408052 -0.793619 0.451289 -1.13462 0.899931 0.432859 -0.0525017 -15.754 0 0 0 1 
				10
				-0.165242 0.410729 0.896658 6.91433 0.49078 -0.754354 0.435989 -0.372823 0.855471 0.512105 -0.0769265 -15.2227 0 0 0 1 
				11
				-0.167616 0.38715 0.906653 6.9214 0.580248 -0.704754 0.408209 0.417473 0.797005 0.594506 -0.106515 -14.6548 0 0 0 1 
				12
				-0.161814 0.361941 0.91805 6.98892 0.669098 -0.643566 0.37166 1.21937 0.725344 0.674405 -0.138035 -14.0998 0 0 0 1 
				13
				-0.150723 0.339254 0.928542 7.10257 0.7507 -0.571862 0.330792 2.01503 0.64322 0.746914 -0.168485 -13.5979 0 0 0 1 
				14
				-0.139074 0.321589 0.93661 7.23035 0.819958 -0.492936 0.291004 2.79012 0.555272 0.808452 -0.195135 -13.1792 0 0 0 1 
				15
				-0.132671 0.309282 0.94167 7.32457 0.873987 -0.411602 0.258322 3.53724 0.467488 0.857279 -0.215701 -12.8634 0 0 0 1 
		</Joint>
			17
				-1
				-4.90692e-07 -0.0714316 0.997446 11.4585 1.91035e-06 -0.997446 -0.0714316 -5.71086 1 1.87042e-06 6.25898e-07 -3.20289 0 0 0 1 
				0
				-0.00150469 -0.087147 0.996194 11.0538 -0.0040427 -0.996187 -0.0871525 -4.4849 0.999991 -0.00415845 0.00114665 -3.2634 0 0 0 1 
				1
