<?xml version='1.0' encoding='UTF-8' ?>
<itpanim>
	<skeleton count>
		25
			0 -1
			1.37091e-06 -1 -6.12323e-17 1e-06 1 1.37091e-06 -6.12323e-17 -1.37266e-12 6.12323e-17 -6.12323e-17 1 28.5847 0 0 0 1 
			1 0
			1.3868e-06 -2.28068e-12 -1 -28.5847 2.75771e-06 -1 6.10495e-12 1.00011e-06 -1 -2.75771e-06 -1.3868e-06 -3.96413e-05 0 0 0 1 
			2 1
			-0.000205999 -0.000823318 -1 -32.3694 -1.2413e-06 -1 0.000823318 0.0334634 -1 1.41091e-06 0.000205998 0.006668 0 0 0 1 
			3 2
			-0.000383998 -0.00100932 -0.999999 -40.926 -1.01137e-06 -0.999999 0.00100932 0.0478891 -1 1.39895e-06 0.000383997 0.0139528 0 0 0 1 
			4 3
			-0.000383998 -0.00100932 -0.999999 -49.4827 -1.01137e-06 -0.999999 0.00100932 0.0505055 -1 1.39895e-06 0.000383997 0.0139528 0 0 0 1 
			5 4
			1.34309e-06 9.82436e-13 -1 -52.7685 -1.40269e-06 -1 -2.86637e-12 -0.00275479 -1 1.40269e-06 -1.34309e-06 -0.00638105 0 0 0 1 
			6 5
			1 -0 0 0 0 1 0 0 -0 -0 1 -0 0 0 0 1 
			7 4
			0.950432 6.75818e-05 0.310933 13.7112 -1.42282e-06 1 -0.000213002 -0.00848516 -0.310933 0.000202002 0.950432 47.5785 0 0 0 1 
			8 7
			0.476976 0.0235792 0.8786 37.3074 0.0457757 0.997617 -0.0516241 -2.835 -0.877724 0.064842 0.47476 30.0749 0 0 0 1 
			9 8
			0.476835 0.0205565 0.878752 28.9208 0.0472206 0.997684 -0.0489619 -2.74739 -0.877724 0.064842 0.47476 30.0749 0 0 0 1 
			10 9
			0.476835 0.0205565 0.878752 20.0548 -0.877686 0.0656364 0.474721 30.0727 -0.0479195 -0.997632 0.0493399 2.77133 0 0 0 1 
			11 4
			-0.950193 6.50589e-05 0.311663 13.7378 -1.39561e-06 1 -0.000213002 -0.00848516 -0.311663 -0.000202828 -0.950193 -47.5698 0 0 0 1 
			12 11
			-0.476976 0.0235779 0.8786 37.2976 -0.0457784 0.997617 -0.0516241 -2.83503 -0.877723 -0.0648444 -0.47476 -30.0791 0 0 0 1 
			13 12
			-0.476835 0.0205552 0.878752 28.9109 -0.0472234 0.997684 -0.0489619 -2.74745 -0.877723 -0.0648444 -0.47476 -30.0791 0 0 0 1 
			14 13
			-0.476835 0.0205552 0.878752 20.045 0.877685 0.0656388 0.474721 30.0769 -0.0479222 0.997632 -0.0493399 -2.7714 0 0 0 1 
			15 2
			1.37369e-06 -0.0998331 0.995004 28.4419 0 -0.995004 -0.0998331 -2.8537 1 1.3714e-07 -1.36683e-06 -5.53938 0 0 0 1 
			16 15
			1.37369e-06 0.0998335 0.995004 16.029 0 -0.995004 0.0998335 0.337498 1 -1.3714e-07 -1.36683e-06 -5.53938 0 0 0 1 
			17 16
			1.3716e-06 -6.00745e-14 1 3.38056 0 -1 -6.00745e-14 5.01e-06 1 8.23984e-20 -1.3716e-06 -5.53938 0 0 0 1 
			18 17
			1.3716e-06 -1 -6.12323e-17 -7.15885 0 6.12323e-17 -1 -0.467524 1 1.3716e-06 8.39865e-23 -5.53938 0 0 0 1 
			19 18
			1 -0 0 0 0 1 0 0 -0 -0 1 -0 0 0 0 1 
			20 2
			1.37369e-06 -0.0998331 0.995004 28.4419 0 -0.995004 -0.0998331 -2.8537 1 1.3714e-07 -1.36683e-06 5.53939 0 0 0 1 
			21 20
			1.37369e-06 0.0998335 0.995004 16.029 0 -0.995004 0.0998335 0.337498 1 -1.3714e-07 -1.36683e-06 5.53939 0 0 0 1 
			22 21
			1.3716e-06 -6.00745e-14 1 3.38056 0 -1 -6.00745e-14 5.01e-06 1 8.23984e-20 -1.3716e-06 5.53939 0 0 0 1 
			23 22
			1.3716e-06 -1 -6.12323e-17 -7.15885 0 6.12323e-17 -1 -0.467524 1 1.3716e-06 8.39865e-23 5.53939 0 0 0 1 
			24 23
			1 -0 0 0 0 1 0 0 -0 -0 1 -0 0 0 0 1 
	</skeleton>
		<animations>
			49
			0
				-1
				-0.573575 0.819153 -2.02144e-33 0 -0.819153 -0.573575 -1.36318e-32 8.9233e-07 -1.2326e-32 -6.16298e-33 1 -26.3125 0 0 0 1 
				0
				-0.576008 0.817444 0 7.81572e-10 -0.817444 -0.576008 -0 0.0178812 -0 -0 1 -26.3841 0 0 0 1 
				1
				-0.582661 0.812715 1.41782e-33 2.92724e-09 -0.812715 -0.582661 -8.59967e-33 0.0669683 -6.16298e-33 -6.16298e-33 1 -26.4789 0 0 0 1 
				2
				-0.592484 0.805582 -7.30293e-33 6.11834e-09 -0.805582 -0.592484 -9.92957e-33 0.139972 -1.2326e-32 -0 1 -26.5915 0 0 0 1 
				3
				-0.604424 0.796663 -1.18476e-33 1.00362e-08 -0.796663 -0.604424 8.63486e-33 0.229603 6.16298e-33 6.16298e-33 1 -26.7165 0 0 0 1 
				4
				-0.617482 0.786585 4.8477e-33 1.43723e-08 -0.786585 -0.617482 -3.80553e-33 0.328801 -0 -6.16298e-33 1 -26.8486 0 0 0 1 
				5
				-0.630696 0.77603 0 1.88179e-08 -0.77603 -0.630696 -0 0.430505 -0 -0 1 -26.9825 0 0 0 1 
				6
				-0.64312 0.765765 4.71939e-33 2.30545e-08 -0.765765 -0.64312 -3.96353e-33 0.527426 -0 -6.16298e-33 1 -27.113 0 0 0 1 
				7
				-0.65386 0.756616 -6.33282e-34 2.67633e-08 -0.756616 -0.65386 8.69273e-33 0.612274 6.16298e-33 6.16298e-33 1 -27.2344 0 0 0 1 
				8
				-0.662088 0.749426 -7.62261e-33 2.96358e-08 -0.749426 -0.662088 -1.79365e-32 0.677988 -1.84889e-32 -6.16298e-33 1 -27.3416 0 0 0 1 
				9
				-0.666999 0.745059 -3.62961e-33 3.13632e-08 -0.745059 -0.666999 -1.32943e-32 0.717508 -1.2326e-32 -6.16298e-33 1 -27.4292 0 0 0 1 
				10
				-0.667746 0.744389 8.70296e-33 3.16271e-08 -0.744389 -0.667746 4.72347e-34 0.723545 6.16298e-33 -6.16298e-33 1 -27.492 0 0 0 1 
				11
				-0.663436 0.748233 -8.70008e-33 3.01087e-08 -0.748233 -0.663436 -5.22606e-34 0.688808 -6.16298e-33 6.16298e-33 1 -27.5244 0 0 0 1 
				12
				-0.6531 0.757272 -4.66705e-33 2.64994e-08 -0.757272 -0.6531 4.02504e-33 0.606237 -0 6.16298e-33 1 -27.5212 0 0 0 1 
				13
				-0.635621 0.772001 0 2.04907e-08 -0.772001 -0.635621 -0 0.468773 -0 -0 1 -27.4772 0 0 0 1 
				14
				-0.609646 0.792673 -2.62925e-33 1.17637e-08 -0.792673 -0.609646 -1.35277e-32 0.269124 -1.2326e-32 -6.16298e-33 1 -27.3868 0 0 0 1 
				15
				-0.573575 0.819153 -2.02144e-33 0 -0.819153 -0.573575 -1.36318e-32 8.9233e-07 -1.2326e-32 -6.16298e-33 1 -27.2447 0 0 0 1 
				16
				-0.496519 0.868026 0 -2.3995e-08 -0.868026 -0.496519 -0 -0.54894 -0 -0 1 -26.9039 0 0 0 1 
				17
				-0.3548 0.934942 1.49223e-33 -6.52356e-08 -0.934942 -0.3548 1.26174e-32 -1.49241 1.2326e-32 3.08149e-33 1 -26.2831 0 0 0 1 
				18
				-0.163715 0.986508 1.51996e-33 -1.17349e-07 -0.986508 -0.163715 -2.52242e-34 -2.68462 -0 -1.54074e-33 1 -25.4827 0 0 0 1 
				19
				0.0508849 0.998705 2.42517e-34 -1.73961e-07 -0.998705 0.0508849 -1.23296e-32 -3.97977 -1.2326e-32 3.85186e-34 1 -24.6027 0 0 0 1 
				20
				0.256989 0.966414 0 -2.28902e-07 -0.966414 0.256989 0 -5.23666 -0 -0 1 -23.7404 0 0 0 1 
				21
				0.42509 0.905151 0 -2.75997e-07 -0.905151 0.42509 0 -6.31406 -0 -0 1 -22.9926 0 0 0 1 
				22
				0.53468 0.845055 3.29522e-33 -3.08874e-07 -0.845055 0.53468 -5.20805e-33 -7.0662 -6.16298e-33 -0 1 -22.4596 0 0 0 1 
				23
				0.573578 0.819151 -5.04841e-33 -3.2116e-07 -0.819151 0.573578 -3.53494e-33 -7.34728 -0 6.16298e-33 1 -22.2417 0 0 0 1 
				24
				0.570174 0.821524 0 -3.20069e-07 -0.821524 0.570174 0 -7.32232 -0 -0 1 -22.2288 0 0 0 1 
				25
				0.560182 0.82837 -6.75806e-33 -3.16885e-07 -0.82837 0.560182 -1.201e-32 -7.24948 -6.16298e-33 1.2326e-32 1 -22.2469 0 0 0 1 
				26
				0.543893 0.839154 0 -3.1175e-07 -0.839154 0.543893 0 -7.132 -0 -0 1 -22.2941 0 0 0 1 
				27
				0.521535 0.85323 0 -3.04804e-07 -0.85323 0.521535 0 -6.97311 -0 -0 1 -22.3681 0 0 0 1 
				28
				0.493288 0.869866 -7.68181e-33 -2.96186e-07 -0.869866 0.493288 -1.14412e-32 -6.77595 -6.16298e-33 1.2326e-32 1 -22.4669 0 0 0 1 
				29
				0.459329 0.888266 3.01814e-33 -2.86033e-07 -0.888266 0.459329 -1.92539e-32 -6.54367 -1.84889e-32 6.16298e-33 1 -22.5886 0 0 0 1 
				30
				0.419879 0.90758 -2.7967e-33 -2.74485e-07 -0.90758 0.419879 -1.29385e-33 -6.27949 -0 3.08149e-33 1 -22.731 0 0 0 1 
				31
				0.375207 0.926941 0 -2.61686e-07 -0.926941 0.375207 0 -5.98667 -0 -0 1 -22.892 0 0 0 1 
				32
				0.325638 0.945495 -2.91353e-33 -2.47771e-07 -0.945495 0.325638 -1.00345e-33 -5.66833 -0 3.08149e-33 1 -23.0695 0 0 0 1 
				33
				0.271578 0.962416 2.58389e-33 -2.32878e-07 -0.962416 0.271578 1.35364e-32 -5.32762 1.2326e-32 -6.16298e-33 1 -23.2616 0 0 0 1 
				34
				0.213539 0.976934 0 -2.17149e-07 -0.976934 0.213539 0 -4.96778 -0 -0 1 -23.466 0 0 0 1 
				35
				0.152125 0.988361 -3.52272e-34 -2.00725e-07 -0.988361 0.152125 1.24169e-32 -4.59205 1.2326e-32 -1.54074e-33 1 -23.6808 0 0 0 1 
				36
				0.0880041 0.99612 -4.50031e-34 -1.83743e-07 -0.99612 0.0880041 -1.24137e-32 -4.20356 -1.2326e-32 1.54074e-33 1 -23.9039 0 0 0 1 
				37
				0.0219174 0.99976 2.70153e-34 -1.66341e-07 -0.99976 0.0219174 -1.2323e-32 -3.80545 -1.2326e-32 -0 1 -24.1333 0 0 0 1 
				38
				-0.0453248 0.998972 3.8479e-34 -1.48661e-07 -0.998972 -0.0453248 -1.74585e-35 -3.40096 -0 -3.85186e-34 1 -24.3667 0 0 0 1 
				39
				-0.112881 0.993609 1.39535e-34 -1.30843e-07 -0.993609 -0.112881 -1.24211e-32 -2.99333 -1.2326e-32 -1.54074e-33 1 -24.6022 0 0 0 1 
				40
				-0.179918 0.983682 0 -1.13025e-07 -0.983682 -0.179918 -0 -2.58571 -0 -0 1 -24.8377 0 0 0 1 
				41
				-0.245623 0.969365 -4.04537e-35 -9.53443e-08 -0.969365 -0.245623 -1.27052e-32 -2.18122 -1.2326e-32 -3.08149e-33 1 -25.0712 0 0 0 1 
				42
				-0.309209 0.950994 2.93048e-33 -7.79424e-08 -0.950994 -0.309209 -9.52825e-34 -1.78311 -0 -3.08149e-33 1 -25.3005 0 0 0 1 
				43
				-0.369956 0.929049 1.16566e-33 -6.09609e-08 -0.929049 -0.369956 -1.37314e-32 -1.39462 -1.2326e-32 -6.16298e-33 1 -25.5236 0 0 0 1 
				44
				-0.427242 0.904137 1.53007e-34 -4.45369e-08 -0.904137 -0.427242 -6.88872e-33 -1.01888 -6.16298e-33 -3.08149e-33 1 -25.7384 0 0 0 1 
				45
				-0.480545 0.87697 2.96159e-33 -2.88077e-08 -0.87697 -0.480545 5.40475e-33 -0.659042 6.16298e-33 -0 1 -25.9429 0 0 0 1 
				46
				-0.529431 0.848353 1.96551e-33 -1.39149e-08 -0.848353 -0.529431 -8.49125e-33 -0.318334 -6.16298e-33 -6.16298e-33 1 -26.1349 0 0 0 1 
				47
				-0.573575 0.819153 -2.02144e-33 0 -0.819153 -0.573575 -1.36318e-32 8.9233e-07 -1.2326e-32 -6.16298e-33 1 -26.3125 0 0 0 1 
		</Joint>
			1
				-1
				1.33158e-06 -0.573574 -0.819154 0 0 -0.819154 0.573574 8.9233e-07 -1 -7.6376e-07 -1.09077e-06 -26.3125 0 0 0 1 
				0
				1.33158e-06 -0.576007 -0.817445 7.81572e-10 0 -0.817445 0.576007 0.0178812 -1 -7.67e-07 -1.08849e-06 -26.3841 0 0 0 1 
				1
				1.33158e-06 -0.58266 -0.812716 2.92724e-09 0 -0.812716 0.58266 0.0669683 -1 -7.75859e-07 -1.0822e-06 -26.4789 0 0 0 1 
				2
				1.33158e-06 -0.592482 -0.805583 6.11834e-09 0 -0.805583 0.592482 0.139972 -1 -7.88938e-07 -1.0727e-06 -26.5915 0 0 0 1 
				3
				1.33158e-06 -0.604423 -0.796663 1.00362e-08 0 -0.796663 0.604423 0.229603 -1 -8.04838e-07 -1.06082e-06 -26.7165 0 0 0 1 
				4
				1.33158e-06 -0.617481 -0.786586 1.43723e-08 0 -0.786586 0.617481 0.328801 -1 -8.22226e-07 -1.0474e-06 -26.8486 0 0 0 1 
				5
				1.33158e-06 -0.630695 -0.776031 1.88179e-08 0 -0.776031 0.630695 0.430505 -1 -8.39821e-07 -1.03335e-06 -26.9825 0 0 0 1 
				6
				1.33158e-06 -0.643119 -0.765766 2.30545e-08 0 -0.765766 0.643119 0.527426 -1 -8.56365e-07 -1.01968e-06 -27.113 0 0 0 1 
				7
				1.33158e-06 -0.653859 -0.756617 2.67633e-08 0 -0.756617 0.653859 0.612274 -1 -8.70666e-07 -1.0075e-06 -27.2344 0 0 0 1 
				8
				1.33158e-06 -0.662087 -0.749427 2.96358e-08 0 -0.749427 0.662087 0.677988 -1 -8.81623e-07 -9.97922e-07 -27.3416 0 0 0 1 
				9
				1.33158e-06 -0.666998 -0.74506 3.13632e-08 0 -0.74506 0.666998 0.717508 -1 -8.88161e-07 -9.92107e-07 -27.4292 0 0 0 1 
				10
				1.33158e-06 -0.667745 -0.74439 3.16271e-08 0 -0.74439 0.667745 0.723545 -1 -8.89157e-07 -9.91215e-07 -27.492 0 0 0 1 
				11
				1.33158e-06 -0.663435 -0.748234 3.01087e-08 0 -0.748234 0.663435 0.688808 -1 -8.83417e-07 -9.96334e-07 -27.5244 0 0 0 1 
				12
				1.33158e-06 -0.653099 -0.757273 2.64994e-08 0 -0.757273 0.653099 0.606237 -1 -8.69654e-07 -1.00837e-06 -27.5212 0 0 0 1 
				13
				1.33158e-06 -0.63562 -0.772002 2.04907e-08 0 -0.772002 0.63562 0.468773 -1 -8.46379e-07 -1.02798e-06 -27.4772 0 0 0 1 
				14
				1.33158e-06 -0.609645 -0.792674 1.17637e-08 0 -0.792674 0.609645 0.269124 -1 -8.11792e-07 -1.05551e-06 -27.3868 0 0 0 1 
				15
				1.33158e-06 -0.573574 -0.819154 0 0 -0.819154 0.573574 8.9233e-07 -1 -7.6376e-07 -1.09077e-06 -27.2447 0 0 0 1 
				16
				1.33158e-06 -0.496518 -0.868027 -2.3995e-08 0 -0.868027 0.496518 -0.54894 -1 -6.61154e-07 -1.15585e-06 -26.9039 0 0 0 1 
				17
				1.33158e-06 -0.354798 -0.934943 -6.52356e-08 0 -0.934943 0.354798 -1.49241 -1 -4.72443e-07 -1.24495e-06 -26.2831 0 0 0 1 
				18
				1.33158e-06 -0.163713 -0.986508 -1.17349e-07 0 -0.986508 0.163713 -2.68462 -1 -2.17997e-07 -1.31361e-06 -25.4827 0 0 0 1 
				19
				1.33158e-06 0.0508862 -0.998704 -1.73961e-07 0 -0.998704 -0.0508862 -3.97977 -1 6.77591e-08 -1.32986e-06 -24.6027 0 0 0 1 
				20
				1.33158e-06 0.256991 -0.966414 -2.28902e-07 0 -0.966414 -0.256991 -5.23666 -1 3.42204e-07 -1.28686e-06 -23.7404 0 0 0 1 
				21
				1.33158e-06 0.425091 -0.905151 -2.75997e-07 0 -0.905151 -0.425091 -6.31406 -1 5.66043e-07 -1.20528e-06 -22.9926 0 0 0 1 
				22
				1.33158e-06 0.534681 -0.845054 -3.08874e-07 0 -0.845054 -0.534681 -7.0662 -1 7.11971e-07 -1.12526e-06 -22.4596 0 0 0 1 
				23
				1.33158e-06 0.573579 -0.819151 -3.2116e-07 0 -0.819151 -0.573579 -7.34728 -1 7.63766e-07 -1.09077e-06 -22.2417 0 0 0 1 
				24
				1.33158e-06 0.570175 -0.821523 -3.20069e-07 0 -0.821523 -0.570175 -7.32232 -1 7.59234e-07 -1.09392e-06 -22.2288 0 0 0 1 
				25
				1.33158e-06 0.560183 -0.828369 -3.16885e-07 0 -0.828369 -0.560183 -7.24948 -1 7.45929e-07 -1.10304e-06 -22.2469 0 0 0 1 
				26
				1.33158e-06 0.543894 -0.839154 -3.1175e-07 0 -0.839154 -0.543894 -7.132 -1 7.24239e-07 -1.1174e-06 -22.2941 0 0 0 1 
				27
				1.33158e-06 0.521536 -0.853229 -3.04804e-07 0 -0.853229 -0.521536 -6.97311 -1 6.94467e-07 -1.13614e-06 -22.3681 0 0 0 1 
				28
				1.33158e-06 0.493289 -0.869865 -2.96186e-07 0 -0.869865 -0.493289 -6.77595 -1 6.56854e-07 -1.1583e-06 -22.4669 0 0 0 1 
				29
				1.33158e-06 0.45933 -0.888265 -2.86033e-07 0 -0.888265 -0.45933 -6.54367 -1 6.11636e-07 -1.1828e-06 -22.5886 0 0 0 1 
				30
				1.33158e-06 0.41988 -0.907579 -2.74485e-07 0 -0.907579 -0.41988 -6.27949 -1 5.59105e-07 -1.20852e-06 -22.731 0 0 0 1 
				31
				1.33158e-06 0.375209 -0.92694 -2.61686e-07 0 -0.92694 -0.375209 -5.98667 -1 4.99621e-07 -1.2343e-06 -22.892 0 0 0 1 
				32
				1.33158e-06 0.325639 -0.945494 -2.47771e-07 0 -0.945494 -0.325639 -5.66833 -1 4.33615e-07 -1.259e-06 -23.0695 0 0 0 1 
				33
				1.33158e-06 0.271579 -0.962416 -2.32878e-07 0 -0.962416 -0.271579 -5.32762 -1 3.61629e-07 -1.28153e-06 -23.2616 0 0 0 1 
				34
				1.33158e-06 0.213541 -0.976934 -2.17149e-07 0 -0.976934 -0.213541 -4.96778 -1 2.84347e-07 -1.30087e-06 -23.466 0 0 0 1 
				35
				1.33158e-06 0.152126 -0.988361 -2.00725e-07 0 -0.988361 -0.152126 -4.59205 -1 2.02568e-07 -1.31608e-06 -23.6808 0 0 0 1 
				36
				1.33158e-06 0.0880055 -0.99612 -1.83743e-07 0 -0.99612 -0.0880055 -4.20356 -1 1.17186e-07 -1.32641e-06 -23.9039 0 0 0 1 
				37
				1.33158e-06 0.0219187 -0.99976 -1.66341e-07 0 -0.99976 -0.0219187 -3.80545 -1 2.91865e-08 -1.33126e-06 -24.1333 0 0 0 1 
				38
				1.33158e-06 -0.0453235 -0.998972 -1.48661e-07 0 -0.998972 0.0453235 -3.40096 -1 -6.03518e-08 -1.33021e-06 -24.3667 0 0 0 1 
				39
				1.33158e-06 -0.112879 -0.993609 -1.30843e-07 0 -0.993609 0.112879 -2.99333 -1 -1.50308e-07 -1.32307e-06 -24.6022 0 0 0 1 
				40
				1.33158e-06 -0.179917 -0.983682 -1.13025e-07 0 -0.983682 0.179917 -2.58571 -1 -2.39574e-07 -1.30985e-06 -24.8377 0 0 0 1 
				41
				1.33158e-06 -0.245622 -0.969366 -9.53443e-08 0 -0.969366 0.245622 -2.18122 -1 -3.27066e-07 -1.29079e-06 -25.0712 0 0 0 1 
				42
				1.33158e-06 -0.309208 -0.950994 -7.79424e-08 0 -0.950994 0.309208 -1.78311 -1 -4.11735e-07 -1.26633e-06 -25.3005 0 0 0 1 
				43
				1.33158e-06 -0.369954 -0.92905 -6.09609e-08 0 -0.92905 0.369954 -1.39462 -1 -4.92624e-07 -1.2371e-06 -25.5236 0 0 0 1 
				44
				1.33158e-06 -0.427241 -0.904138 -4.45369e-08 0 -0.904138 0.427241 -1.01888 -1 -5.68905e-07 -1.20393e-06 -25.7384 0 0 0 1 
				45
				1.33158e-06 -0.480544 -0.876971 -2.88077e-08 0 -0.876971 0.480544 -0.659042 -1 -6.39882e-07 -1.16776e-06 -25.9429 0 0 0 1 
				46
				1.33158e-06 -0.52943 -0.848354 -1.39149e-08 0 -0.848354 0.52943 -0.318334 -1 -7.04979e-07 -1.12965e-06 -26.1349 0 0 0 1 
				47
				1.33158e-06 -0.573574 -0.819154 0 0 -0.819154 0.573574 8.9233e-07 -1 -7.6376e-07 -1.09077e-06 -26.3125 0 0 0 1 
		</Joint>
			2
				-1
				-0.000271969 -0.342021 -0.939692 0.00233174 -0.000750183 -0.939692 0.342021 0.006395 -1 0.00079796 -1.01208e-06 -30.0972 0 0 0 1 
				0
				-5.48053e-05 -0.366195 -0.930538 0.00249642 -0.000383807 -0.930538 0.366195 0.0242129 -1 0.000377216 -8.95496e-05 -30.1687 0 0 0 1 
				1
				0.000596588 -0.396595 -0.917994 0.00270349 0.000593897 -0.917994 0.396595 0.0732145 -1 -0.000781798 -0.000312128 -30.2635 0 0 0 1 
				2
				0.00163181 -0.431436 -0.902142 0.0029408 0.00200365 -0.90214 0.431439 0.14611 -0.999997 -0.00251161 -0.000607674 -30.3761 0 0 0 1 
				3
				0.00299173 -0.468958 -0.883215 0.00319633 0.00366772 -0.883208 0.468967 0.235612 -0.999989 -0.0046424 -0.00092231 -30.5011 0 0 0 1 
				4
				0.00460087 -0.507509 -0.861635 0.00345889 0.00542298 -0.861618 0.507528 0.334663 -0.999975 -0.00700769 -0.00121198 -30.6332 0 0 0 1 
				5
				0.00635933 -0.545537 -0.838062 0.00371788 0.00712294 -0.838033 0.545572 0.436207 -0.999954 -0.00943894 -0.00144351 -30.7672 0 0 0 1 
				6
				0.00813746 -0.581593 -0.81344 0.00396339 0.00863916 -0.813395 0.581647 0.53296 -0.99993 -0.0117606 -0.0015945 -30.8975 0 0 0 1 
				7
				0.00978194 -0.614391 -0.788941 0.00418674 0.00986821 -0.788881 0.614467 0.61764 -0.999903 -0.0137961 -0.00165385 -31.019 0 0 0 1 
				8
				0.0111273 -0.642861 -0.765902 0.00438068 0.0107324 -0.765828 0.642956 0.683197 -0.99988 -0.0153744 -0.00162212 -31.1261 0 0 0 1 
				9
				0.0120003 -0.66608 -0.745784 0.00453881 0.0111694 -0.745702 0.666186 0.722581 -0.999866 -0.0163244 -0.00150891 -31.2138 0 0 0 1 
				10
				0.012225 -0.683185 -0.730143 0.00465535 0.0111181 -0.73006 0.683293 0.728511 -0.999864 -0.0164711 -0.00132926 -31.2766 0 0 0 1 
				11
				0.0116393 -0.693338 -0.720519 0.0047246 0.010505 -0.720443 0.693435 0.693708 -0.999877 -0.0156402 -0.00110193 -31.309 0 0 0 1 
				12
				0.010115 -0.695657 -0.718303 0.00474046 0.00922637 -0.718244 0.69573 0.611122 -0.999906 -0.0136646 -0.000846637 -31.3058 0 0 0 1 
				13
				0.00757093 -0.689057 -0.724668 0.00469569 0.00712295 -0.724633 0.689098 0.473701 -0.999946 -0.0103789 -0.000578022 -31.2618 0 0 0 1 
				14
				0.00399514 -0.672076 -0.740471 0.00458022 0.00395525 -0.740461 0.672088 0.27416 -0.999984 -0.00561384 -0.000300016 -31.1714 0 0 0 1 
				15
				-0.000511462 -0.642789 -0.766044 0.004381 -0.000611912 -0.766043 0.642789 0.00521182 -1 0.000797513 -1.52791e-06 -31.0294 0 0 0 1 
				16
				-0.00833817 -0.564329 -0.825508 0.00384702 -0.0111124 -0.825434 0.56439 -0.543325 -0.999903 0.0138794 0.000611549 -30.6887 0 0 0 1 
				17
				-0.0166746 -0.405105 -0.914118 0.00276323 -0.0323517 -0.913548 0.405442 -1.4862 -0.999337 0.0363338 0.00212719 -30.0681 0 0 0 1 
				18
				-0.0165937 -0.179552 -0.983609 0.00122761 -0.0626159 -0.981626 0.180246 -2.67794 -0.9979 0.0645804 0.00504605 -29.2678 0 0 0 1 
				19
				-0.0020188 0.0796342 -0.996822 -0.000537265 -0.0954769 -0.992286 -0.0790784 -3.97302 -0.99543 0.0950139 0.00960646 -28.3881 0 0 0 1 
				20
				0.0262632 0.327946 -0.944332 -0.00222841 -0.122369 -0.936498 -0.328629 -5.23028 -0.992137 0.124187 0.0155348 -27.5259 0 0 0 1 
				21
				0.0602958 0.525658 -0.848557 -0.00357501 -0.137799 -0.83758 -0.52865 -6.30836 -0.988623 0.148805 0.0219323 -26.7783 0 0 0 1 
				22
				0.0884745 0.650955 -0.753943 -0.00442854 -0.142727 -0.740815 -0.65637 -7.06116 -0.9858 0.16568 0.0273657 -26.2454 0 0 0 1 
				23
				0.100159 0.698444 -0.708621 -0.00475227 -0.142798 -0.694739 -0.704945 -7.34254 -0.984671 0.171796 0.0301521 -26.0276 0 0 0 1 
				24
				0.0999583 0.702886 -0.704245 -0.00478259 -0.142191 -0.690434 -0.709284 -7.31762 -0.984779 0.171036 0.0309293 -26.0146 0 0 0 1 
				25
				0.0979084 0.701125 -0.706284 -0.00477052 -0.141509 -0.692675 -0.707232 -7.24476 -0.985083 0.16919 0.0313971 -26.0328 0 0 0 1 
				26
				0.0941712 0.69352 -0.714256 -0.0047187 -0.140696 -0.700972 -0.699173 -7.12722 -0.985564 0.166335 0.0315644 -26.0799 0 0 0 1 
				27
				0.0889289 0.680282 -0.727536 -0.0046286 -0.139649 -0.714699 -0.685349 -6.96824 -0.9862 0.162547 0.0314436 -26.1539 0 0 0 1 
				28
				0.0823803 0.66151 -0.745398 -0.00450085 -0.138237 -0.733125 -0.665897 -6.77096 -0.986967 0.157898 0.03105 -26.2527 0 0 0 1 
				29
				0.0747435 0.637246 -0.767027 -0.00433558 -0.136313 -0.755429 -0.640894 -6.53852 -0.987842 0.152458 0.0304015 -26.3743 0 0 0 1 
				30
				0.0662593 0.607532 -0.791526 -0.00413282 -0.133734 -0.780705 -0.610421 -6.27418 -0.9888 0.1463 0.0295189 -26.5167 0 0 0 1 
				31
				0.0571847 0.572434 -0.817954 -0.00389387 -0.130372 -0.807998 -0.574581 -5.98117 -0.989815 0.139495 0.0284243 -26.6776 0 0 0 1 
				32
				0.0477855 0.532061 -0.845357 -0.00361903 -0.126123 -0.836336 -0.533512 -5.66264 -0.990863 0.132113 0.0271403 -26.8551 0 0 0 1 
				33
				0.0383349 0.486605 -0.872781 -0.00330939 -0.12092 -0.864745 -0.487436 -5.32174 -0.991922 0.124222 0.0256902 -27.0471 0 0 0 1 
				34
				0.0291075 0.436379 -0.899292 -0.00296737 -0.114739 -0.892268 -0.436685 -4.96171 -0.992969 0.115894 0.0240979 -27.2515 0 0 0 1 
				35
				0.0203676 0.381813 -0.924015 -0.00259581 -0.107604 -0.918001 -0.3817 -4.5858 -0.993985 0.107202 0.0223872 -27.4663 0 0 0 1 
				36
				0.0123562 0.32344 -0.946168 -0.00219831 -0.0995846 -0.941138 -0.323021 -4.19715 -0.994952 0.0982151 0.0205808 -27.6893 0 0 0 1 
				37
				0.00528472 0.261903 -0.96508 -0.0017793 -0.0907939 -0.960981 -0.261288 -3.79891 -0.995856 0.0890042 0.0187006 -27.9185 0 0 0 1 
				38
				-0.000672202 0.197966 -0.980209 -0.00134399 -0.0813862 -0.976968 -0.197256 -3.39431 -0.996682 0.0796428 0.0167684 -28.1519 0 0 0 1 
				39
				-0.00538739 0.132476 -0.991172 -0.000898082 -0.0715466 -0.988697 -0.131757 -2.9866 -0.997423 0.0702052 0.0148047 -28.3874 0 0 0 1 
				40
				-0.008787 0.0663145 -0.99776 -0.000447639 -0.061478 -0.995947 -0.0656526 -2.57893 -0.99807 0.0607635 0.0128283 -28.6228 0 0 0 1 
				41
				-0.0108509 0.000390495 -0.999941 1.10641e-06 -0.0513916 -0.998679 0.000167678 -2.17442 -0.99862 0.0513904 0.0108567 -28.8562 0 0 0 1 
				42
				-0.0116125 -0.0643698 -0.997858 0.000441967 -0.0414978 -0.997035 0.0647996 -1.77633 -0.999071 0.0421614 0.00890688 -29.0855 0 0 0 1 
				43
				-0.0111567 -0.127071 -0.991831 0.000868704 -0.0319927 -0.991339 0.127368 -1.38788 -0.999426 0.0331523 0.00699478 -29.3085 0 0 0 1 
				44
				-0.00961393 -0.186894 -0.982333 0.00127593 -0.0230454 -0.982076 0.187071 -1.0122 -0.999688 0.0244367 0.00513456 -29.5232 0 0 0 1 
				45
				-0.0071513 -0.243093 -0.969976 0.00165843 -0.0147936 -0.969869 0.243176 -0.652442 -0.999865 0.0160884 0.0033396 -29.7277 0 0 0 1 
				46
				-0.00396534 -0.294995 -0.95549 0.00201171 -0.00734038 -0.955464 0.295018 -0.311832 -0.999965 0.0081835 0.00162336 -29.9197 0 0 0 1 
				47
				-0.000271969 -0.342021 -0.939692 0.00233174 -0.000750183 -0.939692 0.342021 0.006395 -1 0.00079796 -1.01208e-06 -30.0972 0 0 0 1 
		</Joint>
			3
				-1
				-6.90265e-05 -0.0871571 -0.996195 0.000598415 -0.000795174 -0.996194 0.0871571 0.00676346 -1 0.000798165 -5.41232e-07 -38.6538 0 0 0 1 
				0
				0.000273553 -0.135575 -0.990767 0.00295118 -2.69271e-05 -0.990767 0.135575 0.0276793 -1 -1.04084e-05 -0.000274678 -38.7254 0 0 0 1 
				1
				0.00136834 -0.192398 -0.981316 0.00911916 0.00203382 -0.981314 0.1924 0.0849824 -0.999997 -0.00225909 -0.000951472 -38.8202 0 0 0 1 
				2
				0.00320311 -0.255168 -0.966892 0.0186422 0.00499722 -0.96688 0.255181 0.169843 -0.999982 -0.00564915 -0.0018219 -38.9327 0 0 0 1 
				3
				0.00572983 -0.321355 -0.946941 0.030985 0.00847246 -0.946907 0.321395 0.273448 -0.999948 -0.00986446 -0.00270295 -39.0576 0 0 0 1 
				4
				0.0088439 -0.388501 -0.921406 0.0454739 0.0120967 -0.921333 0.388587 0.387343 -0.999888 -0.0145826 -0.00344859 -39.1895 0 0 0 1 
				5
				0.0123674 -0.454257 -0.890784 0.0612275 0.0155438 -0.890658 0.454409 0.503224 -0.999803 -0.019466 -0.00395424 -39.3233 0 0 0 1 
				6
				0.0160401 -0.516439 -0.856174 0.0771116 0.0185331 -0.855984 0.516671 0.612714 -0.9997 -0.024155 -0.00415886 -39.4534 0 0 0 1 
				7
				0.0195352 -0.573178 -0.819198 0.0917926 0.0208501 -0.818943 0.573496 0.707659 -0.999592 -0.0282837 -0.00404742 -39.5746 0 0 0 1 
				8
				0.0224887 -0.623036 -0.78187 0.103838 0.0223516 -0.781559 0.623431 0.780356 -0.999497 -0.0314962 -0.00365043 -39.6815 0 0 0 1 
				9
				0.0245151 -0.664944 -0.746491 0.111752 0.0229446 -0.746144 0.665389 0.823238 -0.999436 -0.03344 -0.00303487 -39.7691 0 0 0 1 
				10
				0.0252219 -0.698095 -0.715561 0.114017 0.0225561 -0.715209 0.698547 0.828517 -0.999427 -0.0337589 -0.00229256 -39.8318 0 0 0 1 
				11
				0.0242467 -0.721878 -0.691596 0.109237 0.021099 -0.691275 0.722283 0.788306 -0.999483 -0.032105 -0.00153022 -39.8644 0 0 0 1 
				12
				0.0212975 -0.735734 -0.676936 0.0963037 0.0184255 -0.676685 0.736042 0.69468 -0.999603 -0.0281487 -0.00085545 -39.8615 0 0 0 1 
				13
				0.0161786 -0.738884 -0.673639 0.0745118 0.0142655 -0.673488 0.739061 0.539239 -0.999767 -0.0215668 -0.000355481 -39.8178 0 0 0 1 
				14
				0.00883356 -0.730022 -0.683366 0.0437392 0.00816395 -0.683317 0.730076 0.31266 -0.999928 -0.0120281 -7.62564e-05 -39.7279 0 0 0 1 
				15
				-0.000562678 -0.707108 -0.707106 0.00482242 -0.000564982 -0.707106 0.707108 0.00479374 -1 0.000797376 -1.6301e-06 -39.5861 0 0 0 1 
				16
				-0.0170884 -0.628408 -0.777697 -0.0632183 -0.0208608 -0.777417 0.62864 -0.633113 -0.999636 0.0269658 0.00017566 -39.2447 0 0 0 1 
				17
				-0.0347504 -0.453581 -0.890537 -0.136825 -0.0629722 -0.888311 0.454904 -1.75697 -0.99741 0.0718872 0.00230618 -38.6195 0 0 0 1 
				18
				-0.0340152 -0.194254 -0.980361 -0.139436 -0.123906 -0.972541 0.197003 -3.2071 -0.991711 0.128174 0.00901206 -37.8074 0 0 0 1 
				19
				-0.00134153 0.108386 -0.994108 -0.0185499 -0.189319 -0.976159 -0.106173 -4.78333 -0.981915 0.188061 0.0218291 -36.9069 0 0 0 1 
				20
				0.0610661 0.393255 -0.9174 0.219817 -0.239741 -0.88643 -0.395937 -6.27131 -0.968914 0.244117 0.0401486 -36.0169 0 0 0 1 
				21
				0.134845 0.608736 -0.781829 0.508208 -0.26364 -0.738552 -0.620512 -7.48242 -0.95515 0.289795 0.0608971 -35.2396 0 0 0 1 
				22
				0.194858 0.735685 -0.64869 0.747605 -0.265549 -0.597097 -0.75694 -8.27836 -0.9442 0.319755 0.0790114 -34.6828 0 0 0 1 
				23
				0.220011 0.783304 -0.581404 0.846935 -0.261163 -0.526954 -0.808773 -8.56082 -0.939888 0.32978 0.0886339 -34.4553 0 0 0 1 
				24
				0.2208 0.792873 -0.567979 0.845124 -0.258766 -0.513859 -0.817918 -8.5308 -0.940366 0.32757 0.0917082 -34.4433 0 0 0 1 
				25
				0.217846 0.797426 -0.56272 0.827564 -0.256765 -0.50943 -0.821311 -8.45214 -0.941602 0.323407 0.0937737 -34.464 0 0 0 1 
				26
				0.211467 0.797407 -0.565177 0.795638 -0.25505 -0.513197 -0.819499 -8.32762 -0.943521 0.317445 0.0948541 -34.5152 0 0 0 1 
				27
				0.202002 0.793005 -0.574751 0.750902 -0.253398 -0.524547 -0.812797 -8.1596 -0.946036 0.309827 0.0949867 -34.5945 0 0 0 1 
				28
				0.189809 0.784214 -0.590746 0.695056 -0.251515 -0.542769 -0.801338 -7.95011 -0.949059 0.300682 0.0942191 -34.6999 0 0 0 1 
				29
				0.175277 0.770893 -0.612373 0.629966 -0.24906 -0.56705 -0.785126 -7.70104 -0.952495 0.290132 0.0926076 -34.8289 0 0 0 1 
				30
				0.158839 0.752845 -0.638744 0.557695 -0.245683 -0.596468 -0.764111 -7.41443 -0.956248 0.278299 0.090219 -34.9794 0 0 0 1 
				31
				0.140961 0.729855 -0.668911 0.480443 -0.241052 -0.630021 -0.738219 -7.09242 -0.960221 0.265302 0.0871246 -35.1489 0 0 0 1 
				32
				0.122134 0.701733 -0.701893 0.400484 -0.234876 -0.666665 -0.707383 -6.73729 -0.964322 0.251254 0.0833976 -35.3353 0 0 0 1 
				33
				0.102877 0.668367 -0.736683 0.320155 -0.226932 -0.705311 -0.671594 -6.3516 -0.968462 0.236269 0.0791137 -35.5362 0 0 0 1 
				34
				0.0837247 0.629776 -0.772251 0.241804 -0.21708 -0.744833 -0.630951 -5.93841 -0.972556 0.220467 0.0743511 -35.7495 0 0 0 1 
				35
				0.0652082 0.586126 -0.807592 0.167689 -0.205278 -0.784125 -0.585669 -5.50119 -0.976529 0.203972 0.0691876 -35.9728 0 0 0 1 
				36
				0.047827 0.537726 -0.841762 0.0998653 -0.191581 -0.822142 -0.536078 -5.04366 -0.980311 0.186905 0.0636975 -36.204 0 0 0 1 
				37
				0.0320363 0.485051 -0.873899 0.0401352 -0.176142 -0.857923 -0.482641 -4.56995 -0.983843 0.169392 0.0579532 -36.4409 0 0 0 1 
				38
				0.0182303 0.428753 -0.903238 -0.0100171 -0.159209 -0.890616 -0.425976 -4.08464 -0.987076 0.15157 0.0520255 -36.6812 0 0 0 1 
				39
				0.00671706 0.369632 -0.929154 -0.0495146 -0.141108 -0.919527 -0.366822 -3.59254 -0.989971 0.133575 0.0459815 -36.9229 0 0 0 1 
				40
				-0.0022973 0.308584 -0.951194 -0.0777375 -0.122215 -0.944153 -0.306004 -3.09854 -0.992501 0.115547 0.0398826 -37.1637 0 0 0 1 
				41
				-0.00871316 0.246593 -0.96908 -0.0945268 -0.102941 -0.964189 -0.244423 -2.6076 -0.994649 0.0976281 0.0337856 -37.4017 0 0 0 1 
				42
				-0.0125393 0.184714 -0.982712 -0.100181 -0.083709 -0.979533 -0.183049 -2.12474 -0.996411 0.0799666 0.0277449 -37.6347 0 0 0 1 
				43
				-0.0138934 0.124019 -0.992183 -0.0954408 -0.0649291 -0.990296 -0.122874 -1.65488 -0.997793 0.0627144 0.0218109 -37.8607 0 0 0 1 
				44
				-0.012992 0.0655331 -0.997766 -0.0814336 -0.0469677 -0.996789 -0.0648573 -1.2026 -0.998812 0.0460202 0.0160282 -38.0775 0 0 0 1 
				45
				-0.0101347 0.0102371 -0.999896 -0.0596025 -0.0301372 -0.999496 -0.00992757 -0.772216 -0.999494 0.0300334 0.0104381 -38.2834 0 0 0 1 
				46
				-0.00568859 -0.0409408 -0.999145 -0.0316394 -0.0146875 -0.99905 0.0410205 -0.367835 -0.999876 0.0149083 0.00508187 -38.4761 0 0 0 1 
				47
				-6.90265e-05 -0.0871571 -0.996195 0.000598415 -0.000795174 -0.996194 0.0871571 0.00676346 -1 0.000798165 -5.41232e-07 -38.6538 0 0 0 1 
		</Joint>
			4
				-1
				-6.90265e-05 -0.0871571 -0.996195 0.00023581 -0.000795174 -0.996194 0.0871571 0.00256588 -1 0.000798165 -5.4124e-07 -47.2105 0 0 0 1 
				0
				0.000273553 -0.135575 -0.990767 0.00564659 -2.6927e-05 -0.990767 0.135575 0.0300412 -1 -1.04084e-05 -0.000274678 -47.282 0 0 0 1 
				1
				0.00136834 -0.192398 -0.981316 0.021331 0.00203382 -0.981314 0.1924 0.104953 -0.999997 -0.00225909 -0.000951472 -47.3768 0 0 0 1 
				2
				0.00320311 -0.255168 -0.966892 0.0467178 0.00499722 -0.96688 0.255181 0.215132 -0.999982 -0.00564915 -0.0018219 -47.4892 0 0 0 1 
				3
				0.00572983 -0.321355 -0.946941 0.080854 0.00847246 -0.946907 0.321395 0.348421 -0.999948 -0.00986446 -0.00270295 -47.6138 0 0 0 1 
				4
				0.0088439 -0.388501 -0.921406 0.122165 0.0120967 -0.921333 0.388587 0.493261 -0.999888 -0.0145826 -0.00344859 -47.7452 0 0 0 1 
				5
				0.0123674 -0.454257 -0.890784 0.16824 0.0155438 -0.890658 0.454409 0.638557 -0.999803 -0.019466 -0.00395424 -47.8782 0 0 0 1 
				6
				0.0160401 -0.516439 -0.856174 0.215713 0.0185331 -0.855984 0.516671 0.773535 -0.9997 -0.024155 -0.00415886 -48.0075 0 0 0 1 
				7
				0.0195352 -0.573178 -0.819198 0.260448 0.0208501 -0.818943 0.573496 0.888209 -0.999592 -0.0282837 -0.00404742 -48.1277 0 0 0 1 
				8
				0.0224887 -0.623036 -0.78187 0.297897 0.0223516 -0.781558 0.623431 0.973656 -0.999497 -0.0314962 -0.00365043 -48.2338 0 0 0 1 
				9
				0.0245151 -0.664944 -0.746491 0.323259 0.0229446 -0.746144 0.665389 1.02152 -0.999436 -0.03344 -0.00303487 -48.3208 0 0 0 1 
				10
				0.0252219 -0.698095 -0.715561 0.331658 0.0225561 -0.715209 0.698547 1.02339 -0.999427 -0.0337589 -0.00229256 -48.3835 0 0 0 1 
				11
				0.0242467 -0.721878 -0.691596 0.318596 0.021099 -0.691275 0.722283 0.970652 -0.999483 -0.032105 -0.00153022 -48.4165 0 0 0 1 
				12
				0.0212975 -0.735734 -0.676936 0.280464 0.0184255 -0.676685 0.736042 0.854111 -0.999603 -0.0281487 -0.000855449 -48.4146 0 0 0 1 
				13
				0.0161786 -0.738884 -0.673639 0.214879 0.0142655 -0.673488 0.739061 0.663066 -0.999767 -0.0215668 -0.000355481 -48.3724 0 0 0 1 
				14
				0.00883356 -0.730022 -0.683366 0.121235 0.00816395 -0.683317 0.730076 0.384304 -0.999928 -0.0120281 -7.62567e-05 -48.2839 0 0 0 1 
				15
				-0.000562678 -0.707108 -0.707106 0.00185786 -0.000564982 -0.707106 0.707108 0.00180947 -1 0.000797376 -1.63013e-06 -48.1427 0 0 0 1 
				16
				-0.0170884 -0.628408 -0.777697 -0.207793 -0.0208608 -0.777417 0.62864 -0.809578 -0.999636 0.0269658 0.00017566 -47.7983 0 0 0 1 
				17
				-0.0347504 -0.453581 -0.890537 -0.432986 -0.0629722 -0.888311 0.454904 -2.29348 -0.99741 0.0718872 0.00230618 -47.1542 0 0 0 1 
				18
				-0.0340152 -0.194254 -0.980361 -0.429984 -0.123906 -0.972541 0.197003 -4.26477 -0.991711 0.128174 0.00901205 -46.2934 0 0 0 1 
				19
				-0.00134153 0.108386 -0.994108 -0.0303126 -0.189319 -0.976159 -0.106173 -6.40072 -0.981915 0.188061 0.0218291 -45.3093 0 0 0 1 
				20
				0.0610661 0.393255 -0.9174 0.74131 -0.239741 -0.88643 -0.395937 -8.32037 -0.968914 0.244117 0.0401486 -44.3082 0 0 0 1 
				21
				0.134845 0.608736 -0.781829 1.66044 -0.26364 -0.738552 -0.620512 -9.73637 -0.95515 0.289795 0.0608971 -43.4132 0 0 0 1 
				22
				0.194858 0.735685 -0.64869 2.41301 -0.265549 -0.597097 -0.75694 -10.549 -0.9442 0.319755 0.0790114 -42.7628 0 0 0 1 
				23
				0.220011 0.783304 -0.581404 2.72744 -0.261163 -0.526954 -0.808773 -10.7941 -0.939888 0.32978 0.0886339 -42.4984 0 0 0 1 
				24
				0.2208 0.792873 -0.567979 2.73236 -0.258766 -0.513859 -0.817918 -10.7436 -0.940366 0.32757 0.0917082 -42.4905 0 0 0 1 
				25
				0.217846 0.797426 -0.56272 2.68951 -0.256765 -0.50943 -0.821311 -10.6479 -0.941602 0.323407 0.0937737 -42.5218 0 0 0 1 
				26
				0.211467 0.797407 -0.565177 2.603 -0.25505 -0.513197 -0.819499 -10.5086 -0.943521 0.317445 0.0948541 -42.5894 0 0 0 1 
				27
				0.202002 0.793005 -0.574751 2.47728 -0.253398 -0.524547 -0.812797 -10.3265 -0.946036 0.309827 0.0949868 -42.6903 0 0 0 1 
				28
				0.189809 0.784214 -0.590746 2.31713 -0.251515 -0.542769 -0.801338 -10.1008 -0.949059 0.300682 0.0942191 -42.8214 0 0 0 1 
				29
				0.175277 0.770893 -0.612373 2.12774 -0.24906 -0.56705 -0.785126 -9.83068 -0.952495 0.290132 0.0926076 -42.9799 0 0 0 1 
				30
				0.158839 0.752845 -0.638744 1.91486 -0.245683 -0.596468 -0.764111 -9.5151 -0.956248 0.2783 0.090219 -43.1624 0 0 0 1 
				31
				0.140961 0.729855 -0.668911 1.68469 -0.241052 -0.630021 -0.738219 -9.15337 -0.960221 0.265302 0.0871246 -43.3659 0 0 0 1 
				32
				0.122134 0.701733 -0.701893 1.44371 -0.234876 -0.666665 -0.707383 -8.7453 -0.964322 0.251254 0.0833976 -43.5873 0 0 0 1 
				33
				0.102877 0.668367 -0.736683 1.19869 -0.226932 -0.705311 -0.671594 -8.29153 -0.968462 0.236269 0.0791137 -43.8236 0 0 0 1 
				34
				0.0837248 0.629776 -0.772251 0.956561 -0.21708 -0.744833 -0.630951 -7.79395 -0.972556 0.220467 0.0743511 -44.0719 0 0 0 1 
				35
				0.0652082 0.586126 -0.807592 0.72412 -0.205278 -0.784125 -0.585669 -7.25563 -0.976529 0.203972 0.0691876 -44.3292 0 0 0 1 
				36
				0.047827 0.537726 -0.841762 0.507697 -0.191581 -0.822142 -0.536078 -6.6808 -0.980311 0.186905 0.0636975 -44.5927 0 0 0 1 
				37
				0.0320363 0.485051 -0.873899 0.31299 -0.176142 -0.857923 -0.482641 -6.07489 -0.983843 0.169392 0.0579532 -44.8597 0 0 0 1 
				38
				0.0182303 0.428753 -0.903238 0.144851 -0.159209 -0.890616 -0.425976 -5.44461 -0.987076 0.15157 0.0520255 -45.1277 0 0 0 1 
				39
				0.00671706 0.369632 -0.929154 0.0069941 -0.141108 -0.919527 -0.366822 -4.79755 -0.989971 0.133575 0.0459815 -45.3941 0 0 0 1 
				40
				-0.0022973 0.308584 -0.951194 -0.098202 -0.122215 -0.944153 -0.306004 -4.14183 -0.992501 0.115547 0.0398826 -45.6565 0 0 0 1 
				41
				-0.00871316 0.246593 -0.96908 -0.169728 -0.102941 -0.964189 -0.244423 -3.4859 -0.994649 0.0976281 0.0337856 -45.9129 0 0 0 1 
				42
				-0.0125393 0.184714 -0.982712 -0.207959 -0.083709 -0.979534 -0.183049 -2.83844 -0.996411 0.0799666 0.0277449 -46.1609 0 0 0 1 
				43
				-0.0138934 0.124019 -0.992183 -0.214646 -0.0649291 -0.990296 -0.122874 -2.20786 -0.997793 0.0627144 0.0218109 -46.3986 0 0 0 1 
				44
				-0.012992 0.065533 -0.997766 -0.192773 -0.0469677 -0.996789 -0.0648573 -1.60188 -0.998812 0.0460202 0.0160282 -46.6242 0 0 0 1 
				45
				-0.0101347 0.0102371 -0.999896 -0.146348 -0.0301372 -0.999496 -0.00992757 -1.02747 -0.999494 0.0300334 0.0104381 -46.8358 0 0 0 1 
				46
				-0.00568859 -0.0409408 -0.999145 -0.0802076 -0.0146875 -0.99905 0.0410205 -0.490896 -0.999876 0.0149083 0.00508187 -47.0318 0 0 0 1 
				47
				-6.90265e-05 -0.0871571 -0.996195 0.00023581 -0.000795174 -0.996194 0.0871571 0.00256588 -1 0.000798165 -5.4124e-07 -47.2105 0 0 0 1 
		</Joint>
			5
				-1
				6.58427e-07 -1.34472e-06 -1 9.00139e-06 0 -1 1.34472e-06 -4.69179e-05 -1 -8.85398e-13 -6.58427e-07 -50.4963 0 0 0 1 
				0
				0.000138464 -2.57777e-06 -1 0.00654543 0.00555009 -0.999985 3.34622e-06 0.0299527 -0.999985 -0.00555009 -0.000138447 -50.5679 0 0 0 1 
				1
				0.000549021 -4.10977e-06 -1 0.0258271 0.0112696 -0.999936 1.02968e-05 0.111635 -0.999936 -0.0112696 -0.00054894 -50.6626 0 0 0 1 
				2
				0.00121505 -2.39191e-06 -0.999999 0.0572426 0.0171122 -0.999854 2.31839e-05 0.231552 -0.999853 -0.0171123 -0.00121484 -50.775 0 0 0 1 
				3
				0.0021063 4.14723e-06 -0.999998 0.0996812 0.0230311 -0.999735 4.43644e-05 0.37626 -0.999732 -0.0230312 -0.00210584 -50.8994 0 0 0 1 
				4
				0.00317936 1.91981e-05 -0.999995 0.151224 0.0289849 -0.99958 7.29636e-05 0.533009 -0.999575 -0.028985 -0.00317858 -51.0306 0 0 0 1 
				5
				0.00437626 4.39205e-05 -0.99999 0.208877 0.0349348 -0.999389 0.000108991 0.689631 -0.99938 -0.0349349 -0.00437512 -51.1634 0 0 0 1 
				6
				0.00562156 7.81755e-05 -0.999984 0.268417 0.0408433 -0.999166 0.000151495 0.834431 -0.99915 -0.0408435 -0.00562007 -51.2923 0 0 0 1 
				7
				0.00682423 0.000121377 -0.999977 0.324637 0.0466795 -0.99891 0.000197312 0.956718 -0.998887 -0.0466798 -0.00682246 -51.4122 0 0 0 1 
				8
				0.00788144 0.000169894 -0.999969 0.37179 0.0524187 -0.998625 0.000243482 1.0471 -0.998594 -0.052419 -0.00787951 -51.518 0 0 0 1 
				9
				0.00867673 0.00021921 -0.999962 0.403811 0.0580383 -0.998314 0.000284753 1.09691 -0.998277 -0.0580386 -0.00867483 -51.6048 0 0 0 1 
				10
				0.00907882 0.000261699 -0.999959 0.414533 0.0635163 -0.997981 0.000315496 1.09751 -0.997939 -0.0635165 -0.00907711 -51.6674 0 0 0 1 
				11
				0.00894609 0.000287878 -0.99996 0.398266 0.0688264 -0.997629 0.000328545 1.03998 -0.997588 -0.0688266 -0.00894469 -51.7006 0 0 0 1 
				12
				0.0081289 0.000288034 -0.999967 0.350444 0.0739269 -0.997264 0.000313709 0.914654 -0.997231 -0.073927 -0.00812795 -51.6992 0 0 0 1 
				13
				0.00647018 0.000248289 -0.999979 0.268039 0.0787544 -0.996894 0.000262043 0.70994 -0.996873 -0.0787545 -0.00646963 -51.6575 0 0 0 1 
				14
				0.00381096 0.00015589 -0.999993 0.15026 0.0832132 -0.996532 0.000161774 0.411129 -0.996524 -0.0832132 -0.00381071 -51.5695 0 0 0 1 
				15
				2.52502e-07 -1.286e-06 -1 9.00376e-06 0.0871552 -0.996195 1.30311e-06 -4.69553e-05 -0.996195 -0.0871552 -1.3946e-07 -51.4286 0 0 0 1 
				16
				-0.00806335 -0.000366925 -0.999967 -0.263943 0.0900671 -0.995936 -0.000360821 -0.878123 -0.995903 -0.0900671 0.00806363 -51.0829 0 0 0 1 
				17
				-0.0220974 -0.0010228 -0.999755 -0.547169 0.090214 -0.995922 -0.000975098 -2.50039 -0.995677 -0.0902135 0.0220995 -50.4315 0 0 0 1 
				18
				-0.0392207 -0.00174224 -0.999229 -0.541752 0.0856895 -0.99632 -0.00162623 -4.67191 -0.99555 -0.0856872 0.0392257 -49.552 0 0 0 1 
				19
				-0.0560205 -0.00221912 -0.998427 -0.0347206 0.0759584 -0.997109 -0.00204574 -7.02279 -0.995536 -0.0759536 0.0560271 -48.5357 0 0 0 1 
				20
				-0.0695653 -0.00227684 -0.997575 0.941962 0.0623969 -0.998049 -0.00207329 -9.10812 -0.995624 -0.0623898 0.0695717 -47.4919 0 0 0 1 
				21
				-0.0781923 -0.00196098 -0.996936 2.10352 0.0478918 -0.998851 -0.00179153 -10.6026 -0.995787 -0.0478852 0.0781964 -46.5517 0 0 0 1 
				22
				-0.0819476 -0.00151871 -0.996636 3.05328 0.0359572 -0.999352 -0.0014337 -11.4216 -0.995988 -0.0359538 0.0819491 -45.8653 0 0 0 1 
				23
				-0.0818978 -0.00122513 -0.99664 3.45036 0.02981 -0.999555 -0.00122089 -11.6523 -0.996195 -0.0298098 0.0818979 -45.5867 0 0 0 1 
				24
				-0.08006 -0.00106356 -0.996789 3.45787 0.0276817 -0.999616 -0.00115676 -11.5939 -0.996406 -0.0276855 0.0800587 -45.5804 0 0 0 1 
				25
				-0.077893 -0.000921777 -0.996961 3.40532 0.0260197 -0.999661 -0.00110866 -11.4915 -0.996622 -0.026027 0.0778906 -45.6157 0 0 0 1 
				26
