<?xml version='1.0' encoding='UTF-8' ?>
<itpanim>
	<skeleton count>
		25
			0 -1
			1.37091e-06 -1 -6.12323e-17 1e-06 1 1.37091e-06 -6.12323e-17 -1.37266e-12 6.12323e-17 -6.12323e-17 1 28.5847 0 0 0 1 
			1 0
			1.3868e-06 -2.28068e-12 -1 -28.5847 2.75771e-06 -1 6.10495e-12 1.00011e-06 -1 -2.75771e-06 -1.3868e-06 -3.96413e-05 0 0 0 1 
			2 1
			-0.000205999 -0.000823318 -1 -32.3694 -1.2413e-06 -1 0.000823318 0.0334634 -1 1.41091e-06 0.000205998 0.006668 0 0 0 1 
			3 2
			-0.000383998 -0.00100932 -0.999999 -40.926 -1.01137e-06 -0.999999 0.00100932 0.0478891 -1 1.39895e-06 0.000383997 0.0139528 0 0 0 1 
			4 3
			-0.000383998 -0.00100932 -0.999999 -49.4827 -1.01137e-06 -0.999999 0.00100932 0.0505055 -1 1.39895e-06 0.000383997 0.0139528 0 0 0 1 
			5 4
			1.34309e-06 9.82436e-13 -1 -52.7685 -1.40269e-06 -1 -2.86637e-12 -0.00275479 -1 1.40269e-06 -1.34309e-06 -0.00638105 0 0 0 1 
			6 5
			1 -0 0 0 0 1 0 0 -0 -0 1 -0 0 0 0 1 
			7 4
			0.950432 6.75818e-05 0.310933 13.7112 -1.42282e-06 1 -0.000213002 -0.00848516 -0.310933 0.000202002 0.950432 47.5785 0 0 0 1 
			8 7
			0.476976 0.0235792 0.8786 37.3074 0.0457757 0.997617 -0.0516241 -2.835 -0.877724 0.064842 0.47476 30.0749 0 0 0 1 
			9 8
			0.476835 0.0205565 0.878752 28.9208 0.0472206 0.997684 -0.0489619 -2.74739 -0.877724 0.064842 0.47476 30.0749 0 0 0 1 
			10 9
			0.476835 0.0205565 0.878752 20.0548 -0.877686 0.0656364 0.474721 30.0727 -0.0479195 -0.997632 0.0493399 2.77133 0 0 0 1 
			11 4
			-0.950193 6.50589e-05 0.311663 13.7378 -1.39561e-06 1 -0.000213002 -0.00848516 -0.311663 -0.000202828 -0.950193 -47.5698 0 0 0 1 
			12 11
			-0.476976 0.0235779 0.8786 37.2976 -0.0457784 0.997617 -0.0516241 -2.83503 -0.877723 -0.0648444 -0.47476 -30.0791 0 0 0 1 
			13 12
			-0.476835 0.0205552 0.878752 28.9109 -0.0472234 0.997684 -0.0489619 -2.74745 -0.877723 -0.0648444 -0.47476 -30.0791 0 0 0 1 
			14 13
			-0.476835 0.0205552 0.878752 20.045 0.877685 0.0656388 0.474721 30.0769 -0.0479222 0.997632 -0.0493399 -2.7714 0 0 0 1 
			15 2
			1.37369e-06 -0.0998331 0.995004 28.4419 0 -0.995004 -0.0998331 -2.8537 1 1.3714e-07 -1.36683e-06 -5.53938 0 0 0 1 
			16 15
			1.37369e-06 0.0998335 0.995004 16.029 0 -0.995004 0.0998335 0.337498 1 -1.3714e-07 -1.36683e-06 -5.53938 0 0 0 1 
			17 16
			1.3716e-06 -6.00745e-14 1 3.38056 0 -1 -6.00745e-14 5.01e-06 1 8.23984e-20 -1.3716e-06 -5.53938 0 0 0 1 
			18 17
			1.3716e-06 -1 -6.12323e-17 -7.15885 0 6.12323e-17 -1 -0.467524 1 1.3716e-06 8.39865e-23 -5.53938 0 0 0 1 
			19 18
			1 -0 0 0 0 1 0 0 -0 -0 1 -0 0 0 0 1 
			20 2
			1.37369e-06 -0.0998331 0.995004 28.4419 0 -0.995004 -0.0998331 -2.8537 1 1.3714e-07 -1.36683e-06 5.53939 0 0 0 1 
			21 20
			1.37369e-06 0.0998335 0.995004 16.029 0 -0.995004 0.0998335 0.337498 1 -1.3714e-07 -1.36683e-06 5.53939 0 0 0 1 
			22 21
			1.3716e-06 -6.00745e-14 1 3.38056 0 -1 -6.00745e-14 5.01e-06 1 8.23984e-20 -1.3716e-06 5.53939 0 0 0 1 
			23 22
			1.3716e-06 -1 -6.12323e-17 -7.15885 0 6.12323e-17 -1 -0.467524 1 1.3716e-06 8.39865e-23 5.53939 0 0 0 1 
			24 23
			1 -0 0 0 0 1 0 0 -0 -0 1 -0 0 0 0 1 
	</skeleton>
		<animations>
			49
			0
				-1
				0.573578 0.819151 -5.04841e-33 -2.08697e-07 -0.819151 0.573578 -3.53494e-33 -5.65 -0 6.16298e-33 1 -23.576 0 0 0 1 
				0
				0.563311 0.826245 0 0.00551022 -0.826245 0.563311 0 -5.41663 -0 -0 1 -23.9732 0 0 0 1 
				1
				0.553318 0.83297 0 0.0206381 -0.83297 0.553318 0 -5.19086 -0 -0 1 -24.3941 0 0 0 1 
				2
				0.543522 0.839395 -1.52625e-33 0.0431368 -0.839395 0.543522 1.36961e-32 -4.97091 1.2326e-32 -6.16298e-33 1 -24.8332 0 0 0 1 
				3
				0.533846 0.845581 -1.36887e-33 0.0707597 -0.845581 0.533846 1.37127e-32 -4.75501 1.2326e-32 -6.16298e-33 1 -25.2849 0 0 0 1 
				4
				0.524213 0.851587 0 0.101331 -0.851587 0.524213 0 -4.54143 -0 -0 1 -25.7439 0 0 0 1 
				5
				0.514543 0.857465 0 0.132675 -0.857465 0.514543 0 -4.32847 -0 -0 1 -26.2048 0 0 0 1 
				6
				0.504749 0.863266 0 0.162544 -0.863266 0.504749 0 -4.11434 -0 -0 1 -26.6621 0 0 0 1 
				7
				0.494744 0.869039 -2.30677e-33 0.188693 -0.869039 0.494744 -8.40496e-33 -3.89728 -6.16298e-33 6.16298e-33 1 -27.1102 0 0 0 1 
				8
				0.484441 0.874824 0 0.208945 -0.874824 0.484441 0 -3.67555 -0 -0 1 -27.5438 0 0 0 1 
				9
				0.473751 0.880659 -2.50776e-33 0.221124 -0.880659 0.473751 -8.3472e-33 -3.44745 -6.16298e-33 6.16298e-33 1 -27.9574 0 0 0 1 
				10
				0.46258 0.886578 0 0.222985 -0.886578 0.46258 0 -3.2112 -0 -0 1 -28.3456 0 0 0 1 
				11
				0.45083 0.89261 0 0.212279 -0.89261 0.45083 0 -2.96502 -0 -0 1 -28.7029 0 0 0 1 
				12
				0.438406 0.898777 2.70189e-33 0.186832 -0.898777 0.438406 -5.53914e-33 -2.70719 -6.16298e-33 -0 1 -29.0238 0 0 0 1 
				13
				0.42521 0.905095 -3.126e-33 0.144468 -0.905095 0.42521 -1.5087e-32 -2.436 -1.2326e-32 9.24446e-33 1 -29.303 0 0 0 1 
				14
				0.411137 0.911574 -5.61801e-33 0.0829393 -0.911574 0.411137 -2.53383e-33 -2.14967 -0 6.16298e-33 1 -29.5349 0 0 0 1 
				15
				0.396081 0.918216 0 -9.21889e-08 -0.918216 0.396081 0 -1.84643 -0 -0 1 -29.7141 0 0 0 1 
				16
				0.37925 0.925294 3.64667e-33 -0.169175 -0.925294 0.37925 -2.51476e-32 -1.46126 -2.46519e-32 6.16298e-33 1 -29.729 0 0 0 1 
				17
				0.360002 0.932951 0 -0.459939 -0.932951 0.360002 0 -0.959988 -0 -0 1 -29.5143 0 0 0 1 
				18
				0.338481 0.940973 2.8996e-33 -0.827359 -0.940973 0.338481 1.04302e-33 -0.390221 -0 -3.08149e-33 1 -29.1385 0 0 0 1 
				19
				0.314834 0.949147 9.55843e-34 -1.2265 -0.949147 0.314834 -1.26693e-32 0.200446 -1.2326e-32 3.08149e-33 1 -28.6699 0 0 0 1 
				20
				0.289214 0.957265 2.9498e-33 -1.61386 -0.957265 0.289214 8.91208e-34 0.765913 -0 -3.08149e-33 1 -28.1747 0 0 0 1 
				21
				0.261783 0.965127 0 -1.9459 -0.965127 0.261783 0 1.26008 -0 -0 1 -27.7193 0 0 0 1 
				22
				0.232721 0.972544 0 -2.17769 -0.972544 0.232721 0 1.63535 -0 -0 1 -27.372 0 0 0 1 
				23
				0.202219 0.97934 0 -2.26432 -0.97934 0.202219 0 1.84412 -0 -0 1 -27.2012 0 0 0 1 
				24
				0.170793 0.985307 -1.51811e-33 -2.25662 -0.985307 0.170793 -2.63148e-34 1.94525 -0 1.54074e-33 1 -27.1468 0 0 0 1 
				25
				0.138864 0.990311 1.52582e-33 -2.23418 -0.990311 0.138864 2.13953e-34 2.02809 -0 -1.54074e-33 1 -27.1057 0 0 0 1 
				26
				0.106482 0.994315 5.46495e-34 -2.19797 -0.994315 0.106482 -1.23379e-32 2.09389 -1.2326e-32 7.70372e-34 1 -27.0769 0 0 0 1 
				27
				0.0737001 0.99728 1.40148e-34 -2.149 -0.99728 0.0737001 -1.23492e-32 2.14388 -1.2326e-32 7.70372e-34 1 -27.0594 0 0 0 1 
				28
				0.0405741 0.999177 -3.84869e-34 -2.08824 -0.999177 0.0405741 -1.56286e-35 2.17926 -0 3.85186e-34 1 -27.0525 0 0 0 1 
				29
				0.00715985 0.999974 0 -2.01666 -0.999974 0.00715985 0 2.20123 -0 -0 1 -27.0553 0 0 0 1 
				30
				-0.026483 0.999649 1.92525e-34 -1.93524 -0.999649 -0.026483 -5.10043e-36 2.21102 -0 -1.92593e-34 1 -27.0668 0 0 0 1 
				31
				-0.0602941 0.998181 0 -1.845 -0.998181 -0.0602941 -0 2.20987 -0 -0 1 -27.0863 0 0 0 1 
				32
				-0.0942125 0.995552 -7.66945e-34 -1.74689 -0.995552 -0.0942125 7.25787e-35 2.19898 -0 7.70372e-34 1 -27.1127 0 0 0 1 
				33
				-0.128175 0.991752 -1.52804e-33 -1.64189 -0.991752 -0.128175 1.97485e-34 2.17955 -0 1.54074e-33 1 -27.1454 0 0 0 1 
				34
				-0.162119 0.986771 1.52036e-33 -1.53099 -0.986771 -0.162119 -2.49784e-34 2.15282 -0 -1.54074e-33 1 -27.1833 0 0 0 1 
				35
				-0.195981 0.980608 0 -1.4152 -0.980608 -0.195981 -0 2.12001 -0 -0 1 -27.2255 0 0 0 1 
				36
				-0.229695 0.973263 0 -1.29547 -0.973263 -0.229695 -0 2.08233 -0 -0 1 -27.2713 0 0 0 1 
				37
				-0.263201 0.964741 0 -1.17278 -0.964741 -0.263201 -0 2.04099 -0 -0 1 -27.3198 0 0 0 1 
				38
				-0.296434 0.955053 2.94299e-33 -1.04812 -0.955053 -0.296434 -9.13459e-34 1.9972 -0 -3.08149e-33 1 -27.3699 0 0 0 1 
				39
				-0.329333 0.944214 -4.05935e-33 -0.922498 -0.944214 -0.329333 -1.16383e-32 1.95222 -1.2326e-32 -0 1 -27.421 0 0 0 1 
				40
				-0.361837 0.932241 -1.58729e-33 -0.796875 -0.932241 -0.361837 -1.26058e-32 1.90724 -1.2326e-32 -3.08149e-33 1 -27.4721 0 0 0 1 
				41
				-0.393886 0.919159 -2.02265e-33 -0.672218 -0.919159 -0.393886 -1.25433e-32 1.86346 -1.2326e-32 -3.08149e-33 1 -27.5222 0 0 0 1 
				42
				-0.425424 0.904994 0 -0.549528 -0.904994 -0.425424 -0 1.82211 -0 -0 1 -27.5707 0 0 0 1 
				43
				-0.456393 0.889778 5.48368e-33 -0.429801 -0.889778 -0.456393 -2.81274e-33 1.78444 -0 -6.16298e-33 1 -27.6165 0 0 0 1 
				44
				-0.486743 0.873546 0 -0.314004 -0.873546 -0.486743 -0 1.75163 -0 -0 1 -27.6587 0 0 0 1 
				45
				-0.516421 0.856335 0 -0.203107 -0.856335 -0.516421 -0 1.7249 -0 -0 1 -27.6966 0 0 0 1 
				46
				-0.54538 0.838189 -8.5269e-33 -0.0981057 -0.838189 -0.54538 -1.80458e-33 1.70546 -6.16298e-33 6.16298e-33 1 -27.7293 0 0 0 1 
				47
				-0.573575 0.819153 -2.02144e-33 1.12463e-07 -0.819153 -0.573575 -1.36318e-32 1.69458 -1.2326e-32 -6.16298e-33 1 -27.7557 0 0 0 1 
		</Joint>
			1
				-1
				1.33158e-06 0.573579 -0.819151 -2.08697e-07 0 -0.819151 -0.573579 -5.65 -1 7.63766e-07 -1.09077e-06 -23.576 0 0 0 1 
				0
				1.33158e-06 0.563313 -0.826244 0.00551022 0 -0.826244 -0.563313 -5.41663 -1 7.50096e-07 -1.10021e-06 -23.9732 0 0 0 1 
				1
				1.33158e-06 0.553319 -0.83297 0.0206381 0 -0.83297 -0.553319 -5.19086 -1 7.36789e-07 -1.10917e-06 -24.3941 0 0 0 1 
				2
				1.33158e-06 0.543523 -0.839394 0.0431368 0 -0.839394 -0.543523 -4.97091 -1 7.23745e-07 -1.11772e-06 -24.8332 0 0 0 1 
				3
				1.33158e-06 0.533847 -0.845581 0.0707597 0 -0.845581 -0.533847 -4.75501 -1 7.10861e-07 -1.12596e-06 -25.2849 0 0 0 1 
				4
				1.33158e-06 0.524215 -0.851586 0.101331 0 -0.851586 -0.524215 -4.54143 -1 6.98034e-07 -1.13396e-06 -25.7439 0 0 0 1 
				5
				1.33158e-06 0.514544 -0.857464 0.132675 0 -0.857464 -0.514544 -4.32847 -1 6.85156e-07 -1.14178e-06 -26.2048 0 0 0 1 
				6
				1.33158e-06 0.50475 -0.863266 0.162544 0 -0.863266 -0.50475 -4.11434 -1 6.72115e-07 -1.14951e-06 -26.6621 0 0 0 1 
				7
				1.33158e-06 0.494745 -0.869038 0.188693 0 -0.869038 -0.494745 -3.89728 -1 6.58793e-07 -1.15719e-06 -27.1102 0 0 0 1 
				8
				1.33158e-06 0.484443 -0.874823 0.208945 0 -0.874823 -0.484443 -3.67555 -1 6.45075e-07 -1.1649e-06 -27.5438 0 0 0 1 
				9
				1.33158e-06 0.473753 -0.880658 0.221124 0 -0.880658 -0.473753 -3.44745 -1 6.3084e-07 -1.17267e-06 -27.9574 0 0 0 1 
				10
				1.33158e-06 0.462581 -0.886577 0.222985 0 -0.886577 -0.462581 -3.2112 -1 6.15964e-07 -1.18055e-06 -28.3456 0 0 0 1 
				11
				1.33158e-06 0.450832 -0.892609 0.212279 0 -0.892609 -0.450832 -2.96502 -1 6.00319e-07 -1.18858e-06 -28.7029 0 0 0 1 
				12
				1.33158e-06 0.438408 -0.898776 0.186832 0 -0.898776 -0.438408 -2.70719 -1 5.83775e-07 -1.19679e-06 -29.0238 0 0 0 1 
				13
				1.33158e-06 0.425211 -0.905094 0.144468 0 -0.905094 -0.425211 -2.436 -1 5.66203e-07 -1.20521e-06 -29.303 0 0 0 1 
				14
				1.33158e-06 0.411138 -0.911573 0.0829393 0 -0.911573 -0.411138 -2.14967 -1 5.47463e-07 -1.21383e-06 -29.5349 0 0 0 1 
				15
				1.33158e-06 0.396083 -0.918215 -9.21889e-08 0 -0.918215 -0.396083 -1.84643 -1 5.27416e-07 -1.22268e-06 -29.7141 0 0 0 1 
				16
				1.33158e-06 0.379251 -0.925294 -0.169175 0 -0.925294 -0.379251 -1.46126 -1 5.05004e-07 -1.2321e-06 -29.729 0 0 0 1 
				17
				1.33158e-06 0.360004 -0.932951 -0.459939 0 -0.932951 -0.360004 -0.959988 -1 4.79374e-07 -1.2423e-06 -29.5143 0 0 0 1 
				18
				1.33158e-06 0.338482 -0.940973 -0.827359 0 -0.940973 -0.338482 -0.390221 -1 4.50716e-07 -1.25298e-06 -29.1385 0 0 0 1 
				19
				1.33158e-06 0.314835 -0.949146 -1.2265 0 -0.949146 -0.314835 0.200446 -1 4.19228e-07 -1.26386e-06 -28.6699 0 0 0 1 
				20
				1.33158e-06 0.289215 -0.957264 -1.61386 0 -0.957264 -0.289215 0.765913 -1 3.85113e-07 -1.27467e-06 -28.1747 0 0 0 1 
				21
				1.33158e-06 0.261784 -0.965127 -1.9459 0 -0.965127 -0.261784 1.26008 -1 3.48586e-07 -1.28514e-06 -27.7193 0 0 0 1 
				22
				1.33158e-06 0.232722 -0.972543 -2.17769 0 -0.972543 -0.232722 1.63535 -1 3.09888e-07 -1.29502e-06 -27.372 0 0 0 1 
				23
				1.33158e-06 0.20222 -0.97934 -2.26432 0 -0.97934 -0.20222 1.84412 -1 2.69273e-07 -1.30407e-06 -27.2012 0 0 0 1 
				24
				1.33158e-06 0.170794 -0.985307 -2.25662 0 -0.985307 -0.170794 1.94525 -1 2.27427e-07 -1.31202e-06 -27.1468 0 0 0 1 
				25
				1.33158e-06 0.138865 -0.990311 -2.23418 0 -0.990311 -0.138865 2.02809 -1 1.8491e-07 -1.31868e-06 -27.1057 0 0 0 1 
				26
				1.33158e-06 0.106483 -0.994315 -2.19797 0 -0.994315 -0.106483 2.09389 -1 1.41791e-07 -1.32401e-06 -27.0769 0 0 0 1 
				27
				1.33158e-06 0.0737015 -0.99728 -2.149 0 -0.99728 -0.0737015 2.14388 -1 9.81394e-08 -1.32796e-06 -27.0594 0 0 0 1 
				28
				1.33158e-06 0.0405754 -0.999176 -2.08824 0 -0.999176 -0.0405754 2.17926 -1 5.40295e-08 -1.33048e-06 -27.0525 0 0 0 1 
				29
				1.33158e-06 0.00716118 -0.999974 -2.01666 0 -0.999974 -0.00716118 2.20123 -1 9.53569e-09 -1.33155e-06 -27.0553 0 0 0 1 
				30
				1.33158e-06 -0.0264816 -0.999649 -1.93524 0 -0.999649 0.0264816 2.21102 -1 -3.52624e-08 -1.33111e-06 -27.0668 0 0 0 1 
				31
				1.33158e-06 -0.0602928 -0.998181 -1.845 0 -0.998181 0.0602928 2.20987 -1 -8.02847e-08 -1.32916e-06 -27.0863 0 0 0 1 
				32
				1.33158e-06 -0.0942112 -0.995552 -1.74689 0 -0.995552 0.0942112 2.19898 -1 -1.2545e-07 -1.32566e-06 -27.1127 0 0 0 1 
				33
				1.33158e-06 -0.128174 -0.991752 -1.64189 0 -0.991752 0.128174 2.17955 -1 -1.70674e-07 -1.3206e-06 -27.1454 0 0 0 1 
				34
				1.33158e-06 -0.162118 -0.986771 -1.53099 0 -0.986771 0.162118 2.15282 -1 -2.15873e-07 -1.31397e-06 -27.1833 0 0 0 1 
				35
				1.33158e-06 -0.195979 -0.980608 -1.4152 0 -0.980608 0.195979 2.12001 -1 -2.60962e-07 -1.30576e-06 -27.2255 0 0 0 1 
				36
				1.33158e-06 -0.229694 -0.973263 -1.29547 0 -0.973263 0.229694 2.08233 -1 -3.05856e-07 -1.29598e-06 -27.2713 0 0 0 1 
				37
				1.33158e-06 -0.2632 -0.964741 -1.17278 0 -0.964741 0.2632 2.04099 -1 -3.50472e-07 -1.28463e-06 -27.3198 0 0 0 1 
				38
				1.33158e-06 -0.296433 -0.955054 -1.04812 0 -0.955054 0.296433 1.9972 -1 -3.94724e-07 -1.27173e-06 -27.3699 0 0 0 1 
				39
				1.33158e-06 -0.329332 -0.944214 -0.922498 0 -0.944214 0.329332 1.95222 -1 -4.38532e-07 -1.2573e-06 -27.421 0 0 0 1 
				40
				1.33158e-06 -0.361836 -0.932242 -0.796875 0 -0.932242 0.361836 1.90724 -1 -4.81813e-07 -1.24136e-06 -27.4721 0 0 0 1 
				41
				1.33158e-06 -0.393885 -0.91916 -0.672218 0 -0.91916 0.393885 1.86346 -1 -5.2449e-07 -1.22394e-06 -27.5222 0 0 0 1 
				42
				1.33158e-06 -0.425422 -0.904995 -0.549528 0 -0.904995 0.425422 1.82211 -1 -5.66484e-07 -1.20507e-06 -27.5707 0 0 0 1 
				43
				1.33158e-06 -0.456392 -0.889779 -0.429801 0 -0.889779 0.456392 1.78444 -1 -6.07723e-07 -1.18481e-06 -27.6165 0 0 0 1 
				44
				1.33158e-06 -0.486742 -0.873546 -0.314004 0 -0.873546 0.486742 1.75163 -1 -6.48136e-07 -1.1632e-06 -27.6587 0 0 0 1 
				45
				1.33158e-06 -0.51642 -0.856336 -0.203107 0 -0.856336 0.51642 1.7249 -1 -6.87654e-07 -1.14028e-06 -27.6966 0 0 0 1 
				46
				1.33158e-06 -0.545379 -0.83819 -0.0981057 0 -0.83819 0.545379 1.70546 -1 -7.26216e-07 -1.11612e-06 -27.7293 0 0 0 1 
				47
				1.33158e-06 -0.573574 -0.819154 1.12463e-07 0 -0.819154 0.573574 1.69458 -1 -7.6376e-07 -1.09077e-06 -27.7557 0 0 0 1 
		</Joint>
			2
				-1
				0.100159 0.698444 -0.708621 -0.00475216 -0.142798 -0.694739 -0.704945 -5.64527 -0.984671 0.171796 0.0301521 -27.3618 0 0 0 1 
				0
				0.0902525 0.700587 -0.707837 0.000743743 -0.133412 -0.695827 -0.70571 -5.41189 -0.986943 0.158126 0.0306667 -27.7589 0 0 0 1 
				1
				0.0798384 0.705035 -0.704664 0.015841 -0.122494 -0.694624 -0.708867 -5.18613 -0.989253 0.142912 0.0309046 -28.1798 0 0 0 1 
				2
				0.0690079 0.711155 -0.69964 0.0382983 -0.110404 -0.69156 -0.713831 -4.9662 -0.991488 0.126503 0.0307916 -28.6187 0 0 0 1 
				3
				0.0578639 0.718321 -0.693301 0.0658724 -0.0974998 -0.687079 -0.720012 -4.75033 -0.993552 0.109259 0.0302791 -29.0703 0 0 0 1 
				4
				0.0465245 0.725948 -0.686174 0.0963916 -0.0841133 -0.681631 -0.726845 -4.53679 -0.995369 0.0915325 0.0293493 -29.5292 0 0 0 1 
				5
				0.0351295 0.733479 -0.678804 0.127684 -0.0705657 -0.675707 -0.733785 -4.32387 -0.996888 0.0736778 0.0280212 -29.99 0 0 0 1 
				6
				0.0238475 0.740375 -0.671771 0.157507 -0.0571732 -0.669853 -0.74029 -4.10978 -0.998079 0.0560614 0.0263552 -30.4471 0 0 0 1 
				7
				0.0128718 0.746132 -0.665674 0.183616 -0.0442342 -0.664653 -0.745842 -3.89275 -0.998938 0.0390459 0.0244493 -30.8951 0 0 0 1 
				8
				0.00240756 0.750293 -0.661101 0.20384 -0.0320231 -0.660707 -0.749961 -3.67105 -0.999484 0.0229761 0.022436 -31.3286 0 0 0 1 
				9
				-0.00732756 0.752419 -0.658644 0.216005 -0.0208016 -0.658634 -0.752176 -3.44297 -0.999757 0.00818921 0.0204777 -31.7421 0 0 0 1 
				10
				-0.0161032 0.752058 -0.6589 0.217868 -0.0108311 -0.659078 -0.751997 -3.20671 -0.999812 -0.00497294 0.0187588 -32.1303 0 0 0 1 
				11
				-0.0236938 0.748739 -0.662441 0.207185 -0.00237128 -0.662667 -0.74891 -2.96051 -0.999717 -0.0161737 0.0174766 -32.4874 0 0 0 1 
				12
				-0.0298997 0.741961 -0.669776 0.181784 0.00431793 -0.669973 -0.742372 -2.70263 -0.999544 -0.0250887 0.0168282 -32.8083 0 0 0 1 
				13
				-0.0345516 0.731147 -0.681344 0.139493 0.00895893 -0.681497 -0.731766 -2.43136 -0.999363 -0.0313878 0.0169965 -33.0874 0 0 0 1 
				14
				-0.037522 0.715599 -0.697503 0.0780705 0.0112369 -0.697648 -0.716352 -2.14492 -0.999233 -0.0347167 0.0181361 -33.3194 0 0 0 1 
				15
				-0.0387548 0.694476 -0.718472 -0.00472498 0.0107951 -0.718679 -0.695258 -1.84153 -0.99919 -0.0347006 0.0203554 -33.4985 0 0 0 1 
				16
				-0.0348607 0.653448 -0.756168 -0.17362 -0.000119957 -0.756631 -0.653843 -1.45611 -0.999392 -0.0227027 0.026455 -33.5135 0 0 0 1 
				17
				-0.0258185 0.58106 -0.813451 -0.463891 -0.0266225 -0.813834 -0.580488 -0.954448 -0.999312 0.00666883 0.0364812 -33.299 0 0 0 1 
				18
				-0.0170996 0.482249 -0.875867 -0.830639 -0.0644751 -0.874704 -0.480349 -0.384266 -0.997773 0.0482579 0.0460501 -32.9235 0 0 0 1 
				19
				-0.0130685 0.365374 -0.930769 -1.22899 -0.108386 -0.925882 -0.361933 0.20675 -0.994023 0.096152 0.0517012 -32.4552 0 0 0 1 
				20
				-0.015722 0.242321 -0.970069 -1.6155 -0.152307 -0.959447 -0.237199 0.772446 -0.988208 0.144019 0.0519917 -31.9604 0 0 0 1 
				21
				-0.0243093 0.127326 -0.991563 -1.94676 -0.190032 -0.97436 -0.120458 1.26671 -0.981477 0.1855 0.0478819 -31.5052 0 0 0 1 
				22
				-0.03553 0.0351313 -0.998751 -2.17793 -0.215825 -0.976068 -0.0266556 1.64199 -0.975785 0.214609 0.0422619 -31.1581 0 0 0 1 
				23
				-0.0446762 -0.0209207 -0.998783 -2.26417 -0.224889 -0.973908 0.0304592 1.85075 -0.97336 0.225976 0.0388057 -30.9874 0 0 0 1 
				24
				-0.0509763 -0.053361 -0.997273 -2.25626 -0.223376 -0.972664 0.0634622 1.95187 -0.973399 0.226002 0.0376633 -30.9331 0 0 0 1 
				25
				-0.0566503 -0.0824783 -0.994981 -2.23361 -0.220254 -0.970996 0.0930305 2.03471 -0.973796 0.224418 0.0368411 -30.8919 0 0 0 1 
				26
				-0.0616086 -0.108517 -0.992184 -2.19722 -0.215667 -0.969141 0.119388 2.10049 -0.974522 0.221336 0.036304 -30.863 0 0 0 1 
				27
				-0.0657861 -0.131724 -0.989101 -2.1481 -0.209756 -0.967274 0.142768 2.15047 -0.975538 0.216862 0.0360033 -30.8456 0 0 0 1 
				28
				-0.069136 -0.152341 -0.985907 -2.0872 -0.202656 -0.965521 0.163402 2.18584 -0.976806 0.211097 0.0358794 -30.8386 0 0 0 1 
				29
				-0.0716292 -0.170606 -0.982732 -2.01549 -0.194497 -0.963961 0.181523 2.20779 -0.978284 0.204141 0.0358654 -30.8413 0 0 0 1 
				30
				-0.0732543 -0.186757 -0.979671 -1.93396 -0.185406 -0.962636 0.197373 2.21757 -0.979928 0.196095 0.0358915 -30.8528 0 0 0 1 
				31
				-0.0740138 -0.201026 -0.976786 -1.84362 -0.175508 -0.961559 0.211191 2.21642 -0.981692 0.187065 0.035887 -30.8722 0 0 0 1 
				32
				-0.0739182 -0.213633 -0.974114 -1.74543 -0.164923 -0.960717 0.223209 2.20552 -0.983533 0.177153 0.0357816 -30.8986 0 0 0 1 
				33
				-0.0729875 -0.224789 -0.97167 -1.64035 -0.153767 -0.960083 0.233658 2.18609 -0.985408 0.166465 0.0355091 -30.9312 0 0 0 1 
				34
				-0.0712538 -0.234707 -0.969451 -1.52939 -0.142158 -0.959611 0.242773 2.15935 -0.987276 0.155113 0.0350104 -30.969 0 0 0 1 
				35
				-0.068756 -0.243597 -0.967436 -1.41353 -0.130211 -0.959245 0.250788 2.12654 -0.989099 0.143214 0.0342348 -31.0112 0 0 0 1 
				36
				-0.0655371 -0.251656 -0.965595 -1.29375 -0.11804 -0.958926 0.257929 2.08886 -0.990844 0.130883 0.0331398 -31.0569 0 0 0 1 
				37
				-0.0616455 -0.259079 -0.963887 -1.17101 -0.105755 -0.958592 0.264419 2.04751 -0.99248 0.118236 0.031694 -31.1052 0 0 0 1 
				38
				-0.0571381 -0.266066 -0.96226 -1.04631 -0.0934706 -0.958175 0.270487 2.00373 -0.993981 0.105398 0.0298789 -31.1553 0 0 0 1 
				39
				-0.0520758 -0.272819 -0.960655 -0.920636 -0.0812987 -0.957609 0.276361 1.95874 -0.995329 0.0924917 0.0276885 -31.2063 0 0 0 1 
				40
				-0.0465223 -0.279529 -0.959009 -0.794967 -0.0693484 -0.956829 0.282258 1.91375 -0.996507 0.079637 0.025129 -31.2573 0 0 0 1 
				41
				-0.0405456 -0.286391 -0.957254 -0.670264 -0.0577269 -0.95577 0.288393 1.86996 -0.997509 0.0669524 0.0222198 -31.3074 0 0 0 1 
				42
				-0.0342201 -0.293607 -0.955314 -0.547524 -0.0465432 -0.954368 0.294984 1.82861 -0.99833 0.0545577 0.0189932 -31.3557 0 0 0 1 
				43
				-0.0276246 -0.30138 -0.953104 -0.427745 -0.035904 -0.952553 0.302247 1.79092 -0.998973 0.0425697 0.0154932 -31.4014 0 0 0 1 
				44
				-0.0208411 -0.309908 -0.950538 -0.311891 -0.0259096 -0.950258 0.310385 1.7581 -0.999447 0.0310968 0.0117749 -31.4436 0 0 0 1 
				45
				-0.0139572 -0.319388 -0.947521 -0.200929 -0.0166563 -0.947408 0.319595 1.73134 -0.999764 0.0202429 0.00790331 -31.4814 0 0 0 1 
				46
				-0.00706718 -0.330025 -0.943946 -0.0958554 -0.00823986 -0.943918 0.330077 1.71189 -0.999941 0.0101107 0.00395148 -31.514 0 0 0 1 
				47
				-0.000271969 -0.342021 -0.939692 0.00233179 -0.000750183 -0.939692 0.342021 1.70097 -1 0.00079796 -1.01208e-06 -31.5404 0 0 0 1 
		</Joint>
			3
				-1
				0.220011 0.783304 -0.581404 0.846934 -0.261163 -0.526954 -0.808773 -6.86355 -0.939888 0.32978 0.0886339 -35.7895 0 0 0 1 
				0
				0.200966 0.797444 -0.568943 0.76757 -0.243629 -0.521857 -0.817503 -6.5499 -0.948819 0.302901 0.0894048 -36.2059 0 0 0 1 
				1
				0.180617 0.814702 -0.551034 0.693439 -0.223108 -0.511707 -0.829686 -6.23078 -0.957915 0.272796 0.0893438 -36.6463 0 0 0 1 
				2
				0.158986 0.833762 -0.528739 0.623094 -0.200444 -0.497138 -0.844201 -5.9075 -0.966719 0.240199 0.0880844 -37.1042 0 0 0 1 
				3
				0.136173 0.853386 -0.50318 0.555179 -0.176453 -0.478897 -0.859955 -5.58134 -0.974844 0.20589 0.08537 -37.5732 0 0 0 1 
				4
				0.11237 0.872497 -0.475523 0.488541 -0.151891 -0.457848 -0.875959 -5.2534 -0.981989 0.170659 0.0810755 -38.0474 0 0 0 1 
				5
				0.0878779 0.890192 -0.447031 0.422209 -0.127453 -0.435031 -0.891349 -4.92471 -0.987944 0.135305 0.0752281 -38.521 0 0 0 1 
				6
				0.0631099 0.905751 -0.419085 0.355391 -0.103781 -0.41169 -0.905396 -4.59619 -0.992596 0.100632 0.068018 -38.9881 0 0 0 1 
				7
				0.0385753 0.918673 -0.393132 0.287496 -0.0814223 -0.389227 -0.917536 -4.2686 -0.995933 0.067404 0.0597859 -39.4432 0 0 0 1 
				8
				0.0148381 0.928671 -0.370607 0.218113 -0.0608163 -0.369124 -0.927388 -3.94255 -0.998039 0.0362997 0.0510013 -39.8811 0 0 0 1 
				9
				-0.00749615 0.935612 -0.352951 0.146931 -0.0423181 -0.352942 -0.934688 -3.61855 -0.999076 0.00792967 0.042239 -40.2968 0 0 0 1 
				10
				-0.0277893 0.939426 -0.341623 0.0736779 -0.0262276 -0.342322 -0.939217 -3.29706 -0.99927 -0.0171403 0.0341518 -40.6852 0 0 0 1 
				11
				-0.0454164 0.940038 -0.338032 -0.00196027 -0.0128069 -0.338901 -0.940735 -2.97849 -0.998886 -0.0383956 0.0274307 -41.0414 0 0 0 1 
				12
				-0.0598143 0.937254 -0.343479 -0.0804431 -0.00231337 -0.344224 -0.938885 -2.66334 -0.998207 -0.0553642 0.0227577 -41.3606 0 0 0 1 
				13
				-0.070495 0.930611 -0.359157 -0.162494 0.00493703 -0.359723 -0.933046 -2.35225 -0.9975 -0.0675482 0.0207642 -41.6382 0 0 0 1 
				14
				-0.0770682 0.919208 -0.386156 -0.249255 0.00849882 -0.386688 -0.922171 -2.04614 -0.99699 -0.0743519 0.0219891 -41.8689 0 0 0 1 
				15
				-0.0793162 0.90156 -0.425323 -0.34248 0.00774504 -0.426097 -0.904645 -1.74626 -0.99682 -0.0750471 0.0268137 -42.0478 0 0 0 1 
				16
				-0.0683533 0.858812 -0.507711 -0.477762 -0.0107187 -0.509504 -0.860402 -1.45366 -0.997604 -0.0533693 0.0440316 -42.0646 0 0 0 1 
				17
				-0.0446241 0.76553 -0.641851 -0.690026 -0.0581518 -0.643392 -0.763325 -1.17786 -0.99731 0.00326218 0.0732277 -41.8498 0 0 0 1 
				18
				-0.0241881 0.614612 -0.788459 -0.981141 -0.129856 -0.783939 -0.607105 -0.930615 -0.991238 0.0877011 0.0987728 -41.4617 0 0 0 1 
				19
				-0.0205043 0.415863 -0.909196 -1.34364 -0.215292 -0.88989 -0.402176 -0.714604 -0.976334 0.187496 0.107778 -40.962 0 0 0 1 
				20
				-0.0388326 0.197666 -0.9795 -1.75137 -0.299314 -0.937531 -0.177331 -0.524406 -0.953364 0.286292 0.0955711 -40.4181 0 0 0 1 
				21
				-0.074012 -0.00257874 -0.997254 -2.15475 -0.367096 -0.92971 0.0296484 -0.352988 -0.927234 0.368282 0.067863 -39.9059 0 0 0 1 
				22
				-0.112295 -0.1515 -0.982058 -2.48091 -0.40894 -0.893689 0.184629 -0.19866 -0.905626 0.422335 0.0384028 -39.5105 0 0 0 1 
				23
				-0.137018 -0.226971 -0.964215 -2.6449 -0.421159 -0.867686 0.264097 -0.0676313 -0.896577 0.442274 0.0232977 -39.3191 0 0 0 1 
				24
				-0.149005 -0.257283 -0.954779 -2.69069 -0.416716 -0.859293 0.296586 0.0463761 -0.896741 0.442065 0.0208252 -39.2651 0 0 0 1 
				25
				-0.158705 -0.281136 -0.946454 -2.71643 -0.409855 -0.853348 0.322205 0.155887 -0.898238 0.439045 0.0202057 -39.2273 0 0 0 1 
				26
				-0.166089 -0.299188 -0.939628 -2.72235 -0.400865 -0.850094 0.341537 0.260896 -0.900956 0.433389 0.0212571 -39.2046 0 0 0 1 
				27
				-0.171185 -0.312036 -0.934521 -2.70888 -0.389984 -0.849592 0.355115 0.361444 -0.90477 0.425238 0.023748 -39.1958 0 0 0 1 
				28
				-0.174058 -0.3202 -0.931223 -2.67659 -0.377404 -0.851759 0.363418 0.457577 -0.909544 0.414703 0.0274106 -39.1996 0 0 0 1 
				29
				-0.174805 -0.32414 -0.929718 -2.62619 -0.363284 -0.8564 0.366883 0.549384 -0.915133 0.401885 0.0319483 -39.2149 0 0 0 1 
				30
				-0.173555 -0.324278 -0.929904 -2.55857 -0.347759 -0.863226 0.36593 0.637 -0.921381 0.386891 0.037047 -39.2404 0 0 0 1 
				31
				-0.170455 -0.320994 -0.931616 -2.47475 -0.330944 -0.871883 0.360964 0.720597 -0.928128 0.369841 0.0423858 -39.2747 0 0 0 1 
				32
				-0.165657 -0.314626 -0.934649 -2.37578 -0.312947 -0.881988 0.352365 0.800346 -0.935212 0.350868 0.0476462 -39.3168 0 0 0 1 
				33
				-0.159323 -0.305492 -0.938771 -2.2628 -0.293872 -0.893134 0.340516 0.876444 -0.942473 0.330131 0.0525209 -39.3652 0 0 0 1 
				34
				-0.151628 -0.293917 -0.943728 -2.13708 -0.273832 -0.904907 0.325822 0.94912 -0.94975 0.307826 0.0567253 -39.4189 0 0 0 1 
				35
				-0.142749 -0.280222 -0.949262 -1.99994 -0.252948 -0.916906 0.308709 1.01861 -0.956891 0.284182 0.0600054 -39.4765 0 0 0 1 
				36
				-0.132855 -0.264728 -0.955128 -1.85273 -0.231355 -0.928766 0.289603 1.08516 -0.963755 0.259448 0.0621452 -39.537 0 0 0 1 
				37
				-0.122115 -0.247769 -0.961092 -1.6968 -0.2092 -0.940159 0.268953 1.14901 -0.970218 0.233904 0.0629741 -39.5991 0 0 0 1 
				38
				-0.110695 -0.229708 -0.966944 -1.53365 -0.186655 -0.950806 0.247242 1.21041 -0.976169 0.207854 0.0623737 -39.6619 0 0 0 1 
				39
				-0.0987575 -0.210934 -0.972499 -1.36479 -0.163907 -0.96048 0.224972 1.26964 -0.98152 0.181617 0.060281 -39.7242 0 0 0 1 
				40
				-0.0864467 -0.191841 -0.977611 -1.19174 -0.141156 -0.969027 0.202639 1.32697 -0.986206 0.155513 0.0566896 -39.7851 0 0 0 1 
				41
				-0.0738988 -0.172847 -0.982172 -1.01602 -0.118612 -0.976351 0.180747 1.38267 -0.990187 0.129855 0.0516494 -39.8436 0 0 0 1 
				42
				-0.0612428 -0.154403 -0.986108 -0.839282 -0.0965057 -0.982418 0.159819 1.43705 -0.993447 0.104953 0.0452652 -39.8988 0 0 0 1 
				43
				-0.0485953 -0.13698 -0.989381 -0.663186 -0.0750729 -0.987249 0.140372 1.49043 -0.995993 0.0810971 0.0376921 -39.9498 0 0 0 1 
				44
				-0.03606 -0.121049 -0.991991 -0.489396 -0.0545486 -0.990919 0.122901 1.54315 -0.99786 0.0585435 0.0291295 -39.9959 0 0 0 1 
				45
				-0.0237329 -0.107093 -0.993966 -0.319626 -0.0351679 -0.993541 0.107887 1.59559 -0.9991 0.0375162 0.0198133 -40.0363 0 0 0 1 
				46
				-0.0117059 -0.0956238 -0.995349 -0.155675 -0.0171715 -0.995251 0.0958163 1.64816 -0.999784 0.0182133 0.0100083 -40.0703 0 0 0 1 
				47
				-6.90265e-05 -0.0871571 -0.996195 0.000598538 -0.000795174 -0.996194 0.0871571 1.70134 -1 0.000798165 -5.41232e-07 -40.0971 0 0 0 1 
		</Joint>
			4
				-1
				0.220011 0.783304 -0.581404 2.72744 -0.261163 -0.526954 -0.808773 -9.09685 -0.939888 0.32978 0.0886339 -43.8327 0 0 0 1 
				0
				0.200966 0.797444 -0.568943 2.48508 -0.243629 -0.521857 -0.817503 -8.63318 -0.948819 0.302901 0.0894048 -44.3254 0 0 0 1 
				1
				0.180617 0.814702 -0.551034 2.23679 -0.223108 -0.511707 -0.829686 -8.1385 -0.957915 0.272796 0.0893438 -44.8436 0 0 0 1 
				2
				0.158986 0.833762 -0.528739 1.9813 -0.200444 -0.497138 -0.844201 -7.62133 -0.966719 0.240199 0.0880845 -45.3767 0 0 0 1 
				3
				0.136173 0.853386 -0.50318 1.71813 -0.176453 -0.478897 -0.859955 -7.08993 -0.974844 0.20589 0.08537 -45.9152 0 0 0 1 
				4
				0.11237 0.872497 -0.475523 1.44777 -0.151891 -0.457848 -0.875959 -6.55188 -0.981989 0.170659 0.0810755 -46.4504 0 0 0 1 
				5
				0.0878779 0.890192 -0.447031 1.17182 -0.127453 -0.435031 -0.891349 -6.01415 -0.987944 0.135305 0.0752281 -46.9748 0 0 0 1 
				6
				0.0631098 0.905751 -0.419085 0.89303 -0.103781 -0.41169 -0.905396 -5.48313 -0.992596 0.100632 0.068018 -47.4816 0 0 0 1 
				7
				0.0385753 0.918673 -0.393132 0.615168 -0.0814223 -0.389227 -0.917536 -4.96428 -0.995933 0.067404 0.0597859 -47.9652 0 0 0 1 
				8
				0.0148381 0.928671 -0.370607 0.342648 -0.0608163 -0.369124 -0.927388 -4.46197 -0.998039 0.0362997 0.0510013 -48.421 0 0 0 1 
				9
				-0.00749615 0.935611 -0.352951 0.0803409 -0.0423181 -0.352942 -0.934688 -3.97973 -0.999076 0.00792967 0.042239 -48.8455 0 0 0 1 
				10
				-0.0277893 0.939426 -0.341623 -0.166564 -0.0262276 -0.342322 -0.939217 -3.52058 -0.99927 -0.0171403 0.0341518 -49.2356 0 0 0 1 
				11
				-0.0454164 0.940038 -0.338032 -0.393032 -0.0128069 -0.338901 -0.940735 -3.08718 -0.998886 -0.0383956 0.0274307 -49.5884 0 0 0 1 
				12
				-0.0598143 0.937254 -0.343479 -0.594706 -0.00231337 -0.344224 -0.938885 -2.68223 -0.998207 -0.0553642 0.0227577 -49.9018 0 0 0 1 
				13
				-0.070495 0.930611 -0.359157 -0.76813 0.00493702 -0.359723 -0.933046 -2.30907 -0.9975 -0.0675482 0.0207642 -50.1733 0 0 0 1 
				14
				-0.0770682 0.919208 -0.386156 -0.911106 0.00849882 -0.386688 -0.922171 -1.9724 -0.99699 -0.0743519 0.0219891 -50.3996 0 0 0 1 
				15
				-0.0793162 0.90156 -0.425323 -1.02352 0.00774504 -0.426097 -0.904645 -1.67887 -0.99682 -0.0750471 0.0268137 -50.577 0 0 0 1 
				16
				-0.0683533 0.858812 -0.507711 -1.06488 -0.0107187 -0.509504 -0.860402 -1.54404 -0.997604 -0.0533693 0.0440316 -50.6006 0 0 0 1 
				17
				-0.044624 0.76553 -0.641851 -1.07386 -0.0581518 -0.643392 -0.763325 -1.67377 -0.99731 0.00326218 0.0732277 -50.3835 0 0 0 1 
				18
				-0.0241881 0.614612 -0.788459 -1.18972 -0.129856 -0.783939 -0.607105 -2.03969 -0.991238 0.0877012 0.0987728 -49.9436 0 0 0 1 
				19
				-0.0205043 0.415863 -0.909196 -1.52018 -0.215292 -0.88989 -0.402176 -2.55445 -0.976334 0.187496 0.107778 -49.3166 0 0 0 1 
				20
				-0.0388326 0.197666 -0.9795 -2.08417 -0.299314 -0.937531 -0.177331 -3.08308 -0.953364 0.286292 0.0955711 -48.5765 0 0 0 1 
				21
				-0.0740119 -0.00257874 -0.997254 -2.78803 -0.367096 -0.92971 0.0296484 -3.49167 -0.927234 0.368282 0.067863 -47.8409 0 0 0 1 
				22
				-0.112295 -0.1515 -0.982058 -3.44139 -0.40894 -0.893689 0.184629 -3.69548 -0.905626 0.422336 0.0384028 -47.2607 0 0 0 1 
				23
				-0.137018 -0.226971 -0.964215 -3.81672 -0.421159 -0.867686 0.264096 -3.66908 -0.896577 0.442274 0.0232977 -46.992 0 0 0 1 
				24
				-0.149005 -0.257283 -0.954779 -3.965 -0.416716 -0.859293 0.296586 -3.51708 -0.896741 0.442065 0.0208252 -46.9394 0 0 0 1 
				25
				-0.158705 -0.281136 -0.946454 -4.07368 -0.409855 -0.853348 0.322205 -3.34887 -0.898238 0.439045 0.0202057 -46.9144 0 0 0 1 
				26
				-0.166089 -0.299188 -0.939628 -4.14273 -0.400865 -0.850094 0.341537 -3.16694 -0.900956 0.433389 0.0212571 -46.915 0 0 0 1 
				27
				-0.171185 -0.312036 -0.934521 -4.17283 -0.389984 -0.849592 0.355115 -2.97329 -0.90477 0.425238 0.023748 -46.9387 0 0 0 1 
				28
				-0.174058 -0.3202 -0.931223 -4.16511 -0.377404 -0.851759 0.363418 -2.76951 -0.909544 0.414703 0.0274106 -46.9834 0 0 0 1 
				29
				-0.174805 -0.32414 -0.929718 -4.12109 -0.363284 -0.8564 0.366883 -2.55688 -0.915133 0.401885 0.0319483 -47.0465 0 0 0 1 
				30
				-0.173555 -0.324278 -0.929904 -4.04277 -0.347759 -0.863226 0.36593 -2.33639 -0.921381 0.386892 0.037047 -47.1253 0 0 0 1 
				31
				-0.170455 -0.320994 -0.931616 -3.93243 -0.330944 -0.871883 0.360964 -2.1089 -0.928128 0.369841 0.0423858 -47.2174 0 0 0 1 
				32
				-0.165657 -0.314626 -0.934649 -3.79243 -0.312947 -0.881988 0.352366 -1.87513 -0.935212 0.350868 0.0476462 -47.32 0 0 0 1 
				33
				-0.159323 -0.305492 -0.938771 -3.62527 -0.293872 -0.893134 0.340516 -1.63579 -0.942473 0.330131 0.0525209 -47.4305 0 0 0 1 
				34
				-0.151628 -0.293917 -0.943728 -3.43374 -0.273832 -0.904907 0.325822 -1.3916 -0.94975 0.307826 0.0567253 -47.5464 0 0 0 1 
				35
				-0.142749 -0.280222 -0.949262 -3.22066 -0.252948 -0.916906 0.308709 -1.14338 -0.956891 0.284182 0.0600054 -47.665 0 0 0 1 
				36
				-0.132855 -0.264728 -0.955128 -2.98883 -0.231355 -0.928766 0.289603 -0.89203 -0.963755 0.259448 0.0621452 -47.7842 0 0 0 1 
				37
				-0.122115 -0.247769 -0.961092 -2.74105 -0.2092 -0.940159 0.268953 -0.638587 -0.970218 0.233904 0.0629741 -47.9016 0 0 0 1 
				38
				-0.110695 -0.229708 -0.966944 -2.48023 -0.186655 -0.950806 0.247242 -0.384248 -0.976169 0.207854 0.0623737 -48.0152 0 0 0 1 
				39
				-0.0987575 -0.210934 -0.972499 -2.20928 -0.163907 -0.96048 0.224972 -0.130345 -0.98152 0.181617 0.060281 -48.1232 0 0 0 1 
				40
				-0.0864467 -0.191841 -0.977611 -1.93093 -0.141156 -0.969027 0.202639 0.121677 -0.986206 0.155513 0.0566896 -48.2241 0 0 0 1 
				41
				-0.0738988 -0.172847 -0.982172 -1.6479 -0.118612 -0.976351 0.180747 0.370296 -0.990187 0.129855 0.0516494 -48.3166 0 0 0 1 
				42
				-0.0612428 -0.154403 -0.986108 -1.36291 -0.0965057 -0.982418 0.159819 0.613851 -0.993447 0.104953 0.0452652 -48.3997 0 0 0 1 
				43
				-0.0485952 -0.13698 -0.989381 -1.07864 -0.0750729 -0.987249 0.140372 0.850638 -0.995993 0.0810971 0.0376921 -48.4724 0 0 0 1 
				44
				-0.03606 -0.121049 -0.991991 -0.797633 -0.0545486 -0.990919 0.122901 1.07899 -0.99786 0.0585435 0.0291295 -48.5344 0 0 0 1 
				45
				-0.0237329 -0.107093 -0.993966 -0.522419 -0.0351679 -0.993541 0.107887 1.29727 -0.9991 0.0375162 0.0198133 -48.5854 0 0 0 1 
				46
				-0.0117059 -0.0956238 -0.995349 -0.255588 -0.0171715 -0.995251 0.0958163 1.50384 -0.999784 0.0182133 0.0100083 -48.6251 0 0 0 1 
				47
				-6.90265e-05 -0.0871571 -0.996195 0.000235931 -0.000795174 -0.996194 0.0871571 1.69714 -1 0.000798165 -5.4124e-07 -48.6537 0 0 0 1 
		</Joint>
			5
				-1
				-0.0818977 -0.00122426 -0.99664 3.45036 0.0298099 -0.999555 -0.00122176 -9.95498 -0.996195 -0.0298098 0.0818978 -46.921 0 0 0 1 
				0
				-0.0810073 -0.00170171 -0.996712 3.14542 0.0300765 -0.999547 -0.0007379 -9.4337 -0.99626 -0.0300374 0.0810218 -47.4431 0 0 0 1 
				1
				-0.0801775 -0.00304416 -0.996776 2.83026 0.0303845 -0.999538 0.000608561 -8.87159 -0.996317 -0.0302378 0.0802329 -47.9911 0 0 0 1 
				2
				-0.0793982 -0.00505193 -0.99683 2.5037 0.0307175 -0.999525 0.00261892 -8.27995 -0.99637 -0.0304122 0.0795156 -48.5532 0 0 0 1 
				3
				-0.0786571 -0.00751998 -0.996874 2.16557 0.0310618 -0.999505 0.00508894 -7.66973 -0.996418 -0.0305644 0.0788518 -49.1183 0 0 0 1 
				4
				-0.0779345 -0.0102529 -0.996906 1.817 0.0314113 -0.999476 0.00782372 -7.05096 -0.996464 -0.0307043 0.0782158 -49.677 0 0 0 1 
				5
				-0.0772136 -0.013057 -0.996929 1.46057 0.0317559 -0.999439 0.0106303 -6.43293 -0.996508 -0.0308376 0.077585 -50.221 0 0 0 1 
				6
				-0.0764802 -0.0157274 -0.996947 1.1004 0.0320833 -0.999396 0.0133048 -5.82413 -0.996555 -0.0309678 0.0769387 -50.7431 0 0 0 1 
				7
				-0.0757155 -0.0180617 -0.996966 0.741919 0.0323864 -0.999353 0.0156454 -5.23182 -0.996603 -0.0311035 0.0762514 -51.2376 0 0 0 1 
				8
				-0.0749063 -0.0198649 -0.996993 0.391403 0.0326495 -0.999315 0.0174581 -4.6618 -0.996656 -0.0312436 0.0755035 -51.7004 0 0 0 1 
				9
				-0.074042 -0.0209405 -0.997035 0.0557099 0.0328543 -0.999288 0.018548 -4.11878 -0.996714 -0.0313835 0.0746773 -52.1283 0 0 0 1 
				10
				-0.073102 -0.0210866 -0.997102 -0.257874 0.0329942 -0.99928 0.0187137 -3.60676 -0.996778 -0.0315306 0.0737451 -52.519 0 0 0 1 
				11
				-0.0720641 -0.0201004 -0.997198 -0.542262 0.033063 -0.999296 0.0177534 -3.12927 -0.996852 -0.0316909 0.072678 -52.8706 0 0 0 1 
				12
				-0.0709188 -0.0177861 -0.997324 -0.791245 0.0330399 -0.999334 0.0154725 -2.68983 -0.996935 -0.0318542 0.0714593 -53.1817 0 0 0 1 
				13
				-0.069653 -0.0139465 -0.997474 -0.999764 0.0329073 -0.99939 0.0116754 -2.29284 -0.997028 -0.032011 0.0700695 -53.4509 0 0 0 1 
				14
				-0.0682439 -0.00837938 -0.997633 -1.16434 0.0326577 -0.999447 0.00616065 -1.94448 -0.997134 -0.03216 0.0684798 -53.6756 0 0 0 1 
				15
				-0.0666782 -0.000881929 -0.997774 -1.28414 0.0322747 -0.999478 -0.00127339 -1.65343 -0.997253 -0.0322878 0.0666719 -53.8524 0 0 0 1 
				16
				-0.0650502 0.0067557 -0.997859 -1.28948 0.0318252 -0.999455 -0.00884117 -1.57926 -0.997374 -0.0323321 0.0647997 -53.8786 0 0 0 1 
				17
				-0.0631957 0.0126883 -0.99792 -1.22049 0.0315483 -0.999394 -0.0147049 -1.86484 -0.997502 -0.032412 0.0627571 -53.6605 0 0 0 1 
				18
				-0.0612064 0.0170904 -0.997979 -1.2692 0.0313338 -0.999328 -0.0190352 -2.46638 -0.997633 -0.0324356 0.0606297 -53.2006 0 0 0 1 
				19
				-0.0591617 0.0201112 -0.998046 -1.58755 0.0310896 -0.999275 -0.0219789 -3.26186 -0.997764 -0.0323291 0.0584936 -52.5247 0 0 0 1 
				20
				-0.0570049 0.0219296 -0.998133 -2.21177 0.0308744 -0.999242 -0.0237173 -4.06657 -0.997896 -0.0321688 0.0562846 -51.709 0 0 0 1 
				21
				-0.0548782 0.0227023 -0.998235 -3.03122 0.0306736 -0.999231 -0.0244112 -4.69788 -0.998022 -0.0319591 0.0541396 -50.8876 0 0 0 1 
				22
				-0.0526611 0.0225875 -0.998357 -3.81037 0.0304721 -0.999242 -0.0242149 -5.03918 -0.998148 -0.0316972 0.0519329 -50.2364 0 0 0 1 
				23
				-0.050276 0.0217749 -0.998498 -4.26694 0.0302341 -0.999271 -0.0233141 -5.05292 -0.998277 -0.0313608 0.049581 -49.938 0 0 0 1 
				24
				-0.0479283 0.0207032 -0.998636 -4.45461 0.0299135 -0.999307 -0.0221528 -4.88633 -0.998403 -0.0309345 0.0472758 -49.8859 0 0 0 1 
				25
				-0.0455627 0.0197606 -0.998766 -4.59515 0.0295032 -0.999342 -0.0211179 -4.69558 -0.998526 -0.030429 0.0449497 -49.8658 0 0 0 1 
				26
				-0.0431847 0.0189273 -0.998888 -4.68847 0.0290026 -0.999375 -0.0201904 -4.48411 -0.998646 -0.0298422 0.0426088 -49.8753 0 0 0 1 
				27
				-0.0408039 0.0181902 -0.999002 -4.73531 0.0284118 -0.999409 -0.019358 -4.2547 -0.998763 -0.0291733 0.040263 -49.9116 0 0 0 1 
				28
				-0.0384226 0.0175363 -0.999108 -4.73703 0.0277305 -0.999442 -0.0186086 -4.00959 -0.998877 -0.0284207 0.0379149 -49.972 0 0 0 1 
				29
				-0.0360413 0.0169497 -0.999206 -4.69547 0.0269584 -0.999476 -0.0179266 -3.75056 -0.998987 -0.0275831 0.0355654 -50.0534 0 0 0 1 
				30
				-0.03367 0.0164125 -0.999298 -4.61304 0.0260966 -0.99951 -0.0172953 -3.47906 -0.999092 -0.0266606 0.0332252 -50.1528 0 0 0 1 
				31
				-0.0313197 0.0159064 -0.999383 -4.49251 0.0251475 -0.999544 -0.016697 -3.19632 -0.999193 -0.025655 0.0309054 -50.267 0 0 0 1 
				32
				-0.0289907 0.0154194 -0.999461 -4.33674 0.0241116 -0.999579 -0.0161206 -2.90342 -0.999289 -0.0245659 0.0286068 -50.3929 0 0 0 1 
				33
				-0.0266836 0.0149384 -0.999532 -4.14878 0.0229885 -0.999615 -0.0155533 -2.6014 -0.99938 -0.0233928 0.0263299 -50.5273 0 0 0 1 
				34
