<?xml version='1.0' encoding='UTF-8' ?>
<itpanim>
	<skeleton count>
		25
			0 -1
			1.37091e-06 -1 -6.12323e-17 1.44664e-05 1 1.37091e-06 -6.12323e-17 -3.33788e-06 6.12323e-17 -6.12323e-17 1 44.5 0 0 0 1 
			1 0
			1.3868e-06 4.78456e-08 -1 -44.5 2.75771e-06 -1 -4.78418e-08 1.44666e-05 -1 -2.75771e-06 -1.3868e-06 -5.83747e-05 0 0 0 1 
			2 1
			1.40269e-06 -0.000796318 -1 -49.6773 0 -1 0.000796318 0.0514213 -1 -1.11699e-09 -1.40269e-06 3.19526e-06 0 0 0 1 
			3 2
			1.40269e-06 -0.000796318 -1 -64.5592 0 -1 0.000796318 0.0632714 -1 -1.11699e-09 -1.40269e-06 3.16239e-06 0 0 0 1 
			4 3
			1.40269e-06 -0.000796318 -1 -79.4411 0 -1 0.000796318 0.06596 -1 -1.11699e-09 -1.40269e-06 3.15493e-06 0 0 0 1 
			5 4
			1 1.37091e-06 4.37113e-08 -1.60435 -1.37091e-06 1 3.58059e-15 -1.09939e-05 -4.37113e-08 -6.35048e-14 1 79.4411 0 0 0 1 
			6 5
			0.995014 0.0902305 0.042489 -5.65533 -0.0897157 0.995871 -0.0138741 -0.287945 -0.0435655 0.00999304 0.999001 79.7571 0 0 0 1 
			7 6
			0.994845 -0.0912189 0.0442967 -20.654 0.0915704 0.995781 -0.00596753 -4.08763 -0.0435655 0.00999304 0.999001 79.7571 0 0 0 1 
			8 7
			0.994845 -0.0912189 0.0442967 -36.0513 -0.0434925 0.0107859 0.998995 79.7539 -0.091605 -0.995772 0.00676301 4.15114 0 0 0 1 
			9 4
			-1 -1.37091e-06 4.37114e-08 -1.60434 -1.37091e-06 1 3.84662e-15 -1.09939e-05 -4.37115e-08 -5.60777e-14 -1 -79.4411 0 0 0 1 
			10 9
			-0.995014 0.0902277 0.042489 -5.65533 0.089713 0.995871 -0.0138741 -0.287946 -0.0435654 -0.00999315 -0.999001 -79.7571 0 0 0 1 
			11 10
			-0.994845 -0.0912216 0.0442967 -20.654 -0.0915731 0.995781 -0.00596753 -4.08763 -0.0435654 -0.00999315 -0.999001 -79.7571 0 0 0 1 
			12 11
			-0.994845 -0.0912216 0.0442967 -36.0513 0.0434925 0.0107861 0.998995 79.7539 -0.0916078 0.995772 -0.00676301 -4.15114 0 0 0 1 
			13 4
			1.34309e-06 -5.95475e-08 -1 -82.8177 -1.40269e-06 -1 5.95456e-08 1.08462e-05 -1 1.40269e-06 -1.34309e-06 -0.000107894 0 0 0 1 
			14 13
			1 -0 0 0 0 1 0 0 -0 -0 1 -0 0 0 0 1 
			15 2
			1.37369e-06 -0.0998334 0.995004 44.2777 0 -0.995004 -0.0998334 -4.44257 1 1.3714e-07 -1.36683e-06 -4.58386 0 0 0 1 
			16 15
			1.37369e-06 0.0998334 0.995004 24.6789 0 -0.995004 0.0998334 0.469723 1 -1.3714e-07 -1.36683e-06 -4.58386 0 0 0 1 
			17 16
			1.3716e-06 -6.00745e-14 1 4.70494 0 -1 -6.00745e-14 1.29981e-05 1 8.23984e-20 -1.3716e-06 -4.58386 0 0 0 1 
			18 17
			1.3723e-06 -1 -6.00133e-14 -6.78409 0 6.00133e-14 -1 -0.105526 1 1.3723e-06 8.23562e-20 -4.58386 0 0 0 1 
			19 18
			1 -0 0 0 0 1 0 0 -0 -0 1 -0 0 0 0 1 
			20 2
			1.37369e-06 -0.0998334 0.995004 44.2777 0 -0.995004 -0.0998334 -4.44257 1 1.3714e-07 -1.36683e-06 4.58386 0 0 0 1 
			21 20
			1.37369e-06 0.0998334 0.995004 24.6789 0 -0.995004 0.0998334 0.469723 1 -1.3714e-07 -1.36683e-06 4.58386 0 0 0 1 
			22 21
			1.3716e-06 -6.00745e-14 1 4.70494 0 -1 -6.00745e-14 1.29981e-05 1 8.23984e-20 -1.3716e-06 4.58386 0 0 0 1 
			23 22
			1.3723e-06 -1 5.98908e-14 -6.78409 0 -5.98908e-14 -1 -0.105526 1 1.3723e-06 -8.21882e-20 4.58386 0 0 0 1 
			24 23
			1 -0 0 0 0 1 0 0 -0 -0 1 -0 0 0 0 1 
	</skeleton>
		<animations>
			33
			0
				-1
				1.33158e-06 1 0 3.38214e-06 -1 1.33158e-06 0 1.01295 -0 -0 1 -48.4072 0 0 0 1 
				0
				1.33143e-06 1 1.96948e-08 3.02718e-06 -0.999886 1.33157e-06 -0.0150938 -7.10742 -0.0150938 4.03792e-10 0.999886 -42.0705 0 0 0 1 
				1
				1.33047e-06 1 5.44837e-08 2.6416e-06 -0.999163 1.33158e-06 -0.0408947 -15.9286 -0.0408947 -2.90811e-11 0.999163 -35.1868 0 0 0 1 
				2
				1.33016e-06 1 6.15834e-08 2.31447e-06 -0.99893 1.33158e-06 -0.0462484 -23.4124 -0.0462484 -0 0.99893 -29.3468 0 0 0 1 
				3
				1.33158e-06 1 0 2.13491e-06 -1 1.33158e-06 0 -27.5203 -0 -0 1 -26.1412 0 0 0 1 
				4
				1.32625e-06 1 -1.20515e-07 2.06938e-06 -0.996 1.33172e-06 0.0893582 -29.0194 0.0893582 1.52141e-09 0.996 -24.9714 0 0 0 1 
				5
				1.30701e-06 1 -2.64166e-07 2.02664e-06 -0.981546 1.3334e-06 0.191225 -29.9971 0.191225 9.35788e-09 0.981546 -24.2084 0 0 0 1 
				6
				1.2698e-06 1 -3.87629e-07 2.00339e-06 -0.953607 1.32759e-06 0.301054 -30.529 0.301054 -1.2633e-08 0.953607 -23.7933 0 0 0 1 
				7
				1.091e-06 1 -5.12289e-07 1.99633e-06 -0.910363 1.2052e-06 0.413811 -30.6906 0.413811 1.49012e-08 0.910363 -23.6672 0 0 0 1 
				8
				1.1338e-06 1 -6.98078e-07 2.00226e-06 -0.851467 1.33147e-06 0.524408 -30.555 0.524408 -1.82097e-10 0.851467 -23.7731 0 0 0 1 
				9
				9.32582e-07 1 -7.2742e-07 2.01798e-06 -0.778175 1.18257e-06 0.628048 -30.1953 0.628048 -1.96466e-08 0.778175 -24.0538 0 0 0 1 
				10
				9.23221e-07 1 -9.88779e-07 2.0402e-06 -0.693327 1.35263e-06 0.720623 -29.6869 0.720623 2.02526e-08 0.693327 -24.4505 0 0 0 1 
				11
				8.00333e-07 1 -1.06422e-06 2.06562e-06 -0.60104 1.33158e-06 0.799219 -29.1054 0.799219 -8.46206e-23 0.60104 -24.9042 0 0 0 1 
				12
				6.74055e-07 1 -1.12785e-06 2.09104e-06 -0.506207 1.31388e-06 0.862412 -28.524 0.862412 -1.03884e-08 0.506207 -25.358 0 0 0 1 
				13
				5.5139e-07 1 -1.30152e-06 2.11326e-06 -0.414087 1.41302e-06 0.910237 -28.0156 0.910237 3.70485e-08 0.414087 -25.7547 0 0 0 1 
				14
				4.39389e-07 1 -1.38602e-06 2.12898e-06 -0.329976 1.45338e-06 0.943989 -27.6559 0.943989 4.25758e-08 0.329976 -26.0354 0 0 0 1 
				15
				3.44638e-07 1 -1.40136e-06 2.13491e-06 -0.258819 1.4428e-06 0.965926 -27.5203 0.965926 2.98023e-08 0.258819 -26.1412 0 0 0 1 
				16
				2.23773e-07 1 -1.17944e-06 2.13491e-06 -0.210064 1.20013e-06 0.977688 -27.5203 0.977688 2.89761e-08 0.210064 -26.1412 0 0 0 1 
				17
				2.49085e-07 1 -1.58867e-06 2.13491e-06 -0.18706 1.60722e-06 0.982348 -27.5203 0.982348 5.24869e-08 0.18706 -26.1412 0 0 0 1 
				18
				2.45135e-07 1 -1.05682e-06 2.13491e-06 -0.184093 1.08389e-06 0.982909 -27.5203 0.982909 -4.63919e-08 0.184093 -26.1412 0 0 0 1 
				19
				1.81845e-07 1 -1.52524e-06 2.13491e-06 -0.19509 1.53141e-06 0.980785 -27.5203 0.980785 1.19209e-07 0.19509 -26.1412 0 0 0 1 
				20
				2.28032e-07 1 -1.54087e-06 2.13491e-06 -0.214061 1.55397e-06 0.97682 -27.5203 0.97682 1.07095e-07 0.214061 -26.1412 0 0 0 1 
				21
				2.81672e-07 1 -1.44785e-06 2.13491e-06 -0.235036 1.4735e-06 0.971987 -27.5203 0.971987 6.6516e-08 0.235036 -26.1412 0 0 0 1 
				22
				1.00646e-07 1 -9.64045e-07 2.13491e-06 -0.251945 9.58303e-07 0.967741 -27.5203 0.967741 1.45488e-07 0.251945 -26.1412 0 0 0 1 
				23
				3.44638e-07 1 -1.40136e-06 2.13491e-06 -0.258819 1.4428e-06 0.965926 -27.5203 0.965926 2.98023e-08 0.258819 -26.1412 0 0 0 1 
				24
				3.10175e-07 1 -1.52192e-06 2.13491e-06 -0.258819 1.55034e-06 0.965926 -27.5203 0.965926 9.42964e-08 0.258819 -26.1412 0 0 0 1 
				25
				3.10175e-07 1 -1.44546e-06 2.13491e-06 -0.258819 1.47648e-06 0.965926 -27.5203 0.965926 7.45058e-08 0.258819 -26.1412 0 0 0 1 
				26
				3.10174e-07 1 -1.39328e-06 2.13491e-06 -0.258819 1.42608e-06 0.965926 -27.5203 0.965926 6.10016e-08 0.258819 -26.1412 0 0 0 1 
				27
				3.44638e-07 1 -1.40136e-06 2.13491e-06 -0.258819 1.4428e-06 0.965926 -27.5203 0.965926 2.98023e-08 0.258819 -26.1412 0 0 0 1 
				28
				3.10174e-07 1 -1.39328e-06 2.13491e-06 -0.258819 1.42608e-06 0.965926 -27.5203 0.965926 6.10016e-08 0.258819 -26.1412 0 0 0 1 
				29
				3.10175e-07 1 -1.44546e-06 2.13491e-06 -0.258819 1.47648e-06 0.965926 -27.5203 0.965926 7.45058e-08 0.258819 -26.1412 0 0 0 1 
				30
				3.10175e-07 1 -1.52192e-06 2.13491e-06 -0.258819 1.55034e-06 0.965926 -27.5203 0.965926 9.42964e-08 0.258819 -26.1412 0 0 0 1 
				31
				3.44638e-07 1 -1.40136e-06 2.13491e-06 -0.258819 1.4428e-06 0.965926 -27.5203 0.965926 2.98023e-08 0.258819 -26.1412 0 0 0 1 
		</Joint>
			1
				-1
				1.33158e-06 2.66316e-06 -1 3.38214e-06 0 -1 -2.66316e-06 1.01295 -1 3.54621e-12 -1.33158e-06 -48.4072 0 0 0 1 
				0
				-1.9693e-08 2.66301e-06 -1 3.02718e-06 0.0150925 -0.999886 -2.663e-06 -7.10742 -0.999886 -0.0150925 -2.05006e-08 -42.0705 0 0 0 1 
				1
				-5.4482e-08 2.66205e-06 -1 2.6416e-06 0.0408934 -0.999163 -2.66205e-06 -15.9286 -0.999163 -0.0408934 -5.44238e-08 -35.1868 0 0 0 1 
				2
				-6.15816e-08 2.66174e-06 -1 2.31447e-06 0.046247 -0.99893 -2.66174e-06 -23.4124 -0.99893 -0.046247 -6.15816e-08 -29.3468 0 0 0 1 
				3
				1.33158e-06 2.66316e-06 -1 2.13491e-06 0 -1 -2.66316e-06 -27.5203 -1 3.54621e-12 -1.33158e-06 -26.1412 0 0 0 1 
				4
				1.20517e-07 2.65783e-06 -1 2.06938e-06 -0.0893595 -0.995999 -2.65797e-06 -29.0194 -0.995999 0.0893595 1.17468e-07 -24.9714 0 0 0 1 
				5
				2.64168e-07 2.63859e-06 -1 2.02664e-06 -0.191227 -0.981546 -2.64041e-06 -29.9971 -0.981546 0.191227 2.45276e-07 -24.2084 0 0 0 1 
				6
				3.87631e-07 2.60139e-06 -1 2.00339e-06 -0.301055 -0.953607 -2.5974e-06 -30.529 -0.953607 0.301055 4.13512e-07 -23.7933 0 0 0 1 
				7
				5.1229e-07 2.42258e-06 -1 1.99633e-06 -0.413812 -0.910362 -2.41742e-06 -30.6906 -0.910362 0.413812 5.36123e-07 -23.6672 0 0 0 1 
				8
				6.9808e-07 2.46538e-06 -1 2.00226e-06 -0.524409 -0.851466 -2.46526e-06 -30.555 -0.851466 0.524409 6.98476e-07 -23.7731 0 0 0 1 
				9
				7.27421e-07 2.26416e-06 -1 2.01798e-06 -0.628049 -0.778174 -2.21877e-06 -30.1953 -0.778174 0.628049 8.55944e-07 -24.0538 0 0 0 1 
				10
				9.8878e-07 2.2548e-06 -1 2.0402e-06 -0.720624 -0.693326 -2.27585e-06 -29.6869 -0.693326 0.720624 9.39316e-07 -24.4505 0 0 0 1 
				11
				1.06423e-06 2.13191e-06 -1 2.06562e-06 -0.799219 -0.601039 -2.13191e-06 -29.1054 -0.601039 0.799219 1.06423e-06 -24.9042 0 0 0 1 
				12
				1.12785e-06 2.00563e-06 -1 2.09104e-06 -0.862413 -0.506206 -1.98794e-06 -28.524 -0.506206 0.862413 1.15876e-06 -25.358 0 0 0 1 
				13
				1.30153e-06 1.88297e-06 -1 2.11326e-06 -0.910238 -0.414085 -1.96441e-06 -28.0156 -0.414085 0.910238 1.17501e-06 -25.7547 0 0 0 1 
				14
				1.38603e-06 1.77097e-06 -1 2.12898e-06 -0.94399 -0.329975 -1.89277e-06 -27.6559 -0.329975 0.94399 1.21442e-06 -26.0354 0 0 0 1 
				15
				1.40136e-06 1.67622e-06 -1 2.13491e-06 -0.965926 -0.258818 -1.78744e-06 -27.5203 -0.258818 0.965926 1.25641e-06 -26.1412 0 0 0 1 
				16
				1.17944e-06 1.55535e-06 -1 2.13491e-06 -0.977688 -0.210062 -1.47984e-06 -27.5203 -0.210062 0.977688 1.27289e-06 -26.1412 0 0 0 1 
				17
				1.58867e-06 1.58066e-06 -1 2.13491e-06 -0.982349 -0.187059 -1.8563e-06 -27.5203 -0.187059 0.982349 1.25559e-06 -26.1412 0 0 0 1 
				18
				1.05682e-06 1.57671e-06 -1 2.13491e-06 -0.982909 -0.184092 -1.32902e-06 -27.5203 -0.184092 0.982909 1.35521e-06 -26.1412 0 0 0 1 
				19
				1.52524e-06 1.51342e-06 -1 2.13491e-06 -0.980786 -0.195089 -1.79119e-06 -27.5203 -0.195089 0.980786 1.18679e-06 -26.1412 0 0 0 1 
				20
				1.54087e-06 1.55961e-06 -1 2.13491e-06 -0.97682 -0.21406 -1.83901e-06 -27.5203 -0.21406 0.97682 1.19362e-06 -26.1412 0 0 0 1 
				21
				1.44785e-06 1.61325e-06 -1 2.13491e-06 -0.971987 -0.235035 -1.78647e-06 -27.5203 -0.235035 0.971987 1.22776e-06 -26.1412 0 0 0 1 
				22
				9.64045e-07 1.43222e-06 -1 2.13491e-06 -0.967742 -0.251944 -1.29379e-06 -27.5203 -0.251944 0.967742 1.14314e-06 -26.1412 0 0 0 1 
				23
				1.40136e-06 1.67622e-06 -1 2.13491e-06 -0.965926 -0.258818 -1.78744e-06 -27.5203 -0.258818 0.965926 1.25641e-06 -26.1412 0 0 0 1 
				24
				1.52192e-06 1.64175e-06 -1 2.13491e-06 -0.965926 -0.258818 -1.89498e-06 -27.5203 -0.258818 0.965926 1.19191e-06 -26.1412 0 0 0 1 
				25
				1.44546e-06 1.64175e-06 -1 2.13491e-06 -0.965926 -0.258818 -1.82112e-06 -27.5203 -0.258818 0.965926 1.2117e-06 -26.1412 0 0 0 1 
				26
				1.39328e-06 1.64175e-06 -1 2.13491e-06 -0.965926 -0.258818 -1.77072e-06 -27.5203 -0.258818 0.965926 1.22521e-06 -26.1412 0 0 0 1 
				27
				1.40136e-06 1.67622e-06 -1 2.13491e-06 -0.965926 -0.258818 -1.78744e-06 -27.5203 -0.258818 0.965926 1.25641e-06 -26.1412 0 0 0 1 
				28
				1.39328e-06 1.64175e-06 -1 2.13491e-06 -0.965926 -0.258818 -1.77072e-06 -27.5203 -0.258818 0.965926 1.22521e-06 -26.1412 0 0 0 1 
				29
				1.44546e-06 1.64175e-06 -1 2.13491e-06 -0.965926 -0.258818 -1.82112e-06 -27.5203 -0.258818 0.965926 1.2117e-06 -26.1412 0 0 0 1 
				30
				1.52192e-06 1.64175e-06 -1 2.13491e-06 -0.965926 -0.258818 -1.89498e-06 -27.5203 -0.258818 0.965926 1.19191e-06 -26.1412 0 0 0 1 
				31
				1.40136e-06 1.67622e-06 -1 2.13491e-06 -0.965926 -0.258818 -1.78744e-06 -27.5203 -0.258818 0.965926 1.25641e-06 -26.1412 0 0 0 1 
		</Joint>
			2
				-1
				-0.000201531 1.21675e-06 -1 1.05157e-05 -0.0132476 -0.999912 1.45316e-06 1.02479 -0.999912 0.0132476 0.000201529 -53.5847 0 0 0 1 
				0
				-0.000201558 8.1122e-07 -1 1.0064e-05 0.00385891 -0.999993 -1.58901e-06 -7.01744 -0.999993 -0.00385891 0.000201554 -47.2472 0 0 0 1 
				1
				-0.000201604 1.1756e-07 -1 9.50609e-06 0.0331062 -0.999452 -6.79185e-06 -15.7051 -0.999452 -0.0331062 0.00020149 -40.3594 0 0 0 1 
				2
				-0.000201614 -2.62442e-08 -1 9.14371e-06 0.0391754 -0.999232 -7.87208e-06 -23.1611 -0.999232 -0.0391754 0.00020146 -34.5182 0 0 0 1 
				3
				-0.000201531 1.21675e-06 -1 9.26838e-06 -0.0132476 -0.999912 1.45316e-06 -27.5084 -0.999912 0.0132476 0.000201529 -31.3187 0 0 0 1 
				4
				-0.000267998 0.000832162 -1 -1.92574e-08 -0.114239 -0.993453 -0.000796099 -29.4702 -0.993453 0.114239 0.000361309 -30.1294 0 0 0 1 
				5
				-0.000425291 0.00303382 -0.999995 -2.5408e-05 -0.228663 -0.973501 -0.0028562 -30.9756 -0.973505 0.228661 0.00110775 -29.2929 0 0 0 1 
				6
				-0.000610835 0.00614626 -0.999981 -6.16738e-05 -0.35095 -0.936378 -0.00554096 -32.0766 -0.936394 0.35094 0.002729 -28.7347 0 0 0 1 
				7
				-0.000773269 0.00970814 -0.999952 -0.000103243 -0.474876 -0.880015 -0.00817649 -32.8227 -0.880052 0.474847 0.00529065 -28.3861 0 0 0 1 
				8
				-0.000876728 0.013272 -0.999912 -0.000144507 -0.594154 -0.804287 -0.0101545 -33.2605 -0.804351 0.594092 0.00859077 -28.1885 0 0 0 1 
				9
				-0.00090138 0.016389 -0.999865 -0.000181275 -0.702959 -0.711145 -0.0110228 -33.4385 -0.71123 0.702854 0.0121618 -28.091 0 0 0 1 
				10
				-0.000843292 0.0185961 -0.999827 -0.000206055 -0.796523 -0.604516 -0.0105718 -33.4107 -0.604608 0.796376 0.015322 -28.0495 0 0 0 1 
				11
				-0.000716529 0.01943 -0.999811 -0.000215522 -0.871779 -0.489817 -0.00889418 -33.2375 -0.489898 0.871608 0.0172897 -28.0264 0 0 0 1 
				12
				-0.000548072 0.0184429 -0.99983 -0.00020347 -0.927716 -0.373233 -0.00637615 -32.9846 -0.373287 0.927554 0.0173144 -27.9898 0 0 0 1 
				13
				-0.000375348 0.015188 -0.999885 -0.000163978 -0.965299 -0.261122 -0.00360402 -32.7252 -0.261147 0.965186 0.014759 -27.91 0 0 0 1 
				14
				-0.000243364 0.0092049 -0.999957 -9.26254e-05 -0.987185 -0.159573 -0.00122866 -32.5414 -0.159578 0.987143 0.00912578 -27.7555 0 0 0 1 
				15
				-0.000196584 3.49204e-05 -1 1.61244e-05 -0.997262 -0.0739509 0.000193463 -32.5203 -0.0739509 0.997262 4.93624e-05 -27.493 0 0 0 1 
				16
				-0.000323114 -0.0331361 -0.999451 0.00040804 -0.999844 -0.0176601 0.000908749 -32.5819 -0.0176805 0.999295 -0.0331252 -27.2406 0 0 0 1 
				17
				-0.000517439 -0.0925529 -0.995707 0.00111419 -0.999987 0.00510067 4.55455e-05 -32.6063 0.00507456 0.995695 -0.0925543 -27.1215 0 0 0 1 
				18
				-0.000462138 -0.148945 -0.988845 0.00177968 -0.999989 0.00465527 -0.000233858 -32.6092 0.00463818 0.988834 -0.148946 -27.1061 0 0 0 1 
				19
				-0.000334765 -0.173614 -0.984814 0.00207452 -0.999963 -0.00839196 0.00181934 -32.598 -0.00858038 0.984778 -0.173605 -27.163 0 0 0 1 
				20
				-0.000313505 -0.146955 -0.989143 0.00175858 -0.999609 -0.0276054 0.0044181 -32.5773 -0.027955 0.988758 -0.146889 -27.2612 0 0 0 1 
				21
				-0.000265945 -0.087121 -0.996198 0.00104909 -0.998776 -0.0492462 0.00457339 -32.552 -0.0494574 0.99498 -0.0870013 -27.3699 0 0 0 1 
				22
				-0.000218563 -0.0269709 -0.999636 0.000333873 -0.997762 -0.0668293 0.00202126 -32.5298 -0.0668595 0.9974 -0.026896 -27.4575 0 0 0 1 
				23
				-0.000196584 3.49204e-05 -1 1.61244e-05 -0.997262 -0.0739509 0.000193463 -32.5203 -0.0739509 0.997262 4.93624e-05 -27.493 0 0 0 1 
				24
				-0.000217976 -0.0269708 -0.999636 0.00033676 -0.997262 -0.0739185 0.00221183 -32.5203 -0.0739512 0.9969 -0.0268809 -27.493 0 0 0 1 
				25
				-0.000265941 -0.0871209 -0.996198 0.00104908 -0.997262 -0.0736497 0.00670714 -32.5203 -0.073954 0.993471 -0.0868628 -27.493 0 0 0 1 
				26
				-0.000313637 -0.146955 -0.989143 0.00175782 -0.997261 -0.0731105 0.0111781 -32.5203 -0.0739594 0.986437 -0.146529 -27.4929 0 0 0 1 
				27
				-0.000334856 -0.173614 -0.984814 0.00207387 -0.997261 -0.0727817 0.0131698 -32.5203 -0.0739629 0.982121 -0.173114 -27.4929 0 0 0 1 
				28
				-0.000319976 -0.154913 -0.987928 0.00185217 -0.997261 -0.0730181 0.0117727 -32.5203 -0.0739604 0.985226 -0.154465 -27.4929 0 0 0 1 
				29
				-0.000283229 -0.108832 -0.99406 0.00130638 -0.997261 -0.0734855 0.00832952 -32.5203 -0.0739556 0.99134 -0.108513 -27.493 0 0 0 1 
				30
				-0.000237605 -0.0516257 -0.998666 0.000628901 -0.997262 -0.0738411 0.00405446 -32.5203 -0.073952 0.995933 -0.0514668 -27.493 0 0 0 1 
				31
				-0.000196584 3.49204e-05 -1 1.61244e-05 -0.997262 -0.0739509 0.000193463 -32.5203 -0.0739509 0.997262 4.93624e-05 -27.493 0 0 0 1 
		</Joint>
			3
				-1
				-0.000413847 6.56914e-06 -1 -0.00298875 -0.0256174 -0.999672 4.03469e-06 0.839492 -0.999672 0.0256174 0.000413879 -68.4656 0 0 0 1 
				0
				-0.000413896 5.331e-06 -1 -0.0029896 -0.00650066 -0.999979 -2.64029e-06 -6.94816 -0.999979 0.00650065 0.000413922 -62.129 0 0 0 1 
				1
				-0.000413972 3.2153e-06 -1 -0.00299082 0.0261912 -0.999657 -1.40566e-05 -15.2006 -0.999657 -0.0261912 0.000413746 -55.2328 0 0 0 1 
				2
				-0.000413987 2.77696e-06 -1 -0.00299131 0.0329759 -0.999456 -1.64271e-05 -22.5663 -0.999456 -0.0329759 0.00041367 -49.3883 0 0 0 1 
				3
				-0.000413847 6.56914e-06 -1 -0.00299 -0.0256174 -0.999672 4.03469e-06 -27.6937 -0.999672 0.0256174 0.000413879 -46.1996 0 0 0 1 
				4
				-0.00052675 0.00167233 -0.999998 -0.00400818 -0.138182 -0.990406 -0.0015835 -31.1586 -0.990407 0.138181 0.000752781 -44.9155 0 0 0 1 
				5
				-0.000747822 0.00608335 -0.999981 -0.00642666 -0.264923 -0.964253 -0.00566788 -34.3671 -0.964269 0.264913 0.00233271 -43.7837 0 0 0 1 
				6
				-0.000913037 0.0123179 -0.999923 -0.00929809 -0.399068 -0.916856 -0.0109302 -37.2885 -0.916921 0.399028 0.00575279 -42.6747 0 0 0 1 
				7
				-0.000902975 0.0194479 -0.99981 -0.0118414 -0.532997 -0.845966 -0.015974 -39.8797 -0.846116 0.532882 0.0111296 -41.4893 0 0 0 1 
				8
				-0.000657173 0.0265713 -0.999647 -0.0135068 -0.659035 -0.751858 -0.0195517 -42.0937 -0.752112 0.658789 0.0180055 -40.1665 0 0 0 1 
				9
				-0.000179315 0.0327851 -0.999462 -0.013984 -0.770218 -0.637442 -0.0207716 -43.8923 -0.637781 0.7698 0.025366 -38.6846 0 0 0 1 
				10
				0.000459031 0.0371618 -0.999309 -0.0131962 -0.861118 -0.508039 -0.0192882 -45.2584 -0.508404 0.860532 0.0317675 -37.0574 0 0 0 1 
				11
				0.00111821 0.0387817 -0.999247 -0.0113384 -0.928653 -0.370629 -0.0154236 -46.2068 -0.370948 0.927971 0.0356003 -35.328 0 0 0 1 
				12
				0.00160622 0.0367642 -0.999323 -0.00879553 -0.972464 -0.232832 -0.0101287 -46.788 -0.233046 0.971822 0.0353779 -33.5565 0 0 0 1 
				13
				0.00169015 0.0302387 -0.999541 -0.00610827 -0.994763 -0.102093 -0.00477066 -47.0894 -0.102191 0.994315 0.0299078 -31.8081 0 0 0 1 
				14
				0.0011093 0.0183151 -0.999832 -0.00393143 -0.999889 0.014889 -0.000836626 -47.2327 0.0148712 0.999721 0.0183296 -30.1421 0 0 0 1 
				15
				-0.000394813 0.000110488 -1 -0.00291075 -0.993635 0.112647 0.000404747 -47.3628 0.112647 0.993635 6.53105e-05 -28.6053 0 0 0 1 
				16
				-0.00700967 -0.0655535 -0.997824 -0.00362375 -0.984652 0.174469 -0.00454484 -47.4635 0.174387 0.982478 -0.0657704 -27.5154 0 0 0 1 
				17
				-0.0187293 -0.182507 -0.983026 -0.00442351 -0.980566 0.195397 -0.0175947 -47.4903 0.195292 0.963593 -0.18262 -27.0574 0 0 0 1 
				18
				-0.0288924 -0.291855 -0.956026 -0.0016394 -0.981324 0.190249 -0.0284222 -47.4932 0.190178 0.93735 -0.291902 -27.0481 0 0 0 1 
				19
				-0.0329287 -0.33891 -0.940243 0.00110919 -0.984109 0.175233 -0.0286976 -47.4815 0.174487 0.924356 -0.339294 -27.3016 0 0 0 1 
				20
				-0.0279354 -0.288124 -0.957186 0.000507112 -0.987329 0.157587 -0.0186205 -47.4552 0.156205 0.944537 -0.288876 -27.6884 0 0 0 1 
				21
				-0.0167262 -0.172014 -0.984952 -0.000870566 -0.990531 0.137101 -0.00712246 -47.4173 0.136263 0.975507 -0.172678 -28.1175 0 0 0 1 
				22
				-0.00545601 -0.0534071 -0.998558 -0.00228593 -0.992803 0.119754 -0.000980412 -47.3798 0.119634 0.991366 -0.0536762 -28.4642 0 0 0 1 
				23
				-0.000394813 0.000110488 -1 -0.00291075 -0.993635 0.112647 0.000404747 -47.3628 0.112647 0.993635 6.53105e-05 -28.6053 0 0 0 1 
				24
				-0.00545542 -0.0534072 -0.998558 -0.00227428 -0.993628 0.112703 -0.000599375 -47.3628 0.112573 0.992192 -0.0536817 -28.6053 0 0 0 1 
				25
				-0.0167262 -0.172014 -0.984953 -0.000870556 -0.993577 0.113119 -0.00288254 -47.3628 0.111913 0.978578 -0.172801 -28.6052 0 0 0 1 
				26
				-0.0279355 -0.288124 -0.957186 0.000504353 -0.993476 0.113922 -0.00529725 -47.3628 0.110571 0.950792 -0.289427 -28.6048 0 0 0 1 
				27
				-0.0329288 -0.338909 -0.940243 0.00110671 -0.993414 0.114402 -0.00644514 -47.3628 0.10975 0.933838 -0.340444 -28.6046 0 0 0 1 
				28
				-0.0294262 -0.303356 -0.952423 0.000685107 -0.993458 0.114058 -0.00563446 -47.3628 0.11034 0.946026 -0.304728 -28.6048 0 0 0 1 
				29
				-0.0207939 -0.21443 -0.976518 -0.000367468 -0.993546 0.113366 -0.00373709 -47.3628 0.111505 0.970138 -0.215403 -28.6051 0 0 0 1 
				30
				-0.0100754 -0.102167 -0.994716 -0.00169651 -0.993614 0.112825 -0.00152404 -47.3628 0.112385 0.988348 -0.102651 -28.6053 0 0 0 1 
				31
				-0.000394813 0.000110488 -1 -0.00291076 -0.993635 0.112647 0.000404747 -47.3628 0.112647 0.993635 6.53105e-05 -28.6053 0 0 0 1 
		</Joint>
			4
				-1
				-0.000413847 6.56914e-06 -1 -0.0091476 -0.0256174 -0.999672 4.03469e-06 0.460944 -0.999672 0.0256174 0.000413879 -83.3427 0 0 0 1 
				0
				-0.000413896 5.331e-06 -1 -0.00914918 -0.00650065 -0.999979 -2.64029e-06 -7.04221 -0.999979 0.00650065 0.000413922 -77.0106 0 0 0 1 
				1
				-0.000413972 3.2153e-06 -1 -0.00915152 0.0261912 -0.999657 -1.40566e-05 -14.8081 -0.999657 -0.0261912 0.000413746 -70.1095 0 0 0 1 
				2
				-0.000413987 2.77696e-06 -1 -0.00915223 0.0329759 -0.999456 -1.64271e-05 -22.0728 -0.999456 -0.0329759 0.00041367 -64.262 0 0 0 1 
				3
				-0.000413847 6.56914e-06 -1 -0.00914885 -0.0256174 -0.999672 4.03469e-06 -28.0723 -0.999672 0.0256174 0.000413879 -61.0767 0 0 0 1 
				4
				-0.00052675 0.00167233 -0.999998 -0.0118517 -0.138182 -0.990405 -0.0015835 -33.2123 -0.990407 0.13818 0.000752781 -59.655 0 0 0 1 
				5
				-0.000747822 0.00608335 -0.999981 -0.017572 -0.264923 -0.964253 -0.00566788 -38.3071 -0.964269 0.264913 0.00233271 -58.1345 0 0 0 1 
				6
				-0.000913037 0.0123179 -0.999923 -0.022919 -0.399068 -0.916856 -0.0109302 -43.225 -0.916921 0.399028 0.00575279 -56.3213 0 0 0 1 
				7
				-0.000902976 0.0194479 -0.99981 -0.0253316 -0.532997 -0.845966 -0.015974 -47.8094 -0.846116 0.532882 0.0111296 -54.0825 0 0 0 1 
				8
				-0.000657174 0.0265713 -0.999647 -0.0233582 -0.659035 -0.751858 -0.0195517 -51.8994 -0.752112 0.658789 0.0180055 -51.3611 0 0 0 1 
				9
				-0.000179314 0.0327851 -0.999462 -0.0167406 -0.770218 -0.637442 -0.0207716 -55.3529 -0.63778 0.7698 0.0253659 -48.178 0 0 0 1 
				10
				0.000459029 0.0371618 -0.999309 -0.00646479 -0.861118 -0.508039 -0.0192882 -58.0721 -0.508404 0.860532 0.0317675 -44.6257 0 0 0 1 
				11
				0.00111821 0.0387817 -0.999247 0.00519843 -0.928653 -0.370629 -0.0154236 -60.0259 -0.370948 0.927971 0.0356003 -40.8508 0 0 0 1 
				12
				0.00160622 0.0367642 -0.999323 0.0150092 -0.972464 -0.232832 -0.0101287 -61.2594 -0.233046 0.971822 0.0353779 -37.0273 0 0 0 1 
				13
				0.00169015 0.0302387 -0.999541 0.0189631 -0.994763 -0.102093 -0.00477066 -61.8931 -0.102191 0.994315 0.0299078 -33.3316 0 0 0 1 
				14
				0.0011093 0.0183151 -0.999832 0.0125278 -0.999889 0.014889 -0.000836626 -62.113 0.0148712 0.999721 0.0183296 -29.9235 0 0 0 1 
				15
				-0.000394813 0.000110488 -1 -0.00878662 -0.993635 0.112647 0.000404747 -62.1503 0.112647 0.993635 6.53105e-05 -26.9316 0 0 0 1 
				16
				-0.00700967 -0.0655535 -0.997824 -0.107765 -0.984652 0.174469 -0.00454484 -62.1175 0.174387 0.982478 -0.0657704 -24.9228 0 0 0 1 
				17
				-0.0187293 -0.182507 -0.983026 -0.28266 -0.980566 0.195397 -0.0175947 -62.0835 0.195292 0.963593 -0.18262 -24.1537 0 0 0 1 
				18
				-0.0288924 -0.291855 -0.956026 -0.430827 -0.981324 0.190249 -0.0284222 -62.0976 0.190178 0.93735 -0.291902 -24.2205 0 0 0 1 
				19
				-0.0329288 -0.33891 -0.940243 -0.488022 -0.984109 0.175233 -0.0286976 -62.1273 0.174487 0.924356 -0.339294 -24.7074 0 0 0 1 
				20
				-0.0279354 -0.288124 -0.957186 -0.41445 -0.987329 0.157587 -0.0186205 -62.149 0.156205 0.944537 -0.288876 -25.3663 0 0 0 1 
				21
				-0.0167262 -0.172014 -0.984952 -0.249326 -0.990531 0.137101 -0.00712246 -62.1586 0.136263 0.975507 -0.172678 -26.0922 0 0 0 1 
				22
				-0.00545601 -0.0534071 -0.998558 -0.0833384 -0.992803 0.119754 -0.000980411 -62.1549 0.119634 0.991366 -0.0536762 -26.6865 0 0 0 1 
				23
				-0.000394813 0.000110488 -1 -0.00878662 -0.993635 0.112647 0.000404747 -62.1503 0.112647 0.993635 6.53105e-05 -26.9316 0 0 0 1 
				24
				-0.00545542 -0.0534072 -0.998558 -0.0833175 -0.993628 0.112703 -0.000599375 -62.1502 0.112573 0.992192 -0.0536817 -26.9327 0 0 0 1 
				25
				-0.0167262 -0.172014 -0.984953 -0.249326 -0.993577 0.113119 -0.00288254 -62.1494 0.111912 0.978578 -0.172801 -26.9423 0 0 0 1 
				26
				-0.0279355 -0.288124 -0.957186 -0.414455 -0.993476 0.113922 -0.00529725 -62.1479 0.110571 0.950792 -0.289427 -26.9619 0 0 0 1 
				27
				-0.0329288 -0.338909 -0.940243 -0.488024 -0.993414 0.114402 -0.00644514 -62.147 0.10975 0.933838 -0.340444 -26.9739 0 0 0 1 
				28
				-0.0294262 -0.303356 -0.952423 -0.436416 -0.993458 0.114058 -0.00563447 -62.1477 0.11034 0.946026 -0.304728 -26.9653 0 0 0 1 
				29
				-0.0207939 -0.21443 -0.976518 -0.309244 -0.993546 0.113366 -0.00373709 -62.149 0.111505 0.970138 -0.215403 -26.9483 0 0 0 1 
				30
				-0.0100754 -0.102167 -0.994716 -0.151363 -0.993614 0.112825 -0.00152404 -62.15 0.112385 0.988348 -0.102651 -26.9354 0 0 0 1 
				31
				-0.000394813 0.000110488 -1 -0.00878663 -0.993635 0.112647 0.000404747 -62.1503 0.112647 0.993635 6.53105e-05 -26.9316 0 0 0 1 
		</Joint>
			5
				-1
				1 -6.23759e-06 0.000416648 1.5952 -4.10633e-06 0.999692 0.0248219 0.458255 -0.000416675 -0.0248219 0.999692 -83.3433 0 0 0 1 
				0
				1 -4.99942e-06 0.000416697 1.5952 2.62211e-06 0.999984 0.00570492 -7.04489 -0.000416718 -0.00570492 0.999983 -77.0113 0 0 0 1 
				1
				1 -2.88081e-06 0.000416771 1.5952 1.4127e-05 0.999636 -0.0269867 -14.8108 -0.000416541 0.0269867 0.999636 -70.1103 0 0 0 1 
				2
				1 -2.44078e-06 0.000416785 1.59519 1.65147e-05 0.999429 -0.0337712 -22.0755 -0.000416465 0.0337712 0.999429 -64.2627 0 0 0 1 
				3
				1 -6.23759e-06 0.000416648 1.5952 -4.10633e-06 0.999692 0.0248219 -28.075 -0.000416675 -0.0248219 0.999692 -61.0773 0 0 0 1 
				4
				0.999998 -0.00167191 0.000530877 1.5925 0.00158311 0.990515 0.137393 -33.2124 -0.00075555 -0.137392 0.990516 -59.6558 0 0 0 1 
				5
				0.999981 -0.00608275 0.000755459 1.58676 0.00566714 0.964463 0.264155 -38.3006 -0.0023354 -0.264146 0.96448 -58.1376 0 0 0 1 
				6
				0.999923 -0.0123171 0.000925636 1.58134 0.0109291 0.917173 0.398339 -43.2099 -0.00575536 -0.398298 0.917238 -56.3294 0 0 0 1 
				7
				0.99981 -0.0194472 0.000921247 1.57876 0.0159725 0.84639 0.532324 -47.7861 -0.0111319 -0.532208 0.84654 -54.0989 0 0 0 1 
				8
				0.999647 -0.0265708 0.000681114 1.58049 0.0195498 0.752382 0.658436 -51.87 -0.0180076 -0.65819 0.752636 -51.3883 0 0 0 1 
				9
				0.999462 -0.0327849 0.000208198 1.58683 0.0207695 0.638055 0.769711 -55.3212 -0.0253677 -0.769292 0.638393 -48.2166 0 0 0 1 
				10
				0.999309 -0.0371621 -0.000426663 1.59687 0.0192858 0.508724 0.860714 -58.0425 -0.0317689 -0.860127 0.509089 -44.6744 0 0 0 1 
				11
				0.999247 -0.0387825 -0.00108455 1.60844 0.015421 0.371368 0.928357 -60.0022 -0.0356013 -0.927675 0.371686 -40.9055 0 0 0 1 
				12
				0.999323 -0.0367654 -0.00157417 1.61837 0.010126 0.233605 0.972278 -61.2438 -0.0353785 -0.971636 0.233819 -37.0814 0 0 0 1 
				13
				0.999541 -0.0302401 -0.0016633 1.62266 0.00476788 0.102885 0.994682 -61.8857 -0.0299081 -0.994233 0.102982 -33.3769 0 0 0 1 
				14
				0.999832 -0.018316 -0.00109193 1.61665 0.00083383 -0.0140933 0.9999 -62.1116 -0.0183296 -0.999733 -0.0140757 -29.9502 0 0 0 1 
				15
				1 -0.000110172 0.000397697 1.59556 -0.000407525 -0.111856 0.993724 -62.1506 -6.49955e-05 -0.993724 -0.111856 -26.9291 0 0 0 1 
				16
				0.997824 0.0655591 0.00696029 1.49292 0.00454209 -0.173685 0.984791 -62.1097 0.0657709 -0.982616 -0.173605 -24.8147 0 0 0 1 
				17
				0.983026 0.182522 0.0185868 1.29397 0.017592 -0.194617 0.980721 -62.0548 0.182621 -0.963748 -0.194524 -23.8581 0 0 0 1 
				18
				0.956026 0.291878 0.0286628 1.10219 0.0284195 -0.189468 0.981476 -62.0515 0.291902 -0.937501 -0.189431 -23.7496 0 0 0 1 
				19
				0.940242 0.338936 0.0326617 1.01954 0.0286948 -0.17445 0.984248 -62.0808 0.339295 -0.924494 -0.173751 -24.1606 0 0 0 1 
				20
				0.957185 0.288146 0.0277088 1.12043 0.0186177 -0.156802 0.987455 -62.1187 0.288876 -0.944661 -0.155453 -24.9004 0 0 0 1 
				21
				0.984952 0.172027 0.0165921 1.33042 0.00711969 -0.136312 0.99064 -62.1468 0.172678 -0.975615 -0.135486 -25.8126 0 0 0 1 
				22
				0.998558 0.0534115 0.00541631 1.51855 0.000977635 -0.118964 0.992898 -62.153 0.0536765 -0.991461 -0.118845 -26.5977 0 0 0 1 
				23
				1 -0.000110172 0.000397697 1.59556 -0.000407525 -0.111856 0.993724 -62.1506 -6.49955e-05 -0.993724 -0.111856 -26.9291 0 0 0 1 
				24
				0.998558 0.0534115 0.00541571 1.51857 0.000596597 -0.111913 0.993718 -62.1489 0.053682 -0.992282 -0.111783 -26.8439 0 0 0 1 
				25
				0.984952 0.172027 0.0165921 1.33042 0.00287977 -0.112328 0.993667 -62.1445 0.172801 -0.978667 -0.111133 -26.6625 0 0 0 1 
				26
				0.957185 0.288146 0.0277089 1.12043 0.00529449 -0.113132 0.993566 -62.1391 0.289427 -0.95088 -0.109814 -26.495 0 0 0 1 
				27
				0.940242 0.338936 0.0326617 1.01954 0.00644236 -0.113611 0.993504 -62.1364 0.340445 -0.933925 -0.109006 -26.4252 0 0 0 1 
				28
				0.952423 0.303379 0.0291874 1.09079 0.00563171 -0.113267 0.993548 -62.1383 0.304728 -0.946114 -0.109587 -26.4738 0 0 0 1 
				29
				0.976518 0.214446 0.020626 1.25685 0.00373432 -0.112575 0.993636 -62.1427 0.215403 -0.970226 -0.110733 -26.6001 0 0 0 1 
				30
				0.994716 0.102175 0.00999686 1.44423 0.00152126 -0.112035 0.993703 -62.1472 0.102651 -0.988437 -0.111598 -26.7681 0 0 0 1 
				31
				1 -0.000110172 0.000397697 1.59556 -0.000407525 -0.111856 0.993724 -62.1506 -6.49955e-05 -0.993724 -0.111856 -26.9291 0 0 0 1 
		</Joint>
			6
				-1
				0.290168 0.0353507 -0.956322 9.06681 -0.100747 0.994893 0.00620764 0.458224 0.951658 0.0945457 0.292248 -83.3464 0 0 0 1 
				0
				0.284969 0.0362269 -0.957852 9.06681 -0.107273 0.994213 0.0056875 -7.04487 0.952515 0.101131 0.287206 -77.0144 0 0 0 1 
				1
				0.275985 0.0378448 -0.960417 9.06681 -0.118565 0.992933 0.00505535 -14.8107 0.953821 0.112477 0.278521 -70.1134 0 0 0 1 
				2
				0.273966 0.0382208 -0.96098 9.0668 -0.121069 0.992631 0.00496408 -22.0754 0.954088 0.114985 0.276575 -64.2658 0 0 0 1 
				3
				0.290168 0.0353507 -0.956322 9.06681 -0.100747 0.994893 0.00620764 -28.075 0.951658 0.0945457 0.292248 -61.0804 0 0 0 1 
				4
				0.320727 0.0311138 -0.94666 9.06409 -0.0616872 0.998024 0.0119024 -33.2006 0.94516 0.0545794 0.322013 -59.6615 0 0 0 1 
				5
				0.355014 0.0282491 -0.934434 9.05823 -0.0171082 0.999572 0.0237185 -38.2582 0.934704 0.00756606 0.355345 -58.155 0 0 0 1 
				6
				0.391982 0.0274481 -0.919563 9.05238 0.0304363 0.998621 0.042782 -43.1282 0.919469 -0.0447578 0.390606 -56.3724 0 0 0 1 
				7
				0.430474 0.0292488 -0.902129 9.04896 0.0782719 0.9945 0.069593 -47.6667 0.899203 -0.100569 0.425817 -54.1821 0 0 0 1 
				8
				0.469425 0.0340132 -0.882317 9.04946 0.123925 0.986829 0.103975 -51.724 0.874232 -0.15815 0.459027 -51.5228 0 0 0 1 
				9
				0.507789 0.0418847 -0.860463 9.05443 0.165203 0.975545 0.144979 -55.1661 0.845493 -0.21577 0.488452 -48.4062 0 0 0 1 
				10
				0.5445 0.0527351 -0.837101 9.06332 0.200328 0.960961 0.190843 -57.8984 0.814486 -0.271609 0.512679 -44.9118 0 0 0 1 
				11
				0.578648 0.0661934 -0.812887 9.07443 0.228154 0.943769 0.239261 -59.887 0.783015 -0.323911 0.531008 -41.1715 0 0 0 1 
				12
				0.609563 0.0816968 -0.788517 9.08492 0.248201 0.924997 0.287709 -61.1682 0.752881 -0.371087 0.543567 -37.3458 0 0 0 1 
				13
				0.636766 0.098497 -0.76474 9.09084 0.260516 0.905999 0.333611 -61.8501 0.725714 -0.41166 0.551249 -33.6003 0 0 0 1 
				14
				0.659936 0.115688 -0.742361 9.08701 0.265498 0.888416 0.374469 -62.1054 0.702847 -0.444222 0.555583 -30.0872 0 0 0 1 
				15
				0.678953 0.132287 -0.722166 9.06717 0.263728 0.874036 0.408054 -62.1537 0.685179 -0.467504 0.558542 -26.9295 0 0 0 1 
				16
				0.688323 0.141507 -0.711468 8.94827 0.269596 0.860635 0.432001 -62.0758 0.673445 -0.489165 0.554246 -24.3233 0 0 0 1 
				17
				0.687274 0.140412 -0.712698 8.63875 0.28859 0.847606 0.445285 -61.9233 0.666611 -0.511711 0.542016 -22.4936 0 0 0 1 
				18
				0.682065 0.135255 -0.718675 8.24524 0.306281 0.839567 0.448686 -61.8392 0.664063 -0.526149 0.531213 -21.5686 0 0 0 1 
				19
				0.678953 0.132287 -0.722166 8.04467 0.307975 0.841589 0.44371 -61.8664 0.666464 -0.523667 0.530658 -21.6255 0 0 0 1 
				20
				0.678952 0.132289 -0.722166 8.27215 0.295007 0.851575 0.433349 -61.9796 0.672305 -0.507267 0.539153 -22.742 0 0 0 1 
				21
				0.678952 0.132289 -0.722166 8.6896 0.280472 0.862293 0.421646 -62.0937 0.678498 -0.488825 0.548353 -24.5224 0 0 0 1 
				22
				0.678952 0.132288 -0.722166 8.97939 0.268598 0.870686 0.41202 -62.1457 0.683285 -0.473714 0.555622 -26.1967 0 0 0 1 
				23
				0.678953 0.132287 -0.722166 9.06717 0.263728 0.874036 0.408054 -62.1537 0.685179 -0.467504 0.558542 -26.9295 0 0 0 1 
				24
				0.678952 0.132288 -0.722166 8.97941 0.263734 0.874032 0.408059 -62.1444 0.685178 -0.467512 0.558537 -26.4428 0 0 0 1 
				25
				0.678952 0.132289 -0.722166 8.6896 0.263736 0.87403 0.408062 -62.123 0.685177 -0.467515 0.558535 -25.3714 0 0 0 1 
				26
				0.678953 0.132289 -0.722165 8.27215 0.263733 0.874032 0.40806 -62.0996 0.685178 -0.467512 0.558537 -24.3325 0 0 0 1 
				27
				0.678953 0.132287 -0.722166 8.04467 0.263727 0.874037 0.408053 -62.0882 0.68518 -0.467503 0.558542 -23.8815 0 0 0 1 
				28
				0.678953 0.132288 -0.722165 8.20692 0.263729 0.874035 0.408056 -62.0962 0.685179 -0.467507 0.55854 -24.197 0 0 0 1 
				29
				0.678953 0.132288 -0.722166 8.55302 0.26373 0.874034 0.408057 -62.1148 0.685179 -0.467508 0.55854 -24.9907 0 0 0 1 
				30
				0.678952 0.132288 -0.722166 8.87637 0.26373 0.874035 0.408056 -62.1358 0.685179 -0.467508 0.55854 -26.0011 0 0 0 1 
				31
				0.678953 0.132287 -0.722166 9.06717 0.263728 0.874036 0.408054 -62.1537 0.685179 -0.467504 0.558542 -26.9295 0 0 0 1 
		</Joint>
			7
				-1
				0.290168 0.0353507 -0.956322 13.5346 -0.100747 0.994893 0.00620764 -1.09301 0.951658 0.0945457 0.292248 -68.6934 0 0 0 1 
				0
				0.285561 0.0312221 -0.957852 13.4546 -0.0898148 0.995942 0.00568751 -8.69659 0.954143 0.0844052 0.287206 -62.3482 0 0 0 1 
				1
				0.277471 0.0246854 -0.960417 13.3162 -0.0712402 0.997446 0.00505536 -16.6362 0.958089 0.0670176 0.278521 -55.4271 0 0 0 1 
				2
				0.275624 0.0234407 -0.960979 13.2851 -0.0675429 0.997704 0.00496414 -23.9395 0.958889 0.0635391 0.276575 -49.5754 0 0 0 1 
				3
				0.290168 0.0353507 -0.956322 13.5346 -0.100747 0.994893 0.00620764 -29.6262 0.951658 0.0945457 0.292248 -46.4274 0 0 0 1 
				4
				0.315857 0.0637839 -0.94666 14.0024 -0.163533 0.986465 0.0119024 -34.1504 0.934607 0.151051 0.322013 -45.1085 0 0 0 1 
				5
				0.340465 0.104482 -0.934434 14.5245 -0.233231 0.972132 0.0237186 -38.5217 0.910871 0.209864 0.355345 -43.7631 0 0 0 1 
				6
				0.359646 0.158297 -0.919563 15.0879 -0.30882 0.950158 0.0427822 -42.6596 0.880502 0.268593 0.390606 -42.2151 0 0 0 1 
				7
				0.368553 0.224347 -0.902129 15.6771 -0.388865 0.918662 0.0695933 -46.4615 0.844365 0.325157 0.425817 -40.3368 0 0 0 1 
				8
				0.362743 0.29989 -0.882317 16.2773 -0.471207 0.875872 0.103975 -49.8159 0.803978 0.378038 0.459027 -38.062 0 0 0 1 
				9
				0.338937 0.380428 -0.860463 16.873 -0.552914 0.820528 0.144979 -52.6224 0.761188 0.426623 0.488452 -35.3879 0 0 0 1 
				10
				0.295812 0.46017 -0.837101 17.4472 -0.630426 0.752423 0.190843 -54.8139 0.717675 0.471277 0.512679 -32.3709 0 0 0 1 
				11
				0.234528 0.533115 -0.812887 17.984 -0.70007 0.672796 0.239261 -56.374 0.674461 0.512965 0.531008 -29.1152 0 0 0 1 
				12
				0.158618 0.594206 -0.788517 18.4706 -0.758792 0.584344 0.287709 -57.3465 0.631724 0.552684 0.543567 -25.7534 0 0 0 1 
				13
				0.0734595 0.640137 -0.76474 18.8953 -0.804807 0.490905 0.333611 -57.8388 0.588972 0.590962 0.551249 -22.4263 0 0 0 1 
				14
				-0.0144821 0.669843 -0.742361 19.2483 -0.838003 0.396892 0.374469 -58.0174 0.545473 0.627524 0.555583 -19.2652 0 0 0 1 
				15
				-0.0986194 0.684654 -0.722166 19.5212 -0.859956 0.30654 0.408054 -58.093 0.500748 0.661273 0.558542 -16.3796 0 0 0 1 
				16
				-0.144535 0.687694 -0.711468 19.5466 -0.861814 0.265804 0.432001 -57.9247 0.486195 0.675592 0.554246 -13.954 0 0 0 1 
				17
				-0.139157 0.687529 -0.712698 19.2209 -0.847078 0.290137 0.445285 -57.4798 0.512927 0.665676 0.542016 -12.2296 0 0 0 1 
				18
				-0.113482 0.686023 -0.718675 18.7472 -0.829396 0.332842 0.448686 -57.1233 0.547014 0.646984 0.531213 -11.3439 0 0 0 1 
				19
				-0.0986196 0.684654 -0.722166 18.4987 -0.825365 0.349133 0.44371 -57.1244 0.555919 0.639809 0.530658 -11.3637 0 0 0 1 
				20
				-0.0986212 0.684654 -0.722166 18.7262 -0.835979 0.336673 0.433349 -57.4373 0.539827 0.646453 0.539153 -12.3903 0 0 0 1 
				21
				-0.098621 0.684653 -0.722166 19.1436 -0.847401 0.322684 0.421646 -57.7751 0.521713 0.653548 0.548353 -14.0753 0 0 0 1 
				22
				-0.0986204 0.684653 -0.722166 19.4334 -0.85637 0.311239 0.41202 -58.01 0.506857 0.659075 0.555622 -15.6759 0 0 0 1 
				23
				-0.0986194 0.684654 -0.722166 19.5212 -0.859956 0.30654 0.408054 -58.093 0.500748 0.661273 0.558542 -16.3796 0 0 0 1 
				24
				-0.0986201 0.684653 -0.722166 19.4334 -0.859952 0.306546 0.408059 -58.0837 0.500756 0.661271 0.558537 -15.8929 0 0 0 1 
				25
				-0.0986211 0.684653 -0.722166 19.1436 -0.85995 0.306548 0.408062 -58.0621 0.500759 0.66127 0.558535 -14.8215 0 0 0 1 
				26
				-0.0986214 0.684654 -0.722166 18.7262 -0.859952 0.306545 0.40806 -58.0388 0.500756 0.661271 0.558537 -13.7826 0 0 0 1 
				27
				-0.0986196 0.684654 -0.722166 18.4987 -0.859957 0.306539 0.408053 -58.0275 0.500748 0.661273 0.558542 -13.3316 0 0 0 1 
				28
				-0.0986205 0.684654 -0.722165 18.661 -0.859955 0.306542 0.408056 -58.0355 0.500751 0.661272 0.55854 -13.6471 0 0 0 1 
				29
				-0.0986205 0.684654 -0.722166 19.0071 -0.859954 0.306542 0.408057 -58.054 0.500752 0.661272 0.55854 -14.4408 0 0 0 1 
				30
				-0.0986203 0.684654 -0.722166 19.3304 -0.859954 0.306542 0.408056 -58.0751 0.500752 0.661272 0.55854 -15.4512 0 0 0 1 
				31
				-0.0986195 0.684654 -0.722166 19.5212 -0.859956 0.30654 0.408054 -58.093 0.500748 0.661273 0.558542 -16.3796 0 0 0 1 
		</Joint>
			8
				-1
				0.290168 -0.955379 0.0552651 18.0024 -0.100747 -0.0879259 -0.991019 -2.64425 0.951658 0.281994 -0.121765 -54.0404 0 0 0 1 
				0
				0.28556 -0.95565 0.0720273 17.8514 -0.0898148 -0.101512 -0.990772 -10.0795 0.954143 0.276456 -0.114819 -47.657 0 0 0 1 
				1
				0.277471 -0.955494 0.1002 17.5885 -0.0712402 -0.124471 -0.989662 -17.7331 0.958089 0.267465 -0.102607 -40.6751 0 0 0 1 
				2
				0.275624 -0.955409 0.105945 17.529 -0.0675429 -0.12919 -0.989316 -24.9795 0.958889 0.265524 -0.100139 -34.8111 0 0 0 1 
				3
				0.290168 -0.955379 0.0552651 18.0024 -0.100747 -0.0879259 -0.991019 -31.1775 0.951658 0.281994 -0.121765 -31.7745 0 0 0 1 
				4
				0.315857 -0.947667 -0.0464866 18.8658 -0.163533 -0.00611308 -0.986518 -36.6684 0.934607 0.319201 -0.156906 -30.7181 0 0 0 1 
				5
