<?xml version='1.0' encoding='UTF-8' ?>
<itpanim>
	<skeleton count>
		25
			0 -1
			1.37091e-06 -1 -6.12323e-17 1.44664e-05 1 1.37091e-06 -6.12323e-17 -3.33788e-06 6.12323e-17 -6.12323e-17 1 44.5 0 0 0 1 
			1 0
			1.3868e-06 4.78456e-08 -1 -44.5 2.75771e-06 -1 -4.78418e-08 1.44666e-05 -1 -2.75771e-06 -1.3868e-06 -5.83747e-05 0 0 0 1 
			2 1
			1.40269e-06 -0.000796318 -1 -49.6773 0 -1 0.000796318 0.0514213 -1 -1.11699e-09 -1.40269e-06 3.19526e-06 0 0 0 1 
			3 2
			1.40269e-06 -0.000796318 -1 -64.5592 0 -1 0.000796318 0.0632714 -1 -1.11699e-09 -1.40269e-06 3.16239e-06 0 0 0 1 
			4 3
			1.40269e-06 -0.000796318 -1 -79.4411 0 -1 0.000796318 0.06596 -1 -1.11699e-09 -1.40269e-06 3.15493e-06 0 0 0 1 
			5 4
			1 1.37091e-06 4.37113e-08 -1.60435 -1.37091e-06 1 3.58059e-15 -1.09939e-05 -4.37113e-08 -6.35048e-14 1 79.4411 0 0 0 1 
			6 5
			0.995014 0.0902305 0.042489 -5.65533 -0.0897157 0.995871 -0.0138741 -0.287945 -0.0435655 0.00999304 0.999001 79.7571 0 0 0 1 
			7 6
			0.994845 -0.0912189 0.0442967 -20.654 0.0915704 0.995781 -0.00596753 -4.08763 -0.0435655 0.00999304 0.999001 79.7571 0 0 0 1 
			8 7
			0.994845 -0.0912189 0.0442967 -36.0513 -0.0434925 0.0107859 0.998995 79.7539 -0.091605 -0.995772 0.00676301 4.15114 0 0 0 1 
			9 4
			-1 -1.37091e-06 4.37114e-08 -1.60434 -1.37091e-06 1 3.84662e-15 -1.09939e-05 -4.37115e-08 -5.60777e-14 -1 -79.4411 0 0 0 1 
			10 9
			-0.995014 0.0902277 0.042489 -5.65533 0.089713 0.995871 -0.0138741 -0.287946 -0.0435654 -0.00999315 -0.999001 -79.7571 0 0 0 1 
			11 10
			-0.994845 -0.0912216 0.0442967 -20.654 -0.0915731 0.995781 -0.00596753 -4.08763 -0.0435654 -0.00999315 -0.999001 -79.7571 0 0 0 1 
			12 11
			-0.994845 -0.0912216 0.0442967 -36.0513 0.0434925 0.0107861 0.998995 79.7539 -0.0916078 0.995772 -0.00676301 -4.15114 0 0 0 1 
			13 4
			1.34309e-06 -5.95475e-08 -1 -82.8177 -1.40269e-06 -1 5.95456e-08 1.08462e-05 -1 1.40269e-06 -1.34309e-06 -0.000107894 0 0 0 1 
			14 13
			1 -0 0 0 0 1 0 0 -0 -0 1 -0 0 0 0 1 
			15 2
			1.37369e-06 -0.0998334 0.995004 44.2777 0 -0.995004 -0.0998334 -4.44257 1 1.3714e-07 -1.36683e-06 -4.58386 0 0 0 1 
			16 15
			1.37369e-06 0.0998334 0.995004 24.6789 0 -0.995004 0.0998334 0.469723 1 -1.3714e-07 -1.36683e-06 -4.58386 0 0 0 1 
			17 16
			1.3716e-06 -6.00745e-14 1 4.70494 0 -1 -6.00745e-14 1.29981e-05 1 8.23984e-20 -1.3716e-06 -4.58386 0 0 0 1 
			18 17
			1.3723e-06 -1 -6.00133e-14 -6.78409 0 6.00133e-14 -1 -0.105526 1 1.3723e-06 8.23562e-20 -4.58386 0 0 0 1 
			19 18
			1 -0 0 0 0 1 0 0 -0 -0 1 -0 0 0 0 1 
			20 2
			1.37369e-06 -0.0998334 0.995004 44.2777 0 -0.995004 -0.0998334 -4.44257 1 1.3714e-07 -1.36683e-06 4.58386 0 0 0 1 
			21 20
			1.37369e-06 0.0998334 0.995004 24.6789 0 -0.995004 0.0998334 0.469723 1 -1.3714e-07 -1.36683e-06 4.58386 0 0 0 1 
			22 21
			1.3716e-06 -6.00745e-14 1 4.70494 0 -1 -6.00745e-14 1.29981e-05 1 8.23984e-20 -1.3716e-06 4.58386 0 0 0 1 
			23 22
			1.3723e-06 -1 5.98908e-14 -6.78409 0 -5.98908e-14 -1 -0.105526 1 1.3723e-06 -8.21882e-20 4.58386 0 0 0 1 
			24 23
			1 -0 0 0 0 1 0 0 -0 -0 1 -0 0 0 0 1 
	</skeleton>
		<animations>
			17
			0
				-1
				3.44638e-07 1 -1.40136e-06 2.13491e-06 -0.258819 1.4428e-06 0.965926 -27.5203 0.965926 2.98023e-08 0.258819 -26.2144 0 0 0 1 
				0
				3.44638e-07 1 -1.42474e-06 2.13491e-06 -0.258819 1.4654e-06 0.965926 -27.5203 0.965926 3.58559e-08 0.258819 -26.2144 0 0 0 1 
				1
				3.10174e-07 1 -1.39508e-06 2.13491e-06 -0.258819 1.42782e-06 0.965926 -27.5203 0.965926 6.14673e-08 0.258819 -26.2144 0 0 0 1 
				2
				3.10174e-07 1 -1.39598e-06 2.13491e-06 -0.258819 1.42869e-06 0.965926 -27.5203 0.965926 6.17001e-08 0.258819 -26.2144 0 0 0 1 
				3
				3.44638e-07 1 -1.40136e-06 2.13491e-06 -0.258819 1.4428e-06 0.965926 -27.5203 0.965926 2.98023e-08 0.258819 -26.2144 0 0 0 1 
				4
				3.10174e-07 1 -1.39868e-06 2.13491e-06 -0.258819 1.4313e-06 0.965926 -27.5203 0.965926 6.23986e-08 0.258819 -26.2144 0 0 0 1 
				5
				3.10175e-07 1 -1.33031e-06 2.13491e-06 -0.258819 1.36526e-06 0.965926 -27.5203 0.965926 4.47035e-08 0.258819 -26.2144 0 0 0 1 
				6
				3.10175e-07 1 -1.27004e-06 2.13491e-06 -0.258819 1.30704e-06 0.965926 -27.5203 0.965926 2.91038e-08 0.258819 -26.2144 0 0 0 1 
				7
				3.44638e-07 1 -1.40136e-06 2.13491e-06 -0.258819 1.4428e-06 0.965926 -27.5203 0.965926 2.98023e-08 0.258819 -26.2144 0 0 0 1 
				8
				3.10175e-07 1 -1.32221e-06 2.13491e-06 -0.258819 1.35744e-06 0.965926 -27.5203 0.965926 4.2608e-08 0.258819 -26.2144 0 0 0 1 
				9
				3.10175e-07 1 -1.45985e-06 2.13491e-06 -0.258819 1.49038e-06 0.965926 -27.5203 0.965926 7.82311e-08 0.258819 -26.2144 0 0 0 1 
				10
				3.10174e-07 1 -1.39328e-06 2.13491e-06 -0.258819 1.42608e-06 0.965926 -27.5203 0.965926 6.10016e-08 0.258819 -26.2144 0 0 0 1 
				11
				3.44638e-07 1 -1.40136e-06 2.13491e-06 -0.258819 1.4428e-06 0.965926 -27.5203 0.965926 2.98023e-08 0.258819 -26.2144 0 0 0 1 
				12
				3.10174e-07 1 -1.39328e-06 2.13491e-06 -0.258819 1.42608e-06 0.965926 -27.5203 0.965926 6.10016e-08 0.258819 -26.2144 0 0 0 1 
				13
				3.10175e-07 1 -1.45985e-06 2.13491e-06 -0.258819 1.49038e-06 0.965926 -27.5203 0.965926 7.82311e-08 0.258819 -26.2144 0 0 0 1 
				14
				3.10175e-07 1 -1.32221e-06 2.13491e-06 -0.258819 1.35744e-06 0.965926 -27.5203 0.965926 4.2608e-08 0.258819 -26.2144 0 0 0 1 
				15
				3.44638e-07 1 -1.40136e-06 2.13491e-06 -0.258819 1.4428e-06 0.965926 -27.5203 0.965926 2.98023e-08 0.258819 -26.2144 0 0 0 1 
		</Joint>
			1
				-1
				1.40136e-06 1.67622e-06 -1 2.13491e-06 -0.965926 -0.258818 -1.78744e-06 -27.5203 -0.258818 0.965926 1.25641e-06 -26.2144 0 0 0 1 
				0
				1.42475e-06 1.67622e-06 -1 2.13491e-06 -0.965926 -0.258818 -1.81003e-06 -27.5203 -0.258818 0.965926 1.25035e-06 -26.2144 0 0 0 1 
				1
				1.39508e-06 1.64175e-06 -1 2.13491e-06 -0.965926 -0.258818 -1.77246e-06 -27.5203 -0.258818 0.965926 1.22474e-06 -26.2144 0 0 0 1 
				2
				1.39598e-06 1.64175e-06 -1 2.13491e-06 -0.965926 -0.258818 -1.77333e-06 -27.5203 -0.258818 0.965926 1.22451e-06 -26.2144 0 0 0 1 
				3
				1.40136e-06 1.67622e-06 -1 2.13491e-06 -0.965926 -0.258818 -1.78744e-06 -27.5203 -0.258818 0.965926 1.25641e-06 -26.2144 0 0 0 1 
				4
				1.39868e-06 1.64175e-06 -1 2.13491e-06 -0.965926 -0.258818 -1.77593e-06 -27.5203 -0.258818 0.965926 1.22381e-06 -26.2144 0 0 0 1 
				5
				1.33031e-06 1.64175e-06 -1 2.13491e-06 -0.965926 -0.258818 -1.70989e-06 -27.5203 -0.258818 0.965926 1.2415e-06 -26.2144 0 0 0 1 
				6
				1.27004e-06 1.64175e-06 -1 2.13491e-06 -0.965926 -0.258818 -1.65168e-06 -27.5203 -0.258818 0.965926 1.2571e-06 -26.2144 0 0 0 1 
				7
				1.40136e-06 1.67622e-06 -1 2.13491e-06 -0.965926 -0.258818 -1.78744e-06 -27.5203 -0.258818 0.965926 1.25641e-06 -26.2144 0 0 0 1 
				8
				1.32221e-06 1.64175e-06 -1 2.13491e-06 -0.965926 -0.258818 -1.70207e-06 -27.5203 -0.258818 0.965926 1.2436e-06 -26.2144 0 0 0 1 
				9
				1.45985e-06 1.64175e-06 -1 2.13491e-06 -0.965926 -0.258818 -1.83502e-06 -27.5203 -0.258818 0.965926 1.20798e-06 -26.2144 0 0 0 1 
				10
				1.39328e-06 1.64175e-06 -1 2.13491e-06 -0.965926 -0.258818 -1.77072e-06 -27.5203 -0.258818 0.965926 1.22521e-06 -26.2144 0 0 0 1 
				11
				1.40136e-06 1.67622e-06 -1 2.13491e-06 -0.965926 -0.258818 -1.78744e-06 -27.5203 -0.258818 0.965926 1.25641e-06 -26.2144 0 0 0 1 
				12
				1.39328e-06 1.64175e-06 -1 2.13491e-06 -0.965926 -0.258818 -1.77072e-06 -27.5203 -0.258818 0.965926 1.22521e-06 -26.2144 0 0 0 1 
				13
				1.45985e-06 1.64175e-06 -1 2.13491e-06 -0.965926 -0.258818 -1.83502e-06 -27.5203 -0.258818 0.965926 1.20798e-06 -26.2144 0 0 0 1 
				14
				1.32221e-06 1.64175e-06 -1 2.13491e-06 -0.965926 -0.258818 -1.70207e-06 -27.5203 -0.258818 0.965926 1.2436e-06 -26.2144 0 0 0 1 
				15
				1.40136e-06 1.67622e-06 -1 2.13491e-06 -0.965926 -0.258818 -1.78744e-06 -27.5203 -0.258818 0.965926 1.25641e-06 -26.2144 0 0 0 1 
		</Joint>
			2
				-1
				-0.000196584 3.49204e-05 -1 1.61243e-05 -0.997262 -0.0739509 0.000193463 -32.5203 -0.0739509 0.997262 4.93624e-05 -27.5662 0 0 0 1 
				0
				-0.000237695 -0.0516257 -0.998666 0.000628397 -0.997262 -0.0738411 0.00405455 -32.5203 -0.073952 0.995933 -0.0514667 -27.5662 0 0 0 1 
				1
				-0.000283281 -0.108832 -0.99406 0.00130612 -0.997261 -0.0734854 0.00832955 -32.5203 -0.0739554 0.99134 -0.108513 -27.5661 0 0 0 1 
				2
				-0.000319976 -0.154913 -0.987928 0.00185219 -0.997261 -0.0730181 0.0117727 -32.5203 -0.0739604 0.985226 -0.154465 -27.566 0 0 0 1 
				3
				-0.00033486 -0.173614 -0.984814 0.00207387 -0.997261 -0.0727817 0.0131698 -32.5203 -0.0739629 0.982121 -0.173114 -27.566 0 0 0 1 
				4
				-0.000313631 -0.146955 -0.989143 0.00175784 -0.997261 -0.0731106 0.0111781 -32.5203 -0.0739595 0.986437 -0.146529 -27.566 0 0 0 1 
				5
				-0.000266057 -0.0871209 -0.996198 0.00104848 -0.997262 -0.0736496 0.00670725 -32.5203 -0.0739539 0.993471 -0.0868628 -27.5661 0 0 0 1 
				6
				-0.000218223 -0.0269708 -0.999636 0.000335456 -0.997262 -0.0739184 0.00221207 -32.5203 -0.0739512 0.9969 -0.0268808 -27.5662 0 0 0 1 
				7
				-0.000196584 3.49204e-05 -1 1.61243e-05 -0.997262 -0.0739509 0.000193463 -32.5203 -0.0739509 0.997262 4.93624e-05 -27.5662 0 0 0 1 
				8
				-0.000218172 -0.0269708 -0.999636 0.000335726 -0.997262 -0.0739185 0.00221202 -32.5203 -0.0739512 0.9969 -0.0268808 -27.5662 0 0 0 1 
				9
				-0.000265927 -0.0871209 -0.996198 0.00104915 -0.997262 -0.0736497 0.00670713 -32.5203 -0.073954 0.993471 -0.0868628 -27.5661 0 0 0 1 
				10
				-0.000313636 -0.146955 -0.989143 0.00175782 -0.997261 -0.0731105 0.0111781 -32.5203 -0.0739594 0.986437 -0.146529 -27.566 0 0 0 1 
				11
				-0.000334862 -0.173614 -0.984814 0.00207387 -0.997261 -0.0727817 0.0131698 -32.5203 -0.0739629 0.982121 -0.173114 -27.566 0 0 0 1 
				12
				-0.000319978 -0.154913 -0.987928 0.00185217 -0.997261 -0.0730181 0.0117727 -32.5203 -0.0739604 0.985226 -0.154465 -27.566 0 0 0 1 
				13
				-0.000283216 -0.108832 -0.99406 0.00130645 -0.997261 -0.0734855 0.00832951 -32.5203 -0.0739556 0.99134 -0.108513 -27.5661 0 0 0 1 
				14
				-0.000237801 -0.0516257 -0.998666 0.000627866 -0.997262 -0.0738411 0.00405466 -32.5203 -0.073952 0.995933 -0.0514667 -27.5662 0 0 0 1 
				15
				-0.000196584 3.49204e-05 -1 1.61244e-05 -0.997262 -0.0739509 0.000193463 -32.5203 -0.0739509 0.997262 4.93624e-05 -27.5662 0 0 0 1 
		</Joint>
			3
				-1
				-0.000394813 0.000110488 -1 -0.00291076 -0.993635 0.112647 0.000404747 -47.3628 0.112647 0.993635 6.53105e-05 -28.6785 0 0 0 1 
				0
				-0.0100755 -0.102167 -0.994716 -0.00169844 -0.993614 0.112825 -0.00152395 -47.3628 0.112385 0.988348 -0.102651 -28.6784 0 0 0 1 
				1
				-0.020794 -0.21443 -0.976518 -0.000368744 -0.993546 0.113366 -0.00373706 -47.3628 0.111505 0.970138 -0.215403 -28.6782 0 0 0 1 
				2
				-0.0294262 -0.303356 -0.952423 0.000684469 -0.993458 0.114058 -0.00563448 -47.3628 0.11034 0.946026 -0.304728 -28.6779 0 0 0 1 
				3
				-0.0329288 -0.338909 -0.940242 0.0011068 -0.993414 0.114402 -0.00644513 -47.3628 0.10975 0.933837 -0.340444 -28.6778 0 0 0 1 
				4
				-0.0279355 -0.288124 -0.957186 0.000504512 -0.993476 0.113922 -0.00529723 -47.3628 0.110571 0.950792 -0.289427 -28.678 0 0 0 1 
				5
				-0.0167263 -0.172014 -0.984953 -0.000872828 -0.993577 0.113119 -0.00288245 -47.3628 0.111913 0.978578 -0.172801 -28.6783 0 0 0 1 
				6
				-0.00545565 -0.0534071 -0.998558 -0.00227932 -0.993628 0.112704 -0.000599134 -47.3628 0.112573 0.992192 -0.0536816 -28.6785 0 0 0 1 
				7
				-0.000394813 0.000110488 -1 -0.00291076 -0.993635 0.112647 0.000404747 -47.3628 0.112647 0.993635 6.53105e-05 -28.6785 0 0 0 1 
				8
				-0.0054556 -0.0534071 -0.998558 -0.00227825 -0.993628 0.112703 -0.000599183 -47.3628 0.112573 0.992192 -0.0536817 -28.6785 0 0 0 1 
				9
				-0.0167262 -0.172014 -0.984953 -0.000869857 -0.993577 0.113119 -0.00288256 -47.3628 0.111912 0.978578 -0.172801 -28.6783 0 0 0 1 
				10
				-0.0279355 -0.288124 -0.957186 0.00050448 -0.993476 0.113922 -0.00529725 -47.3628 0.110571 0.950792 -0.289427 -28.678 0 0 0 1 
				11
				-0.0329288 -0.338909 -0.940243 0.00110644 -0.993414 0.114402 -0.00644514 -47.3628 0.10975 0.933837 -0.340444 -28.6778 0 0 0 1 
				12
				-0.0294262 -0.303356 -0.952423 0.000684442 -0.993458 0.114058 -0.00563447 -47.3628 0.11034 0.946026 -0.304728 -28.6779 0 0 0 1 
				13
				-0.0207939 -0.21443 -0.976518 -0.000367431 -0.993546 0.113366 -0.00373711 -47.3628 0.111505 0.970138 -0.215403 -28.6782 0 0 0 1 
				14
				-0.0100756 -0.102167 -0.994716 -0.0017005 -0.993614 0.112826 -0.00152385 -47.3628 0.112385 0.988348 -0.102651 -28.6784 0 0 0 1 
				15
				-0.000394813 0.000110488 -1 -0.00291075 -0.993635 0.112647 0.000404747 -47.3628 0.112647 0.993635 6.53105e-05 -28.6785 0 0 0 1 
		</Joint>
			4
				-1
				-0.000394813 0.000110488 -1 -0.00878663 -0.993635 0.112647 0.000404747 -62.1503 0.112647 0.993635 6.53105e-05 -27.0048 0 0 0 1 
				0
				-0.0100755 -0.102167 -0.994716 -0.151366 -0.993614 0.112825 -0.00152395 -62.1499 0.112385 0.988348 -0.102651 -27.0086 0 0 0 1 
				1
				-0.020794 -0.21443 -0.976518 -0.309246 -0.993546 0.113366 -0.00373706 -62.149 0.111505 0.970138 -0.215403 -27.0214 0 0 0 1 
				2
				-0.0294262 -0.303356 -0.952423 -0.436418 -0.993458 0.114058 -0.00563448 -62.1477 0.11034 0.946026 -0.304728 -27.0384 0 0 0 1 
				3
				-0.0329288 -0.338909 -0.940242 -0.488024 -0.993414 0.114402 -0.00644513 -62.147 0.10975 0.933837 -0.340444 -27.047 0 0 0 1 
				4
				-0.0279355 -0.288124 -0.957186 -0.414453 -0.993476 0.113922 -0.00529723 -62.1479 0.110571 0.950792 -0.289427 -27.035 0 0 0 1 
				5
				-0.0167263 -0.172014 -0.984952 -0.24933 -0.993577 0.113119 -0.00288245 -62.1494 0.111913 0.978578 -0.172801 -27.0155 0 0 0 1 
				6
				-0.00545565 -0.0534071 -0.998558 -0.0833261 -0.993628 0.112704 -0.000599134 -62.1502 0.112573 0.992192 -0.0536816 -27.0058 0 0 0 1 
				7
				-0.000394813 0.000110488 -1 -0.00878663 -0.993635 0.112647 0.000404747 -62.1503 0.112647 0.993635 6.53105e-05 -27.0048 0 0 0 1 
				8
				-0.00545561 -0.0534071 -0.998558 -0.0833242 -0.993628 0.112703 -0.000599183 -62.1502 0.112573 0.992192 -0.0536817 -27.0058 0 0 0 1 
				9
				-0.0167262 -0.172014 -0.984953 -0.249325 -0.993577 0.113119 -0.00288256 -62.1494 0.111912 0.978578 -0.172801 -27.0155 0 0 0 1 
				10
				-0.0279355 -0.288124 -0.957186 -0.414455 -0.993476 0.113922 -0.00529725 -62.1479 0.110571 0.950792 -0.289427 -27.035 0 0 0 1 
				11
				-0.0329288 -0.338909 -0.940243 -0.488026 -0.993413 0.114402 -0.00644513 -62.147 0.10975 0.933837 -0.340444 -27.047 0 0 0 1 
				12
				-0.0294262 -0.303356 -0.952423 -0.436417 -0.993458 0.114058 -0.00563447 -62.1477 0.11034 0.946026 -0.304728 -27.0384 0 0 0 1 
				13
				-0.0207939 -0.21443 -0.976518 -0.309244 -0.993546 0.113366 -0.00373711 -62.149 0.111505 0.970138 -0.215403 -27.0214 0 0 0 1 
				14
				-0.0100756 -0.102167 -0.994716 -0.151369 -0.993614 0.112826 -0.00152385 -62.1499 0.112385 0.988348 -0.102651 -27.0086 0 0 0 1 
				15
				-0.000394813 0.000110488 -1 -0.00878662 -0.993635 0.112647 0.000404747 -62.1503 0.112647 0.993635 6.53105e-05 -27.0047 0 0 0 1 
		</Joint>
			5
				-1
				1 -0.000110172 0.000397697 1.59556 -0.000407525 -0.111856 0.993724 -62.1506 -6.49955e-05 -0.993724 -0.111856 -27.0022 0 0 0 1 
				0
				0.994716 0.102175 0.00999694 1.44423 0.00152117 -0.112035 0.993703 -62.1472 0.102651 -0.988437 -0.111598 -26.8412 0 0 0 1 
				1
				0.976518 0.214446 0.020626 1.25685 0.0037343 -0.112576 0.993636 -62.1427 0.215403 -0.970226 -0.110733 -26.6732 0 0 0 1 
				2
				0.952423 0.303379 0.0291874 1.09078 0.00563172 -0.113267 0.993548 -62.1383 0.304728 -0.946114 -0.109587 -26.547 0 0 0 1 
				3
				0.940242 0.338935 0.0326617 1.01954 0.00644235 -0.113611 0.993504 -62.1364 0.340445 -0.933924 -0.109006 -26.4983 0 0 0 1 
				4
				0.957185 0.288146 0.0277089 1.12043 0.00529447 -0.113132 0.993566 -62.1391 0.289427 -0.95088 -0.109813 -26.5681 0 0 0 1 
				5
				0.984952 0.172027 0.0165922 1.33041 0.00287968 -0.112328 0.993667 -62.1445 0.172801 -0.978667 -0.111133 -26.7356 0 0 0 1 
				6
				0.998558 0.0534114 0.00541595 1.51856 0.000596354 -0.111913 0.993718 -62.1489 0.053682 -0.992282 -0.111783 -26.917 0 0 0 1 
				7
				1 -0.000110172 0.000397697 1.59556 -0.000407525 -0.111856 0.993724 -62.1506 -6.49955e-05 -0.993724 -0.111856 -27.0022 0 0 0 1 
				8
				0.998558 0.0534114 0.0054159 1.51857 0.000596404 -0.111913 0.993718 -62.1489 0.053682 -0.992282 -0.111783 -26.9171 0 0 0 1 
				9
				0.984952 0.172027 0.0165921 1.33042 0.00287979 -0.112328 0.993667 -62.1445 0.172801 -0.978667 -0.111133 -26.7356 0 0 0 1 
				10
				0.957185 0.288146 0.0277089 1.12043 0.00529449 -0.113132 0.993566 -62.1391 0.289427 -0.95088 -0.109814 -26.5681 0 0 0 1 
				11
				0.940243 0.338935 0.0326617 1.01954 0.00644235 -0.113611 0.993504 -62.1363 0.340445 -0.933924 -0.109006 -26.4983 0 0 0 1 
				12
				0.952423 0.303379 0.0291874 1.09079 0.00563171 -0.113267 0.993548 -62.1383 0.304728 -0.946114 -0.109587 -26.547 0 0 0 1 
				13
				0.976518 0.214446 0.020626 1.25685 0.00373434 -0.112575 0.993636 -62.1427 0.215403 -0.970226 -0.110733 -26.6732 0 0 0 1 
				14
				0.994716 0.102175 0.00999705 1.44423 0.00152107 -0.112035 0.993703 -62.1472 0.102651 -0.988437 -0.111598 -26.8412 0 0 0 1 
				15
				1 -0.000110172 0.000397697 1.59556 -0.000407525 -0.111856 0.993724 -62.1506 -6.49955e-05 -0.993724 -0.111856 -27.0022 0 0 0 1 
		</Joint>
			6
				-1
				0.678953 0.132287 -0.722166 9.06717 0.263728 0.874036 0.408054 -62.1537 0.685179 -0.467504 0.558542 -27.0027 0 0 0 1 
				0
				0.678953 0.132288 -0.722166 8.87636 0.26373 0.874035 0.408056 -62.1358 0.685179 -0.467508 0.55854 -26.0743 0 0 0 1 
				1
				0.678953 0.132288 -0.722165 8.55302 0.26373 0.874034 0.408057 -62.1148 0.685178 -0.467508 0.55854 -25.0638 0 0 0 1 
				2
				0.678953 0.132288 -0.722166 8.20692 0.263729 0.874035 0.408056 -62.0962 0.685179 -0.467507 0.55854 -24.2701 0 0 0 1 
				3
				0.678953 0.132287 -0.722166 8.04467 0.263727 0.874037 0.408053 -62.0882 0.68518 -0.467503 0.558542 -23.9546 0 0 0 1 
				4
				0.678953 0.132289 -0.722165 8.27215 0.263733 0.874032 0.40806 -62.0996 0.685178 -0.467512 0.558538 -24.4056 0 0 0 1 
				5
				0.678952 0.132289 -0.722166 8.6896 0.263736 0.87403 0.408062 -62.123 0.685177 -0.467515 0.558535 -25.4445 0 0 0 1 
				6
				0.678952 0.132288 -0.722166 8.9794 0.263734 0.874032 0.408059 -62.1445 0.685177 -0.467513 0.558537 -26.516 0 0 0 1 
				7
				0.678953 0.132287 -0.722166 9.06717 0.263728 0.874036 0.408054 -62.1537 0.685179 -0.467504 0.558542 -27.0027 0 0 0 1 
				8
				0.678952 0.132288 -0.722166 8.9794 0.263734 0.874032 0.408059 -62.1445 0.685177 -0.467512 0.558537 -26.516 0 0 0 1 
				9
				0.678952 0.132289 -0.722166 8.6896 0.263736 0.87403 0.408062 -62.123 0.685177 -0.467515 0.558535 -25.4445 0 0 0 1 
				10
				0.678953 0.132289 -0.722165 8.27215 0.263733 0.874032 0.40806 -62.0996 0.685178 -0.467512 0.558537 -24.4056 0 0 0 1 
				11
				0.678953 0.132287 -0.722165 8.04467 0.263727 0.874037 0.408053 -62.0882 0.68518 -0.467503 0.558542 -23.9546 0 0 0 1 
				12
				0.678953 0.132288 -0.722165 8.20692 0.263729 0.874035 0.408056 -62.0962 0.685179 -0.467507 0.55854 -24.2701 0 0 0 1 
				13
				0.678953 0.132288 -0.722165 8.55302 0.26373 0.874034 0.408057 -62.1148 0.685178 -0.467508 0.55854 -25.0638 0 0 0 1 
				14
				0.678952 0.132288 -0.722166 8.87636 0.26373 0.874034 0.408056 -62.1358 0.685178 -0.467508 0.558539 -26.0743 0 0 0 1 
				15
				0.678953 0.132287 -0.722166 9.06717 0.263728 0.874037 0.408054 -62.1537 0.685179 -0.467504 0.558542 -27.0027 0 0 0 1 
		</Joint>
			7
				-1
				-0.0986194 0.684654 -0.722166 19.5212 -0.859956 0.30654 0.408054 -58.093 0.500748 0.661273 0.558542 -16.4528 0 0 0 1 
				0
				-0.0986202 0.684654 -0.722166 19.3304 -0.859954 0.306542 0.408056 -58.0751 0.500752 0.661272 0.55854 -15.5243 0 0 0 1 
				1
				-0.0986204 0.684654 -0.722165 19.0071 -0.859954 0.306542 0.408057 -58.054 0.500752 0.661272 0.55854 -14.5139 0 0 0 1 
				2
				-0.0986205 0.684654 -0.722166 18.661 -0.859955 0.306542 0.408056 -58.0355 0.500751 0.661272 0.55854 -13.7202 0 0 0 1 
				3
				-0.0986195 0.684654 -0.722166 18.4987 -0.859957 0.306539 0.408053 -58.0275 0.500747 0.661273 0.558542 -13.4047 0 0 0 1 
				4
				-0.0986213 0.684654 -0.722165 18.7262 -0.859952 0.306545 0.40806 -58.0388 0.500755 0.661271 0.558538 -13.8557 0 0 0 1 
				5
				-0.0986211 0.684653 -0.722166 19.1436 -0.85995 0.306548 0.408062 -58.0621 0.500759 0.66127 0.558535 -14.8946 0 0 0 1 
				6
				-0.0986202 0.684653 -0.722166 19.4334 -0.859952 0.306546 0.408059 -58.0837 0.500756 0.661271 0.558537 -15.9661 0 0 0 1 
				7
				-0.0986194 0.684654 -0.722166 19.5212 -0.859956 0.30654 0.408054 -58.093 0.500748 0.661273 0.558542 -16.4528 0 0 0 1 
				8
				-0.0986202 0.684653 -0.722166 19.4334 -0.859952 0.306546 0.408059 -58.0837 0.500756 0.661271 0.558537 -15.9661 0 0 0 1 
				9
				-0.0986211 0.684653 -0.722166 19.1436 -0.85995 0.306548 0.408061 -58.0621 0.500759 0.66127 0.558535 -14.8946 0 0 0 1 
				10
				-0.0986214 0.684654 -0.722166 18.7262 -0.859952 0.306545 0.40806 -58.0388 0.500756 0.661271 0.558537 -13.8557 0 0 0 1 
				11
				-0.0986195 0.684654 -0.722165 18.4987 -0.859957 0.306539 0.408053 -58.0275 0.500747 0.661273 0.558542 -13.4047 0 0 0 1 
				12
				-0.0986205 0.684654 -0.722165 18.661 -0.859955 0.306542 0.408056 -58.0355 0.500751 0.661272 0.55854 -13.7202 0 0 0 1 
				13
				-0.0986204 0.684654 -0.722165 19.0071 -0.859954 0.306542 0.408057 -58.054 0.500752 0.661272 0.55854 -14.5139 0 0 0 1 
				14
				-0.0986204 0.684654 -0.722165 19.3304 -0.859954 0.306542 0.408057 -58.0751 0.500752 0.661272 0.558539 -15.5244 0 0 0 1 
				15
				-0.0986194 0.684654 -0.722166 19.5212 -0.859956 0.30654 0.408054 -58.093 0.500748 0.661273 0.558542 -16.4527 0 0 0 1 
		</Joint>
			8
				-1
				-0.0986194 0.224615 -0.969444 18.0027 -0.859956 0.470979 0.196605 -71.334 0.500748 0.853069 0.146712 -8.74257 0 0 0 1 
				0
				-0.0986202 0.224615 -0.969444 17.8119 -0.859954 0.470982 0.196606 -71.3161 0.500752 0.853067 0.146711 -7.81411 0 0 0 1 
				1
				-0.0986204 0.224615 -0.969444 17.4886 -0.859954 0.470982 0.196606 -71.295 0.500752 0.853067 0.14671 -6.80366 0 0 0 1 
				2
				-0.0986205 0.224615 -0.969444 17.1425 -0.859955 0.470981 0.196606 -71.2765 0.500751 0.853067 0.146711 -6.01001 0 0 0 1 
				3
				-0.0986195 0.224615 -0.969444 16.9802 -0.859957 0.470978 0.196605 -71.2686 0.500747 0.853069 0.146712 -5.69454 0 0 0 1 
				4
				-0.0986213 0.224615 -0.969444 17.2077 -0.859952 0.470986 0.196608 -71.2797 0.500755 0.853065 0.146709 -6.14545 0 0 0 1 
				5
				-0.0986211 0.224615 -0.969444 17.6251 -0.85995 0.470989 0.196608 -71.3031 0.500759 0.853063 0.146708 -7.18427 0 0 0 1 
				6
				-0.0986202 0.224615 -0.969444 17.915 -0.859952 0.470987 0.196607 -71.3246 0.500756 0.853064 0.146709 -8.25576 0 0 0 1 
				7
				-0.0986194 0.224615 -0.969444 18.0027 -0.859956 0.470979 0.196605 -71.334 0.500748 0.853069 0.146712 -8.74257 0 0 0 1 
				8
				-0.0986202 0.224615 -0.969444 17.915 -0.859952 0.470987 0.196607 -71.3246 0.500756 0.853065 0.146709 -8.25576 0 0 0 1 
				9
				-0.0986211 0.224615 -0.969444 17.6251 -0.85995 0.470989 0.196608 -71.3031 0.500759 0.853063 0.146708 -7.18428 0 0 0 1 
				10
				-0.0986214 0.224615 -0.969444 17.2077 -0.859952 0.470986 0.196608 -71.2797 0.500756 0.853065 0.146709 -6.14545 0 0 0 1 
				11
				-0.0986195 0.224615 -0.969444 16.9802 -0.859957 0.470978 0.196605 -71.2685 0.500747 0.853069 0.146712 -5.69453 0 0 0 1 
				12
				-0.0986205 0.224616 -0.969444 17.1425 -0.859955 0.470981 0.196606 -71.2765 0.500751 0.853067 0.146711 -6.01001 0 0 0 1 
				13
				-0.0986204 0.224615 -0.969444 17.4886 -0.859954 0.470982 0.196606 -71.295 0.500752 0.853067 0.14671 -6.80366 0 0 0 1 
				14
				-0.0986204 0.224615 -0.969444 17.8119 -0.859954 0.470982 0.196606 -71.3161 0.500752 0.853067 0.14671 -7.81412 0 0 0 1 
				15
				-0.0986194 0.224615 -0.969444 18.0027 -0.859956 0.470979 0.196605 -71.334 0.500748 0.853069 0.146712 -8.74257 0 0 0 1 
		</Joint>
			9
				-1
				-1 -0.000110176 -0.000392105 -1.61313 0.000401968 -0.111856 -0.993724 -62.1493 6.56255e-05 -0.993724 0.111856 -27.002 0 0 0 1 
				0
				-0.994716 0.102175 -0.00999137 -1.74751 -0.00152673 -0.112035 -0.993703 -62.1521 -0.102651 -0.988437 0.111599 -27.1706 0 0 0 1 
				1
				-0.976518 0.214446 -0.0206206 -1.8765 -0.00373986 -0.112576 -0.993636 -62.1546 -0.215403 -0.970226 0.110734 -27.3644 0 0 0 1 
				2
				-0.952423 0.303379 -0.0291821 -1.96525 -0.00563727 -0.113267 -0.993548 -62.1564 -0.304727 -0.946114 0.109588 -27.5247 0 0 0 1 
				3
				-0.940243 0.338935 -0.0326565 -1.99741 -0.0064479 -0.113611 -0.993504 -62.157 -0.340444 -0.933924 0.109008 -27.5907 0 0 0 1 
				4
				-0.957186 0.288146 -0.0277035 -1.95089 -0.00530003 -0.113132 -0.993566 -62.1561 -0.289426 -0.95088 0.109815 -27.4968 0 0 0 1 
				5
				-0.984952 0.172027 -0.0165867 -1.83 -0.00288523 -0.112328 -0.993667 -62.1537 -0.1728 -0.978667 0.111134 -27.2901 0 0 0 1 
				6
				-0.998558 0.0534114 -0.00541036 -1.6855 -0.000601911 -0.111913 -0.993718 -62.1508 -0.0536813 -0.992282 0.111784 -27.0893 0 0 0 1 
				7
				-1 -0.000110176 -0.000392105 -1.61313 0.000401968 -0.111856 -0.993724 -62.1493 6.56255e-05 -0.993724 0.111856 -27.002 0 0 0 1 
				8
				-0.998558 0.0534114 -0.00541031 -1.6855 -0.000601961 -0.111913 -0.993718 -62.1508 -0.0536814 -0.992282 0.111784 -27.0893 0 0 0 1 
				9
				-0.984952 0.172027 -0.0165866 -1.82999 -0.00288534 -0.112328 -0.993667 -62.1537 -0.172801 -0.978667 0.111134 -27.2901 0 0 0 1 
				10
				-0.957186 0.288146 -0.0277035 -1.95089 -0.00530005 -0.113132 -0.993566 -62.1561 -0.289426 -0.95088 0.109815 -27.4968 0 0 0 1 
				11
				-0.940243 0.338935 -0.0326565 -1.99741 -0.00644791 -0.113611 -0.993504 -62.157 -0.340444 -0.933924 0.109008 -27.5907 0 0 0 1 
				12
				-0.952423 0.303379 -0.0291821 -1.96525 -0.00563727 -0.113267 -0.993548 -62.1564 -0.304727 -0.946114 0.109588 -27.5247 0 0 0 1 
				13
				-0.976518 0.214446 -0.0206205 -1.87649 -0.00373989 -0.112575 -0.993636 -62.1546 -0.215403 -0.970226 0.110734 -27.3644 0 0 0 1 
				14
				-0.994716 0.102175 -0.00999149 -1.74751 -0.00152663 -0.112035 -0.993703 -62.1521 -0.102651 -0.988437 0.111599 -27.1706 0 0 0 1 
				15
				-1 -0.000110176 -0.000392105 -1.61313 0.000401968 -0.111856 -0.993724 -62.1493 6.56255e-05 -0.993724 0.111856 -27.002 0 0 0 1 
		</Joint>
			10
				-1
				-0.678959 -0.13229 -0.722159 -9.08474 0.263723 0.874036 -0.408058 -62.1463 0.685175 -0.467505 -0.558546 -27.0015 0 0 0 1 
				0
				-0.858111 -0.0988591 -0.503858 -9.17965 -0.0211222 0.987256 -0.157731 -62.1635 0.51303 -0.124708 -0.849263 -27.9376 0 0 0 1 
				1
				-0.958601 -0.182555 -0.218535 -9.17266 -0.231377 0.946703 0.224093 -62.1826 0.165978 0.265379 -0.94975 -28.9738 0 0 0 1 
				2
				-0.944764 -0.327629 -0.00893868 -9.08139 -0.280002 0.792647 0.541581 -62.1985 -0.170353 0.514169 -0.840601 -29.8015 0 0 0 1 
				3
				-0.914007 -0.401211 0.0601647 -9.02254 -0.265877 0.704393 0.658133 -62.2052 -0.30643 0.585542 -0.750494 -30.1343 0 0 0 1 
				4
				-0.95394 -0.29721 -0.0408048 -9.10261 -0.278428 0.82648 0.489293 -62.1957 -0.111698 0.478117 -0.871164 -29.6593 0 0 0 1 
				5
				-0.93592 -0.134633 -0.325464 -9.18918 -0.167252 0.983112 0.0742801 -62.1753 0.309967 0.123955 -0.942632 -28.5812 0 0 0 1 
				6
				-0.781283 -0.100576 -0.616021 -9.14634 0.108053 0.950238 -0.292184 -62.1553 0.614754 -0.294841 -0.731537 -27.4904 0 0 0 1 
				7
				-0.678959 -0.13229 -0.722159 -9.08474 0.263723 0.874036 -0.408058 -62.1463 0.685175 -0.467505 -0.558546 -27.0015 0 0 0 1 
				8
				-0.781283 -0.100577 -0.616021 -9.14634 0.108053 0.950238 -0.292184 -62.1553 0.614753 -0.294841 -0.731537 -27.4904 0 0 0 1 
				9
				-0.93592 -0.134633 -0.325464 -9.18918 -0.167252 0.983112 0.0742802 -62.1753 0.309967 0.123955 -0.942632 -28.5812 0 0 0 1 
				10
				-0.95394 -0.29721 -0.0408047 -9.10261 -0.278428 0.826481 0.489293 -62.1957 -0.111698 0.478117 -0.871164 -29.6593 0 0 0 1 
				11
				-0.914007 -0.401211 0.0601646 -9.02254 -0.265877 0.704393 0.658133 -62.2052 -0.30643 0.585542 -0.750493 -30.1343 0 0 0 1 
				12
				-0.944764 -0.327629 -0.00893866 -9.08138 -0.280002 0.792647 0.541581 -62.1985 -0.170353 0.514169 -0.840601 -29.8015 0 0 0 1 
				13
				-0.958601 -0.182555 -0.218535 -9.17266 -0.231377 0.946703 0.224093 -62.1826 0.165978 0.26538 -0.94975 -28.9738 0 0 0 1 
				14
				-0.85811 -0.098859 -0.503858 -9.17965 -0.0211219 0.987256 -0.157731 -62.1635 0.51303 -0.124708 -0.849263 -27.9376 0 0 0 1 
				15
				-0.678959 -0.13229 -0.722159 -9.08474 0.263723 0.874036 -0.408058 -62.1463 0.685175 -0.467505 -0.558546 -27.0015 0 0 0 1 
		</Joint>
			11
				-1
				0.0986215 -0.68466 -0.722159 -19.5389 -0.859956 0.306536 -0.408058 -58.0857 0.500749 0.661269 -0.558546 -16.4516 0 0 0 1 
				0
				0.0504121 -0.862314 -0.503858 -22.3922 -0.98688 0.0344693 -0.157731 -62.4887 0.153381 0.505199 -0.849263 -20.0383 0 0 0 1 
				1
				0.120867 -0.968315 -0.218535 -23.9325 -0.959564 -0.170349 0.224093 -65.7452 -0.25422 0.182613 -0.94975 -26.4181 0 0 0 1 
				2
				0.260511 -0.965429 -0.00893872 -23.6282 -0.810344 -0.223678 0.541581 -66.5098 -0.524857 -0.133845 -0.840601 -32.4245 0 0 0 1 
				3
				0.333678 -0.940765 0.0601647 -23.0958 -0.721863 -0.213947 0.658133 -66.299 -0.606277 -0.263035 -0.750494 -34.8525 0 0 0 1 
				4
				0.230573 -0.972199 -0.0408048 -23.7907 -0.843746 -0.220645 0.489293 -66.4828 -0.484694 -0.0783889 -0.871164 -31.3791 0 0 0 1 
				5
				0.0772516 -0.942393 -0.325464 -23.5998 -0.991488 -0.106929 0.0742801 -64.7505 -0.104803 0.316955 -0.942632 -23.8085 0 0 0 1 
				6
				0.0590512 -0.785513 -0.616021 -21.176 -0.943181 0.158235 -0.292184 -60.4916 0.326991 0.598273 -0.731537 -18.0248 0 0 0 1 
				7
				0.0986215 -0.68466 -0.722159 -19.5389 -0.859956 0.306536 -0.408058 -58.0857 0.500749 0.661269 -0.558546 -16.4516 0 0 0 1 
				8
				0.0590514 -0.785513 -0.616021 -21.176 -0.943181 0.158235 -0.292184 -60.4916 0.326991 0.598273 -0.731537 -18.0248 0 0 0 1 
				9
				0.0772518 -0.942393 -0.325464 -23.5998 -0.991488 -0.10693 0.0742802 -64.7505 -0.104803 0.316955 -0.942632 -23.8085 0 0 0 1 
				10
				0.230573 -0.972199 -0.0408046 -23.7907 -0.843746 -0.220645 0.489293 -66.4828 -0.484693 -0.0783891 -0.871164 -31.3791 0 0 0 1 
				11
				0.333678 -0.940765 0.0601646 -23.0958 -0.721863 -0.213947 0.658133 -66.299 -0.606277 -0.263035 -0.750493 -34.8525 0 0 0 1 
				12
				0.260511 -0.965429 -0.00893871 -23.6282 -0.810345 -0.223678 0.541581 -66.5098 -0.524857 -0.133844 -0.840601 -32.4245 0 0 0 1 
				13
				0.120867 -0.968315 -0.218535 -23.9325 -0.959564 -0.170349 0.224093 -65.7452 -0.25422 0.182613 -0.949749 -26.4181 0 0 0 1 
				14
				0.0504123 -0.862314 -0.503858 -22.3922 -0.98688 0.0344692 -0.157731 -62.4887 0.153381 0.505199 -0.849263 -20.0383 0 0 0 1 
				15
				0.0986215 -0.68466 -0.722159 -19.5389 -0.859956 0.306536 -0.408058 -58.0857 0.500749 0.661269 -0.558546 -16.4516 0 0 0 1 
		</Joint>
			12
				-1
				0.0986215 0.993719 -0.0528703 -18.0204 -0.859956 0.11184 0.497963 -71.3267 0.500749 -0.00364375 0.865585 -8.74145 0 0 0 1 
				0
				0.0504121 0.990344 -0.129137 -21.616 -0.98688 0.0692535 0.145846 -77.684 0.153381 0.12009 0.980843 -17.6766 0 0 0 1 
				1
				0.120867 0.971497 -0.203921 -22.0715 -0.959564 0.0617349 -0.274636 -80.5199 -0.25422 0.22887 0.939676 -30.3324 0 0 0 1 
				2
				0.260511 0.939238 -0.22353 -19.617 -0.810344 0.0868499 -0.579481 -78.9869 -0.524857 0.332098 0.783732 -40.5059 0 0 0 1 
				3
				0.333678 0.917661 -0.215769 -17.9581 -0.721863 0.101526 -0.684548 -77.4138 -0.606277 0.384174 0.696303 -44.1876 0 0 0 1 
				4
				0.230573 0.946726 -0.224825 -20.2405 -0.843746 0.0794325 -0.530831 -79.4742 -0.484694 0.312091 0.817111 -38.8421 0 0 0 1 
				5
				0.0772516 0.980254 -0.182026 -22.4104 -0.991488 0.0563411 -0.117376 -80.0168 -0.104803 0.189544 0.976263 -25.4222 0 0 0 1 
				6
				0.0590512 0.994022 -0.091826 -20.2668 -0.94318 0.0856881 0.321041 -75.014 0.326991 0.0676506 0.942603 -12.99 0 0 0 1 
				7
				0.0986215 0.993719 -0.0528703 -18.0204 -0.859956 0.11184 0.497963 -71.3267 0.500749 -0.00364375 0.865585 -8.74145 0 0 0 1 
				8
				0.0590514 0.994022 -0.091826 -20.2668 -0.94318 0.0856883 0.321041 -75.0141 0.326991 0.0676505 0.942603 -12.99 0 0 0 1 
				9
				0.0772518 0.980254 -0.182026 -22.4104 -0.991488 0.0563412 -0.117376 -80.0168 -0.104803 0.189544 0.976263 -25.4222 0 0 0 1 
				10
				0.230573 0.946726 -0.224825 -20.2405 -0.843746 0.0794328 -0.530832 -79.4742 -0.484693 0.312091 0.817111 -38.8421 0 0 0 1 
				11
				0.333678 0.917661 -0.215768 -17.9581 -0.721863 0.101526 -0.684547 -77.4137 -0.606277 0.384174 0.696303 -44.1876 0 0 0 1 
				12
				0.260511 0.939238 -0.22353 -19.617 -0.810344 0.0868499 -0.579481 -78.9869 -0.524857 0.332098 0.783732 -40.5059 0 0 0 1 
				13
				0.120867 0.971497 -0.203921 -22.0715 -0.959564 0.0617346 -0.274636 -80.5199 -0.25422 0.22887 0.939676 -30.3325 0 0 0 1 
				14
				0.0504123 0.990344 -0.129135 -21.616 -0.98688 0.0692535 0.145847 -77.684 0.153381 0.120089 0.980843 -17.6766 0 0 0 1 
				15
				0.0986215 0.993719 -0.0528703 -18.0204 -0.859956 0.11184 0.497963 -71.3267 0.500749 -0.00364375 0.865585 -8.74144 0 0 0 1 
		</Joint>
			13
				-1
				3.55878e-06 -2.54374e-06 -1 -0.0101197 -0.965926 -0.258819 -2.77914e-06 -65.5053 -0.258819 0.965926 -3.37814e-06 -26.6244 0 0 0 1 
				0
				5.0216e-06 -6.92873e-07 -1 -0.185386 -0.965932 -0.258797 -4.67121e-06 -65.5049 -0.258797 0.965932 -1.96884e-06 -26.6291 0 0 0 1 
				1
				5.30681e-06 6.06385e-07 -1 -0.379457 -0.965932 -0.258794 -5.28296e-06 -65.5037 -0.258794 0.965932 -7.87645e-07 -26.6449 0 0 0 1 
				2
				3.74709e-06 -2.38228e-07 -1 -0.535775 -0.965931 -0.258798 -3.55778e-06 -65.5021 -0.258799 0.965931 -1.19985e-06 -26.6658 0 0 0 1 
				3
				3.5483e-06 -2.56228e-06 -1 -0.59921 -0.965926 -0.258819 -2.76423e-06 -65.5013 -0.258819 0.965926 -3.39334e-06 -26.6764 0 0 0 1 
				4
				3.18671e-06 2.20834e-06 -1 -0.508779 -0.965938 -0.258772 -3.64962e-06 -65.5024 -0.258772 0.965938 1.30849e-06 -26.6617 0 0 0 1 
				5
				2.23372e-06 7.98227e-07 -1 -0.305807 -0.965943 -0.258754 -2.3642e-06 -65.5043 -0.258754 0.965943 1.93056e-07 -26.6376 0 0 0 1 
				6
				1.88665e-06 -2.61815e-06 -1 -0.101747 -0.965938 -0.258772 -1.14488e-06 -65.5052 -0.258772 0.965938 -3.01719e-06 -26.6257 0 0 0 1 
				7
				3.55878e-06 -2.54374e-06 -1 -0.0101197 -0.965926 -0.258819 -2.77914e-06 -65.5053 -0.258819 0.965926 -3.37814e-06 -26.6244 0 0 0 1 
				8
				1.94195e-06 -2.60281e-06 -1 -0.101745 -0.965938 -0.258772 -1.20227e-06 -65.5052 -0.258772 0.965938 -3.01668e-06 -26.6257 0 0 0 1 
				9
				2.37352e-06 8.16459e-07 -1 -0.305801 -0.965943 -0.258755 -2.50395e-06 -65.5043 -0.258755 0.965943 1.74493e-07 -26.6376 0 0 0 1 
				10
				3.18631e-06 2.22869e-06 -1 -0.50878 -0.965939 -0.258772 -3.6545e-06 -65.5024 -0.258772 0.965938 1.32825e-06 -26.6617 0 0 0 1 
				11
				3.50809e-06 -2.61615e-06 -1 -0.599211 -0.965926 -0.258819 -2.71144e-06 -65.5013 -0.258819 0.965925 -3.43497e-06 -26.6764 0 0 0 1 
				12
				3.73304e-06 -2.35674e-07 -1 -0.535774 -0.965931 -0.258799 -3.54487e-06 -65.5021 -0.258799 0.965931 -1.19375e-06 -26.6658 0 0 0 1 
				13
				5.36858e-06 5.9993e-07 -1 -0.379455 -0.965932 -0.258794 -5.34094e-06 -65.5037 -0.258794 0.965932 -8.09864e-07 -26.6449 0 0 0 1 
				14
				4.92918e-06 -7.06704e-07 -1 -0.18539 -0.965932 -0.258797 -4.57836e-06 -65.5049 -0.258797 0.965932 -1.95828e-06 -26.6291 0 0 0 1 
				15
				3.55873e-06 -2.54378e-06 -1 -0.0101197 -0.965926 -0.258819 -2.77909e-06 -65.5053 -0.258819 0.965926 -3.37817e-06 -26.6244 0 0 0 1 
		</Joint>
			14
		</Joint>
			15
				-1
				-0.00741755 -0.328612 0.944436 4.58386 -0.0152351 -0.944315 -0.32869 -27.5203 0.999856 -0.0168266 0.00199806 -26.2144 0 0 0 1 
				0
				-0.00724299 -0.328487 0.944481 4.58373 -0.0152943 -0.944359 -0.328562 -27.5203 0.999857 -0.0168249 0.00181601 -26.2144 0 0 0 1 
				1
				-0.00705811 -0.328354 0.944528 4.58372 -0.0153579 -0.944405 -0.328426 -27.5203 0.999857 -0.0168241 0.00162288 -26.2144 0 0 0 1 
				2
				-0.00689314 -0.328233 0.944572 4.58375 -0.0154157 -0.944447 -0.328302 -27.5203 0.999857 -0.0168243 0.00145026 -26.2144 0 0 0 1 
				3
				-0.00677857 -0.328149 0.944602 4.58386 -0.0154573 -0.944476 -0.328216 -27.5203 0.999857 -0.0168259 0.0013299 -26.2144 0 0 0 1 
				4
				-0.00673336 -0.328117 0.944613 4.5836 -0.0154693 -0.944487 -0.328183 -27.5203 0.999858 -0.0168223 0.00128383 -26.2144 0 0 0 1 
				5
				-0.00673863 -0.328121 0.944612 4.58351 -0.0154661 -0.944486 -0.328188 -27.5203 0.999858 -0.016821 0.00128978 -26.2144 0 0 0 1 
				6
				-0.00676385 -0.328138 0.944606 4.5836 -0.0154584 -0.94448 -0.328205 -27.5203 0.999858 -0.016822 0.00131585 -26.2144 0 0 0 1 
				7
				-0.00677854 -0.328149 0.944602 4.58386 -0.0154571 -0.944476 -0.328216 -27.5203 0.999858 -0.0168256 0.00132994 -26.2144 0 0 0 1 
				8
				-0.00677857 -0.328149 0.944602 4.5836 -0.0154536 -0.944476 -0.328216 -27.5203 0.999858 -0.0168223 0.00133111 -26.2144 0 0 0 1 
				9
				-0.00677854 -0.32815 0.944601 4.58351 -0.0154527 -0.944476 -0.328217 -27.5203 0.999858 -0.0168215 0.00133135 -26.2144 0 0 0 1 
				10
				-0.00677854 -0.328151 0.944601 4.5836 -0.0154537 -0.944476 -0.328218 -27.5203 0.999857 -0.0168224 0.00133103 -26.2144 0 0 0 1 
				11
				-0.00677854 -0.328149 0.944602 4.58386 -0.0154571 -0.944476 -0.328216 -27.5203 0.999857 -0.0168256 0.00132995 -26.2144 0 0 0 1 
				12
				-0.00677856 -0.32815 0.944601 4.58375 -0.0154557 -0.944476 -0.328218 -27.5203 0.999857 -0.0168243 0.0013304 -26.2144 0 0 0 1 
				13
				-0.00677854 -0.32815 0.944601 4.58372 -0.0154553 -0.944476 -0.328218 -27.5203 0.999857 -0.016824 0.00133049 -26.2144 0 0 0 1 
				14
				-0.00677857 -0.328148 0.944602 4.58374 -0.0154555 -0.944476 -0.328216 -27.5203 0.999857 -0.0168241 0.00133052 -26.2144 0 0 0 1 
				15
				-0.00677857 -0.328149 0.944602 4.58386 -0.0154574 -0.944476 -0.328216 -27.5203 0.999858 -0.0168259 0.00132988 -26.2144 0 0 0 1 
		</Joint>
			16
				-1
				0.314898 0.0942351 0.944436 4.43553 0.903031 0.276582 -0.32869 -27.8249 -0.292188 0.956359 0.00199806 -6.2198 0 0 0 1 
				0
				0.314725 0.0943625 0.944481 4.43889 0.903091 0.27654 -0.328562 -27.8261 -0.29219 0.956358 0.00181601 -6.21982 0 0 0 1 
				1
				0.31454 0.0944968 0.944529 4.44258 0.903155 0.276493 -0.328424 -27.8274 -0.292191 0.956358 0.00162288 -6.21982 0 0 0 1 
				2
				0.314374 0.0946167 0.944572 4.4459 0.903212 0.276451 -0.328301 -27.8285 -0.292191 0.956359 0.00145026 -6.2198 0 0 0 1 
				3
				0.31426 0.0947 0.944602 4.4483 0.903253 0.276421 -0.328216 -27.8294 -0.29219 0.956359 0.0013299 -6.21979 0 0 0 1 
				4
				0.314214 0.0947328 0.944614 4.44895 0.903268 0.276413 -0.328182 -27.8296 -0.292193 0.956358 0.00128384 -6.21982 0 0 0 1 
				5
				0.314221 0.0947292 0.944612 4.44875 0.903265 0.276415 -0.328187 -27.8295 -0.292194 0.956358 0.00128978 -6.21986 0 0 0 1 
				6
				0.314245 0.0947107 0.944606 4.44834 0.903257 0.276421 -0.328205 -27.8294 -0.292193 0.956358 0.00131584 -6.21984 0 0 0 1 
				7
				0.31426 0.0947002 0.944602 4.44831 0.903253 0.276421 -0.328216 -27.8294 -0.29219 0.956359 0.00132994 -6.21979 0 0 0 1 
				8
				0.31426 0.0947002 0.944602 4.44805 0.903252 0.276424 -0.328216 -27.8293 -0.292193 0.956358 0.00133111 -6.21984 0 0 0 1 
				9
				0.31426 0.0947002 0.944602 4.44795 0.903251 0.276425 -0.328216 -27.8293 -0.292194 0.956358 0.00133135 -6.21985 0 0 0 1 
				10
				0.314261 0.0947002 0.944602 4.44805 0.903251 0.276424 -0.328217 -27.8293 -0.292193 0.956358 0.00133103 -6.21983 0 0 0 1 
				11
				0.31426 0.0947 0.944602 4.4483 0.903253 0.276421 -0.328216 -27.8294 -0.29219 0.956359 0.00132995 -6.21979 0 0 0 1 
				12
				0.314261 0.0947003 0.944601 4.44819 0.903252 0.276422 -0.328217 -27.8293 -0.292191 0.956359 0.0013304 -6.2198 0 0 0 1 
				13
				0.31426 0.0947002 0.944602 4.44817 0.903252 0.276423 -0.328216 -27.8293 -0.292191 0.956359 0.00133049 -6.21979 0 0 0 1 
				14
				0.31426 0.0947 0.944602 4.44818 0.903252 0.276422 -0.328216 -27.8293 -0.292191 0.956359 0.00133052 -6.2198 0 0 0 1 
				15
