<?xml version='1.0' encoding='UTF-8' ?>
<itpanim>
	<skeleton count>
		25
			0 -1
			1.37091e-06 -1 -6.12323e-17 1.44898e-05 1 1.37091e-06 -6.12323e-17 -1.98691e-11 6.12323e-17 -6.12323e-17 1 80.8015 0 0 0 1 
			1 0
			1.3868e-06 4.78456e-08 -1 -80.8015 2.75771e-06 -1 -4.78418e-08 1.44901e-05 -1 -2.75771e-06 -1.3868e-06 -0.000112056 0 0 0 1 
			2 1
			1.40269e-06 -0.000796318 -1 -90.1364 0 -1 0.000796318 0.0931538 -1 -1.11699e-09 -1.40269e-06 -2.58351e-07 0 0 0 1 
			3 2
			1.40269e-06 -0.000796318 -1 -116.969 0 -1 0.000796318 0.11452 -1 -1.11699e-09 -1.40269e-06 -3.17612e-07 0 0 0 1 
			4 3
			1.40269e-06 -0.000796318 -1 -143.801 0 -1 0.000796318 0.119367 -1 -1.11699e-09 -1.40269e-06 -3.31058e-07 0 0 0 1 
			5 4
			1 1.37091e-06 4.37113e-08 -2.89267 -1.37091e-06 1 3.58059e-15 -8.20407e-06 -4.37113e-08 -6.35048e-14 1 143.801 0 0 0 1 
			6 5
			0.995014 0.0902305 0.042489 -10.1726 -0.0897157 0.995871 -0.0138741 -0.527027 -0.0435655 0.00999304 0.999001 144.37 0 0 0 1 
			7 6
			0.994845 -0.0912189 0.0442967 -37.2146 0.0915704 0.995781 -0.00596753 -7.37347 -0.0435655 0.00999304 0.999001 144.37 0 0 0 1 
			8 7
			0.994845 -0.0912189 0.0442967 -64.9763 -0.0434925 0.0107859 0.998995 144.365 -0.091605 -0.995772 0.00676301 7.48842 0 0 0 1 
			9 4
			-1 -1.37091e-06 4.37114e-08 -2.89267 -1.37091e-06 1 3.84662e-15 -8.20407e-06 -4.37115e-08 -5.60777e-14 -1 -143.801 0 0 0 1 
			10 9
			-0.995014 0.0902277 0.042489 -10.1726 0.089713 0.995871 -0.0138741 -0.527027 -0.0435654 -0.00999316 -0.999001 -144.37 0 0 0 1 
			11 10
			-0.994845 -0.0912216 0.0442967 -37.2146 -0.0915731 0.99578 -0.00596753 -7.37347 -0.0435654 -0.00999316 -0.999001 -144.37 0 0 0 1 
			12 11
			-0.994845 -0.0912216 0.0442967 -64.9763 0.0434925 0.0107861 0.998995 144.365 -0.0916078 0.995772 -0.00676301 -7.48842 0 0 0 1 
			13 4
			1.34309e-06 -5.95475e-08 -1 -149.889 -1.40269e-06 -1 5.95456e-08 7.93768e-06 -1 1.40269e-06 -1.34309e-06 -0.000201315 0 0 0 1 
			14 13
			1 -0 0 0 0 1 0 0 -0 -0 1 -0 0 0 0 1 
			15 2
			1.37369e-06 -0.0998334 0.995004 80.3979 0 -0.995004 -0.0998334 -8.06668 1 1.3714e-07 -1.36683e-06 -8.2648 0 0 0 1 
			16 15
			1.37369e-06 0.0998334 0.995004 45.0607 0 -0.995004 0.0998334 0.903508 1 -1.3714e-07 -1.36683e-06 -8.2648 0 0 0 1 
			17 16
			1.3716e-06 -6.00745e-14 1 9.05003 0 -1 -6.00745e-14 1.19116e-05 1 8.23984e-20 -1.3716e-06 -8.2648 0 0 0 1 
			18 17
			1.3723e-06 -1 -6.00133e-14 -12.2319 0 6.00133e-14 -1 -0.75718 1 1.3723e-06 8.23562e-20 -8.2648 0 0 0 1 
			19 18
			1 -0 0 0 0 1 0 0 -0 -0 1 -0 0 0 0 1 
			20 2
			1.37369e-06 -0.0998334 0.995004 80.3979 0 -0.995004 -0.0998334 -8.06668 1 1.3714e-07 -1.36683e-06 8.26481 0 0 0 1 
			21 20
			1.37369e-06 0.0998334 0.995004 45.0607 0 -0.995004 0.0998334 0.903507 1 -1.3714e-07 -1.36683e-06 8.26481 0 0 0 1 
			22 21
			1.3716e-06 -6.00745e-14 1 9.05003 0 -1 -6.00745e-14 1.19116e-05 1 8.23984e-20 -1.3716e-06 8.26481 0 0 0 1 
			23 22
			1.3723e-06 -1 5.98908e-14 -12.2319 0 -5.98908e-14 -1 -0.75718 1 1.3723e-06 -8.21882e-20 8.26481 0 0 0 1 
			24 23
			1 -0 0 0 0 1 0 0 -0 -0 1 -0 0 0 0 1 
	</skeleton>
		<animations>
			17
			0
				-1
				3.44638e-07 1 -1.40136e-06 -1.20295e-06 -0.258819 1.4428e-06 0.965926 -27.5203 0.965926 2.98023e-08 0.258819 -38.5335 0 0 0 1 
				0
				3.44638e-07 1 -1.42474e-06 -1.20295e-06 -0.258819 1.4654e-06 0.965926 -27.5203 0.965926 3.58559e-08 0.258819 -38.5335 0 0 0 1 
				1
				3.10174e-07 1 -1.39508e-06 -1.20295e-06 -0.258819 1.42782e-06 0.965926 -27.5203 0.965926 6.14673e-08 0.258819 -38.5335 0 0 0 1 
				2
				3.10174e-07 1 -1.39598e-06 -1.20295e-06 -0.258819 1.42869e-06 0.965926 -27.5203 0.965926 6.17001e-08 0.258819 -38.5335 0 0 0 1 
				3
				3.44638e-07 1 -1.40136e-06 -1.20295e-06 -0.258819 1.4428e-06 0.965926 -27.5203 0.965926 2.98023e-08 0.258819 -38.5335 0 0 0 1 
				4
				3.10174e-07 1 -1.39868e-06 -1.20295e-06 -0.258819 1.4313e-06 0.965926 -27.5203 0.965926 6.23986e-08 0.258819 -38.5335 0 0 0 1 
				5
				3.10175e-07 1 -1.33031e-06 -1.20295e-06 -0.258819 1.36526e-06 0.965926 -27.5203 0.965926 4.47035e-08 0.258819 -38.5335 0 0 0 1 
				6
				3.10175e-07 1 -1.27004e-06 -1.20295e-06 -0.258819 1.30704e-06 0.965926 -27.5203 0.965926 2.91038e-08 0.258819 -38.5335 0 0 0 1 
				7
				3.44638e-07 1 -1.40136e-06 -1.20295e-06 -0.258819 1.4428e-06 0.965926 -27.5203 0.965926 2.98023e-08 0.258819 -38.5335 0 0 0 1 
				8
				3.10175e-07 1 -1.32221e-06 -1.20295e-06 -0.258819 1.35744e-06 0.965926 -27.5203 0.965926 4.2608e-08 0.258819 -38.5335 0 0 0 1 
				9
				3.10175e-07 1 -1.45985e-06 -1.20295e-06 -0.258819 1.49038e-06 0.965926 -27.5203 0.965926 7.82311e-08 0.258819 -38.5335 0 0 0 1 
				10
				3.10174e-07 1 -1.39328e-06 -1.20295e-06 -0.258819 1.42608e-06 0.965926 -27.5203 0.965926 6.10016e-08 0.258819 -38.5335 0 0 0 1 
				11
				3.44638e-07 1 -1.40136e-06 -1.20295e-06 -0.258819 1.4428e-06 0.965926 -27.5203 0.965926 2.98023e-08 0.258819 -38.5335 0 0 0 1 
				12
				3.10174e-07 1 -1.39328e-06 -1.20295e-06 -0.258819 1.42608e-06 0.965926 -27.5203 0.965926 6.10016e-08 0.258819 -38.5335 0 0 0 1 
				13
				3.10175e-07 1 -1.45985e-06 -1.20295e-06 -0.258819 1.49039e-06 0.965926 -27.5203 0.965926 7.82311e-08 0.258819 -38.5335 0 0 0 1 
				14
				3.10175e-07 1 -1.32221e-06 -1.20295e-06 -0.258819 1.35744e-06 0.965926 -27.5203 0.965926 4.2608e-08 0.258819 -38.5335 0 0 0 1 
				15
				3.44638e-07 1 -1.40136e-06 -1.20295e-06 -0.258819 1.4428e-06 0.965926 -27.5203 0.965926 2.98023e-08 0.258819 -38.5335 0 0 0 1 
		</Joint>
			1
				-1
				1.40136e-06 1.67622e-06 -1 -1.20295e-06 -0.965926 -0.258818 -1.78744e-06 -27.5203 -0.258818 0.965926 1.25641e-06 -38.5335 0 0 0 1 
				0
				1.42475e-06 1.67622e-06 -1 -1.20295e-06 -0.965926 -0.258818 -1.81003e-06 -27.5203 -0.258818 0.965926 1.25035e-06 -38.5335 0 0 0 1 
				1
				1.39508e-06 1.64175e-06 -1 -1.20295e-06 -0.965926 -0.258818 -1.77246e-06 -27.5203 -0.258818 0.965926 1.22474e-06 -38.5335 0 0 0 1 
				2
				1.39598e-06 1.64175e-06 -1 -1.20295e-06 -0.965926 -0.258818 -1.77333e-06 -27.5203 -0.258818 0.965926 1.22451e-06 -38.5335 0 0 0 1 
				3
				1.40136e-06 1.67622e-06 -1 -1.20295e-06 -0.965926 -0.258818 -1.78744e-06 -27.5203 -0.258818 0.965926 1.25641e-06 -38.5335 0 0 0 1 
				4
				1.39868e-06 1.64175e-06 -1 -1.20295e-06 -0.965926 -0.258818 -1.77593e-06 -27.5203 -0.258818 0.965926 1.22381e-06 -38.5335 0 0 0 1 
				5
				1.33031e-06 1.64175e-06 -1 -1.20295e-06 -0.965926 -0.258818 -1.70989e-06 -27.5203 -0.258818 0.965926 1.2415e-06 -38.5335 0 0 0 1 
				6
				1.27004e-06 1.64175e-06 -1 -1.20295e-06 -0.965926 -0.258818 -1.65168e-06 -27.5203 -0.258818 0.965926 1.2571e-06 -38.5335 0 0 0 1 
				7
				1.40136e-06 1.67622e-06 -1 -1.20295e-06 -0.965926 -0.258818 -1.78744e-06 -27.5203 -0.258818 0.965926 1.25641e-06 -38.5335 0 0 0 1 
				8
				1.32221e-06 1.64175e-06 -1 -1.20295e-06 -0.965926 -0.258818 -1.70207e-06 -27.5203 -0.258818 0.965926 1.2436e-06 -38.5335 0 0 0 1 
				9
				1.45985e-06 1.64175e-06 -1 -1.20295e-06 -0.965926 -0.258818 -1.83502e-06 -27.5203 -0.258818 0.965926 1.20798e-06 -38.5335 0 0 0 1 
				10
				1.39328e-06 1.64175e-06 -1 -1.20295e-06 -0.965926 -0.258818 -1.77072e-06 -27.5203 -0.258818 0.965926 1.22521e-06 -38.5335 0 0 0 1 
				11
				1.40136e-06 1.67622e-06 -1 -1.20295e-06 -0.965926 -0.258818 -1.78744e-06 -27.5203 -0.258818 0.965926 1.25641e-06 -38.5335 0 0 0 1 
				12
				1.39328e-06 1.64175e-06 -1 -1.20295e-06 -0.965926 -0.258818 -1.77072e-06 -27.5203 -0.258818 0.965926 1.22521e-06 -38.5335 0 0 0 1 
				13
				1.45985e-06 1.64175e-06 -1 -1.20295e-06 -0.965926 -0.258818 -1.83502e-06 -27.5203 -0.258818 0.965926 1.20798e-06 -38.5335 0 0 0 1 
				14
				1.32221e-06 1.64175e-06 -1 -1.20295e-06 -0.965926 -0.258818 -1.70207e-06 -27.5203 -0.258818 0.965926 1.2436e-06 -38.5335 0 0 0 1 
				15
				1.40136e-06 1.67622e-06 -1 -1.20295e-06 -0.965926 -0.258818 -1.78744e-06 -27.5203 -0.258818 0.965926 1.25641e-06 -38.5335 0 0 0 1 
		</Joint>
			2
				-1
				-0.000196584 3.49205e-05 -1 2.40203e-05 -0.997262 -0.0739509 0.000193463 -36.5355 -0.0739509 0.997262 4.93624e-05 -40.9708 0 0 0 1 
				0
				-0.000237698 -0.0516257 -0.998666 0.00112796 -0.997262 -0.0738411 0.00405455 -36.5355 -0.0739519 0.995933 -0.0514668 -40.9708 0 0 0 1 
				1
				-0.000283289 -0.108832 -0.99406 0.00234991 -0.997262 -0.0734854 0.00832957 -36.5355 -0.0739555 0.99134 -0.108513 -40.9707 0 0 0 1 
				2
				-0.000319983 -0.154913 -0.987928 0.00333449 -0.997261 -0.0730181 0.0117727 -36.5355 -0.0739603 0.985226 -0.154465 -40.9706 0 0 0 1 
				3
				-0.000334867 -0.173614 -0.984814 0.00373419 -0.997261 -0.0727817 0.0131699 -36.5355 -0.0739629 0.982121 -0.173114 -40.9705 0 0 0 1 
				4
				-0.000313639 -0.146955 -0.989143 0.00316438 -0.997261 -0.0731104 0.0111781 -36.5355 -0.0739594 0.986438 -0.146529 -40.9706 0 0 0 1 
				5
				-0.000266061 -0.087121 -0.996198 0.00188538 -0.997262 -0.0736496 0.00670726 -36.5355 -0.0739539 0.993472 -0.0868628 -40.9708 0 0 0 1 
				6
				-0.000218224 -0.0269708 -0.999636 0.000599783 -0.997262 -0.0739184 0.00221207 -36.5355 -0.0739512 0.9969 -0.0268808 -40.9708 0 0 0 1 
				7
				-0.000196584 3.49204e-05 -1 2.40198e-05 -0.997262 -0.0739509 0.000193463 -36.5355 -0.0739509 0.997262 4.93624e-05 -40.9708 0 0 0 1 
				8
				-0.000218173 -0.0269708 -0.999636 0.00060027 -0.997262 -0.0739184 0.00221202 -36.5355 -0.0739512 0.9969 -0.0268808 -40.9708 0 0 0 1 
				9
				-0.000265932 -0.087121 -0.996198 0.00188659 -0.997262 -0.0736496 0.00670713 -36.5355 -0.0739539 0.993472 -0.0868628 -40.9708 0 0 0 1 
				10
				-0.000313646 -0.146955 -0.989143 0.00316433 -0.997261 -0.0731104 0.0111781 -36.5355 -0.0739594 0.986438 -0.146529 -40.9706 0 0 0 1 
				11
				-0.000334867 -0.173614 -0.984814 0.00373419 -0.997261 -0.0727817 0.0131699 -36.5355 -0.0739629 0.982121 -0.173114 -40.9705 0 0 0 1 
				12
				-0.000319986 -0.154913 -0.987928 0.00333446 -0.997261 -0.073018 0.0117727 -36.5355 -0.0739603 0.985226 -0.154465 -40.9706 0 0 0 1 
				13
				-0.000283222 -0.108832 -0.99406 0.00235052 -0.997261 -0.0734856 0.00832952 -36.5355 -0.0739556 0.99134 -0.108513 -40.9707 0 0 0 1 
				14
				-0.000237804 -0.0516257 -0.998666 0.00112701 -0.997262 -0.0738412 0.00405466 -36.5355 -0.073952 0.995933 -0.0514668 -40.9708 0 0 0 1 
				15
				-0.000196584 3.49205e-05 -1 2.40203e-05 -0.997262 -0.0739509 0.000193463 -36.5355 -0.0739509 0.997262 4.93624e-05 -40.9708 0 0 0 1 
		</Joint>
			3
				-1
				-0.000394814 0.000110488 -1 -0.00525322 -0.993635 0.112647 0.000404747 -63.2969 0.112647 0.993635 6.53105e-05 -42.9764 0 0 0 1 
				0
				-0.0100755 -0.102167 -0.994716 -0.00306718 -0.993614 0.112826 -0.00152396 -63.2969 0.112385 0.988349 -0.102651 -42.9762 0 0 0 1 
				1
				-0.020794 -0.21443 -0.976518 -0.000669487 -0.993546 0.113366 -0.00373705 -63.2969 0.111505 0.970138 -0.215403 -42.9759 0 0 0 1 
				2
				-0.0294262 -0.303356 -0.952423 0.00123045 -0.993458 0.114058 -0.00563449 -63.2969 0.110341 0.946026 -0.304728 -42.9753 0 0 0 1 
				3
				-0.0329288 -0.338909 -0.940243 0.00199044 -0.993414 0.114402 -0.0064451 -63.2969 0.10975 0.933838 -0.340444 -42.9751 0 0 0 1 
				4
				-0.0279355 -0.288124 -0.957186 0.000904455 -0.993476 0.113922 -0.00529727 -63.2969 0.110571 0.950792 -0.289427 -42.9754 0 0 0 1 
				5
				-0.0167264 -0.172014 -0.984953 -0.00157862 -0.993577 0.113119 -0.00288244 -63.2969 0.111913 0.978578 -0.172801 -42.976 0 0 0 1 
				6
				-0.00545565 -0.0534071 -0.998558 -0.00411474 -0.993629 0.112703 -0.000599131 -63.2968 0.112573 0.992192 -0.0536817 -42.9763 0 0 0 1 
				7
				-0.000394814 0.000110488 -1 -0.00525322 -0.993635 0.112647 0.000404747 -63.2969 0.112647 0.993635 6.53105e-05 -42.9764 0 0 0 1 
				8
				-0.0054556 -0.0534071 -0.998558 -0.00411292 -0.993629 0.112703 -0.000599181 -63.2968 0.112573 0.992192 -0.0536817 -42.9763 0 0 0 1 
				9
				-0.0167262 -0.172014 -0.984953 -0.00157353 -0.993577 0.113119 -0.00288256 -63.2969 0.111913 0.978578 -0.172801 -42.976 0 0 0 1 
				10
				-0.0279355 -0.288124 -0.957186 0.00090433 -0.993476 0.113922 -0.00529726 -63.2969 0.110571 0.950792 -0.289427 -42.9754 0 0 0 1 
				11
				-0.0329288 -0.338909 -0.940243 0.00199044 -0.993414 0.114402 -0.00644511 -63.2969 0.10975 0.933838 -0.340444 -42.9751 0 0 0 1 
				12
				-0.0294262 -0.303356 -0.952423 0.00122976 -0.993458 0.114058 -0.0056345 -63.2969 0.110341 0.946027 -0.304728 -42.9753 0 0 0 1 
				13
				-0.0207939 -0.21443 -0.976518 -0.000667256 -0.993546 0.113366 -0.00373709 -63.2969 0.111505 0.970138 -0.215403 -42.9759 0 0 0 1 
				14
				-0.0100756 -0.102167 -0.994716 -0.00307103 -0.993614 0.112826 -0.00152384 -63.2969 0.112385 0.988348 -0.102651 -42.9762 0 0 0 1 
				15
				-0.000394813 0.000110488 -1 -0.00525322 -0.993635 0.112647 0.000404747 -63.2968 0.112647 0.993635 6.53105e-05 -42.9764 0 0 0 1 
		</Joint>
			4
				-1
				-0.000394814 0.000110488 -1 -0.0158476 -0.993635 0.112647 0.000404747 -89.959 0.112647 0.993635 6.53105e-05 -39.9586 0 0 0 1 
				0
				-0.0100755 -0.102167 -0.994716 -0.272921 -0.993614 0.112826 -0.00152396 -89.9585 0.112385 0.988349 -0.102651 -39.9655 0 0 0 1 
				1
				-0.020794 -0.21443 -0.976518 -0.557583 -0.993546 0.113366 -0.00373705 -89.9567 0.111505 0.970138 -0.215403 -39.9886 0 0 0 1 
				2
				-0.0294262 -0.303356 -0.952423 -0.786877 -0.993458 0.114058 -0.00563449 -89.9543 0.110341 0.946026 -0.304728 -40.0192 0 0 0 1 
				3
				-0.0329288 -0.338909 -0.940243 -0.879927 -0.993414 0.114402 -0.0064451 -89.9531 0.10975 0.933838 -0.340444 -40.0347 0 0 0 1 
				4
				-0.0279355 -0.288124 -0.957185 -0.747277 -0.993475 0.113922 -0.00529727 -89.9548 0.110571 0.950792 -0.289427 -40.0132 0 0 0 1 
				5
				-0.0167264 -0.172014 -0.984953 -0.449553 -0.993577 0.113119 -0.00288244 -89.9575 0.111913 0.978578 -0.172801 -39.9779 0 0 0 1 
				6
				-0.00545565 -0.0534071 -0.998558 -0.150244 -0.993629 0.112703 -0.00059913 -89.9588 0.112573 0.992192 -0.0536817 -39.9605 0 0 0 1 
				7
				-0.000394814 0.000110488 -1 -0.0158476 -0.993635 0.112647 0.000404747 -89.959 0.112647 0.993635 6.53105e-05 -39.9586 0 0 0 1 
				8
				-0.0054556 -0.0534071 -0.998558 -0.150241 -0.993629 0.112703 -0.000599182 -89.9588 0.112573 0.992192 -0.0536817 -39.9605 0 0 0 1 
				9
				-0.0167262 -0.172014 -0.984953 -0.449544 -0.993577 0.113119 -0.00288256 -89.9575 0.111913 0.978578 -0.172801 -39.9779 0 0 0 1 
				10
				-0.0279355 -0.288124 -0.957186 -0.747277 -0.993476 0.113922 -0.00529726 -89.9548 0.110571 0.950792 -0.289427 -40.0132 0 0 0 1 
				11
				-0.0329288 -0.338909 -0.940243 -0.879926 -0.993414 0.114402 -0.00644511 -89.9531 0.10975 0.933838 -0.340444 -40.0347 0 0 0 1 
				12
				-0.0294262 -0.303356 -0.952423 -0.786876 -0.993458 0.114058 -0.00563449 -89.9543 0.110341 0.946027 -0.304728 -40.0192 0 0 0 1 
				13
				-0.0207939 -0.21443 -0.976518 -0.557579 -0.993546 0.113366 -0.00373709 -89.9567 0.111505 0.970138 -0.215403 -39.9886 0 0 0 1 
				14
				-0.0100756 -0.102167 -0.994716 -0.272927 -0.993614 0.112826 -0.00152384 -89.9584 0.112385 0.988348 -0.102651 -39.9655 0 0 0 1 
				15
				-0.000394814 0.000110488 -1 -0.0158476 -0.993635 0.112647 0.000404747 -89.959 0.112647 0.993635 6.53105e-05 -39.9586 0 0 0 1 
		</Joint>
			5
				-1
				1 -0.000110172 0.000397698 2.87683 -0.000407525 -0.111856 0.993725 -89.9597 -6.49955e-05 -0.993725 -0.111856 -39.954 0 0 0 1 
				0
				0.994716 0.102175 0.0099969 2.60398 0.00152118 -0.112034 0.993704 -89.9535 0.102651 -0.988438 -0.111598 -39.6638 0 0 0 1 
				1
				0.976518 0.214446 0.020626 2.26613 0.00373428 -0.112575 0.993636 -89.9453 0.215403 -0.970226 -0.110732 -39.3608 0 0 0 1 
				2
				0.952423 0.303379 0.0291873 1.96671 0.00563172 -0.113267 0.993549 -89.9375 0.304728 -0.946114 -0.109586 -39.1332 0 0 0 1 
				3
				0.940242 0.338936 0.0326616 1.83825 0.00644232 -0.113611 0.993504 -89.9339 0.340445 -0.933925 -0.109005 -39.0454 0 0 0 1 
				4
				0.957185 0.288146 0.0277088 2.02016 0.0052945 -0.113131 0.993566 -89.9389 0.289427 -0.95088 -0.109813 -39.1713 0 0 0 1 
				5
				0.984953 0.172027 0.0165921 2.39877 0.00287966 -0.112328 0.993667 -89.9486 0.172801 -0.978667 -0.111133 -39.4733 0 0 0 1 
				6
				0.998558 0.0534114 0.00541592 2.738 0.000596354 -0.111912 0.993718 -89.9566 0.053682 -0.992282 -0.111783 -39.8005 0 0 0 1 
				7
				1 -0.000110172 0.000397698 2.87683 -0.000407525 -0.111856 0.993725 -89.9597 -6.49955e-05 -0.993725 -0.111856 -39.954 0 0 0 1 
				8
				0.998558 0.0534114 0.00541587 2.73801 0.000596406 -0.111912 0.993718 -89.9566 0.053682 -0.992282 -0.111783 -39.8005 0 0 0 1 
				9
				0.984953 0.172027 0.016592 2.39877 0.00287978 -0.112328 0.993667 -89.9486 0.172801 -0.978667 -0.111133 -39.4733 0 0 0 1 
				10
				0.957185 0.288146 0.0277088 2.02016 0.0052945 -0.113131 0.993566 -89.9389 0.289427 -0.95088 -0.109813 -39.1713 0 0 0 1 
				11
				0.940242 0.338936 0.0326616 1.83825 0.00644232 -0.113611 0.993504 -89.9339 0.340445 -0.933925 -0.109005 -39.0454 0 0 0 1 
				12
				0.952423 0.303379 0.0291873 1.96671 0.00563173 -0.113267 0.993549 -89.9375 0.304728 -0.946114 -0.109586 -39.1332 0 0 0 1 
				13
				0.976518 0.214446 0.0206259 2.26614 0.00373431 -0.112575 0.993636 -89.9453 0.215404 -0.970227 -0.110732 -39.3608 0 0 0 1 
				14
				0.994716 0.102175 0.00999699 2.60397 0.00152107 -0.112034 0.993703 -89.9535 0.102651 -0.988437 -0.111598 -39.6638 0 0 0 1 
				15
				1 -0.000110172 0.000397698 2.87683 -0.000407525 -0.111856 0.993725 -89.9597 -6.49955e-05 -0.993725 -0.111856 -39.954 0 0 0 1 
		</Joint>
			6
				-1
				0.678953 0.132287 -0.722166 16.3483 0.263727 0.874037 0.408053 -89.9651 0.68518 -0.467504 0.558542 -39.9548 0 0 0 1 
				0
				0.678953 0.132288 -0.722166 16.0043 0.26373 0.874036 0.408056 -89.933 0.685179 -0.467508 0.55854 -38.2809 0 0 0 1 
				1
				0.678953 0.132288 -0.722165 15.4213 0.26373 0.874034 0.408056 -89.895 0.685179 -0.467508 0.55854 -36.459 0 0 0 1 
				2
				0.678953 0.132288 -0.722166 14.7973 0.263729 0.874035 0.408056 -89.8616 0.685179 -0.467507 0.55854 -35.028 0 0 0 1 
				3
				0.678953 0.132287 -0.722166 14.5047 0.263727 0.874037 0.408053 -89.8471 0.68518 -0.467503 0.558542 -34.4591 0 0 0 1 
				4
				0.678953 0.132289 -0.722165 14.9149 0.263732 0.874032 0.408059 -89.8676 0.685178 -0.467511 0.558538 -35.2723 0 0 0 1 
				5
				0.678952 0.132289 -0.722166 15.6676 0.263735 0.874031 0.408062 -89.9098 0.685177 -0.467515 0.558536 -37.1454 0 0 0 1 
				6
				0.678952 0.132288 -0.722166 16.1901 0.263734 0.874032 0.408059 -89.9485 0.685178 -0.467512 0.558538 -39.0773 0 0 0 1 
				7
				0.678953 0.132287 -0.722166 16.3483 0.263727 0.874037 0.408053 -89.9651 0.68518 -0.467504 0.558542 -39.9548 0 0 0 1 
				8
				0.678952 0.132288 -0.722166 16.1901 0.263734 0.874033 0.408059 -89.9485 0.685178 -0.467512 0.558537 -39.0773 0 0 0 1 
				9
				0.678952 0.132289 -0.722166 15.6676 0.263735 0.874031 0.408061 -89.9098 0.685177 -0.467515 0.558536 -37.1454 0 0 0 1 
				10
				0.678953 0.132288 -0.722165 14.9149 0.263732 0.874033 0.408059 -89.8676 0.685178 -0.467511 0.558538 -35.2723 0 0 0 1 
				11
				0.678953 0.132287 -0.722166 14.5047 0.263727 0.874037 0.408053 -89.8471 0.68518 -0.467503 0.558542 -34.4591 0 0 0 1 
				12
				0.678953 0.132288 -0.722166 14.7973 0.263729 0.874035 0.408056 -89.8616 0.685179 -0.467507 0.55854 -35.028 0 0 0 1 
				13
				0.678952 0.132288 -0.722166 15.4213 0.26373 0.874035 0.408056 -89.895 0.685179 -0.467508 0.55854 -36.459 0 0 0 1 
				14
				0.678953 0.132288 -0.722166 16.0043 0.26373 0.874035 0.408056 -89.933 0.685179 -0.467508 0.55854 -38.2809 0 0 0 1 
				15
				0.678953 0.132287 -0.722166 16.3483 0.263727 0.874037 0.408053 -89.9651 0.68518 -0.467504 0.558542 -39.9548 0 0 0 1 
		</Joint>
			7
				-1
				-0.0986194 0.684654 -0.722166 35.1972 -0.859957 0.30654 0.408053 -82.6436 0.500748 0.661273 0.558542 -20.933 0 0 0 1 
				0
				-0.0986201 0.684654 -0.722166 34.8532 -0.859955 0.306542 0.408056 -82.6114 0.500752 0.661273 0.55854 -19.2591 0 0 0 1 
				1
				-0.0986203 0.684654 -0.722166 34.2702 -0.859954 0.306542 0.408056 -82.5734 0.500752 0.661272 0.55854 -17.4373 0 0 0 1 
				2
				-0.0986204 0.684654 -0.722166 33.6462 -0.859955 0.306542 0.408056 -82.54 0.500751 0.661273 0.55854 -16.0063 0 0 0 1 
				3
				-0.0986193 0.684654 -0.722166 33.3536 -0.859957 0.306539 0.408053 -82.5256 0.500747 0.661274 0.558542 -15.4373 0 0 0 1 
				4
				-0.0986212 0.684654 -0.722165 33.7638 -0.859952 0.306545 0.408059 -82.5459 0.500755 0.661271 0.558538 -16.2506 0 0 0 1 
				5
				-0.098621 0.684654 -0.722166 34.5165 -0.85995 0.306548 0.408061 -82.5881 0.500759 0.66127 0.558536 -18.1237 0 0 0 1 
				6
				-0.0986202 0.684653 -0.722166 35.039 -0.859952 0.306546 0.408059 -82.6268 0.500756 0.661271 0.558538 -20.0555 0 0 0 1 
				7
				-0.0986194 0.684654 -0.722166 35.1972 -0.859957 0.30654 0.408053 -82.6436 0.500748 0.661273 0.558542 -20.933 0 0 0 1 
				8
				-0.0986202 0.684653 -0.722166 35.039 -0.859952 0.306546 0.408059 -82.6268 0.500756 0.661271 0.558538 -20.0555 0 0 0 1 
				9
				-0.0986209 0.684653 -0.722166 34.5165 -0.85995 0.306548 0.408061 -82.588 0.500759 0.66127 0.558536 -18.1237 0 0 0 1 
				10
				-0.098621 0.684654 -0.722165 33.7638 -0.859953 0.306545 0.408059 -82.5459 0.500755 0.661271 0.558538 -16.2506 0 0 0 1 
				11
				-0.0986193 0.684654 -0.722166 33.3536 -0.859957 0.306539 0.408053 -82.5256 0.500747 0.661274 0.558542 -15.4373 0 0 0 1 
				12
				-0.0986203 0.684654 -0.722166 33.6462 -0.859955 0.306542 0.408056 -82.54 0.500751 0.661273 0.55854 -16.0063 0 0 0 1 
				13
				-0.0986204 0.684654 -0.722166 34.2702 -0.859955 0.306542 0.408056 -82.5734 0.500752 0.661272 0.55854 -17.4372 0 0 0 1 
				14
				-0.0986204 0.684654 -0.722166 34.8532 -0.859955 0.306542 0.408056 -82.6114 0.500752 0.661272 0.55854 -19.2591 0 0 0 1 
				15
				-0.0986194 0.684654 -0.722166 35.1972 -0.859957 0.30654 0.408053 -82.6436 0.500748 0.661273 0.558542 -20.9331 0 0 0 1 
		</Joint>
			8
				-1
				-0.0986194 0.224616 -0.969444 32.4594 -0.859957 0.470979 0.196605 -106.518 0.500748 0.85307 0.146712 -7.0314 0 0 0 1 
				0
				-0.0986201 0.224616 -0.969445 32.1154 -0.859955 0.470982 0.196606 -106.485 0.500752 0.853068 0.146711 -5.35738 0 0 0 1 
				1
				-0.0986203 0.224615 -0.969444 31.5323 -0.859954 0.470982 0.196606 -106.447 0.500752 0.853067 0.146711 -3.53552 0 0 0 1 
				2
				-0.0986204 0.224615 -0.969445 30.9083 -0.859955 0.470981 0.196606 -106.414 0.500751 0.853068 0.146711 -2.10454 0 0 0 1 
				3
				-0.0986192 0.224615 -0.969444 30.6158 -0.859957 0.470978 0.196605 -106.4 0.500747 0.85307 0.146712 -1.53573 0 0 0 1 
				4
				-0.0986212 0.224615 -0.969444 31.0259 -0.859952 0.470986 0.196608 -106.42 0.500755 0.853065 0.146709 -2.34876 0 0 0 1 
				5
				-0.098621 0.224615 -0.969444 31.7786 -0.85995 0.470989 0.196608 -106.462 0.500759 0.853064 0.146708 -4.22176 0 0 0 1 
				6
				-0.0986202 0.224615 -0.969444 32.3011 -0.859952 0.470986 0.196607 -106.501 0.500756 0.853065 0.146709 -6.15368 0 0 0 1 
				7
				-0.0986194 0.224616 -0.969444 32.4594 -0.859957 0.470979 0.196605 -106.518 0.500748 0.85307 0.146712 -7.0314 0 0 0 1 
				8
				-0.0986202 0.224615 -0.969444 32.3011 -0.859952 0.470986 0.196607 -106.501 0.500756 0.853065 0.146709 -6.15369 0 0 0 1 
				9
				-0.0986208 0.224615 -0.969444 31.7786 -0.85995 0.470989 0.196608 -106.462 0.500759 0.853063 0.146708 -4.22177 0 0 0 1 
				10
				-0.098621 0.224615 -0.969444 31.0259 -0.859953 0.470986 0.196607 -106.42 0.500755 0.853065 0.14671 -2.34877 0 0 0 1 
				11
				-0.0986192 0.224615 -0.969444 30.6158 -0.859957 0.470978 0.196605 -106.4 0.500747 0.85307 0.146712 -1.53572 0 0 0 1 
				12
				-0.0986203 0.224616 -0.969444 30.9083 -0.859955 0.470981 0.196606 -106.414 0.500751 0.853068 0.146711 -2.10455 0 0 0 1 
				13
				-0.0986204 0.224615 -0.969444 31.5323 -0.859955 0.470982 0.196606 -106.447 0.500752 0.853067 0.146711 -3.53551 0 0 0 1 
				14
				-0.0986204 0.224616 -0.969444 32.1153 -0.859955 0.470982 0.196606 -106.485 0.500752 0.853068 0.146711 -5.35739 0 0 0 1 
				15
				-0.0986193 0.224616 -0.969444 32.4594 -0.859957 0.470979 0.196605 -106.518 0.500748 0.85307 0.146712 -7.03142 0 0 0 1 
		</Joint>
			9
				-1
				-1 -0.000110176 -0.000392105 -2.90852 0.000401968 -0.111856 -0.993725 -89.9573 6.56255e-05 -0.993725 0.111856 -39.9536 0 0 0 1 
				0
				-0.994717 0.102175 -0.00999133 -3.15081 -0.00152674 -0.112034 -0.993704 -89.9623 -0.102651 -0.988438 0.111598 -40.2576 0 0 0 1 
				1
				-0.976518 0.214446 -0.0206205 -3.38338 -0.00373984 -0.112575 -0.993636 -89.9669 -0.215403 -0.970226 0.110734 -40.607 0 0 0 1 
				2
				-0.952423 0.303379 -0.029182 -3.5434 -0.00563727 -0.113267 -0.993549 -89.9701 -0.304727 -0.946114 0.109588 -40.8961 0 0 0 1 
				3
				-0.940243 0.338936 -0.0326563 -3.60139 -0.00644787 -0.113611 -0.993504 -89.9712 -0.340444 -0.933925 0.109007 -41.015 0 0 0 1 
				4
				-0.957186 0.288146 -0.0277034 -3.5175 -0.00530006 -0.113131 -0.993566 -89.9695 -0.289426 -0.95088 0.109815 -40.8458 0 0 0 1 
				5
				-0.984953 0.172027 -0.0165866 -3.29954 -0.00288522 -0.112328 -0.993667 -89.9653 -0.172801 -0.978667 0.111134 -40.473 0 0 0 1 
				6
				-0.998558 0.0534114 -0.00541033 -3.03901 -0.000601911 -0.111912 -0.993718 -89.96 -0.0536813 -0.992282 0.111783 -40.111 0 0 0 1 
				7
				-1 -0.000110176 -0.000392105 -2.90852 0.000401968 -0.111856 -0.993725 -89.9573 6.56255e-05 -0.993725 0.111856 -39.9536 0 0 0 1 
				8
				-0.998558 0.0534114 -0.00541028 -3.03901 -0.000601963 -0.111912 -0.993718 -89.96 -0.0536813 -0.992282 0.111783 -40.111 0 0 0 1 
				9
				-0.984953 0.172027 -0.0165865 -3.29953 -0.00288534 -0.112328 -0.993667 -89.9653 -0.172801 -0.978667 0.111134 -40.473 0 0 0 1 
				10
				-0.957186 0.288146 -0.0277034 -3.51751 -0.00530005 -0.113131 -0.993566 -89.9695 -0.289426 -0.95088 0.109815 -40.8458 0 0 0 1 
				11
				-0.940243 0.338936 -0.0326563 -3.60139 -0.00644788 -0.113611 -0.993504 -89.9712 -0.340444 -0.933925 0.109007 -41.015 0 0 0 1 
				12
				-0.952423 0.303379 -0.029182 -3.5434 -0.00563728 -0.113267 -0.993549 -89.9701 -0.304727 -0.946114 0.109588 -40.8961 0 0 0 1 
				13
				-0.976518 0.214446 -0.0206204 -3.38337 -0.00373986 -0.112575 -0.993636 -89.9669 -0.215403 -0.970227 0.110733 -40.607 0 0 0 1 
				14
				-0.994716 0.102175 -0.00999143 -3.15082 -0.00152663 -0.112034 -0.993703 -89.9623 -0.102651 -0.988437 0.111598 -40.2576 0 0 0 1 
				15
				-1 -0.000110176 -0.000392105 -2.90852 0.000401968 -0.111856 -0.993725 -89.9573 6.56255e-05 -0.993725 0.111856 -39.9536 0 0 0 1 
		</Joint>
			10
				-1
				-0.678959 -0.13229 -0.72216 -16.38 0.263723 0.874036 -0.408058 -89.9519 0.685176 -0.467505 -0.558547 -39.9527 0 0 0 1 
				0
				-0.858111 -0.0988593 -0.503859 -16.5511 -0.0211225 0.987257 -0.157731 -89.9829 0.513031 -0.124708 -0.849264 -41.6405 0 0 0 1 
				1
				-0.958601 -0.182555 -0.218535 -16.5385 -0.231377 0.946703 0.224093 -90.0173 0.165978 0.26538 -0.94975 -43.5088 0 0 0 1 
				2
				-0.944764 -0.32763 -0.00893881 -16.374 -0.280002 0.792647 0.541581 -90.046 -0.170353 0.514169 -0.840601 -45.0012 0 0 0 1 
				3
				-0.914008 -0.401211 0.0601648 -16.2679 -0.265877 0.704393 0.658134 -90.0581 -0.30643 0.585543 -0.750493 -45.6013 0 0 0 1 
				4
				-0.95394 -0.29721 -0.040805 -16.4122 -0.278428 0.82648 0.489294 -90.0409 -0.111699 0.478118 -0.871164 -44.7448 0 0 0 1 
				5
				-0.935921 -0.134633 -0.325464 -16.5683 -0.167252 0.983112 0.0742806 -90.0041 0.309967 0.123955 -0.942632 -42.8009 0 0 0 1 
				6
				-0.781283 -0.100576 -0.616021 -16.4911 0.108053 0.950239 -0.292184 -89.9681 0.614754 -0.294841 -0.731537 -40.8342 0 0 0 1 
				7
				-0.678959 -0.13229 -0.72216 -16.38 0.263723 0.874036 -0.408058 -89.9519 0.685176 -0.467505 -0.558547 -39.9527 0 0 0 1 
				8
				-0.781283 -0.100577 -0.616021 -16.4911 0.108053 0.950239 -0.292184 -89.9682 0.614754 -0.294841 -0.731537 -40.8342 0 0 0 1 
				9
				-0.93592 -0.134633 -0.325464 -16.5683 -0.167252 0.983112 0.0742806 -90.0041 0.309967 0.123955 -0.942632 -42.8009 0 0 0 1 
				10
				-0.95394 -0.29721 -0.0408049 -16.4122 -0.278428 0.82648 0.489294 -90.0409 -0.111698 0.478118 -0.871164 -44.7448 0 0 0 1 
				11
				-0.914008 -0.401211 0.0601648 -16.2679 -0.265877 0.704393 0.658134 -90.0581 -0.30643 0.585543 -0.750493 -45.6013 0 0 0 1 
				12
				-0.944764 -0.32763 -0.0089389 -16.374 -0.280002 0.792647 0.541581 -90.046 -0.170353 0.51417 -0.840601 -45.0012 0 0 0 1 
				13
				-0.958601 -0.182556 -0.218535 -16.5385 -0.231377 0.946703 0.224093 -90.0173 0.165978 0.26538 -0.94975 -43.5088 0 0 0 1 
				14
				-0.85811 -0.0988589 -0.503859 -16.5511 -0.0211222 0.987256 -0.157731 -89.9829 0.513031 -0.124708 -0.849263 -41.6405 0 0 0 1 
				15
				-0.678959 -0.132289 -0.72216 -16.38 0.263723 0.874036 -0.408058 -89.9519 0.685175 -0.467505 -0.558547 -39.9527 0 0 0 1 
		</Joint>
			11
				-1
				0.0986216 -0.68466 -0.72216 -35.2291 -0.859957 0.306536 -0.408058 -82.6305 0.500749 0.661269 -0.558547 -20.931 0 0 0 1 
				0
				0.0504122 -0.862314 -0.503859 -40.3738 -0.986881 0.0344691 -0.157731 -90.5693 0.153381 0.5052 -0.849264 -27.3978 0 0 0 1 
				1
				0.120867 -0.968315 -0.218535 -43.151 -0.959564 -0.170349 0.224093 -96.4407 -0.25422 0.182613 -0.94975 -38.9009 0 0 0 1 
				2
				0.260511 -0.96543 -0.00893877 -42.6023 -0.810345 -0.223678 0.541581 -97.8193 -0.524858 -0.133845 -0.840601 -49.7305 0 0 0 1 
				3
				0.333678 -0.940765 0.0601648 -41.6423 -0.721863 -0.213947 0.658134 -97.4393 -0.606277 -0.263036 -0.750493 -54.1083 0 0 0 1 
				4
				0.230573 -0.972199 -0.040805 -42.8953 -0.843746 -0.220645 0.489294 -97.7706 -0.484694 -0.0783889 -0.871164 -47.8457 0 0 0 1 
				5
				0.0772518 -0.942393 -0.325464 -42.5511 -0.991488 -0.10693 0.0742806 -94.6473 -0.104803 0.316955 -0.942632 -34.1957 0 0 0 1 
				6
				0.0590512 -0.785513 -0.616021 -38.1808 -0.943181 0.158235 -0.292184 -86.9684 0.32699 0.598273 -0.731537 -23.7675 0 0 0 1 
				7
				0.0986216 -0.68466 -0.72216 -35.2291 -0.859957 0.306536 -0.408058 -82.6305 0.500749 0.661269 -0.558547 -20.931 0 0 0 1 
				8
				0.0590515 -0.785513 -0.616021 -38.1808 -0.943181 0.158234 -0.292184 -86.9684 0.32699 0.598273 -0.731537 -23.7675 0 0 0 1 
				9
				0.0772518 -0.942394 -0.325464 -42.5511 -0.991488 -0.10693 0.0742806 -94.6474 -0.104803 0.316956 -0.942632 -34.1957 0 0 0 1 
				10
				0.230573 -0.972199 -0.0408048 -42.8953 -0.843746 -0.220645 0.489294 -97.7706 -0.484694 -0.078389 -0.871164 -47.8457 0 0 0 1 
				11
				0.333678 -0.940765 0.0601648 -41.6423 -0.721863 -0.213947 0.658134 -97.4393 -0.606277 -0.263036 -0.750493 -54.1083 0 0 0 1 
				12
				0.260511 -0.96543 -0.00893886 -42.6023 -0.810344 -0.223678 0.541581 -97.8193 -0.524858 -0.133845 -0.840601 -49.7305 0 0 0 1 
				13
				0.120867 -0.968315 -0.218535 -43.151 -0.959564 -0.170349 0.224093 -96.4407 -0.25422 0.182613 -0.94975 -38.9009 0 0 0 1 
				14
				0.0504122 -0.862314 -0.503859 -40.3738 -0.986881 0.034469 -0.157731 -90.5693 0.153381 0.5052 -0.849263 -27.3979 0 0 0 1 
				15
				0.0986215 -0.68466 -0.72216 -35.2291 -0.859957 0.306536 -0.408058 -82.6305 0.500749 0.661269 -0.558547 -20.931 0 0 0 1 
		</Joint>
			12
				-1
				0.0986215 0.99372 -0.0528694 -32.4912 -0.859957 0.11184 0.497963 -106.504 0.500749 -0.0036445 0.865586 -7.02935 0 0 0 1 
				0
				0.0504122 0.990345 -0.129137 -38.9743 -0.986881 0.0692535 0.145846 -117.967 0.153381 0.12009 0.980844 -23.1397 0 0 0 1 
				1
				0.120867 0.971497 -0.203922 -39.7955 -0.959564 0.0617345 -0.274637 -123.08 -0.25422 0.228871 0.939676 -45.9585 0 0 0 1 
				2
				0.260511 0.939238 -0.22353 -35.37 -0.810345 0.0868493 -0.579482 -120.316 -0.524858 0.332098 0.783731 -64.3015 0 0 0 1 
				3
				0.333678 0.917661 -0.21577 -32.3788 -0.721863 0.101525 -0.684548 -117.479 -0.606277 0.384175 0.696303 -70.9396 0 0 0 1 
				4
				0.230573 0.946726 -0.224825 -36.4942 -0.843746 0.0794323 -0.530832 -121.194 -0.484694 0.312091 0.817111 -61.3017 0 0 0 1 
				5
				0.0772518 0.980255 -0.182025 -40.4065 -0.991488 0.0563412 -0.117377 -122.173 -0.104803 0.189543 0.976263 -37.1052 0 0 0 1 
				6
				0.0590512 0.994023 -0.0918252 -36.5415 -0.943181 0.0856877 0.321041 -113.153 0.32699 0.0676499 0.942603 -14.6897 0 0 0 1 
				7
				0.0986216 0.99372 -0.0528694 -32.4912 -0.859957 0.11184 0.497963 -106.504 0.500749 -0.00364449 0.865586 -7.02935 0 0 0 1 
				8
				0.0590515 0.994022 -0.0918252 -36.5415 -0.943181 0.085688 0.321041 -113.153 0.32699 0.0676498 0.942603 -14.6897 0 0 0 1 
				9
				0.0772518 0.980255 -0.182025 -40.4065 -0.991488 0.0563413 -0.117377 -122.173 -0.104803 0.189543 0.976263 -37.1052 0 0 0 1 
				10
				0.230573 0.946726 -0.224825 -36.4942 -0.843746 0.0794323 -0.530832 -121.194 -0.484694 0.312091 0.817111 -61.3017 0 0 0 1 
				11
				0.333678 0.917661 -0.21577 -32.3788 -0.721863 0.101525 -0.684548 -117.479 -0.606277 0.384175 0.696303 -70.9396 0 0 0 1 
				12
				0.260511 0.939238 -0.22353 -35.37 -0.810344 0.0868493 -0.579482 -120.316 -0.524858 0.332098 0.783731 -64.3015 0 0 0 1 
				13
				0.120867 0.971497 -0.203922 -39.7955 -0.959564 0.0617345 -0.274637 -123.08 -0.25422 0.228871 0.939676 -45.9585 0 0 0 1 
				14
				0.0504122 0.990345 -0.129136 -38.9742 -0.986881 0.0692534 0.145846 -117.967 0.153381 0.120089 0.980843 -23.1397 0 0 0 1 
				15
				0.0986215 0.99372 -0.0528695 -32.4912 -0.859957 0.11184 0.497963 -106.504 0.500749 -0.00364437 0.865586 -7.02937 0 0 0 1 
		</Joint>
			13
				-1
				3.5585e-06 -2.54381e-06 -1 -0.0182512 -0.965926 -0.258819 -2.77886e-06 -96.0083 -0.258819 0.965926 -3.37814e-06 -39.2728 0 0 0 1 
				0
				5.03263e-06 -6.63316e-07 -1 -0.33426 -0.965932 -0.258797 -4.68951e-06 -96.0076 -0.258797 0.965932 -1.94315e-06 -39.2813 0 0 0 1 
				1
				5.29189e-06 5.74498e-07 -1 -0.684176 -0.965932 -0.258794 -5.26028e-06 -96.0053 -0.258794 0.965932 -8.14582e-07 -39.3098 0 0 0 1 
				2
				3.70974e-06 -2.13082e-07 -1 -0.966022 -0.965932 -0.258798 -3.52821e-06 -96.0025 -0.258799 0.965931 -1.1659e-06 -39.3475 0 0 0 1 
				3
				3.5366e-06 -2.50663e-06 -1 -1.0804 -0.965926 -0.258819 -2.76733e-06 -96.001 -0.258819 0.965926 -3.33656e-06 -39.3666 0 0 0 1 
				4
				3.19063e-06 2.27169e-06 -1 -0.917347 -0.965938 -0.258772 -3.6698e-06 -96.003 -0.258772 0.965938 1.36867e-06 -39.34 0 0 0 1 
				5
				2.22857e-06 8.58415e-07 -1 -0.551383 -0.965943 -0.258755 -2.37479e-06 -96.0064 -0.258755 0.965943 2.52528e-07 -39.2966 0 0 0 1 
				6
				1.89213e-06 -2.614e-06 -1 -0.183458 -0.965938 -0.258772 -1.15125e-06 -96.008 -0.258773 0.965938 -3.0146e-06 -39.2752 0 0 0 1 
				7
				3.55851e-06 -2.5438e-06 -1 -0.0182512 -0.965926 -0.258819 -2.77887e-06 -96.0083 -0.258819 0.965926 -3.37813e-06 -39.2728 0 0 0 1 
				8
				1.9451e-06 -2.6063e-06 -1 -0.183455 -0.965938 -0.258772 -1.20441e-06 -96.008 -0.258773 0.965938 -3.02087e-06 -39.2752 0 0 0 1 
				9
				2.36962e-06 8.5633e-07 -1 -0.551372 -0.965943 -0.258755 -2.51049e-06 -96.0064 -0.258755 0.965943 2.14017e-07 -39.2966 0 0 0 1 
				10
				3.18679e-06 2.27087e-06 -1 -0.917347 -0.965939 -0.258772 -3.66588e-06 -96.003 -0.258772 0.965938 1.36887e-06 -39.34 0 0 0 1 
				11
				3.54301e-06 -2.55276e-06 -1 -1.0804 -0.965926 -0.258819 -2.76158e-06 -96.001 -0.258819 0.965926 -3.38278e-06 -39.3666 0 0 0 1 
				12
				3.70659e-06 -1.77052e-07 -1 -0.966022 -0.965932 -0.258798 -3.53449e-06 -96.0025 -0.258799 0.965931 -1.13028e-06 -39.3475 0 0 0 1 
				13
				5.35735e-06 6.38491e-07 -1 -0.684171 -0.965933 -0.258794 -5.34007e-06 -96.0053 -0.258794 0.965933 -7.69711e-07 -39.3098 0 0 0 1 
				14
				4.93378e-06 -7.13248e-07 -1 -0.334267 -0.965932 -0.258797 -4.58111e-06 -96.0076 -0.258797 0.965932 -1.9658e-06 -39.2813 0 0 0 1 
				15
				3.55855e-06 -2.54381e-06 -1 -0.0182512 -0.965926 -0.258819 -2.77891e-06 -96.0083 -0.258819 0.965926 -3.37815e-06 -39.2728 0 0 0 1 
		</Joint>
			14
		</Joint>
			15
				-1
				-0.00741753 -0.328613 0.944436 8.26481 -0.0152351 -0.944315 -0.328691 -27.5202 0.999857 -0.0168266 0.00199804 -38.5335 0 0 0 1 
				0
				-0.00724304 -0.328487 0.944481 8.26458 -0.0152942 -0.944359 -0.328561 -27.5202 0.999857 -0.0168249 0.00181609 -38.5335 0 0 0 1 
				1
				-0.00705825 -0.328352 0.944529 8.26456 -0.0153582 -0.944406 -0.328424 -27.5202 0.999857 -0.0168244 0.00162294 -38.5335 0 0 0 1 
				2
				-0.00689324 -0.328233 0.944572 8.2646 -0.015416 -0.944447 -0.328302 -27.5202 0.999857 -0.0168246 0.00145028 -38.5335 0 0 0 1 
				3
				-0.00677858 -0.328151 0.944601 8.26481 -0.0154575 -0.944476 -0.328218 -27.5202 0.999858 -0.016826 0.00132982 -38.5335 0 0 0 1 
				4
				-0.00673348 -0.328116 0.944613 8.26434 -0.0154695 -0.944487 -0.328183 -27.5202 0.999857 -0.0168225 0.00128389 -38.5336 0 0 0 1 
				5
				-0.00673868 -0.32812 0.944612 8.26417 -0.0154667 -0.944487 -0.328186 -27.5202 0.999858 -0.0168216 0.00128966 -38.5336 0 0 0 1 
				6
				-0.00676385 -0.32814 0.944605 8.26434 -0.0154589 -0.944479 -0.328207 -27.5202 0.999858 -0.0168225 0.00131564 -38.5336 0 0 0 1 
				7
				-0.00677853 -0.328149 0.944602 8.26481 -0.0154572 -0.944476 -0.328216 -27.5202 0.999858 -0.0168258 0.00132988 -38.5335 0 0 0 1 
				8
				-0.00677855 -0.328151 0.944601 8.26434 -0.0154539 -0.944476 -0.328218 -27.5202 0.999858 -0.0168226 0.00133096 -38.5336 0 0 0 1 
				9
				-0.00677865 -0.32815 0.944601 8.26417 -0.0154528 -0.944476 -0.328217 -27.5202 0.999858 -0.0168216 0.00133146 -38.5336 0 0 0 1 
				10
				-0.00677856 -0.328149 0.944602 8.26435 -0.0154535 -0.944476 -0.328217 -27.5202 0.999858 -0.0168223 0.00133112 -38.5336 0 0 0 1 
				11
				-0.00677849 -0.328151 0.944601 8.26481 -0.0154571 -0.944476 -0.328218 -27.5202 0.999858 -0.0168256 0.00132986 -38.5335 0 0 0 1 
				12
				-0.00677867 -0.32815 0.944602 8.2646 -0.0154556 -0.944476 -0.328217 -27.5202 0.999858 -0.0168243 0.00133053 -38.5335 0 0 0 1 
				13
				-0.00677864 -0.32815 0.944601 8.26456 -0.0154556 -0.944476 -0.328217 -27.5202 0.999858 -0.0168242 0.00133052 -38.5335 0 0 0 1 
				14
				-0.00677862 -0.32815 0.944601 8.26458 -0.0154557 -0.944476 -0.328218 -27.5202 0.999858 -0.0168243 0.00133045 -38.5335 0 0 0 1 
				15
				-0.00677862 -0.32815 0.944601 8.26481 -0.0154574 -0.944476 -0.328217 -27.5202 0.999858 -0.0168259 0.0013299 -38.5335 0 0 0 1 
		</Joint>
			16
				-1
				0.314899 0.0942354 0.944436 7.99736 0.903031 0.276582 -0.328691 -28.0696 -0.292189 0.956359 0.00199804 -2.48278 0 0 0 1 
				0
				0.314724 0.0943622 0.944481 8.00343 0.903091 0.27654 -0.328561 -28.0717 -0.29219 0.956359 0.00181609 -2.48281 0 0 0 1 
				1
				0.314539 0.0944964 0.944529 8.01007 0.903155 0.276493 -0.328423 -28.074 -0.29219 0.956359 0.00162294 -2.48282 0 0 0 1 
				2
				0.314375 0.0946165 0.944572 8.01606 0.903213 0.276451 -0.328301 -28.0761 -0.29219 0.956359 0.00145028 -2.48281 0 0 0 1 
				3
				0.31426 0.0947 0.944602 8.0204 0.903253 0.27642 -0.328216 -28.0776 -0.292189 0.95636 0.00132982 -2.48275 0 0 0 1 
				4
				0.314215 0.0947327 0.944614 8.02156 0.903268 0.276412 -0.328182 -28.078 -0.292192 0.956359 0.00128389 -2.48286 0 0 0 1 
				5
				0.31422 0.0947289 0.944612 8.0212 0.903266 0.276415 -0.328186 -28.0779 -0.292193 0.956358 0.00128966 -2.48289 0 0 0 1 
				6
				0.314246 0.0947108 0.944605 8.02047 0.903257 0.27642 -0.328206 -28.0776 -0.292193 0.956359 0.00131564 -2.48287 0 0 0 1 
				7
				0.31426 0.0947001 0.944602 8.0204 0.903253 0.276421 -0.328216 -28.0776 -0.292189 0.95636 0.00132988 -2.48275 0 0 0 1 
				8
				0.314261 0.0947002 0.944602 8.01994 0.903252 0.276424 -0.328217 -28.0774 -0.292192 0.956359 0.00133097 -2.48286 0 0 0 1 
				9
				0.31426 0.0947001 0.944602 8.01976 0.903251 0.276425 -0.328216 -28.0774 -0.292194 0.956358 0.00133146 -2.48289 0 0 0 1 
				10
				0.31426 0.0946998 0.944602 8.01994 0.903252 0.276424 -0.328216 -28.0774 -0.292192 0.956358 0.00133113 -2.48285 0 0 0 1 
				11
				0.31426 0.0947002 0.944602 8.0204 0.903253 0.276421 -0.328216 -28.0776 -0.29219 0.95636 0.00132986 -2.48275 0 0 0 1 
				12
				0.31426 0.0947 0.944602 8.02019 0.903252 0.276422 -0.328216 -28.0775 -0.292191 0.956359 0.00133053 -2.4828 0 0 0 1 
				13
				0.31426 0.0947 0.944602 8.02015 0.903252 0.276422 -0.328216 -28.0775 -0.292191 0.956359 0.00133052 -2.48279 0 0 0 1 
				14
				0.314261 0.0946999 0.944602 8.02018 0.903253 0.276421 -0.328216 -28.0775 -0.29219 0.956359 0.00133045 -2.4828 0 0 0 1 
				15
