<?xml version='1.0' encoding='UTF-8' ?>
<itpanim>
	<skeleton count>
		25
			0 -1
			1.37091e-06 -1 -6.12323e-17 1.44898e-05 1 1.37091e-06 -6.12323e-17 -1.98691e-11 6.12323e-17 -6.12323e-17 1 80.8015 0 0 0 1 
			1 0
			1.3868e-06 4.78456e-08 -1 -80.8015 2.75771e-06 -1 -4.78418e-08 1.44901e-05 -1 -2.75771e-06 -1.3868e-06 -0.000112056 0 0 0 1 
			2 1
			1.40269e-06 -0.000796318 -1 -90.1364 0 -1 0.000796318 0.0931538 -1 -1.11699e-09 -1.40269e-06 -2.58351e-07 0 0 0 1 
			3 2
			1.40269e-06 -0.000796318 -1 -116.969 0 -1 0.000796318 0.11452 -1 -1.11699e-09 -1.40269e-06 -3.17612e-07 0 0 0 1 
			4 3
			1.40269e-06 -0.000796318 -1 -143.801 0 -1 0.000796318 0.119367 -1 -1.11699e-09 -1.40269e-06 -3.31058e-07 0 0 0 1 
			5 4
			1 1.37091e-06 4.37113e-08 -2.89267 -1.37091e-06 1 3.58059e-15 -8.20407e-06 -4.37113e-08 -6.35048e-14 1 143.801 0 0 0 1 
			6 5
			0.995014 0.0902305 0.042489 -10.1726 -0.0897157 0.995871 -0.0138741 -0.527027 -0.0435655 0.00999304 0.999001 144.37 0 0 0 1 
			7 6
			0.994845 -0.0912189 0.0442967 -37.2146 0.0915704 0.995781 -0.00596753 -7.37347 -0.0435655 0.00999304 0.999001 144.37 0 0 0 1 
			8 7
			0.994845 -0.0912189 0.0442967 -64.9763 -0.0434925 0.0107859 0.998995 144.365 -0.091605 -0.995772 0.00676301 7.48842 0 0 0 1 
			9 4
			-1 -1.37091e-06 4.37114e-08 -2.89267 -1.37091e-06 1 3.84662e-15 -8.20407e-06 -4.37115e-08 -5.60777e-14 -1 -143.801 0 0 0 1 
			10 9
			-0.995014 0.0902277 0.042489 -10.1726 0.089713 0.995871 -0.0138741 -0.527027 -0.0435654 -0.00999316 -0.999001 -144.37 0 0 0 1 
			11 10
			-0.994845 -0.0912216 0.0442967 -37.2146 -0.0915731 0.99578 -0.00596753 -7.37347 -0.0435654 -0.00999316 -0.999001 -144.37 0 0 0 1 
			12 11
			-0.994845 -0.0912216 0.0442967 -64.9763 0.0434925 0.0107861 0.998995 144.365 -0.0916078 0.995772 -0.00676301 -7.48842 0 0 0 1 
			13 4
			1.34309e-06 -5.95475e-08 -1 -149.889 -1.40269e-06 -1 5.95456e-08 7.93768e-06 -1 1.40269e-06 -1.34309e-06 -0.000201315 0 0 0 1 
			14 13
			1 -0 0 0 0 1 0 0 -0 -0 1 -0 0 0 0 1 
			15 2
			1.37369e-06 -0.0998334 0.995004 80.3979 0 -0.995004 -0.0998334 -8.06668 1 1.3714e-07 -1.36683e-06 -8.2648 0 0 0 1 
			16 15
			1.37369e-06 0.0998334 0.995004 45.0607 0 -0.995004 0.0998334 0.903508 1 -1.3714e-07 -1.36683e-06 -8.2648 0 0 0 1 
			17 16
			1.3716e-06 -6.00745e-14 1 9.05003 0 -1 -6.00745e-14 1.19116e-05 1 8.23984e-20 -1.3716e-06 -8.2648 0 0 0 1 
			18 17
			1.3723e-06 -1 -6.00133e-14 -12.2319 0 6.00133e-14 -1 -0.75718 1 1.3723e-06 8.23562e-20 -8.2648 0 0 0 1 
			19 18
			1 -0 0 0 0 1 0 0 -0 -0 1 -0 0 0 0 1 
			20 2
			1.37369e-06 -0.0998334 0.995004 80.3979 0 -0.995004 -0.0998334 -8.06668 1 1.3714e-07 -1.36683e-06 8.26481 0 0 0 1 
			21 20
			1.37369e-06 0.0998334 0.995004 45.0607 0 -0.995004 0.0998334 0.903507 1 -1.3714e-07 -1.36683e-06 8.26481 0 0 0 1 
			22 21
			1.3716e-06 -6.00745e-14 1 9.05003 0 -1 -6.00745e-14 1.19116e-05 1 8.23984e-20 -1.3716e-06 8.26481 0 0 0 1 
			23 22
			1.3723e-06 -1 5.98908e-14 -12.2319 0 -5.98908e-14 -1 -0.75718 1 1.3723e-06 -8.21882e-20 8.26481 0 0 0 1 
			24 23
			1 -0 0 0 0 1 0 0 -0 -0 1 -0 0 0 0 1 
	</skeleton>
		<animations>
			33
			0
				-1
				-0.573575 0.819153 -2.02144e-33 0 -0.819153 -0.573575 -1.36318e-32 2.84751 -1.2326e-32 -6.16298e-33 1 -69.1731 0 0 0 1 
				0
				-0.573575 0.819153 -2.02144e-33 0 -0.819153 -0.573575 -1.36318e-32 2.84751 -1.2326e-32 -6.16298e-33 1 -68.6201 0 0 0 1 
				1
				-0.573575 0.819153 -2.02144e-33 0 -0.819153 -0.573575 -1.36318e-32 2.84751 -1.2326e-32 -6.16298e-33 1 -68.0138 0 0 0 1 
				2
				-0.573575 0.819153 -2.02144e-33 0 -0.819153 -0.573575 -1.36318e-32 2.84751 -1.2326e-32 -6.16298e-33 1 -67.3667 0 0 0 1 
				3
				-0.573575 0.819153 -2.02144e-33 0 -0.819153 -0.573575 -1.36318e-32 2.84751 -1.2326e-32 -6.16298e-33 1 -66.6912 0 0 0 1 
				4
				-0.573575 0.819153 -2.02144e-33 0 -0.819153 -0.573575 -1.36318e-32 2.84751 -1.2326e-32 -6.16298e-33 1 -65.9994 0 0 0 1 
				5
				-0.573575 0.819153 -2.02144e-33 0 -0.819153 -0.573575 -1.36318e-32 2.84751 -1.2326e-32 -6.16298e-33 1 -65.3032 0 0 0 1 
				6
				-0.573575 0.819153 -2.02144e-33 0 -0.819153 -0.573575 -1.36318e-32 2.84751 -1.2326e-32 -6.16298e-33 1 -64.6153 0 0 0 1 
				7
				-0.573575 0.819153 -2.02144e-33 0 -0.819153 -0.573575 -1.36318e-32 2.84751 -1.2326e-32 -6.16298e-33 1 -63.948 0 0 0 1 
				8
				-0.573575 0.819153 -2.02144e-33 0 -0.819153 -0.573575 -1.36318e-32 2.84751 -1.2326e-32 -6.16298e-33 1 -63.3133 0 0 0 1 
				9
				-0.573575 0.819153 -2.02144e-33 0 -0.819153 -0.573575 -1.36318e-32 2.84751 -1.2326e-32 -6.16298e-33 1 -62.7234 0 0 0 1 
				10
				-0.573575 0.819153 -2.02144e-33 0 -0.819153 -0.573575 -1.36318e-32 2.84751 -1.2326e-32 -6.16298e-33 1 -62.1905 0 0 0 1 
				11
				-0.573575 0.819153 -2.02144e-33 0 -0.819153 -0.573575 -1.36318e-32 2.84751 -1.2326e-32 -6.16298e-33 1 -61.7273 0 0 0 1 
				12
				-0.573575 0.819153 -2.02144e-33 0 -0.819153 -0.573575 -1.36318e-32 2.84751 -1.2326e-32 -6.16298e-33 1 -61.3457 0 0 0 1 
				13
				-0.573575 0.819153 1.51349e-33 0 -0.819153 -0.573575 -8.58335e-33 2.84751 -6.16298e-33 -6.16298e-33 1 -61.0579 0 0 0 1 
				14
				-0.573575 0.819153 -2.02144e-33 0 -0.819153 -0.573575 -1.36318e-32 2.84751 -1.2326e-32 -6.16298e-33 1 -60.8761 0 0 0 1 
				15
				-0.573575 0.819153 -2.02144e-33 0 -0.819153 -0.573575 -1.36318e-32 2.84751 -1.2326e-32 -6.16298e-33 1 -60.8129 0 0 0 1 
				16
				-0.573575 0.819153 -2.02144e-33 0 -0.819153 -0.573575 -1.36318e-32 2.84751 -1.2326e-32 -6.16298e-33 1 -60.8761 0 0 0 1 
				17
				-0.573575 0.819153 1.51349e-33 0 -0.819153 -0.573575 -8.58335e-33 2.84751 -6.16298e-33 -6.16298e-33 1 -61.0579 0 0 0 1 
				18
				-0.573575 0.819153 -2.02144e-33 0 -0.819153 -0.573575 -1.36318e-32 2.84751 -1.2326e-32 -6.16298e-33 1 -61.3457 0 0 0 1 
				19
				-0.573575 0.819153 -2.02144e-33 0 -0.819153 -0.573575 -1.36318e-32 2.84751 -1.2326e-32 -6.16298e-33 1 -61.7273 0 0 0 1 
				20
				-0.573575 0.819153 -2.02144e-33 0 -0.819153 -0.573575 -1.36318e-32 2.84751 -1.2326e-32 -6.16298e-33 1 -62.1905 0 0 0 1 
				21
				-0.573575 0.819153 -2.02144e-33 0 -0.819153 -0.573575 -1.36318e-32 2.84751 -1.2326e-32 -6.16298e-33 1 -62.7234 0 0 0 1 
				22
				-0.573575 0.819153 -2.02144e-33 0 -0.819153 -0.573575 -1.36318e-32 2.84751 -1.2326e-32 -6.16298e-33 1 -63.3133 0 0 0 1 
				23
				-0.573575 0.819153 -2.02144e-33 0 -0.819153 -0.573575 -1.36318e-32 2.84751 -1.2326e-32 -6.16298e-33 1 -63.948 0 0 0 1 
				24
				-0.573575 0.819153 -2.02144e-33 0 -0.819153 -0.573575 -1.36318e-32 2.84751 -1.2326e-32 -6.16298e-33 1 -64.6153 0 0 0 1 
				25
				-0.573575 0.819153 -2.02144e-33 0 -0.819153 -0.573575 -1.36318e-32 2.84751 -1.2326e-32 -6.16298e-33 1 -65.3033 0 0 0 1 
				26
				-0.573575 0.819153 1.51349e-33 0 -0.819153 -0.573575 -8.58335e-33 2.84751 -6.16298e-33 -6.16298e-33 1 -65.9994 0 0 0 1 
				27
				-0.573575 0.819153 -2.02144e-33 0 -0.819153 -0.573575 -1.36318e-32 2.84751 -1.2326e-32 -6.16298e-33 1 -66.6912 0 0 0 1 
				28
				-0.573575 0.819153 -2.02144e-33 0 -0.819153 -0.573575 -1.36318e-32 2.84751 -1.2326e-32 -6.16298e-33 1 -67.3667 0 0 0 1 
				29
				-0.573575 0.819153 -2.02144e-33 0 -0.819153 -0.573575 -1.36318e-32 2.84751 -1.2326e-32 -6.16298e-33 1 -68.0138 0 0 0 1 
				30
				-0.573575 0.819153 -2.02144e-33 0 -0.819153 -0.573575 -1.36318e-32 2.84751 -1.2326e-32 -6.16298e-33 1 -68.6201 0 0 0 1 
				31
				-0.573575 0.819153 -2.02144e-33 0 -0.819153 -0.573575 -1.36318e-32 2.84751 -1.2326e-32 -6.16298e-33 1 -69.1731 0 0 0 1 
		</Joint>
			1
				-1
				1.33158e-06 -0.573574 -0.819154 0 0 -0.819154 0.573574 2.84751 -1 -7.6376e-07 -1.09077e-06 -69.1731 0 0 0 1 
				0
				1.33158e-06 -0.573574 -0.819154 0 0 -0.819154 0.573574 2.84751 -1 -7.6376e-07 -1.09077e-06 -68.6201 0 0 0 1 
				1
				1.33158e-06 -0.573574 -0.819154 0 0 -0.819154 0.573574 2.84751 -1 -7.6376e-07 -1.09077e-06 -68.0138 0 0 0 1 
				2
				1.33158e-06 -0.573574 -0.819154 0 0 -0.819154 0.573574 2.84751 -1 -7.6376e-07 -1.09077e-06 -67.3667 0 0 0 1 
				3
				1.33158e-06 -0.573574 -0.819154 0 0 -0.819154 0.573574 2.84751 -1 -7.6376e-07 -1.09077e-06 -66.6912 0 0 0 1 
				4
				1.33158e-06 -0.573574 -0.819154 0 0 -0.819154 0.573574 2.84751 -1 -7.6376e-07 -1.09077e-06 -65.9994 0 0 0 1 
				5
				1.33158e-06 -0.573574 -0.819154 0 0 -0.819154 0.573574 2.84751 -1 -7.6376e-07 -1.09077e-06 -65.3032 0 0 0 1 
				6
				1.33158e-06 -0.573574 -0.819154 0 0 -0.819154 0.573574 2.84751 -1 -7.6376e-07 -1.09077e-06 -64.6153 0 0 0 1 
				7
				1.33158e-06 -0.573574 -0.819154 0 0 -0.819154 0.573574 2.84751 -1 -7.6376e-07 -1.09077e-06 -63.948 0 0 0 1 
				8
				1.33158e-06 -0.573574 -0.819154 0 0 -0.819154 0.573574 2.84751 -1 -7.6376e-07 -1.09077e-06 -63.3133 0 0 0 1 
				9
				1.33158e-06 -0.573574 -0.819154 0 0 -0.819154 0.573574 2.84751 -1 -7.6376e-07 -1.09077e-06 -62.7234 0 0 0 1 
				10
				1.33158e-06 -0.573574 -0.819154 0 0 -0.819154 0.573574 2.84751 -1 -7.6376e-07 -1.09077e-06 -62.1905 0 0 0 1 
				11
				1.33158e-06 -0.573574 -0.819154 0 0 -0.819154 0.573574 2.84751 -1 -7.6376e-07 -1.09077e-06 -61.7273 0 0 0 1 
				12
				1.33158e-06 -0.573574 -0.819154 0 0 -0.819154 0.573574 2.84751 -1 -7.6376e-07 -1.09077e-06 -61.3457 0 0 0 1 
				13
				1.33158e-06 -0.573574 -0.819153 0 0 -0.819153 0.573574 2.84751 -1 -7.6376e-07 -1.09077e-06 -61.0579 0 0 0 1 
				14
				1.33158e-06 -0.573574 -0.819154 0 0 -0.819154 0.573574 2.84751 -1 -7.6376e-07 -1.09077e-06 -60.8761 0 0 0 1 
				15
				1.33158e-06 -0.573574 -0.819154 0 0 -0.819154 0.573574 2.84751 -1 -7.6376e-07 -1.09077e-06 -60.8129 0 0 0 1 
				16
				1.33158e-06 -0.573574 -0.819154 0 0 -0.819154 0.573574 2.84751 -1 -7.6376e-07 -1.09077e-06 -60.8761 0 0 0 1 
				17
				1.33158e-06 -0.573574 -0.819153 0 0 -0.819153 0.573574 2.84751 -1 -7.6376e-07 -1.09077e-06 -61.0579 0 0 0 1 
				18
				1.33158e-06 -0.573574 -0.819154 0 0 -0.819154 0.573574 2.84751 -1 -7.6376e-07 -1.09077e-06 -61.3457 0 0 0 1 
				19
				1.33158e-06 -0.573574 -0.819154 0 0 -0.819154 0.573574 2.84751 -1 -7.6376e-07 -1.09077e-06 -61.7273 0 0 0 1 
				20
				1.33158e-06 -0.573574 -0.819154 0 0 -0.819154 0.573574 2.84751 -1 -7.6376e-07 -1.09077e-06 -62.1905 0 0 0 1 
				21
				1.33158e-06 -0.573574 -0.819154 0 0 -0.819154 0.573574 2.84751 -1 -7.6376e-07 -1.09077e-06 -62.7234 0 0 0 1 
				22
				1.33158e-06 -0.573574 -0.819154 0 0 -0.819154 0.573574 2.84751 -1 -7.6376e-07 -1.09077e-06 -63.3133 0 0 0 1 
				23
				1.33158e-06 -0.573574 -0.819154 0 0 -0.819154 0.573574 2.84751 -1 -7.6376e-07 -1.09077e-06 -63.948 0 0 0 1 
				24
				1.33158e-06 -0.573574 -0.819154 0 0 -0.819154 0.573574 2.84751 -1 -7.6376e-07 -1.09077e-06 -64.6153 0 0 0 1 
				25
				1.33158e-06 -0.573574 -0.819154 0 0 -0.819154 0.573574 2.84751 -1 -7.6376e-07 -1.09077e-06 -65.3033 0 0 0 1 
				26
				1.33158e-06 -0.573574 -0.819153 0 0 -0.819153 0.573574 2.84751 -1 -7.6376e-07 -1.09077e-06 -65.9994 0 0 0 1 
				27
				1.33158e-06 -0.573574 -0.819154 0 0 -0.819154 0.573574 2.84751 -1 -7.6376e-07 -1.09077e-06 -66.6912 0 0 0 1 
				28
				1.33158e-06 -0.573574 -0.819154 0 0 -0.819154 0.573574 2.84751 -1 -7.6376e-07 -1.09077e-06 -67.3667 0 0 0 1 
				29
				1.33158e-06 -0.573574 -0.819154 0 0 -0.819154 0.573574 2.84751 -1 -7.6376e-07 -1.09077e-06 -68.0138 0 0 0 1 
				30
				1.33158e-06 -0.573574 -0.819154 0 0 -0.819154 0.573574 2.84751 -1 -7.6376e-07 -1.09077e-06 -68.6201 0 0 0 1 
				31
				1.33158e-06 -0.573574 -0.819154 0 0 -0.819154 0.573574 2.84751 -1 -7.6376e-07 -1.09077e-06 -69.1731 0 0 0 1 
		</Joint>
			2
				-1
				-0.171245 -0.296064 -0.939692 0.00633157 -0.470496 -0.813422 0.342021 2.86488 -0.865626 0.500691 -2.35749e-06 -78.5187 0 0 0 1 
				0
				-0.172951 -0.29507 -0.939692 0.00630942 -0.475184 -0.810692 0.342021 2.86482 -0.862722 0.50568 -2.36694e-06 -77.9658 0 0 0 1 
				1
				-0.174815 -0.29397 -0.939692 0.00628577 -0.480305 -0.807669 0.342021 2.86475 -0.859504 0.511129 -2.41783e-06 -77.3596 0 0 0 1 
				2
				-0.176797 -0.292782 -0.939692 0.00626001 -0.485749 -0.804406 0.342021 2.86468 -0.856032 0.516923 -2.4625e-06 -76.7126 0 0 0 1 
				3
				-0.178857 -0.291528 -0.939692 0.00623444 -0.491409 -0.800961 0.342021 2.86461 -0.852366 0.522946 -2.46035e-06 -76.0372 0 0 0 1 
				4
				-0.180957 -0.290229 -0.939692 0.00620575 -0.49718 -0.797391 0.342021 2.86453 -0.848567 0.529088 -2.48241e-06 -75.3456 0 0 0 1 
				5
				-0.183061 -0.288907 -0.939692 0.00617766 -0.502961 -0.793758 0.342021 2.86445 -0.8447 0.53524 -2.48698e-06 -74.6496 0 0 0 1 
				6
				-0.185131 -0.287585 -0.939692 0.00614907 -0.508648 -0.790126 0.342021 2.86438 -0.840835 0.541292 -2.48638e-06 -73.9618 0 0 0 1 
				7
				-0.18713 -0.286288 -0.939692 0.00612235 -0.51414 -0.786563 0.342021 2.8643 -0.837044 0.547135 -2.51146e-06 -73.2946 0 0 0 1 
				8
				-0.189022 -0.285042 -0.939692 0.00609563 -0.519339 -0.78314 0.342021 2.86423 -0.833401 0.552669 -2.56835e-06 -72.66 0 0 0 1 
				9
				-0.190774 -0.283873 -0.939692 0.00607055 -0.524152 -0.779927 0.342021 2.86416 -0.829982 0.55779 -2.62099e-06 -72.0702 0 0 0 1 
				10
				-0.19235 -0.282807 -0.939692 0.00604751 -0.528482 -0.777 0.342021 2.8641 -0.826867 0.562398 -2.59897e-06 -71.5375 0 0 0 1 
				11
				-0.193715 -0.281874 -0.939692 0.00602824 -0.532233 -0.774435 0.342021 2.86404 -0.824138 0.566389 -2.56292e-06 -71.0743 0 0 0 1 
				12
				-0.194836 -0.2811 -0.939692 0.00601151 -0.535313 -0.772309 0.342021 2.864 -0.821875 0.569668 -2.61005e-06 -70.6928 0 0 0 1 
				13
				-0.19568 -0.280513 -0.939692 0.00599898 -0.537631 -0.770697 0.342021 2.86396 -0.82016 0.572135 -2.54878e-06 -70.405 0 0 0 1 
				14
				-0.196212 -0.280142 -0.939692 0.00599078 -0.539092 -0.769676 0.342021 2.86394 -0.819073 0.57369 -2.61136e-06 -70.2233 0 0 0 1 
				15
				-0.196397 -0.280012 -0.939692 0.00598745 -0.5396 -0.76932 0.342021 2.86393 -0.818694 0.57423 -2.59664e-06 -70.1601 0 0 0 1 
				16
				-0.196212 -0.280142 -0.939692 0.00598995 -0.539093 -0.769676 0.342021 2.86394 -0.819073 0.57369 -2.6305e-06 -70.2233 0 0 0 1 
				17
				-0.19568 -0.280513 -0.939692 0.0059986 -0.537631 -0.770697 0.342021 2.86396 -0.82016 0.572135 -2.57935e-06 -70.405 0 0 0 1 
				18
				-0.194836 -0.2811 -0.939692 0.00601168 -0.535313 -0.772309 0.342021 2.864 -0.821875 0.569667 -2.59455e-06 -70.6928 0 0 0 1 
				19
				-0.193715 -0.281874 -0.939692 0.00602824 -0.532233 -0.774435 0.342021 2.86404 -0.824138 0.566389 -2.58178e-06 -71.0743 0 0 0 1 
				20
				-0.19235 -0.282807 -0.939692 0.00604777 -0.528482 -0.777 0.342021 2.8641 -0.826867 0.562398 -2.58961e-06 -71.5374 0 0 0 1 
				21
				-0.190774 -0.283873 -0.939692 0.00607093 -0.524152 -0.779927 0.342021 2.86416 -0.829982 0.55779 -2.57125e-06 -72.0702 0 0 0 1 
				22
				-0.189022 -0.285042 -0.939692 0.00609552 -0.519339 -0.78314 0.342021 2.86423 -0.833401 0.552669 -2.58189e-06 -72.66 0 0 0 1 
				23
				-0.18713 -0.286288 -0.939692 0.00612235 -0.51414 -0.786563 0.342021 2.8643 -0.837044 0.547135 -2.51146e-06 -73.2946 0 0 0 1 
				24
				-0.185131 -0.287585 -0.939692 0.00614921 -0.508648 -0.790126 0.342021 2.86438 -0.840835 0.541292 -2.49539e-06 -73.9618 0 0 0 1 
				25
				-0.183061 -0.288907 -0.939692 0.00617796 -0.502961 -0.793758 0.342021 2.86446 -0.8447 0.53524 -2.48856e-06 -74.6496 0 0 0 1 
				26
				-0.180957 -0.290229 -0.939692 0.00620564 -0.497181 -0.797391 0.342021 2.86453 -0.848567 0.529088 -2.47876e-06 -75.3456 0 0 0 1 
				27
				-0.178857 -0.291528 -0.939692 0.00623444 -0.491409 -0.800961 0.342021 2.86461 -0.852366 0.522946 -2.46035e-06 -76.0372 0 0 0 1 
				28
				-0.176797 -0.292782 -0.939692 0.00626014 -0.485749 -0.804406 0.342021 2.86468 -0.856032 0.516923 -2.48138e-06 -76.7126 0 0 0 1 
				29
				-0.174815 -0.29397 -0.939692 0.00628635 -0.480305 -0.807669 0.342021 2.86475 -0.859504 0.511129 -2.43506e-06 -77.3596 0 0 0 1 
				30
				-0.172951 -0.29507 -0.939692 0.00630938 -0.475184 -0.810692 0.342021 2.86482 -0.862722 0.505679 -2.37576e-06 -77.9658 0 0 0 1 
				31
				-0.171245 -0.296064 -0.939692 0.00633157 -0.470496 -0.813422 0.342021 2.86488 -0.865626 0.500691 -2.35749e-06 -78.5187 0 0 0 1 
		</Joint>
			3
				-1
				-0.17587 -0.0124096 -0.984335 -4.58832 -0.615202 -0.779224 0.119741 -9.74302 -0.768503 0.626624 0.129407 -101.759 0 0 0 1 
				0
				-0.177445 -0.0101442 -0.984079 -4.63417 -0.623829 -0.772224 0.120446 -9.86901 -0.761151 0.635269 0.130699 -101.128 0 0 0 1 
				1
				-0.17914 -0.00763059 -0.983794 -4.68426 -0.633194 -0.764441 0.121228 -10.0067 -0.752977 0.644649 0.13211 -100.436 0 0 0 1 
				2
				-0.180911 -0.00491377 -0.983487 -4.73752 -0.64308 -0.756007 0.122071 -10.153 -0.744123 0.654545 0.13361 -99.696 0 0 0 1 
				3
				-0.182719 -0.00204098 -0.983163 -4.79288 -0.653279 -0.747066 0.122962 -10.3051 -0.734738 0.664747 0.13517 -98.9225 0 0 0 1 
				4
				-0.184526 0.000939596 -0.982827 -4.84933 -0.663593 -0.737765 0.123884 -10.4603 -0.724979 0.675057 0.13676 -98.1291 0 0 0 1 
				5
				-0.186297 0.00397722 -0.982485 -4.90588 -0.673835 -0.728262 0.124824 -10.6156 -0.71501 0.685288 0.138353 -97.3296 0 0 0 1 
				6
				-0.188002 0.0070165 -0.982144 -4.96151 -0.683822 -0.718729 0.125762 -10.7685 -0.705013 0.695255 0.13992 -96.5383 0 0 0 1 
				7
				-0.18961 0.00999948 -0.981809 -5.01524 -0.693379 -0.70935 0.126683 -10.9161 -0.695179 0.704785 0.141434 -95.7695 0 0 0 1 
				8
				-0.191099 0.0128677 -0.981486 -5.0661 -0.702347 -0.700311 0.127568 -11.0559 -0.685705 0.713722 0.142866 -95.0374 0 0 0 1 
				9
				-0.192446 0.0155605 -0.981184 -5.11319 -0.710575 -0.691807 0.128399 -11.1853 -0.676792 0.721915 0.144193 -94.356 0 0 0 1 
				10
				-0.193633 0.0180143 -0.980909 -5.15555 -0.717917 -0.684042 0.129155 -11.3017 -0.668656 0.72922 0.145386 -93.7399 0 0 0 1 
				11
				-0.19464 0.0201643 -0.980667 -5.19225 -0.72423 -0.677228 0.129818 -11.4026 -0.661518 0.735497 0.146419 -93.2036 0 0 0 1 
				12
				-0.195454 0.0219466 -0.980467 -5.22239 -0.729381 -0.67157 0.130368 -11.4854 -0.655592 0.740616 0.147268 -92.7615 0 0 0 1 
				13
				-0.196057 0.023298 -0.980316 -5.24507 -0.733238 -0.667276 0.130785 -11.5477 -0.651094 0.744446 0.147907 -92.4277 0 0 0 1 
				14
				-0.196434 0.0241542 -0.980219 -5.25937 -0.73566 -0.664553 0.131049 -11.587 -0.648243 0.74685 0.14831 -92.2169 0 0 0 1 
				15
				-0.196564 0.0244523 -0.980186 -5.26433 -0.736499 -0.663605 0.131141 -11.6007 -0.64725 0.747683 0.14845 -92.1436 0 0 0 1 
				16
				-0.196434 0.0241542 -0.98022 -5.25936 -0.73566 -0.664553 0.131049 -11.587 -0.648243 0.74685 0.14831 -92.2169 0 0 0 1 
				17
				-0.196057 0.023298 -0.980316 -5.24507 -0.733238 -0.667276 0.130785 -11.5477 -0.651094 0.744446 0.147907 -92.4277 0 0 0 1 
				18
				-0.195454 0.0219466 -0.980467 -5.22239 -0.729381 -0.67157 0.130368 -11.4854 -0.655592 0.740615 0.147268 -92.7615 0 0 0 1 
				19
				-0.19464 0.0201643 -0.980667 -5.19225 -0.72423 -0.677228 0.129818 -11.4026 -0.661518 0.735497 0.146419 -93.2036 0 0 0 1 
				20
				-0.193633 0.0180143 -0.980909 -5.15555 -0.717917 -0.684042 0.129155 -11.3017 -0.668656 0.72922 0.145386 -93.7399 0 0 0 1 
				21
				-0.192446 0.0155605 -0.981184 -5.11319 -0.710575 -0.691807 0.128399 -11.1853 -0.676792 0.721915 0.144193 -94.356 0 0 0 1 
				22
				-0.191099 0.0128677 -0.981486 -5.0661 -0.702346 -0.700311 0.127568 -11.0559 -0.685704 0.713722 0.142866 -95.0374 0 0 0 1 
				23
				-0.18961 0.00999948 -0.981809 -5.01524 -0.693379 -0.70935 0.126683 -10.9161 -0.695179 0.704785 0.141434 -95.7695 0 0 0 1 
				24
				-0.188002 0.0070165 -0.982144 -4.96151 -0.683822 -0.718729 0.125762 -10.7685 -0.705013 0.695255 0.13992 -96.5383 0 0 0 1 
				25
				-0.186297 0.0039773 -0.982485 -4.90588 -0.673836 -0.728262 0.124823 -10.6156 -0.71501 0.685288 0.138353 -97.3296 0 0 0 1 
				26
				-0.184526 0.000939569 -0.982827 -4.84934 -0.663593 -0.737765 0.123884 -10.4603 -0.724979 0.675057 0.13676 -98.1291 0 0 0 1 
				27
				-0.182719 -0.00204098 -0.983163 -4.79288 -0.653279 -0.747066 0.122962 -10.3051 -0.734738 0.664747 0.13517 -98.9225 0 0 0 1 
				28
				-0.180911 -0.00491388 -0.983487 -4.73752 -0.64308 -0.756007 0.122071 -10.153 -0.744123 0.654545 0.13361 -99.696 0 0 0 1 
				29
				-0.17914 -0.00763065 -0.983794 -4.68426 -0.633193 -0.764441 0.121228 -10.0066 -0.752977 0.644649 0.13211 -100.436 0 0 0 1 
				30
				-0.177445 -0.0101443 -0.984079 -4.63417 -0.623829 -0.772225 0.120446 -9.86901 -0.761151 0.635269 0.130699 -101.128 0 0 0 1 
				31
				-0.17587 -0.0124096 -0.984335 -4.58832 -0.615202 -0.779224 0.119741 -9.74302 -0.768503 0.626624 0.129407 -101.759 0 0 0 1 
		</Joint>
			4
				-1
				-0.17587 -0.0124096 -0.984335 -9.30726 -0.615202 -0.779224 0.119741 -26.2466 -0.768503 0.626624 0.129407 -122.383 0 0 0 1 
				0
				-0.177445 -0.0101442 -0.984078 -9.39539 -0.623829 -0.772224 0.120446 -26.6041 -0.761151 0.635269 0.130699 -121.555 0 0 0 1 
				1
				-0.17914 -0.00763059 -0.983794 -9.49098 -0.633194 -0.764441 0.121228 -26.9931 -0.752977 0.644649 0.13211 -120.643 0 0 0 1 
				2
				-0.180911 -0.00491376 -0.983487 -9.59178 -0.64308 -0.756007 0.122071 -27.4047 -0.744123 0.654545 0.13361 -119.666 0 0 0 1 
				3
				-0.182719 -0.00204097 -0.983163 -9.69566 -0.653279 -0.747066 0.122962 -27.8305 -0.734738 0.664747 0.13517 -118.641 0 0 0 1 
				4
				-0.184526 0.000939594 -0.982827 -9.80061 -0.663593 -0.737765 0.123884 -28.2625 -0.724979 0.675057 0.13676 -117.585 0 0 0 1 
				5
				-0.186297 0.00397723 -0.982485 -9.90471 -0.673835 -0.728262 0.124824 -28.6927 -0.71501 0.685288 0.138353 -116.518 0 0 0 1 
				6
				-0.188002 0.00701649 -0.982144 -10.0061 -0.683822 -0.718729 0.125762 -29.1136 -0.705013 0.695255 0.13992 -115.459 0 0 0 1 
				7
				-0.18961 0.00999948 -0.981809 -10.103 -0.693379 -0.70935 0.126683 -29.5177 -0.695179 0.704786 0.141434 -114.426 0 0 0 1 
				8
				-0.191099 0.0128677 -0.981486 -10.1938 -0.702347 -0.700311 0.127568 -29.8982 -0.685705 0.713722 0.142866 -113.44 0 0 0 1 
				9
				-0.192446 0.0155605 -0.981184 -10.2771 -0.710575 -0.691807 0.128399 -30.2484 -0.676792 0.721915 0.144193 -112.519 0 0 0 1 
				10
				-0.193633 0.0180143 -0.980909 -10.3513 -0.717917 -0.684042 0.129155 -30.5619 -0.668656 0.72922 0.145386 -111.685 0 0 0 1 
				11
				-0.19464 0.0201643 -0.980667 -10.415 -0.72423 -0.677228 0.129818 -30.8321 -0.661518 0.735497 0.14642 -110.957 0 0 0 1 
				12
				-0.195454 0.0219466 -0.980467 -10.467 -0.729381 -0.67157 0.130368 -31.0532 -0.655592 0.740616 0.147268 -110.356 0 0 0 1 
				13
				-0.196057 0.023298 -0.980316 -10.5059 -0.733238 -0.667276 0.130785 -31.219 -0.651094 0.744446 0.147907 -109.902 0 0 0 1 
				14
				-0.196434 0.0241542 -0.98022 -10.5303 -0.73566 -0.664553 0.131049 -31.3233 -0.648243 0.74685 0.14831 -109.614 0 0 0 1 
				15
				-0.196564 0.0244523 -0.980186 -10.5387 -0.736499 -0.663605 0.131141 -31.3595 -0.64725 0.747683 0.14845 -109.514 0 0 0 1 
				16
				-0.196434 0.0241542 -0.98022 -10.5303 -0.73566 -0.664553 0.131049 -31.3233 -0.648243 0.74685 0.14831 -109.614 0 0 0 1 
				17
				-0.196057 0.023298 -0.980316 -10.5059 -0.733238 -0.667276 0.130785 -31.219 -0.651094 0.744446 0.147907 -109.902 0 0 0 1 
				18
				-0.195454 0.0219466 -0.980467 -10.467 -0.729381 -0.67157 0.130368 -31.0532 -0.655592 0.740615 0.147268 -110.356 0 0 0 1 
				19
				-0.19464 0.0201643 -0.980667 -10.415 -0.72423 -0.677228 0.129818 -30.8321 -0.661518 0.735497 0.146419 -110.957 0 0 0 1 
				20
				-0.193633 0.0180143 -0.980909 -10.3513 -0.717917 -0.684042 0.129155 -30.5619 -0.668656 0.72922 0.145386 -111.685 0 0 0 1 
				21
				-0.192446 0.0155605 -0.981184 -10.2771 -0.710575 -0.691807 0.128399 -30.2484 -0.676792 0.721915 0.144193 -112.519 0 0 0 1 
				22
				-0.191099 0.0128677 -0.981486 -10.1938 -0.702346 -0.700311 0.127568 -29.8982 -0.685704 0.713722 0.142866 -113.44 0 0 0 1 
				23
				-0.18961 0.00999948 -0.981809 -10.103 -0.693379 -0.70935 0.126683 -29.5177 -0.695179 0.704786 0.141434 -114.426 0 0 0 1 
				24
				-0.188002 0.00701648 -0.982144 -10.0061 -0.683822 -0.718729 0.125762 -29.1136 -0.705013 0.695255 0.13992 -115.459 0 0 0 1 
				25
				-0.186297 0.00397729 -0.982485 -9.90471 -0.673836 -0.728262 0.124823 -28.6928 -0.71501 0.685288 0.138353 -116.518 0 0 0 1 
				26
				-0.184526 0.000939568 -0.982827 -9.80062 -0.663593 -0.737765 0.123884 -28.2625 -0.724979 0.675057 0.13676 -117.585 0 0 0 1 
				27
				-0.182719 -0.00204097 -0.983163 -9.69566 -0.653279 -0.747066 0.122962 -27.8305 -0.734738 0.664747 0.13517 -118.641 0 0 0 1 
				28
				-0.180911 -0.00491387 -0.983487 -9.59178 -0.64308 -0.756007 0.122071 -27.4047 -0.744123 0.654545 0.13361 -119.666 0 0 0 1 
				29
				-0.17914 -0.00763064 -0.983794 -9.49097 -0.633193 -0.764441 0.121228 -26.993 -0.752977 0.644649 0.13211 -120.643 0 0 0 1 
				30
				-0.177445 -0.0101443 -0.984079 -9.39539 -0.623829 -0.772225 0.120446 -26.6041 -0.761151 0.635269 0.130699 -121.555 0 0 0 1 
				31
				-0.17587 -0.0124096 -0.984335 -9.30726 -0.615202 -0.779224 0.119741 -26.2466 -0.768503 0.626624 0.129407 -122.383 0 0 0 1 
		</Joint>
			5
				-1
				0.984335 0.0125497 0.175862 -6.45996 -0.119743 0.779713 0.614581 -26.5967 -0.129409 -0.626011 0.769001 -122.754 0 0 0 1 
				0
				0.984078 0.0102855 0.177439 -6.54882 -0.120448 0.772721 0.623213 -26.9562 -0.130701 -0.634662 0.761657 -121.93 0 0 0 1 
				1
				0.983794 0.00777324 0.179136 -6.64521 -0.12123 0.764945 0.632584 -27.3474 -0.132112 -0.644049 0.75349 -121.022 0 0 0 1 
				2
				0.983487 0.0050578 0.18091 -6.74689 -0.122073 0.756519 0.642478 -27.7615 -0.133612 -0.653953 0.744644 -120.049 0 0 0 1 
				3
				0.983163 0.00218648 0.18272 -6.8517 -0.122963 0.747586 0.652683 -28.1898 -0.135172 -0.664162 0.735267 -119.028 0 0 0 1 
				4
				0.982827 -0.000792674 0.184529 -6.9576 -0.123886 0.738293 0.663005 -28.6244 -0.136762 -0.67448 0.725516 -117.978 0 0 0 1 
				5
				0.982485 -0.00382888 0.186303 -7.06267 -0.124825 0.728798 0.673255 -29.0573 -0.138355 -0.684718 0.715555 -116.915 0 0 0 1 
				6
				0.982143 -0.00686672 0.18801 -7.16503 -0.125764 0.719273 0.683249 -29.4809 -0.139922 -0.694693 0.705566 -115.86 0 0 0 1 
				7
				0.981808 -0.00984849 0.189621 -7.26288 -0.126685 0.709902 0.692813 -29.8876 -0.141435 -0.704232 0.69574 -114.832 0 0 0 1 
				8
				0.981486 -0.0127155 0.191112 -7.35463 -0.12757 0.70087 0.701788 -30.2706 -0.142868 -0.713175 0.686272 -113.85 0 0 0 1 
				9
				0.981184 -0.0154072 0.192461 -7.43874 -0.128401 0.692372 0.710024 -30.6232 -0.144195 -0.721376 0.677366 -112.933 0 0 0 1 
				10
				0.980908 -0.0178601 0.19365 -7.51373 -0.129158 0.684614 0.717372 -30.9388 -0.145388 -0.728687 0.669236 -112.102 0 0 0 1 
				11
				0.980667 -0.0200093 0.194659 -7.57816 -0.12982 0.677804 0.723691 -31.2109 -0.146421 -0.73497 0.662103 -111.377 0 0 0 1 
				12
				0.980467 -0.0217909 0.195474 -7.6307 -0.13037 0.672151 0.728846 -31.4336 -0.14727 -0.740093 0.656181 -110.779 0 0 0 1 
				13
				0.980315 -0.0231419 0.196078 -7.67002 -0.130787 0.66786 0.732706 -31.6006 -0.147909 -0.743927 0.651686 -110.326 0 0 0 1 
				14
				0.980219 -0.0239978 0.196456 -7.6947 -0.131051 0.665139 0.73513 -31.7056 -0.148312 -0.746334 0.648837 -110.04 0 0 0 1 
				15
				0.980185 -0.0242958 0.196586 -7.70325 -0.131143 0.664191 0.73597 -31.742 -0.148452 -0.747168 0.647844 -109.94 0 0 0 1 
				16
				0.980219 -0.0239978 0.196456 -7.6947 -0.131051 0.665139 0.73513 -31.7056 -0.148312 -0.746334 0.648837 -110.04 0 0 0 1 
				17
				0.980315 -0.0231419 0.196078 -7.67002 -0.130787 0.66786 0.732706 -31.6006 -0.147909 -0.743927 0.651686 -110.326 0 0 0 1 
				18
				0.980467 -0.021791 0.195474 -7.6307 -0.13037 0.672151 0.728846 -31.4336 -0.14727 -0.740093 0.656181 -110.779 0 0 0 1 
				19
				0.980667 -0.0200093 0.194659 -7.57816 -0.12982 0.677805 0.723691 -31.2109 -0.146421 -0.73497 0.662103 -111.377 0 0 0 1 
				20
				0.980908 -0.0178601 0.19365 -7.51373 -0.129158 0.684614 0.717372 -30.9388 -0.145388 -0.728687 0.669236 -112.102 0 0 0 1 
				21
				0.981183 -0.0154073 0.192462 -7.43874 -0.128401 0.692372 0.710024 -30.6232 -0.144195 -0.721376 0.677366 -112.933 0 0 0 1 
				22
				0.981486 -0.0127155 0.191112 -7.35462 -0.12757 0.70087 0.701788 -30.2706 -0.142868 -0.713175 0.686272 -113.85 0 0 0 1 
				23
				0.981808 -0.00984849 0.189621 -7.26288 -0.126685 0.709902 0.692813 -29.8876 -0.141435 -0.704232 0.69574 -114.832 0 0 0 1 
				24
				0.982143 -0.00686671 0.18801 -7.16503 -0.125764 0.719273 0.683249 -29.4809 -0.139922 -0.694693 0.705566 -115.86 0 0 0 1 
				25
				0.982485 -0.00382894 0.186303 -7.06268 -0.124825 0.728798 0.673255 -29.0574 -0.138355 -0.684718 0.715555 -116.915 0 0 0 1 
				26
				0.982827 -0.00079266 0.184529 -6.95761 -0.123886 0.738293 0.663005 -28.6244 -0.136762 -0.67448 0.725516 -117.978 0 0 0 1 
				27
				0.983163 0.00218648 0.18272 -6.8517 -0.122963 0.747586 0.652683 -28.1898 -0.135172 -0.664162 0.735267 -119.028 0 0 0 1 
				28
				0.983487 0.00505792 0.18091 -6.74689 -0.122073 0.756519 0.642478 -27.7615 -0.133612 -0.653953 0.744644 -120.049 0 0 0 1 
				29
				0.983794 0.00777328 0.179136 -6.64521 -0.12123 0.764945 0.632584 -27.3474 -0.132112 -0.644049 0.75349 -121.022 0 0 0 1 
				30
				0.984078 0.0102856 0.177439 -6.54882 -0.120448 0.772721 0.623213 -26.9562 -0.130701 -0.634663 0.761657 -121.93 0 0 0 1 
				31
				0.984335 0.0125497 0.175862 -6.45996 -0.119743 0.779713 0.614581 -26.5967 -0.129409 -0.626011 0.769001 -122.754 0 0 0 1 
		</Joint>
			6
				-1
				-0.322957 0.167825 -0.931415 6.80051 -0.496233 0.807992 0.317649 -28.2098 0.805886 0.564786 -0.177666 -124.497 0 0 0 1 
				0
				-0.318551 0.145963 -0.9366 6.70819 -0.49855 0.814573 0.29651 -28.5789 0.806209 0.561396 -0.186713 -123.691 0 0 0 1 
				1
				-0.313667 0.121872 -0.941679 6.60797 -0.500979 0.821223 0.273155 -28.9806 0.806618 0.557441 -0.196536 -122.802 0 0 0 1 
				2
				-0.308398 0.0960313 -0.946398 6.50215 -0.50344 0.827663 0.248037 -29.406 0.807118 0.552949 -0.206903 -121.849 0 0 0 1 
				3
				-0.302838 0.0689397 -0.950545 6.39298 -0.505863 0.833657 0.221627 -29.8463 0.807707 0.547963 -0.217589 -120.849 0 0 0 1 
				4
				-0.297087 0.0410908 -0.953966 6.28255 -0.508188 0.839019 0.194401 -30.2933 0.808384 0.542548 -0.22838 -119.82 0 0 0 1 
				5
				-0.291245 0.0129898 -0.95656 6.17287 -0.510365 0.843617 0.166848 -30.7389 0.809137 0.536789 -0.23907 -118.779 0 0 0 1 
				6
				-0.285424 -0.0148363 -0.958286 6.06592 -0.512355 0.84737 0.139485 -31.1751 0.809953 0.530796 -0.249462 -117.745 0 0 0 1 
				7
				-0.279737 -0.0418581 -0.959164 5.96355 -0.514131 0.850258 0.112839 -31.5943 0.810813 0.524701 -0.259369 -116.737 0 0 0 1 
				8
				-0.274294 -0.0675637 -0.959269 5.86746 -0.515676 0.852312 0.0874224 -31.9891 0.81169 0.518651 -0.268625 -115.774 0 0 0 1 
				9
				-0.26921 -0.0914476 -0.95873 5.77928 -0.516986 0.853617 0.0637474 -32.3529 0.812559 0.512811 -0.277079 -114.876 0 0 0 1 
				10
				-0.2646 -0.112996 -0.957715 5.70057 -0.518063 0.854293 0.0423381 -32.6787 0.813386 0.50736 -0.284585 -114.061 0 0 0 1 
				11
				-0.26058 -0.131703 -0.956427 5.63289 -0.518919 0.854494 0.0237135 -32.9598 0.814138 0.502488 -0.291007 -113.35 0 0 0 1 
				12
				-0.25726 -0.14709 -0.955082 5.57766 -0.519567 0.854389 0.0083683 -33.1898 0.81478 0.498382 -0.296223 -112.763 0 0 0 1 
				13
				-0.254752 -0.158681 -0.953898 5.5363 -0.520021 0.854147 -0.00320847 -33.3625 0.815278 0.49523 -0.300114 -112.319 0 0 0 1 
				14
				-0.253168 -0.165991 -0.953076 5.51032 -0.520293 0.853923 -0.0105159 -33.4711 0.815599 0.493216 -0.30255 -112.038 0 0 0 1 
				15
				-0.252616 -0.168531 -0.952776 5.50132 -0.520384 0.853832 -0.013056 -33.5087 0.815711 0.492512 -0.303393 -111.94 0 0 0 1 
				16
				-0.253168 -0.165991 -0.953076 5.51033 -0.520293 0.853923 -0.010516 -33.4711 0.815599 0.493216 -0.30255 -112.038 0 0 0 1 
				17
				-0.254752 -0.158681 -0.953898 5.5363 -0.520021 0.854147 -0.00320858 -33.3625 0.815278 0.49523 -0.300114 -112.319 0 0 0 1 
				18
				-0.25726 -0.147089 -0.955082 5.57766 -0.519567 0.854389 0.00836819 -33.1898 0.81478 0.498382 -0.296223 -112.763 0 0 0 1 
				19
				-0.260579 -0.131703 -0.956427 5.63289 -0.51892 0.854495 0.0237134 -32.9598 0.814138 0.502488 -0.291007 -113.35 0 0 0 1 
				20
				-0.2646 -0.112996 -0.957715 5.70057 -0.518063 0.854294 0.0423382 -32.6787 0.813386 0.50736 -0.284585 -114.061 0 0 0 1 
				21
				-0.26921 -0.0914476 -0.95873 5.77927 -0.516986 0.853617 0.0637473 -32.3529 0.812559 0.512811 -0.277079 -114.876 0 0 0 1 
				22
				-0.274294 -0.0675638 -0.959269 5.86747 -0.515676 0.852312 0.0874223 -31.9891 0.81169 0.518651 -0.268625 -115.774 0 0 0 1 
				23
				-0.279737 -0.0418581 -0.959164 5.96355 -0.514131 0.850258 0.112839 -31.5943 0.810813 0.524701 -0.259369 -116.737 0 0 0 1 
				24
				-0.285424 -0.0148366 -0.958286 6.06592 -0.512355 0.84737 0.139485 -31.1751 0.809954 0.530796 -0.249462 -117.745 0 0 0 1 
				25
				-0.291245 0.0129896 -0.95656 6.17287 -0.510365 0.843617 0.166847 -30.7389 0.809138 0.536789 -0.23907 -118.779 0 0 0 1 
				26
				-0.297087 0.0410911 -0.953966 6.28254 -0.508188 0.839019 0.194401 -30.2933 0.808384 0.542548 -0.228379 -119.82 0 0 0 1 
				27
				-0.302838 0.0689397 -0.950545 6.39298 -0.505863 0.833657 0.221627 -29.8463 0.807707 0.547963 -0.217589 -120.849 0 0 0 1 
				28
				-0.308398 0.0960313 -0.946398 6.50215 -0.50344 0.827663 0.248037 -29.406 0.807118 0.552949 -0.206903 -121.849 0 0 0 1 
				29
				-0.313668 0.121872 -0.941679 6.60797 -0.500979 0.821222 0.273155 -28.9806 0.806618 0.557441 -0.196536 -122.802 0 0 0 1 
				30
				-0.318551 0.145963 -0.936601 6.70819 -0.49855 0.814573 0.29651 -28.5789 0.806209 0.561396 -0.186713 -123.691 0 0 0 1 
				31
				-0.322957 0.167825 -0.931415 6.80051 -0.496233 0.807992 0.317649 -28.2098 0.805886 0.564786 -0.177666 -124.497 0 0 0 1 
		</Joint>
			7
				-1
				-0.333876 0.144889 -0.931415 -2.16533 -0.551384 0.771411 0.317649 -41.9861 0.764528 0.619623 -0.177666 -102.125 0 0 0 1 
				0
				-0.327956 0.123388 -0.9366 -2.13533 -0.554154 0.777814 0.29651 -42.4195 0.765086 0.616264 -0.186713 -101.309 0 0 0 1 
				1
				-0.321404 0.0996959 -0.941679 -2.09998 -0.557041 0.784278 0.273155 -42.8886 0.76577 0.612348 -0.196536 -100.409 0 0 0 1 
				2
				-0.314345 0.0742859 -0.946398 -2.05951 -0.559946 0.790531 0.248037 -43.3824 0.766582 0.6079 -0.206903 -99.4421 0 0 0 1 
				3
				-0.30691 0.047648 -0.950545 -2.01434 -0.562781 0.796341 0.221627 -43.89 0.767518 0.602968 -0.217589 -98.4259 0 0 0 1 
				4
				-0.299229 0.020268 -0.953966 -1.9651 -0.565474 0.801528 0.194401 -44.4015 0.768571 0.597613 -0.22838 -97.3779 0 0 0 1 
				5
				-0.291442 -0.00735693 -0.95656 -1.91261 -0.567967 0.805962 0.166848 -44.9076 0.769724 0.591921 -0.23907 -96.316 0 0 0 1 
				6
				-0.283694 -0.0347094 -0.958286 -1.85796 -0.570214 0.809568 0.139485 -45.399 0.770956 0.585999 -0.249462 -95.2595 0 0 0 1 
				7
				-0.276136 -0.0612685 -0.959164 -1.80243 -0.572186 0.812325 0.112839 -45.8674 0.772239 0.579979 -0.259369 -94.2278 0 0 0 1 
				8
				-0.268914 -0.0865319 -0.959269 -1.74743 -0.573871 0.814266 0.0874224 -46.3052 0.773536 0.574006 -0.268625 -93.2405 0 0 0 1 
				9
				-0.262176 -0.110003 -0.95873 -1.69446 -0.575269 0.815477 0.0637474 -46.7054 0.77481 0.56824 -0.277079 -92.3175 0 0 0 1 
				10
				-0.256074 -0.131177 -0.957715 -1.64518 -0.576391 0.816076 0.0423381 -47.0611 0.776015 0.56286 -0.284585 -91.4797 0 0 0 1 
				11
				-0.250758 -0.149558 -0.956427 -1.60125 -0.577259 0.816217 0.0237135 -47.3659 0.777106 0.558052 -0.291007 -90.7479 0 0 0 1 
				12
				-0.246374 -0.164676 -0.955082 -1.56434 -0.577897 0.816066 0.0083683 -47.6139 0.778032 0.554001 -0.296223 -90.1429 0 0 0 1 
				13
				-0.243063 -0.176064 -0.953898 -1.53607 -0.578334 0.815794 -0.0032085 -47.7992 0.778749 0.550891 -0.300114 -89.685 0 0 0 1 
				14
				-0.240973 -0.183246 -0.953076 -1.51805 -0.578589 0.815552 -0.0105159 -47.9153 0.779209 0.548905 -0.30255 -89.3954 0 0 0 1 
				15
				-0.240245 -0.185741 -0.952776 -1.51175 -0.578674 0.815454 -0.013056 -47.9555 0.77937 0.54821 -0.303393 -89.2946 0 0 0 1 
				16
				-0.240973 -0.183246 -0.953076 -1.51804 -0.578589 0.815551 -0.010516 -47.9153 0.779209 0.548905 -0.30255 -89.3954 0 0 0 1 
				17
				-0.243063 -0.176065 -0.953898 -1.53607 -0.578334 0.815794 -0.00320861 -47.7992 0.778749 0.550892 -0.300114 -89.685 0 0 0 1 
				18
				-0.246374 -0.164676 -0.955082 -1.56433 -0.577897 0.816067 0.00836816 -47.6139 0.778033 0.554001 -0.296223 -90.1429 0 0 0 1 
				19
				-0.250758 -0.149558 -0.956427 -1.60125 -0.577259 0.816217 0.0237134 -47.3659 0.777105 0.558052 -0.291007 -90.7479 0 0 0 1 
				20
				-0.256074 -0.131177 -0.957715 -1.64518 -0.576391 0.816076 0.0423381 -47.0611 0.776015 0.56286 -0.284585 -91.4797 0 0 0 1 
				21
				-0.262175 -0.110003 -0.95873 -1.69446 -0.575269 0.815477 0.0637473 -46.7053 0.77481 0.56824 -0.277079 -92.3175 0 0 0 1 
				22
				-0.268914 -0.086532 -0.959269 -1.74742 -0.573871 0.814266 0.0874224 -46.3052 0.773536 0.574006 -0.268625 -93.2405 0 0 0 1 
				23
				-0.276136 -0.0612685 -0.959164 -1.80243 -0.572186 0.812325 0.112839 -45.8674 0.772239 0.579979 -0.259369 -94.2278 0 0 0 1 
				24
				-0.283694 -0.0347096 -0.958286 -1.85796 -0.570214 0.809568 0.139485 -45.399 0.770956 0.586 -0.249462 -95.2595 0 0 0 1 
				25
				-0.291442 -0.00735723 -0.95656 -1.91261 -0.567967 0.805963 0.166848 -44.9076 0.769724 0.591921 -0.23907 -96.316 0 0 0 1 
				26
				-0.299229 0.0202683 -0.953966 -1.9651 -0.565474 0.801528 0.194401 -44.4015 0.768571 0.597614 -0.22838 -97.3779 0 0 0 1 
				27
				-0.30691 0.047648 -0.950545 -2.01434 -0.562781 0.796341 0.221627 -43.89 0.767518 0.602968 -0.217589 -98.4259 0 0 0 1 
				28
				-0.314345 0.0742859 -0.946398 -2.05952 -0.559946 0.790531 0.248037 -43.3824 0.766582 0.6079 -0.206903 -99.4421 0 0 0 1 
				29
				-0.321404 0.0996959 -0.941679 -2.09999 -0.557041 0.784277 0.273155 -42.8886 0.76577 0.612347 -0.196536 -100.409 0 0 0 1 
				30
				-0.327956 0.123388 -0.936601 -2.13534 -0.554155 0.777814 0.29651 -42.4195 0.765087 0.616264 -0.186713 -101.309 0 0 0 1 
				31
				-0.333876 0.144889 -0.931415 -2.16533 -0.551384 0.771411 0.317649 -41.9861 0.764528 0.619623 -0.177666 -102.125 0 0 0 1 
		</Joint>
			8
				-1
				0.0956909 -0.0182577 -0.995244 -11.4343 -0.575317 0.814907 -0.0702651 -57.2935 0.812314 0.579304 0.0674752 -80.9 0 0 0 1 
				0
				0.102558 -0.0379763 -0.994002 -11.24 -0.587283 0.804214 -0.0913196 -57.8038 0.802857 0.593126 0.0601761 -80.0687 0 0 0 1 
				1
				0.110985 -0.0592497 -0.992054 -11.0227 -0.599992 0.791783 -0.114412 -58.3531 0.79227 0.607923 0.0523265 -79.1498 0 0 0 1 
				2
				0.120993 -0.0815119 -0.989301 -10.7863 -0.613039 0.777719 -0.139054 -58.9274 0.780733 0.623305 0.0441282 -78.1604 0 0 0 1 
				3
				0.132529 -0.104206 -0.985687 -10.5347 -0.626041 0.762188 -0.164751 -59.5138 0.768446 0.638914 0.0357747 -77.1183 0 0 0 1 
				4
				0.145466 -0.126812 -0.981203 -10.2722 -0.638649 0.745412 -0.191019 -60.1001 0.755623 0.654431 0.0274434 -76.041 0 0 0 1 
				5
				0.159592 -0.148847 -0.975897 -10.0036 -0.65056 0.72768 -0.217377 -60.6753 0.742497 0.669572 0.0192975 -74.9471 0 0 0 1 
				6
				0.174604 -0.169867 -0.969875 -9.73381 -0.661516 0.709357 -0.24333 -61.2291 0.729321 0.684075 0.0114867 -73.8564 0 0 0 1 
				7
				0.190127 -0.189487 -0.9633 -9.46845 -0.671323 0.690862 -0.268396 -61.7523 0.716365 0.697714 0.00414443 -72.7891 0 0 0 1 
				8
				0.205727 -0.207397 -0.95638 -9.21294 -0.679861 0.672651 -0.292113 -62.2369 0.703893 0.710301 -0.00261895 -71.7658 0 0 0 1 
				9
				0.220926 -0.223357 -0.94937 -8.97292 -0.687077 0.655214 -0.314039 -62.6758 0.692183 0.72167 -0.00870996 -70.8075 0 0 0 1 
				10
				0.235203 -0.237174 -0.942564 -8.75423 -0.692976 0.63907 -0.333728 -63.0627 0.681516 0.731668 -0.014045 -69.9361 0 0 0 1 
				11
				0.248022 -0.24871 -0.936284 -8.56273 -0.697613 0.624748 -0.350753 -63.3916 0.672178 0.740158 -0.0185523 -69.1741 0 0 0 1 
				12
				0.258852 -0.257871 -0.930859 -8.4041 -0.701079 0.612762 -0.364705 -63.6574 0.664442 0.747011 -0.022173 -68.5433 0 0 0 1 
				13
				0.267178 -0.264572 -0.926616 -8.28393 -0.703481 0.603614 -0.375187 -63.8547 0.658582 0.752098 -0.0248494 -68.0656 0 0 0 1 
				14
				0.272501 -0.268709 -0.923872 -8.20788 -0.704901 0.597793 -0.381783 -63.9779 0.654873 0.755274 -0.0265142 -67.7632 0 0 0 1 
				15
