<?xml version='1.0' encoding='UTF-8' ?>
<itpanim>
	<skeleton count>
		25
			0 -1
			1.37091e-06 -1 -6.12323e-17 1.44664e-05 1 1.37091e-06 -6.12323e-17 -3.33788e-06 6.12323e-17 -6.12323e-17 1 44.5 0 0 0 1 
			1 0
			1.3868e-06 4.78456e-08 -1 -44.5 2.75771e-06 -1 -4.78418e-08 1.44666e-05 -1 -2.75771e-06 -1.3868e-06 -5.83747e-05 0 0 0 1 
			2 1
			1.40269e-06 -0.000796318 -1 -49.6773 0 -1 0.000796318 0.0514213 -1 -1.11699e-09 -1.40269e-06 3.19526e-06 0 0 0 1 
			3 2
			1.40269e-06 -0.000796318 -1 -64.5592 0 -1 0.000796318 0.0632714 -1 -1.11699e-09 -1.40269e-06 3.16239e-06 0 0 0 1 
			4 3
			1.40269e-06 -0.000796318 -1 -79.4411 0 -1 0.000796318 0.06596 -1 -1.11699e-09 -1.40269e-06 3.15493e-06 0 0 0 1 
			5 4
			1 1.37091e-06 4.37113e-08 -1.60435 -1.37091e-06 1 3.58059e-15 -1.09939e-05 -4.37113e-08 -6.35048e-14 1 79.4411 0 0 0 1 
			6 5
			0.995014 0.0902305 0.042489 -5.65533 -0.0897157 0.995871 -0.0138741 -0.287945 -0.0435655 0.00999304 0.999001 79.7571 0 0 0 1 
			7 6
			0.994845 -0.0912189 0.0442967 -20.654 0.0915704 0.995781 -0.00596753 -4.08763 -0.0435655 0.00999304 0.999001 79.7571 0 0 0 1 
			8 7
			0.994845 -0.0912189 0.0442967 -36.0513 -0.0434925 0.0107859 0.998995 79.7539 -0.091605 -0.995772 0.00676301 4.15114 0 0 0 1 
			9 4
			-1 -1.37091e-06 4.37114e-08 -1.60434 -1.37091e-06 1 3.84662e-15 -1.09939e-05 -4.37115e-08 -5.60777e-14 -1 -79.4411 0 0 0 1 
			10 9
			-0.995014 0.0902277 0.042489 -5.65533 0.089713 0.995871 -0.0138741 -0.287946 -0.0435654 -0.00999315 -0.999001 -79.7571 0 0 0 1 
			11 10
			-0.994845 -0.0912216 0.0442967 -20.654 -0.0915731 0.995781 -0.00596753 -4.08763 -0.0435654 -0.00999315 -0.999001 -79.7571 0 0 0 1 
			12 11
			-0.994845 -0.0912216 0.0442967 -36.0513 0.0434925 0.0107861 0.998995 79.7539 -0.0916078 0.995772 -0.00676301 -4.15114 0 0 0 1 
			13 4
			1.34309e-06 -5.95475e-08 -1 -82.8177 -1.40269e-06 -1 5.95456e-08 1.08462e-05 -1 1.40269e-06 -1.34309e-06 -0.000107894 0 0 0 1 
			14 13
			1 -0 0 0 0 1 0 0 -0 -0 1 -0 0 0 0 1 
			15 2
			1.37369e-06 -0.0998334 0.995004 44.2777 0 -0.995004 -0.0998334 -4.44257 1 1.3714e-07 -1.36683e-06 -4.58386 0 0 0 1 
			16 15
			1.37369e-06 0.0998334 0.995004 24.6789 0 -0.995004 0.0998334 0.469723 1 -1.3714e-07 -1.36683e-06 -4.58386 0 0 0 1 
			17 16
			1.3716e-06 -6.00745e-14 1 4.70494 0 -1 -6.00745e-14 1.29981e-05 1 8.23984e-20 -1.3716e-06 -4.58386 0 0 0 1 
			18 17
			1.3723e-06 -1 -6.00133e-14 -6.78409 0 6.00133e-14 -1 -0.105526 1 1.3723e-06 8.23562e-20 -4.58386 0 0 0 1 
			19 18
			1 -0 0 0 0 1 0 0 -0 -0 1 -0 0 0 0 1 
			20 2
			1.37369e-06 -0.0998334 0.995004 44.2777 0 -0.995004 -0.0998334 -4.44257 1 1.3714e-07 -1.36683e-06 4.58386 0 0 0 1 
			21 20
			1.37369e-06 0.0998334 0.995004 24.6789 0 -0.995004 0.0998334 0.469723 1 -1.3714e-07 -1.36683e-06 4.58386 0 0 0 1 
			22 21
			1.3716e-06 -6.00745e-14 1 4.70494 0 -1 -6.00745e-14 1.29981e-05 1 8.23984e-20 -1.3716e-06 4.58386 0 0 0 1 
			23 22
			1.3723e-06 -1 5.98908e-14 -6.78409 0 -5.98908e-14 -1 -0.105526 1 1.3723e-06 -8.21882e-20 4.58386 0 0 0 1 
			24 23
			1 -0 0 0 0 1 0 0 -0 -0 1 -0 0 0 0 1 
	</skeleton>
		<animations>
			25
			0
				-1
				-0.573575 0.819153 -2.02144e-33 3.33786e-06 -0.819153 -0.573575 -1.36318e-32 2.84751 -1.2326e-32 -6.16298e-33 1 -39.1131 0 0 0 1 
				0
				-0.80895 0.587878 0 3.33336e-06 -0.587878 -0.80895 -0 2.74464 -0 -0 1 -41.3252 0 0 0 1 
				1
				-0.958339 0.285634 -2.3855e-33 3.32783e-06 -0.285634 -0.958339 -1.35728e-32 2.61805 -6.16298e-33 -1.2326e-32 1 -43.5859 0 0 0 1 
				2
				-0.999423 0.0339767 0 3.3337e-06 -0.0339767 -0.999423 -0 2.75229 -0 -0 1 -45.2921 0 0 0 1 
				3
				-0.997723 -0.0674426 7.68618e-34 3.36889e-06 0.0674426 -0.997723 -5.19559e-35 3.5573 7.70372e-34 -0 1 -45.9693 0 0 0 1 
				4
				-0.998629 -0.0523538 -0 3.42617e-06 0.0523538 -0.998629 0 4.86789 -0 -0 1 -45.8684 0 0 0 1 
				5
				-0.999963 -0.00855557 -0 3.46856e-06 0.00855557 -0.999963 0 5.83757 -0 -0 1 -45.576 0 0 0 1 
				6
				-0.999996 -0.00293507 -0 3.47287e-06 0.00293507 -0.999996 0 5.93606 -0 -0 1 -45.5375 0 0 0 1 
				7
				-0.99981 -0.0195168 3.37106e-34 3.4603e-06 0.0195168 -0.99981 -1.23349e-32 5.64871 5.77779e-34 -1.2326e-32 1 -45.644 0 0 0 1 
				8
				-0.999107 -0.0422595 -3.84842e-34 3.44019e-06 0.0422595 -0.999107 1.62778e-35 5.18861 -3.85186e-34 -0 1 -45.79 0 0 0 1 
				9
				-0.997983 -0.0634806 -0 3.41539e-06 0.0634806 -0.997983 0 4.62127 -0 -0 1 -45.9263 0 0 0 1 
				10
				-0.997191 -0.0749015 -9.23232e-34 3.3892e-06 0.0749015 -0.997191 -1.22913e-32 4.02193 -0 -1.2326e-32 1 -45.9997 0 0 0 1 
				11
				-0.997667 -0.0682631 -7.28325e-35 3.36489e-06 0.0682631 -0.997667 -1.23498e-32 3.46584 7.70372e-34 -1.2326e-32 1 -45.957 0 0 0 1 
				12
				-0.999364 -0.0356681 -0 3.3457e-06 0.0356681 -0.999364 0 3.02678 -0 -0 1 -45.7477 0 0 0 1 
				13
				-0.999417 0.0341457 3.59174e-35 3.33427e-06 -0.0341457 -0.999417 -1.23319e-32 2.76529 -3.85186e-34 -1.2326e-32 1 -45.2998 0 0 0 1 
				14
				-0.987841 0.155464 0 3.32927e-06 -0.155464 -0.987841 -0 2.65094 -0 -0 1 -44.5177 0 0 0 1 
				15
				-0.949868 0.31265 -2.92701e-33 3.32842e-06 -0.31265 -0.949868 -9.63428e-34 2.63155 -3.08149e-33 -0 1 -43.4794 0 0 0 1 
				16
				-0.877906 0.478834 0 3.33033e-06 -0.478834 -0.877906 -0 2.67515 -0 -0 1 -42.3163 0 0 0 1 
				17
				-0.777342 0.629079 0 3.33353e-06 -0.629079 -0.777342 -0 2.74853 -0 -0 1 -41.1551 0 0 0 1 
				18
				-0.666938 0.745113 0 3.33654e-06 -0.745113 -0.666938 -0 2.81741 -0 -0 1 -40.1268 0 0 0 1 
				19
				-0.573575 0.819153 -2.02144e-33 3.33786e-06 -0.819153 -0.573575 -1.36318e-32 2.84751 -1.2326e-32 -6.16298e-33 1 -39.3621 0 0 0 1 
				20
				-0.530057 0.847962 5.22597e-33 3.33786e-06 -0.847962 -0.530057 -3.26673e-33 2.84751 -0 -6.16298e-33 1 -39.0273 0 0 0 1 
				21
				-0.535173 0.844742 -1.3904e-33 3.33786e-06 -0.844742 -0.535173 -1.37105e-32 2.84751 -1.2326e-32 -6.16298e-33 1 -39.0661 0 0 0 1 
				22
				-0.559543 0.828801 0 3.33786e-06 -0.828801 -0.559543 -0 2.84751 -0 -0 1 -39.2528 0 0 0 1 
				23
				-0.573575 0.819153 -2.02144e-33 3.33786e-06 -0.819153 -0.573575 -1.36318e-32 2.84751 -1.2326e-32 -6.16298e-33 1 -39.3621 0 0 0 1 
		</Joint>
			1
				-1
				1.33158e-06 -0.573574 -0.819154 3.33786e-06 0 -0.819154 0.573574 2.84751 -1 -7.6376e-07 -1.09077e-06 -39.1131 0 0 0 1 
				0
				1.33158e-06 -0.808949 -0.587879 3.33336e-06 0 -0.587879 0.808949 2.74464 -1 -1.07718e-06 -7.82808e-07 -41.3252 0 0 0 1 
				1
				1.33158e-06 -0.958338 -0.285636 3.32783e-06 0 -0.285636 0.958338 2.61805 -1 -1.2761e-06 -3.80347e-07 -43.5859 0 0 0 1 
				2
				1.33158e-06 -0.999423 -0.0339781 3.3337e-06 0 -0.0339781 0.999423 2.75229 -1 -1.33081e-06 -4.52445e-08 -45.2921 0 0 0 1 
				3
				1.33158e-06 -0.997723 0.0674413 3.36889e-06 0 0.0674413 0.997723 3.5573 -1 -1.32855e-06 8.98035e-08 -45.9693 0 0 0 1 
				4
				1.33158e-06 -0.998629 0.0523525 3.42617e-06 0 0.0523525 0.998629 4.86789 -1 -1.32975e-06 6.97115e-08 -45.8684 0 0 0 1 
				5
				1.33158e-06 -0.999963 0.00855424 3.46856e-06 0 0.00855424 0.999963 5.83757 -1 -1.33153e-06 1.13907e-08 -45.576 0 0 0 1 
				6
				1.33158e-06 -0.999996 0.00293373 3.47287e-06 0 0.00293373 0.999996 5.93606 -1 -1.33157e-06 3.9065e-09 -45.5375 0 0 0 1 
				7
				1.33158e-06 -0.99981 0.0195155 3.4603e-06 0 0.0195155 0.99981 5.64871 -1 -1.33133e-06 2.59864e-08 -45.644 0 0 0 1 
				8
				1.33158e-06 -0.999107 0.0422582 3.44019e-06 0 0.0422582 0.999107 5.18861 -1 -1.33039e-06 5.62702e-08 -45.79 0 0 0 1 
				9
				1.33158e-06 -0.997983 0.0634793 3.41539e-06 0 0.0634793 0.997983 4.62127 -1 -1.32889e-06 8.45278e-08 -45.9263 0 0 0 1 
				10
				1.33158e-06 -0.997191 0.0749 3.3892e-06 0 0.0749 0.997191 4.02193 -1 -1.32784e-06 9.97355e-08 -45.9997 0 0 0 1 
				11
				1.33158e-06 -0.997667 0.0682617 3.36489e-06 0 0.0682617 0.997667 3.46584 -1 -1.32847e-06 9.0896e-08 -45.957 0 0 0 1 
				12
				1.33158e-06 -0.999364 0.0356668 3.3457e-06 0 0.0356668 0.999364 3.02678 -1 -1.33073e-06 4.74932e-08 -45.7477 0 0 0 1 
				13
				1.33158e-06 -0.999417 -0.0341471 3.33427e-06 0 -0.0341471 0.999417 2.76529 -1 -1.3308e-06 -4.54696e-08 -45.2998 0 0 0 1 
				14
				1.33158e-06 -0.987841 -0.155466 3.32927e-06 0 -0.155466 0.987841 2.65094 -1 -1.31539e-06 -2.07015e-07 -44.5177 0 0 0 1 
				15
				1.33158e-06 -0.949868 -0.312652 3.32842e-06 0 -0.312652 0.949868 2.63155 -1 -1.26483e-06 -4.16321e-07 -43.4794 0 0 0 1 
				16
				1.33158e-06 -0.877905 -0.478835 3.33033e-06 0 -0.478835 0.877905 2.67515 -1 -1.169e-06 -6.37607e-07 -42.3163 0 0 0 1 
				17
				1.33158e-06 -0.777341 -0.62908 3.33353e-06 0 -0.62908 0.777341 2.74853 -1 -1.03509e-06 -8.3767e-07 -41.1551 0 0 0 1 
				18
				1.33158e-06 -0.666937 -0.745114 3.33654e-06 0 -0.745114 0.666937 2.81741 -1 -8.8808e-07 -9.92179e-07 -40.1268 0 0 0 1 
				19
				1.33158e-06 -0.573574 -0.819154 3.33786e-06 0 -0.819154 0.573574 2.84751 -1 -7.6376e-07 -1.09077e-06 -39.3621 0 0 0 1 
				20
				1.33158e-06 -0.530056 -0.847963 3.33786e-06 0 -0.847963 0.530056 2.84751 -1 -7.05812e-07 -1.12913e-06 -39.0273 0 0 0 1 
				21
				1.33158e-06 -0.535172 -0.844743 3.33786e-06 0 -0.844743 0.535172 2.84751 -1 -7.12625e-07 -1.12484e-06 -39.0661 0 0 0 1 
				22
				1.33158e-06 -0.559542 -0.828802 3.33786e-06 0 -0.828802 0.559542 2.84751 -1 -7.45075e-07 -1.10362e-06 -39.2528 0 0 0 1 
				23
				1.33158e-06 -0.573574 -0.819154 3.33786e-06 0 -0.819154 0.573574 2.84751 -1 -7.6376e-07 -1.09077e-06 -39.3621 0 0 0 1 
		</Joint>
			2
				-1
				-0.171245 -0.296064 -0.939692 0.00351435 -0.470496 -0.813422 0.342021 2.85714 -0.865626 0.500691 -2.35749e-06 -44.2964 0 0 0 1 
				0
				-0.195128 -0.620334 -0.759678 0.00735187 -0.268761 -0.711098 0.649698 2.75305 -0.943235 0.330946 -0.0279661 -46.5065 0 0 0 1 
				1
				-0.10349 -0.875588 -0.471843 0.0103718 -0.11385 -0.460844 0.880148 2.6235 -0.988093 0.144805 -0.0519928 -48.7649 0 0 0 1 
				2
				0.0109309 -0.978172 -0.207508 0.0115858 -0.0514941 -0.207795 0.976816 2.75474 -0.998613 7.92633e-06 -0.0526415 -50.4694 0 0 0 1 
				3
				0.0586698 -0.993408 -0.0984763 0.0117677 -0.00819708 -0.0991223 0.995042 3.55847 -0.998244 -0.0575716 -0.0139585 -51.1459 0 0 0 1 
				4
				0.0424598 -0.992208 -0.117133 0.0117534 0.0576343 -0.114611 0.991737 4.86924 -0.997434 -0.0488598 0.0523189 -51.0452 0 0 0 1 
				5
				0.00577842 -0.98641 -0.164202 0.0116855 0.113568 -0.162495 0.980152 5.83949 -0.993513 -0.0243119 0.111086 -50.7531 0 0 0 1 
				6
				-0.00449398 -0.985395 -0.170224 0.0116736 0.137503 -0.169218 0.97594 5.93806 -0.990491 -0.0190205 0.136255 -50.7147 0 0 0 1 
				7
				-0.00243637 -0.988069 -0.153994 0.0117051 0.140901 -0.152797 0.978162 5.65051 -0.990021 -0.0193146 0.139592 -50.8212 0 0 0 1 
				8
				0.00158245 -0.99129 -0.131687 0.0117431 0.134862 -0.130272 0.982263 5.19014 -0.990863 -0.019314 0.133482 -50.9671 0 0 0 1 
				9
				0.00521067 -0.993835 -0.110745 0.011773 0.128014 -0.109172 0.985745 4.62255 -0.991759 -0.0193133 0.126656 -51.1034 0 0 0 1 
				10
				0.00649682 -0.99502 -0.0994663 0.011787 0.129722 -0.0977893 0.986717 4.02308 -0.991529 -0.0193135 0.128441 -51.1768 0 0 0 1 
				11
				0.00476354 -0.994346 -0.10608 0.011779 0.137844 -0.104416 0.984935 3.46707 -0.990442 -0.0193143 0.136567 -51.1341 0 0 0 1 
				12
				-7.69033e-06 -0.990406 -0.138186 0.0117326 0.1377 -0.13687 0.980972 3.02839 -0.990474 -0.0190206 0.13638 -50.9248 0 0 0 1 
				13
				0.0010635 -0.978572 -0.205903 0.0115929 0.113048 -0.204466 0.972324 2.7677 -0.993589 -0.0243109 0.110408 -50.4769 0 0 0 1 
				14
				0.0300372 -0.946998 -0.319833 0.0112192 0.0639172 -0.317502 0.946101 2.6547 -0.997503 -0.0488611 0.0509926 -49.6945 0 0 0 1 
				15
				0.0576581 -0.883238 -0.465367 0.0104652 0.0140615 -0.465378 0.885 2.63706 -0.998237 -0.0575712 -0.0144132 -48.6561 0 0 0 1 
				16
				0.0309976 -0.78073 -0.6241 0.00924955 -0.0424657 -0.624865 0.779578 2.68254 -0.998617 0.0023378 -0.0525235 -47.4937 0 0 0 1 
				17
				-0.0698278 -0.628618 -0.774573 0.00744483 -0.164053 -0.75866 0.630493 2.7575 -0.983977 0.171097 -0.0501514 -46.3345 0 0 0 1 
				18
				-0.156 -0.442714 -0.882988 0.00524597 -0.339717 -0.815352 0.468821 2.82706 -0.9275 0.373103 -0.0232025 -45.3085 0 0 0 1 
				19
				-0.171245 -0.296064 -0.939692 0.00351435 -0.470496 -0.813422 0.342021 2.85714 -0.865626 0.500691 -2.35749e-06 -44.5453 0 0 0 1 
				20
				-0.158786 -0.239179 -0.957904 0.00284078 -0.513009 -0.808972 0.28703 2.85709 -0.843569 0.53699 0.00575282 -44.211 0 0 0 1 
				21
				-0.160462 -0.245742 -0.955961 0.00291806 -0.508128 -0.80975 0.293448 2.8571 -0.846202 0.532838 0.00506605 -44.2497 0 0 0 1 
				22
				-0.167685 -0.277445 -0.945995 0.00329349 -0.484445 -0.81254 0.324177 2.85713 -0.8586 0.512642 0.00184371 -44.4363 0 0 0 1 
				23
				-0.171245 -0.296064 -0.939692 0.00351435 -0.470496 -0.813422 0.342021 2.85714 -0.865626 0.500691 -2.35749e-06 -44.5453 0 0 0 1 
		</Joint>
			3
				-1
				-0.17587 -0.0124097 -0.984335 -2.54478 -0.615202 -0.779223 0.119741 -4.13549 -0.768503 0.626624 0.129407 -57.186 0 0 0 1 
				0
				-0.239582 -0.377726 -0.894385 -2.89205 -0.364604 -0.818782 0.443464 -1.23691 -0.899814 0.432342 0.0584449 -60.5488 0 0 0 1 
				1
				-0.141319 -0.717188 -0.6824 -1.52125 -0.149286 -0.665997 0.730864 0.937098 -0.978643 0.205157 -0.0129483 -63.472 0 0 0 1 
				2
				0.00549424 -0.891188 -0.4536 0.184818 -0.054491 -0.4532 0.889742 1.99378 -0.998499 0.0198287 -0.0510518 -65.3309 0 0 0 1 
				3
				0.0701751 -0.933282 -0.352222 0.895944 -0.0040635 -0.353357 0.93548 3.44067 -0.997527 -0.0642161 -0.0285892 -66.0009 0 0 0 1 
				4
				0.0513473 -0.927638 -0.369934 0.654627 0.0609292 -0.366823 0.928293 5.73129 -0.99682 -0.0702052 0.0376848 -65.888 0 0 0 1 
				5
				0.00731297 -0.91029 -0.413907 0.108466 0.114036 -0.410459 0.904721 7.53447 -0.99345 -0.0538164 0.100804 -65.5378 0 0 0 1 
				6
				-0.0045192 -0.907761 -0.419464 -0.0444484 0.137266 -0.416061 0.898917 7.98929 -0.990524 -0.0535159 0.126485 -65.4544 0 0 0 1 
				7
				-0.00237782 -0.914545 -0.404478 -0.0137154 0.140703 -0.400761 0.905314 7.75213 -0.990049 -0.0547587 0.129632 -65.5539 0 0 0 1 
				8
				0.00163648 -0.92343 -0.383764 0.0462356 0.134664 -0.380065 0.915104 7.20165 -0.99089 -0.0531766 0.12373 -65.7124 0 0 0 1 
				9
				0.00526046 -0.931308 -0.364194 0.100354 0.127814 -0.360585 0.923927 6.53192 -0.991784 -0.0514093 0.117137 -65.862 0 0 0 1 
				10
				0.00654432 -0.935372 -0.353606 0.119556 0.129521 -0.349842 0.927812 5.95773 -0.991555 -0.0518714 0.118861 -65.932 0 0 0 1 
				11
				0.00481238 -0.933009 -0.35982 0.0937257 0.137644 -0.355781 0.924377 5.52267 -0.99047 -0.0539756 0.126711 -65.8732 0 0 0 1 
				12
				-4.06285e-05 -0.920894 -0.389813 0.0225309 0.137464 -0.386118 0.91215 5.0822 -0.990507 -0.0535483 0.126606 -65.6643 0 0 0 1 
				13
				0.00257671 -0.891933 -0.45216 0.0379893 0.11358 -0.448975 0.886296 4.45538 -0.993526 -0.05364 0.100149 -65.2627 0 0 0 1 
				14
				0.0380504 -0.831627 -0.554029 0.468085 0.0689806 -0.550922 0.831701 3.61243 -0.996892 -0.0698638 0.0364034 -64.5384 0 0 0 1 
				15
				0.0667649 -0.731934 -0.678097 0.8772 0.0222179 -0.678354 0.734399 2.85436 -0.997521 -0.064098 -0.0290283 -63.511 0 0 0 1 
				16
				0.0270437 -0.592806 -0.804891 0.477577 -0.0481848 -0.805023 0.591284 2.06011 -0.998472 0.0227931 -0.050335 -62.3552 0 0 0 1 
				17
				-0.0943926 -0.401719 -0.910885 -1.02696 -0.218646 -0.884265 0.412637 0.326558 -0.971228 0.238111 -0.00436618 -60.9808 0 0 0 1 
				18
				-0.180076 -0.177459 -0.967513 -2.31423 -0.453655 -0.857757 0.241764 -2.21841 -0.872794 0.482453 0.0739564 -59.1172 0 0 0 1 
				19
				-0.17587 -0.0124097 -0.984335 -2.54478 -0.615202 -0.779224 0.119741 -4.13549 -0.768503 0.626623 0.129407 -57.4349 0 0 0 1 
				20
				-0.152618 0.0462778 -0.987201 -2.36075 -0.664108 -0.744559 0.0677656 -4.76863 -0.731893 0.665951 0.144366 -56.7728 0 0 0 1 
				21
				-0.155609 0.0396211 -0.987024 -2.38553 -0.658577 -0.748889 0.0737657 -4.69592 -0.736248 0.66151 0.142627 -56.8507 0 0 0 1 
				22
				-0.168927 0.00704415 -0.985603 -2.49226 -0.631429 -0.768598 0.10273 -4.34322 -0.75681 0.639693 0.134285 -57.2214 0 0 0 1 
				23
				-0.17587 -0.0124097 -0.984335 -2.54478 -0.615202 -0.779223 0.119741 -4.13549 -0.768503 0.626624 0.129407 -57.4349 0 0 0 1 
		</Joint>
			4
				-1
				-0.17587 -0.0124097 -0.984335 -5.16202 -0.615202 -0.779223 0.119741 -13.2888 -0.768503 0.626623 0.129407 -68.6244 0 0 0 1 
				0
				-0.239582 -0.377726 -0.894385 -6.45646 -0.364604 -0.818782 0.443464 -6.6607 -0.899814 0.432342 0.0584449 -73.9408 0 0 0 1 
				1
				-0.141319 -0.717188 -0.6824 -3.62241 -0.149286 -0.665996 0.730864 -1.28276 -0.978643 0.205157 -0.0129483 -78.0367 0 0 0 1 
				2
				0.00549424 -0.891189 -0.4536 0.268979 -0.054491 -0.4532 0.889742 1.18407 -0.998499 0.0198287 -0.0510518 -80.1905 0 0 0 1 
				3
				0.0701751 -0.933282 -0.352222 1.94279 -0.0040635 -0.353357 0.93548 3.38114 -0.997527 -0.0642161 -0.0285892 -80.8458 0 0 0 1 
				4
				0.0513473 -0.927638 -0.369934 1.42127 0.0609292 -0.366823 0.928294 6.63902 -0.99682 -0.0702052 0.0376848 -80.7224 0 0 0 1 
				5
				0.00731297 -0.91029 -0.413907 0.219745 0.114036 -0.410459 0.904721 9.23263 -0.99345 -0.0538163 0.100804 -80.3221 0 0 0 1 
				6
				-0.0045192 -0.907761 -0.419464 -0.109262 0.137266 -0.416061 0.898917 10.0332 -0.990524 -0.0535159 0.126485 -80.1951 0 0 0 1 
				7
				-0.00237782 -0.914545 -0.404478 -0.0466433 0.140703 -0.400761 0.905314 9.84714 -0.990049 -0.0547587 0.129632 -80.2875 0 0 0 1 
				8
				0.00163649 -0.92343 -0.383764 0.0730717 0.134664 -0.380065 0.915104 9.20673 -0.99089 -0.0531766 0.12373 -80.4586 0 0 0 1 
				9
				0.00526046 -0.931308 -0.364194 0.181143 0.127814 -0.360585 0.923927 8.435 -0.991784 -0.0514093 0.117137 -80.6215 0 0 0 1 
				10
				0.00654431 -0.935372 -0.353606 0.219463 0.129521 -0.349842 0.927812 7.8862 -0.991555 -0.0518714 0.118861 -80.6881 0 0 0 1 
				11
				0.00481238 -0.933009 -0.35982 0.167852 0.137644 -0.355781 0.924377 7.57203 -0.99047 -0.0539756 0.126711 -80.6131 0 0 0 1 
				12
				-4.06297e-05 -0.920894 -0.389813 0.0244025 0.137464 -0.386118 0.91215 7.12897 -0.990507 -0.0535483 0.126606 -80.4048 0 0 0 1 
				13
				0.00257671 -0.891933 -0.45216 0.0787339 0.11358 -0.448975 0.886296 6.14687 -0.993526 -0.05364 0.100149 -80.0481 0 0 0 1 
				14
				0.0380504 -0.831628 -0.554029 1.03658 0.0689806 -0.550922 0.831701 4.64048 -0.996892 -0.0698638 0.0364034 -79.3738 0 0 0 1 
				15
				0.0667649 -0.731934 -0.678097 1.87276 0.0222179 -0.678354 0.734399 3.18682 -0.997521 -0.064098 -0.0290283 -78.3558 0 0 0 1 
				16
				0.0270437 -0.592806 -0.804891 0.881631 -0.0481848 -0.805023 0.591284 1.34519 -0.998472 0.0227931 -0.050335 -77.2145 0 0 0 1 
				17
				-0.0943926 -0.401719 -0.910885 -2.43062 -0.218646 -0.884265 0.412637 -2.92492 -0.971228 0.238111 -0.00436619 -75.4351 0 0 0 1 
				18
				-0.180076 -0.177459 -0.967513 -4.99363 -0.453655 -0.857757 0.241764 -8.96735 -0.872794 0.482453 0.0739564 -72.1073 0 0 0 1 
				19
				-0.17587 -0.0124097 -0.984335 -5.16202 -0.615202 -0.779224 0.119741 -13.2888 -0.768503 0.626623 0.129407 -68.8734 0 0 0 1 
				20
				-0.152618 0.0462778 -0.987201 -4.63211 -0.664108 -0.744559 0.0677656 -14.6498 -0.731893 0.665951 0.144366 -67.6665 0 0 0 1 
				21
				-0.155608 0.0396211 -0.987024 -4.70139 -0.658577 -0.748889 0.0737657 -14.4948 -0.736248 0.66151 0.142627 -67.8092 0 0 0 1 
				22
				-0.168927 0.00704414 -0.985603 -5.00623 -0.631429 -0.768598 0.10273 -13.738 -0.75681 0.639693 0.134285 -68.4859 0 0 0 1 
				23
				-0.17587 -0.0124097 -0.984335 -5.16202 -0.615202 -0.779223 0.119741 -13.2888 -0.768503 0.626623 0.129407 -68.8734 0 0 0 1 
		</Joint>
			5
				-1
				0.984335 0.0125497 0.175862 -3.58284 -0.119743 0.779713 0.614581 -13.483 -0.129409 -0.626011 0.769001 -68.8304 0 0 0 1 
				0
				0.925346 0.286192 0.248654 -5.02257 -0.362692 0.859244 0.36077 -7.37437 -0.110405 -0.424021 0.898897 -74.0335 0 0 0 1 
				1
				0.805222 0.567234 0.17281 -2.52953 -0.589206 0.798175 0.12551 -2.45711 -0.0667393 -0.202884 0.976926 -78.0153 0 0 0 1 
				2
				0.679066 0.733422 0.0310272 0.994319 -0.733998 0.679009 0.0139736 -0.2446 -0.0108192 -0.0322629 0.999421 -80.1086 0 0 0 1 
				3
				0.620894 0.783188 -0.0332668 2.50537 -0.783773 0.619493 -0.0439047 1.87936 -0.0137771 0.0533338 0.998482 -80.8001 0 0 0 1 
				4
				0.631405 0.775321 -0.0143226 2.01228 -0.771871 0.626607 -0.107607 5.14873 -0.0744553 0.0789989 0.99409 -80.783 0 0 0 1 
				5
				0.655879 0.754286 0.0295786 0.881352 -0.742183 0.651517 -0.157133 7.78005 -0.137794 0.0811074 0.987134 -80.484 0 0 0 1 
				6
				0.65771 0.752145 0.0411693 0.561267 -0.735648 0.653116 -0.179615 8.5899 -0.161985 0.0878485 0.982875 -80.3982 0 0 0 1 
				7
				0.645513 0.762786 0.0383462 0.599825 -0.745793 0.640365 -0.183645 8.39363 -0.164637 0.0899469 0.982244 -80.4957 0 0 0 1 
				8
				0.628414 0.777164 0.0333469 0.686284 -0.761356 0.623289 -0.178463 7.73756 -0.15948 0.08676 0.983381 -80.6572 0 0 0 1 
				9
				0.612103 0.790254 0.0287831 0.762936 -0.775694 0.607105 -0.172403 6.95173 -0.153716 0.0832014 0.984606 -80.8096 0 0 0 1 
				10
				0.603184 0.797145 0.0269869 0.784258 -0.782352 0.597897 -0.174483 6.39673 -0.155223 0.084132 0.98429 -80.8789 0 0 0 1 
				11
				0.60837 0.793123 0.0290189 0.742624 -0.776926 0.602617 -0.182314 6.08805 -0.162085 0.0883692 0.982812 -80.8165 0 0 0 1 
				12
				0.633275 0.773122 0.0352851 0.647326 -0.756762 0.628135 -0.180988 5.66453 -0.16209 0.087913 0.982852 -80.608 0 0 0 1 
				13
				0.686979 0.725779 0.0361221 0.801761 -0.713603 0.683172 -0.155067 4.72374 -0.137222 0.0807509 0.987243 -80.2089 0 0 0 1 
				14
				0.777489 0.628848 0.00783296 1.92321 -0.624606 0.773577 -0.10699 3.30466 -0.07334 0.0782913 0.994229 -79.4324 0 0 0 1 
				15
				0.870026 0.492792 -0.0145297 2.95869 -0.492824 0.868526 -0.0527892 2.00677 -0.0133947 0.0530886 0.9985 -78.3094 0 0 0 1 
				16
				0.935865 0.351572 0.023534 2.17137 -0.352153 0.935512 0.0284049 0.394409 -0.01203 -0.0348707 0.99932 -77.1336 0 0 0 1 
				17
				0.965403 0.226182 0.129765 -0.970326 -0.24961 0.945541 0.20892 -3.58931 -0.0754444 -0.234082 0.969285 -75.4275 0 0 0 1 
				18
				0.976851 0.103225 0.187367 -3.44187 -0.179025 0.873921 0.451899 -9.35752 -0.117097 -0.474982 0.87217 -72.2247 0 0 0 1 
				19
				0.984335 0.0125498 0.175862 -3.58284 -0.119743 0.779713 0.614581 -13.483 -0.129409 -0.626011 0.769001 -69.0793 0 0 0 1 
				20
				0.988341 -0.0235954 0.150417 -3.04818 -0.0832668 0.743331 0.663721 -14.7605 -0.127471 -0.668508 0.732699 -67.8964 0 0 0 1 
				21
				0.988221 -0.019837 0.151744 -3.11775 -0.0860771 0.747795 0.658326 -14.6151 -0.126533 -0.663633 0.737279 -68.0362 0 0 0 1 
				22
				0.985752 0.000433698 0.168204 -3.42496 -0.107993 0.768308 0.630904 -13.9049 -0.128959 -0.64008 0.757408 -68.6996 0 0 0 1 
				23
				0.984335 0.0125497 0.175862 -3.58284 -0.119743 0.779713 0.614581 -13.483 -0.129409 -0.626011 0.769001 -69.0793 0 0 0 1 
		</Joint>
			6
				-1
				-0.322957 0.167825 -0.931415 3.77173 -0.496233 0.807992 0.317649 -14.3776 0.805886 0.564786 -0.177666 -69.7973 0 0 0 1 
				0
				-0.361994 0.211069 -0.90797 1.89125 -0.718917 0.556822 0.416061 -10.0843 0.593396 0.803368 -0.0498251 -74.8584 0 0 0 1 
				1
				-0.466246 0.149529 -0.871926 3.48678 -0.838628 0.239068 0.489438 -6.85943 0.281635 0.95942 0.0139347 -78.514 0 0 0 1 
				2
				-0.535318 0.00441694 -0.844639 6.06804 -0.844457 0.0186573 0.535299 -5.72875 0.018123 0.999816 -0.00625765 -80.1894 0 0 0 1 
				3
				-0.550975 -0.0716465 -0.831441 7.14445 -0.83011 -0.0552568 0.554855 -3.97669 -0.0856962 0.995899 -0.0290293 -80.9031 0 0 0 1 
				4
				-0.549274 -0.0599074 -0.833492 6.72989 -0.832664 -0.0448935 0.551955 -0.618389 -0.0704846 0.997194 -0.0252239 -81.3393 0 0 0 1 
				5
				-0.542457 -0.0264781 -0.839666 5.78183 -0.839687 -0.0136127 0.5429 2.23474 -0.0258051 0.999557 -0.014849 -81.5135 0 0 0 1 
				6
				-0.54407 -0.0195027 -0.838813 5.47542 -0.838886 -0.00652001 0.544268 3.09342 -0.0160838 0.999789 -0.0128132 -81.6085 0 0 0 1 
				7
				-0.557575 -0.0200216 -0.829886 5.42285 -0.82996 -0.00659815 0.557784 2.82135 -0.0166434 0.999778 -0.0129382 -81.7258 0 0 0 1 
				8
				-0.576314 -0.0201658 -0.81698 5.38155 -0.817059 -0.00614036 0.576522 2.04901 -0.0166426 0.999778 -0.0129379 -81.8488 0 0 0 1 
				9
				-0.593545 -0.0202925 -0.804545 5.33633 -0.804629 -0.00571086 0.593751 1.15605 -0.0166434 0.999778 -0.0129383 -81.9581 0 0 0 1 
				10
				-0.602718 -0.0203563 -0.797695 5.29102 -0.797781 -0.00547823 0.602923 0.551298 -0.0166433 0.999778 -0.0129381 -82.0387 0 0 0 1 
				11
				-0.597395 -0.0203191 -0.80169 5.28813 -0.801774 -0.00561314 0.597601 0.283164 -0.0166427 0.999778 -0.012938 -82.0276 0 0 0 1 
				12
				-0.571238 -0.0197044 -0.820548 5.37891 -0.820627 -0.00587782 0.571434 0.0102896 -0.0160828 0.999789 -0.0128123 -81.8191 0 0 0 1 
				13
				-0.506118 -0.025878 -0.862076 5.9346 -0.862078 -0.0147309 0.506562 -0.608026 -0.0258079 0.999557 -0.0148533 -81.2342 0 0 0 1 
				14
				-0.365045 -0.0493171 -0.929683 7.7323 -0.928318 -0.0563198 0.367497 -1.36215 -0.0704834 0.997194 -0.0252227 -79.9804 0 0 0 1 
				15
				-0.198423 -0.0456125 -0.979055 9.45919 -0.976363 -0.0781411 0.201518 -1.67542 -0.0856961 0.995898 -0.0290294 -78.4095 0 0 0 1 
				16
				-0.102786 -0.00323089 -0.994698 9.16379 -0.994455 0.0226901 0.102688 -2.23674 0.022238 0.999738 -0.00554521 -77.2235 0 0 0 1 
				17
				-0.145438 0.0631861 -0.987347 6.24279 -0.933432 0.322036 0.158105 -5.4543 0.327952 0.944616 0.0121437 -75.9911 0 0 0 1 
				18
				-0.251923 0.126361 -0.959462 3.85678 -0.712737 0.64643 0.272276 -10.6951 0.65463 0.752436 -0.0727887 -73.0996 0 0 0 1 
				19
				-0.322957 0.167825 -0.931415 3.77173 -0.496233 0.807992 0.317649 -14.3776 0.805886 0.564786 -0.177666 -70.0462 0 0 0 1 
				20
				-0.33931 0.166558 -0.925812 4.33632 -0.429637 0.848108 0.310041 -15.3827 0.836828 0.502963 -0.216212 -68.8488 0 0 0 1 
				21
				-0.337586 0.164939 -0.926731 4.26585 -0.437998 0.843925 0.309754 -15.2583 0.833182 0.510475 -0.212654 -68.9816 0 0 0 1 
				22
				-0.327893 0.167573 -0.929734 3.9402 -0.474707 0.821649 0.315509 -14.7118 0.816786 0.544804 -0.189866 -69.6632 0 0 0 1 
				23
				-0.322957 0.167825 -0.931415 3.77173 -0.496233 0.807992 0.317649 -14.3776 0.805886 0.564786 -0.177666 -70.0462 0 0 0 1 
		</Joint>
			7
				-1
				-0.333876 0.144889 -0.931415 -1.20094 -0.551384 0.771411 0.317649 -22.0183 0.764527 0.619623 -0.177666 -57.3888 0 0 0 1 
				0
				-0.371438 0.193968 -0.90797 -3.68248 -0.744089 0.52271 0.416061 -21.1537 0.555307 0.830152 -0.0498251 -65.7217 0 0 0 1 
				1
				-0.469552 0.138798 -0.871927 -3.69216 -0.843889 0.219775 0.489438 -19.772 0.25956 0.965626 0.0139347 -74.1776 0 0 0 1 
				2
				-0.535333 0.0017129 -0.844639 -2.17442 -0.84454 0.0143915 0.5353 -18.7311 0.0130726 0.999895 -0.00625765 -79.9103 0 0 0 1 
				3
				-0.551121 -0.0705191 -0.831441 -1.33909 -0.830222 -0.0535584 0.554855 -16.7582 -0.0836585 0.996072 -0.0290293 -82.2225 0 0 0 1 
				4
				-0.549333 -0.0593643 -0.833492 -1.72745 -0.832708 -0.0440703 0.551955 -13.4392 -0.0694987 0.997263 -0.0252239 -82.4246 0 0 0 1 
				5
				-0.542402 -0.0275911 -0.839666 -2.57056 -0.839657 -0.0153356 0.5429 -10.6942 -0.027856 0.999502 -0.014849 -81.9108 0 0 0 1 
				6
				-0.544015 -0.0209777 -0.838813 -2.90179 -0.838865 -0.00879425 0.544268 -9.82316 -0.0187942 0.999741 -0.0128132 -81.8561 0 0 0 1 
				7
				-0.557519 -0.0215126 -0.829886 -3.1623 -0.82994 -0.00881772 0.557784 -9.95781 -0.0193171 0.99973 -0.0129382 -81.982 0 0 0 1 
				8
				-0.576258 -0.0217072 -0.81698 -3.49214 -0.81704 -0.00832565 0.576522 -10.5315 -0.0193165 0.99973 -0.0129379 -82.105 0 0 0 1 
				9
				-0.593489 -0.0218799 -0.804545 -3.80267 -0.80461 -0.00786288 0.593751 -11.2331 -0.0193173 0.99973 -0.0129383 -82.2144 0 0 0 1 
				10
				-0.602662 -0.0219683 -0.797695 -3.98922 -0.797763 -0.00761194 0.602923 -11.7324 -0.0193172 0.99973 -0.0129381 -82.295 0 0 0 1 
				11
				-0.597339 -0.0219168 -0.80169 -3.91015 -0.801757 -0.00775752 0.597601 -12.062 -0.0193166 0.99973 -0.012938 -82.2838 0 0 0 1 
				12
				-0.571183 -0.0212532 -0.820548 -3.41662 -0.820608 -0.00810289 0.571434 -12.6252 -0.0187936 0.999741 -0.0128123 -82.0667 0 0 0 1 
				13
				-0.506064 -0.0269164 -0.862076 -1.85826 -0.862046 -0.0164997 0.506562 -13.8817 -0.0278588 0.999501 -0.0148533 -81.6316 0 0 0 1 
				14
				-0.365094 -0.0489562 -0.929683 2.11159 -0.928374 -0.055402 0.367497 -15.6558 -0.0694976 0.997263 -0.0252227 -81.0656 0 0 0 1 
				15
				-0.198516 -0.0452065 -0.979055 6.404 -0.976521 -0.0761434 0.201518 -16.7088 -0.0836585 0.996072 -0.0290294 -79.729 0 0 0 1 
				16
				-0.102768 -0.00377952 -0.994698 7.58115 -0.994562 0.0173813 0.102688 -17.5487 0.0169011 0.999842 -0.00554521 -76.8811 0 0 0 1 
				17
				-0.147044 0.0593528 -0.987347 4.00344 -0.941552 0.297462 0.158105 -19.8266 0.303083 0.952887 0.0121437 -70.9416 0 0 0 1 
				18
				-0.258172 0.113047 -0.959462 -0.022162 -0.745487 0.60837 0.272276 -21.6694 0.614488 0.785561 -0.0727887 -63.02 0 0 0 1 
				19
				-0.333876 0.144889 -0.931415 -1.20094 -0.551384 0.771411 0.317649 -22.0183 0.764527 0.619623 -0.177666 -57.6377 0 0 0 1 
				20
				-0.350848 0.140636 -0.925812 -0.888135 -0.492044 0.813491 0.31004 -21.9979 0.796742 0.564317 -0.216212 -55.9639 0 0 0 1 
				21
				-0.348922 0.139365 -0.926731 -0.932073 -0.499574 0.808998 0.309754 -22.0023 0.792892 0.571051 -0.212654 -56.1529 0 0 0 1 
				22
				-0.339031 0.14371 -0.929734 -1.10848 -0.532215 0.785622 0.315509 -22.021 0.775761 0.601785 -0.189866 -57.0869 0 0 0 1 
				23
				-0.333876 0.144889 -0.931415 -1.20094 -0.551384 0.771411 0.317649 -22.0183 0.764527 0.619623 -0.177666 -57.6377 0 0 0 1 
		</Joint>
			8
				-1
				0.095691 -0.0182581 -0.995244 -6.34173 -0.575317 0.814907 -0.0702655 -30.5081 0.812314 0.579304 0.0674751 -45.6171 0 0 0 1 
				0
				0.0920559 -0.388906 -0.916667 -9.40163 -0.849544 0.449534 -0.276035 -32.6106 0.519424 0.804159 -0.28901 -57.1714 0 0 0 1 
				1
				0.0584899 -0.786446 -0.614883 -10.922 -0.9823 0.0644524 -0.175876 -32.7657 0.177948 0.614287 -0.768756 -70.181 0 0 0 1 
				2
				0.0589637 -0.981536 -0.181962 -10.4171 -0.997871 -0.0630452 0.0167232 -31.7348 -0.0278863 0.180588 -0.983164 -79.7091 0 0 0 1 
				3
				0.0672676 -0.997421 0.025041 -9.82486 -0.993906 -0.0647915 0.0891839 -29.5413 -0.0873315 -0.0308876 -0.9957 -83.5107 0 0 0 1 
				4
				0.065711 -0.997818 -0.00634444 -10.1857 -0.994673 -0.0660072 0.0791752 -26.2607 -0.0794213 0.00110797 -0.996841 -83.4947 0 0 0 1 
				5
				0.0626573 -0.993389 -0.096185 -10.9221 -0.996532 -0.0675585 0.0485715 -23.6226 -0.0547485 0.0928081 -0.994178 -82.3397 0 0 0 1 
				6
				0.0581629 -0.991639 -0.115189 -11.2782 -0.997102 -0.0633734 0.0420983 -22.7394 -0.0490462 0.112406 -0.992451 -82.1455 0 0 0 1 
				7
				0.0421647 -0.992654 -0.113402 -11.7466 -0.99789 -0.0474498 0.0443158 -22.7367 -0.0493711 0.111294 -0.99256 -82.2795 0 0 0 1 
				8
				0.0194492 -0.993477 -0.112365 -12.365 -0.998591 -0.024852 0.0468842 -23.1117 -0.0493708 0.111294 -0.99256 -82.4024 0 0 0 1 
				9
				-0.00177404 -0.993781 -0.111342 -12.9408 -0.998779 -0.00373626 0.0492616 -23.6219 -0.0493712 0.111294 -0.99256 -82.5118 0 0 0 1 
				10
				-0.0132082 -0.993758 -0.110771 -13.2686 -0.998693 0.007641 0.0505331 -24.0158 -0.0493712 0.111294 -0.99256 -82.5924 0 0 0 1 
				11
				-0.00656121 -0.993787 -0.111105 -13.1076 -0.998759 0.00102704 0.0497943 -24.4069 -0.0493708 0.111294 -0.992561 -82.5812 0 0 0 1 
				12
				0.0254925 -0.993182 -0.11375 -12.2113 -0.998471 -0.0308791 0.0458464 -25.2603 -0.0490463 0.112407 -0.992451 -82.3561 0 0 0 1 
				13
				0.10514 -0.9896 -0.0981657 -9.65028 -0.992949 -0.109902 0.0444216 -27.1549 -0.0547483 0.092803 -0.994178 -82.0605 0 0 0 1 
				14
				0.270155 -0.962552 -0.0225953 -3.50987 -0.959536 -0.271096 0.0761471 -29.9502 -0.079421 0.00110943 -0.996841 -82.1357 0 0 0 1 
				15
				0.43604 -0.899868 -0.0103296 3.34739 -0.89568 -0.435067 0.092055 -31.7446 -0.0873314 -0.0308876 -0.9957 -81.0171 0 0 0 1 
				16
				0.496575 -0.849933 -0.17615 5.99881 -0.867629 -0.491926 -0.0723169 -32.8623 -0.0251881 0.188743 -0.981704 -76.6209 0 0 0 1 
				17
				0.385593 -0.727511 -0.567491 1.73937 -0.895561 -0.147108 -0.419917 -34.324 0.222012 0.670139 -0.708254 -66.2749 0 0 0 1 
				18
				0.20348 -0.362669 -0.909432 -3.99731 -0.776237 0.50634 -0.3756 -33.1479 0.5967 0.782362 -0.178487 -53.5586 0 0 0 1 
				19
				0.0956909 -0.0182581 -0.995244 -6.34174 -0.575317 0.814907 -0.0702655 -30.5081 0.812314 0.579304 0.067475 -45.8661 0 0 0 1 
				20
				0.0731476 0.0770096 -0.994344 -6.29025 -0.49906 0.866036 0.0303598 -29.5741 0.863475 0.494016 0.101781 -43.6962 0 0 0 1 
				21
				0.0756413 0.0641643 -0.995068 -6.30454 -0.50808 0.861144 0.0169062 -29.6944 0.857982 0.504296 0.0977386 -43.9445 0 0 0 1 
				22
				0.088603 0.012905 -0.995984 -6.32865 -0.550958 0.833657 -0.0382117 -30.2156 0.829816 0.552131 0.0809747 -45.1422 0 0 0 1 
				23
				0.095691 -0.0182581 -0.995244 -6.34173 -0.575317 0.814907 -0.0702655 -30.5081 0.812314 0.579304 0.0674751 -45.8661 0 0 0 1 
		</Joint>
			9
				-1
				-0.984336 0.0125497 -0.175857 -6.74127 0.119739 0.779713 -0.614581 -13.0987 0.129405 -0.626011 -0.769002 -68.4151 0 0 0 1 
				0
				-0.95208 0.154319 -0.264065 -7.89238 0.244649 0.902399 -0.354715 -5.95143 0.183552 -0.40232 -0.89691 -73.8459 0 0 0 1 
				1
				-0.941795 0.305306 -0.140747 -4.71915 0.324992 0.933944 -0.148755 -0.111997 0.0860344 -0.185839 -0.978806 -78.0569 0 0 0 1 
				2
				-0.885602 0.464404 0.00620382 -0.461153 0.463435 0.884477 -0.0541301 2.61031 -0.0306254 -0.0450627 -0.998515 -80.2724 0 0 0 1 
				3
				-0.727416 0.682523 0.0709182 1.37519 0.684045 0.72943 -0.00378208 4.88103 -0.0543112 0.0457601 -0.997475 -80.8919 0 0 0 1 
				4
				-0.446078 0.893477 0.052086 0.825265 0.894435 0.442987 0.0612212 8.12734 0.0316264 0.073897 -0.996764 -80.6621 0 0 0 1 
				5
				-0.162774 0.986631 0.00803779 -0.446757 0.980338 0.160804 0.114363 10.683 0.111541 0.026495 -0.993407 -80.1605 0 0 0 1 
				6
				-0.0252661 0.999674 -0.00379638 -0.784673 0.990158 0.0255482 0.137598 11.4742 0.13765 -0.000282461 -0.990481 -79.9923 0 0 0 1 
				7
				0.00944907 0.999954 -0.00164947 -0.698029 0.989965 -0.00912205 0.141022 11.2985 0.141001 -0.00296545 -0.990005 -80.0797 0 0 0 1 
				8
				-0.00194313 0.999995 0.00237193 -0.545105 0.990849 0.00160523 0.134966 10.6738 0.134962 0.00261248 -0.990847 -80.2602 0 0 0 1 
				9
				-0.0187161 0.999807 0.00600203 -0.405658 0.991601 0.0177935 0.128101 9.91633 0.12797 0.00834918 -0.991743 -80.4337 0 0 0 1 
				10
				0.00252178 0.99997 0.007289 -0.350363 0.991534 -0.00344665 0.1298 9.37379 0.129821 0.00689997 -0.991513 -80.4976 0 0 0 1 
				11
				0.0409655 0.999145 0.00555544 -0.411938 0.989579 -0.0413402 0.137927 9.0541 0.138039 -0.000152725 -0.990427 -80.4099 0 0 0 1 
				12
				0.00785252 0.999969 0.000692651 -0.603473 0.990433 -0.00787307 0.137772 8.59133 0.137773 -0.000395831 -0.990464 -80.2018 0 0 0 1 
				13
				-0.208158 0.978089 0.00328705 -0.64909 0.971803 0.206438 0.113937 7.56759 0.110762 0.0269114 -0.993482 -79.8876 0 0 0 1 
				14
				-0.627214 0.777884 0.0387126 0.145489 0.778275 0.624075 0.0694193 5.97333 0.0298406 0.0736698 -0.996836 -79.3156 0 0 0 1 
				15
				-0.932113 0.355851 0.0673477 0.782882 0.358003 0.933443 0.0227581 4.36323 -0.0547667 0.0453238 -0.99747 -78.4025 0 0 0 1 
				16
				-0.99941 0.0205516 0.0275156 -0.411291 0.0192277 0.998684 -0.0475438 2.29165 -0.0284565 -0.0469866 -0.99849 -77.2951 0 0 0 1 
				17
				-0.994241 -0.0513322 -0.0940727 -3.89308 -0.0297439 0.975508 -0.217941 -2.26529 0.102956 -0.213888 -0.971417 -75.4415 0 0 0 1 
				18
				-0.97964 -0.00861709 -0.200576 -6.54633 0.0842136 0.889294 -0.449516 -8.58178 0.182244 -0.457256 -0.870462 -71.9874 0 0 0 1 
				19
				-0.984336 0.0125498 -0.175857 -6.74127 0.119739 0.779713 -0.614581 -13.0987 0.129405 -0.626011 -0.769002 -68.6641 0 0 0 1 
				20
				-0.989072 0.00097062 -0.147431 -6.2158 0.0996969 0.741094 -0.663958 -14.5431 0.108616 -0.671401 -0.733092 -67.4331 0 0 0 1 
				21
				-0.987811 0.00239359 -0.15564 -6.28481 0.105479 0.74561 -0.657981 -14.3785 0.114472 -0.666378 -0.736774 -67.5786 0 0 0 1 
				22
				-0.985881 0.00842399 -0.167233 -6.58746 0.113593 0.767417 -0.631005 -13.5753 0.123022 -0.641092 -0.75754 -68.2687 0 0 0 1 
				23
				-0.984336 0.0125497 -0.175857 -6.74127 0.119739 0.779713 -0.614581 -13.0987 0.129405 -0.626011 -0.769002 -68.6641 0 0 0 1 
		</Joint>
			10
				-1
				0.0216078 -0.723576 -0.689906 -14.0958 0.461866 0.619241 -0.634996 -12.2041 0.886687 -0.304923 0.347575 -67.4483 0 0 0 1 
				0
				0.212647 -0.777469 -0.591881 -15.006 -0.259501 0.539048 -0.801303 -4.12352 0.942041 0.323988 -0.0871269 -72.4745 0 0 0 1 
				1
				0.224902 -0.861221 -0.455761 -11.7559 -0.829719 0.0759673 -0.552987 2.31622 0.510867 0.502522 -0.697486 -77.4141 0 0 0 1 
				2
				0.0178253 -0.972474 -0.232331 -7.07803 -0.999793 -0.0196125 0.0053847 6.07291 -0.00979308 0.232187 -0.972622 -80.5012 0 0 0 1 
				3
				-0.502226 -0.852104 0.14727 -4.05978 -0.744494 0.512708 0.427621 9.99194 -0.439884 0.105121 -0.891881 -81.2976 0 0 0 1 
				4
				-0.826904 -0.0628085 0.558825 -2.50766 0.178339 0.913157 0.366524 14.8102 -0.533316 0.40274 -0.743891 -80.4258 0 0 0 1 
				5
				-0.439628 0.67314 0.594651 -1.66294 0.872735 0.476615 0.105693 18.0077 -0.212274 0.565438 -0.797006 -79.3271 0 0 0 1 
				6
				-0.0955548 0.819003 0.565777 -0.973451 0.991577 0.128241 -0.0181694 18.8723 -0.0874365 0.559275 -0.824358 -78.9639 0 0 0 1 
				7
				-0.0261578 0.824875 0.564711 -0.627429 0.996575 0.0658528 -0.0500294 18.6951 -0.0784557 0.561468 -0.823771 -79.0262 0 0 0 1 
				8
				-0.0989717 0.817262 0.567703 -0.559624 0.990193 0.137414 -0.0251933 18.0771 -0.0986 0.559642 -0.822848 -79.2518 0 0 0 1 
				9
				-0.183468 0.801971 0.568492 -0.545498 0.975555 0.219701 0.00490639 17.3252 -0.120964 0.555495 -0.822674 -79.4776 0 0 0 1 
				10
				-0.144811 0.809874 0.568449 -0.331521 0.982733 0.184596 -0.0126469 16.7821 -0.115176 0.556802 -0.822621 -79.5276 0 0 0 1 
				11
				-0.0249049 0.824947 0.564661 -0.105859 0.995767 0.0704592 -0.0590189 16.4478 -0.0884731 0.560801 -0.82321 -79.3786 0 0 0 1 
				12
				-0.0610177 0.822902 0.564898 -0.544803 0.994323 0.0995385 -0.037598 15.9915 -0.0871686 0.559397 -0.824304 -79.1724 0 0 0 1 
				13
				-0.487038 0.64781 0.585778 -2.20437 0.847161 0.51351 0.136474 14.8285 -0.212393 0.562717 -0.798899 -79.06 0 0 0 1 
				14
				-0.85024 -0.265474 0.454549 -4.54081 -0.0195137 0.878817 0.476761 11.7883 -0.526033 0.396492 -0.752386 -79.0926 0 0 0 1 
				15
				-0.181243 -0.983008 -0.0290862 -6.1815 -0.882863 0.149607 0.445164 7.03809 -0.433248 0.106362 -0.894977 -78.8117 0 0 0 1 
				16
				0.465618 -0.859265 -0.211812 -7.8785 -0.884986 -0.452047 -0.111596 2.43531 0.000142214 0.239412 -0.970918 -77.5078 0 0 0 1 
				17
				0.522441 -0.825675 -0.212874 -11.3217 -0.605576 -0.183537 -0.774333 -2.48753 0.600277 0.533455 -0.595896 -74.6722 0 0 0 1 
				18
				0.231942 -0.859783 -0.454947 -13.8658 -0.01773 0.463886 -0.885717 -7.95257 0.972568 0.213501 0.0923507 -70.6257 0 0 0 1 
				19
				0.0216078 -0.723576 -0.689906 -14.0958 0.461866 0.619241 -0.634997 -12.2041 0.886687 -0.304923 0.347575 -67.6972 0 0 0 1 
				20
				-0.00625757 -0.686486 -0.727116 -13.6058 0.605879 0.575864 -0.5489 -13.7982 0.795532 -0.443979 0.412324 -66.6216 0 0 0 1 
				21
				-0.000200313 -0.690869 -0.72298 -13.6654 0.590886 0.583186 -0.557447 -13.5904 0.806755 -0.427311 0.408108 -66.7233 0 0 0 1 
				22
				0.0113966 -0.712596 -0.701482 -13.9536 0.511122 0.607106 -0.608421 -12.7265 0.859433 -0.351609 0.371142 -67.3496 0 0 0 1 
				23
				0.0216078 -0.723576 -0.689906 -14.0958 0.461866 0.619241 -0.634996 -12.2041 0.886687 -0.304923 0.347575 -67.6972 0 0 0 1 
		</Joint>
			11
				-1
				0.596422 -0.410256 -0.689906 -13.7631 -0.226495 0.738566 -0.634997 -5.09261 0.770052 0.534986 0.347575 -53.7957 0 0 0 1 
				0
				0.580053 -0.559657 -0.59188 -11.7318 -0.498503 0.330769 -0.801303 -8.11913 0.644231 0.759853 -0.0871269 -57.9696 0 0 0 1 
				1
