<?xml version='1.0' encoding='UTF-8' ?>
<itpanim>
	<skeleton count>
		25
			0 -1
			1.37091e-06 -1 -6.12323e-17 1.44664e-05 1 1.37091e-06 -6.12323e-17 -3.33788e-06 6.12323e-17 -6.12323e-17 1 44.5 0 0 0 1 
			1 0
			1.3868e-06 4.78456e-08 -1 -44.5 2.75771e-06 -1 -4.78418e-08 1.44666e-05 -1 -2.75771e-06 -1.3868e-06 -5.83747e-05 0 0 0 1 
			2 1
			1.40269e-06 -0.000796318 -1 -49.6773 0 -1 0.000796318 0.0514213 -1 -1.11699e-09 -1.40269e-06 3.19526e-06 0 0 0 1 
			3 2
			1.40269e-06 -0.000796318 -1 -64.5592 0 -1 0.000796318 0.0632714 -1 -1.11699e-09 -1.40269e-06 3.16239e-06 0 0 0 1 
			4 3
			1.40269e-06 -0.000796318 -1 -79.4411 0 -1 0.000796318 0.06596 -1 -1.11699e-09 -1.40269e-06 3.15493e-06 0 0 0 1 
			5 4
			1 1.37091e-06 4.37113e-08 -1.60435 -1.37091e-06 1 3.58059e-15 -1.09939e-05 -4.37113e-08 -6.35048e-14 1 79.4411 0 0 0 1 
			6 5
			0.995014 0.0902305 0.042489 -5.65533 -0.0897157 0.995871 -0.0138741 -0.287945 -0.0435655 0.00999304 0.999001 79.7571 0 0 0 1 
			7 6
			0.994845 -0.0912189 0.0442967 -20.654 0.0915704 0.995781 -0.00596753 -4.08763 -0.0435655 0.00999304 0.999001 79.7571 0 0 0 1 
			8 7
			0.994845 -0.0912189 0.0442967 -36.0513 -0.0434925 0.0107859 0.998995 79.7539 -0.091605 -0.995772 0.00676301 4.15114 0 0 0 1 
			9 4
			-1 -1.37091e-06 4.37114e-08 -1.60434 -1.37091e-06 1 3.84662e-15 -1.09939e-05 -4.37115e-08 -5.60777e-14 -1 -79.4411 0 0 0 1 
			10 9
			-0.995014 0.0902277 0.042489 -5.65533 0.089713 0.995871 -0.0138741 -0.287946 -0.0435654 -0.00999315 -0.999001 -79.7571 0 0 0 1 
			11 10
			-0.994845 -0.0912216 0.0442967 -20.654 -0.0915731 0.995781 -0.00596753 -4.08763 -0.0435654 -0.00999315 -0.999001 -79.7571 0 0 0 1 
			12 11
			-0.994845 -0.0912216 0.0442967 -36.0513 0.0434925 0.0107861 0.998995 79.7539 -0.0916078 0.995772 -0.00676301 -4.15114 0 0 0 1 
			13 4
			1.34309e-06 -5.95475e-08 -1 -82.8177 -1.40269e-06 -1 5.95456e-08 1.08462e-05 -1 1.40269e-06 -1.34309e-06 -0.000107894 0 0 0 1 
			14 13
			1 -0 0 0 0 1 0 0 -0 -0 1 -0 0 0 0 1 
			15 2
			1.37369e-06 -0.0998334 0.995004 44.2777 0 -0.995004 -0.0998334 -4.44257 1 1.3714e-07 -1.36683e-06 -4.58386 0 0 0 1 
			16 15
			1.37369e-06 0.0998334 0.995004 24.6789 0 -0.995004 0.0998334 0.469723 1 -1.3714e-07 -1.36683e-06 -4.58386 0 0 0 1 
			17 16
			1.3716e-06 -6.00745e-14 1 4.70494 0 -1 -6.00745e-14 1.29981e-05 1 8.23984e-20 -1.3716e-06 -4.58386 0 0 0 1 
			18 17
			1.3723e-06 -1 -6.00133e-14 -6.78409 0 6.00133e-14 -1 -0.105526 1 1.3723e-06 8.23562e-20 -4.58386 0 0 0 1 
			19 18
			1 -0 0 0 0 1 0 0 -0 -0 1 -0 0 0 0 1 
			20 2
			1.37369e-06 -0.0998334 0.995004 44.2777 0 -0.995004 -0.0998334 -4.44257 1 1.3714e-07 -1.36683e-06 4.58386 0 0 0 1 
			21 20
			1.37369e-06 0.0998334 0.995004 24.6789 0 -0.995004 0.0998334 0.469723 1 -1.3714e-07 -1.36683e-06 4.58386 0 0 0 1 
			22 21
			1.3716e-06 -6.00745e-14 1 4.70494 0 -1 -6.00745e-14 1.29981e-05 1 8.23984e-20 -1.3716e-06 4.58386 0 0 0 1 
			23 22
			1.3723e-06 -1 5.98908e-14 -6.78409 0 -5.98908e-14 -1 -0.105526 1 1.3723e-06 -8.21882e-20 4.58386 0 0 0 1 
			24 23
			1 -0 0 0 0 1 0 0 -0 -0 1 -0 0 0 0 1 
	</skeleton>
		<animations>
			17
			0
				-1
				-0.573575 0.819153 -2.02144e-33 3.33786e-06 -0.819153 -0.573575 -1.36318e-32 2.85 -1.2326e-32 -6.16298e-33 1 -37.8455 0 0 0 1 
				0
				-0.505843 0.862626 0 3.33786e-06 -0.862626 -0.505843 -0 2.0791 -0 -0 1 -38.9291 0 0 0 1 
				1
				-0.429402 0.903114 0 3.33786e-06 -0.903114 -0.429402 -0 1.25052 -0 -0 1 -40.1511 0 0 0 1 
				2
				-0.347512 0.937676 0 3.33786e-06 -0.937676 -0.347512 -0 0.399099 -0 -0 1 -41.4278 0 0 0 1 
				3
				-0.264082 0.9645 0 3.33786e-06 -0.9645 -0.264082 -0 -0.440352 -0 -0 1 -42.6758 0 0 0 1 
				4
				-0.183318 0.983054 3.02927e-33 3.33786e-06 -0.983054 -0.183318 -5.64892e-34 -1.2341 -0 -3.08149e-33 1 -43.8143 0 0 0 1 
				5
				-0.109543 0.993982 5.84489e-34 3.33786e-06 -0.993982 -0.109543 1.23362e-32 -1.94843 1.2326e-32 7.70372e-34 1 -44.7622 0 0 0 1 
				6
				-0.0470798 0.998891 -1.95544e-34 3.33786e-06 -0.998891 -0.0470798 -1.23304e-32 -2.54851 -1.2326e-32 -3.85186e-34 1 -45.4362 0 0 0 1 
				7
				1.46474e-06 1 0 3.33786e-06 -1 1.46474e-06 0 -2.99951 -0 -0 1 -45.7526 0 0 0 1 
				8
				0.0292568 0.999572 -2.44035e-35 3.33786e-06 -0.999572 0.0292568 -1.23319e-32 -3.2797 -1.2326e-32 3.85186e-34 1 -45.6594 0 0 0 1 
				9
				0.0429396 0.999078 3.84831e-34 3.33786e-06 -0.999078 0.0429396 1.65397e-35 -3.41081 -0 -3.85186e-34 1 -45.2087 0 0 0 1 
				10
				0.0446992 0.999 1.66159e-34 3.33786e-06 -0.999 0.0446992 -1.23308e-32 -3.42767 -1.2326e-32 3.85186e-34 1 -44.484 0 0 0 1 
				11
				0.0381711 0.999271 6.8422e-34 3.33786e-06 -0.999271 0.0381711 1.23611e-32 -3.36511 1.2326e-32 -1.15556e-33 1 -43.5688 0 0 0 1 
				12
				0.0268715 0.999639 3.31217e-34 3.33786e-06 -0.999639 0.0268715 -1.23215e-32 -3.25685 -1.2326e-32 -0 1 -42.544 0 0 0 1 
				13
				0.0143181 0.999897 -1.76485e-34 3.33786e-06 -0.999897 0.0143181 1.23247e-32 -3.13661 1.2326e-32 -0 1 -41.4905 0 0 0 1 
				14
				0.00414853 0.999992 0 3.33786e-06 -0.999992 0.00414853 0 -3.03923 -0 -0 1 -40.4917 0 0 0 1 
				15
				1.46474e-06 1 0 3.33786e-06 -1 1.46474e-06 0 -2.99951 -0 -0 1 -39.6313 0 0 0 1 
		</Joint>
			1
				-1
				1.33158e-06 -0.573574 -0.819154 3.33786e-06 0 -0.819154 0.573574 2.85 -1 -7.6376e-07 -1.09077e-06 -37.8455 0 0 0 1 
				0
				1.33158e-06 -0.505841 -0.862627 3.33786e-06 0 -0.862627 0.505841 2.0791 -1 -6.73569e-07 -1.14866e-06 -38.9291 0 0 0 1 
				1
				1.33158e-06 -0.4294 -0.903114 3.33786e-06 0 -0.903114 0.4294 1.25052 -1 -5.71781e-07 -1.20257e-06 -40.1511 0 0 0 1 
				2
				1.33158e-06 -0.34751 -0.937676 3.33786e-06 0 -0.937676 0.34751 0.399099 -1 -4.62738e-07 -1.24859e-06 -41.4278 0 0 0 1 
				3
				1.33158e-06 -0.264081 -0.964501 3.33786e-06 0 -0.964501 0.264081 -0.440352 -1 -3.51645e-07 -1.28431e-06 -42.6758 0 0 0 1 
				4
				1.33158e-06 -0.183317 -0.983054 3.33786e-06 0 -0.983054 0.183317 -1.2341 -1 -2.44101e-07 -1.30902e-06 -43.8143 0 0 0 1 
				5
				1.33158e-06 -0.109542 -0.993982 3.33786e-06 0 -0.993982 0.109542 -1.94843 -1 -1.45864e-07 -1.32357e-06 -44.7622 0 0 0 1 
				6
				1.33158e-06 -0.0470785 -0.998891 3.33786e-06 0 -0.998891 0.0470785 -2.54851 -1 -6.26888e-08 -1.3301e-06 -45.4362 0 0 0 1 
				7
				1.33158e-06 2.79632e-06 -1 3.33786e-06 0 -1 -2.79632e-06 -2.99951 -1 3.72352e-12 -1.33158e-06 -45.7526 0 0 0 1 
				8
				1.33158e-06 0.0292581 -0.999572 3.33786e-06 0 -0.999572 -0.0292581 -3.2797 -1 3.89595e-08 -1.33101e-06 -45.6594 0 0 0 1 
				9
				1.33158e-06 0.0429409 -0.999078 3.33786e-06 0 -0.999078 -0.0429409 -3.41081 -1 5.71793e-08 -1.33035e-06 -45.2087 0 0 0 1 
				10
				1.33158e-06 0.0447005 -0.999 3.33786e-06 0 -0.999 -0.0447005 -3.42767 -1 5.95223e-08 -1.33025e-06 -44.484 0 0 0 1 
				11
				1.33158e-06 0.0381725 -0.999271 3.33786e-06 0 -0.999271 -0.0381725 -3.36511 -1 5.08297e-08 -1.33061e-06 -43.5688 0 0 0 1 
				12
				1.33158e-06 0.0268729 -0.999639 3.33786e-06 0 -0.999639 -0.0268729 -3.25685 -1 3.57834e-08 -1.3311e-06 -42.544 0 0 0 1 
				13
				1.33158e-06 0.0143195 -0.999897 3.33786e-06 0 -0.999897 -0.0143195 -3.13661 -1 1.90675e-08 -1.33144e-06 -41.4905 0 0 0 1 
				14
				1.33158e-06 0.00414986 -0.999992 3.33786e-06 0 -0.999992 -0.00414986 -3.03923 -1 5.52587e-09 -1.33157e-06 -40.4917 0 0 0 1 
				15
				1.33158e-06 2.79632e-06 -1 3.33786e-06 0 -1 -2.79632e-06 -2.99951 -1 3.72352e-12 -1.33158e-06 -39.6313 0 0 0 1 
		</Joint>
			2
				-1
				-0.171245 -0.296064 -0.939692 0.00351454 -0.470496 -0.813422 0.342021 2.85963 -0.865626 0.500691 -2.35749e-06 -43.0288 0 0 0 1 
				0
				-0.139636 -0.244373 -0.959575 0.00290253 -0.488906 -0.825695 0.281423 2.08887 -0.861088 0.508438 -0.00417881 -44.1125 0 0 0 1 
				1
				-0.103333 -0.187315 -0.97685 0.00222701 -0.506333 -0.835425 0.213757 1.26041 -0.856125 0.516699 -0.00851698 -45.3345 0 0 0 1 
				2
				-0.0639445 -0.128172 -0.989688 0.0015268 -0.521339 -0.841343 0.142645 0.409061 -0.850951 0.525084 -0.013022 -46.6114 0 0 0 1 
				3
				-0.0234807 -0.0703211 -0.997248 0.000841965 -0.532989 -0.843053 0.0719975 -0.430369 -0.845796 0.533213 -0.0176848 -47.8595 0 0 0 1 
				4
				0.0158095 -0.0169809 -0.999731 0.000210123 -0.540963 -0.841027 0.00573061 -1.22415 -0.840898 0.540727 -0.0224822 -48.998 0 0 0 1 
				5
				0.0515193 0.028811 -0.998256 -0.000331924 -0.545532 -0.836457 -0.0522958 -1.93852 -0.836505 0.547275 -0.0273763 -49.9461 0 0 0 1 
				6
				0.0811568 0.0641658 -0.994634 -0.000750516 -0.547468 -0.831036 -0.0982822 -2.53867 -0.832882 0.552506 -0.0323155 -50.6201 0 0 0 1 
				7
				0.102303 0.0863984 -0.990994 -0.00101384 -0.547846 -0.826632 -0.128624 -2.98973 -0.830301 0.556071 -0.0372342 -50.9366 0 0 0 1 
				8
				0.113435 0.0939934 -0.989089 -0.0011037 -0.547721 -0.824663 -0.141184 -3.26993 -0.828935 0.557761 -0.0420635 -50.8434 0 0 0 1 
				9
				0.115735 0.0889796 -0.989286 -0.00104428 -0.547677 -0.825182 -0.138291 -3.40103 -0.828647 0.557814 -0.0467706 -50.3927 0 0 0 1 
				10
				0.111252 0.0743126 -0.99101 -0.000870416 -0.547781 -0.82745 -0.123542 -3.41787 -0.829191 0.556601 -0.0513483 -49.6679 0 0 0 1 
				11
				0.102069 0.0528719 -0.993371 -0.000616266 -0.547859 -0.830512 -0.100497 -3.35527 -0.83032 0.554485 -0.0558034 -48.7527 0 0 0 1 
				12
				0.0902154 0.0274612 -0.995544 -0.00031531 -0.547708 -0.833512 -0.0726246 -3.24698 -0.831792 0.551819 -0.0601549 -47.7279 0 0 0 1 
				13
				0.0777059 0.000939649 -0.996976 -9.16724e-07 -0.547233 -0.835852 -0.04344 -3.12671 -0.833365 0.548954 -0.0644364 -46.6743 0 0 0 1 
				14
				0.0665899 -0.0236826 -0.997499 0.000290786 -0.546515 -0.837285 -0.0166048 -3.02931 -0.834798 0.546254 -0.0686976 -45.6756 0 0 0 1 
				15
				0.0588777 -0.043365 -0.997323 0.000524081 -0.545794 -0.837909 0.00421207 -2.98959 -0.835848 0.544085 -0.0730025 -44.8151 0 0 0 1 
		</Joint>
			3
				-1
				-0.17587 -0.0124096 -0.984335 -2.54478 -0.615202 -0.779224 0.119741 -4.133 -0.768503 0.626624 0.129407 -55.9183 0 0 0 1 
				0
				-0.139696 0.021201 -0.989968 -2.07539 -0.639266 -0.765435 0.0738157 -5.17789 -0.756191 0.643164 0.120482 -56.9347 0 0 0 1 
				1
				-0.0972918 0.0576135 -0.993587 -1.53624 -0.6625 -0.748754 0.021455 -6.2659 -0.742717 0.660339 0.111017 -58.0831 0 0 0 1 
				2
				-0.0507763 0.093482 -0.994325 -0.951194 -0.683027 -0.729615 -0.0337156 -7.34079 -0.728626 0.677439 0.100898 -59.2832 0 0 0 1 
				3
				-0.0028285 0.125874 -0.992042 -0.350087 -0.699607 -0.709091 -0.0879773 -8.35384 -0.714522 0.693791 0.0900679 -60.4548 0 0 0 1 
				4
				0.0435278 0.152443 -0.987353 0.233678 -0.711792 -0.688756 -0.13772 -9.26653 -0.70104 0.708785 0.0785276 -61.5206 0 0 0 1 
				5
				0.0850349 0.171343 -0.981535 0.764341 -0.71989 -0.670499 -0.179414 -10.0491 -0.68886 0.721853 0.066332 -62.4034 0 0 0 1 
				6
				0.118298 0.181051 -0.976333 1.20487 -0.724813 -0.656311 -0.209528 -10.6782 -0.678714 0.732445 0.0535874 -63.0236 0 0 0 1 
				7
				0.14 0.180226 -0.973611 1.51932 -0.727799 -0.647969 -0.2246 -11.135 -0.671348 0.740037 0.0404523 -63.3018 0 0 0 1 
				8
				0.148027 0.168222 -0.974571 1.68503 -0.729968 -0.646276 -0.222429 -11.4134 -0.667259 0.744331 0.0271301 -63.1883 0 0 0 1 
				9
				0.143965 0.14671 -0.978647 1.71958 -0.731841 -0.649884 -0.205083 -11.5438 -0.666095 0.745739 0.0138078 -62.7333 0 0 0 1 
				10
				0.130609 0.117809 -0.98441 1.65337 -0.733322 -0.656735 -0.17589 -11.5621 -0.667218 0.744862 0.000616565 -62.0167 0 0 0 1 
				11
				0.110833 0.083538 -0.990322 1.51738 -0.73407 -0.664854 -0.138238 -11.5006 -0.669967 0.742287 -0.0123653 -61.1182 0 0 0 1 
				12
				0.0874461 0.0459339 -0.99511 1.34172 -0.733814 -0.672601 -0.0955315 -11.3899 -0.6737 0.738579 -0.0251094 -60.1152 0 0 0 1 
				13
				0.063229 0.00720464 -0.997973 1.15632 -0.732548 -0.678779 -0.0513127 -11.2625 -0.677772 0.734308 -0.0376408 -59.0851 0 0 0 1 
				14
				0.0409751 -0.0302032 -0.998703 0.991633 -0.730636 -0.682703 -0.00933014 -11.1544 -0.681537 0.730071 -0.0500414 -58.1076 0 0 0 1 
				15
				0.0233719 -0.0637444 -0.997692 0.877491 -0.728775 -0.684235 0.0266448 -11.1039 -0.684354 0.726471 -0.0624472 -57.2627 0 0 0 1 
		</Joint>
			4
				-1
				-0.17587 -0.0124096 -0.984335 -5.16202 -0.615202 -0.779224 0.119741 -13.2863 -0.768503 0.626624 0.129407 -67.3568 0 0 0 1 
				0
				-0.139696 0.021201 -0.989968 -4.15439 -0.639266 -0.765435 0.0738157 -14.6893 -0.756191 0.643164 0.120482 -68.19 0 0 0 1 
				1
				-0.0972918 0.0576135 -0.993587 -2.98428 -0.6625 -0.748754 0.021455 -16.1231 -0.742717 0.660339 0.111017 -69.1379 0 0 0 1 
				2
				-0.0507763 0.093482 -0.994325 -1.70709 -0.683027 -0.729615 -0.0337156 -17.5036 -0.728626 0.677439 0.100898 -70.1283 0 0 0 1 
				3
				-0.00282849 0.125874 -0.992042 -0.39252 -0.699607 -0.709091 -0.0879773 -18.7634 -0.714522 0.693791 0.0900679 -71.0901 0 0 0 1 
				4
				0.0435278 0.152443 -0.987353 0.881044 -0.711792 -0.688756 -0.13772 -19.8575 -0.70104 0.708785 0.0785276 -71.9553 0 0 0 1 
				5
				0.0850349 0.171343 -0.981535 2.02936 -0.71989 -0.670499 -0.179414 -20.7606 -0.68886 0.721853 0.066332 -72.6569 0 0 0 1 
				6
				0.118298 0.181051 -0.976333 2.96488 -0.724813 -0.656311 -0.209528 -21.4631 -0.678714 0.732445 0.0535874 -73.1261 0 0 0 1 
				7
				0.14 0.180226 -0.973611 3.6023 -0.727799 -0.647969 -0.2246 -21.9643 -0.671348 0.740037 0.0404523 -73.2947 0 0 0 1 
				8
				0.148028 0.168222 -0.974571 3.88751 -0.729968 -0.646276 -0.222429 -22.275 -0.667259 0.744331 0.0271301 -73.1204 0 0 0 1 
				9
				0.143965 0.14671 -0.978647 3.86165 -0.731841 -0.649884 -0.205083 -22.4332 -0.666095 0.745739 0.0138078 -72.6481 0 0 0 1 
				10
				0.130609 0.117809 -0.98441 3.59677 -0.733323 -0.656735 -0.175891 -22.4736 -0.667218 0.744863 0.000616556 -71.9481 0 0 0 1 
				11
				0.110833 0.083538 -0.990322 3.16656 -0.73407 -0.664854 -0.138238 -22.4231 -0.669967 0.742287 -0.0123653 -71.0906 0 0 0 1 
				12
				0.0874461 0.0459339 -0.99511 2.64296 -0.733814 -0.672601 -0.0955315 -22.3087 -0.6737 0.738579 -0.0251094 -70.1431 0 0 0 1 
				13
				0.063229 0.00720464 -0.997973 2.09727 -0.732548 -0.678779 -0.0513127 -22.1624 -0.677772 0.734308 -0.0376408 -69.1736 0 0 0 1 
				14
				0.0409751 -0.0302032 -0.998703 1.6015 -0.730636 -0.682703 -0.00933014 -22.0258 -0.681537 0.730071 -0.0500414 -68.2521 0 0 0 1 
				15
				0.0233719 -0.0637444 -0.997692 1.22548 -0.728775 -0.684235 0.0266448 -21.9476 -0.684354 0.726471 -0.0624472 -67.4492 0 0 0 1 
		</Joint>
			5
				-1
				0.984335 0.0125497 0.175862 -3.58284 -0.119743 0.779713 0.61458 -13.4805 -0.129409 -0.626011 0.769001 -67.5627 0 0 0 1 
				0
				0.989967 -0.0210898 0.139716 -2.56608 -0.0738174 0.765944 0.638656 -14.8098 -0.120484 -0.642562 0.756702 -68.3816 0 0 0 1 
				1
				0.993587 -0.057536 0.0973404 -1.39007 -0.0214569 0.749282 0.661904 -16.1596 -0.111019 -0.659747 0.743242 -69.3143 0 0 0 1 
				2
				0.994325 -0.0934416 0.0508535 -0.111599 0.0337138 0.730159 0.682445 -17.4514 -0.1009 -0.676858 0.729165 -70.2884 0 0 0 1 
				3
				0.992042 -0.125872 0.00293149 1.1994 0.0879754 0.709648 0.699043 -18.6242 -0.0900699 -0.693222 0.715074 -71.2327 0 0 0 1 
				4
				0.987353 -0.152477 -0.0434037 2.46551 0.137718 0.689323 0.711244 -19.6384 -0.0785295 -0.708227 0.701604 -72.0794 0 0 0 1 
				5
				0.981535 -0.17141 -0.0848957 3.60454 0.179412 0.671072 0.719356 -20.4746 -0.0663339 -0.721304 0.689434 -72.7613 0 0 0 1 
				6
				0.976334 -0.181145 -0.118151 4.53175 0.209526 0.656888 0.724291 -21.1287 -0.0535893 -0.731905 0.679297 -73.2102 0 0 0 1 
				7
				0.973611 -0.180337 -0.139854 5.1648 0.224598 0.648548 0.727283 -21.6057 -0.0404541 -0.739502 0.671937 -73.3576 0 0 0 1 
				8
				0.974572 -0.16834 -0.147891 5.45151 0.222427 0.646857 0.729453 -21.9198 -0.0271319 -0.7438 0.667852 -73.1619 0 0 0 1 
				9
				0.978647 -0.146824 -0.143845 5.43214 0.205081 0.650467 0.731324 -22.106 -0.0138097 -0.745209 0.666689 -72.6682 0 0 0 1 
				10
				0.98441 -0.117913 -0.130513 5.17642 0.175888 0.657319 0.7328 -22.1931 -0.000618422 -0.744331 0.667811 -71.9471 0 0 0 1 
				11
				0.990322 -0.0836262 -0.110764 4.75561 0.138236 0.665438 0.733541 -22.2031 0.0123634 -0.741754 0.670558 -71.0688 0 0 0 1 
				12
				0.99511 -0.0460035 -0.0874068 4.23958 0.0955295 0.673185 0.733278 -22.1572 0.0251075 -0.738042 0.674288 -70.1009 0 0 0 1 
				13
				0.997973 -0.00725499 -0.0632205 3.69839 0.0513106 0.679362 0.732007 -22.0819 0.0376389 -0.733768 0.678357 -69.1112 0 0 0 1 
				14
				0.998704 0.0301706 -0.0409963 3.20369 0.00932808 0.683285 0.730092 -22.0127 0.0500394 -0.729528 0.682118 -68.1698 0 0 0 1 
				15
				0.997693 0.0637258 -0.0234198 2.82595 -0.0266468 0.684815 0.72823 -21.9922 0.0624453 -0.725926 0.684933 -67.347 0 0 0 1 
		</Joint>
			6
				-1
				-0.322957 0.167825 -0.931415 3.77173 -0.496233 0.807992 0.317649 -14.3751 0.805886 0.564786 -0.177666 -68.5296 0 0 0 1 
				0
				-0.298111 0.0561311 -0.95288 4.83057 -0.535158 0.816792 0.21554 -15.3613 0.790403 0.574195 -0.213455 -69.2818 0 0 0 1 
				1
				-0.263793 -0.0634662 -0.962489 6.03363 -0.575286 0.811291 0.104175 -16.3199 0.774247 0.581188 -0.250524 -70.1437 0 0 0 1 
				2
				-0.221731 -0.184172 -0.957557 7.31761 -0.614089 0.789179 -0.00958918 -17.1995 0.75745 0.585899 -0.288084 -71.0423 0 0 0 1 
				3
				-0.174506 -0.299093 -0.938132 8.61155 -0.649548 0.751012 -0.11861 -17.9669 0.740024 0.588664 -0.325331 -71.9057 0 0 0 1 
				4
				-0.125367 -0.402252 -0.906905 9.84263 -0.68049 0.700063 -0.216441 -18.6094 0.721954 0.590005 -0.361493 -72.6661 0 0 0 1 
				5
				-0.0781176 -0.489165 -0.868686 10.9382 -0.70669 0.641778 -0.297841 -19.1341 0.703197 0.590625 -0.395822 -73.257 0 0 0 1 
				6
				-0.0370149 -0.557052 -0.829653 11.8265 -0.728844 0.583043 -0.358954 -19.5632 0.683678 0.591401 -0.427585 -73.6105 0 0 0 1 
				7
				-0.00653039 -0.604809 -0.796343 12.4392 -0.748324 0.531194 -0.397296 -19.9276 0.663301 0.593329 -0.456062 -73.6599 0 0 0 1 
				8
				0.00995056 -0.633499 -0.77368 12.7331 -0.766665 0.491895 -0.412631 -20.2579 0.64197 0.597259 -0.480787 -73.3646 0 0 0 1 
				9
				0.0132289 -0.647697 -0.761784 12.7442 -0.784732 0.46543 -0.409353 -20.5737 0.619694 0.603211 -0.502111 -72.7714 0 0 0 1 
				10
				0.0056789 -0.651876 -0.758305 12.5316 -0.802555 0.449411 -0.392346 -20.879 0.596552 0.610809 -0.520614 -71.9518 0 0 0 1 
				11
				-0.00995042 -0.649596 -0.760215 12.1549 -0.819744 0.440674 -0.365822 -21.1703 0.572643 0.619542 -0.536887 -70.9764 0 0 0 1 
				12
				-0.030633 -0.643859 -0.764531 11.6747 -0.835869 0.435914 -0.333619 -21.4434 0.548073 0.628828 -0.551535 -69.9133 0 0 0 1 
				13
				-0.0529837 -0.637502 -0.768625 11.1549 -0.850718 0.431896 -0.299574 -21.6985 0.522945 0.638011 -0.565218 -68.83 0 0 0 1 
				14
				-0.0731716 -0.633404 -0.770353 10.6656 -0.864456 0.425482 -0.267733 -21.943 0.497355 0.646346 -0.578683 -67.796 0 0 0 1 
				15
				-0.0870739 -0.634357 -0.768121 10.2803 -0.877616 0.413696 -0.242167 -22.1913 0.471389 0.653029 -0.592744 -66.8805 0 0 0 1 
		</Joint>
			7
				-1
				-0.333876 0.144889 -0.931415 -1.20094 -0.551384 0.771411 0.317649 -22.0158 0.764528 0.619623 -0.177666 -56.1212 0 0 0 1 
				0
				-0.301149 0.0364641 -0.952879 0.240464 -0.58756 0.779945 0.21554 -23.6013 0.751054 0.624784 -0.213455 -57.1117 0 0 0 1 
				1
				-0.2594 -0.0795379 -0.962489 1.97192 -0.623998 0.774451 0.104175 -25.1778 0.737115 0.627614 -0.250524 -58.2224 0 0 0 1 
				2
				-0.210836 -0.196552 -0.957557 3.90355 -0.658217 0.752767 -0.00958918 -26.6548 0.722702 0.628259 -0.288084 -59.3796 0 0 0 1 
				3
				-0.158409 -0.307921 -0.938132 5.92463 -0.688439 0.71553 -0.11861 -27.9682 0.707784 0.627058 -0.325331 -60.5113 0 0 0 1 
				4
				-0.105583 -0.407892 -0.906905 7.91232 -0.713849 0.666013 -0.216441 -29.0871 0.692295 0.62454 -0.361493 -61.55 0 0 0 1 
				5
				-0.0562136 -0.492163 -0.868686 9.73539 -0.734622 0.609607 -0.297841 -30.0152 0.676144 0.621413 -0.395822 -62.4296 0 0 0 1 
				6
				-0.0144647 -0.558093 -0.829653 11.2566 -0.751819 0.553101 -0.358954 -30.7854 0.659211 0.618557 -0.427585 -63.0837 0 0 0 1 
				7
				0.0153886 -0.604649 -0.796343 12.3387 -0.76708 0.50373 -0.397296 -31.4498 0.641367 0.616973 -0.456062 -63.4468 0 0 0 1 
				8
				0.0302431 -0.632855 -0.77368 12.8863 -0.782032 0.467078 -0.412631 -32.0625 0.622504 0.617521 -0.480787 -63.48 0 0 0 1 
				9
				0.0312597 -0.647077 -0.761784 12.9479 -0.797388 0.443398 -0.409353 -32.6564 0.602657 0.620234 -0.502111 -63.2298 0 0 0 1 
				10
				0.0210955 -0.651559 -0.758305 12.619 -0.81296 0.430303 -0.392346 -33.2362 0.581938 0.624748 -0.520614 -62.7665 0 0 0 1 
				11
				0.00269066 -0.649666 -0.760215 12.0017 -0.828163 0.424641 -0.365822 -33.7922 0.56048 0.630566 -0.536887 -62.1592 0 0 0 1 
				12
				-0.0208029 -0.644251 -0.764531 11.203 -0.842425 0.423107 -0.333619 -34.3136 0.538412 0.63712 -0.551535 -61.4744 0 0 0 1 
				13
				-0.0459257 -0.638049 -0.768625 10.339 -0.855446 0.422455 -0.299574 -34.7973 0.515853 0.643759 -0.565218 -60.778 0 0 0 1 
				14
				-0.0688181 -0.633892 -0.770353 9.53897 -0.867359 0.419533 -0.267733 -35.2533 0.492902 0.649748 -0.578683 -60.138 0 0 0 1 
				15
				-0.0853769 -0.634587 -0.768121 8.93962 -0.87872 0.411347 -0.242167 -35.7043 0.46964 0.654288 -0.592744 -59.6224 0 0 0 1 
		</Joint>
			8
				-1
				0.095691 -0.0182577 -0.995244 -6.34174 -0.575317 0.814907 -0.0702652 -30.5056 0.812314 0.579304 0.0674753 -44.3495 0 0 0 1 
				0
				0.112384 -0.100325 -0.988587 -4.39643 -0.595862 0.789361 -0.147845 -32.6482 0.795185 0.605677 0.0289317 -45.5475 0 0 0 1 
				1
				0.140246 -0.186261 -0.972439 -2.02214 -0.61753 0.751258 -0.232957 -34.7856 0.773943 0.633181 -0.00966056 -46.8728 0 0 0 1 
				2
				0.177445 -0.269573 -0.94649 0.657244 -0.637941 0.700815 -0.319201 -36.7896 0.749363 0.660446 -0.0476151 -48.2519 0 0 0 1 
				3
				0.220853 -0.344553 -0.912418 3.48556 -0.655275 0.640494 -0.400478 -38.5683 0.722384 0.686331 -0.0843219 -49.6133 0 0 0 1 
				4
				0.266308 -0.407088 -0.873704 6.28663 -0.668881 0.574615 -0.47161 -40.0785 0.694031 0.709997 -0.119269 -50.8905 0 0 0 1 
				5
				0.308899 -0.454945 -0.835228 8.86985 -0.679599 0.508784 -0.528474 -41.3264 0.665377 0.730865 -0.152017 -52.0188 0 0 0 1 
				6
				0.343248 -0.487656 -0.802729 11.0339 -0.689736 0.449241 -0.567845 -42.3614 0.637531 0.748583 -0.182152 -52.9337 0 0 0 1 
				7
				0.363853 -0.506102 -0.781966 12.5756 -0.702551 0.402098 -0.587145 -43.2608 0.611583 0.763006 -0.209258 -53.5715 0 0 0 1 
				8
				0.366573 -0.512239 -0.776682 13.352 -0.72082 0.371449 -0.585187 -44.1037 0.588254 0.774362 -0.233069 -53.8951 0 0 0 1 
				9
				0.352372 -0.509345 -0.785113 13.4292 -0.744436 0.355843 -0.56497 -44.9341 0.567141 0.783546 -0.253785 -53.9505 0 0 0 1 
				10
				0.324091 -0.499902 -0.803158 12.9438 -0.771485 0.351692 -0.53021 -45.7536 0.547518 0.791461 -0.271687 -53.8062 0 0 0 1 
				11
				0.285052 -0.485599 -0.826401 12.0431 -0.799546 0.355054 -0.484421 -46.5437 0.528652 0.79883 -0.28705 -53.5293 0 0 0 1 
				12
				0.239033 -0.467929 -0.850827 10.8827 -0.82641 0.362012 -0.431269 -47.2846 0.509813 0.80622 -0.300168 -53.1843 0 0 0 1 
				13
				0.190392 -0.448654 -0.87319 9.63191 -0.85055 0.368769 -0.374933 -47.9689 0.490221 0.814076 -0.311391 -52.8353 0 0 0 1 
				14
				0.14412 -0.43004 -0.891233 8.47935 -0.871369 0.371688 -0.320255 -48.6083 0.468983 0.822748 -0.321156 -52.5487 0 0 0 1 
				15
				0.105559 -0.414699 -0.903815 7.62504 -0.889237 0.367458 -0.272458 -49.2342 0.445102 0.832466 -0.329977 -52.3911 0 0 0 1 
		</Joint>
			9
				-1
				-0.984336 0.0125497 -0.175857 -6.74127 0.119739 0.779713 -0.614581 -13.0963 0.129405 -0.626011 -0.769002 -67.1475 0 0 0 1 
				0
				-0.989968 -0.0210898 -0.13971 -5.74259 0.0738139 0.765944 -0.638656 -14.573 0.120479 -0.642562 -0.756703 -67.995 0 0 0 1 
				1
				-0.993587 -0.057536 -0.0973348 -4.57818 0.0214532 0.749282 -0.661904 -16.0907 0.111015 -0.659747 -0.743242 -68.958 0 0 0 1 
				2
				-0.994325 -0.0934416 -0.0508479 -3.30208 -0.0337176 0.730159 -0.682445 -17.5596 0.100896 -0.676858 -0.729166 -69.9646 0 0 0 1 
				3
				-0.992042 -0.125872 -0.00292594 -1.98376 -0.0879793 0.709648 -0.699042 -18.9065 0.0900659 -0.693222 -0.715075 -70.9437 0 0 0 1 
				4
				-0.987353 -0.152477 0.0434092 -0.702603 -0.137722 0.689323 -0.711243 -20.0803 0.0785256 -0.708226 -0.701605 -71.8274 0 0 0 1 
				5
				-0.981535 -0.17141 0.0849012 0.455098 -0.179416 0.671072 -0.719355 -21.0503 0.0663301 -0.721304 -0.689435 -72.5485 0 0 0 1 
				6
				-0.976333 -0.181145 0.118157 1.39899 -0.209531 0.656888 -0.724289 -21.801 0.0535855 -0.731905 -0.679297 -73.0382 0 0 0 1 
				7
				-0.97361 -0.180337 0.13986 2.04078 -0.224602 0.648548 -0.727282 -22.3264 0.0404504 -0.739502 -0.671937 -73.2278 0 0 0 1 
				8
				-0.974571 -0.16834 0.147896 2.32441 -0.222431 0.646857 -0.729452 -22.6335 0.0271282 -0.7438 -0.667852 -73.0749 0 0 0 1 
				9
				-0.978647 -0.146824 0.143851 2.29196 -0.205085 0.650467 -0.731323 -22.764 0.0138059 -0.745209 -0.666689 -72.6239 0 0 0 1 
				10
				-0.984409 -0.117913 0.130518 2.01775 -0.175893 0.657319 -0.732799 -22.7575 0.00061469 -0.744331 -0.667811 -71.9451 0 0 0 1 
				11
				-0.990322 -0.0836262 0.11077 1.57797 -0.13824 0.665438 -0.73354 -22.6467 -0.0123672 -0.741754 -0.670558 -71.1084 0 0 0 1 
				12
				-0.995109 -0.0460035 0.0874123 1.04658 -0.0955336 0.673185 -0.733277 -22.4637 -0.0251113 -0.738042 -0.674287 -70.1814 0 0 0 1 
				13
				-0.997973 -0.00725499 0.0632261 0.496195 -0.0513147 0.679362 -0.732007 -22.2466 -0.0376427 -0.733768 -0.678357 -69.232 0 0 0 1 
				14
				-0.998703 0.0301706 0.0410019 -0.000848445 -0.00933216 0.683285 -0.730092 -22.0426 -0.0500433 -0.729528 -0.682117 -68.3304 0 0 0 1 
				15
				-0.997692 0.0637258 0.0234254 -0.375336 0.0266427 0.684815 -0.72823 -21.9067 -0.0624491 -0.725926 -0.684932 -67.5474 0 0 0 1 
		</Joint>
			10
				-1
				0.0216078 -0.723576 -0.689906 -14.0958 0.461865 0.619241 -0.634997 -12.2016 0.886686 -0.304923 0.347575 -66.1806 0 0 0 1 
				0
				-0.0553468 -0.711655 -0.700345 -13.1392 0.418172 0.620419 -0.663485 -14.0214 0.90668 -0.329587 0.263256 -67.0948 0 0 0 1 
				1
				-0.132448 -0.69775 -0.703991 -12.0019 0.364895 0.626044 -0.689145 -15.9304 0.92158 -0.348159 0.171687 -68.1286 0 0 0 1 
				2
				-0.205905 -0.684017 -0.699803 -10.7313 0.302736 0.635519 -0.710258 -17.8115 0.930566 -0.358101 0.0762206 -69.2108 0 0 0 1 
				3
				-0.272388 -0.672602 -0.688048 -9.39591 0.233621 0.647458 -0.72541 -19.5638 0.933395 -0.358336 -0.0192257 -70.2708 0 0 0 1 
				4
				-0.329506 -0.665194 -0.670032 -8.07972 0.160435 0.659896 -0.734029 -21.1093 0.930423 -0.349364 -0.110719 -71.2407 0 0 0 1 
				5
				-0.375932 -0.662765 -0.647624 -6.87855 0.0866921 0.670669 -0.736673 -22.3908 0.922583 -0.333083 -0.194669 -72.0529 0 0 0 1 
				6
				-0.411377 -0.665585 -0.622709 -5.89579 0.0161663 0.67776 -0.735106 -23.3665 0.911322 -0.312473 -0.268055 -72.6378 0 0 0 1 
				7
				-0.436469 -0.67331 -0.596782 -5.23366 -0.0474673 0.679606 -0.732039 -24.0045 0.898466 -0.291185 -0.328587 -72.9256 0 0 0 1 
				8
				-0.452815 -0.685122 -0.570585 -4.95721 -0.101868 0.675516 -0.730275 -24.2955 0.885766 -0.272555 -0.375675 -72.8722 0 0 0 1 
				9
				-0.46293 -0.699696 -0.544171 -5.02011 -0.147797 0.666251 -0.730935 -24.2963 0.873986 -0.257945 -0.41184 -72.5208 0 0 0 1 
				10
				-0.468822 -0.715862 -0.517444 -5.33737 -0.186962 0.652963 -0.733952 -24.0717 0.86328 -0.24735 -0.439962 -71.9406 0 0 0 1 
				11
				-0.471902 -0.732749 -0.490294 -5.82133 -0.221266 0.636741 -0.738649 -23.6796 0.853434 -0.240085 -0.462611 -71.2008 0 0 0 1 
				12
				-0.473171 -0.749698 -0.462668 -6.38849 -0.252633 0.618593 -0.743988 -23.1775 0.84397 -0.235149 -0.482099 -70.3691 0 0 0 1 
				13
				-0.47337 -0.766201 -0.434577 -6.96027 -0.283019 0.59949 -0.748673 -22.63 0.834159 -0.231406 -0.50063 -69.5132 0 0 0 1 
				14
				-0.473059 -0.781854 -0.406103 -7.46277 -0.314443 0.580414 -0.751162 -22.1123 0.823007 -0.227648 -0.520418 -68.7043 0 0 0 1 
				15
				-0.472588 -0.796382 -0.377407 -7.82971 -0.348914 0.562334 -0.749693 -21.7077 0.809271 -0.222614 -0.543621 -68.014 0 0 0 1 
		</Joint>
			11
				-1
				0.596422 -0.410256 -0.689907 -13.7631 -0.226496 0.738566 -0.634996 -5.09013 0.770052 0.534986 0.347576 -52.528 0 0 0 1 
				0
				0.572646 -0.426137 -0.700345 -13.9914 -0.302066 0.684502 -0.663485 -7.58271 0.762123 0.591493 0.263256 -53.1344 0 0 0 1 
				1
				0.555297 -0.442767 -0.70399 -14.0412 -0.3834 0.614885 -0.689145 -10.312 0.738004 0.65259 0.171687 -53.9387 0 0 0 1 
				2
				0.546899 -0.459539 -0.699803 -13.9017 -0.464073 0.529311 -0.710258 -13.1502 0.696805 0.713199 0.0762206 -54.8826 0 0 0 1 
				3
				0.5487 -0.474888 -0.688048 -13.59 -0.537412 0.43008 -0.72541 -15.9667 0.640404 0.767798 -0.0192257 -55.899 0 0 0 1 
				4
				0.560151 -0.487121 -0.670033 -13.1532 -0.597814 0.322214 -0.734028 -18.639 0.573455 0.811721 -0.110719 -56.9147 0 0 0 1 
				5
				0.578938 -0.495394 -0.647624 -12.6669 -0.64184 0.212966 -0.736673 -21.056 0.502864 0.842159 -0.194669 -57.8476 0 0 0 1 
				6
				0.601484 -0.500451 -0.622708 -12.2299 -0.668831 0.110831 -0.735107 -23.1176 0.4369 0.858642 -0.268055 -58.6059 0 0 0 1 
				7
				0.623698 -0.504829 -0.596781 -11.9541 -0.680831 0.0242356 -0.73204 -24.7354 0.384018 0.862879 -0.328587 -59.0916 0 0 0 1 
				8
				0.642134 -0.511954 -0.570585 -11.9293 -0.681899 -0.0413842 -0.730275 -25.864 0.350254 0.858015 -0.375675 -59.2337 0 0 0 1 
				9
				0.655674 -0.523422 -0.544171 -12.148 -0.676769 -0.0878561 -0.730935 -26.572 0.334778 0.847532 -0.41184 -59.0637 0 0 0 1 
				10
				0.664447 -0.539223 -0.517444 -12.556 -0.668596 -0.119557 -0.733952 -26.9504 0.3339 0.833634 -0.439962 -58.6484 0 0 0 1 
				11
				0.669104 -0.55849 -0.490294 -13.0874 -0.659131 -0.141223 -0.738649 -27.0865 0.343287 0.817401 -0.462611 -58.0602 0 0 0 1 
				12
				0.67065 -0.5798 -0.462668 -13.6741 -0.649378 -0.157444 -0.743988 -27.0674 0.35852 0.799402 -0.4821 -57.3742 0 0 0 1 
				13
				0.670479 -0.601332 -0.434578 -14.2489 -0.640072 -0.172614 -0.748673 -26.9877 0.375187 0.780131 -0.50063 -56.6694 0 0 0 1 
				14
				0.670455 -0.620943 -0.406103 -14.7466 -0.631882 -0.190998 -0.751162 -26.9539 0.388864 0.760229 -0.520418 -56.0322 0 0 0 1 
				15
				0.672848 -0.636269 -0.377407 -15.1063 -0.625335 -0.2166 -0.749693 -27.08 0.395261 0.740436 -0.543621 -55.5534 0 0 0 1 
		</Joint>
			12
				-1
				0.302948 0.29003 0.907803 -4.57985 -0.929591 -0.119934 0.348536 -8.57755 0.209962 -0.949473 0.233275 -40.6713 0 0 0 1 
				0
				0.336441 0.245855 0.909045 -5.17422 -0.928021 -0.0774011 0.364397 -12.2337 0.15995 -0.966211 0.202118 -41.3997 0 0 0 1 
				1
				0.382633 0.195051 0.903076 -5.49114 -0.919101 -0.0191403 0.393556 -16.2154 0.0940487 -0.980606 0.171948 -42.5754 0 0 0 1 
				2
				0.439332 0.138081 0.887649 -5.48089 -0.898154 0.0482434 0.437026 -20.2957 0.0175219 -0.989245 0.145213 -44.1536 0 0 0 1 
				3
				0.50245 0.0761424 0.861247 -5.14146 -0.862349 0.116064 0.492832 -24.2414 -0.0624343 -0.990319 0.123978 -46.0385 0 0 0 1 
				4
				0.566767 0.0117517 0.823795 -4.52842 -0.812271 0.175219 0.556339 -27.8437 -0.137806 -0.984459 0.108854 -48.085 0 0 0 1 
				5
				0.626954 -0.0510406 0.777382 -3.7528 -0.752701 0.217664 0.62134 -30.9386 -0.200922 -0.974688 0.0980471 -50.1048 0 0 0 1 
				6
				0.678674 -0.10695 0.726612 -2.96864 -0.692246 0.237357 0.681512 -33.4158 -0.245354 -0.965517 0.0870523 -51.8788 0 0 0 1 
				7
				0.719242 -0.150324 0.678301 -2.35084 -0.64166 0.230616 0.731498 -35.2183 -0.266389 -0.961363 0.0694119 -53.1788 0 0 0 1 
				8
				0.748086 -0.177208 0.639503 -2.0422 -0.609693 0.196932 0.767784 -36.3634 -0.261996 -0.964269 0.0392801 -53.8408 0 0 0 1 
				9
				0.767151 -0.188375 0.613183 -2.05237 -0.596633 0.141552 0.789932 -36.9924 -0.235601 -0.971843 -0.00379849 -53.909 0 0 0 1 
				10
				0.77813 -0.186863 0.599664 -2.32527 -0.598185 0.0706786 0.798236 -37.245 -0.191544 -0.97984 -0.0567813 -53.5072 0 0 0 1 
				11
				0.782091 -0.176444 0.597662 -2.78494 -0.608583 -0.0100115 0.793427 -37.2353 -0.134012 -0.98426 -0.115211 -52.7745 0 0 0 1 
				12
				0.780071 -0.16099 0.604625 -3.34786 -0.622031 -0.0951748 0.777187 -37.0661 -0.0675742 -0.982356 -0.174384 -51.8539 0 0 0 1 
				13
				0.773792 -0.144048 0.616844 -3.92532 -0.633435 -0.17973 0.752634 -36.8431 0.00244974 -0.973112 -0.230319 -50.8926 0 0 0 1 
				14
				0.766206 -0.128458 0.629624 -4.4234 -0.638773 -0.258958 0.724506 -36.6832 0.0699772 -0.957308 -0.280471 -50.0447 0 0 0 1 
				15
				0.761495 -0.115941 0.637717 -4.74624 -0.635256 -0.328917 0.698758 -36.7085 0.128741 -0.937215 -0.324121 -49.4674 0 0 0 1 
		</Joint>
			13
				-1
				5.16276e-07 -3.80458e-07 -1 -5.75585 -0.0871562 -0.996195 3.34013e-07 -15.3635 -0.996195 0.0871562 -5.47471e-07 -69.9517 0 0 0 1 
				0
				0.00700829 0.0420068 -0.999093 -4.62608 -0.0868739 -0.995314 -0.0424573 -16.8478 -0.996195 0.0870927 -0.00332616 -70.7433 0 0 0 1 
				1
				0.0144902 0.0899184 -0.995843 -3.31279 -0.0859432 -0.992151 -0.0908354 -18.3601 -0.996195 0.0869022 -0.00664854 -71.6457 0 0 0 1 
				2
				0.0220646 0.139981 -0.989908 -1.87854 -0.0843168 -0.986361 -0.141359 -19.8098 -0.996195 0.086585 -0.00996088 -72.5886 0 0 0 1 
				3
				0.0293627 0.188469 -0.98164 -0.40207 -0.0820613 -0.978294 -0.190281 -21.1257 -0.996195 0.0861419 -0.0132593 -73.5027 0 0 0 1 
				4
				0.0360572 0.231889 -0.972074 1.02802 -0.0793482 -0.968971 -0.234092 -22.2609 -0.996195 0.085573 -0.0165384 -74.3224 0 0 0 1 
				5
				0.041869 0.266901 -0.962814 2.31648 -0.0764407 -0.959979 -0.269439 -23.1914 -0.996195 0.0848793 -0.0197913 -74.9828 0 0 0 1 
				6
				0.0465722 0.290223 -0.955826 3.36432 -0.0736689 -0.95326 -0.293033 -23.9104 -0.996195 0.0840618 -0.023015 -75.4178 0 0 0 1 
				7
				0.0499915 0.298622 -0.953061 4.07502 -0.0713938 -0.950745 -0.301641 -24.4217 -0.996195 0.0831222 -0.0262094 -75.5615 0 0 0 1 
				8
				0.0520615 0.290047 -0.955595 4.38733 -0.0699 -0.953488 -0.293216 -24.7397 -0.996195 0.0820614 -0.0293656 -75.3734 0 0 0 1 
				9
				0.0530118 0.266533 -0.962367 4.34775 -0.0691813 -0.960426 -0.269807 -24.9043 -0.996195 0.0808807 -0.0324748 -74.8972 0 0 0 1 
				10
				0.0531321 0.231314 -0.971427 4.03778 -0.0690881 -0.969619 -0.234662 -24.9497 -0.996195 0.0795821 -0.0355369 -74.201 0 0 0 1 
				11
				0.0526804 0.187674 -0.980818 3.5408 -0.0694336 -0.979116 -0.191078 -24.9018 -0.996195 0.0781678 -0.0385493 -73.3528 0 0 0 1 
				12
				0.0518928 0.138945 -0.98894 2.93822 -0.0700246 -0.98733 -0.142394 -24.7864 -0.996195 0.0766393 -0.0415057 -72.4179 0 0 0 1 
				13
				0.0510096 0.0886343 -0.994757 2.31077 -0.0706706 -0.993237 -0.0921227 -24.6359 -0.996195 0.0749992 -0.0444008 -71.4621 0 0 0 1 
				14
				0.0502887 0.0404667 -0.997914 1.73985 -0.0711857 -0.996492 -0.0439964 -24.4928 -0.996194 0.0732497 -0.0472317 -70.5533 0 0 0 1 
				15
				0.049992 -0.00178819 -0.998748 1.3044 -0.0713937 -0.997447 -0.00178773 -24.4084 -0.996195 0.0713937 -0.049992 -69.7599 0 0 0 1 
		</Joint>
			14
		</Joint>
			15
				-1
				0.161511 -0.374778 0.912938 3.75488 -0.648329 -0.737744 -0.18816 0.22081 0.744033 -0.561494 -0.362133 -37.8455 0 0 0 1 
				0
				0.191887 -0.280004 0.940626 3.95416 -0.588618 -0.799754 -0.117992 -0.239615 0.785308 -0.531029 -0.318278 -38.9291 0 0 0 1 
				1
				0.210583 -0.169673 0.962739 4.13975 -0.52572 -0.849946 -0.0348017 -0.717795 0.824181 -0.498802 -0.268185 -40.1511 0 0 0 1 
				2
				0.216827 -0.0508193 0.974886 4.29818 -0.462945 -0.884561 0.0568542 -1.19384 0.859458 -0.463647 -0.215324 -41.4278 0 0 0 1 
				3
				0.211578 0.0686422 0.974948 4.42113 -0.403057 -0.902629 0.15102 -1.65087 0.890382 -0.424912 -0.16331 -42.6758 0 0 0 1 
				4
				0.197097 0.180971 0.963536 4.50618 -0.3476 -0.906067 0.241281 -2.07441 0.916693 -0.382481 -0.115678 -43.8143 0 0 0 1 
				5
				0.176446 0.279241 0.94387 4.55627 -0.296569 -0.899274 0.321487 -2.45056 0.93857 -0.336648 -0.0758594 -44.7622 0 0 0 1 
				6
				0.153113 0.35766 0.921214 4.57878 -0.248341 -0.888364 0.386182 -2.76432 0.956495 -0.287905 -0.0471986 -45.4362 0 0 0 1 
				7
				0.130827 0.411717 0.901872 4.58386 -0.200051 -0.880015 0.430759 -2.99951 0.971012 -0.236775 -0.0327654 -45.7526 0 0 0 1 
				8
				0.113054 0.439509 0.891095 4.58189 -0.148531 -0.879292 0.452532 -3.14559 0.982424 -0.183515 -0.0341267 -45.6594 0 0 0 1 
				9
				0.101439 0.44516 0.889687 4.57963 -0.0924523 -0.886211 0.453963 -3.21398 0.990537 -0.128303 -0.0487402 -45.2087 0 0 0 1 
				10
				0.096758 0.434089 0.895659 4.57928 -0.0322333 -0.898042 0.438727 -3.22278 0.994786 -0.0713204 -0.0729006 -44.484 0 0 0 1 
				11
				0.0990569 0.411447 0.906035 4.58052 0.0307944 -0.911345 0.410491 -3.19014 0.994605 -0.0127611 -0.102945 -43.5688 0 0 0 1 
				12
				0.10742 0.382216 0.917809 4.5822 0.0949053 -0.922877 0.373218 -3.13367 0.989674 0.047014 -0.135409 -42.544 0 0 0 1 
				13
				0.119715 0.351457 0.928518 4.58339 0.158431 -0.930022 0.331599 -3.07098 0.980086 0.107408 -0.16702 -41.4905 0 0 0 1 
				14
				0.132446 0.324317 0.93663 4.58382 0.220112 -0.930984 0.291236 -3.02021 0.966441 0.167591 -0.194691 -40.4917 0 0 0 1 
				15
				0.140951 0.305598 0.94167 4.58386 0.279283 -0.924808 0.258322 -2.99951 0.949807 0.226582 -0.215701 -39.6313 0 0 0 1 
		</Joint>
			16
				-1
				0.384932 -0.135544 0.912938 6.98468 0.102303 -0.976796 -0.18816 -12.7441 0.917258 0.165825 -0.362133 -22.9667 0 0 0 1 
				0
				0.333798 -0.0616565 0.940626 7.7914 0.151211 -0.981434 -0.117991 -12.0105 0.930438 0.181618 -0.318278 -23.225 0 0 0 1 
				1
				0.269851 0.0177366 0.962739 8.35087 0.188666 -0.981425 -0.0348013 -11.2308 0.944238 0.191027 -0.268185 -23.6696 0 0 0 1 
				2
				0.198761 0.100453 0.974886 8.63416 0.213993 -0.975179 0.0568544 -10.4516 0.9564 0.197319 -0.215324 -24.2409 0 0 0 1 
				3
				0.126226 0.183151 0.974948 8.65215 0.228898 -0.961664 0.15102 -9.71097 0.965232 0.204101 -0.16331 -24.8705 0 0 0 1 
				4
				0.0569681 0.261444 0.963536 8.44762 0.237422 -0.940964 0.241282 -9.02552 0.969735 0.21502 -0.115678 -25.4828 0 0 0 1 
				5
				-0.00573881 0.330266 0.94387 8.08475 0.245582 -0.914514 0.321487 -8.38117 0.969359 0.233643 -0.0758594 -25.9932 0 0 0 1 
				6
				-0.0599692 0.384406 0.921214 7.64065 0.260814 -0.884782 0.386182 -7.7305 0.963525 0.263424 -0.0471986 -26.3087 0 0 0 1 
				7
				-0.104437 0.419189 0.901872 7.20007 0.290996 -0.854265 0.430759 -7.00001 0.951007 0.307428 -0.0327654 -26.3349 0 0 0 1 
				8
				-0.138002 0.432325 0.891095 6.84268 0.341846 -0.823624 0.452532 -6.11582 0.929568 0.367067 -0.0341267 -26.0134 0 0 0 1 
				9
				-0.160783 0.427324 0.889687 6.60815 0.411431 -0.790344 0.453962 -5.06279 0.897148 0.439034 -0.0487403 -25.4005 0 0 0 1 
				10
				-0.172652 0.409863 0.895658 6.51419 0.494057 -0.750617 0.438728 -3.86736 0.852114 0.518254 -0.0729006 -24.5908 0 0 0 1 
				11
				-0.173883 0.385831 0.906035 6.5614 0.582856 -0.701268 0.410491 -2.57433 0.793753 0.599465 -0.102945 -23.6792 0 0 0 1 
				12
				-0.166132 0.360594 0.917809 6.73032 0.67079 -0.640897 0.373218 -1.23581 0.722801 0.67766 -0.135409 -22.753 0 0 0 1 
				13
				-0.152951 0.338319 0.928518 6.97739 0.751513 -0.570325 0.3316 0.0972245 0.641743 0.748512 -0.16702 -21.8913 0 0 0 1 
				14
				-0.139697 0.32126 0.936631 7.2324 0.820164 -0.492457 0.291236 1.38147 0.554812 0.808875 -0.194691 -21.1654 0 0 0 1 
				15
				-0.132671 0.309282 0.94167 7.40251 0.873987 -0.411602 0.258322 2.58544 0.467488 0.857279 -0.215701 -20.6376 0 0 0 1 
		</Joint>
			17
				-1
				-2.39672e-09 -0.0700173 0.997546 14.6823 1.96556e-06 -0.997546 -0.0700173 -10.6983 1 1.96057e-06 1.40014e-07 -4.62393 0 0 0 1 
				0
				-0.00150821 -0.087187 0.996191 14.4665 -0.00404075 -0.996183 -0.0871924 -8.98664 0.999991 -0.00415686 0.00115015 -4.61861 0 0 0 1 
				1
				-0.00452439 -0.0870703 0.996192 13.7472 -0.0140623 -0.996098 -0.0871259 -7.45801 0.999891 -0.0144029 0.00328233 -4.78722 0 0 0 1 
				2
				-0.00726934 -0.0869474 0.996186 12.6089 -0.0266523 -0.995842 -0.0871118 -6.17225 0.999618 -0.0271839 0.00492177 -5.11531 0 0 0 1 
				3
				-0.00861772 -0.0868457 0.996185 11.1763 -0.0381651 -0.995467 -0.0871134 -5.13359 0.999234 -0.0387702 0.00526418 -5.56831 0 0 0 1 
				4
