<?xml version='1.0' encoding='UTF-8' ?>
<itpanim>
	<skeleton count>
		25
			0 -1
			1.37091e-06 -1 -6.12323e-17 1.44664e-05 1 1.37091e-06 -6.12323e-17 -3.33788e-06 6.12323e-17 -6.12323e-17 1 44.5 0 0 0 1 
			1 0
			1.3868e-06 4.78456e-08 -1 -44.5 2.75771e-06 -1 -4.78418e-08 1.44666e-05 -1 -2.75771e-06 -1.3868e-06 -5.83747e-05 0 0 0 1 
			2 1
			1.40269e-06 -0.000796318 -1 -49.6773 0 -1 0.000796318 0.0514213 -1 -1.11699e-09 -1.40269e-06 3.19526e-06 0 0 0 1 
			3 2
			1.40269e-06 -0.000796318 -1 -64.5592 0 -1 0.000796318 0.0632714 -1 -1.11699e-09 -1.40269e-06 3.16239e-06 0 0 0 1 
			4 3
			1.40269e-06 -0.000796318 -1 -79.4411 0 -1 0.000796318 0.06596 -1 -1.11699e-09 -1.40269e-06 3.15493e-06 0 0 0 1 
			5 4
			1 1.37091e-06 4.37113e-08 -1.60435 -1.37091e-06 1 3.58059e-15 -1.09939e-05 -4.37113e-08 -6.35048e-14 1 79.4411 0 0 0 1 
			6 5
			0.995014 0.0902305 0.042489 -5.65533 -0.0897157 0.995871 -0.0138741 -0.287945 -0.0435655 0.00999304 0.999001 79.7571 0 0 0 1 
			7 6
			0.994845 -0.0912189 0.0442967 -20.654 0.0915704 0.995781 -0.00596753 -4.08763 -0.0435655 0.00999304 0.999001 79.7571 0 0 0 1 
			8 7
			0.994845 -0.0912189 0.0442967 -36.0513 -0.0434925 0.0107859 0.998995 79.7539 -0.091605 -0.995772 0.00676301 4.15114 0 0 0 1 
			9 4
			-1 -1.37091e-06 4.37114e-08 -1.60434 -1.37091e-06 1 3.84662e-15 -1.09939e-05 -4.37115e-08 -5.60777e-14 -1 -79.4411 0 0 0 1 
			10 9
			-0.995014 0.0902277 0.042489 -5.65533 0.089713 0.995871 -0.0138741 -0.287946 -0.0435654 -0.00999315 -0.999001 -79.7571 0 0 0 1 
			11 10
			-0.994845 -0.0912216 0.0442967 -20.654 -0.0915731 0.995781 -0.00596753 -4.08763 -0.0435654 -0.00999315 -0.999001 -79.7571 0 0 0 1 
			12 11
			-0.994845 -0.0912216 0.0442967 -36.0513 0.0434925 0.0107861 0.998995 79.7539 -0.0916078 0.995772 -0.00676301 -4.15114 0 0 0 1 
			13 4
			1.34309e-06 -5.95475e-08 -1 -82.8177 -1.40269e-06 -1 5.95456e-08 1.08462e-05 -1 1.40269e-06 -1.34309e-06 -0.000107894 0 0 0 1 
			14 13
			1 -0 0 0 0 1 0 0 -0 -0 1 -0 0 0 0 1 
			15 2
			1.37369e-06 -0.0998334 0.995004 44.2777 0 -0.995004 -0.0998334 -4.44257 1 1.3714e-07 -1.36683e-06 -4.58386 0 0 0 1 
			16 15
			1.37369e-06 0.0998334 0.995004 24.6789 0 -0.995004 0.0998334 0.469723 1 -1.3714e-07 -1.36683e-06 -4.58386 0 0 0 1 
			17 16
			1.3716e-06 -6.00745e-14 1 4.70494 0 -1 -6.00745e-14 1.29981e-05 1 8.23984e-20 -1.3716e-06 -4.58386 0 0 0 1 
			18 17
			1.3723e-06 -1 -6.00133e-14 -6.78409 0 6.00133e-14 -1 -0.105526 1 1.3723e-06 8.23562e-20 -4.58386 0 0 0 1 
			19 18
			1 -0 0 0 0 1 0 0 -0 -0 1 -0 0 0 0 1 
			20 2
			1.37369e-06 -0.0998334 0.995004 44.2777 0 -0.995004 -0.0998334 -4.44257 1 1.3714e-07 -1.36683e-06 4.58386 0 0 0 1 
			21 20
			1.37369e-06 0.0998334 0.995004 24.6789 0 -0.995004 0.0998334 0.469723 1 -1.3714e-07 -1.36683e-06 4.58386 0 0 0 1 
			22 21
			1.3716e-06 -6.00745e-14 1 4.70494 0 -1 -6.00745e-14 1.29981e-05 1 8.23984e-20 -1.3716e-06 4.58386 0 0 0 1 
			23 22
			1.3723e-06 -1 5.98908e-14 -6.78409 0 -5.98908e-14 -1 -0.105526 1 1.3723e-06 -8.21882e-20 4.58386 0 0 0 1 
			24 23
			1 -0 0 0 0 1 0 0 -0 -0 1 -0 0 0 0 1 
	</skeleton>
		<animations>
			49
			0
				-1
				-0.573575 0.819153 0 3.33786e-06 -0.819153 -0.573575 -0 8.68908e-07 -0 -0 1 -41.2901 0 0 0 1 
				0
				-0.431023 0.902341 -2.53221e-33 3.33786e-06 -0.902341 -0.431023 -1.24504e-32 -0.598012 -1.2326e-32 -3.08149e-33 1 -42.3023 0 0 0 1 
				1
				-0.268171 0.963371 2.96862e-33 3.33786e-06 -0.963371 -0.268171 -8.26366e-34 -1.2282 -0 -3.08149e-33 1 -43.3689 0 0 0 1 
				2
				-0.114083 0.993471 -1.40618e-33 3.33786e-06 -0.993471 -0.114083 -1.22455e-32 -1.79698 -1.2326e-32 -0 1 -44.3316 0 0 0 1 
				3
				1.33158e-06 1 0 3.33786e-06 -1 1.33158e-06 0 -2.21077 -0 -0 1 -45.0319 0 0 0 1 
				4
				0.0404892 0.99918 0 3.33786e-06 -0.99918 0.0404892 0 -2.35734 -0 -0 1 -45.28 0 0 0 1 
				5
				0.023861 0.999715 -1.92538e-34 3.33786e-06 -0.999715 0.023861 -4.59546e-36 -2.29712 -0 1.92593e-34 1 -45.1781 0 0 0 1 
				6
				0.00208925 0.999998 1.6779e-36 3.33786e-06 -0.999998 0.00208925 -1.2326e-32 -2.21832 -1.2326e-32 2.40741e-35 1 -45.0447 0 0 0 1 
				7
				1.33158e-06 1 0 3.33786e-06 -1 1.33158e-06 0 -2.21077 -0 -0 1 -45.0319 0 0 0 1 
				8
				1.33158e-06 1 0 3.33786e-06 -1 1.33158e-06 0 -2.21077 -0 -0 1 -45.0319 0 0 0 1 
				9
				1.33158e-06 1 0 3.33786e-06 -1 1.33158e-06 0 -2.21077 -0 -0 1 -45.0319 0 0 0 1 
				10
				1.33158e-06 1 0 3.33786e-06 -1 1.33158e-06 0 -2.21077 -0 -0 1 -45.0319 0 0 0 1 
				11
				1.33158e-06 1 0 3.33786e-06 -1 1.33158e-06 0 -2.21077 -0 -0 1 -45.0319 0 0 0 1 
				12
				1.33158e-06 1 0 3.33786e-06 -1 1.33158e-06 0 -2.21077 -0 -0 1 -45.0319 0 0 0 1 
				13
				1.33158e-06 1 0 3.33786e-06 -1 1.33158e-06 0 -2.21077 -0 -0 1 -45.0319 0 0 0 1 
				14
				1.33158e-06 1 0 3.33786e-06 -1 1.33158e-06 0 -2.21077 -0 -0 1 -45.0319 0 0 0 1 
				15
				1.33158e-06 1 0 3.33786e-06 -1 1.33158e-06 0 -2.21077 -0 -0 1 -45.0319 0 0 0 1 
				16
				1.33158e-06 1 0 3.33786e-06 -1 1.33158e-06 0 -2.21077 -0 -0 1 -45.0319 0 0 0 1 
				17
				1.33158e-06 1 0 3.33786e-06 -1 1.33158e-06 0 -2.21077 -0 -0 1 -45.0319 0 0 0 1 
				18
				1.33158e-06 1 0 3.33786e-06 -1 1.33158e-06 0 -2.21077 -0 -0 1 -45.0319 0 0 0 1 
				19
				1.33158e-06 1 0 3.33786e-06 -1 1.33158e-06 0 -2.21077 -0 -0 1 -45.0319 0 0 0 1 
				20
				-0.000109323 1 -5.95191e-37 3.33786e-06 -1 -0.000109323 -1.2326e-32 -2.21037 -1.2326e-32 -7.52316e-37 1 -45.0312 0 0 0 1 
				21
				-0.000380166 1 -1.67665e-36 3.33786e-06 -1 -0.000380166 -1.2326e-32 -2.20938 -1.2326e-32 -3.00927e-36 1 -45.0296 0 0 0 1 
				22
				-0.000715325 1 -2.79853e-36 3.33786e-06 -1 -0.000715325 -1.2326e-32 -2.20817 -1.2326e-32 -6.01853e-36 1 -45.0275 0 0 0 1 
				23
				-0.00101679 0.999999 -1.2533e-35 3.33786e-06 -0.999999 -0.00101679 -1.23259e-32 -2.20708 -1.2326e-32 -0 1 -45.0257 0 0 0 1 
				24
				-0.00119097 0.999999 -2.64273e-36 3.33786e-06 -0.999999 -0.00119097 -1.2326e-32 -2.20645 -1.2326e-32 -1.20371e-35 1 -45.0246 0 0 0 1 
				25
				-0.00114396 0.999999 -2.06335e-36 3.33786e-06 -0.999999 -0.00114396 -1.2326e-32 -2.20662 -1.2326e-32 -1.20371e-35 1 -45.0249 0 0 0 1 
				26
				-0.000778841 1 0 3.33786e-06 -1 -0.000778841 -0 -2.20794 -0 -0 1 -45.0271 0 0 0 1 
				27
				1.33158e-06 1 0 3.33786e-06 -1 1.33158e-06 0 -2.21077 -0 -0 1 -45.0319 0 0 0 1 
				28
				0.00488076 0.999988 4.81477e-35 3.33786e-06 -0.999988 0.00488076 2.35e-37 -2.22843 -0 -4.81482e-35 1 -45.0618 0 0 0 1 
				29
				0.0134759 0.999909 -2.64728e-35 3.33786e-06 -0.999909 0.0134759 -1.23274e-32 -2.25953 -1.2326e-32 1.92593e-34 1 -45.1145 0 0 0 1 
				30
				0.0237916 0.999717 0 3.33786e-06 -0.999717 0.0237916 0 -2.29687 -0 -0 1 -45.1777 0 0 0 1 
				31
				0.0309214 0.999522 -3.81136e-34 3.33786e-06 -0.999522 0.0309214 1.23201e-32 -2.32269 1.2326e-32 -0 1 -45.2213 0 0 0 1 
				32
				0.0341803 0.999416 0 3.33786e-06 -0.999416 0.0341803 0 -2.33449 -0 -0 1 -45.2413 0 0 0 1 
				33
				0.0372767 0.999305 3.84918e-34 3.33786e-06 -0.999305 0.0372767 1.43585e-35 -2.3457 -0 -3.85186e-34 1 -45.2603 0 0 0 1 
				34
				0.0399577 0.999201 1.07638e-34 3.33786e-06 -0.999201 0.0399577 -1.23315e-32 -2.35541 -1.2326e-32 3.85186e-34 1 -45.2767 0 0 0 1 
				35
				0.0419729 0.999119 -2.52337e-34 3.33786e-06 -0.999119 0.0419729 -1.23474e-32 -2.36271 -1.2326e-32 7.70372e-34 1 -45.2891 0 0 0 1 
				36
				0.0430782 0.999072 0 3.33786e-06 -0.999072 0.0430782 0 -2.36671 -0 -0 1 -45.2959 0 0 0 1 
				37
				0.0430306 0.999074 7.69658e-34 3.33786e-06 -0.999074 0.0430306 3.31496e-35 -2.36654 -0 -7.70372e-34 1 -45.2956 0 0 0 1 
				38
				0.0411294 0.999154 0 3.33786e-06 -0.999154 0.0411294 0 -2.35966 -0 -0 1 -45.2839 0 0 0 1 
				39
				0.0448468 0.998994 -3.84798e-34 3.33786e-06 -0.998994 0.0448468 -1.72744e-35 -2.37312 -0 3.85186e-34 1 -45.3067 0 0 0 1 
				40
				0.0573887 0.998352 0 3.33786e-06 -0.998352 0.0573887 0 -2.41857 -0 -0 1 -45.3836 0 0 0 1 
				41
				0.0645862 0.997912 0 3.33786e-06 -0.997912 0.0645862 0 -2.44467 -0 -0 1 -45.4278 0 0 0 1 
				42
				0.0507208 0.998713 3.8469e-34 3.33786e-06 -0.998713 0.0507208 1.95369e-35 -2.3944 -0 -3.85186e-34 1 -45.3427 0 0 0 1 
				43
				1.33158e-06 1 0 3.33786e-06 -1 1.33158e-06 0 -2.21077 -0 -0 1 -45.0319 0 0 0 1 
				44
				-0.108039 0.994147 0 3.33786e-06 -0.994147 -0.108039 -0 -1.819 -0 -0 1 -44.3688 0 0 0 1 
				45
				-0.262987 0.964799 0 3.33786e-06 -0.964799 -0.262987 -0 -1.24766 -0 -0 1 -43.4018 0 0 0 1 
				46
				-0.429231 0.903195 0 3.33786e-06 -0.903195 -0.429231 -0 -0.605192 -0 -0 1 -42.3144 0 0 0 1 
				47
				-0.573575 0.819153 0 3.33786e-06 -0.819153 -0.573575 -0 8.68908e-07 -0 -0 1 -41.2901 0 0 0 1 
		</Joint>
			1
				-1
				1.33158e-06 -0.573574 -0.819154 3.33786e-06 0 -0.819154 0.573574 8.68908e-07 -1 -7.6376e-07 -1.09077e-06 -41.2901 0 0 0 1 
				0
				1.33158e-06 -0.431021 -0.902342 3.33786e-06 0 -0.902342 0.431021 -0.598012 -1 -5.7394e-07 -1.20154e-06 -42.3023 0 0 0 1 
				1
				1.33158e-06 -0.26817 -0.963372 3.33786e-06 0 -0.963372 0.26817 -1.2282 -1 -3.5709e-07 -1.28281e-06 -43.3689 0 0 0 1 
				2
				1.33158e-06 -0.114082 -0.993471 3.33786e-06 0 -0.993471 0.114082 -1.79698 -1 -1.51909e-07 -1.32289e-06 -44.3316 0 0 0 1 
				3
				1.33158e-06 2.66316e-06 -1 3.33786e-06 0 -1 -2.66316e-06 -2.21077 -1 3.54621e-12 -1.33158e-06 -45.0319 0 0 0 1 
				4
				1.33158e-06 0.0404905 -0.99918 3.33786e-06 0 -0.99918 -0.0404905 -2.35734 -1 5.39164e-08 -1.33049e-06 -45.28 0 0 0 1 
				5
				1.33158e-06 0.0238623 -0.999715 3.33786e-06 0 -0.999715 -0.0238623 -2.29712 -1 3.17746e-08 -1.3312e-06 -45.1781 0 0 0 1 
				6
				1.33158e-06 0.00209058 -0.999998 3.33786e-06 0 -0.999998 -0.00209058 -2.21832 -1 2.78378e-09 -1.33158e-06 -45.0447 0 0 0 1 
				7
				1.33158e-06 2.66316e-06 -1 3.33786e-06 0 -1 -2.66316e-06 -2.21077 -1 3.54621e-12 -1.33158e-06 -45.0319 0 0 0 1 
				8
				1.33158e-06 2.66316e-06 -1 3.33786e-06 0 -1 -2.66316e-06 -2.21077 -1 3.54621e-12 -1.33158e-06 -45.0319 0 0 0 1 
				9
				1.33158e-06 2.66316e-06 -1 3.33786e-06 0 -1 -2.66316e-06 -2.21077 -1 3.54621e-12 -1.33158e-06 -45.0319 0 0 0 1 
				10
				1.33158e-06 2.66316e-06 -1 3.33786e-06 0 -1 -2.66316e-06 -2.21077 -1 3.54621e-12 -1.33158e-06 -45.0319 0 0 0 1 
				11
				1.33158e-06 2.66316e-06 -1 3.33786e-06 0 -1 -2.66316e-06 -2.21077 -1 3.54621e-12 -1.33158e-06 -45.0319 0 0 0 1 
				12
				1.33158e-06 2.66316e-06 -1 3.33786e-06 0 -1 -2.66316e-06 -2.21077 -1 3.54621e-12 -1.33158e-06 -45.0319 0 0 0 1 
				13
				1.33158e-06 2.66316e-06 -1 3.33786e-06 0 -1 -2.66316e-06 -2.21077 -1 3.54621e-12 -1.33158e-06 -45.0319 0 0 0 1 
				14
				1.33158e-06 2.66316e-06 -1 3.33786e-06 0 -1 -2.66316e-06 -2.21077 -1 3.54621e-12 -1.33158e-06 -45.0319 0 0 0 1 
				15
				1.33158e-06 2.66316e-06 -1 3.33786e-06 0 -1 -2.66316e-06 -2.21077 -1 3.54621e-12 -1.33158e-06 -45.0319 0 0 0 1 
				16
				1.33158e-06 2.66316e-06 -1 3.33786e-06 0 -1 -2.66316e-06 -2.21077 -1 3.54621e-12 -1.33158e-06 -45.0319 0 0 0 1 
				17
				1.33158e-06 2.66316e-06 -1 3.33786e-06 0 -1 -2.66316e-06 -2.21077 -1 3.54621e-12 -1.33158e-06 -45.0319 0 0 0 1 
				18
				1.33158e-06 2.66316e-06 -1 3.33786e-06 0 -1 -2.66316e-06 -2.21077 -1 3.54621e-12 -1.33158e-06 -45.0319 0 0 0 1 
				19
				1.33158e-06 2.66316e-06 -1 3.33786e-06 0 -1 -2.66316e-06 -2.21077 -1 3.54621e-12 -1.33158e-06 -45.0319 0 0 0 1 
				20
				1.33158e-06 -0.000107991 -1 3.33786e-06 0 -1 0.000107991 -2.21037 -1 -1.43799e-10 -1.33158e-06 -45.0312 0 0 0 1 
				21
				1.33158e-06 -0.000378835 -1 3.33786e-06 0 -1 0.000378835 -2.20938 -1 -5.04449e-10 -1.33158e-06 -45.0296 0 0 0 1 
				22
				1.33158e-06 -0.000713993 -1 3.33786e-06 0 -1 0.000713993 -2.20817 -1 -9.5074e-10 -1.33158e-06 -45.0275 0 0 0 1 
				23
				1.33158e-06 -0.00101546 -0.999999 3.33786e-06 0 -0.999999 0.00101546 -2.20708 -1 -1.35217e-09 -1.33158e-06 -45.0257 0 0 0 1 
				24
				1.33158e-06 -0.00118963 -0.999999 3.33786e-06 0 -0.999999 0.00118963 -2.20645 -1 -1.58409e-09 -1.33158e-06 -45.0246 0 0 0 1 
				25
				1.33158e-06 -0.00114263 -0.999999 3.33786e-06 0 -0.999999 0.00114263 -2.20662 -1 -1.5215e-09 -1.33158e-06 -45.0249 0 0 0 1 
				26
				1.33158e-06 -0.00077751 -1 3.33786e-06 0 -1 0.00077751 -2.20794 -1 -1.03532e-09 -1.33158e-06 -45.0271 0 0 0 1 
				27
				1.33158e-06 2.66316e-06 -1 3.33786e-06 0 -1 -2.66316e-06 -2.21077 -1 3.54621e-12 -1.33158e-06 -45.0319 0 0 0 1 
				28
				1.33158e-06 0.00488209 -0.999988 3.33786e-06 0 -0.999988 -0.00488209 -2.22843 -1 6.50089e-09 -1.33156e-06 -45.0618 0 0 0 1 
				29
				1.33158e-06 0.0134772 -0.999909 3.33786e-06 0 -0.999909 -0.0134772 -2.25953 -1 1.7946e-08 -1.33146e-06 -45.1145 0 0 0 1 
				30
				1.33158e-06 0.023793 -0.999717 3.33786e-06 0 -0.999717 -0.023793 -2.29687 -1 3.16822e-08 -1.3312e-06 -45.1777 0 0 0 1 
				31
				1.33158e-06 0.0309228 -0.999522 3.33786e-06 0 -0.999522 -0.0309228 -2.32269 -1 4.11761e-08 -1.33094e-06 -45.2213 0 0 0 1 
				32
				1.33158e-06 0.0341817 -0.999416 3.33786e-06 0 -0.999416 -0.0341817 -2.33449 -1 4.55156e-08 -1.3308e-06 -45.2413 0 0 0 1 
				33
				1.33158e-06 0.037278 -0.999305 3.33786e-06 0 -0.999305 -0.037278 -2.3457 -1 4.96387e-08 -1.33066e-06 -45.2603 0 0 0 1 
				34
				1.33158e-06 0.039959 -0.999201 3.33786e-06 0 -0.999201 -0.039959 -2.35541 -1 5.32086e-08 -1.33052e-06 -45.2767 0 0 0 1 
				35
				1.33158e-06 0.0419743 -0.999119 3.33786e-06 0 -0.999119 -0.0419743 -2.36271 -1 5.58921e-08 -1.33041e-06 -45.2891 0 0 0 1 
				36
				1.33158e-06 0.0430795 -0.999072 3.33786e-06 0 -0.999072 -0.0430795 -2.36671 -1 5.73639e-08 -1.33034e-06 -45.2959 0 0 0 1 
				37
				1.33158e-06 0.0430319 -0.999074 3.33786e-06 0 -0.999074 -0.0430319 -2.36654 -1 5.73005e-08 -1.33035e-06 -45.2956 0 0 0 1 
				38
				1.33158e-06 0.0411308 -0.999154 3.33786e-06 0 -0.999154 -0.0411308 -2.35966 -1 5.47689e-08 -1.33045e-06 -45.2839 0 0 0 1 
				39
				1.33158e-06 0.0448482 -0.998994 3.33786e-06 0 -0.998994 -0.0448482 -2.37312 -1 5.97189e-08 -1.33024e-06 -45.3067 0 0 0 1 
				40
				1.33158e-06 0.0573901 -0.998352 3.33786e-06 0 -0.998352 -0.0573901 -2.41857 -1 7.64195e-08 -1.32939e-06 -45.3836 0 0 0 1 
				41
				1.33158e-06 0.0645875 -0.997912 3.33786e-06 0 -0.997912 -0.0645875 -2.44467 -1 8.60035e-08 -1.3288e-06 -45.4278 0 0 0 1 
				42
				1.33158e-06 0.0507221 -0.998713 3.33786e-06 0 -0.998713 -0.0507221 -2.3944 -1 6.75406e-08 -1.32987e-06 -45.3427 0 0 0 1 
				43
				1.33158e-06 2.66316e-06 -1 3.33786e-06 0 -1 -2.66316e-06 -2.21077 -1 3.54621e-12 -1.33158e-06 -45.0319 0 0 0 1 
				44
				1.33158e-06 -0.108038 -0.994147 3.33786e-06 0 -0.994147 0.108038 -1.819 -1 -1.43861e-07 -1.32379e-06 -44.3688 0 0 0 1 
				45
				1.33158e-06 -0.262986 -0.9648 3.33786e-06 0 -0.9648 0.262986 -1.24766 -1 -3.50187e-07 -1.28471e-06 -43.4018 0 0 0 1 
				46
				1.33158e-06 -0.42923 -0.903195 3.33786e-06 0 -0.903195 0.42923 -0.605192 -1 -5.71554e-07 -1.20268e-06 -42.3144 0 0 0 1 
				47
				1.33158e-06 -0.573574 -0.819154 3.33786e-06 0 -0.819154 0.573574 8.68908e-07 -1 -7.6376e-07 -1.09077e-06 -41.2901 0 0 0 1 
		</Joint>
			2
				-1
				-0.000271968 -0.342021 -0.939692 0.00405821 -0.000750183 -0.939692 0.342021 0.0111245 -1 0.00079796 -1.01198e-06 -46.4675 0 0 0 1 
				0
				-0.000199897 -0.251903 -0.967753 0.00299178 -0.000772422 -0.967752 0.251903 -0.586555 -1 0.000797868 -1.12438e-06 -47.4796 0 0 0 1 
				1
				-0.000122054 -0.15452 -0.98799 0.00183936 -0.000788387 -0.987989 0.15452 -1.21651 -1 0.000797778 -1.23343e-06 -48.5463 0 0 0 1 
				2
				-5.07575e-05 -0.0652884 -0.997866 0.000783287 -0.000796072 -0.997866 0.0652884 -1.78517 -1 0.000797687 -1.32511e-06 -49.5089 0 0 0 1 
				3
				1.38779e-06 -1.52815e-06 -1 1.05031e-05 -0.000797649 -1 1.52704e-06 -2.19893 -1 0.000797649 -1.38901e-06 -50.2093 0 0 0 1 
				4
				1.98668e-05 0.0231386 -0.999732 -0.000263434 -0.000797388 -0.999732 -0.0231386 -2.3455 -1 0.000797634 -1.41096e-06 -50.4574 0 0 0 1 
				5
				1.22763e-05 0.0136334 -0.999907 -0.000150917 -0.000797536 -0.999907 -0.0136334 -2.28528 -1 0.00079763 -1.40197e-06 -50.3554 0 0 0 1 
				6
				2.3406e-06 0.00119157 -0.999999 -3.62146e-06 -0.000797646 -0.999999 -0.00119157 -2.20648 -1 0.000797648 -1.39015e-06 -50.2221 0 0 0 1 
				7
				1.38779e-06 -1.52815e-06 -1 1.05031e-05 -0.000797649 -1 1.52704e-06 -2.19893 -1 0.000797649 -1.38901e-06 -50.2093 0 0 0 1 
				8
				1.38779e-06 -1.52815e-06 -1 1.05031e-05 -0.000797649 -1 1.52704e-06 -2.19893 -1 0.000797649 -1.38901e-06 -50.2093 0 0 0 1 
				9
				1.38779e-06 -1.52815e-06 -1 1.05031e-05 -0.000797649 -1 1.52704e-06 -2.19893 -1 0.000797649 -1.38901e-06 -50.2093 0 0 0 1 
				10
				1.38779e-06 -1.52815e-06 -1 1.05031e-05 -0.000797649 -1 1.52704e-06 -2.19893 -1 0.000797649 -1.38901e-06 -50.2093 0 0 0 1 
				11
				1.38779e-06 -1.52815e-06 -1 1.05031e-05 -0.000797649 -1 1.52704e-06 -2.19893 -1 0.000797649 -1.38901e-06 -50.2093 0 0 0 1 
				12
				1.38779e-06 -1.52815e-06 -1 1.05031e-05 -0.000797649 -1 1.52704e-06 -2.19893 -1 0.000797649 -1.38901e-06 -50.2093 0 0 0 1 
				13
				1.38779e-06 -1.52815e-06 -1 1.05031e-05 -0.000797649 -1 1.52704e-06 -2.19893 -1 0.000797649 -1.38901e-06 -50.2093 0 0 0 1 
				14
				1.38779e-06 -1.52815e-06 -1 1.05031e-05 -0.000797649 -1 1.52704e-06 -2.19893 -1 0.000797649 -1.38901e-06 -50.2093 0 0 0 1 
				15
				1.38779e-06 -1.52815e-06 -1 1.05031e-05 -0.000797649 -1 1.52704e-06 -2.19893 -1 0.000797649 -1.38901e-06 -50.2093 0 0 0 1 
				16
				1.38779e-06 -1.52815e-06 -1 1.05031e-05 -0.000797649 -1 1.52704e-06 -2.19893 -1 0.000797649 -1.38901e-06 -50.2093 0 0 0 1 
				17
				1.38779e-06 -1.52815e-06 -1 1.05031e-05 -0.000797649 -1 1.52704e-06 -2.19893 -1 0.000797649 -1.38901e-06 -50.2093 0 0 0 1 
				18
				1.38779e-06 -1.52815e-06 -1 1.05031e-05 -0.000797649 -1 1.52704e-06 -2.19893 -1 0.000797649 -1.38901e-06 -50.2093 0 0 0 1 
				19
				1.38779e-06 -1.52815e-06 -1 1.05031e-05 -0.000797649 -1 1.52704e-06 -2.19893 -1 0.000797649 -1.38901e-06 -50.2093 0 0 0 1 
				20
				1.33728e-06 -6.47859e-05 -1 1.12519e-05 -0.00079765 -1 6.47849e-05 -2.19853 -1 0.00079765 -1.38895e-06 -50.2086 0 0 0 1 
				21
				1.2138e-06 -0.000219401 -1 1.30824e-05 -0.00079765 -1 0.0002194 -2.19754 -1 0.00079765 -1.3888e-06 -50.2069 0 0 0 1 
				22
				1.06074e-06 -0.000411062 -1 1.53511e-05 -0.00079765 -0.999999 0.000411061 -2.19633 -1 0.00079765 -1.38862e-06 -50.2049 0 0 0 1 
				23
				9.23169e-07 -0.000583323 -1 1.73904e-05 -0.000797651 -1 0.000583322 -2.19524 -1 0.00079765 -1.38846e-06 -50.203 0 0 0 1 
				24
				8.43704e-07 -0.000682826 -1 1.85683e-05 -0.000797651 -0.999999 0.000682825 -2.19461 -1 0.00079765 -1.38836e-06 -50.202 0 0 0 1 
				25
				8.6517e-07 -0.000655947 -1 1.82499e-05 -0.000797651 -0.999999 0.000655946 -2.19478 -1 0.00079765 -1.38839e-06 -50.2023 0 0 0 1 
				26
				1.03179e-06 -0.000447307 -1 1.57801e-05 -0.000797651 -1 0.000447306 -2.1961 -1 0.00079765 -1.38859e-06 -50.2045 0 0 0 1 
				27
				1.38779e-06 -1.52815e-06 -1 1.05031e-05 -0.000797649 -1 1.52704e-06 -2.19893 -1 0.000797649 -1.38901e-06 -50.2093 0 0 0 1 
				28
				3.61446e-06 0.00278669 -0.999996 -2.2505e-05 -0.000797639 -0.999996 -0.00278669 -2.21659 -1 0.000797646 -1.39167e-06 -50.2392 0 0 0 1 
				29
				7.5368e-06 0.00769832 -0.99997 -8.06496e-05 -0.000797607 -0.99997 -0.00769832 -2.24769 -1 0.000797641 -1.39634e-06 -50.2918 0 0 0 1 
				30
				1.22446e-05 0.0135937 -0.999907 -0.00015044 -0.000797542 -0.999907 -0.0135937 -2.28503 -1 0.000797635 -1.40192e-06 -50.355 0 0 0 1 
				31
				1.54989e-05 0.0176689 -0.999844 -0.000198674 -0.000797482 -0.999843 -0.017669 -2.31085 -1 0.000797631 -1.40577e-06 -50.3987 0 0 0 1 
				32
				1.69864e-05 0.0195318 -0.999809 -0.000220734 -0.00079745 -0.999809 -0.0195318 -2.32265 -1 0.000797629 -1.40752e-06 -50.4187 0 0 0 1 
				33
				1.83999e-05 0.021302 -0.999773 -0.000241701 -0.000797416 -0.999773 -0.021302 -2.33386 -1 0.000797627 -1.40918e-06 -50.4377 0 0 0 1 
				34
				1.96238e-05 0.0228347 -0.999739 -0.000259827 -0.000797385 -0.999739 -0.0228347 -2.34357 -1 0.000797625 -1.41062e-06 -50.4541 0 0 0 1 
				35
				2.05439e-05 0.023987 -0.999712 -0.000273491 -0.000797361 -0.999712 -0.023987 -2.35087 -1 0.000797624 -1.41169e-06 -50.4665 0 0 0 1 
				36
				2.10485e-05 0.0246189 -0.999697 -0.00028095 -0.000797347 -0.999696 -0.0246189 -2.35488 -1 0.000797624 -1.41229e-06 -50.4732 0 0 0 1 
				37
				2.10268e-05 0.0245917 -0.999698 -0.000280648 -0.000797348 -0.999697 -0.0245917 -2.3547 -1 0.000797624 -1.41226e-06 -50.4729 0 0 0 1 
				38
				2.01587e-05 0.0235046 -0.999724 -0.000267775 -0.000797371 -0.999723 -0.0235046 -2.34782 -1 0.000797625 -1.41124e-06 -50.4613 0 0 0 1 
				39
				2.18561e-05 0.0256303 -0.999671 -0.000292925 -0.000797324 -0.999671 -0.0256303 -2.36128 -1 0.000797623 -1.41323e-06 -50.4841 0 0 0 1 
				40
				2.75837e-05 0.0328034 -0.999462 -0.000377842 -0.000797139 -0.999461 -0.0328034 -2.40674 -1 0.000797615 -1.41992e-06 -50.561 0 0 0 1 
				41
				3.08717e-05 0.0369213 -0.999318 -0.000426606 -0.000797016 -0.999318 -0.0369213 -2.43283 -1 0.000797613 -1.42375e-06 -50.6052 0 0 0 1 
				42
				2.45386e-05 0.0289893 -0.99958 -0.000332705 -0.000797251 -0.999579 -0.0289893 -2.38257 -1 0.000797627 -1.41647e-06 -50.5201 0 0 0 1 
				43
				1.38779e-06 -1.52815e-06 -1 1.05031e-05 -0.000797649 -0.999999 1.52704e-06 -2.19893 -1 0.000797649 -1.38901e-06 -50.2093 0 0 0 1 
				44
				-4.79867e-05 -0.0618204 -0.998087 0.000742256 -0.000796237 -0.998087 0.0618204 -1.80718 -1 0.000797681 -1.32882e-06 -49.5462 0 0 0 1 
				45
				-0.000119627 -0.151484 -0.98846 0.00180343 -0.000788753 -0.988459 0.151484 -1.23596 -1 0.000797772 -1.23701e-06 -48.5792 0 0 0 1 
				46
				-0.000199019 -0.250805 -0.968037 0.00297878 -0.000772644 -0.968037 0.250805 -0.593733 -1 0.000797864 -1.12576e-06 -47.4918 0 0 0 1 
				47
				-0.000271968 -0.342021 -0.939692 0.00405821 -0.000750183 -0.939692 0.342021 0.0111245 -1 0.00079796 -1.01198e-06 -46.4675 0 0 0 1 
		</Joint>
			3
				-1
				-6.90263e-05 -0.0871567 -0.996195 0.00104358 -0.000795174 -0.996194 0.0871567 0.0117653 -1 0.000798164 -5.41151e-07 -61.3494 0 0 0 1 
				0
				-4.9969e-05 -0.0636203 -0.997974 0.000770764 -0.000796468 -0.997974 0.0636204 -0.586225 -1 0.000798033 -8.03756e-07 -62.3615 0 0 0 1 
				1
				-2.98881e-05 -0.0387766 -0.999248 0.000482401 -0.000797329 -0.999248 0.0387767 -1.2164 -1 0.000797888 -1.05211e-06 -63.4282 0 0 0 1 
				2
				-1.17758e-05 -0.0163341 -0.999866 0.000221433 -0.000797637 -0.999866 0.0163341 -1.78517 -1 0.000797722 -1.25443e-06 -64.3908 0 0 0 1 
				3
				1.38777e-06 -1.55795e-06 -1 3.11416e-05 -0.000797649 -1 1.55684e-06 -2.19895 -1 0.000797649 -1.38901e-06 -65.0912 0 0 0 1 
				4
				6.04774e-06 0.00578393 -0.999983 -3.6356e-05 -0.000797596 -0.999983 -0.00578394 -2.34551 -1 0.000797618 -1.4344e-06 -65.3392 0 0 0 1 
				5
				4.13343e-06 0.00340729 -0.999994 -8.63426e-06 -0.0007976 -0.999994 -0.00340729 -2.2853 -1 0.000797609 -1.41576e-06 -65.2373 0 0 0 1 
				6
				1.62805e-06 0.00029672 -1 2.76625e-05 -0.000797646 -1 -0.000296721 -2.2065 -1 0.000797646 -1.39137e-06 -65.104 0 0 0 1 
				7
				1.38777e-06 -1.55795e-06 -1 3.11417e-05 -0.000797649 -1 1.55684e-06 -2.19895 -1 0.000797649 -1.38901e-06 -65.0912 0 0 0 1 
				8
				1.38777e-06 -1.55795e-06 -1 3.11416e-05 -0.000797649 -1 1.55684e-06 -2.19895 -1 0.000797649 -1.38901e-06 -65.0912 0 0 0 1 
				9
				1.38777e-06 -1.55795e-06 -1 3.11416e-05 -0.000797649 -1 1.55684e-06 -2.19895 -1 0.000797649 -1.38901e-06 -65.0912 0 0 0 1 
				10
				1.38777e-06 -1.55795e-06 -1 3.11417e-05 -0.000797649 -1 1.55684e-06 -2.19895 -1 0.000797649 -1.38901e-06 -65.0912 0 0 0 1 
				11
				1.38777e-06 -1.55795e-06 -1 3.11416e-05 -0.000797649 -1 1.55684e-06 -2.19895 -1 0.000797649 -1.38901e-06 -65.0912 0 0 0 1 
				12
				1.38777e-06 -1.55795e-06 -1 3.11416e-05 -0.000797649 -1 1.55684e-06 -2.19895 -1 0.000797649 -1.38901e-06 -65.0912 0 0 0 1 
				13
				1.38777e-06 -1.55795e-06 -1 3.11416e-05 -0.000797649 -1 1.55684e-06 -2.19895 -1 0.000797649 -1.38901e-06 -65.0912 0 0 0 1 
				14
				1.38777e-06 -1.55795e-06 -1 3.11416e-05 -0.000797649 -1 1.55684e-06 -2.19895 -1 0.000797649 -1.38901e-06 -65.0912 0 0 0 1 
				15
				1.38777e-06 -1.55795e-06 -1 3.11416e-05 -0.000797649 -1 1.55684e-06 -2.19895 -1 0.000797649 -1.38901e-06 -65.0912 0 0 0 1 
				16
				1.38777e-06 -1.55795e-06 -1 3.11416e-05 -0.000797649 -1 1.55684e-06 -2.19895 -1 0.000797649 -1.38901e-06 -65.0912 0 0 0 1 
				17
				1.38777e-06 -1.55795e-06 -1 3.11416e-05 -0.000797649 -1 1.55684e-06 -2.19895 -1 0.000797649 -1.38901e-06 -65.0912 0 0 0 1 
				18
				1.38777e-06 -1.55795e-06 -1 3.11416e-05 -0.000797649 -1 1.55684e-06 -2.19895 -1 0.000797649 -1.38901e-06 -65.0912 0 0 0 1 
				19
				1.38777e-06 -1.55795e-06 -1 3.11416e-05 -0.000797649 -1 1.55684e-06 -2.19895 -1 0.000797649 -1.38901e-06 -65.0912 0 0 0 1 
				20
				1.37499e-06 -1.74192e-05 -1 3.13266e-05 -0.00079765 -1 1.74181e-05 -2.19855 -1 0.00079765 -1.38889e-06 -65.0905 0 0 0 1 
				21
				1.34407e-06 -5.58069e-05 -1 3.17744e-05 -0.00079765 -1 5.58058e-05 -2.19756 -1 0.00079765 -1.38858e-06 -65.0888 0 0 0 1 
				22
				1.30527e-06 -0.000103969 -1 3.23361e-05 -0.00079765 -1 0.000103968 -2.19635 -1 0.00079765 -1.3882e-06 -65.0868 0 0 0 1 
				23
				1.27059e-06 -0.000147021 -1 3.28382e-05 -0.000797651 -1 0.00014702 -2.19526 -1 0.000797651 -1.38786e-06 -65.0849 0 0 0 1 
				24
				1.25058e-06 -0.000171857 -1 3.31279e-05 -0.000797651 -1 0.000171856 -2.19463 -1 0.000797651 -1.38766e-06 -65.0839 0 0 0 1 
				25
				1.25602e-06 -0.000165104 -1 3.30489e-05 -0.000797651 -1 0.000165103 -2.1948 -1 0.000797651 -1.38771e-06 -65.0841 0 0 0 1 
				26
				1.29804e-06 -0.000112944 -1 3.24406e-05 -0.000797651 -1 0.000112943 -2.19612 -1 0.00079765 -1.38813e-06 -65.0864 0 0 0 1 
				27
				1.38777e-06 -1.55795e-06 -1 3.11416e-05 -0.000797649 -1 1.55684e-06 -2.19895 -1 0.000797649 -1.38901e-06 -65.0912 0 0 0 1 
				28
				1.94926e-06 0.000695447 -1 2.3011e-05 -0.000797642 -0.999999 -0.000695448 -2.21661 -1 0.000797643 -1.39454e-06 -65.1211 0 0 0 1 
				29
				2.93834e-06 0.00192336 -0.999998 8.68934e-06 -0.000797629 -0.999998 -0.00192336 -2.24771 -1 0.000797633 -1.40421e-06 -65.1737 0 0 0 1 
				30
				4.1254e-06 0.00339721 -0.999994 -8.50501e-06 -0.000797611 -0.999994 -0.00339721 -2.28505 -1 0.00079762 -1.41573e-06 -65.2369 0 0 0 1 
				31
				4.94603e-06 0.00441621 -0.99999 -2.0387e-05 -0.000797598 -0.99999 -0.00441621 -2.31087 -1 0.000797612 -1.42362e-06 -65.2806 0 0 0 1 
				32
				5.32098e-06 0.00488182 -0.999988 -2.58337e-05 -0.000797592 -0.999988 -0.00488182 -2.32267 -1 0.000797608 -1.42722e-06 -65.3005 0 0 0 1 
				33
				5.67765e-06 0.00532475 -0.999986 -3.10067e-05 -0.000797586 -0.999985 -0.00532476 -2.33388 -1 0.000797605 -1.43062e-06 -65.3195 0 0 0 1 
				34
				5.9861e-06 0.00570782 -0.999983 -3.54627e-05 -0.00079758 -0.999983 -0.00570783 -2.34359 -1 0.000797601 -1.43355e-06 -65.336 0 0 0 1 
				35
				6.21823e-06 0.00599612 -0.999982 -3.88378e-05 -0.000797576 -0.999982 -0.00599612 -2.35089 -1 0.000797599 -1.43575e-06 -65.3483 0 0 0 1 
				36
				6.34538e-06 0.00615403 -0.999981 -4.06693e-05 -0.000797573 -0.999981 -0.00615404 -2.35489 -1 0.000797597 -1.43697e-06 -65.3551 0 0 0 1 
				37
				6.33999e-06 0.00614734 -0.999981 -4.06118e-05 -0.000797574 -0.999981 -0.00614734 -2.35472 -1 0.000797597 -1.43691e-06 -65.3548 0 0 0 1 
				38
				6.12097e-06 0.00587532 -0.999983 -3.74335e-05 -0.000797578 -0.999982 -0.00587533 -2.34783 -1 0.0007976 -1.43483e-06 -65.3432 0 0 0 1 
				39
				6.54911e-06 0.00640706 -0.999979 -4.36113e-05 -0.00079757 -0.999979 -0.00640706 -2.3613 -1 0.000797595 -1.4389e-06 -65.3659 0 0 0 1 
				40
				7.99344e-06 0.00820107 -0.999966 -6.45543e-05 -0.000797541 -0.999966 -0.00820108 -2.40675 -1 0.000797579 -1.45248e-06 -65.4429 0 0 0 1 
				41
				8.82256e-06 0.00923091 -0.999957 -7.66076e-05 -0.000797527 -0.999957 -0.00923091 -2.43285 -1 0.000797575 -1.46028e-06 -65.487 0 0 0 1 
				42
				7.22586e-06 0.007247 -0.999974 -5.34444e-05 -0.000797573 -0.999973 -0.007247 -2.38258 -1 0.000797605 -1.44566e-06 -65.402 0 0 0 1 
				43
				1.38777e-06 -1.55795e-06 -1 3.11416e-05 -0.000797649 -0.999999 1.55684e-06 -2.19895 -1 0.000797649 -1.38901e-06 -65.0912 0 0 0 1 
				44
				-1.10747e-05 -0.0154656 -0.99988 0.000211329 -0.000797634 -0.99988 0.0154656 -1.80718 -1 0.00079771 -1.26252e-06 -64.4281 0 0 0 1 
				45
				-2.92672e-05 -0.0380095 -0.999277 0.000473498 -0.00079734 -0.999277 0.0380095 -1.23586 -1 0.000797876 -1.06048e-06 -63.4611 0 0 0 1 
				46
				-4.97388e-05 -0.0633372 -0.997992 0.000767474 -0.000796474 -0.997992 0.0633372 -0.593405 -1 0.000798025 -8.07532e-07 -62.3737 0 0 0 1 
				47
				-6.90263e-05 -0.0871567 -0.996195 0.00104358 -0.000795174 -0.996194 0.0871567 0.0117653 -1 0.000798164 -5.41151e-07 -61.3494 0 0 0 1 
		</Joint>
			4
				-1
				-6.90263e-05 -0.0871567 -0.996195 0.000250667 -0.000795174 -0.996194 0.0871567 0.00261005 -1 0.000798164 -5.41158e-07 -76.2313 0 0 0 1 
				0
				-4.9969e-05 -0.0636203 -0.997974 0.000198182 -0.000796468 -0.997974 0.0636204 -0.595395 -1 0.000798033 -8.03754e-07 -77.2434 0 0 0 1 
				1
				-2.98881e-05 -0.0387766 -0.999248 0.000141851 -0.000797329 -0.999248 0.0387767 -1.22558 -1 0.000797888 -1.05211e-06 -78.31 0 0 0 1 
				2
				-1.17758e-05 -0.0163341 -0.999866 9.00947e-05 -0.000797637 -0.999866 0.0163341 -1.79435 -1 0.000797722 -1.25443e-06 -79.2727 0 0 0 1 
				3
				1.38777e-06 -1.55795e-06 -1 5.1791e-05 -0.000797649 -1 1.55684e-06 -2.20813 -1 0.000797649 -1.38901e-06 -79.973 0 0 0 1 
				4
				6.04774e-06 0.00578393 -0.999983 3.80883e-05 -0.000797596 -0.999983 -0.00578394 -2.3547 -1 0.000797618 -1.4344e-06 -80.2211 0 0 0 1 
				5
				4.13343e-06 0.00340729 -0.999994 4.37118e-05 -0.0007976 -0.999994 -0.00340729 -2.29448 -1 0.000797609 -1.41576e-06 -80.1192 0 0 0 1 
				6
				1.62805e-06 0.00029672 -1 5.10855e-05 -0.000797646 -1 -0.000296721 -2.21568 -1 0.000797646 -1.39137e-06 -79.9858 0 0 0 1 
				7
				1.38777e-06 -1.55795e-06 -1 5.1791e-05 -0.000797649 -1 1.55684e-06 -2.20813 -1 0.000797649 -1.38901e-06 -79.9731 0 0 0 1 
				8
				1.38777e-06 -1.55795e-06 -1 5.1791e-05 -0.000797649 -1 1.55684e-06 -2.20813 -1 0.000797649 -1.38901e-06 -79.973 0 0 0 1 
				9
				1.38777e-06 -1.55795e-06 -1 5.1791e-05 -0.000797649 -1 1.55684e-06 -2.20813 -1 0.000797649 -1.38901e-06 -79.973 0 0 0 1 
				10
				1.38777e-06 -1.55795e-06 -1 5.1791e-05 -0.000797649 -1 1.55684e-06 -2.20813 -1 0.000797649 -1.38901e-06 -79.9731 0 0 0 1 
				11
				1.38777e-06 -1.55795e-06 -1 5.1791e-05 -0.000797649 -1 1.55684e-06 -2.20813 -1 0.000797649 -1.38901e-06 -79.973 0 0 0 1 
				12
				1.38777e-06 -1.55795e-06 -1 5.1791e-05 -0.000797649 -1 1.55684e-06 -2.20813 -1 0.000797649 -1.38901e-06 -79.973 0 0 0 1 
				13
				1.38777e-06 -1.55795e-06 -1 5.1791e-05 -0.000797649 -1 1.55684e-06 -2.20813 -1 0.000797649 -1.38901e-06 -79.973 0 0 0 1 
				14
				1.38777e-06 -1.55795e-06 -1 5.1791e-05 -0.000797649 -1 1.55684e-06 -2.20813 -1 0.000797649 -1.38901e-06 -79.973 0 0 0 1 
				15
				1.38777e-06 -1.55795e-06 -1 5.1791e-05 -0.000797649 -1 1.55684e-06 -2.20813 -1 0.000797649 -1.38901e-06 -79.973 0 0 0 1 
				16
				1.38777e-06 -1.55795e-06 -1 5.1791e-05 -0.000797649 -1 1.55684e-06 -2.20813 -1 0.000797649 -1.38901e-06 -79.973 0 0 0 1 
				17
				1.38777e-06 -1.55795e-06 -1 5.1791e-05 -0.000797649 -1 1.55684e-06 -2.20813 -1 0.000797649 -1.38901e-06 -79.973 0 0 0 1 
				18
				1.38777e-06 -1.55795e-06 -1 5.1791e-05 -0.000797649 -1 1.55684e-06 -2.20813 -1 0.000797649 -1.38901e-06 -79.973 0 0 0 1 
				19
				1.38777e-06 -1.55795e-06 -1 5.1791e-05 -0.000797649 -1 1.55684e-06 -2.20813 -1 0.000797649 -1.38901e-06 -79.973 0 0 0 1 
				20
				1.37499e-06 -1.74192e-05 -1 5.18285e-05 -0.00079765 -1 1.74181e-05 -2.20773 -1 0.00079765 -1.38889e-06 -79.9724 0 0 0 1 
				21
				1.34407e-06 -5.58069e-05 -1 5.19192e-05 -0.00079765 -1 5.58058e-05 -2.20675 -1 0.00079765 -1.38858e-06 -79.9707 0 0 0 1 
				22
				1.30527e-06 -0.000103969 -1 5.20331e-05 -0.00079765 -1 0.000103968 -2.20554 -1 0.00079765 -1.3882e-06 -79.9687 0 0 0 1 
				23
				1.27059e-06 -0.000147021 -1 5.21347e-05 -0.000797651 -1 0.00014702 -2.20444 -1 0.000797651 -1.38786e-06 -79.9668 0 0 0 1 
				24
				1.25058e-06 -0.000171857 -1 5.21934e-05 -0.000797651 -1 0.000171856 -2.20381 -1 0.000797651 -1.38766e-06 -79.9657 0 0 0 1 
				25
				1.25602e-06 -0.000165104 -1 5.21773e-05 -0.000797651 -1 0.000165103 -2.20398 -1 0.000797651 -1.38771e-06 -79.966 0 0 0 1 
				26
				1.29804e-06 -0.000112944 -1 5.20541e-05 -0.000797651 -1 0.000112943 -2.2053 -1 0.00079765 -1.38813e-06 -79.9683 0 0 0 1 
				27
				1.38777e-06 -1.55795e-06 -1 5.1791e-05 -0.000797649 -1 1.55684e-06 -2.20813 -1 0.000797649 -1.38901e-06 -79.973 0 0 0 1 
				28
				1.94926e-06 0.000695447 -1 5.01425e-05 -0.000797642 -0.999999 -0.000695448 -2.22579 -1 0.000797643 -1.39454e-06 -80.0029 0 0 0 1 
				29
				2.93834e-06 0.00192336 -0.999998 4.72383e-05 -0.000797629 -0.999998 -0.00192336 -2.2569 -1 0.000797633 -1.40421e-06 -80.0556 0 0 0 1 
				30
				4.1254e-06 0.00339721 -0.999994 4.37473e-05 -0.000797611 -0.999994 -0.00339721 -2.29423 -1 0.00079762 -1.41573e-06 -80.1188 0 0 0 1 
				31
				4.94603e-06 0.00441621 -0.99999 4.13391e-05 -0.000797598 -0.99999 -0.00441621 -2.32005 -1 0.000797612 -1.42362e-06 -80.1625 0 0 0 1 
				32
				5.32098e-06 0.00488182 -0.999988 4.02193e-05 -0.000797592 -0.999988 -0.00488182 -2.33185 -1 0.000797608 -1.42722e-06 -80.1824 0 0 0 1 
				33
				5.67765e-06 0.00532475 -0.999986 3.91621e-05 -0.000797586 -0.999985 -0.00532476 -2.34306 -1 0.000797605 -1.43062e-06 -80.2014 0 0 0 1 
				34
				5.9861e-06 0.00570782 -0.999983 3.827e-05 -0.00079758 -0.999983 -0.00570783 -2.35277 -1 0.000797601 -1.43355e-06 -80.2179 0 0 0 1 
				35
				6.21823e-06 0.00599612 -0.999982 3.75722e-05 -0.000797576 -0.999982 -0.00599612 -2.36007 -1 0.000797599 -1.43575e-06 -80.2302 0 0 0 1 
				36
				6.34538e-06 0.00615404 -0.999981 3.721e-05 -0.000797573 -0.999981 -0.00615404 -2.36407 -1 0.000797597 -1.43697e-06 -80.237 0 0 0 1 
				37
				6.33999e-06 0.00614734 -0.999981 3.72047e-05 -0.000797574 -0.999981 -0.00614734 -2.3639 -1 0.000797597 -1.43691e-06 -80.2367 0 0 0 1 
				38
				6.12097e-06 0.00587532 -0.999983 3.7854e-05 -0.000797577 -0.999982 -0.00587533 -2.35701 -0.999999 0.0007976 -1.43483e-06 -80.225 0 0 0 1 
				39
				6.54911e-06 0.00640706 -0.999979 3.6618e-05 -0.00079757 -0.999979 -0.00640706 -2.37048 -1 0.000797595 -1.4389e-06 -80.2478 0 0 0 1 
				40
				7.99344e-06 0.00820107 -0.999966 3.23476e-05 -0.000797541 -0.999966 -0.00820108 -2.41593 -1 0.000797579 -1.45248e-06 -80.3248 0 0 0 1 
				41
				8.82256e-06 0.00923091 -0.999957 2.98637e-05 -0.000797527 -0.999957 -0.00923091 -2.44203 -1 0.000797575 -1.46028e-06 -80.3689 0 0 0 1 
				42
				7.22586e-06 0.007247 -0.999974 3.45991e-05 -0.000797573 -0.999973 -0.007247 -2.39176 -1 0.000797605 -1.44566e-06 -80.2839 0 0 0 1 
				43
				1.38777e-06 -1.55795e-06 -1 5.1791e-05 -0.000797649 -0.999999 1.55684e-06 -2.20813 -1 0.000797649 -1.38901e-06 -79.973 0 0 0 1 
				44
				-1.10747e-05 -0.0154656 -0.99988 8.8089e-05 -0.000797634 -0.99988 0.0154656 -1.81636 -1 0.00079771 -1.26252e-06 -79.31 0 0 0 1 
				45
				-2.92672e-05 -0.0380095 -0.999277 0.000140133 -0.00079734 -0.999277 0.0380095 -1.24504 -1 0.000797876 -1.06048e-06 -78.343 0 0 0 1 
				46
				-4.97388e-05 -0.0633372 -0.997992 0.000197553 -0.000796474 -0.997992 0.0633372 -0.602575 -1 0.000798025 -8.07531e-07 -77.2556 0 0 0 1 
				47
				-6.90263e-05 -0.0871567 -0.996195 0.000250667 -0.000795174 -0.996194 0.0871567 0.00261005 -1 0.000798164 -5.41158e-07 -76.2313 0 0 0 1 
		</Joint>
			5
				-1
				0.996195 0.0871567 2.45679e-06 1.59826 -0.0871567 0.996194 2.20616e-06 -0.139894 -2.25516e-06 -2.41189e-06 1 -76.2313 0 0 0 1 
				0
				0.997974 0.0636203 2.13364e-06 1.60112 -0.0636204 0.997974 2.14949e-06 -0.700142 -1.99256e-06 -2.28088e-06 1 -77.2434 0 0 0 1 
				1
				0.999248 0.0387767 1.82572e-06 1.60318 -0.0387767 0.999248 2.06663e-06 -1.29047 -1.74421e-06 -2.13587e-06 1 -78.31 0 0 0 1 
				2
				0.999866 0.0163341 1.57387e-06 1.60418 -0.0163341 0.999866 1.94469e-06 -1.82324 -1.54189e-06 -1.97014e-06 1 -79.2727 0 0 0 1 
				3
				1 1.55907e-06 1.40731e-06 1.6044 -1.55907e-06 1 1.89704e-06 -2.21082 -1.40731e-06 -1.89704e-06 1 -79.9731 0 0 0 1 
				4
				0.999983 -0.00578393 1.35111e-06 1.60437 0.00578393 0.999983 1.8735e-06 -2.3481 -1.36192e-06 -1.86566e-06 1 -80.2211 0 0 0 1 
				5
				0.999994 -0.00340729 1.37423e-06 1.60439 0.00340729 0.999994 1.86162e-06 -2.2917 -1.38056e-06 -1.85693e-06 1 -80.1192 0 0 0 1 
				6
				1 -0.000296719 1.40439e-06 1.6044 0.000296719 1 1.89425e-06 -2.21789 -1.40495e-06 -1.89383e-06 1 -79.9858 0 0 0 1 
				7
				1 1.55907e-06 1.40731e-06 1.6044 -1.55907e-06 1 1.89704e-06 -2.21082 -1.40731e-06 -1.89704e-06 1 -79.9731 0 0 0 1 
				8
				1 1.55907e-06 1.40731e-06 1.6044 -1.55907e-06 1 1.89704e-06 -2.21082 -1.40731e-06 -1.89704e-06 1 -79.9731 0 0 0 1 
				9
				1 1.55907e-06 1.40731e-06 1.6044 -1.55907e-06 1 1.89704e-06 -2.21082 -1.40731e-06 -1.89704e-06 1 -79.9731 0 0 0 1 
				10
				1 1.55907e-06 1.40731e-06 1.6044 -1.55907e-06 1 1.89704e-06 -2.21082 -1.40731e-06 -1.89704e-06 1 -79.9731 0 0 0 1 
				11
				1 1.55907e-06 1.40731e-06 1.6044 -1.55907e-06 1 1.89704e-06 -2.21082 -1.40731e-06 -1.89704e-06 1 -79.9731 0 0 0 1 
				12
				1 1.55907e-06 1.40731e-06 1.6044 -1.55907e-06 1 1.89704e-06 -2.21082 -1.40731e-06 -1.89704e-06 1 -79.9731 0 0 0 1 
				13
				1 1.55907e-06 1.40731e-06 1.6044 -1.55907e-06 1 1.89704e-06 -2.21082 -1.40731e-06 -1.89704e-06 1 -79.9731 0 0 0 1 
				14
				1 1.55907e-06 1.40731e-06 1.6044 -1.55907e-06 1 1.89704e-06 -2.21082 -1.40731e-06 -1.89704e-06 1 -79.9731 0 0 0 1 
				15
				1 1.55907e-06 1.40731e-06 1.6044 -1.55907e-06 1 1.89704e-06 -2.21082 -1.40731e-06 -1.89704e-06 1 -79.9731 0 0 0 1 
				16
				1 1.55907e-06 1.40731e-06 1.6044 -1.55907e-06 1 1.89704e-06 -2.21082 -1.40731e-06 -1.89704e-06 1 -79.9731 0 0 0 1 
				17
				1 1.55907e-06 1.40731e-06 1.6044 -1.55907e-06 1 1.89704e-06 -2.21082 -1.40731e-06 -1.89704e-06 1 -79.9731 0 0 0 1 
				18
				1 1.55907e-06 1.40731e-06 1.6044 -1.55907e-06 1 1.89704e-06 -2.21082 -1.40731e-06 -1.89704e-06 1 -79.9731 0 0 0 1 
				19
				1 1.55907e-06 1.40731e-06 1.6044 -1.55907e-06 1 1.89704e-06 -2.21082 -1.40731e-06 -1.89704e-06 1 -79.9731 0 0 0 1 
				20
				1 1.74204e-05 1.40746e-06 1.6044 -1.74204e-05 1 1.89716e-06 -2.21044 -1.40743e-06 -1.89719e-06 1 -79.9724 0 0 0 1 
				21
				1 5.58081e-05 1.40784e-06 1.6044 -5.58081e-05 1 1.89748e-06 -2.20952 -1.40774e-06 -1.89756e-06 1 -79.9707 0 0 0 1 
				22
				1 0.00010397 1.40832e-06 1.6044 -0.00010397 1 1.89773e-06 -2.20839 -1.40812e-06 -1.89788e-06 1 -79.9687 0 0 0 1 
				23
				1 0.000147022 1.40874e-06 1.6044 -0.000147022 1 1.89802e-06 -2.20736 -1.40846e-06 -1.89823e-06 1 -79.9668 0 0 0 1 
				24
				1 0.000171858 1.40899e-06 1.6044 -0.000171858 1 1.89833e-06 -2.20677 -1.40866e-06 -1.89857e-06 1 -79.9657 0 0 0 1 
				25
				1 0.000165105 1.40892e-06 1.6044 -0.000165105 1 1.89824e-06 -2.20693 -1.40861e-06 -1.89847e-06 1 -79.966 0 0 0 1 
				26
				1 0.000112945 1.40841e-06 1.6044 -0.000112945 1 1.89781e-06 -2.20817 -1.40819e-06 -1.89797e-06 1 -79.9683 0 0 0 1 
				27
				1 1.55907e-06 1.40731e-06 1.6044 -1.55907e-06 1 1.89704e-06 -2.21082 -1.40731e-06 -1.89704e-06 1 -79.9731 0 0 0 1 
				28
				0.999999 -0.000695445 1.40046e-06 1.6044 0.000695445 0.999999 1.89195e-06 -2.22736 -1.40178e-06 -1.89097e-06 1 -80.0029 0 0 0 1 
				29
				0.999998 -0.00192336 1.38849e-06 1.6044 0.00192336 0.999998 1.88345e-06 -2.25649 -1.39211e-06 -1.88078e-06 1 -80.0556 0 0 0 1 
				30
				0.999994 -0.00339721 1.37424e-06 1.60439 0.00339721 0.999994 1.87277e-06 -2.29147 -1.38059e-06 -1.86809e-06 1 -80.1188 0 0 0 1 
				31
				0.99999 -0.00441621 1.36447e-06 1.60438 0.00441621 0.99999 1.86594e-06 -2.31565 -1.37269e-06 -1.8599e-06 1 -80.1625 0 0 0 1 
				32
				0.999988 -0.00488182 1.36003e-06 1.60438 0.00488182 0.999988 1.86274e-06 -2.3267 -1.3691e-06 -1.85608e-06 1 -80.1824 0 0 0 1 
				33
				0.999986 -0.00532475 1.35582e-06 1.60438 0.00532475 0.999986 1.85943e-06 -2.3372 -1.3657e-06 -1.85219e-06 1 -80.2014 0 0 0 1 
				34
