<?xml version='1.0' encoding='UTF-8' ?>
<itpanim>
	<skeleton count>
		25
			0 -1
			1.37091e-06 -1 -6.12323e-17 1.44898e-05 1 1.37091e-06 -6.12323e-17 -1.98691e-11 6.12323e-17 -6.12323e-17 1 80.8015 0 0 0 1 
			1 0
			1.3868e-06 4.78456e-08 -1 -80.8015 2.75771e-06 -1 -4.78418e-08 1.44901e-05 -1 -2.75771e-06 -1.3868e-06 -0.000112056 0 0 0 1 
			2 1
			1.40269e-06 -0.000796318 -1 -90.1364 0 -1 0.000796318 0.0931538 -1 -1.11699e-09 -1.40269e-06 -2.58351e-07 0 0 0 1 
			3 2
			1.40269e-06 -0.000796318 -1 -116.969 0 -1 0.000796318 0.11452 -1 -1.11699e-09 -1.40269e-06 -3.17612e-07 0 0 0 1 
			4 3
			1.40269e-06 -0.000796318 -1 -143.801 0 -1 0.000796318 0.119367 -1 -1.11699e-09 -1.40269e-06 -3.31058e-07 0 0 0 1 
			5 4
			1 1.37091e-06 4.37113e-08 -2.89267 -1.37091e-06 1 3.58059e-15 -8.20407e-06 -4.37113e-08 -6.35048e-14 1 143.801 0 0 0 1 
			6 5
			0.995014 0.0902305 0.042489 -10.1726 -0.0897157 0.995871 -0.0138741 -0.527027 -0.0435655 0.00999304 0.999001 144.37 0 0 0 1 
			7 6
			0.994845 -0.0912189 0.0442967 -37.2146 0.0915704 0.995781 -0.00596753 -7.37347 -0.0435655 0.00999304 0.999001 144.37 0 0 0 1 
			8 7
			0.994845 -0.0912189 0.0442967 -64.9763 -0.0434925 0.0107859 0.998995 144.365 -0.091605 -0.995772 0.00676301 7.48842 0 0 0 1 
			9 4
			-1 -1.37091e-06 4.37114e-08 -2.89267 -1.37091e-06 1 3.84662e-15 -8.20407e-06 -4.37115e-08 -5.60777e-14 -1 -143.801 0 0 0 1 
			10 9
			-0.995014 0.0902277 0.042489 -10.1726 0.089713 0.995871 -0.0138741 -0.527027 -0.0435654 -0.00999316 -0.999001 -144.37 0 0 0 1 
			11 10
			-0.994845 -0.0912216 0.0442967 -37.2146 -0.0915731 0.99578 -0.00596753 -7.37347 -0.0435654 -0.00999316 -0.999001 -144.37 0 0 0 1 
			12 11
			-0.994845 -0.0912216 0.0442967 -64.9763 0.0434925 0.0107861 0.998995 144.365 -0.0916078 0.995772 -0.00676301 -7.48842 0 0 0 1 
			13 4
			1.34309e-06 -5.95475e-08 -1 -149.889 -1.40269e-06 -1 5.95456e-08 7.93768e-06 -1 1.40269e-06 -1.34309e-06 -0.000201315 0 0 0 1 
			14 13
			1 -0 0 0 0 1 0 0 -0 -0 1 -0 0 0 0 1 
			15 2
			1.37369e-06 -0.0998334 0.995004 80.3979 0 -0.995004 -0.0998334 -8.06668 1 1.3714e-07 -1.36683e-06 -8.2648 0 0 0 1 
			16 15
			1.37369e-06 0.0998334 0.995004 45.0607 0 -0.995004 0.0998334 0.903508 1 -1.3714e-07 -1.36683e-06 -8.2648 0 0 0 1 
			17 16
			1.3716e-06 -6.00745e-14 1 9.05003 0 -1 -6.00745e-14 1.19116e-05 1 8.23984e-20 -1.3716e-06 -8.2648 0 0 0 1 
			18 17
			1.3723e-06 -1 -6.00133e-14 -12.2319 0 6.00133e-14 -1 -0.75718 1 1.3723e-06 8.23562e-20 -8.2648 0 0 0 1 
			19 18
			1 -0 0 0 0 1 0 0 -0 -0 1 -0 0 0 0 1 
			20 2
			1.37369e-06 -0.0998334 0.995004 80.3979 0 -0.995004 -0.0998334 -8.06668 1 1.3714e-07 -1.36683e-06 8.26481 0 0 0 1 
			21 20
			1.37369e-06 0.0998334 0.995004 45.0607 0 -0.995004 0.0998334 0.903507 1 -1.3714e-07 -1.36683e-06 8.26481 0 0 0 1 
			22 21
			1.3716e-06 -6.00745e-14 1 9.05003 0 -1 -6.00745e-14 1.19116e-05 1 8.23984e-20 -1.3716e-06 8.26481 0 0 0 1 
			23 22
			1.3723e-06 -1 5.98908e-14 -12.2319 0 -5.98908e-14 -1 -0.75718 1 1.3723e-06 -8.21882e-20 8.26481 0 0 0 1 
			24 23
			1 -0 0 0 0 1 0 0 -0 -0 1 -0 0 0 0 1 
	</skeleton>
		<animations>
			33
			0
				-1
				-0.573575 0.819153 -2.02144e-33 0 -0.819153 -0.573575 -1.36318e-32 8.9233e-07 -1.2326e-32 -6.16298e-33 1 -74.0217 0 0 0 1 
				0
				-0.573575 0.819153 -2.02144e-33 0 -0.819153 -0.573575 -1.36318e-32 8.9233e-07 -1.2326e-32 -6.16298e-33 1 -74.1863 0 0 0 1 
				1
				-0.573575 0.819153 -2.02144e-33 0 -0.819153 -0.573575 -1.36318e-32 8.9233e-07 -1.2326e-32 -6.16298e-33 1 -74.3668 0 0 0 1 
				2
				-0.573575 0.819153 -2.02144e-33 0 -0.819153 -0.573575 -1.36318e-32 8.9233e-07 -1.2326e-32 -6.16298e-33 1 -74.5594 0 0 0 1 
				3
				-0.573575 0.819153 -2.02144e-33 0 -0.819153 -0.573575 -1.36318e-32 8.9233e-07 -1.2326e-32 -6.16298e-33 1 -74.7604 0 0 0 1 
				4
				-0.573575 0.819153 -2.02144e-33 0 -0.819153 -0.573575 -1.36318e-32 8.9233e-07 -1.2326e-32 -6.16298e-33 1 -74.9663 0 0 0 1 
				5
				-0.573575 0.819153 -2.02144e-33 0 -0.819153 -0.573575 -1.36318e-32 8.9233e-07 -1.2326e-32 -6.16298e-33 1 -75.1734 0 0 0 1 
				6
				-0.573575 0.819153 -2.02144e-33 0 -0.819153 -0.573575 -1.36318e-32 8.9233e-07 -1.2326e-32 -6.16298e-33 1 -75.3782 0 0 0 1 
				7
				-0.573575 0.819153 -2.02144e-33 0 -0.819153 -0.573575 -1.36318e-32 8.9233e-07 -1.2326e-32 -6.16298e-33 1 -75.5768 0 0 0 1 
				8
				-0.573575 0.819153 -2.02144e-33 0 -0.819153 -0.573575 -1.36318e-32 8.9233e-07 -1.2326e-32 -6.16298e-33 1 -75.7656 0 0 0 1 
				9
				-0.573575 0.819153 -2.02144e-33 0 -0.819153 -0.573575 -1.36318e-32 8.9233e-07 -1.2326e-32 -6.16298e-33 1 -75.9412 0 0 0 1 
				10
				-0.573575 0.819153 -2.02144e-33 0 -0.819153 -0.573575 -1.36318e-32 8.9233e-07 -1.2326e-32 -6.16298e-33 1 -76.0998 0 0 0 1 
				11
				-0.573575 0.819153 -2.02144e-33 0 -0.819153 -0.573575 -1.36318e-32 8.9233e-07 -1.2326e-32 -6.16298e-33 1 -76.2376 0 0 0 1 
				12
				-0.573575 0.819153 -2.02144e-33 0 -0.819153 -0.573575 -1.36318e-32 8.9233e-07 -1.2326e-32 -6.16298e-33 1 -76.3512 0 0 0 1 
				13
				-0.573575 0.819153 -3.53493e-33 0 -0.819153 -0.573575 -5.04842e-33 8.9233e-07 -6.16298e-33 -0 1 -76.4369 0 0 0 1 
				14
				-0.573575 0.819153 -2.02144e-33 0 -0.819153 -0.573575 -1.36318e-32 8.9233e-07 -1.2326e-32 -6.16298e-33 1 -76.491 0 0 0 1 
				15
				-0.573575 0.819153 -2.02144e-33 0 -0.819153 -0.573575 -1.36318e-32 8.9233e-07 -1.2326e-32 -6.16298e-33 1 -76.5098 0 0 0 1 
				16
				-0.573575 0.819153 -2.02144e-33 0 -0.819153 -0.573575 -1.36318e-32 8.9233e-07 -1.2326e-32 -6.16298e-33 1 -76.491 0 0 0 1 
				17
				-0.573575 0.819153 -3.53493e-33 0 -0.819153 -0.573575 -5.04842e-33 8.9233e-07 -6.16298e-33 -0 1 -76.4369 0 0 0 1 
				18
				-0.573575 0.819153 -2.02144e-33 0 -0.819153 -0.573575 -1.36318e-32 8.9233e-07 -1.2326e-32 -6.16298e-33 1 -76.3512 0 0 0 1 
				19
				-0.573575 0.819153 -2.02144e-33 0 -0.819153 -0.573575 -1.36318e-32 8.9233e-07 -1.2326e-32 -6.16298e-33 1 -76.2376 0 0 0 1 
				20
				-0.573575 0.819153 -2.02144e-33 0 -0.819153 -0.573575 -1.36318e-32 8.9233e-07 -1.2326e-32 -6.16298e-33 1 -76.0998 0 0 0 1 
				21
				-0.573575 0.819153 -2.02144e-33 0 -0.819153 -0.573575 -1.36318e-32 8.9233e-07 -1.2326e-32 -6.16298e-33 1 -75.9412 0 0 0 1 
				22
				-0.573575 0.819153 -2.02144e-33 0 -0.819153 -0.573575 -1.36318e-32 8.9233e-07 -1.2326e-32 -6.16298e-33 1 -75.7656 0 0 0 1 
				23
				-0.573575 0.819153 -2.02144e-33 0 -0.819153 -0.573575 -1.36318e-32 8.9233e-07 -1.2326e-32 -6.16298e-33 1 -75.5768 0 0 0 1 
				24
				-0.573575 0.819153 -2.02144e-33 0 -0.819153 -0.573575 -1.36318e-32 8.9233e-07 -1.2326e-32 -6.16298e-33 1 -75.3782 0 0 0 1 
				25
				-0.573575 0.819153 -2.02144e-33 0 -0.819153 -0.573575 -1.36318e-32 8.9233e-07 -1.2326e-32 -6.16298e-33 1 -75.1734 0 0 0 1 
				26
				-0.573575 0.819153 -2.02144e-33 0 -0.819153 -0.573575 -1.36318e-32 8.9233e-07 -1.2326e-32 -6.16298e-33 1 -74.9663 0 0 0 1 
				27
				-0.573575 0.819153 -2.02144e-33 0 -0.819153 -0.573575 -1.36318e-32 8.9233e-07 -1.2326e-32 -6.16298e-33 1 -74.7604 0 0 0 1 
				28
				-0.573575 0.819153 -2.02144e-33 0 -0.819153 -0.573575 -1.36318e-32 8.9233e-07 -1.2326e-32 -6.16298e-33 1 -74.5593 0 0 0 1 
				29
				-0.573575 0.819153 -3.53493e-33 0 -0.819153 -0.573575 -5.04842e-33 8.9233e-07 -6.16298e-33 -0 1 -74.3668 0 0 0 1 
				30
				-0.573575 0.819153 -2.02144e-33 0 -0.819153 -0.573575 -1.36318e-32 8.9233e-07 -1.2326e-32 -6.16298e-33 1 -74.1863 0 0 0 1 
				31
				-0.573575 0.819153 -2.02144e-33 0 -0.819153 -0.573575 -1.36318e-32 8.9233e-07 -1.2326e-32 -6.16298e-33 1 -74.0217 0 0 0 1 
		</Joint>
			1
				-1
				1.33158e-06 -0.573574 -0.819154 0 0 -0.819154 0.573574 8.9233e-07 -1 -7.6376e-07 -1.09077e-06 -74.0217 0 0 0 1 
				0
				1.33158e-06 -0.573574 -0.819154 0 0 -0.819154 0.573574 8.9233e-07 -1 -7.6376e-07 -1.09077e-06 -74.1863 0 0 0 1 
				1
				1.33158e-06 -0.573574 -0.819154 0 0 -0.819154 0.573574 8.9233e-07 -1 -7.6376e-07 -1.09077e-06 -74.3668 0 0 0 1 
				2
				1.33158e-06 -0.573574 -0.819154 0 0 -0.819154 0.573574 8.9233e-07 -1 -7.6376e-07 -1.09077e-06 -74.5594 0 0 0 1 
				3
				1.33158e-06 -0.573574 -0.819154 0 0 -0.819154 0.573574 8.9233e-07 -1 -7.6376e-07 -1.09077e-06 -74.7604 0 0 0 1 
				4
				1.33158e-06 -0.573574 -0.819154 0 0 -0.819154 0.573574 8.9233e-07 -1 -7.6376e-07 -1.09077e-06 -74.9663 0 0 0 1 
				5
				1.33158e-06 -0.573574 -0.819154 0 0 -0.819154 0.573574 8.9233e-07 -1 -7.6376e-07 -1.09077e-06 -75.1734 0 0 0 1 
				6
				1.33158e-06 -0.573574 -0.819154 0 0 -0.819154 0.573574 8.9233e-07 -1 -7.6376e-07 -1.09077e-06 -75.3782 0 0 0 1 
				7
				1.33158e-06 -0.573574 -0.819154 0 0 -0.819154 0.573574 8.9233e-07 -1 -7.6376e-07 -1.09077e-06 -75.5768 0 0 0 1 
				8
				1.33158e-06 -0.573574 -0.819154 0 0 -0.819154 0.573574 8.9233e-07 -1 -7.6376e-07 -1.09077e-06 -75.7656 0 0 0 1 
				9
				1.33158e-06 -0.573574 -0.819154 0 0 -0.819154 0.573574 8.9233e-07 -1 -7.6376e-07 -1.09077e-06 -75.9412 0 0 0 1 
				10
				1.33158e-06 -0.573574 -0.819154 0 0 -0.819154 0.573574 8.9233e-07 -1 -7.6376e-07 -1.09077e-06 -76.0998 0 0 0 1 
				11
				1.33158e-06 -0.573574 -0.819154 0 0 -0.819154 0.573574 8.9233e-07 -1 -7.6376e-07 -1.09077e-06 -76.2376 0 0 0 1 
				12
				1.33158e-06 -0.573574 -0.819154 0 0 -0.819154 0.573574 8.9233e-07 -1 -7.6376e-07 -1.09077e-06 -76.3512 0 0 0 1 
				13
				1.33158e-06 -0.573574 -0.819153 0 0 -0.819153 0.573574 8.9233e-07 -1 -7.6376e-07 -1.09077e-06 -76.4369 0 0 0 1 
				14
				1.33158e-06 -0.573574 -0.819154 0 0 -0.819154 0.573574 8.9233e-07 -1 -7.6376e-07 -1.09077e-06 -76.491 0 0 0 1 
				15
				1.33158e-06 -0.573574 -0.819154 0 0 -0.819154 0.573574 8.9233e-07 -1 -7.6376e-07 -1.09077e-06 -76.5098 0 0 0 1 
				16
				1.33158e-06 -0.573574 -0.819154 0 0 -0.819154 0.573574 8.9233e-07 -1 -7.6376e-07 -1.09077e-06 -76.491 0 0 0 1 
				17
				1.33158e-06 -0.573574 -0.819153 0 0 -0.819153 0.573574 8.9233e-07 -1 -7.6376e-07 -1.09077e-06 -76.4369 0 0 0 1 
				18
				1.33158e-06 -0.573574 -0.819154 0 0 -0.819154 0.573574 8.9233e-07 -1 -7.6376e-07 -1.09077e-06 -76.3512 0 0 0 1 
				19
				1.33158e-06 -0.573574 -0.819154 0 0 -0.819154 0.573574 8.9233e-07 -1 -7.6376e-07 -1.09077e-06 -76.2376 0 0 0 1 
				20
				1.33158e-06 -0.573574 -0.819154 0 0 -0.819154 0.573574 8.9233e-07 -1 -7.6376e-07 -1.09077e-06 -76.0998 0 0 0 1 
				21
				1.33158e-06 -0.573574 -0.819154 0 0 -0.819154 0.573574 8.9233e-07 -1 -7.6376e-07 -1.09077e-06 -75.9412 0 0 0 1 
				22
				1.33158e-06 -0.573574 -0.819154 0 0 -0.819154 0.573574 8.9233e-07 -1 -7.6376e-07 -1.09077e-06 -75.7656 0 0 0 1 
				23
				1.33158e-06 -0.573574 -0.819154 0 0 -0.819154 0.573574 8.9233e-07 -1 -7.6376e-07 -1.09077e-06 -75.5768 0 0 0 1 
				24
				1.33158e-06 -0.573574 -0.819154 0 0 -0.819154 0.573574 8.9233e-07 -1 -7.6376e-07 -1.09077e-06 -75.3782 0 0 0 1 
				25
				1.33158e-06 -0.573574 -0.819154 0 0 -0.819154 0.573574 8.9233e-07 -1 -7.6376e-07 -1.09077e-06 -75.1734 0 0 0 1 
				26
				1.33158e-06 -0.573574 -0.819154 0 0 -0.819154 0.573574 8.9233e-07 -1 -7.6376e-07 -1.09077e-06 -74.9663 0 0 0 1 
				27
				1.33158e-06 -0.573574 -0.819154 0 0 -0.819154 0.573574 8.9233e-07 -1 -7.6376e-07 -1.09077e-06 -74.7604 0 0 0 1 
				28
				1.33158e-06 -0.573574 -0.819154 0 0 -0.819154 0.573574 8.9233e-07 -1 -7.6376e-07 -1.09077e-06 -74.5593 0 0 0 1 
				29
				1.33158e-06 -0.573574 -0.819153 0 0 -0.819153 0.573574 8.9233e-07 -1 -7.6376e-07 -1.09077e-06 -74.3668 0 0 0 1 
				30
				1.33158e-06 -0.573574 -0.819154 0 0 -0.819154 0.573574 8.9233e-07 -1 -7.6376e-07 -1.09077e-06 -74.1863 0 0 0 1 
				31
				1.33158e-06 -0.573574 -0.819154 0 0 -0.819154 0.573574 8.9233e-07 -1 -7.6376e-07 -1.09077e-06 -74.0217 0 0 0 1 
		</Joint>
			2
				-1
				-0.000271969 -0.342021 -0.939692 0.00731104 -0.000750183 -0.939692 0.342021 0.0200571 -1 0.00079796 -1.01208e-06 -83.3567 0 0 0 1 
				0
				0.0017024 -0.342017 -0.939692 0.00731093 0.00467437 -0.93968 0.342021 0.0200568 -0.999988 -0.00497473 -9.96403e-07 -83.5211 0 0 0 1 
				1
				0.00386686 -0.342 -0.939692 0.00731054 0.0106212 -0.939632 0.342021 0.0200557 -0.999936 -0.0113032 -9.7882e-07 -83.7014 0 0 0 1 
				2
				0.00617687 -0.341966 -0.939692 0.0073098 0.0169679 -0.939539 0.342021 0.0200536 -0.999837 -0.0180573 -9.58325e-07 -83.8939 0 0 0 1 
				3
				0.00858789 -0.341914 -0.939692 0.00730865 0.0235922 -0.939396 0.342021 0.0200505 -0.999685 -0.0251066 -9.4006e-07 -84.0947 0 0 0 1 
				4
				0.0110567 -0.341843 -0.939692 0.00730709 0.0303753 -0.939201 0.342021 0.0200463 -0.999477 -0.0323251 -9.22932e-07 -84.3005 0 0 0 1 
				5
				0.0135403 -0.341753 -0.939692 0.00730516 0.0371988 -0.938956 0.342021 0.0200409 -0.999216 -0.0395865 -8.99491e-07 -84.5075 0 0 0 1 
				6
				0.015994 -0.341647 -0.939692 0.00730294 0.0439404 -0.938664 0.342021 0.0200346 -0.998906 -0.0467607 -8.80104e-07 -84.7121 0 0 0 1 
				7
				0.0183734 -0.341528 -0.939692 0.00730022 0.0504778 -0.938335 0.342021 0.0200273 -0.998556 -0.0537177 -8.60671e-07 -84.9105 0 0 0 1 
				8
				0.0206356 -0.341398 -0.939692 0.00729756 0.0566931 -0.93798 0.342021 0.0200198 -0.998178 -0.0603318 -8.43666e-07 -85.0992 0 0 0 1 
				9
				0.0227376 -0.341265 -0.939692 0.0072947 0.0624683 -0.937613 0.342021 0.020012 -0.997788 -0.0664777 -8.23729e-07 -85.2747 0 0 0 1 
				10
				0.0246352 -0.341133 -0.939692 0.0072919 0.067682 -0.937252 0.342021 0.0200042 -0.997403 -0.072026 -8.04806e-07 -85.4331 0 0 0 1 
				11
				0.0262844 -0.34101 -0.939692 0.00728907 0.0722131 -0.936913 0.342021 0.0199969 -0.997043 -0.0768479 -7.99922e-07 -85.5709 0 0 0 1 
				12
				0.0276424 -0.340903 -0.939692 0.00728682 0.0759443 -0.936618 0.342021 0.0199906 -0.996729 -0.0808186 -7.91722e-07 -85.6844 0 0 0 1 
				13
				0.0286667 -0.340818 -0.939692 0.00728506 0.0787585 -0.936386 0.342021 0.0199857 -0.996481 -0.0838134 -7.74554e-07 -85.77 0 0 0 1 
				14
				0.0293133 -0.340763 -0.939692 0.00728379 0.0805349 -0.936235 0.342021 0.0199822 -0.996321 -0.0857038 -7.68339e-07 -85.824 0 0 0 1 
				15
				0.029538 -0.340744 -0.939692 0.00728353 0.0811523 -0.936181 0.342021 0.0199812 -0.996264 -0.0863608 -7.76202e-07 -85.8428 0 0 0 1 
				16
				0.0293133 -0.340763 -0.939692 0.00728397 0.0805349 -0.936235 0.342021 0.0199826 -0.996321 -0.0857038 -7.68764e-07 -85.824 0 0 0 1 
				17
				0.0286667 -0.340818 -0.939692 0.00728498 0.0787586 -0.936386 0.342021 0.0199858 -0.996481 -0.0838134 -7.78862e-07 -85.77 0 0 0 1 
				18
				0.0276424 -0.340903 -0.939692 0.00728682 0.0759443 -0.936618 0.342021 0.0199906 -0.996729 -0.0808186 -7.91722e-07 -85.6844 0 0 0 1 
				19
				0.0262844 -0.34101 -0.939692 0.00728907 0.0722131 -0.936913 0.342021 0.0199969 -0.997043 -0.0768479 -7.99922e-07 -85.5709 0 0 0 1 
				20
				0.0246352 -0.341133 -0.939692 0.00729193 0.067682 -0.937252 0.342022 0.0200042 -0.997403 -0.072026 -8.06953e-07 -85.4331 0 0 0 1 
				21
				0.0227376 -0.341265 -0.939692 0.0072947 0.0624683 -0.937613 0.342021 0.020012 -0.997788 -0.0664777 -8.2696e-07 -85.2747 0 0 0 1 
				22
				0.0206356 -0.341398 -0.939692 0.00729753 0.0566931 -0.93798 0.342021 0.0200198 -0.998178 -0.0603318 -8.4582e-07 -85.0992 0 0 0 1 
				23
				0.0183734 -0.341528 -0.939692 0.00730034 0.0504778 -0.938335 0.342021 0.0200274 -0.998556 -0.0537177 -8.60671e-07 -84.9105 0 0 0 1 
				24
				0.015994 -0.341647 -0.939692 0.00730292 0.0439404 -0.938664 0.342021 0.0200346 -0.998906 -0.0467607 -8.81108e-07 -84.7121 0 0 0 1 
				25
				0.0135403 -0.341753 -0.939692 0.00730524 0.0371988 -0.938955 0.342021 0.0200409 -0.999216 -0.0395865 -9.01299e-07 -84.5075 0 0 0 1 
				26
				0.0110567 -0.341843 -0.939692 0.00730713 0.0303753 -0.939201 0.342021 0.0200462 -0.999477 -0.0323251 -9.20385e-07 -84.3005 0 0 0 1 
				27
				0.00858789 -0.341914 -0.939692 0.00730867 0.0235922 -0.939396 0.342021 0.0200506 -0.999685 -0.0251066 -9.40096e-07 -84.0947 0 0 0 1 
				28
				0.00617687 -0.341966 -0.939692 0.00730981 0.0169679 -0.939539 0.342021 0.0200536 -0.999837 -0.0180573 -9.59356e-07 -83.8939 0 0 0 1 
				29
				0.00386686 -0.342 -0.939692 0.00731052 0.0106212 -0.939632 0.342021 0.0200557 -0.999936 -0.0113032 -9.7872e-07 -83.7014 0 0 0 1 
				30
				0.0017024 -0.342017 -0.939692 0.00731093 0.00467437 -0.93968 0.342021 0.0200568 -0.999988 -0.00497473 -9.96421e-07 -83.5211 0 0 0 1 
				31
				-0.000271969 -0.342021 -0.939692 0.00731104 -0.000750183 -0.939692 0.342021 0.0200571 -1 0.00079796 -1.01208e-06 -83.3567 0 0 0 1 
		</Joint>
			3
				-1
				-6.90265e-05 -0.0871571 -0.996195 0.0018756 -0.000795174 -0.996194 0.0871571 0.0212125 -1 0.000798165 -5.41232e-07 -110.189 0 0 0 1 
				0
				0.0024084 -0.0871409 -0.996193 0.0548522 0.01038 -0.99614 0.0871613 0.166765 -0.999943 -0.0105504 -0.00149459 -110.353 0 0 0 1 
				1
				0.00512391 -0.0870805 -0.996188 0.112928 0.0226298 -0.995936 0.0871749 0.326327 -0.999731 -0.0229902 -0.00313247 -110.532 0 0 0 1 
				2
				0.00802097 -0.0869677 -0.996179 0.174908 0.0357005 -0.995551 0.0872003 0.496615 -0.99933 -0.0362635 -0.00488049 -110.721 0 0 0 1 
				3
				0.0110429 -0.0867964 -0.996165 0.239597 0.0493376 -0.994965 0.0872388 0.674344 -0.998721 -0.0501118 -0.00670493 -110.918 0 0 0 1 
				4
				0.0141346 -0.0865642 -0.996146 0.305836 0.0632946 -0.99417 0.0872906 0.856331 -0.997895 -0.0642845 -0.00857313 -111.117 0 0 0 1 
				5
				0.0172412 -0.0862727 -0.996122 0.372467 0.077325 -0.993172 0.0873555 1.03939 -0.996857 -0.0785313 -0.0104524 -111.317 0 0 0 1 
				6
				0.0203063 -0.0859278 -0.996094 0.438296 0.0911753 -0.991989 0.0874323 1.22025 -0.995628 -0.0925947 -0.0123091 -111.513 0 0 0 1 
				7
				0.0232739 -0.0855391 -0.996063 0.502131 0.104593 -0.990657 0.0875187 1.39564 -0.994243 -0.106219 -0.0141096 -111.702 0 0 0 1 
				8
				0.0260904 -0.0851202 -0.996029 0.562818 0.117337 -0.98922 0.0876118 1.56237 -0.99275 -0.119157 -0.0158214 -111.88 0 0 0 1 
				9
				0.0287026 -0.0846879 -0.995994 0.619208 0.129165 -0.987737 0.0877081 1.71729 -0.991208 -0.131165 -0.0174119 -112.045 0 0 0 1 
				10
				0.0310565 -0.0842619 -0.99596 0.670114 0.139831 -0.986275 0.0878028 1.85715 -0.989688 -0.141993 -0.0188478 -112.193 0 0 0 1 
				11
				0.0330985 -0.0838642 -0.995927 0.714354 0.14909 -0.98491 0.0878912 1.97869 -0.98827 -0.151392 -0.0200957 -112.321 0 0 0 1 
				12
				0.0347773 -0.0835174 -0.995899 0.750784 0.156707 -0.98372 0.0879683 2.07878 -0.987032 -0.159124 -0.0211233 -112.426 0 0 0 1 
				13
				0.0360418 -0.0832447 -0.995877 0.77826 0.162448 -0.982782 0.0880292 2.15426 -0.986059 -0.164951 -0.0218984 -112.504 0 0 0 1 
				14
				0.0368392 -0.0830672 -0.995863 0.795604 0.166069 -0.982174 0.0880686 2.20191 -0.985426 -0.168626 -0.0223876 -112.554 0 0 0 1 
				15
				0.0371162 -0.0830046 -0.995858 0.801632 0.167327 -0.981959 0.0880825 2.21847 -0.985203 -0.169903 -0.0225576 -112.571 0 0 0 1 
				16
				0.0368392 -0.0830672 -0.995863 0.795603 0.166069 -0.982174 0.0880686 2.20191 -0.985426 -0.168626 -0.0223876 -112.554 0 0 0 1 
				17
				0.0360418 -0.0832447 -0.995877 0.778261 0.162448 -0.982782 0.0880292 2.15427 -0.986059 -0.164951 -0.0218984 -112.504 0 0 0 1 
				18
				0.0347773 -0.0835174 -0.995899 0.750784 0.156707 -0.98372 0.0879683 2.07878 -0.987032 -0.159124 -0.0211233 -112.426 0 0 0 1 
				19
				0.0330985 -0.0838642 -0.995927 0.714354 0.14909 -0.98491 0.0878912 1.97869 -0.98827 -0.151392 -0.0200957 -112.321 0 0 0 1 
				20
				0.0310565 -0.084262 -0.995959 0.670114 0.139831 -0.986275 0.0878029 1.85715 -0.989688 -0.141992 -0.0188478 -112.193 0 0 0 1 
				21
				0.0287026 -0.0846879 -0.995994 0.619208 0.129165 -0.987737 0.087708 1.71729 -0.991208 -0.131165 -0.0174119 -112.045 0 0 0 1 
				22
				0.0260904 -0.0851201 -0.996029 0.562819 0.117337 -0.98922 0.0876118 1.56237 -0.99275 -0.119157 -0.0158214 -111.88 0 0 0 1 
				23
				0.0232739 -0.0855391 -0.996063 0.502131 0.104594 -0.990657 0.0875187 1.39563 -0.994243 -0.106219 -0.0141096 -111.702 0 0 0 1 
				24
				0.0203063 -0.0859278 -0.996094 0.438296 0.0911753 -0.991989 0.0874323 1.22025 -0.995628 -0.0925947 -0.0123091 -111.513 0 0 0 1 
				25
				0.0172412 -0.0862727 -0.996122 0.372467 0.077325 -0.993171 0.0873555 1.03939 -0.996857 -0.0785312 -0.0104524 -111.317 0 0 0 1 
				26
				0.0141346 -0.0865642 -0.996146 0.305836 0.0632946 -0.99417 0.0872906 0.856331 -0.997895 -0.0642845 -0.00857313 -111.117 0 0 0 1 
				27
				0.0110429 -0.0867965 -0.996165 0.239597 0.0493376 -0.994965 0.0872388 0.674343 -0.998721 -0.0501118 -0.00670493 -110.918 0 0 0 1 
				28
				0.00802097 -0.0869677 -0.996179 0.174908 0.0357005 -0.995551 0.0872003 0.496615 -0.99933 -0.0362635 -0.00488049 -110.721 0 0 0 1 
				29
				0.00512391 -0.0870807 -0.996188 0.112928 0.0226298 -0.995936 0.087175 0.326327 -0.999731 -0.0229902 -0.00313247 -110.532 0 0 0 1 
				30
				0.0024084 -0.0871409 -0.996193 0.0548522 0.01038 -0.99614 0.0871613 0.166765 -0.999943 -0.0105504 -0.00149459 -110.353 0 0 0 1 
				31
				-6.90265e-05 -0.0871571 -0.996195 0.0018756 -0.000795174 -0.996194 0.0871571 0.0212125 -1 0.000798165 -5.41232e-07 -110.189 0 0 0 1 
		</Joint>
			4
				-1
				-6.90265e-05 -0.0871571 -0.996195 0.000445945 -0.000795174 -0.996194 0.0871571 0.00470532 -1 0.000798165 -5.4124e-07 -137.021 0 0 0 1 
				0
				0.0024084 -0.0871409 -0.996193 0.119898 0.01038 -0.99614 0.0871613 0.450113 -0.999943 -0.0105504 -0.00149459 -137.184 0 0 0 1 
				1
				0.00512391 -0.0870805 -0.996188 0.250837 0.0226298 -0.995936 0.0871749 0.938367 -0.999731 -0.0229902 -0.00313247 -137.357 0 0 0 1 
				2
				0.00802097 -0.0869677 -0.996179 0.390552 0.0357005 -0.995551 0.0872003 1.45937 -0.999331 -0.0362635 -0.00488049 -137.535 0 0 0 1 
				3
				0.0110429 -0.0867964 -0.996165 0.536324 0.0493376 -0.994965 0.0872388 2.00301 -0.998721 -0.0501118 -0.00670493 -137.715 0 0 0 1 
				4
				0.0141346 -0.0865642 -0.996146 0.68552 0.0632946 -0.99417 0.0872906 2.5595 -0.997895 -0.0642845 -0.00857313 -137.893 0 0 0 1 
				5
				0.0172412 -0.0862727 -0.996122 0.835507 0.077325 -0.993172 0.0873555 3.11902 -0.996857 -0.0785313 -0.0104524 -138.065 0 0 0 1 
				6
				0.0203063 -0.0859278 -0.996094 0.983579 0.0911753 -0.991989 0.0874323 3.67152 -0.995628 -0.0925947 -0.0123091 -138.228 0 0 0 1 
				7
				0.0232739 -0.085539 -0.996063 1.12704 0.104593 -0.990657 0.0875187 4.20693 -0.994243 -0.106219 -0.0141096 -138.379 0 0 0 1 
				8
				0.0260904 -0.0851202 -0.996029 1.2633 0.117337 -0.98922 0.0876118 4.71559 -0.99275 -0.119157 -0.0158214 -138.518 0 0 0 1 
				9
				0.0287026 -0.0846879 -0.995994 1.38978 0.129165 -0.987737 0.0877081 5.18788 -0.991208 -0.131165 -0.0174119 -138.641 0 0 0 1 
				10
				0.0310565 -0.0842619 -0.99596 1.50384 0.139831 -0.986275 0.0878028 5.61392 -0.989688 -0.141992 -0.0188478 -138.748 0 0 0 1 
				11
				0.0330985 -0.0838642 -0.995927 1.60287 0.14909 -0.98491 0.0878912 5.98391 -0.98827 -0.151392 -0.0200957 -138.838 0 0 0 1 
				12
				0.0347773 -0.0835174 -0.995899 1.68435 0.156707 -0.98372 0.0879683 6.28838 -0.987032 -0.159124 -0.0211233 -138.909 0 0 0 1 
				13
				0.0360418 -0.0832447 -0.995877 1.74575 0.162448 -0.982782 0.0880292 6.51789 -0.986059 -0.164951 -0.0218984 -138.962 0 0 0 1 
				14
				0.0368392 -0.0830672 -0.995863 1.78449 0.166069 -0.982174 0.0880686 6.66271 -0.985426 -0.168627 -0.0223876 -138.995 0 0 0 1 
				15
				0.0371162 -0.0830046 -0.995858 1.79795 0.167327 -0.981959 0.0880825 6.71303 -0.985203 -0.169903 -0.0225576 -139.006 0 0 0 1 
				16
				0.0368392 -0.0830672 -0.995863 1.78449 0.166069 -0.982174 0.0880686 6.66271 -0.985426 -0.168627 -0.0223876 -138.995 0 0 0 1 
				17
				0.0360418 -0.0832447 -0.995877 1.74575 0.162448 -0.982782 0.0880292 6.51789 -0.986059 -0.164951 -0.0218984 -138.962 0 0 0 1 
				18
				0.0347773 -0.0835174 -0.995899 1.68435 0.156707 -0.98372 0.0879683 6.28838 -0.987032 -0.159124 -0.0211233 -138.909 0 0 0 1 
				19
				0.0330985 -0.0838642 -0.995927 1.60287 0.14909 -0.98491 0.0878912 5.98391 -0.98827 -0.151392 -0.0200957 -138.838 0 0 0 1 
				20
				0.0310565 -0.084262 -0.995959 1.50384 0.139831 -0.986275 0.0878029 5.61392 -0.989688 -0.141992 -0.0188478 -138.748 0 0 0 1 
				21
				0.0287026 -0.0846879 -0.995994 1.38978 0.129165 -0.987737 0.087708 5.18788 -0.991208 -0.131165 -0.0174119 -138.641 0 0 0 1 
				22
				0.0260904 -0.0851201 -0.996029 1.2633 0.117337 -0.98922 0.0876118 4.71559 -0.992749 -0.119157 -0.0158214 -138.518 0 0 0 1 
				23
				0.0232739 -0.085539 -0.996063 1.12704 0.104593 -0.990657 0.0875187 4.20693 -0.994243 -0.106219 -0.0141096 -138.379 0 0 0 1 
				24
				0.0203063 -0.0859278 -0.996094 0.983579 0.0911753 -0.991989 0.0874323 3.67152 -0.995628 -0.0925947 -0.0123091 -138.228 0 0 0 1 
				25
				0.0172412 -0.0862727 -0.996122 0.835507 0.077325 -0.993171 0.0873555 3.11902 -0.996857 -0.0785312 -0.0104524 -138.065 0 0 0 1 
				26
				0.0141346 -0.0865642 -0.996146 0.68552 0.0632946 -0.99417 0.0872906 2.5595 -0.997895 -0.0642845 -0.00857313 -137.893 0 0 0 1 
				27
				0.0110429 -0.0867964 -0.996165 0.536324 0.0493376 -0.994965 0.0872388 2.00301 -0.998721 -0.0501118 -0.00670493 -137.715 0 0 0 1 
				28
				0.00802097 -0.0869677 -0.996179 0.390552 0.0357005 -0.995551 0.0872003 1.45937 -0.99933 -0.0362635 -0.00488049 -137.535 0 0 0 1 
				29
				0.00512391 -0.0870807 -0.996188 0.250837 0.0226298 -0.995936 0.087175 0.938367 -0.999731 -0.0229902 -0.00313247 -137.357 0 0 0 1 
				30
				0.0024084 -0.0871409 -0.996193 0.119898 0.01038 -0.99614 0.0871613 0.450113 -0.999943 -0.0105504 -0.00149459 -137.184 0 0 0 1 
				31
				-6.90265e-05 -0.0871571 -0.996195 0.000445945 -0.000795174 -0.996194 0.0871571 0.00470532 -1 0.000798165 -5.4124e-07 -137.021 0 0 0 1 
		</Joint>
			5
				-1
				0.996195 0.0871571 2.4103e-06 2.8817 -0.0871571 0.996195 1.67575e-06 -0.252233 -2.25508e-06 -1.87944e-06 1 -137.021 0 0 0 1 
				0
				0.996193 0.0871389 -0.00247501 3.00114 -0.0871613 0.996132 -0.0111734 0.193162 0.00149179 0.0113466 0.999935 -137.18 0 0 0 1 
				1
				0.996188 0.0870764 -0.00519047 3.13207 -0.0871748 0.995918 -0.0234231 0.681378 0.00312968 0.0237863 0.999712 -137.348 0 0 0 1 
				2
				0.996179 0.0869613 -0.00808743 3.27176 -0.0872002 0.995522 -0.0364935 1.20231 0.0048777 0.0370593 0.999301 -137.521 0 0 0 1 
				3
				0.996165 0.0867876 -0.0111092 3.41749 -0.0872386 0.994925 -0.0501301 1.74585 0.00670214 0.050907 0.998681 -137.696 0 0 0 1 
				4
				0.996146 0.0865529 -0.0142007 3.56663 -0.0872904 0.994119 -0.0640865 2.30218 0.00857034 0.065079 0.997843 -137.869 0 0 0 1 
				5
				0.996122 0.086259 -0.0173071 3.71655 -0.0873553 0.99311 -0.0781161 2.86153 0.0104496 0.079325 0.996794 -138.035 0 0 0 1 
				6
				0.996094 0.0859116 -0.0203719 3.86454 -0.0874321 0.991916 -0.0919655 3.4138 0.0123064 0.0933874 0.995554 -138.193 0 0 0 1 
				7
				0.996063 0.0855205 -0.0233392 4.00792 -0.0875184 0.990573 -0.105383 3.94898 0.0141069 0.10701 0.994158 -138.339 0 0 0 1 
				8
				0.996029 0.0850994 -0.0261554 4.14408 -0.0876115 0.989127 -0.118125 4.45737 0.0158186 0.119947 0.992654 -138.472 0 0 0 1 
				9
				0.995994 0.084665 -0.0287672 4.27046 -0.0877077 0.987633 -0.129951 4.92939 0.0174092 0.131954 0.991103 -138.591 0 0 0 1 
				10
				0.99596 0.0842371 -0.0311208 4.38443 -0.0878024 0.986163 -0.140616 5.35516 0.0188451 0.142781 0.989575 -138.694 0 0 0 1 
				11
				0.995927 0.0838378 -0.0331625 4.48336 -0.0878908 0.984791 -0.149874 5.7249 0.0200929 0.152179 0.988149 -138.78 0 0 0 1 
				12
				0.995899 0.0834897 -0.034841 4.56476 -0.0879678 0.983594 -0.157491 6.02915 0.0211206 0.15991 0.986905 -138.849 0 0 0 1 
				13
				0.995877 0.0832159 -0.0361053 4.6261 -0.0880288 0.982653 -0.163231 6.25849 0.0218956 0.165736 0.985927 -138.899 0 0 0 1 
				14
				0.995863 0.0830378 -0.0369026 4.6648 -0.0880681 0.982042 -0.166851 6.4032 0.0223849 0.169411 0.985291 -138.931 0 0 0 1 
				15
				0.995858 0.082975 -0.0371795 4.67825 -0.088082 0.981825 -0.168109 6.45348 0.0225549 0.170688 0.985067 -138.941 0 0 0 1 
				16
				0.995863 0.0830378 -0.0369026 4.6648 -0.0880681 0.982041 -0.166851 6.4032 0.0223849 0.169411 0.985291 -138.931 0 0 0 1 
				17
				0.995877 0.0832159 -0.0361053 4.6261 -0.0880288 0.982653 -0.163231 6.2585 0.0218956 0.165736 0.985927 -138.899 0 0 0 1 
				18
				0.995899 0.0834897 -0.034841 4.56476 -0.0879678 0.983594 -0.157491 6.02915 0.0211206 0.15991 0.986905 -138.849 0 0 0 1 
				19
				0.995927 0.0838378 -0.0331625 4.48336 -0.0878908 0.984791 -0.149874 5.7249 0.0200929 0.152179 0.988149 -138.78 0 0 0 1 
				20
				0.99596 0.0842372 -0.0311208 4.38443 -0.0878025 0.986163 -0.140616 5.35516 0.0188451 0.14278 0.989575 -138.694 0 0 0 1 
				21
				0.995994 0.084665 -0.0287673 4.27046 -0.0877077 0.987633 -0.129951 4.92939 0.0174092 0.131954 0.991103 -138.591 0 0 0 1 
				22
				0.996029 0.0850993 -0.0261554 4.14408 -0.0876115 0.989126 -0.118125 4.45737 0.0158186 0.119947 0.992654 -138.472 0 0 0 1 
				23
				0.996063 0.0855205 -0.0233392 4.00792 -0.0875184 0.990573 -0.105383 3.94897 0.0141069 0.10701 0.994158 -138.339 0 0 0 1 
				24
				0.996094 0.0859116 -0.0203719 3.86454 -0.0874321 0.991916 -0.0919655 3.4138 0.0123064 0.0933875 0.995554 -138.193 0 0 0 1 
				25
				0.996122 0.086259 -0.0173071 3.71655 -0.0873553 0.99311 -0.0781161 2.86153 0.0104496 0.079325 0.996794 -138.035 0 0 0 1 
				26
				0.996146 0.0865529 -0.0142007 3.56663 -0.0872904 0.994119 -0.0640865 2.30218 0.00857033 0.065079 0.997843 -137.869 0 0 0 1 
				27
				0.996165 0.0867876 -0.0111092 3.41749 -0.0872387 0.994925 -0.0501301 1.74585 0.00670214 0.050907 0.998681 -137.696 0 0 0 1 
				28
				0.996179 0.0869613 -0.00808743 3.27176 -0.0872002 0.995522 -0.0364935 1.20231 0.0048777 0.0370592 0.999301 -137.521 0 0 0 1 
				29
				0.996188 0.0870766 -0.00519047 3.13207 -0.0871749 0.995918 -0.0234231 0.681378 0.00312968 0.0237863 0.999712 -137.348 0 0 0 1 
				30
				0.996193 0.0871389 -0.00247501 3.00114 -0.0871613 0.996132 -0.0111734 0.193163 0.00149179 0.0113466 0.999935 -137.18 0 0 0 1 
				31
				0.996195 0.0871571 2.4103e-06 2.8817 -0.0871571 0.996195 1.67575e-06 -0.252233 -2.25508e-06 -1.87944e-06 1 -137.021 0 0 0 1 
		</Joint>
			6
				-1
				0.112922 -0.0327948 -0.993063 16.3019 0.148164 0.988837 -0.0158074 -1.42637 0.982495 -0.145352 0.11652 -137.022 0 0 0 1 
				0
				0.124379 -0.0327946 -0.991693 16.4214 0.148337 0.988837 -0.0140955 -0.981031 0.981084 -0.145352 0.127855 -137.159 0 0 0 1 
				1
				0.136921 -0.0327951 -0.990039 16.5522 0.148504 0.988837 -0.0122174 -0.492997 0.979387 -0.145352 0.140262 -137.306 0 0 0 1 
				2
				0.150283 -0.0327952 -0.988099 16.6918 0.148656 0.988837 -0.0102102 0.0275938 0.977403 -0.145352 0.15348 -137.456 0 0 0 1 
				3
				0.164202 -0.0327951 -0.985881 16.8373 0.148784 0.988836 -0.00811283 0.57061 0.975141 -0.145351 0.167248 -137.606 0 0 0 1 
				4
				0.178424 -0.0327948 -0.983407 16.9862 0.148885 0.988836 -0.00596286 1.12625 0.972624 -0.145351 0.181315 -137.753 0 0 0 1 
				5
				0.192695 -0.0327949 -0.98071 17.1358 0.148957 0.988836 -0.00379881 1.68472 0.969887 -0.145351 0.195429 -137.894 0 0 0 1 
				6
				0.206759 -0.0327947 -0.977842 17.2834 0.148997 0.988836 -0.0016589 2.23596 0.96698 -0.145352 0.209337 -138.027 0 0 0 1 
				7
				0.220362 -0.032795 -0.974867 17.4264 0.149005 0.988836 0.000416546 2.76997 0.96397 -0.145351 0.222789 -138.149 0 0 0 1 
				8
				0.23326 -0.0327959 -0.971862 17.5621 0.148986 0.988837 0.00238985 3.27712 0.960934 -0.145351 0.235542 -138.259 0 0 0 1 
				9
				0.245211 -0.0327948 -0.968915 17.688 0.148945 0.988836 0.00422576 3.74783 0.95796 -0.145351 0.247359 -138.357 0 0 0 1 
				10
				0.255973 -0.0327946 -0.966128 17.8015 0.148889 0.988836 0.00588244 4.17233 0.955149 -0.145352 0.257998 -138.44 0 0 0 1 
				11
				0.265304 -0.0327959 -0.963607 17.9 0.148825 0.988837 0.00732064 4.54088 0.952609 -0.145351 0.267224 -138.51 0 0 0 1 
				12
				0.272972 -0.0327955 -0.961463 17.981 0.148762 0.988836 0.00850632 4.84409 0.95045 -0.145351 0.274804 -138.564 0 0 0 1 
				13
				0.278746 -0.0327955 -0.959805 18.0421 0.148708 0.988837 0.00940029 5.07261 0.948782 -0.145351 0.280511 -138.604 0 0 0 1 
				14
				0.282386 -0.0327956 -0.95874 18.0806 0.148672 0.988837 0.00996445 5.21679 0.947711 -0.145351 0.284109 -138.629 0 0 0 1 
				15
				0.28365 -0.0327951 -0.958367 18.0939 0.148658 0.988837 0.010161 5.26688 0.947335 -0.145351 0.285359 -138.638 0 0 0 1 
				16
				0.282386 -0.0327954 -0.958741 18.0806 0.148672 0.988837 0.00996455 5.21679 0.947711 -0.145351 0.284109 -138.629 0 0 0 1 
				17
				0.278746 -0.0327954 -0.959805 18.0421 0.148708 0.988837 0.00940041 5.07262 0.948782 -0.145351 0.280511 -138.604 0 0 0 1 
				18
				0.272973 -0.0327956 -0.961463 17.981 0.148762 0.988836 0.00850627 4.84409 0.95045 -0.145351 0.274804 -138.564 0 0 0 1 
				19
				0.265304 -0.0327959 -0.963607 17.9 0.148825 0.988837 0.00732064 4.54088 0.952609 -0.145351 0.267224 -138.51 0 0 0 1 
				20
				0.255973 -0.0327946 -0.966127 17.8015 0.148889 0.988836 0.00588246 4.17233 0.955149 -0.145352 0.257998 -138.44 0 0 0 1 
				21
				0.245211 -0.032795 -0.968915 17.688 0.148945 0.988836 0.00422546 3.74783 0.95796 -0.145351 0.247359 -138.357 0 0 0 1 
				22
				0.23326 -0.0327955 -0.971861 17.5621 0.148986 0.988836 0.00239025 3.27712 0.960933 -0.145351 0.235542 -138.259 0 0 0 1 
				23
				0.220362 -0.032795 -0.974867 17.4264 0.149005 0.988836 0.00041661 2.76997 0.96397 -0.145351 0.222789 -138.149 0 0 0 1 
				24
				0.206759 -0.0327949 -0.977842 17.2834 0.148997 0.988836 -0.0016591 2.23596 0.96698 -0.145352 0.209337 -138.027 0 0 0 1 
				25
				0.192695 -0.0327948 -0.98071 17.1358 0.148957 0.988836 -0.00379876 1.68472 0.969887 -0.145351 0.195429 -137.894 0 0 0 1 
				26
				0.178424 -0.0327946 -0.983407 16.9862 0.148885 0.988836 -0.00596276 1.12625 0.972624 -0.145351 0.181315 -137.753 0 0 0 1 
				27
				0.164202 -0.0327949 -0.985881 16.8373 0.148784 0.988836 -0.00811258 0.570609 0.975141 -0.145352 0.167248 -137.606 0 0 0 1 
				28
				0.150283 -0.032795 -0.988099 16.6918 0.148656 0.988836 -0.01021 0.0275935 0.977403 -0.145352 0.15348 -137.456 0 0 0 1 
				29
				0.136921 -0.0327947 -0.990039 16.5522 0.148504 0.988836 -0.012217 -0.493 0.979387 -0.145352 0.140262 -137.306 0 0 0 1 
				30
				0.124379 -0.0327945 -0.991693 16.4214 0.148337 0.988837 -0.0140955 -0.981031 0.981084 -0.145352 0.127855 -137.159 0 0 0 1 
				31
				0.112922 -0.0327948 -0.993063 16.3019 0.148164 0.988837 -0.0158074 -1.42637 0.982495 -0.145352 0.11652 -137.022 0 0 0 1 
		</Joint>
			7
				-1
				-0.0189883 0.116044 -0.993063 19.4368 -0.95636 -0.291762 -0.0158073 2.68693 -0.291572 0.949426 0.11652 -109.746 0 0 0 1 
				0
				-0.0239188 0.126386 -0.991693 19.8743 -0.956435 -0.291606 -0.0140953 3.13707 -0.290965 0.948152 0.127855 -109.923 0 0 0 1 
				1
				-0.0293152 0.137708 -0.990039 20.3534 -0.956506 -0.291455 -0.0122172 3.62973 -0.290235 0.94662 0.140262 -110.116 0 0 0 1 
				2
				-0.0350649 0.149769 -0.988099 20.8639 -0.956572 -0.291319 -0.01021 4.15454 -0.289381 0.94483 0.15348 -110.321 0 0 0 1 
				3
				-0.0410546 0.162334 -0.985881 21.3959 -0.956627 -0.291203 -0.00811267 4.70112 -0.288408 0.942788 0.167248 -110.534 0 0 0 1 
				4
				-0.0471746 0.175172 -0.983407 21.9396 -0.95667 -0.291111 -0.00596299 5.25956 -0.287325 0.940515 0.181315 -110.751 0 0 0 1 
				5
				-0.0533156 0.188054 -0.98071 22.4854 -0.956701 -0.291047 -0.00379881 5.82002 -0.286147 0.938045 0.195429 -110.968 0 0 0 1 
				6
				-0.0593675 0.20075 -0.977842 23.0234 -0.956718 -0.291011 -0.00165906 6.37236 -0.284896 0.935421 0.209337 -111.182 0 0 0 1 
				7
				-0.0652207 0.213029 -0.974867 23.544 -0.956722 -0.291003 0.00041639 6.9066 -0.283601 0.932703 0.222789 -111.387 0 0 0 1 
				8
				-0.0707704 0.224671 -0.971862 24.0378 -0.956714 -0.291021 0.00239018 7.41322 -0.282295 0.929962 0.235542 -111.582 0 0 0 1 
				9
				-0.0759138 0.23546 -0.968915 24.4955 -0.956696 -0.291057 0.00422556 7.88281 -0.281015 0.927278 0.247359 -111.762 0 0 0 1 
				10
				-0.080545 0.245174 -0.966127 24.9078 -0.956672 -0.291108 0.00588233 8.30576 -0.279805 0.924741 0.257998 -111.924 0 0 0 1 
				11
				-0.0845596 0.253597 -0.963607 25.2653 -0.956645 -0.291165 0.00732112 8.67253 -0.278712 0.922448 0.267224 -112.063 0 0 0 1 
				12
				-0.087859 0.260519 -0.961463 25.5592 -0.956617 -0.291223 0.00850619 8.97398 -0.277783 0.920499 0.274804 -112.178 0 0 0 1 
				13
				-0.0903437 0.265731 -0.959805 25.7805 -0.956594 -0.291271 0.00940045 9.20101 -0.277065 0.918993 0.280511 -112.265 0 0 0 1 
				14
				-0.0919101 0.269016 -0.95874 25.9201 -0.956579 -0.291304 0.00996481 9.34418 -0.276604 0.918026 0.284109 -112.319 0 0 0 1 
				15
				-0.0924537 0.270158 -0.958367 25.9686 -0.956573 -0.291316 0.0101605 9.3939 -0.276443 0.917688 0.285359 -112.338 0 0 0 1 
				16
				-0.0919101 0.269016 -0.958741 25.9201 -0.956579 -0.291304 0.00996482 9.34418 -0.276605 0.918026 0.284109 -112.319 0 0 0 1 
				17
				-0.0903438 0.265731 -0.959805 25.7805 -0.956594 -0.291271 0.00940057 9.20102 -0.277065 0.918993 0.280511 -112.265 0 0 0 1 
				18
				-0.087859 0.260519 -0.961463 25.5592 -0.956617 -0.291222 0.00850614 8.97399 -0.277783 0.920499 0.274804 -112.178 0 0 0 1 
				19
				-0.0845596 0.253597 -0.963607 25.2653 -0.956645 -0.291165 0.00732112 8.67253 -0.278712 0.922448 0.267224 -112.063 0 0 0 1 
				20
				-0.080545 0.245174 -0.966127 24.9078 -0.956672 -0.291108 0.00588236 8.30576 -0.279805 0.924741 0.257998 -111.924 0 0 0 1 
				21
				-0.0759137 0.23546 -0.968915 24.4955 -0.956696 -0.291057 0.00422545 7.88281 -0.281015 0.927278 0.247359 -111.762 0 0 0 1 
				22
				-0.0707706 0.224671 -0.971861 24.0378 -0.956714 -0.291021 0.00239041 7.41322 -0.282295 0.929962 0.235542 -111.582 0 0 0 1 
				23
				-0.0652207 0.213029 -0.974867 23.544 -0.956722 -0.291003 0.000416455 6.9066 -0.283601 0.932703 0.222789 -111.387 0 0 0 1 
				24
				-0.0593676 0.20075 -0.977842 23.0234 -0.956718 -0.291011 -0.00165899 6.37237 -0.284896 0.935421 0.209337 -111.182 0 0 0 1 
				25
				-0.0533157 0.188054 -0.98071 22.4854 -0.956701 -0.291047 -0.00379877 5.82002 -0.286147 0.938045 0.195429 -110.968 0 0 0 1 
				26
				-0.0471747 0.175172 -0.983407 21.9396 -0.95667 -0.291111 -0.00596289 5.25956 -0.287325 0.940515 0.181315 -110.751 0 0 0 1 
				27
				-0.0410546 0.162334 -0.985881 21.3959 -0.956627 -0.291202 -0.00811271 4.70112 -0.288408 0.942788 0.167248 -110.534 0 0 0 1 
				28
				-0.0350647 0.149769 -0.988099 20.8639 -0.956572 -0.291318 -0.0102102 4.15454 -0.289381 0.94483 0.15348 -110.321 0 0 0 1 
				29
				-0.0293155 0.137708 -0.990039 20.3534 -0.956506 -0.291456 -0.0122168 3.62972 -0.290235 0.94662 0.140262 -110.116 0 0 0 1 
				30
				-0.0239188 0.126386 -0.991693 19.8743 -0.956435 -0.291606 -0.0140953 3.13707 -0.290965 0.948152 0.127855 -109.923 0 0 0 1 
				31
				-0.0189883 0.116044 -0.993063 19.4368 -0.95636 -0.291762 -0.0158073 2.68693 -0.291572 0.949426 0.11652 -109.746 0 0 0 1 
		</Joint>
			8
				-1
				-0.0189883 -0.99297 -0.116835 18.9097 -0.956361 -0.0160396 0.291749 -23.8633 -0.291572 0.117276 -0.949332 -117.84 0 0 0 1 
				0
				-0.0239188 -0.991592 -0.127176 19.2103 -0.956435 -0.0143275 0.291595 -23.4152 -0.290965 0.12861 -0.94805 -118.001 0 0 0 1 
				1
				-0.0293152 -0.989929 -0.138496 19.5395 -0.956506 -0.0124493 0.291446 -22.9246 -0.290235 0.141016 -0.946508 -118.174 0 0 0 1 
				2
				-0.0350649 -0.98798 -0.150556 19.8904 -0.956572 -0.010442 0.29131 -22.4016 -0.289381 0.154233 -0.944707 -118.355 0 0 0 1 
				3
				-0.0410546 -0.985752 -0.163119 20.2561 -0.956627 -0.00834455 0.291196 -21.8565 -0.288408 0.167999 -0.942654 -118.541 0 0 0 1 
				4
				-0.0471746 -0.983267 -0.175955 20.6299 -0.95667 -0.0061948 0.291107 -21.2993 -0.287325 0.182064 -0.940371 -118.728 0 0 0 1 
				5
				-0.0533156 -0.98056 -0.188835 21.0052 -0.956701 -0.00403056 0.291044 -20.7397 -0.286147 0.196176 -0.937889 -118.912 0 0 0 1 
				6
				-0.0593675 -0.977682 -0.201528 21.3753 -0.956718 -0.00189078 0.291009 -20.1878 -0.284896 0.210082 -0.935254 -119.091 0 0 0 1 
				7
				-0.0652207 -0.974697 -0.213805 21.7334 -0.956722 0.000184661 0.291004 -19.6537 -0.283601 0.223531 -0.932526 -119.261 0 0 0 1 
				8
				-0.0707704 -0.971683 -0.225445 22.0731 -0.956714 0.00215844 0.291023 -19.1468 -0.282295 0.236282 -0.929774 -119.419 0 0 0 1 
				9
