<?xml version='1.0' encoding='UTF-8' ?>
<itpanim>
	<skeleton count>
		25
			0 -1
			1.37091e-06 -1 -6.12323e-17 1.44664e-05 1 1.37091e-06 -6.12323e-17 -3.33788e-06 6.12323e-17 -6.12323e-17 1 44.5 0 0 0 1 
			1 0
			1.3868e-06 4.78456e-08 -1 -44.5 2.75771e-06 -1 -4.78418e-08 1.44666e-05 -1 -2.75771e-06 -1.3868e-06 -5.83747e-05 0 0 0 1 
			2 1
			1.40269e-06 -0.000796318 -1 -49.6773 0 -1 0.000796318 0.0514213 -1 -1.11699e-09 -1.40269e-06 3.19526e-06 0 0 0 1 
			3 2
			1.40269e-06 -0.000796318 -1 -64.5592 0 -1 0.000796318 0.0632714 -1 -1.11699e-09 -1.40269e-06 3.16239e-06 0 0 0 1 
			4 3
			1.40269e-06 -0.000796318 -1 -79.4411 0 -1 0.000796318 0.06596 -1 -1.11699e-09 -1.40269e-06 3.15493e-06 0 0 0 1 
			5 4
			1 1.37091e-06 4.37113e-08 -1.60435 -1.37091e-06 1 3.58059e-15 -1.09939e-05 -4.37113e-08 -6.35048e-14 1 79.4411 0 0 0 1 
			6 5
			0.995014 0.0902305 0.042489 -5.65533 -0.0897157 0.995871 -0.0138741 -0.287945 -0.0435655 0.00999304 0.999001 79.7571 0 0 0 1 
			7 6
			0.994845 -0.0912189 0.0442967 -20.654 0.0915704 0.995781 -0.00596753 -4.08763 -0.0435655 0.00999304 0.999001 79.7571 0 0 0 1 
			8 7
			0.994845 -0.0912189 0.0442967 -36.0513 -0.0434925 0.0107859 0.998995 79.7539 -0.091605 -0.995772 0.00676301 4.15114 0 0 0 1 
			9 4
			-1 -1.37091e-06 4.37114e-08 -1.60434 -1.37091e-06 1 3.84662e-15 -1.09939e-05 -4.37115e-08 -5.60777e-14 -1 -79.4411 0 0 0 1 
			10 9
			-0.995014 0.0902277 0.042489 -5.65533 0.089713 0.995871 -0.0138741 -0.287946 -0.0435654 -0.00999315 -0.999001 -79.7571 0 0 0 1 
			11 10
			-0.994845 -0.0912216 0.0442967 -20.654 -0.0915731 0.995781 -0.00596753 -4.08763 -0.0435654 -0.00999315 -0.999001 -79.7571 0 0 0 1 
			12 11
			-0.994845 -0.0912216 0.0442967 -36.0513 0.0434925 0.0107861 0.998995 79.7539 -0.0916078 0.995772 -0.00676301 -4.15114 0 0 0 1 
			13 4
			1.34309e-06 -5.95475e-08 -1 -82.8177 -1.40269e-06 -1 5.95456e-08 1.08462e-05 -1 1.40269e-06 -1.34309e-06 -0.000107894 0 0 0 1 
			14 13
			1 -0 0 0 0 1 0 0 -0 -0 1 -0 0 0 0 1 
			15 2
			1.37369e-06 -0.0998334 0.995004 44.2777 0 -0.995004 -0.0998334 -4.44257 1 1.3714e-07 -1.36683e-06 -4.58386 0 0 0 1 
			16 15
			1.37369e-06 0.0998334 0.995004 24.6789 0 -0.995004 0.0998334 0.469723 1 -1.3714e-07 -1.36683e-06 -4.58386 0 0 0 1 
			17 16
			1.3716e-06 -6.00745e-14 1 4.70494 0 -1 -6.00745e-14 1.29981e-05 1 8.23984e-20 -1.3716e-06 -4.58386 0 0 0 1 
			18 17
			1.3723e-06 -1 -6.00133e-14 -6.78409 0 6.00133e-14 -1 -0.105526 1 1.3723e-06 8.23562e-20 -4.58386 0 0 0 1 
			19 18
			1 -0 0 0 0 1 0 0 -0 -0 1 -0 0 0 0 1 
			20 2
			1.37369e-06 -0.0998334 0.995004 44.2777 0 -0.995004 -0.0998334 -4.44257 1 1.3714e-07 -1.36683e-06 4.58386 0 0 0 1 
			21 20
			1.37369e-06 0.0998334 0.995004 24.6789 0 -0.995004 0.0998334 0.469723 1 -1.3714e-07 -1.36683e-06 4.58386 0 0 0 1 
			22 21
			1.3716e-06 -6.00745e-14 1 4.70494 0 -1 -6.00745e-14 1.29981e-05 1 8.23984e-20 -1.3716e-06 4.58386 0 0 0 1 
			23 22
			1.3723e-06 -1 5.98908e-14 -6.78409 0 -5.98908e-14 -1 -0.105526 1 1.3723e-06 -8.21882e-20 4.58386 0 0 0 1 
			24 23
			1 -0 0 0 0 1 0 0 -0 -0 1 -0 0 0 0 1 
	</skeleton>
		<animations>
			33
			0
				-1
				-0.573575 0.819153 0 3.33786e-06 -0.819153 -0.573575 -0 8.68908e-07 -0 -0 1 -41.0541 0 0 0 1 
				0
				-0.573575 0.819153 0 3.33786e-06 -0.819153 -0.573575 -0 8.68908e-07 -0 -0 1 -41.1454 0 0 0 1 
				1
				-0.573575 0.819153 0 3.33786e-06 -0.819153 -0.573575 -0 8.68908e-07 -0 -0 1 -41.2454 0 0 0 1 
				2
				-0.573575 0.819153 0 3.33786e-06 -0.819153 -0.573575 -0 8.68908e-07 -0 -0 1 -41.3523 0 0 0 1 
				3
				-0.573575 0.819153 0 3.33786e-06 -0.819153 -0.573575 -0 8.68908e-07 -0 -0 1 -41.4637 0 0 0 1 
				4
				-0.573575 0.819153 0 3.33786e-06 -0.819153 -0.573575 -0 8.68908e-07 -0 -0 1 -41.5779 0 0 0 1 
				5
				-0.573575 0.819153 -3.53493e-33 3.33786e-06 -0.819153 -0.573575 -5.04842e-33 8.68908e-07 -6.16298e-33 -0 1 -41.6928 0 0 0 1 
				6
				-0.573575 0.819153 0 3.33786e-06 -0.819153 -0.573575 -0 8.68908e-07 -0 -0 1 -41.8064 0 0 0 1 
				7
				-0.573575 0.819153 0 3.33786e-06 -0.819153 -0.573575 -0 8.68908e-07 -0 -0 1 -41.9165 0 0 0 1 
				8
				-0.573575 0.819153 0 3.33786e-06 -0.819153 -0.573575 -0 8.68908e-07 -0 -0 1 -42.0213 0 0 0 1 
				9
				-0.573575 0.819153 0 3.33786e-06 -0.819153 -0.573575 -0 8.68908e-07 -0 -0 1 -42.1187 0 0 0 1 
				10
				-0.573575 0.819153 0 3.33786e-06 -0.819153 -0.573575 -0 8.68908e-07 -0 -0 1 -42.2066 0 0 0 1 
				11
				-0.573575 0.819153 0 3.33786e-06 -0.819153 -0.573575 -0 8.68908e-07 -0 -0 1 -42.2831 0 0 0 1 
				12
				-0.573575 0.819153 0 3.33786e-06 -0.819153 -0.573575 -0 8.68908e-07 -0 -0 1 -42.3461 0 0 0 1 
				13
				-0.573575 0.819153 0 3.33786e-06 -0.819153 -0.573575 -0 8.68908e-07 -0 -0 1 -42.3936 0 0 0 1 
				14
				-0.573575 0.819153 0 3.33786e-06 -0.819153 -0.573575 -0 8.68908e-07 -0 -0 1 -42.4236 0 0 0 1 
				15
				-0.573575 0.819153 0 3.33786e-06 -0.819153 -0.573575 -0 8.68908e-07 -0 -0 1 -42.434 0 0 0 1 
				16
				-0.573575 0.819153 0 3.33786e-06 -0.819153 -0.573575 -0 8.68908e-07 -0 -0 1 -42.4236 0 0 0 1 
				17
				-0.573575 0.819153 0 3.33786e-06 -0.819153 -0.573575 -0 8.68908e-07 -0 -0 1 -42.3936 0 0 0 1 
				18
				-0.573575 0.819153 0 3.33786e-06 -0.819153 -0.573575 -0 8.68908e-07 -0 -0 1 -42.3461 0 0 0 1 
				19
				-0.573575 0.819153 0 3.33786e-06 -0.819153 -0.573575 -0 8.68908e-07 -0 -0 1 -42.2831 0 0 0 1 
				20
				-0.573575 0.819153 0 3.33786e-06 -0.819153 -0.573575 -0 8.68908e-07 -0 -0 1 -42.2066 0 0 0 1 
				21
				-0.573575 0.819153 0 3.33786e-06 -0.819153 -0.573575 -0 8.68908e-07 -0 -0 1 -42.1187 0 0 0 1 
				22
				-0.573575 0.819153 0 3.33786e-06 -0.819153 -0.573575 -0 8.68908e-07 -0 -0 1 -42.0213 0 0 0 1 
				23
				-0.573575 0.819153 0 3.33786e-06 -0.819153 -0.573575 -0 8.68908e-07 -0 -0 1 -41.9165 0 0 0 1 
				24
				-0.573575 0.819153 0 3.33786e-06 -0.819153 -0.573575 -0 8.68908e-07 -0 -0 1 -41.8064 0 0 0 1 
				25
				-0.573575 0.819153 0 3.33786e-06 -0.819153 -0.573575 -0 8.68908e-07 -0 -0 1 -41.6928 0 0 0 1 
				26
				-0.573575 0.819153 0 3.33786e-06 -0.819153 -0.573575 -0 8.68908e-07 -0 -0 1 -41.5779 0 0 0 1 
				27
				-0.573575 0.819153 0 3.33786e-06 -0.819153 -0.573575 -0 8.68908e-07 -0 -0 1 -41.4637 0 0 0 1 
				28
				-0.573575 0.819153 0 3.33786e-06 -0.819153 -0.573575 -0 8.68908e-07 -0 -0 1 -41.3522 0 0 0 1 
				29
				-0.573575 0.819153 0 3.33786e-06 -0.819153 -0.573575 -0 8.68908e-07 -0 -0 1 -41.2454 0 0 0 1 
				30
				-0.573575 0.819153 0 3.33786e-06 -0.819153 -0.573575 -0 8.68908e-07 -0 -0 1 -41.1454 0 0 0 1 
				31
				-0.573575 0.819153 0 3.33786e-06 -0.819153 -0.573575 -0 8.68908e-07 -0 -0 1 -41.0541 0 0 0 1 
		</Joint>
			1
				-1
				1.33158e-06 -0.573574 -0.819154 3.33786e-06 0 -0.819154 0.573574 8.68908e-07 -1 -7.6376e-07 -1.09077e-06 -41.0541 0 0 0 1 
				0
				1.33158e-06 -0.573574 -0.819154 3.33786e-06 0 -0.819154 0.573574 8.68908e-07 -1 -7.6376e-07 -1.09077e-06 -41.1454 0 0 0 1 
				1
				1.33158e-06 -0.573574 -0.819154 3.33786e-06 0 -0.819154 0.573574 8.68908e-07 -1 -7.6376e-07 -1.09077e-06 -41.2454 0 0 0 1 
				2
				1.33158e-06 -0.573574 -0.819154 3.33786e-06 0 -0.819154 0.573574 8.68908e-07 -1 -7.6376e-07 -1.09077e-06 -41.3523 0 0 0 1 
				3
				1.33158e-06 -0.573574 -0.819154 3.33786e-06 0 -0.819154 0.573574 8.68908e-07 -1 -7.6376e-07 -1.09077e-06 -41.4637 0 0 0 1 
				4
				1.33158e-06 -0.573574 -0.819154 3.33786e-06 0 -0.819154 0.573574 8.68908e-07 -1 -7.6376e-07 -1.09077e-06 -41.5779 0 0 0 1 
				5
				1.33158e-06 -0.573574 -0.819154 3.33786e-06 0 -0.819154 0.573574 8.68908e-07 -1 -7.6376e-07 -1.09077e-06 -41.6928 0 0 0 1 
				6
				1.33158e-06 -0.573574 -0.819154 3.33786e-06 0 -0.819154 0.573574 8.68908e-07 -1 -7.6376e-07 -1.09077e-06 -41.8064 0 0 0 1 
				7
				1.33158e-06 -0.573574 -0.819154 3.33786e-06 0 -0.819154 0.573574 8.68908e-07 -1 -7.6376e-07 -1.09077e-06 -41.9165 0 0 0 1 
				8
				1.33158e-06 -0.573574 -0.819154 3.33786e-06 0 -0.819154 0.573574 8.68908e-07 -1 -7.6376e-07 -1.09077e-06 -42.0213 0 0 0 1 
				9
				1.33158e-06 -0.573574 -0.819154 3.33786e-06 0 -0.819154 0.573574 8.68908e-07 -1 -7.6376e-07 -1.09077e-06 -42.1187 0 0 0 1 
				10
				1.33158e-06 -0.573574 -0.819154 3.33786e-06 0 -0.819154 0.573574 8.68908e-07 -1 -7.6376e-07 -1.09077e-06 -42.2066 0 0 0 1 
				11
				1.33158e-06 -0.573574 -0.819154 3.33786e-06 0 -0.819154 0.573574 8.68908e-07 -1 -7.6376e-07 -1.09077e-06 -42.2831 0 0 0 1 
				12
				1.33158e-06 -0.573574 -0.819154 3.33786e-06 0 -0.819154 0.573574 8.68908e-07 -1 -7.6376e-07 -1.09077e-06 -42.3461 0 0 0 1 
				13
				1.33158e-06 -0.573574 -0.819154 3.33786e-06 0 -0.819154 0.573574 8.68908e-07 -1 -7.6376e-07 -1.09077e-06 -42.3936 0 0 0 1 
				14
				1.33158e-06 -0.573574 -0.819154 3.33786e-06 0 -0.819154 0.573574 8.68908e-07 -1 -7.6376e-07 -1.09077e-06 -42.4236 0 0 0 1 
				15
				1.33158e-06 -0.573574 -0.819154 3.33786e-06 0 -0.819154 0.573574 8.68908e-07 -1 -7.6376e-07 -1.09077e-06 -42.434 0 0 0 1 
				16
				1.33158e-06 -0.573574 -0.819154 3.33786e-06 0 -0.819154 0.573574 8.68908e-07 -1 -7.6376e-07 -1.09077e-06 -42.4236 0 0 0 1 
				17
				1.33158e-06 -0.573574 -0.819154 3.33786e-06 0 -0.819154 0.573574 8.68908e-07 -1 -7.6376e-07 -1.09077e-06 -42.3936 0 0 0 1 
				18
				1.33158e-06 -0.573574 -0.819154 3.33786e-06 0 -0.819154 0.573574 8.68908e-07 -1 -7.6376e-07 -1.09077e-06 -42.3461 0 0 0 1 
				19
				1.33158e-06 -0.573574 -0.819154 3.33786e-06 0 -0.819154 0.573574 8.68908e-07 -1 -7.6376e-07 -1.09077e-06 -42.2831 0 0 0 1 
				20
				1.33158e-06 -0.573574 -0.819154 3.33786e-06 0 -0.819154 0.573574 8.68908e-07 -1 -7.6376e-07 -1.09077e-06 -42.2066 0 0 0 1 
				21
				1.33158e-06 -0.573574 -0.819154 3.33786e-06 0 -0.819154 0.573574 8.68908e-07 -1 -7.6376e-07 -1.09077e-06 -42.1187 0 0 0 1 
				22
				1.33158e-06 -0.573574 -0.819154 3.33786e-06 0 -0.819154 0.573574 8.68908e-07 -1 -7.6376e-07 -1.09077e-06 -42.0213 0 0 0 1 
				23
				1.33158e-06 -0.573574 -0.819154 3.33786e-06 0 -0.819154 0.573574 8.68908e-07 -1 -7.6376e-07 -1.09077e-06 -41.9165 0 0 0 1 
				24
				1.33158e-06 -0.573574 -0.819154 3.33786e-06 0 -0.819154 0.573574 8.68908e-07 -1 -7.6376e-07 -1.09077e-06 -41.8064 0 0 0 1 
				25
				1.33158e-06 -0.573574 -0.819154 3.33786e-06 0 -0.819154 0.573574 8.68908e-07 -1 -7.6376e-07 -1.09077e-06 -41.6928 0 0 0 1 
				26
				1.33158e-06 -0.573574 -0.819154 3.33786e-06 0 -0.819154 0.573574 8.68908e-07 -1 -7.6376e-07 -1.09077e-06 -41.5779 0 0 0 1 
				27
				1.33158e-06 -0.573574 -0.819154 3.33786e-06 0 -0.819154 0.573574 8.68908e-07 -1 -7.6376e-07 -1.09077e-06 -41.4637 0 0 0 1 
				28
				1.33158e-06 -0.573574 -0.819154 3.33786e-06 0 -0.819154 0.573574 8.68908e-07 -1 -7.6376e-07 -1.09077e-06 -41.3522 0 0 0 1 
				29
				1.33158e-06 -0.573574 -0.819154 3.33786e-06 0 -0.819154 0.573574 8.68908e-07 -1 -7.6376e-07 -1.09077e-06 -41.2454 0 0 0 1 
				30
				1.33158e-06 -0.573574 -0.819154 3.33786e-06 0 -0.819154 0.573574 8.68908e-07 -1 -7.6376e-07 -1.09077e-06 -41.1454 0 0 0 1 
				31
				1.33158e-06 -0.573574 -0.819154 3.33786e-06 0 -0.819154 0.573574 8.68908e-07 -1 -7.6376e-07 -1.09077e-06 -41.0541 0 0 0 1 
		</Joint>
			2
				-1
				-0.000271968 -0.342021 -0.939692 0.00405821 -0.000750183 -0.939692 0.342021 0.0111245 -1 0.00079796 -1.01198e-06 -46.2314 0 0 0 1 
				0
				0.0017024 -0.342017 -0.939692 0.00405814 0.00467437 -0.93968 0.342021 0.0111243 -0.999988 -0.00497473 -9.96777e-07 -46.3227 0 0 0 1 
				1
				0.00386685 -0.341999 -0.939692 0.00405793 0.0106212 -0.939632 0.342021 0.0111237 -0.999936 -0.0113032 -9.79384e-07 -46.4227 0 0 0 1 
				2
				0.00617687 -0.341965 -0.939692 0.00405752 0.0169679 -0.939539 0.342021 0.0111226 -0.999837 -0.0180573 -9.58298e-07 -46.5294 0 0 0 1 
				3
				0.00858788 -0.341913 -0.939692 0.00405691 0.0235922 -0.939396 0.342021 0.0111209 -0.999685 -0.0251066 -9.39735e-07 -46.6408 0 0 0 1 
				4
				0.0110567 -0.341842 -0.939692 0.00405602 0.0303753 -0.939201 0.342021 0.0111185 -0.999477 -0.0323251 -9.18626e-07 -46.7549 0 0 0 1 
				5
				0.0135403 -0.341753 -0.939692 0.00405496 0.0371988 -0.938956 0.342021 0.0111155 -0.999216 -0.0395865 -9.02544e-07 -46.8697 0 0 0 1 
				6
				0.015994 -0.341647 -0.939692 0.00405369 0.0439404 -0.938664 0.342021 0.0111121 -0.998906 -0.0467607 -8.79325e-07 -46.9832 0 0 0 1 
				7
				0.0183734 -0.341527 -0.939692 0.00405227 0.0504778 -0.938335 0.342021 0.0111082 -0.998556 -0.0537177 -8.61037e-07 -47.0932 0 0 0 1 
				8
				0.0206356 -0.341398 -0.939692 0.00405075 0.0566931 -0.93798 0.342021 0.0111039 -0.998178 -0.0603318 -8.41731e-07 -47.1979 0 0 0 1 
				9
				0.0227375 -0.341265 -0.939692 0.00404915 0.0624683 -0.937613 0.342021 0.0110996 -0.997788 -0.0664776 -8.1709e-07 -47.2952 0 0 0 1 
				10
				0.0246352 -0.341133 -0.939692 0.0040476 0.067682 -0.937252 0.342021 0.0110952 -0.997403 -0.072026 -8.09358e-07 -47.3831 0 0 0 1 
				11
				0.0262844 -0.34101 -0.939692 0.0040461 0.0722131 -0.936913 0.342021 0.0110912 -0.997043 -0.0768479 -8.02651e-07 -47.4595 0 0 0 1 
				12
				0.0276424 -0.340902 -0.939692 0.00404487 0.0759443 -0.936618 0.342021 0.0110875 -0.996729 -0.0808186 -7.93096e-07 -47.5224 0 0 0 1 
				13
				0.0286667 -0.340818 -0.939692 0.0040438 0.0787586 -0.936386 0.342021 0.0110848 -0.996481 -0.0838134 -7.73767e-07 -47.5699 0 0 0 1 
				14
				0.0293132 -0.340763 -0.939692 0.00404311 0.080535 -0.936235 0.342021 0.0110829 -0.996321 -0.0857038 -7.63635e-07 -47.5999 0 0 0 1 
				15
				0.0295379 -0.340743 -0.939692 0.00404291 0.0811523 -0.936181 0.342021 0.0110825 -0.996264 -0.0863608 -7.7492e-07 -47.6103 0 0 0 1 
				16
				0.0293132 -0.340763 -0.939692 0.00404315 0.0805349 -0.936235 0.342021 0.011083 -0.996321 -0.0857038 -7.71343e-07 -47.5999 0 0 0 1 
				17
				0.0286667 -0.340818 -0.939692 0.00404377 0.0787586 -0.936386 0.342021 0.0110848 -0.996481 -0.0838134 -7.73918e-07 -47.5699 0 0 0 1 
				18
				0.0276424 -0.340902 -0.939692 0.00404488 0.0759443 -0.936618 0.342021 0.0110875 -0.996729 -0.0808186 -7.91751e-07 -47.5224 0 0 0 1 
				19
				0.0262844 -0.34101 -0.939692 0.0040461 0.0722131 -0.936913 0.342021 0.0110912 -0.997043 -0.0768479 -8.02651e-07 -47.4595 0 0 0 1 
				20
				0.0246352 -0.341133 -0.939692 0.00404756 0.067682 -0.937252 0.342021 0.0110952 -0.997403 -0.072026 -8.09371e-07 -47.3831 0 0 0 1 
				21
				0.0227375 -0.341265 -0.939692 0.00404914 0.0624683 -0.937613 0.342021 0.0110995 -0.997788 -0.0664777 -8.22534e-07 -47.2952 0 0 0 1 
				22
				0.0206356 -0.341398 -0.939692 0.00405071 0.0566931 -0.93798 0.342021 0.0111039 -0.998178 -0.0603318 -8.40654e-07 -47.1979 0 0 0 1 
				23
				0.0183734 -0.341527 -0.939692 0.00405227 0.0504778 -0.938335 0.342021 0.0111082 -0.998556 -0.0537177 -8.61037e-07 -47.0932 0 0 0 1 
				24
				0.015994 -0.341647 -0.939692 0.00405368 0.0439404 -0.938664 0.342021 0.0111121 -0.998906 -0.0467607 -8.78773e-07 -46.9832 0 0 0 1 
				25
				0.0135403 -0.341753 -0.939692 0.00405497 0.0371988 -0.938955 0.342021 0.0111155 -0.999216 -0.0395865 -8.99741e-07 -46.8697 0 0 0 1 
				26
				0.0110567 -0.341842 -0.939692 0.00405604 0.0303753 -0.939201 0.342021 0.0111185 -0.999477 -0.0323251 -9.17659e-07 -46.7549 0 0 0 1 
				27
				0.00858788 -0.341913 -0.939692 0.00405689 0.0235922 -0.939396 0.342021 0.0111209 -0.999685 -0.0251066 -9.39735e-07 -46.6408 0 0 0 1 
				28
				0.00617687 -0.341965 -0.939692 0.00405752 0.0169679 -0.939539 0.342021 0.0111226 -0.999837 -0.0180573 -9.58495e-07 -46.5294 0 0 0 1 
				29
				0.00386685 -0.341999 -0.939692 0.00405793 0.0106212 -0.939632 0.342021 0.0111237 -0.999936 -0.0113032 -9.78845e-07 -46.4227 0 0 0 1 
				30
				0.0017024 -0.342017 -0.939692 0.00405815 0.00467438 -0.93968 0.342021 0.0111244 -0.999988 -0.00497473 -9.97055e-07 -46.3227 0 0 0 1 
				31
				-0.000271968 -0.342021 -0.939692 0.00405821 -0.000750183 -0.939692 0.342021 0.0111245 -1 0.00079796 -1.01198e-06 -46.2314 0 0 0 1 
		</Joint>
			3
				-1
				-6.90263e-05 -0.0871567 -0.996195 0.00104358 -0.000795174 -0.996194 0.0871567 0.0117653 -1 0.000798164 -5.41151e-07 -61.1133 0 0 0 1 
				0
				0.0024084 -0.0871406 -0.996193 0.0304256 0.01038 -0.99614 0.0871611 0.0924921 -0.999943 -0.0105504 -0.00149459 -61.2042 0 0 0 1 
				1
				0.0051239 -0.0870801 -0.996188 0.0626359 0.0226298 -0.995936 0.0871745 0.180989 -0.999731 -0.0229902 -0.00313247 -61.3033 0 0 0 1 
				2
				0.00802096 -0.0869674 -0.996179 0.0970115 0.0357005 -0.995551 0.0872001 0.275435 -0.99933 -0.0362635 -0.00488049 -61.4084 0 0 0 1 
				3
				0.0110428 -0.0867961 -0.996165 0.132889 0.0493376 -0.994965 0.0872385 0.374007 -0.998721 -0.0501118 -0.00670493 -61.5174 0 0 0 1 
				4
				0.0141346 -0.086564 -0.996146 0.169627 0.0632946 -0.99417 0.0872904 0.474941 -0.997895 -0.0642845 -0.00857313 -61.6282 0 0 0 1 
				5
				0.0172412 -0.0862725 -0.996122 0.206582 0.077325 -0.993172 0.0873552 0.576473 -0.996857 -0.0785313 -0.0104524 -61.739 0 0 0 1 
				6
				0.0203063 -0.0859276 -0.996094 0.243092 0.0911753 -0.991989 0.0874321 0.676783 -0.995628 -0.0925946 -0.0123091 -61.8477 0 0 0 1 
				7
				0.0232739 -0.0855387 -0.996063 0.278497 0.104593 -0.990657 0.0875184 0.774052 -0.994243 -0.106219 -0.0141096 -61.9524 0 0 0 1 
				8
				0.0260903 -0.0851199 -0.996029 0.312155 0.117337 -0.98922 0.0876116 0.866525 -0.992749 -0.119157 -0.0158214 -62.0513 0 0 0 1 
				9
				0.0287026 -0.0846877 -0.995994 0.34343 0.129165 -0.987736 0.0877079 0.952449 -0.991208 -0.131165 -0.0174119 -62.1426 0 0 0 1 
				10
				0.0310565 -0.0842616 -0.99596 0.371664 0.139831 -0.986275 0.0878025 1.03002 -0.989688 -0.141993 -0.0188479 -62.2247 0 0 0 1 
				11
				0.0330984 -0.0838639 -0.995927 0.3962 0.14909 -0.98491 0.087891 1.09743 -0.98827 -0.151392 -0.0200957 -62.2956 0 0 0 1 
				12
				0.0347773 -0.0835171 -0.995899 0.416405 0.156707 -0.98372 0.087968 1.15294 -0.987032 -0.159124 -0.0211233 -62.3538 0 0 0 1 
				13
				0.0360418 -0.0832442 -0.995877 0.431645 0.162448 -0.982782 0.0880288 1.19481 -0.986059 -0.164951 -0.0218984 -62.3975 0 0 0 1 
				14
				0.0368392 -0.083067 -0.995863 0.441263 0.166069 -0.982174 0.0880684 1.22123 -0.985426 -0.168626 -0.0223876 -62.425 0 0 0 1 
				15
				0.0371161 -0.0830043 -0.995858 0.444607 0.167327 -0.981959 0.0880822 1.23042 -0.985203 -0.169903 -0.0225576 -62.4346 0 0 0 1 
				16
				0.0368392 -0.083067 -0.995863 0.441264 0.166069 -0.982173 0.0880684 1.22123 -0.985426 -0.168626 -0.0223876 -62.425 0 0 0 1 
				17
				0.0360418 -0.0832442 -0.995877 0.431645 0.162448 -0.982782 0.0880288 1.19481 -0.986059 -0.164951 -0.0218984 -62.3975 0 0 0 1 
				18
				0.0347773 -0.0835171 -0.995899 0.416405 0.156707 -0.98372 0.087968 1.15294 -0.987032 -0.159124 -0.0211233 -62.3538 0 0 0 1 
				19
				0.0330984 -0.0838639 -0.995927 0.3962 0.14909 -0.98491 0.087891 1.09743 -0.98827 -0.151392 -0.0200957 -62.2956 0 0 0 1 
				20
				0.0310564 -0.0842617 -0.995959 0.371664 0.139831 -0.986275 0.0878026 1.03002 -0.989688 -0.141992 -0.0188478 -62.2247 0 0 0 1 
				21
				0.0287026 -0.0846877 -0.995994 0.34343 0.129165 -0.987736 0.0877078 0.95245 -0.991208 -0.131165 -0.0174119 -62.1426 0 0 0 1 
				22
				0.0260903 -0.0851199 -0.996029 0.312155 0.117337 -0.98922 0.0876116 0.866526 -0.992749 -0.119157 -0.0158214 -62.0513 0 0 0 1 
				23
				0.0232739 -0.0855387 -0.996063 0.278497 0.104593 -0.990657 0.0875184 0.774053 -0.994243 -0.106219 -0.0141096 -61.9524 0 0 0 1 
				24
				0.0203063 -0.0859275 -0.996094 0.243093 0.0911753 -0.991989 0.087432 0.676783 -0.995628 -0.0925946 -0.0123091 -61.8477 0 0 0 1 
				25
				0.0172412 -0.0862724 -0.996122 0.206582 0.077325 -0.993171 0.0873552 0.576473 -0.996857 -0.0785312 -0.0104524 -61.739 0 0 0 1 
				26
				0.0141346 -0.086564 -0.996146 0.169627 0.0632946 -0.99417 0.0872903 0.474941 -0.997895 -0.0642845 -0.00857313 -61.6282 0 0 0 1 
				27
				0.0110428 -0.0867961 -0.996165 0.132889 0.0493376 -0.994965 0.0872385 0.374007 -0.998721 -0.0501118 -0.00670493 -61.5174 0 0 0 1 
				28
				0.00802096 -0.0869675 -0.996179 0.0970115 0.0357005 -0.995551 0.0872001 0.275435 -0.99933 -0.0362635 -0.00488049 -61.4084 0 0 0 1 
				29
				0.0051239 -0.0870802 -0.996188 0.0626359 0.0226298 -0.995936 0.0871746 0.180989 -0.999731 -0.0229902 -0.00313247 -61.3033 0 0 0 1 
				30
				0.0024084 -0.0871406 -0.996193 0.0304257 0.01038 -0.99614 0.087161 0.0924921 -0.999943 -0.0105504 -0.00149459 -61.2042 0 0 0 1 
				31
				-6.90263e-05 -0.0871567 -0.996195 0.00104358 -0.000795174 -0.996194 0.0871567 0.0117653 -1 0.000798164 -5.41151e-07 -61.1133 0 0 0 1 
		</Joint>
			4
				-1
				-6.90263e-05 -0.0871567 -0.996195 0.000250668 -0.000795174 -0.996194 0.0871567 0.00261006 -1 0.000798164 -5.41158e-07 -75.9952 0 0 0 1 
				0
				0.0024084 -0.0871406 -0.996193 0.0665014 0.01038 -0.99614 0.087161 0.249644 -0.999943 -0.0105504 -0.00149459 -76.0852 0 0 0 1 
				1
				0.0051239 -0.0870801 -0.996188 0.139123 0.0226298 -0.995936 0.0871745 0.520441 -0.999731 -0.0229902 -0.00313247 -76.1811 0 0 0 1 
				2
				0.00802096 -0.0869674 -0.996179 0.216612 0.0357005 -0.995551 0.0872001 0.809402 -0.99933 -0.0362635 -0.00488049 -76.2803 0 0 0 1 
				3
				0.0110428 -0.0867961 -0.996165 0.297461 0.0493376 -0.994965 0.0872385 1.11092 -0.998721 -0.0501118 -0.00670493 -76.3801 0 0 0 1 
				4
				0.0141346 -0.086564 -0.996146 0.380209 0.0632946 -0.99417 0.0872903 1.41956 -0.997895 -0.0642845 -0.00857312 -76.4786 0 0 0 1 
				5
				0.0172412 -0.0862725 -0.996122 0.463395 0.077325 -0.993172 0.0873552 1.72988 -0.996857 -0.0785313 -0.0104524 -76.5739 0 0 0 1 
				6
				0.0203063 -0.0859276 -0.996094 0.545519 0.0911753 -0.991989 0.0874321 2.03631 -0.995628 -0.0925946 -0.0123091 -76.6643 0 0 0 1 
				7
				0.0232739 -0.0855387 -0.996063 0.625086 0.104593 -0.990656 0.0875184 2.33327 -0.994243 -0.106219 -0.0141096 -76.7483 0 0 0 1 
				8
				0.0260903 -0.0851199 -0.996029 0.700658 0.117337 -0.98922 0.0876116 2.61538 -0.992749 -0.119157 -0.0158214 -76.825 0 0 0 1 
				9
				0.0287026 -0.0846877 -0.995994 0.770806 0.129165 -0.987736 0.0877079 2.87732 -0.991208 -0.131165 -0.0174119 -76.8933 0 0 0 1 
				10
				0.0310565 -0.0842616 -0.99596 0.834069 0.139831 -0.986275 0.0878025 3.11361 -0.989688 -0.141992 -0.0188478 -76.9527 0 0 0 1 
				11
				0.0330984 -0.0838639 -0.995927 0.888993 0.14909 -0.98491 0.087891 3.31882 -0.98827 -0.151392 -0.0200957 -77.0025 0 0 0 1 
				12
				0.0347773 -0.0835171 -0.995899 0.934181 0.156707 -0.98372 0.087968 3.48768 -0.987032 -0.159124 -0.0211233 -77.0422 0 0 0 1 
				13
				0.0360418 -0.0832442 -0.995877 0.968238 0.162448 -0.982782 0.0880288 3.61498 -0.986059 -0.164951 -0.0218984 -77.0715 0 0 0 1 
				14
				0.0368392 -0.083067 -0.995863 0.989723 0.166069 -0.982174 0.0880684 3.6953 -0.985426 -0.168626 -0.0223876 -77.0896 0 0 0 1 
				15
				0.0371161 -0.0830043 -0.995858 0.997188 0.167327 -0.981959 0.0880822 3.7232 -0.985203 -0.169903 -0.0225576 -77.0958 0 0 0 1 
				16
				0.0368392 -0.083067 -0.995863 0.989724 0.166069 -0.982173 0.0880684 3.6953 -0.985426 -0.168626 -0.0223876 -77.0896 0 0 0 1 
				17
				0.0360418 -0.0832443 -0.995877 0.968238 0.162448 -0.982782 0.0880288 3.61498 -0.986059 -0.164951 -0.0218984 -77.0715 0 0 0 1 
				18
				0.0347773 -0.0835171 -0.995899 0.934181 0.156707 -0.98372 0.087968 3.48768 -0.987032 -0.159124 -0.0211233 -77.0422 0 0 0 1 
				19
				0.0330984 -0.0838639 -0.995927 0.888993 0.14909 -0.98491 0.087891 3.31882 -0.98827 -0.151392 -0.0200957 -77.0025 0 0 0 1 
				20
				0.0310564 -0.0842617 -0.995959 0.834069 0.139831 -0.986275 0.0878026 3.11361 -0.989688 -0.141992 -0.0188478 -76.9527 0 0 0 1 
				21
				0.0287026 -0.0846877 -0.995994 0.770806 0.129165 -0.987736 0.0877078 2.87732 -0.991208 -0.131165 -0.0174119 -76.8933 0 0 0 1 
				22
				0.0260903 -0.0851199 -0.996029 0.700658 0.117337 -0.98922 0.0876116 2.61538 -0.992749 -0.119157 -0.0158214 -76.825 0 0 0 1 
				23
				0.0232739 -0.0855387 -0.996063 0.625086 0.104593 -0.990656 0.0875184 2.33327 -0.994243 -0.106219 -0.0141096 -76.7483 0 0 0 1 
				24
				0.0203063 -0.0859275 -0.996094 0.545519 0.0911753 -0.991989 0.087432 2.03631 -0.995628 -0.0925946 -0.0123091 -76.6643 0 0 0 1 
				25
				0.0172412 -0.0862724 -0.996122 0.463395 0.077325 -0.993171 0.0873552 1.72989 -0.996857 -0.0785312 -0.0104524 -76.5739 0 0 0 1 
				26
				0.0141346 -0.0865639 -0.996146 0.380209 0.0632946 -0.99417 0.0872903 1.41956 -0.997895 -0.0642845 -0.00857312 -76.4786 0 0 0 1 
				27
				0.0110428 -0.0867961 -0.996165 0.297461 0.0493376 -0.994965 0.0872385 1.11092 -0.998721 -0.0501118 -0.00670493 -76.3801 0 0 0 1 
				28
				0.00802096 -0.0869675 -0.996179 0.216612 0.0357005 -0.995551 0.0872001 0.809402 -0.99933 -0.0362635 -0.00488049 -76.2802 0 0 0 1 
				29
				0.0051239 -0.0870802 -0.996188 0.139123 0.0226298 -0.995936 0.0871746 0.520441 -0.999731 -0.0229902 -0.00313247 -76.1811 0 0 0 1 
				30
				0.0024084 -0.0871406 -0.996193 0.0665015 0.01038 -0.99614 0.087161 0.249644 -0.999943 -0.0105504 -0.00149459 -76.0852 0 0 0 1 
				31
				-6.90263e-05 -0.0871567 -0.996195 0.000250668 -0.000795174 -0.996194 0.0871567 0.00261006 -1 0.000798164 -5.41158e-07 -75.9952 0 0 0 1 
		</Joint>
			5
				-1
				0.996195 0.0871567 2.45679e-06 1.59826 -0.0871567 0.996194 2.20616e-06 -0.139894 -2.25516e-06 -2.41189e-06 1 -75.9952 0 0 0 1 
				0
				0.996193 0.0871387 -0.00247496 1.66451 -0.087161 0.996131 -0.0111729 0.107133 0.00149179 0.0113461 0.999935 -76.0829 0 0 0 1 
				1
				0.996188 0.087076 -0.00519041 1.73712 -0.0871744 0.995917 -0.0234226 0.377909 0.00312968 0.0237857 0.999712 -76.1762 0 0 0 1 
				2
				0.996179 0.086961 -0.00808737 1.8146 -0.0872 0.995522 -0.0364929 0.666831 0.0048777 0.0370587 0.999301 -76.2725 0 0 0 1 
				3
				0.996165 0.0867873 -0.0111091 1.89542 -0.0872383 0.994925 -0.0501296 0.968288 0.00670214 0.0509065 0.998681 -76.3695 0 0 0 1 
				4
				0.996146 0.0865527 -0.0142007 1.97814 -0.0872902 0.994119 -0.0640859 1.27684 0.00857033 0.0650785 0.997843 -76.465 0 0 0 1 
				5
				0.996122 0.0862587 -0.017307 2.06129 -0.087355 0.99311 -0.0781155 1.58707 0.0104496 0.0793245 0.996794 -76.5574 0 0 0 1 
				6
				0.996094 0.0859114 -0.0203719 2.14337 -0.0874319 0.991916 -0.091965 1.89338 0.0123063 0.0933869 0.995554 -76.6448 0 0 0 1 
				7
				0.996063 0.0855202 -0.0233392 2.22289 -0.0875181 0.990573 -0.105382 2.1902 0.0141069 0.10701 0.994158 -76.726 0 0 0 1 
				8
				0.996029 0.0850991 -0.0261553 2.29841 -0.0876113 0.989126 -0.118124 2.47216 0.0158186 0.119947 0.992654 -76.7999 0 0 0 1 
				9
				0.995994 0.0846648 -0.0287672 2.3685 -0.0877075 0.987633 -0.129951 2.73395 0.0174091 0.131953 0.991103 -76.8657 0 0 0 1 
				10
				0.99596 0.0842368 -0.0311207 2.43171 -0.0878021 0.986163 -0.140616 2.9701 0.0188451 0.14278 0.989575 -76.9229 0 0 0 1 
				11
				0.995927 0.0838375 -0.0331624 2.48658 -0.0878905 0.984791 -0.149874 3.17517 0.020093 0.152178 0.988149 -76.9707 0 0 0 1 
				12
				0.995899 0.0834894 -0.0348409 2.53172 -0.0879675 0.983594 -0.15749 3.34391 0.0211206 0.159909 0.986906 -77.0088 0 0 0 1 
				13
				0.995877 0.0832155 -0.0361052 2.56575 -0.0880284 0.982653 -0.16323 3.47111 0.0218956 0.165735 0.985927 -77.0368 0 0 0 1 
				14
				0.995863 0.0830377 -0.0369025 2.58721 -0.088068 0.982041 -0.166851 3.55137 0.0223848 0.169411 0.985291 -77.0541 0 0 0 1 
				15
				0.995858 0.0829747 -0.0371794 2.59467 -0.0880817 0.981825 -0.168109 3.57926 0.0225549 0.170687 0.985067 -77.0601 0 0 0 1 
				16
				0.995863 0.0830377 -0.0369025 2.58721 -0.088068 0.982041 -0.166851 3.55137 0.0223848 0.169411 0.985291 -77.0541 0 0 0 1 
				17
				0.995877 0.0832155 -0.0361052 2.56575 -0.0880284 0.982653 -0.16323 3.47111 0.0218956 0.165735 0.985927 -77.0368 0 0 0 1 
				18
				0.995899 0.0834894 -0.0348409 2.53172 -0.0879676 0.983594 -0.15749 3.34391 0.0211206 0.159909 0.986906 -77.0088 0 0 0 1 
				19
				0.995927 0.0838375 -0.0331624 2.48658 -0.0878905 0.984791 -0.149874 3.17517 0.020093 0.152178 0.988149 -76.9707 0 0 0 1 
				20
				0.99596 0.084237 -0.0311207 2.43171 -0.0878022 0.986163 -0.140616 2.9701 0.0188451 0.14278 0.989575 -76.9229 0 0 0 1 
				21
				0.995994 0.0846648 -0.0287672 2.3685 -0.0877075 0.987633 -0.129951 2.73396 0.0174091 0.131953 0.991103 -76.8657 0 0 0 1 
				22
				0.996029 0.0850991 -0.0261553 2.29841 -0.0876113 0.989126 -0.118124 2.47217 0.0158186 0.119947 0.992654 -76.7999 0 0 0 1 
				23
				0.996063 0.0855202 -0.0233392 2.22289 -0.0875181 0.990573 -0.105382 2.1902 0.0141069 0.10701 0.994158 -76.726 0 0 0 1 
				24
				0.996094 0.0859113 -0.0203719 2.14337 -0.0874318 0.991916 -0.091965 1.89338 0.0123064 0.0933869 0.995554 -76.6448 0 0 0 1 
				25
				0.996122 0.0862587 -0.017307 2.06129 -0.087355 0.993109 -0.0781156 1.58707 0.0104496 0.0793245 0.996794 -76.5574 0 0 0 1 
				26
				0.996146 0.0865527 -0.0142006 1.97814 -0.0872901 0.994119 -0.0640859 1.27684 0.00857033 0.0650785 0.997843 -76.4651 0 0 0 1 
				27
				0.996165 0.0867873 -0.0111091 1.89542 -0.0872383 0.994925 -0.0501296 0.968288 0.00670214 0.0509065 0.998681 -76.3695 0 0 0 1 
				28
				0.996179 0.0869611 -0.00808738 1.8146 -0.0872 0.995522 -0.0364929 0.666831 0.0048777 0.0370587 0.999301 -76.2725 0 0 0 1 
				29
				0.996188 0.0870761 -0.00519041 1.73712 -0.0871745 0.995917 -0.0234226 0.377909 0.00312968 0.0237857 0.999712 -76.1762 0 0 0 1 
				30
				0.996193 0.0871386 -0.00247496 1.66451 -0.087161 0.996131 -0.0111729 0.107133 0.00149179 0.0113461 0.999935 -76.0829 0 0 0 1 
				31
				0.996195 0.0871567 2.45679e-06 1.59826 -0.0871567 0.996194 2.20616e-06 -0.139894 -2.25516e-06 -2.41189e-06 1 -75.9952 0 0 0 1 
		</Joint>
			6
				-1
				0.112922 -0.0327949 -0.993063 9.04144 0.148165 0.988836 -0.0158075 -0.791095 0.982495 -0.145352 0.11652 -75.9952 0 0 0 1 
				0
				0.124379 -0.0327944 -0.991693 9.10768 0.148338 0.988836 -0.0140953 -0.5441 0.981084 -0.145352 0.127855 -76.0717 0 0 0 1 
				1
				0.136921 -0.0327948 -0.990039 9.18025 0.148504 0.988836 -0.0122171 -0.273424 0.979387 -0.145352 0.140262 -76.1528 0 0 0 1 
				2
				0.150283 -0.0327951 -0.988099 9.25766 0.148656 0.988836 -0.0102101 0.0153059 0.977403 -0.145353 0.15348 -76.2361 0 0 0 1 
				3
				0.164202 -0.0327951 -0.985881 9.33838 0.148785 0.988836 -0.00811277 0.316477 0.975141 -0.145352 0.167248 -76.3194 0 0 0 1 
				4
				0.178424 -0.0327948 -0.983407 9.42095 0.148886 0.988836 -0.00596285 0.624647 0.972624 -0.145351 0.181315 -76.401 0 0 0 1 
				5
				0.192695 -0.0327949 -0.98071 9.50393 0.148957 0.988836 -0.00379869 0.934388 0.969887 -0.145352 0.195429 -76.4793 0 0 0 1 
				6
				0.206759 -0.0327949 -0.977842 9.5858 0.148997 0.988836 -0.00165899 1.24012 0.96698 -0.145353 0.209337 -76.5528 0 0 0 1 
				7
				0.220362 -0.0327953 -0.974866 9.66508 0.149005 0.988836 0.000416407 1.53629 0.96397 -0.145352 0.222789 -76.6205 0 0 0 1 
				8
				0.23326 -0.0327957 -0.971861 9.74035 0.148986 0.988836 0.00239011 1.81757 0.960933 -0.145351 0.235542 -76.6817 0 0 0 1 
				9
				0.245211 -0.032795 -0.968914 9.81018 0.148946 0.988836 0.00422565 2.07864 0.957959 -0.145352 0.247359 -76.7357 0 0 0 1 
				10
				0.255973 -0.0327946 -0.966127 9.87313 0.14889 0.988836 0.00588256 2.31408 0.955149 -0.145352 0.257998 -76.7821 0 0 0 1 
				11
				0.265304 -0.0327957 -0.963607 9.92776 0.148826 0.988836 0.00732099 2.51848 0.952609 -0.145352 0.267223 -76.8205 0 0 0 1 
				12
				0.272972 -0.032796 -0.961462 9.9727 0.148763 0.988836 0.00850605 2.68665 0.95045 -0.145352 0.274804 -76.851 0 0 0 1 
				13
				0.278746 -0.0327956 -0.959805 10.0066 0.148709 0.988836 0.00940033 2.8134 0.948782 -0.145352 0.280511 -76.8732 0 0 0 1 
				14
				0.282386 -0.0327953 -0.95874 10.0279 0.148672 0.988836 0.00996483 2.89336 0.94771 -0.145352 0.284109 -76.8869 0 0 0 1 
				15
				0.28365 -0.0327953 -0.958367 10.0353 0.148659 0.988836 0.010161 2.92114 0.947335 -0.145352 0.285359 -76.8916 0 0 0 1 
				16
				0.282386 -0.0327952 -0.95874 10.0279 0.148672 0.988836 0.00996493 2.89336 0.94771 -0.145352 0.284109 -76.8869 0 0 0 1 
				17
				0.278746 -0.0327955 -0.959805 10.0066 0.148709 0.988836 0.00940047 2.8134 0.948782 -0.145352 0.280511 -76.8732 0 0 0 1 
				18
				0.272972 -0.0327961 -0.961462 9.9727 0.148763 0.988836 0.00850595 2.68665 0.95045 -0.145352 0.274804 -76.851 0 0 0 1 
				19
				0.265304 -0.0327957 -0.963607 9.92776 0.148826 0.988836 0.00732099 2.51848 0.952609 -0.145352 0.267223 -76.8205 0 0 0 1 
				20
				0.255973 -0.0327947 -0.966127 9.87313 0.14889 0.988836 0.00588245 2.31408 0.955149 -0.145352 0.257998 -76.782 0 0 0 1 
				21
				0.245211 -0.032795 -0.968915 9.81018 0.148946 0.988836 0.00422559 2.07864 0.957959 -0.145352 0.247358 -76.7357 0 0 0 1 
				22
				0.23326 -0.0327957 -0.971861 9.74035 0.148986 0.988836 0.00239014 1.81757 0.960933 -0.145351 0.235542 -76.6817 0 0 0 1 
				23
				0.220362 -0.0327953 -0.974866 9.66508 0.149005 0.988836 0.000416408 1.53629 0.96397 -0.145352 0.222789 -76.6205 0 0 0 1 
				24
				0.206759 -0.0327948 -0.977842 9.5858 0.148997 0.988836 -0.00165886 1.24012 0.96698 -0.145353 0.209337 -76.5528 0 0 0 1 
				25
				0.192695 -0.0327949 -0.98071 9.50393 0.148957 0.988836 -0.00379868 0.934388 0.969887 -0.145352 0.195429 -76.4793 0 0 0 1 
				26
				0.178424 -0.0327949 -0.983407 9.42095 0.148886 0.988836 -0.00596296 0.624647 0.972624 -0.145351 0.181315 -76.401 0 0 0 1 
				27
				0.164202 -0.0327949 -0.985881 9.33838 0.148785 0.988836 -0.00811252 0.316477 0.975141 -0.145352 0.167248 -76.3194 0 0 0 1 
				28
				0.150283 -0.0327951 -0.988099 9.25766 0.148656 0.988836 -0.0102101 0.0153058 0.977403 -0.145353 0.15348 -76.2361 0 0 0 1 
				29
				0.136921 -0.032795 -0.990039 9.18025 0.148504 0.988836 -0.0122173 -0.273425 0.979387 -0.145352 0.140262 -76.1528 0 0 0 1 
				30
				0.124379 -0.0327943 -0.991693 9.10768 0.148338 0.988836 -0.0140952 -0.5441 0.981084 -0.145352 0.127855 -76.0717 0 0 0 1 
				31
				0.112922 -0.0327949 -0.993063 9.04144 0.148165 0.988836 -0.0158075 -0.791095 0.982495 -0.145352 0.11652 -75.9952 0 0 0 1 
		</Joint>
			7
				-1
				-0.0189879 0.116044 -0.993063 10.7801 -0.95636 -0.291761 -0.0158076 1.49025 -0.291572 0.949425 0.11652 -60.8674 0 0 0 1 
				0
				-0.0239186 0.126386 -0.991693 11.0228 -0.956435 -0.291605 -0.0140954 1.7399 -0.290964 0.948152 0.127855 -60.9657 0 0 0 1 
				1
				-0.0293149 0.137708 -0.990039 11.2885 -0.956506 -0.291455 -0.0122174 2.01314 -0.290234 0.94662 0.140262 -61.0728 0 0 0 1 
				2
				-0.0350646 0.149769 -0.988099 11.5716 -0.956572 -0.291318 -0.0102102 2.30421 -0.28938 0.94483 0.15348 -61.1867 0 0 0 1 
				3
				-0.0410544 0.162334 -0.985881 11.8666 -0.956627 -0.291202 -0.00811277 2.60736 -0.288407 0.942788 0.167248 -61.3049 0 0 0 1 
				4
				-0.0471745 0.175172 -0.983407 12.1682 -0.95667 -0.291111 -0.00596294 2.91709 -0.287325 0.940515 0.181315 -61.4252 0 0 0 1 
				5
				-0.0533157 0.188054 -0.98071 12.4709 -0.956701 -0.291046 -0.00379859 3.22793 -0.286146 0.938044 0.195429 -61.5456 0 0 0 1 
				6
				-0.0593675 0.20075 -0.977842 12.7693 -0.956718 -0.29101 -0.00165895 3.53428 -0.284895 0.935421 0.209338 -61.6639 0 0 0 1 
				7
				-0.0652204 0.213029 -0.974866 13.0581 -0.956722 -0.291003 0.000416195 3.83057 -0.2836 0.932703 0.222789 -61.778 0 0 0 1 
				8
				-0.0707703 0.224671 -0.971861 13.3319 -0.956714 -0.29102 0.00239017 4.11155 -0.282294 0.929962 0.235542 -61.8859 0 0 0 1 
				9
				-0.0759136 0.23546 -0.968914 13.5858 -0.956696 -0.291057 0.00422546 4.372 -0.281014 0.927278 0.247359 -61.9857 0 0 0 1 
				10
				-0.0805445 0.245174 -0.966127 13.8144 -0.956672 -0.291107 0.00588209 4.60658 -0.279804 0.924741 0.257998 -62.0753 0 0 0 1 
				11
				-0.0845593 0.253597 -0.963607 14.0127 -0.956645 -0.291165 0.00732099 4.81 -0.278712 0.922448 0.267223 -62.1529 0 0 0 1 
				12
				-0.0878587 0.260519 -0.961462 14.1757 -0.956617 -0.291222 0.00850605 4.9772 -0.277783 0.920499 0.274804 -62.2166 0 0 0 1 
				13
				-0.0903433 0.265731 -0.959805 14.2985 -0.956594 -0.291271 0.00940021 5.10311 -0.277065 0.918993 0.280511 -62.2645 0 0 0 1 
				14
				-0.0919099 0.269016 -0.95874 14.3759 -0.956579 -0.291304 0.00996483 5.18251 -0.276604 0.918026 0.284109 -62.2947 0 0 0 1 
				15
				-0.0924534 0.270158 -0.958367 14.4028 -0.956573 -0.291315 0.0101604 5.21009 -0.276442 0.917687 0.285359 -62.3051 0 0 0 1 
				16
				-0.0919099 0.269016 -0.95874 14.3759 -0.956579 -0.291304 0.00996483 5.18251 -0.276604 0.918026 0.284109 -62.2947 0 0 0 1 
				17
				-0.0903434 0.265731 -0.959805 14.2985 -0.956594 -0.291271 0.00940034 5.10312 -0.277065 0.918993 0.280511 -62.2645 0 0 0 1 
				18
				-0.0878586 0.26052 -0.961462 14.1757 -0.956617 -0.291222 0.00850595 4.9772 -0.277783 0.920499 0.274804 -62.2166 0 0 0 1 
				19
				-0.0845593 0.253597 -0.963607 14.0127 -0.956645 -0.291165 0.00732099 4.81 -0.278712 0.922448 0.267223 -62.1529 0 0 0 1 
				20
				-0.0805447 0.245174 -0.966127 13.8144 -0.956672 -0.291107 0.00588226 4.60658 -0.279804 0.924741 0.257998 -62.0753 0 0 0 1 
				21
				-0.0759135 0.23546 -0.968914 13.5858 -0.956696 -0.291057 0.0042254 4.372 -0.281014 0.927278 0.247359 -61.9857 0 0 0 1 
				22
				-0.0707702 0.224671 -0.971861 13.3319 -0.956713 -0.29102 0.00239018 4.11155 -0.282294 0.929962 0.235542 -61.8859 0 0 0 1 
				23
				-0.0652204 0.213029 -0.974866 13.0581 -0.956722 -0.291003 0.000416197 3.83057 -0.2836 0.932703 0.222789 -61.778 0 0 0 1 
				24
				-0.0593673 0.20075 -0.977842 12.7693 -0.956718 -0.29101 -0.00165918 3.53428 -0.284895 0.935421 0.209337 -61.6639 0 0 0 1 
				25
				-0.0533156 0.188055 -0.98071 12.4709 -0.956701 -0.291046 -0.00379873 3.22793 -0.286146 0.938044 0.195429 -61.5456 0 0 0 1 
				26
				-0.0471745 0.175172 -0.983407 12.1682 -0.956671 -0.291111 -0.00596301 2.91709 -0.287325 0.940515 0.181315 -61.4252 0 0 0 1 
				27
				-0.0410544 0.162334 -0.985881 11.8666 -0.956627 -0.291202 -0.00811276 2.60736 -0.288407 0.942788 0.167248 -61.3049 0 0 0 1 
				28
				-0.0350646 0.149769 -0.988099 11.5716 -0.956571 -0.291318 -0.0102102 2.30421 -0.28938 0.944829 0.15348 -61.1867 0 0 0 1 
				29
				-0.0293149 0.137708 -0.990039 11.2885 -0.956506 -0.291455 -0.0122174 2.01314 -0.290234 0.94662 0.140262 -61.0729 0 0 0 1 
				30
				-0.0239186 0.126386 -0.991693 11.0228 -0.956435 -0.291606 -0.0140953 1.7399 -0.290964 0.948152 0.127855 -60.9657 0 0 0 1 
				31
				-0.0189879 0.116044 -0.993063 10.7801 -0.95636 -0.291761 -0.0158076 1.49025 -0.291572 0.949425 0.11652 -60.8674 0 0 0 1 
		</Joint>
			8
				-1
				-0.0189879 -0.99297 -0.116835 10.4878 -0.95636 -0.0160399 0.291749 -13.2351 -0.291572 0.117276 -0.949332 -65.3569 0 0 0 1 
				0
				-0.0239186 -0.991592 -0.127176 10.6545 -0.956435 -0.0143276 0.291594 -12.9866 -0.290964 0.12861 -0.94805 -65.4457 0 0 0 1 
				1
				-0.0293149 -0.989929 -0.138496 10.8371 -0.956506 -0.0124495 0.291445 -12.7145 -0.290234 0.141016 -0.946508 -65.5417 0 0 0 1 
				2
				-0.0350646 -0.987979 -0.150556 11.0317 -0.956572 -0.0104422 0.29131 -12.4244 -0.28938 0.154232 -0.944707 -65.6424 0 0 0 1 
				3
				-0.0410544 -0.985751 -0.163119 11.2345 -0.956627 -0.00834465 0.291195 -12.1221 -0.288407 0.167999 -0.942654 -65.7456 0 0 0 1 
				4
				-0.0471745 -0.983267 -0.175955 11.4418 -0.95667 -0.00619475 0.291106 -11.8131 -0.287325 0.182064 -0.940371 -65.8492 0 0 0 1 
				5
				-0.0533157 -0.98056 -0.188835 11.65 -0.956701 -0.00403034 0.291043 -11.5027 -0.286146 0.196176 -0.937888 -65.9515 0 0 0 1 
				6
				-0.0593675 -0.977681 -0.201528 11.8552 -0.956718 -0.00189068 0.291009 -11.1966 -0.284895 0.210082 -0.935254 -66.0505 0 0 0 1 
				7
				-0.0652204 -0.974696 -0.213805 12.0538 -0.956722 0.000184466 0.291003 -10.9004 -0.2836 0.223531 -0.932525 -66.1447 0 0 0 1 
				8
				-0.0707702 -0.971682 -0.225445 12.2422 -0.956713 0.00215843 0.291022 -10.6193 -0.282294 0.236282 -0.929774 -66.2325 0 0 0 1 
				9
				-0.0759136 -0.968727 -0.236231 12.4169 -0.956696 0.00399369 0.29106 -10.3585 -0.281014 0.248097 -0.927081 -66.3125 0 0 0 1 
				10
				-0.0805445 -0.965932 -0.245943 12.5743 -0.956672 0.00565028 0.291112 -10.1236 -0.279804 0.258735 -0.924535 -66.3836 0 0 0 1 
				11
				-0.0845593 -0.963404 -0.254365 12.7108 -0.956645 0.00708913 0.291171 -9.91976 -0.278712 0.267958 -0.922235 -66.4443 0 0 0 1 
				12
				-0.0878587 -0.961255 -0.261285 12.823 -0.956617 0.00827415 0.291229 -9.75214 -0.277783 0.275537 -0.92028 -66.4937 0 0 0 1 
				13
