<?xml version='1.0' encoding='UTF-8' ?>
<itpanim>
	<skeleton count>
		25
			0 -1
			1.37091e-06 -1 -6.12323e-17 1.44664e-05 1 1.37091e-06 -6.12323e-17 -3.33788e-06 6.12323e-17 -6.12323e-17 1 44.5 0 0 0 1 
			1 0
			1.3868e-06 4.78456e-08 -1 -44.5 2.75771e-06 -1 -4.78418e-08 1.44666e-05 -1 -2.75771e-06 -1.3868e-06 -5.83747e-05 0 0 0 1 
			2 1
			1.40269e-06 -0.000796318 -1 -49.6773 0 -1 0.000796318 0.0514213 -1 -1.11699e-09 -1.40269e-06 3.19526e-06 0 0 0 1 
			3 2
			1.40269e-06 -0.000796318 -1 -64.5592 0 -1 0.000796318 0.0632714 -1 -1.11699e-09 -1.40269e-06 3.16239e-06 0 0 0 1 
			4 3
			1.40269e-06 -0.000796318 -1 -79.4411 0 -1 0.000796318 0.06596 -1 -1.11699e-09 -1.40269e-06 3.15493e-06 0 0 0 1 
			5 4
			1 1.37091e-06 4.37113e-08 -1.60435 -1.37091e-06 1 3.58059e-15 -1.09939e-05 -4.37113e-08 -6.35048e-14 1 79.4411 0 0 0 1 
			6 5
			0.995014 0.0902305 0.042489 -5.65533 -0.0897157 0.995871 -0.0138741 -0.287945 -0.0435655 0.00999304 0.999001 79.7571 0 0 0 1 
			7 6
			0.994845 -0.0912189 0.0442967 -20.654 0.0915704 0.995781 -0.00596753 -4.08763 -0.0435655 0.00999304 0.999001 79.7571 0 0 0 1 
			8 7
			0.994845 -0.0912189 0.0442967 -36.0513 -0.0434925 0.0107859 0.998995 79.7539 -0.091605 -0.995772 0.00676301 4.15114 0 0 0 1 
			9 4
			-1 -1.37091e-06 4.37114e-08 -1.60434 -1.37091e-06 1 3.84662e-15 -1.09939e-05 -4.37115e-08 -5.60777e-14 -1 -79.4411 0 0 0 1 
			10 9
			-0.995014 0.0902277 0.042489 -5.65533 0.089713 0.995871 -0.0138741 -0.287946 -0.0435654 -0.00999315 -0.999001 -79.7571 0 0 0 1 
			11 10
			-0.994845 -0.0912216 0.0442967 -20.654 -0.0915731 0.995781 -0.00596753 -4.08763 -0.0435654 -0.00999315 -0.999001 -79.7571 0 0 0 1 
			12 11
			-0.994845 -0.0912216 0.0442967 -36.0513 0.0434925 0.0107861 0.998995 79.7539 -0.0916078 0.995772 -0.00676301 -4.15114 0 0 0 1 
			13 4
			1.34309e-06 -5.95475e-08 -1 -82.8177 -1.40269e-06 -1 5.95456e-08 1.08462e-05 -1 1.40269e-06 -1.34309e-06 -0.000107894 0 0 0 1 
			14 13
			1 -0 0 0 0 1 0 0 -0 -0 1 -0 0 0 0 1 
			15 2
			1.37369e-06 -0.0998334 0.995004 44.2777 0 -0.995004 -0.0998334 -4.44257 1 1.3714e-07 -1.36683e-06 -4.58386 0 0 0 1 
			16 15
			1.37369e-06 0.0998334 0.995004 24.6789 0 -0.995004 0.0998334 0.469723 1 -1.3714e-07 -1.36683e-06 -4.58386 0 0 0 1 
			17 16
			1.3716e-06 -6.00745e-14 1 4.70494 0 -1 -6.00745e-14 1.29981e-05 1 8.23984e-20 -1.3716e-06 -4.58386 0 0 0 1 
			18 17
			1.3723e-06 -1 -6.00133e-14 -6.78409 0 6.00133e-14 -1 -0.105526 1 1.3723e-06 8.23562e-20 -4.58386 0 0 0 1 
			19 18
			1 -0 0 0 0 1 0 0 -0 -0 1 -0 0 0 0 1 
			20 2
			1.37369e-06 -0.0998334 0.995004 44.2777 0 -0.995004 -0.0998334 -4.44257 1 1.3714e-07 -1.36683e-06 4.58386 0 0 0 1 
			21 20
			1.37369e-06 0.0998334 0.995004 24.6789 0 -0.995004 0.0998334 0.469723 1 -1.3714e-07 -1.36683e-06 4.58386 0 0 0 1 
			22 21
			1.3716e-06 -6.00745e-14 1 4.70494 0 -1 -6.00745e-14 1.29981e-05 1 8.23984e-20 -1.3716e-06 4.58386 0 0 0 1 
			23 22
			1.3723e-06 -1 5.98908e-14 -6.78409 0 -5.98908e-14 -1 -0.105526 1 1.3723e-06 -8.21882e-20 4.58386 0 0 0 1 
			24 23
			1 -0 0 0 0 1 0 0 -0 -0 1 -0 0 0 0 1 
	</skeleton>
		<animations>
			17
			0
				-1
				-0.573575 0.819153 0 3.33786e-06 -0.819153 -0.573575 -0 9.52023e-07 -0 -0 1 -40.6378 0 0 0 1 
				0
				-0.505842 0.862626 -9.18645e-34 3.33786e-06 -0.862626 -0.505842 -1.37502e-32 9.14944e-07 -1.2326e-32 -6.16298e-33 1 -41.2512 0 0 0 1 
				1
				-0.429402 0.903114 2.78293e-33 3.33786e-06 -0.903114 -0.429402 -1.3232e-33 8.72588e-07 -0 -3.08149e-33 1 -41.9824 0 0 0 1 
				2
				-0.347511 0.937676 1.49546e-33 3.33786e-06 -0.937676 -0.347511 -1.36995e-32 8.28143e-07 -1.2326e-32 -6.16298e-33 1 -42.7602 0 0 0 1 
				3
				-0.264082 0.9645 2.82964e-34 3.33786e-06 -0.9645 -0.264082 1.27021e-32 7.84792e-07 1.2326e-32 3.08149e-33 1 -43.5135 0 0 0 1 
				4
				-0.183318 0.983054 1.51463e-33 3.33786e-06 -0.983054 -0.183318 -2.82446e-34 7.45622e-07 -0 -1.54074e-33 1 -44.1736 0 0 0 1 
				5
				-0.109543 0.993982 5.84489e-34 3.33786e-06 -0.993982 -0.109543 1.23362e-32 7.13718e-07 1.2326e-32 7.70372e-34 1 -44.6716 0 0 0 1 
				6
				-0.0470798 0.998891 3.84759e-34 3.33786e-06 -0.998891 -0.0470798 -1.81345e-35 6.92267e-07 -0 -3.85186e-34 1 -44.9362 0 0 0 1 
				7
				1.33158e-06 1 0 3.33786e-06 -1 1.33158e-06 0 6.84453e-07 -0 -0 1 -44.8966 0 0 0 1 
				8
				0.0292568 0.999572 -2.44035e-35 3.33786e-06 -0.999572 0.0292568 -1.23319e-32 6.92267e-07 -1.2326e-32 3.85186e-34 1 -44.5082 0 0 0 1 
				9
				0.0429396 0.999078 3.84831e-34 3.33786e-06 -0.999078 0.0429396 1.65397e-35 7.13718e-07 -0 -3.85186e-34 1 -43.8156 0 0 0 1 
				10
				0.0446992 0.999 1.66159e-34 3.33786e-06 -0.999 0.0446992 -1.23308e-32 7.45622e-07 -1.2326e-32 3.85186e-34 1 -42.8896 0 0 0 1 
				11
				0.0381711 0.999271 6.8422e-34 3.33786e-06 -0.999271 0.0381711 1.23611e-32 7.84792e-07 1.2326e-32 -1.15556e-33 1 -41.8016 0 0 0 1 
				12
				0.0268714 0.999639 -3.31215e-34 3.33786e-06 -0.999639 0.0268714 1.23215e-32 8.28143e-07 1.2326e-32 -0 1 -40.6202 0 0 0 1 
				13
				0.014318 0.999897 -1.60903e-35 3.33786e-06 -0.999897 0.014318 -1.23274e-32 8.72589e-07 -1.2326e-32 1.92593e-34 1 -39.4144 0 0 0 1 
				14
				0.00414866 0.999991 0 3.33786e-06 -0.999991 0.00414866 0 9.14944e-07 -0 -0 1 -38.2552 0 0 0 1 
				15
				1.33158e-06 1 0 3.33786e-06 -1 1.33158e-06 0 9.52023e-07 -0 -0 1 -37.2138 0 0 0 1 
		</Joint>
			1
				-1
				1.33158e-06 -0.573574 -0.819154 3.33786e-06 0 -0.819154 0.573574 9.52023e-07 -1 -7.6376e-07 -1.09077e-06 -40.6378 0 0 0 1 
				0
				1.33158e-06 -0.505841 -0.862627 3.33786e-06 0 -0.862627 0.505841 9.14944e-07 -1 -6.73568e-07 -1.14866e-06 -41.2512 0 0 0 1 
				1
				1.33158e-06 -0.4294 -0.903114 3.33786e-06 0 -0.903114 0.4294 8.72588e-07 -1 -5.71781e-07 -1.20257e-06 -41.9824 0 0 0 1 
				2
				1.33158e-06 -0.34751 -0.937676 3.33786e-06 0 -0.937676 0.34751 8.28143e-07 -1 -4.62738e-07 -1.24859e-06 -42.7602 0 0 0 1 
				3
				1.33158e-06 -0.264081 -0.964501 3.33786e-06 0 -0.964501 0.264081 7.84792e-07 -1 -3.51644e-07 -1.28431e-06 -43.5135 0 0 0 1 
				4
				1.33158e-06 -0.183316 -0.983054 3.33786e-06 0 -0.983054 0.183316 7.45622e-07 -1 -2.441e-07 -1.30902e-06 -44.1736 0 0 0 1 
				5
				1.33158e-06 -0.109542 -0.993982 3.33786e-06 0 -0.993982 0.109542 7.13718e-07 -1 -1.45864e-07 -1.32357e-06 -44.6716 0 0 0 1 
				6
				1.33158e-06 -0.0470785 -0.998891 3.33786e-06 0 -0.998891 0.0470785 6.92267e-07 -1 -6.26888e-08 -1.3301e-06 -44.9362 0 0 0 1 
				7
				1.33158e-06 2.66316e-06 -1 3.33786e-06 0 -1 -2.66316e-06 6.84453e-07 -1 3.54621e-12 -1.33158e-06 -44.8966 0 0 0 1 
				8
				1.33158e-06 0.0292581 -0.999572 3.33786e-06 0 -0.999572 -0.0292581 6.92267e-07 -1 3.89595e-08 -1.33101e-06 -44.5082 0 0 0 1 
				9
				1.33158e-06 0.0429409 -0.999078 3.33786e-06 0 -0.999078 -0.0429409 7.13718e-07 -1 5.71793e-08 -1.33035e-06 -43.8156 0 0 0 1 
				10
				1.33158e-06 0.0447005 -0.999 3.33786e-06 0 -0.999 -0.0447005 7.45622e-07 -1 5.95223e-08 -1.33025e-06 -42.8896 0 0 0 1 
				11
				1.33158e-06 0.0381725 -0.999271 3.33786e-06 0 -0.999271 -0.0381725 7.84792e-07 -1 5.08297e-08 -1.33061e-06 -41.8016 0 0 0 1 
				12
				1.33158e-06 0.0268727 -0.999639 3.33786e-06 0 -0.999639 -0.0268727 8.28143e-07 -1 3.57832e-08 -1.3311e-06 -40.6202 0 0 0 1 
				13
				1.33158e-06 0.0143193 -0.999897 3.33786e-06 0 -0.999897 -0.0143193 8.72589e-07 -1 1.90673e-08 -1.33144e-06 -39.4144 0 0 0 1 
				14
				1.33158e-06 0.00414999 -0.999991 3.33786e-06 0 -0.999991 -0.00414999 9.14944e-07 -1 5.52605e-09 -1.33157e-06 -38.2552 0 0 0 1 
				15
				1.33158e-06 2.66316e-06 -1 3.33786e-06 0 -1 -2.66316e-06 9.52023e-07 -1 3.54621e-12 -1.33158e-06 -37.2138 0 0 0 1 
		</Joint>
			2
				-1
				-0.000271968 -0.342021 -0.939692 0.00405821 -0.000750183 -0.939692 0.342021 0.0111246 -1 0.00079796 -1.01198e-06 -45.8151 0 0 0 1 
				0
				-0.000235769 -0.296749 -0.954955 0.00352251 -0.000762301 -0.954955 0.296749 0.0113056 -1 0.000797928 -1.06366e-06 -46.4286 0 0 0 1 
				1
				-0.000194376 -0.244965 -0.969532 0.00290968 -0.000773856 -0.969532 0.244965 0.0114785 -1 0.000797893 -1.11326e-06 -47.1597 0 0 0 1 
				2
				-0.000150556 -0.190129 -0.981759 0.00226069 -0.000783524 -0.981759 0.190129 0.0116237 -1 0.000797857 -1.16168e-06 -47.9375 0 0 0 1 
				3
				-0.000107252 -0.135933 -0.990718 0.00161922 -0.000790578 -0.990718 0.135933 0.0117302 -1 0.000797819 -1.20929e-06 -48.6909 0 0 0 1 
				4
				-6.7423e-05 -0.0860816 -0.996288 0.00102917 -0.000794926 -0.996288 0.0860817 0.0117966 -1 0.000797779 -1.2558e-06 -49.351 0 0 0 1 
				5
				-3.40418e-05 -0.044302 -0.999018 0.000534669 -0.000797012 -0.999018 0.044302 0.0118293 -1 0.000797737 -1.30089e-06 -49.8489 0 0 0 1 
				6
				-1.01216e-05 -0.0143746 -0.999897 0.000180496 -0.000797631 -0.999896 0.0143746 0.0118401 -1 0.000797694 -1.34511e-06 -50.1136 0 0 0 1 
				7
				1.38779e-06 -1.52815e-06 -1 1.05031e-05 -0.000797649 -0.999999 1.52704e-06 0.0118417 -1 0.000797649 -1.38901e-06 -50.074 0 0 0 1 
				8
				2.47215e-05 0.0292539 -0.999572 -0.000335977 -0.000797268 -0.999572 -0.0292539 0.0118368 -1 0.00079765 -1.38773e-06 -49.6856 0 0 0 1 
				9
				3.56343e-05 0.0429367 -0.999078 -0.000498029 -0.000796854 -0.999077 -0.0429367 0.0118311 -1 0.000797649 -1.38714e-06 -48.9929 0 0 0 1 
				10
				3.70377e-05 0.0446963 -0.999001 -0.000518868 -0.00079679 -0.999 -0.0446963 0.0118303 -1 0.000797649 -1.38706e-06 -48.067 0 0 0 1 
				11
				3.18312e-05 0.0381683 -0.999271 -0.000441554 -0.000797015 -0.999271 -0.0381683 0.0118335 -1 0.000797649 -1.38734e-06 -46.9789 0 0 0 1 
				12
				2.2819e-05 0.0268685 -0.999639 -0.000307726 -0.000797324 -0.999639 -0.0268685 0.0118379 -1 0.000797649 -1.38784e-06 -45.7976 0 0 0 1 
				13
				1.28067e-05 0.0143151 -0.999897 -0.000159052 -0.000797548 -0.999897 -0.0143151 0.011841 -1 0.000797649 -1.38839e-06 -44.5918 0 0 0 1 
				14
				4.69572e-06 0.0041458 -0.999991 -3.86145e-05 -0.000797637 -0.999991 -0.0041458 0.0118421 -1 0.000797649 -1.38883e-06 -43.4326 0 0 0 1 
				15
				1.38779e-06 -1.52815e-06 -1 1.05031e-05 -0.000797649 -0.999999 1.52704e-06 0.0118423 -1 0.000797649 -1.38901e-06 -42.3912 0 0 0 1 
		</Joint>
			3
				-1
				-6.90263e-05 -0.0871567 -0.996195 0.00104359 -0.000795174 -0.996194 0.0871567 0.0117654 -1 0.000798164 -5.41151e-07 -60.697 0 0 0 1 
				0
				-5.69253e-05 -0.0721493 -0.997394 0.000868765 -0.000796093 -0.997393 0.0721493 0.0117803 -1 0.000798125 -6.60654e-07 -61.3104 0 0 0 1 
				1
				-4.00159e-05 -0.0511114 -0.998693 0.000622634 -0.000797075 -0.998693 0.0511114 0.0117967 -1 0.000798079 -7.7603e-07 -62.0416 0 0 0 1 
				2
				-2.11902e-05 -0.0276659 -0.999617 0.000347955 -0.000797744 -0.999617 0.0276659 0.0118089 -1 0.000798024 -8.88156e-07 -62.8194 0 0 0 1 
				3
				-3.35573e-06 -0.00545529 -0.999985 8.77254e-05 -0.000797957 -0.999985 0.00545529 0.0118148 -1 0.000797963 -9.97405e-07 -63.5728 0 0 0 1 
				4
				1.06661e-05 0.0119861 -0.999928 -0.000116285 -0.000797824 -0.999928 -0.0119861 0.0118158 -1 0.000797894 -1.1025e-06 -64.2329 0 0 0 1 
				5
				1.80615e-05 0.0211317 -0.999777 -0.000222382 -0.000797616 -0.999776 -0.0211317 0.0118157 -1 0.000797819 -1.20243e-06 -64.7308 0 0 0 1 
				6
				1.5935e-05 0.0183487 -0.999832 -0.000187596 -0.000797579 -0.999831 -0.0183487 0.0118179 -1 0.000797737 -1.29771e-06 -64.9955 0 0 0 1 
				7
				1.38777e-06 -1.55795e-06 -1 3.11416e-05 -0.000797649 -0.999999 1.55684e-06 0.0118212 -1 0.000797649 -1.38901e-06 -64.9559 0 0 0 1 
				8
				2.47215e-05 0.0292539 -0.999572 -0.000314768 -0.000797268 -0.999572 -0.0292539 0.011817 -1 0.00079765 -1.38774e-06 -64.5675 0 0 0 1 
				9
				3.56343e-05 0.0429367 -0.999078 -0.000476558 -0.000796854 -0.999077 -0.0429367 0.0118116 -1 0.000797649 -1.38714e-06 -63.8748 0 0 0 1 
				10
				3.70376e-05 0.0446963 -0.999001 -0.000497364 -0.00079679 -0.999 -0.0446963 0.0118108 -1 0.00079765 -1.38706e-06 -62.9489 0 0 0 1 
				11
				3.18312e-05 0.0381682 -0.999271 -0.000420174 -0.000797015 -0.999271 -0.0381682 0.0118139 -1 0.000797649 -1.38734e-06 -61.8608 0 0 0 1 
				12
				2.2819e-05 0.0268685 -0.999639 -0.000286562 -0.000797324 -0.999639 -0.0268685 0.011818 -1 0.000797649 -1.38784e-06 -60.6795 0 0 0 1 
				13
				1.28067e-05 0.0143151 -0.999897 -0.000138132 -0.000797548 -0.999897 -0.0143151 0.0118208 -1 0.000797649 -1.38839e-06 -59.4736 0 0 0 1 
				14
				4.69569e-06 0.00414577 -0.999991 -1.78939e-05 -0.000797637 -0.999991 -0.00414577 0.0118217 -1 0.000797649 -1.38883e-06 -58.3145 0 0 0 1 
				15
				1.38777e-06 -1.55795e-06 -1 3.11416e-05 -0.000797649 -0.999999 1.55684e-06 0.0118218 -1 0.000797649 -1.38901e-06 -57.2731 0 0 0 1 
		</Joint>
			4
				-1
				-6.90263e-05 -0.0871567 -0.996195 0.000250673 -0.000795174 -0.996194 0.0871567 0.00261017 -1 0.000798164 -5.41158e-07 -75.5789 0 0 0 1 
				0
				-5.69253e-05 -0.0721493 -0.997394 0.000215585 -0.000796093 -0.997393 0.0721493 0.00261458 -1 0.000798125 -6.60655e-07 -76.1923 0 0 0 1 
				1
				-4.00159e-05 -0.0511114 -0.998693 0.000164535 -0.000797075 -0.998693 0.0511114 0.00261982 -1 0.000798079 -7.76031e-07 -76.9235 0 0 0 1 
				2
				-2.11902e-05 -0.0276659 -0.999617 0.000106981 -0.000797744 -0.999617 0.0276659 0.00262459 -1 0.000798024 -8.88157e-07 -77.7013 0 0 0 1 
				3
				-3.35573e-06 -0.00545529 -0.999985 5.24456e-05 -0.000797957 -0.999985 0.00545529 0.00262828 -1 0.000797963 -9.97406e-07 -78.4547 0 0 0 1 
				4
				1.06661e-05 0.0119861 -0.999928 1.02126e-05 -0.000797824 -0.999928 -0.0119861 0.00263112 -1 0.000797894 -1.1025e-06 -79.1148 0 0 0 1 
				5
				1.80615e-05 0.0211317 -0.999777 -1.04169e-05 -0.000797615 -0.999776 -0.0211317 0.00263373 -1 0.000797819 -1.20243e-06 -79.6127 0 0 0 1 
				6
				1.5935e-05 0.0183487 -0.999832 2.06016e-07 -0.000797579 -0.999831 -0.0183487 0.00263664 -1 0.000797737 -1.29771e-06 -79.8774 0 0 0 1 
				7
				1.38777e-06 -1.55795e-06 -1 5.1791e-05 -0.000797649 -0.999999 1.55684e-06 0.00263931 -1 0.000797649 -1.38901e-06 -79.8377 0 0 0 1 
				8
				2.47215e-05 0.0292539 -0.999572 -2.55262e-05 -0.000797268 -0.999572 -0.0292539 0.00263963 -1 0.00079765 -1.38773e-06 -79.4494 0 0 0 1 
				9
				3.56343e-05 0.0429367 -0.999078 -6.17017e-05 -0.000796854 -0.999077 -0.0429367 0.00263904 -1 0.000797649 -1.38714e-06 -78.7567 0 0 0 1 
				10
				3.70377e-05 0.0446963 -0.999001 -6.63541e-05 -0.00079679 -0.999 -0.0446963 0.00263898 -1 0.00079765 -1.38706e-06 -77.8308 0 0 0 1 
				11
				3.18312e-05 0.0381682 -0.999271 -4.90933e-05 -0.000797015 -0.999271 -0.0381682 0.00263947 -0.999999 0.000797649 -1.38734e-06 -76.7427 0 0 0 1 
				12
				2.2819e-05 0.0268685 -0.999639 -1.92202e-05 -0.000797324 -0.999639 -0.0268685 0.00263999 -1 0.000797649 -1.38784e-06 -75.5613 0 0 0 1 
				13
				1.28067e-05 0.0143151 -0.999897 1.39596e-05 -0.000797548 -0.999897 -0.0143151 0.00264017 -1 0.000797649 -1.38839e-06 -74.3555 0 0 0 1 
				14
				4.69569e-06 0.00414577 -0.999991 4.08329e-05 -0.000797637 -0.999991 -0.00414577 0.00264 -1 0.000797649 -1.38883e-06 -73.1964 0 0 0 1 
				15
				1.38777e-06 -1.55795e-06 -1 5.1791e-05 -0.000797649 -0.999999 1.55684e-06 0.00263993 -1 0.000797649 -1.38901e-06 -72.1549 0 0 0 1 
		</Joint>
			5
				-1
				0.996195 0.0871567 2.45679e-06 1.59826 -0.0871567 0.996194 2.20616e-06 -0.139893 -2.25516e-06 -2.41189e-06 1 -75.5789 0 0 0 1 
				0
				0.997394 0.0721493 2.30131e-06 1.60019 -0.0721493 0.997394 2.21276e-06 -0.115815 -2.13566e-06 -2.37303e-06 1 -76.1923 0 0 0 1 
				1
				0.998693 0.0511114 2.13655e-06 1.60228 -0.0511114 0.998693 2.22006e-06 -0.0820613 -2.02029e-06 -2.32636e-06 1 -76.9235 0 0 0 1 
				2
				0.999617 0.0276658 1.97029e-06 1.60377 -0.0276658 0.999617 2.21835e-06 -0.0444441 -1.90816e-06 -2.27201e-06 1 -77.7013 0 0 0 1 
				3
				0.999985 0.00545526 1.81094e-06 1.60436 -0.00545526 0.999985 2.2007e-06 -0.008808 -1.79891e-06 -2.21054e-06 1 -78.4547 0 0 0 1 
				4
				0.999928 -0.0119861 1.66802e-06 1.60427 0.0119861 0.999928 2.16212e-06 0.019177 -1.69382e-06 -2.14197e-06 1 -79.1147 0 0 0 1 
				5
				0.999777 -0.0211317 1.54986e-06 1.60403 0.0211317 0.999777 2.09974e-06 0.0338528 -1.59388e-06 -2.06652e-06 1 -79.6127 0 0 0 1 
				6
				0.999832 -0.0183487 1.46193e-06 1.60413 0.0183487 0.999831 2.01226e-06 0.0293906 -1.49861e-06 -1.98509e-06 1 -79.8774 0 0 0 1 
				7
				1 1.55907e-06 1.40731e-06 1.6044 -1.55907e-06 1 1.89694e-06 -4.73823e-05 -1.40731e-06 -1.89695e-06 1 -79.8377 0 0 0 1 
				8
				0.999572 -0.0292539 1.35248e-06 1.60371 0.0292539 0.999572 1.93763e-06 0.04689 -1.40858e-06 -1.89723e-06 1 -79.4494 0 0 0 1 
				9
				0.999077 -0.0429367 1.32642e-06 1.60292 0.0429367 0.999077 1.95575e-06 0.0688427 -1.40917e-06 -1.89699e-06 1 -78.7567 0 0 0 1 
				10
				0.999001 -0.0446963 1.32306e-06 1.6028 0.0446963 0.999001 1.95816e-06 0.0716659 -1.40926e-06 -1.89707e-06 1 -77.8308 0 0 0 1 
				11
				0.999271 -0.0381682 1.33555e-06 1.60323 0.0381682 0.999271 1.94944e-06 0.0611923 -1.40898e-06 -1.89704e-06 1 -76.7427 0 0 0 1 
				12
				0.999639 -0.0268685 1.357e-06 1.60382 0.0268685 0.999639 1.93429e-06 0.0430631 -1.40848e-06 -1.89714e-06 1 -75.5613 0 0 0 1 
				13
				0.999897 -0.0143151 1.38063e-06 1.60423 0.0143151 0.999897 1.9169e-06 0.0229226 -1.40793e-06 -1.89694e-06 1 -74.3555 0 0 0 1 
				14
				0.999991 -0.00414577 1.39961e-06 1.60438 0.00414577 0.999991 1.90277e-06 0.00660708 -1.40749e-06 -1.89695e-06 1 -73.1964 0 0 0 1 
				15
				1 1.55907e-06 1.40731e-06 1.6044 -1.55907e-06 1 1.89694e-06 -4.67641e-05 -1.40731e-06 -1.89695e-06 1 -72.1549 0 0 0 1 
		</Joint>
			6
				-1
				0.112922 -0.0327949 -0.993063 9.04144 0.148165 0.988836 -0.0158075 -0.791095 0.982495 -0.145352 0.11652 -75.5789 0 0 0 1 
				0
				0.0923762 -0.0784946 -0.992625 9.05233 0.0973213 0.992827 -0.0694536 -0.654887 0.990957 -0.0901877 0.0993527 -76.1923 0 0 0 1 
				1
				0.0786099 -0.131322 -0.988218 9.06412 0.0442372 0.990769 -0.128142 -0.463946 0.995923 -0.0336427 0.0836935 -76.9235 0 0 0 1 
				2
				0.072637 -0.186837 -0.979702 9.07251 -0.00941439 0.982124 -0.187997 -0.251152 0.997314 0.0228788 0.0695796 -77.7013 0 0 0 1 
				3
				0.0743426 -0.24053 -0.96779 9.07586 -0.0630061 0.967404 -0.245274 -0.0495676 0.99524 0.079211 0.0567645 -78.4547 0 0 0 1 
				4
				0.0835827 -0.288161 -0.953927 9.07535 -0.116833 0.947841 -0.29656 0.108732 0.989628 0.136238 0.0455562 -79.1148 0 0 0 1 
				5
				0.0992263 -0.325898 -0.940183 9.07398 -0.169671 0.925468 -0.338704 0.191741 0.980493 0.19313 0.0365353 -79.6127 0 0 0 1 
				6
				0.118387 -0.350365 -0.929101 9.07448 -0.221688 0.902738 -0.368671 0.166485 0.967904 0.249616 0.0292011 -79.8774 0 0 0 1 
				7
				0.137908 -0.358679 -0.923217 9.07601 -0.273551 0.882073 -0.383556 -5.90311e-05 0.95192 0.305442 0.0235277 -79.8377 0 0 0 1 
				8
				0.154538 -0.349513 -0.924099 9.07213 -0.326137 0.864859 -0.381647 0.265464 0.932605 0.360361 0.0196643 -79.4494 0 0 0 1 
				9
				0.166224 -0.325569 -0.930792 9.06764 -0.379719 0.85 -0.365121 0.389649 0.910046 0.414131 0.0176655 -78.7567 0 0 0 1 
				10
				0.171931 -0.290605 -0.94127 9.06694 -0.434024 0.835415 -0.337202 0.405619 0.884343 0.466509 0.0175043 -77.8308 0 0 0 1 
				11
				0.171456 -0.248271 -0.953396 9.06939 -0.488395 0.819024 -0.301112 0.346371 0.855612 0.517261 0.0191718 -76.7427 0 0 0 1 
				12
				0.165388 -0.202043 -0.965311 9.07273 -0.541941 0.799149 -0.260116 0.243814 0.823982 0.566162 0.0226741 -75.5613 0 0 0 1 
				13
				0.155122 -0.155245 -0.975621 9.07508 -0.593701 0.774686 -0.217669 0.12988 0.789592 0.612992 0.0280018 -74.3555 0 0 0 1 
				14
				0.142889 -0.111009 -0.983494 9.07593 -0.64279 0.745194 -0.177501 0.0375827 0.752597 0.657543 0.0351239 -73.1964 0 0 0 1 
				15
				0.131636 -0.0719958 -0.98868 9.07601 -0.688527 0.710883 -0.143439 -5.84129e-05 0.713163 0.699615 0.0440065 -72.1549 0 0 0 1 
		</Joint>
			7
				-1
				-0.0189879 0.116044 -0.993063 10.7801 -0.95636 -0.291761 -0.0158076 1.49025 -0.291572 0.949425 0.11652 -60.4511 0 0 0 1 
				0
				0.0346329 0.116169 -0.992625 10.4747 -0.947915 -0.31086 -0.0694536 0.8436 -0.316636 0.94333 0.0993527 -60.9343 0 0 0 1 
				1
				0.0922639 0.122116 -0.988218 10.2745 -0.935066 -0.330501 -0.128142 0.217187 -0.342255 0.935872 0.0836935 -61.589 0 0 0 1 
				2
				0.150054 0.13292 -0.979702 10.1909 -0.917917 -0.349406 -0.187997 -0.396108 -0.367302 0.927495 0.0695797 -62.3454 0 0 0 1 
				3
				0.204363 0.147029 -0.96779 10.2205 -0.897049 -0.367619 -0.245274 -1.01969 -0.39184 0.91828 0.0567645 -63.1306 0 0 0 1 
				4
				0.251632 0.163415 -0.953927 10.3623 -0.873446 -0.386192 -0.29656 -1.69019 -0.416861 0.907827 0.0455562 -63.8772 0 0 0 1 
				5
				0.288819 0.180664 -0.940183 10.6018 -0.849362 -0.4048 -0.338704 -2.42074 -0.441777 0.89638 0.0365353 -64.5157 0 0 0 1 
				6
				0.313525 0.196146 -0.929101 10.8973 -0.827077 -0.424294 -0.368671 -3.24691 -0.466525 0.884025 0.0292011 -64.9743 0 0 0 1 
				7
				0.32352 0.207374 -0.923217 11.1994 -0.808831 -0.44573 -0.383556 -4.212 -0.491045 0.870816 0.0235277 -65.1807 0 0 0 1 
				8
				0.317753 0.212306 -0.924099 11.4516 -0.795941 -0.469919 -0.381647 -4.75617 -0.515278 0.856797 0.0196643 -65.0898 0 0 0 1 
				9
				0.298666 0.210771 -0.930792 11.627 -0.787465 -0.496572 -0.365121 -5.457 -0.539162 0.842016 0.0176655 -64.7444 0 0 0 1 
				10
				0.269518 0.203401 -0.94127 11.7142 -0.781541 -0.52487 -0.337202 -6.27719 -0.562631 0.826523 0.0175043 -64.2143 0 0 0 1 
				11
				0.233391 0.191218 -0.953396 11.7094 -0.776262 -0.553848 -0.301112 -7.1736 -0.585615 0.810362 0.0191718 -63.5686 0 0 0 1 
				12
				0.193213 0.175623 -0.965311 11.6193 -0.77003 -0.582574 -0.260116 -8.10063 -0.608048 0.793576 0.0226741 -62.8742 0 0 0 1 
				13
				0.151868 0.15843 -0.975621 11.4635 -0.761718 -0.61025 -0.217669 -9.01152 -0.629858 0.776205 0.0280018 -62.1979 0 0 0 1 
				14
				0.112247 0.141918 -0.983494 11.276 -0.750753 -0.636288 -0.177501 -9.85966 -0.650976 0.758285 0.0351239 -61.6084 0 0 0 1 
				15
				0.0770644 0.128734 -0.98868 11.1028 -0.737141 -0.660339 -0.143439 -10.6015 -0.671329 0.739851 0.0440065 -61.1741 0 0 0 1 
		</Joint>
			8
				-1
				-0.0189879 -0.99297 -0.116835 10.4878 -0.95636 -0.0160399 0.291749 -13.2351 -0.291572 0.117276 -0.949332 -64.9406 0 0 0 1 
				0
				0.0346329 -0.992532 -0.11696 11.0079 -0.947915 -0.0697011 0.310804 -13.7517 -0.316636 0.100104 -0.94325 -65.8096 0 0 0 1 
				1
				0.0922639 -0.98812 -0.122903 11.6951 -0.935066 -0.128405 0.330398 -14.1803 -0.342255 0.0844387 -0.935805 -66.8588 0 0 0 1 
				2
				0.150054 -0.979596 -0.1337 12.5014 -0.917917 -0.188275 0.349256 -14.5296 -0.367302 0.0703182 -0.927439 -68.0008 0 0 0 1 
				3
				0.204363 -0.967673 -0.147799 13.3672 -0.897049 -0.245567 0.367423 -14.8318 -0.39184 0.0574957 -0.918235 -69.1639 0 0 0 1 
				4
				0.251632 -0.953796 -0.164175 14.2367 -0.873446 -0.296867 0.385956 -15.1389 -0.416861 0.0462791 -0.907791 -70.2957 0 0 0 1 
				5
				0.288818 -0.940039 -0.181412 15.0488 -0.849362 -0.339027 0.40453 -15.4986 -0.441777 0.0372491 -0.896351 -71.3179 0 0 0 1 
				6
				0.313525 -0.928944 -0.196886 15.7248 -0.827076 -0.369009 0.424 -15.9817 -0.466525 0.029905 -0.884002 -72.1575 0 0 0 1 
				7
				0.32352 -0.923052 -0.208109 16.1808 -0.808831 -0.383911 0.445425 -16.6658 -0.491045 0.0242211 -0.870797 -72.7415 0 0 0 1 
				8
				0.317753 -0.92393 -0.213042 16.3441 -0.79594 -0.382021 0.469615 -17.0115 -0.515278 0.0203466 -0.856781 -73.0236 0 0 0 1 
				9
				0.298666 -0.930624 -0.211512 16.2257 -0.787465 -0.365517 0.496281 -17.5819 -0.539162 0.0183359 -0.842002 -73.0461 0 0 0 1 
				10
				0.269518 -0.941107 -0.20415 15.8641 -0.781541 -0.33762 0.524601 -18.3108 -0.562631 0.0181624 -0.826508 -72.8773 0 0 0 1 
				11
				0.233391 -0.953243 -0.191977 15.3029 -0.776262 -0.301552 0.553608 -19.126 -0.585615 0.0198171 -0.810346 -72.5855 0 0 0 1 
				12
				0.193213 -0.965171 -0.176391 14.5942 -0.77003 -0.26058 0.582367 -19.957 -0.608048 0.023306 -0.793558 -72.2365 0 0 0 1 
				13
				0.151868 -0.975494 -0.159207 13.8019 -0.761718 -0.218155 0.610077 -20.7399 -0.629858 0.0286199 -0.776182 -71.8961 0 0 0 1 
				14
				0.112247 -0.98338 -0.142701 13.0043 -0.750753 -0.178007 0.636146 -21.4193 -0.650976 0.0357277 -0.758257 -71.6317 0 0 0 1 
				15
				0.0770644 -0.988577 -0.129521 12.2894 -0.737141 -0.143965 0.660224 -21.9515 -0.671329 0.0445957 -0.739816 -71.5108 0 0 0 1 
		</Joint>
			9
				-1
				-0.996195 0.0871567 3.11456e-06 -1.59823 0.0871567 0.996194 -2.6936e-06 0.139757 -3.33748e-06 -2.41189e-06 -1 -75.5789 0 0 0 1 
				0
				-0.997394 0.0721493 3.27675e-06 -1.60014 0.0721493 0.997394 -2.61627e-06 0.115681 -3.45697e-06 -2.37303e-06 -1 -76.1923 0 0 0 1 
				1
				-0.998693 0.0511114 3.44878e-06 -1.60222 0.0511114 0.998693 -2.50591e-06 0.0819307 -3.57235e-06 -2.32636e-06 -1 -76.9235 0 0 0 1 
				2
				-0.999617 0.0276658 3.62021e-06 -1.6037 0.0276658 0.999617 -2.37308e-06 0.0443181 -3.68447e-06 -2.27201e-06 -1 -77.7013 0 0 0 1 
				3
				-0.999985 0.00545526 3.78161e-06 -1.60429 0.00545526 0.999985 -2.2312e-06 0.00868736 -3.79372e-06 -2.21054e-06 -1 -78.4547 0 0 0 1 
				4
				-0.999928 -0.0119861 3.92421e-06 -1.60419 -0.0119861 0.999928 -2.09509e-06 -0.0192916 -3.89882e-06 -2.14197e-06 -1 -79.1148 0 0 0 1 
				5
				-0.999777 -0.0211317 4.04153e-06 -1.60394 -0.0211317 0.999777 -1.98156e-06 -0.0339614 -3.99875e-06 -2.06652e-06 -1 -79.6127 0 0 0 1 
				6
				-0.999832 -0.0183487 4.12976e-06 -1.60403 -0.0183487 0.999831 -1.90964e-06 -0.0294937 -4.09403e-06 -1.98509e-06 -1 -79.8774 0 0 0 1 
				7
				-1 1.55462e-06 4.18533e-06 -1.60429 1.55461e-06 1 -1.89695e-06 -5.12908e-05 -4.18533e-06 -1.89695e-06 -1 -79.8377 0 0 0 1 
				8
				-0.999572 -0.0292539 4.23776e-06 -1.60361 -0.0292539 0.999572 -1.77402e-06 -0.0469857 -4.18405e-06 -1.89723e-06 -1 -79.4494 0 0 0 1 
				9
				-0.999077 -0.0429367 4.26105e-06 -1.60281 -0.0429367 0.999077 -1.71562e-06 -0.0689369 -4.18346e-06 -1.89699e-06 -1 -78.7567 0 0 0 1 
				10
				-0.999001 -0.0446963 4.26399e-06 -1.60269 -0.0446963 0.999001 -1.70819e-06 -0.0717598 -4.18338e-06 -1.89707e-06 -1 -77.8308 0 0 0 1 
				11
				-0.999271 -0.0381682 4.25301e-06 -1.60312 -0.0381682 0.999271 -1.73598e-06 -0.0612868 -4.18365e-06 -1.89704e-06 -1 -76.7427 0 0 0 1 
				12
				-0.999639 -0.0268685 4.23362e-06 -1.60371 -0.0268685 0.999639 -1.78403e-06 -0.0431585 -4.18416e-06 -1.89714e-06 -1 -75.5613 0 0 0 1 
				13
				-0.999897 -0.0143151 4.21143e-06 -1.60413 -0.0143151 0.999897 -1.83684e-06 -0.023019 -4.18471e-06 -1.89694e-06 -1 -74.3555 0 0 0 1 
				14
				-0.999991 -0.00414577 4.19298e-06 -1.60428 -0.00414577 0.999991 -1.87958e-06 -0.00670433 -4.18515e-06 -1.89695e-06 -1 -73.1964 0 0 0 1 
				15
				-1 1.55462e-06 4.18533e-06 -1.60429 1.55461e-06 1 -1.89695e-06 -5.06677e-05 -4.18533e-06 -1.89695e-06 -1 -72.1549 0 0 0 1 
		</Joint>
			10
				-1
				0.237443 0.519486 -0.820826 -9.04141 0.493742 0.663159 0.562528 0.790958 0.836564 -0.538845 -0.09903 -75.5789 0 0 0 1 
				0
				0.160954 0.478147 -0.863406 -9.05228 0.456141 0.739739 0.494694 0.654753 0.875231 -0.473457 -0.0990386 -76.1923 0 0 0 1 
				1
				0.089145 0.420448 -0.902927 -9.06407 0.407599 0.811753 0.418235 0.463815 0.908799 -0.405315 -0.0990103 -76.9235 0 0 0 1 
				2
				0.0260398 0.3497 -0.936499 -9.07245 0.348163 0.874991 0.336413 0.251026 0.937072 -0.334814 -0.098968 -77.7013 0 0 0 1 
				3
				-0.0253223 0.270618 -0.962353 -9.07578 0.27927 0.92625 0.253117 0.0494469 0.959879 -0.262347 -0.0990301 -78.4547 0 0 0 1 
				4
				-0.0629803 0.18875 -0.980003 -9.07526 0.203274 0.963795 0.172565 -0.108847 0.977094 -0.188341 -0.0990681 -79.1148 0 0 0 1 
				5
				-0.0864457 0.110097 -0.990154 -9.07388 0.122893 0.987463 0.0990681 -0.191849 0.988648 -0.113119 -0.0988921 -79.6127 0 0 0 1 
				6
				-0.0977081 0.0406975 -0.994383 -9.07438 0.04048 0.998499 0.0368884 -0.166588 0.994391 -0.0366483 -0.0992089 -79.8774 0 0 0 1 
				7
				-0.0985626 -0.0138766 -0.995034 -9.0759 -0.0396192 0.999164 -0.0100097 -3.96753e-05 0.994342 0.0384359 -0.09903 -79.8378 0 0 0 1 
				8
				-0.0933993 -0.0503803 -0.994353 -9.07202 -0.118494 0.992183 -0.0391402 -0.265559 0.988552 0.114169 -0.098639 -79.4494 0 0 0 1 
				9
				-0.0868121 -0.0708088 -0.993705 -9.06753 -0.195086 0.979366 -0.0527439 -0.389743 0.976936 0.189279 -0.0988347 -78.7567 0 0 0 1 
				10
				-0.0809005 -0.0789538 -0.99359 -9.06683 -0.269352 0.9615 -0.0544725 -0.405713 0.959638 0.263218 -0.0990522 -77.8308 0 0 0 1 
				11
				-0.0768521 -0.0787593 -0.993927 -9.06929 -0.341422 0.938684 -0.0479825 -0.346465 0.936762 0.335661 -0.09903 -76.7427 0 0 0 1 
				12
				-0.0752395 -0.074093 -0.994409 -9.07263 -0.411212 0.910799 -0.03675 -0.24391 0.908429 0.406147 -0.0989959 -75.5614 0 0 0 1 
				13
				-0.0754062 -0.0686087 -0.99479 -9.07498 -0.478582 0.877708 -0.0242567 -0.129976 0.874799 0.474259 -0.0990195 -74.3556 0 0 0 1 
				14
				-0.0754994 -0.0656339 -0.994983 -9.07583 -0.543402 0.839353 -0.0141344 -0.03768 0.836071 0.539609 -0.0990363 -73.1964 0 0 0 1 
				15
				-0.0727785 -0.0679001 -0.995034 -9.0759 -0.605551 0.795743 -0.0100097 -3.90523e-05 0.792471 0.601816 -0.09903 -72.155 0 0 0 1 
		</Joint>
			11
				-1
				-0.535497 0.198717 -0.820826 -5.38542 -0.697574 0.443793 0.562528 8.39326 0.476061 0.873819 -0.09903 -62.6981 0 0 0 1 
				0
				-0.4919 0.112093 -0.863406 -6.57403 -0.781829 0.379501 0.494694 7.67809 0.383115 0.918375 -0.0990386 -62.7161 0 0 0 1 
				1
				-0.428385 0.0347779 -0.902927 -7.69148 -0.857119 0.300709 0.418235 6.73974 0.286063 0.953082 -0.0990103 -62.9305 0 0 0 1 
				2
				-0.349522 -0.028327 -0.936499 -8.67151 -0.918291 0.208729 0.336413 5.61179 0.185945 0.977563 -0.098968 -63.2729 0 0 0 1 
				3
				-0.261531 -0.0740068 -0.962353 -9.46568 -0.961549 0.106561 0.253117 4.34945 0.083817 0.991548 -0.0990302 -63.6751 0 0 0 1 
				4
				-0.171501 -0.100898 -0.980003 -10.045 -0.984996 -0.00184469 0.172565 3.02102 -0.0192193 0.994895 -0.0990681 -64.0701 0 0 0 1 
				5
				-0.086722 -0.109879 -0.990154 -10.4049 -0.988713 -0.112393 0.0990682 1.70037 -0.122172 0.98757 -0.0988921 -64.3902 0 0 0 1 
				6
				-0.0137621 -0.104947 -0.994383 -10.5788 -0.974406 -0.221745 0.0368885 0.456695 -0.224371 0.96944 -0.0992089 -64.5664 0 0 0 1 
				7
				0.0416214 -0.0904147 -0.995034 -10.5935 -0.945611 -0.325143 -0.0100097 -0.61007 -0.322623 0.941333 -0.0990301 -64.5276 0 0 0 1 
				8
				0.077117 -0.0729011 -0.994353 -10.5101 -0.905042 -0.423518 -0.0391402 -2.09005 -0.418273 0.902949 -0.098639 -64.2283 0 0 0 1 
				9
				0.0960589 -0.0576447 -0.993705 -10.4042 -0.855118 -0.515742 -0.052744 -3.39355 -0.509455 0.854802 -0.0988347 -63.7145 0 0 0 1 
				10
				0.103023 -0.0465289 -0.99359 -10.3125 -0.797014 -0.601499 -0.0544725 -4.55301 -0.595109 0.797517 -0.0990522 -63.055 0 0 0 1 
				11
				0.102495 -0.0400504 -0.993927 -10.2526 -0.731199 -0.680473 -0.0479825 -5.60345 -0.674419 0.731677 -0.09903 -62.3191 0 0 0 1 
				12
				0.0986343 -0.0377099 -0.994409 -10.2311 -0.658042 -0.752084 -0.03675 -6.57547 -0.746493 0.657987 -0.0989959 -61.574 0 0 0 1 
				13
				0.0947732 -0.0375671 -0.99479 -10.236 -0.57795 -0.815711 -0.0242567 -7.49885 -0.81055 0.577238 -0.0990195 -60.886 0 0 0 1 
				14
				0.0931703 -0.0364316 -0.994983 -10.2383 -0.491444 -0.870794 -0.0141345 -8.40461 -0.865911 0.490295 -0.0990363 -60.3232 0 0 0 1 
				15
				0.0947796 -0.0303968 -0.995034 -10.1965 -0.399126 -0.916841 -0.0100096 -9.3239 -0.911984 0.398092 -0.09903 -59.953 0 0 0 1 
		</Joint>
			12
				-1
				-0.535497 0.820984 0.198063 -13.6306 -0.697574 -0.562175 0.444241 -2.3475 0.476061 0.0997258 0.873739 -55.368 0 0 0 1 
				0
				-0.494774 0.863484 0.0979514 -14.148 -0.791886 -0.494409 0.358435 -4.35997 0.357931 0.0997779 0.928401 -56.8172 0 0 0 1 
				1
				-0.429644 0.902935 0.010654 -14.2875 -0.872238 -0.418033 0.253869 -6.45759 0.233681 0.0997805 0.96718 -58.5258 0 0 0 1 
				2
				-0.346038 0.936454 -0.0575413 -14.0532 -0.932277 -0.336307 0.133255 -8.52741 0.105436 0.0997559 0.98941 -60.4099 0 0 0 1 
				3
				-0.251919 0.962272 -0.102805 -13.4925 -0.967434 -0.253116 0.00144846 -10.4558 -0.0246279 0.0998223 0.9947 -62.3846 0 0 0 1 
				4
				-0.156194 0.979905 -0.124055 -12.6856 -0.975603 -0.172673 -0.135582 -12.1453 -0.154279 0.0998508 0.982969 -64.3661 0 0 0 1 
				5
				-0.0676649 0.990056 -0.123327 -11.7402 -0.957198 -0.0992847 -0.27187 -13.5231 -0.281411 0.0996521 0.954399 -66.2713 0 0 0 1 
				6
				0.00640025 0.994298 -0.106443 -10.7907 -0.914632 -0.0372091 -0.40257 -14.5465 -0.404235 0.0999329 0.909179 -68.0212 0 0 0 1 
				7
				0.0602041 0.99497 -0.0800552 -9.95265 -0.852823 0.00959394 -0.522111 -15.1699 -0.518717 0.0997062 0.849112 -69.4951 0 0 0 1 
				8
				0.0925195 0.994311 -0.0527702 -9.32272 -0.775012 0.038638 -0.630764 -16.0253 -0.625137 0.0992555 0.774178 -70.6686 0 0 0 1 
				9
				0.108035 0.993681 -0.0304332 -8.92516 -0.684608 0.0521651 -0.727042 -16.5601 -0.72086 0.0993809 0.685918 -71.5588 0 0 0 1 
				10
				0.112171 0.993579 -0.0147991 -8.72621 -0.583679 0.0538274 -0.810199 -16.8249 -0.804199 0.0995188 0.585969 -72.2181 0 0 0 1 
				11
				0.109929 0.993922 -0.00577048 -8.67445 -0.473664 0.0472822 -0.879435 -16.862 -0.873818 0.0994091 0.475983 -72.7034 0 0 0 1 
				12
				0.105591 0.994408 -0.00191665 -8.71241 -0.356042 0.0360065 -0.933776 -16.7075 -0.928485 0.0992809 0.357853 -73.068 0 0 0 1 
				13
				0.101946 0.99479 -0.000343454 -8.77678 -0.232417 0.0234825 -0.972332 -16.3977 -0.967258 0.0992056 0.233601 -73.3663 0 0 0 1 
				14
				0.0999739 0.994986 0.00284035 -8.80374 -0.10454 0.0133427 -0.994431 -15.9715 -0.989483 0.0991202 0.10535 -73.6559 0 0 0 1 
				15
				0.0987457 0.995043 0.0117144 -8.73715 0.0257431 0.00921365 -0.999626 -15.4694 -0.994779 0.0990103 -0.0247057 -73.9951 0 0 0 1 
		</Joint>
			13
				-1
				6.58432e-07 -9.55593e-07 -1 1.76032e-05 0 -1 9.55593e-07 -7.47645e-05 -1 -6.29193e-13 -6.58432e-07 -78.9554 0 0 0 1 
				0
				7.24435e-07 0.00414606 -0.999991 2.33751e-05 0 -0.999991 -0.00414606 -7.34547e-05 -1 3.00356e-09 -7.24429e-07 -79.5689 0 0 0 1 
				1
				8.02207e-07 0.0143156 -0.999897 2.942e-05 0 -0.999897 -0.0143156 -7.15274e-05 -1 1.14841e-08 -8.02125e-07 -80.3 0 0 0 1 
				2
				8.89028e-07 0.0268689 -0.999639 3.54314e-05 0 -0.999639 -0.0268689 -6.90078e-05 -1 2.38872e-08 -8.88707e-07 -81.0778 0 0 0 1 
				3
				9.82713e-07 0.0381687 -0.999271 4.11149e-05 0 -0.999271 -0.0381687 -6.60453e-05 -1 3.75088e-08 -9.81997e-07 -81.8312 0 0 0 1 
				4
				1.08063e-06 0.0446965 -0.999 4.62269e-05 0 -0.999 -0.0446965 -6.27634e-05 -1 4.83002e-08 -1.07955e-06 -82.4913 0 0 0 1 
				5
				1.18063e-06 0.0429367 -0.999078 5.05682e-05 0 -0.999078 -0.0429367 -5.94454e-05 -1 5.06925e-08 -1.17954e-06 -82.9892 0 0 0 1 
				6
				1.28265e-06 0.0292539 -0.999572 5.4011e-05 0 -0.999572 -0.0292539 -5.6413e-05 -1 3.75224e-08 -1.2821e-06 -83.2539 0 0 0 1 
				7
				1.38685e-06 -1.55684e-06 -1 5.64769e-05 0 -1 1.55684e-06 -5.39783e-05 -1 -2.15911e-12 -1.38685e-06 -83.2143 0 0 0 1 
				8
				1.38557e-06 0.0292539 -0.999572 5.79467e-05 0 -0.999572 -0.0292539 -5.23706e-05 -1 4.05333e-08 -1.38498e-06 -82.8259 0 0 0 1 
				9
				1.38498e-06 0.0429367 -0.999077 5.86185e-05 0 -0.999077 -0.0429367 -5.15654e-05 -1 5.94665e-08 -1.3837e-06 -82.1332 0 0 0 1 
				10
				1.3849e-06 0.0446963 -0.999001 5.87052e-05 0 -0.999001 -0.0446963 -5.14142e-05 -1 6.19e-08 -1.38352e-06 -81.2073 0 0 0 1 
				11
				1.38518e-06 0.0381682 -0.999271 5.83856e-05 0 -0.999271 -0.0381682 -5.16723e-05 -1 5.28698e-08 -1.38417e-06 -80.1192 0 0 0 1 
				12
				1.38568e-06 0.0268685 -0.999639 5.78289e-05 0 -0.999639 -0.0268685 -5.22043e-05 -1 3.72311e-08 -1.38518e-06 -78.9379 0 0 0 1 
				13
				1.38623e-06 0.0143151 -0.999897 5.72017e-05 0 -0.999897 -0.0143151 -5.27732e-05 -1 1.9844e-08 -1.38609e-06 -77.7321 0 0 0 1 
				14
				1.38667e-06 0.00414577 -0.999991 5.66881e-05 0 -0.999991 -0.00414577 -5.32447e-05 -1 5.74881e-09 -1.38666e-06 -76.5729 0 0 0 1 
				15
				1.38685e-06 -1.55684e-06 -1 5.64768e-05 0 -1 1.55684e-06 -5.33594e-05 -1 -2.15911e-12 -1.38685e-06 -75.5315 0 0 0 1 
		</Joint>
			14
		</Joint>
			15
				-1
				0.202201 -0.303986 0.930971 3.75488 -0.408259 -0.890233 -0.202013 -2.62919 0.890191 -0.33923 -0.304112 -40.6378 0 0 0 1 
				0
				0.190918 -0.215008 0.957769 3.95415 -0.403165 -0.906796 -0.1232 -2.31871 0.894991 -0.362617 -0.259808 -41.2512 0 0 0 1 
				1
				0.183139 -0.111554 0.976737 4.13975 -0.385897 -0.921954 -0.0329416 -1.96832 0.904181 -0.370887 -0.211894 -41.9824 0 0 0 1 
				2
				0.174954 -0.000306956 0.984576 4.29817 -0.35726 -0.931865 0.0631929 -1.59294 0.917473 -0.362806 -0.163144 -42.7602 0 0 0 1 
				3
				0.163494 0.11098 0.980282 4.42113 -0.31969 -0.934075 0.159067 -1.21051 0.93331 -0.339392 -0.117237 -43.5135 0 0 0 1 
				4
				0.148467 0.214363 0.965405 4.50618 -0.278225 -0.927737 0.248786 -0.840304 0.948972 -0.305536 -0.0780971 -44.1736 0 0 0 1 
				5
				0.133558 0.302522 0.943739 4.55627 -0.240586 -0.913887 0.327 -0.502132 0.961395 -0.270724 -0.0492744 -44.6715 0 0 0 1 
				6
				0.125911 0.369614 0.920615 4.57878 -0.21433 -0.895948 0.389024 -0.215807 0.968612 -0.246298 -0.0335906 -44.9362 0 0 0 1 
				7
				0.130827 0.411717 0.901872 4.58386 -0.200051 -0.880015 0.430759 4.57053e-06 0.971012 -0.236775 -0.0327655 -44.8966 0 0 0 1 
				8
				0.138747 0.430317 0.891951 4.5819 -0.170447 -0.876846 0.449543 0.134107 0.975549 -0.214404 -0.0483138 -44.5082 0 0 0 1 
				9
				0.142107 0.430929 0.891126 4.57963 -0.115799 -0.886843 0.447324 0.196827 0.983054 -0.166759 -0.0761251 -43.8156 0 0 0 1 
				10
				0.145608 0.416948 0.897191 4.57928 -0.0546947 -0.902077 0.428095 0.204893 0.987829 -0.111406 -0.108545 -42.8896 0 0 0 1 
				11
				0.142977 0.395586 0.907232 4.58052 0.0251675 -0.917806 0.396231 0.17497 0.989406 -0.0338191 -0.141181 -41.8016 0 0 0 1 
				12
				0.136566 0.371201 0.918455 4.5822 0.116548 -0.926723 0.357213 0.123173 0.983751 0.0582613 -0.169821 -40.6202 0 0 0 1 
				13
				0.139453 0.343673 0.928677 4.58339 0.179003 -0.93114 0.317705 0.0656305 0.973915 0.121931 -0.191369 -39.4144 0 0 0 1 
				14
				0.140844 0.320866 0.936594 4.58382 0.235319 -0.929762 0.283138 0.0190158 0.961659 0.18052 -0.206458 -38.2552 0 0 0 1 
				15
				0.14095 0.305598 0.94167 4.58386 0.279282 -0.924808 0.258322 5.17803e-06 0.949807 0.226581 -0.2157 -37.2138 0 0 0 1 
		</Joint>
			16
				-1
				0.34424 -0.121622 0.930971 7.79839 0.208217 -0.956993 -0.202013 -10.7933 0.915502 0.263385 -0.304112 -22.8362 0 0 0 1 
				0
				0.282553 -0.0533129 0.957769 7.77203 0.235725 -0.963979 -0.1232 -10.381 0.929837 0.26058 -0.259808 -23.3537 0 0 0 1 
				1
				0.213492 0.0201388 0.976737 7.80206 0.24218 -0.969672 -0.0329417 -9.68526 0.946451 0.243579 -0.211894 -23.901 0 0 0 1 
				2
				0.144371 0.0988237 0.984576 7.79681 0.23326 -0.970359 0.0631931 -8.73723 0.961637 0.220539 -0.163144 -24.4131 0 0 0 1 
				3
				0.08124 0.18013 0.980282 7.69059 0.216408 -0.963257 0.159067 -7.60348 0.972917 0.199219 -0.117237 -24.8497 0 0 0 1 
				4
				0.027219 0.259331 0.965405 7.47513 0.201719 -0.94732 0.248786 -6.40408 0.979065 0.187968 -0.0780971 -25.1966 0 0 0 1 
				5
				-0.0188683 0.330153 0.943739 7.22709 0.202007 -0.923181 0.327 -5.31324 0.979202 0.196812 -0.0492745 -25.4461 0 0 0 1 
				6
				-0.0617257 0.385562 0.920615 7.09668 0.229935 -0.89207 0.389024 -4.50186 0.971246 0.235694 -0.0335906 -25.5665 0 0 0 1 
				7
				-0.104437 0.41919 0.901872 7.20007 0.290996 -0.854264 0.430759 -4.0005 0.951007 0.307428 -0.0327655 -25.4789 0 0 0 1 
				8
				-0.135716 0.431282 0.891951 7.35649 0.368133 -0.813873 0.449543 -3.27441 0.919815 0.389366 -0.0483138 -24.9998 0 0 0 1 
				9
				-0.150548 0.428053 0.891126 7.4214 0.449733 -0.773072 0.447324 -2.11886 0.880384 0.468112 -0.0761251 -24.157 0 0 0 1 
				10
				-0.157042 0.412777 0.897191 7.49106 0.538956 -0.725438 0.428095 -0.888861 0.827565 0.550776 -0.108545 -23.1356 0 0 0 1 
				11
				-0.151408 0.392436 0.907231 7.43969 0.620761 -0.676503 0.396231 0.678256 0.76924 0.623167 -0.141181 -22.016 0 0 0 1 
				12
				-0.138609 0.370443 0.918455 7.31316 0.692817 -0.626421 0.357213 2.45384 0.707667 0.685834 -0.169821 -20.9477 0 0 0 1 
				13
				-0.134693 0.345567 0.928677 7.37209 0.769644 -0.553815 0.317705 3.64524 0.624104 0.757544 -0.191369 -19.9386 0 0 0 1 
				14
