<?xml version='1.0' encoding='UTF-8' ?>
<itpanim>
	<skeleton count>
		25
			0 -1
			1.37091e-06 -1 -6.12323e-17 1.44898e-05 1 1.37091e-06 -6.12323e-17 -1.98691e-11 6.12323e-17 -6.12323e-17 1 80.8015 0 0 0 1 
			1 0
			1.3868e-06 4.78456e-08 -1 -80.8015 2.75771e-06 -1 -4.78418e-08 1.44901e-05 -1 -2.75771e-06 -1.3868e-06 -0.000112056 0 0 0 1 
			2 1
			1.40269e-06 -0.000796318 -1 -90.1364 0 -1 0.000796318 0.0931538 -1 -1.11699e-09 -1.40269e-06 -2.58351e-07 0 0 0 1 
			3 2
			1.40269e-06 -0.000796318 -1 -116.969 0 -1 0.000796318 0.11452 -1 -1.11699e-09 -1.40269e-06 -3.17612e-07 0 0 0 1 
			4 3
			1.40269e-06 -0.000796318 -1 -143.801 0 -1 0.000796318 0.119367 -1 -1.11699e-09 -1.40269e-06 -3.31058e-07 0 0 0 1 
			5 4
			1 1.37091e-06 4.37113e-08 -2.89267 -1.37091e-06 1 3.58059e-15 -8.20407e-06 -4.37113e-08 -6.35048e-14 1 143.801 0 0 0 1 
			6 5
			0.995014 0.0902305 0.042489 -10.1726 -0.0897157 0.995871 -0.0138741 -0.527027 -0.0435655 0.00999304 0.999001 144.37 0 0 0 1 
			7 6
			0.994845 -0.0912189 0.0442967 -37.2146 0.0915704 0.995781 -0.00596753 -7.37347 -0.0435655 0.00999304 0.999001 144.37 0 0 0 1 
			8 7
			0.994845 -0.0912189 0.0442967 -64.9763 -0.0434925 0.0107859 0.998995 144.365 -0.091605 -0.995772 0.00676301 7.48842 0 0 0 1 
			9 4
			-1 -1.37091e-06 4.37114e-08 -2.89267 -1.37091e-06 1 3.84662e-15 -8.20407e-06 -4.37115e-08 -5.60777e-14 -1 -143.801 0 0 0 1 
			10 9
			-0.995014 0.0902277 0.042489 -10.1726 0.089713 0.995871 -0.0138741 -0.527027 -0.0435654 -0.00999316 -0.999001 -144.37 0 0 0 1 
			11 10
			-0.994845 -0.0912216 0.0442967 -37.2146 -0.0915731 0.99578 -0.00596753 -7.37347 -0.0435654 -0.00999316 -0.999001 -144.37 0 0 0 1 
			12 11
			-0.994845 -0.0912216 0.0442967 -64.9763 0.0434925 0.0107861 0.998995 144.365 -0.0916078 0.995772 -0.00676301 -7.48842 0 0 0 1 
			13 4
			1.34309e-06 -5.95475e-08 -1 -149.889 -1.40269e-06 -1 5.95456e-08 7.93768e-06 -1 1.40269e-06 -1.34309e-06 -0.000201315 0 0 0 1 
			14 13
			1 -0 0 0 0 1 0 0 -0 -0 1 -0 0 0 0 1 
			15 2
			1.37369e-06 -0.0998334 0.995004 80.3979 0 -0.995004 -0.0998334 -8.06668 1 1.3714e-07 -1.36683e-06 -8.2648 0 0 0 1 
			16 15
			1.37369e-06 0.0998334 0.995004 45.0607 0 -0.995004 0.0998334 0.903508 1 -1.3714e-07 -1.36683e-06 -8.2648 0 0 0 1 
			17 16
			1.3716e-06 -6.00745e-14 1 9.05003 0 -1 -6.00745e-14 1.19116e-05 1 8.23984e-20 -1.3716e-06 -8.2648 0 0 0 1 
			18 17
			1.3723e-06 -1 -6.00133e-14 -12.2319 0 6.00133e-14 -1 -0.75718 1 1.3723e-06 8.23562e-20 -8.2648 0 0 0 1 
			19 18
			1 -0 0 0 0 1 0 0 -0 -0 1 -0 0 0 0 1 
			20 2
			1.37369e-06 -0.0998334 0.995004 80.3979 0 -0.995004 -0.0998334 -8.06668 1 1.3714e-07 -1.36683e-06 8.26481 0 0 0 1 
			21 20
			1.37369e-06 0.0998334 0.995004 45.0607 0 -0.995004 0.0998334 0.903507 1 -1.3714e-07 -1.36683e-06 8.26481 0 0 0 1 
			22 21
			1.3716e-06 -6.00745e-14 1 9.05003 0 -1 -6.00745e-14 1.19116e-05 1 8.23984e-20 -1.3716e-06 8.26481 0 0 0 1 
			23 22
			1.3723e-06 -1 5.98908e-14 -12.2319 0 -5.98908e-14 -1 -0.75718 1 1.3723e-06 -8.21882e-20 8.26481 0 0 0 1 
			24 23
			1 -0 0 0 0 1 0 0 -0 -0 1 -0 0 0 0 1 
	</skeleton>
		<animations>
			49
			0
				-1
				-0.573575 0.819153 -2.02144e-33 0 -0.819153 -0.573575 -1.36318e-32 8.9233e-07 -1.2326e-32 -6.16298e-33 1 -73.7133 0 0 0 1 
				0
				-0.576008 0.817444 0 2.22499e-09 -0.817444 -0.576008 -0 0.0509027 -0 -0 1 -73.9171 0 0 0 1 
				1
				-0.582661 0.812715 1.41782e-33 8.33329e-09 -0.812715 -0.582661 -8.59967e-33 0.190644 -6.16298e-33 -6.16298e-33 1 -74.187 0 0 0 1 
				2
				-0.592484 0.805582 -7.30293e-33 1.74178e-08 -0.805582 -0.592484 -9.92957e-33 0.398473 -1.2326e-32 -0 1 -74.5075 0 0 0 1 
				3
				-0.604424 0.796663 -1.18476e-33 2.85713e-08 -0.796663 -0.604424 8.63486e-33 0.653635 6.16298e-33 6.16298e-33 1 -74.8634 0 0 0 1 
				4
				-0.617482 0.786585 4.8477e-33 4.09153e-08 -0.786585 -0.617482 -3.80553e-33 0.936033 -0 -6.16298e-33 1 -75.2394 0 0 0 1 
				5
				-0.630696 0.77603 0 5.35711e-08 -0.77603 -0.630696 -0 1.22557 -0 -0 1 -75.6208 0 0 0 1 
				6
				-0.64312 0.765765 4.71939e-33 6.56318e-08 -0.765765 -0.64312 -3.96353e-33 1.50148 -0 -6.16298e-33 1 -75.9921 0 0 0 1 
				7
				-0.65386 0.756616 -6.33282e-34 7.61901e-08 -0.756616 -0.65386 8.69273e-33 1.74303 6.16298e-33 6.16298e-33 1 -76.3378 0 0 0 1 
				8
				-0.662088 0.749426 -7.62261e-33 8.43674e-08 -0.749426 -0.662088 -1.79365e-32 1.9301 -1.84889e-32 -6.16298e-33 1 -76.6429 0 0 0 1 
				9
				-0.666999 0.745059 -3.62961e-33 8.92852e-08 -0.745059 -0.666999 -1.32943e-32 2.04261 -1.2326e-32 -6.16298e-33 1 -76.8925 0 0 0 1 
				10
				-0.667746 0.744389 8.70296e-33 9.00364e-08 -0.744389 -0.667746 4.72347e-34 2.05979 6.16298e-33 -6.16298e-33 1 -77.0712 0 0 0 1 
				11
				-0.663436 0.748233 -8.70008e-33 8.57138e-08 -0.748233 -0.663436 -5.22606e-34 1.9609 -6.16298e-33 6.16298e-33 1 -77.1634 0 0 0 1 
				12
				-0.6531 0.757272 -4.66705e-33 7.54389e-08 -0.757272 -0.6531 4.02504e-33 1.72584 -0 6.16298e-33 1 -77.1543 0 0 0 1 
				13
				-0.635621 0.772001 0 5.8333e-08 -0.772001 -0.635621 -0 1.3345 -0 -0 1 -77.0289 0 0 0 1 
				14
				-0.609646 0.792673 -2.62925e-33 3.34891e-08 -0.792673 -0.609646 -1.35277e-32 0.766142 -1.2326e-32 -6.16298e-33 1 -76.7717 0 0 0 1 
				15
				-0.573575 0.819153 -2.02144e-33 0 -0.819153 -0.573575 -1.36318e-32 8.9233e-07 -1.2326e-32 -6.16298e-33 1 -76.3672 0 0 0 1 
				16
				-0.496519 0.868026 0 -6.83092e-08 -0.868026 -0.496519 -0 -1.56273 -0 -0 1 -75.3969 0 0 0 1 
				17
				-0.3548 0.934942 1.49223e-33 -1.85713e-07 -0.934942 -0.3548 1.26174e-32 -4.24862 1.2326e-32 3.08149e-33 1 -73.6297 0 0 0 1 
				18
				-0.163715 0.986508 1.51996e-33 -3.3407e-07 -0.986508 -0.163715 -2.52242e-34 -7.64262 -0 -1.54074e-33 1 -71.351 0 0 0 1 
				19
				0.0508849 0.998705 2.42517e-34 -4.95235e-07 -0.998705 0.0508849 -1.23296e-32 -11.3297 -1.2326e-32 3.85186e-34 1 -68.846 0 0 0 1 
				20
				0.256989 0.966414 0 -6.51639e-07 -0.966414 0.256989 0 -14.9078 -0 -0 1 -66.391 0 0 0 1 
				21
				0.42509 0.905151 0 -7.8571e-07 -0.905151 0.42509 0 -17.9749 -0 -0 1 -64.2622 0 0 0 1 
				22
				0.53468 0.845055 3.29522e-33 -8.79305e-07 -0.845055 0.53468 -5.20805e-33 -20.1161 -6.16298e-33 -0 1 -62.745 0 0 0 1 
				23
				0.573578 0.819151 -5.04841e-33 -9.14281e-07 -0.819151 0.573578 -3.53494e-33 -20.9163 -0 6.16298e-33 1 -62.1246 0 0 0 1 
				24
				0.570174 0.821524 0 -9.11175e-07 -0.821524 0.570174 0 -20.8453 -0 -0 1 -62.0878 0 0 0 1 
				25
				0.560182 0.82837 -6.75806e-33 -9.02111e-07 -0.82837 0.560182 -1.201e-32 -20.6379 -6.16298e-33 1.2326e-32 1 -62.1394 0 0 0 1 
				26
				0.543893 0.839154 0 -8.87492e-07 -0.839154 0.543893 0 -20.3034 -0 -0 1 -62.2736 0 0 0 1 
				27
				0.521535 0.85323 0 -8.6772e-07 -0.85323 0.521535 0 -19.8511 -0 -0 1 -62.4844 0 0 0 1 
				28
				0.493288 0.869866 -7.68181e-33 -8.43186e-07 -0.869866 0.493288 -1.14412e-32 -19.2899 -6.16298e-33 1.2326e-32 1 -62.7658 0 0 0 1 
				29
				0.459329 0.888266 3.01814e-33 -8.14281e-07 -0.888266 0.459329 -1.92539e-32 -18.6286 -1.84889e-32 6.16298e-33 1 -63.1122 0 0 0 1 
				30
				0.419879 0.90758 -2.7967e-33 -7.81408e-07 -0.90758 0.419879 -1.29385e-33 -17.8765 -0 3.08149e-33 1 -63.5175 0 0 0 1 
				31
				0.375207 0.926941 0 -7.4497e-07 -0.926941 0.375207 0 -17.0429 -0 -0 1 -63.9758 0 0 0 1 
				32
				0.325638 0.945495 -2.91353e-33 -7.05356e-07 -0.945495 0.325638 -1.00345e-33 -16.1367 -0 3.08149e-33 1 -64.4812 0 0 0 1 
				33
				0.271578 0.962416 2.58389e-33 -6.62959e-07 -0.962416 0.271578 1.35364e-32 -15.1667 1.2326e-32 -6.16298e-33 1 -65.0279 0 0 0 1 
				34
				0.213539 0.976934 0 -6.18181e-07 -0.976934 0.213539 0 -14.1423 -0 -0 1 -65.6101 0 0 0 1 
				35
				0.152125 0.988361 -3.52272e-34 -5.71425e-07 -0.988361 0.152125 1.24169e-32 -13.0727 1.2326e-32 -1.54074e-33 1 -66.2215 0 0 0 1 
				36
				0.0880041 0.99612 -4.50031e-34 -5.23082e-07 -0.99612 0.0880041 -1.24137e-32 -11.9667 -1.2326e-32 1.54074e-33 1 -66.8566 0 0 0 1 
				37
				0.0219174 0.99976 2.70153e-34 -4.73542e-07 -0.99976 0.0219174 -1.2323e-32 -10.8334 -1.2326e-32 -0 1 -67.5095 0 0 0 1 
				38
				-0.0453248 0.998972 3.8479e-34 -4.23209e-07 -0.998972 -0.0453248 -1.74585e-35 -9.68189 -0 -3.85186e-34 1 -68.1741 0 0 0 1 
				39
				-0.112881 0.993609 1.39535e-34 -3.72485e-07 -0.993609 -0.112881 -1.24211e-32 -8.52145 -1.2326e-32 -1.54074e-33 1 -68.8445 0 0 0 1 
				40
				-0.179918 0.983682 0 -3.21761e-07 -0.983682 -0.179918 -0 -7.36102 -0 -0 1 -69.515 0 0 0 1 
				41
				-0.245623 0.969365 -4.04537e-35 -2.71427e-07 -0.969365 -0.245623 -1.27052e-32 -6.20953 -1.2326e-32 -3.08149e-33 1 -70.1796 0 0 0 1 
				42
				-0.309209 0.950994 2.93048e-33 -2.21887e-07 -0.950994 -0.309209 -9.52825e-34 -5.07619 -0 -3.08149e-33 1 -70.8325 0 0 0 1 
				43
				-0.369956 0.929049 1.16566e-33 -1.73544e-07 -0.929049 -0.369956 -1.37314e-32 -3.97023 -1.2326e-32 -6.16298e-33 1 -71.4675 0 0 0 1 
				44
				-0.427242 0.904137 1.53007e-34 -1.26788e-07 -0.904137 -0.427242 -6.88872e-33 -2.90057 -6.16298e-33 -3.08149e-33 1 -72.079 0 0 0 1 
				45
				-0.480545 0.87697 2.96159e-33 -8.201e-08 -0.87697 -0.480545 5.40475e-33 -1.87617 6.16298e-33 -0 1 -72.6611 0 0 0 1 
				46
				-0.529431 0.848353 1.96551e-33 -3.9613e-08 -0.848353 -0.529431 -8.49125e-33 -0.906238 -6.16298e-33 -6.16298e-33 1 -73.2079 0 0 0 1 
				47
				-0.573575 0.819153 -2.02144e-33 0 -0.819153 -0.573575 -1.36318e-32 8.9233e-07 -1.2326e-32 -6.16298e-33 1 -73.7133 0 0 0 1 
		</Joint>
			1
				-1
				1.33158e-06 -0.573574 -0.819154 0 0 -0.819154 0.573574 8.9233e-07 -1 -7.6376e-07 -1.09077e-06 -73.7133 0 0 0 1 
				0
				1.33158e-06 -0.576007 -0.817445 2.22499e-09 0 -0.817445 0.576007 0.0509027 -1 -7.67e-07 -1.08849e-06 -73.9171 0 0 0 1 
				1
				1.33158e-06 -0.58266 -0.812716 8.33329e-09 0 -0.812716 0.58266 0.190644 -1 -7.75859e-07 -1.0822e-06 -74.187 0 0 0 1 
				2
				1.33158e-06 -0.592482 -0.805583 1.74178e-08 0 -0.805583 0.592482 0.398473 -1 -7.88938e-07 -1.0727e-06 -74.5075 0 0 0 1 
				3
				1.33158e-06 -0.604423 -0.796663 2.85713e-08 0 -0.796663 0.604423 0.653635 -1 -8.04838e-07 -1.06082e-06 -74.8634 0 0 0 1 
				4
				1.33158e-06 -0.617481 -0.786586 4.09153e-08 0 -0.786586 0.617481 0.936033 -1 -8.22226e-07 -1.0474e-06 -75.2394 0 0 0 1 
				5
				1.33158e-06 -0.630695 -0.776031 5.35711e-08 0 -0.776031 0.630695 1.22557 -1 -8.39821e-07 -1.03335e-06 -75.6208 0 0 0 1 
				6
				1.33158e-06 -0.643119 -0.765766 6.56318e-08 0 -0.765766 0.643119 1.50148 -1 -8.56365e-07 -1.01968e-06 -75.9921 0 0 0 1 
				7
				1.33158e-06 -0.653859 -0.756617 7.61901e-08 0 -0.756617 0.653859 1.74303 -1 -8.70666e-07 -1.0075e-06 -76.3378 0 0 0 1 
				8
				1.33158e-06 -0.662087 -0.749427 8.43674e-08 0 -0.749427 0.662087 1.9301 -1 -8.81623e-07 -9.97922e-07 -76.6429 0 0 0 1 
				9
				1.33158e-06 -0.666998 -0.74506 8.92852e-08 0 -0.74506 0.666998 2.04261 -1 -8.88161e-07 -9.92107e-07 -76.8925 0 0 0 1 
				10
				1.33158e-06 -0.667745 -0.74439 9.00364e-08 0 -0.74439 0.667745 2.05979 -1 -8.89157e-07 -9.91215e-07 -77.0712 0 0 0 1 
				11
				1.33158e-06 -0.663435 -0.748234 8.57138e-08 0 -0.748234 0.663435 1.9609 -1 -8.83417e-07 -9.96334e-07 -77.1634 0 0 0 1 
				12
				1.33158e-06 -0.653099 -0.757273 7.54389e-08 0 -0.757273 0.653099 1.72584 -1 -8.69654e-07 -1.00837e-06 -77.1543 0 0 0 1 
				13
				1.33158e-06 -0.63562 -0.772002 5.8333e-08 0 -0.772002 0.63562 1.3345 -1 -8.46379e-07 -1.02798e-06 -77.0289 0 0 0 1 
				14
				1.33158e-06 -0.609645 -0.792674 3.34891e-08 0 -0.792674 0.609645 0.766142 -1 -8.11792e-07 -1.05551e-06 -76.7717 0 0 0 1 
				15
				1.33158e-06 -0.573574 -0.819154 0 0 -0.819154 0.573574 8.9233e-07 -1 -7.6376e-07 -1.09077e-06 -76.3672 0 0 0 1 
				16
				1.33158e-06 -0.496518 -0.868027 -6.83092e-08 0 -0.868027 0.496518 -1.56273 -1 -6.61154e-07 -1.15585e-06 -75.3969 0 0 0 1 
				17
				1.33158e-06 -0.354798 -0.934943 -1.85713e-07 0 -0.934943 0.354798 -4.24862 -1 -4.72443e-07 -1.24495e-06 -73.6297 0 0 0 1 
				18
				1.33158e-06 -0.163713 -0.986508 -3.3407e-07 0 -0.986508 0.163713 -7.64262 -1 -2.17997e-07 -1.31361e-06 -71.351 0 0 0 1 
				19
				1.33158e-06 0.0508862 -0.998704 -4.95235e-07 0 -0.998704 -0.0508862 -11.3297 -1 6.77591e-08 -1.32986e-06 -68.846 0 0 0 1 
				20
				1.33158e-06 0.256991 -0.966414 -6.51639e-07 0 -0.966414 -0.256991 -14.9078 -1 3.42204e-07 -1.28686e-06 -66.391 0 0 0 1 
				21
				1.33158e-06 0.425091 -0.905151 -7.8571e-07 0 -0.905151 -0.425091 -17.9749 -1 5.66043e-07 -1.20528e-06 -64.2622 0 0 0 1 
				22
				1.33158e-06 0.534681 -0.845054 -8.79305e-07 0 -0.845054 -0.534681 -20.1161 -1 7.11971e-07 -1.12526e-06 -62.745 0 0 0 1 
				23
				1.33158e-06 0.573579 -0.819151 -9.14281e-07 0 -0.819151 -0.573579 -20.9163 -1 7.63766e-07 -1.09077e-06 -62.1246 0 0 0 1 
				24
				1.33158e-06 0.570175 -0.821523 -9.11175e-07 0 -0.821523 -0.570175 -20.8453 -1 7.59234e-07 -1.09392e-06 -62.0878 0 0 0 1 
				25
				1.33158e-06 0.560183 -0.828369 -9.02111e-07 0 -0.828369 -0.560183 -20.6379 -1 7.45929e-07 -1.10304e-06 -62.1394 0 0 0 1 
				26
				1.33158e-06 0.543894 -0.839154 -8.87492e-07 0 -0.839154 -0.543894 -20.3034 -1 7.24239e-07 -1.1174e-06 -62.2736 0 0 0 1 
				27
				1.33158e-06 0.521536 -0.853229 -8.6772e-07 0 -0.853229 -0.521536 -19.8511 -1 6.94467e-07 -1.13614e-06 -62.4844 0 0 0 1 
				28
				1.33158e-06 0.493289 -0.869865 -8.43186e-07 0 -0.869865 -0.493289 -19.2899 -1 6.56854e-07 -1.1583e-06 -62.7658 0 0 0 1 
				29
				1.33158e-06 0.45933 -0.888265 -8.14281e-07 0 -0.888265 -0.45933 -18.6286 -1 6.11636e-07 -1.1828e-06 -63.1122 0 0 0 1 
				30
				1.33158e-06 0.41988 -0.907579 -7.81408e-07 0 -0.907579 -0.41988 -17.8765 -1 5.59105e-07 -1.20852e-06 -63.5175 0 0 0 1 
				31
				1.33158e-06 0.375209 -0.92694 -7.4497e-07 0 -0.92694 -0.375209 -17.0429 -1 4.99621e-07 -1.2343e-06 -63.9758 0 0 0 1 
				32
				1.33158e-06 0.325639 -0.945494 -7.05356e-07 0 -0.945494 -0.325639 -16.1367 -1 4.33615e-07 -1.259e-06 -64.4812 0 0 0 1 
				33
				1.33158e-06 0.271579 -0.962416 -6.62959e-07 0 -0.962416 -0.271579 -15.1667 -1 3.61629e-07 -1.28153e-06 -65.0279 0 0 0 1 
				34
				1.33158e-06 0.213541 -0.976934 -6.18181e-07 0 -0.976934 -0.213541 -14.1423 -1 2.84347e-07 -1.30087e-06 -65.6101 0 0 0 1 
				35
				1.33158e-06 0.152126 -0.988361 -5.71425e-07 0 -0.988361 -0.152126 -13.0727 -1 2.02568e-07 -1.31608e-06 -66.2215 0 0 0 1 
				36
				1.33158e-06 0.0880055 -0.99612 -5.23082e-07 0 -0.99612 -0.0880055 -11.9667 -1 1.17186e-07 -1.32641e-06 -66.8566 0 0 0 1 
				37
				1.33158e-06 0.0219187 -0.99976 -4.73542e-07 0 -0.99976 -0.0219187 -10.8334 -1 2.91865e-08 -1.33126e-06 -67.5095 0 0 0 1 
				38
				1.33158e-06 -0.0453235 -0.998972 -4.23209e-07 0 -0.998972 0.0453235 -9.68189 -1 -6.03518e-08 -1.33021e-06 -68.1741 0 0 0 1 
				39
				1.33158e-06 -0.112879 -0.993609 -3.72485e-07 0 -0.993609 0.112879 -8.52145 -1 -1.50308e-07 -1.32307e-06 -68.8445 0 0 0 1 
				40
				1.33158e-06 -0.179917 -0.983682 -3.21761e-07 0 -0.983682 0.179917 -7.36102 -1 -2.39574e-07 -1.30985e-06 -69.515 0 0 0 1 
				41
				1.33158e-06 -0.245622 -0.969366 -2.71427e-07 0 -0.969366 0.245622 -6.20953 -1 -3.27066e-07 -1.29079e-06 -70.1796 0 0 0 1 
				42
				1.33158e-06 -0.309208 -0.950994 -2.21887e-07 0 -0.950994 0.309208 -5.07619 -1 -4.11735e-07 -1.26633e-06 -70.8325 0 0 0 1 
				43
				1.33158e-06 -0.369954 -0.92905 -1.73544e-07 0 -0.92905 0.369954 -3.97023 -1 -4.92624e-07 -1.2371e-06 -71.4675 0 0 0 1 
				44
				1.33158e-06 -0.427241 -0.904138 -1.26788e-07 0 -0.904138 0.427241 -2.90057 -1 -5.68905e-07 -1.20393e-06 -72.079 0 0 0 1 
				45
				1.33158e-06 -0.480544 -0.876971 -8.201e-08 0 -0.876971 0.480544 -1.87617 -1 -6.39882e-07 -1.16776e-06 -72.6611 0 0 0 1 
				46
				1.33158e-06 -0.52943 -0.848354 -3.9613e-08 0 -0.848354 0.52943 -0.906238 -1 -7.04979e-07 -1.12965e-06 -73.2079 0 0 0 1 
				47
				1.33158e-06 -0.573574 -0.819154 0 0 -0.819154 0.573574 8.9233e-07 -1 -7.6376e-07 -1.09077e-06 -73.7133 0 0 0 1 
		</Joint>
			2
				-1
				-0.000271969 -0.342021 -0.939692 0.00731104 -0.000750183 -0.939692 0.342021 0.0200571 -1 0.00079796 -1.01208e-06 -83.0482 0 0 0 1 
				0
				-5.48053e-05 -0.366195 -0.930538 0.00782747 -0.000383807 -0.930538 0.366195 0.0707633 -1 0.000377216 -8.95496e-05 -83.252 0 0 0 1 
				1
				0.000596588 -0.396595 -0.917994 0.00847685 0.000593897 -0.917994 0.396595 0.210237 -1 -0.000781798 -0.000312128 -83.5218 0 0 0 1 
				2
				0.00163181 -0.431436 -0.902142 0.00922109 0.00200365 -0.90214 0.431439 0.417727 -0.999997 -0.00251161 -0.000607674 -83.8424 0 0 0 1 
				3
				0.00299173 -0.468958 -0.883215 0.0100225 0.00366772 -0.883208 0.468967 0.672485 -0.999989 -0.0046424 -0.00092231 -84.1982 0 0 0 1 
				4
				0.00460087 -0.507509 -0.861635 0.0108458 0.00542298 -0.861618 0.507528 0.95442 -0.999975 -0.00700769 -0.00121199 -84.5742 0 0 0 1 
				5
				0.00635933 -0.545537 -0.838062 0.011658 0.00712294 -0.838033 0.545572 1.24345 -0.999954 -0.00943894 -0.00144351 -84.9555 0 0 0 1 
				6
				0.00813746 -0.581593 -0.81344 0.0124282 0.00863916 -0.813395 0.581647 1.51884 -0.99993 -0.0117606 -0.0015945 -85.3267 0 0 0 1 
				7
				0.00978194 -0.614391 -0.788941 0.0131287 0.00986821 -0.788881 0.614467 1.75986 -0.999903 -0.0137961 -0.00165385 -85.6724 0 0 0 1 
				8
				0.0111273 -0.642861 -0.765902 0.0137368 0.0107324 -0.765828 0.642956 1.94644 -0.99988 -0.0153744 -0.00162212 -85.9774 0 0 0 1 
				9
				0.0120003 -0.66608 -0.745784 0.0142328 0.0111694 -0.745702 0.666186 2.05852 -0.999866 -0.0163244 -0.00150891 -86.2271 0 0 0 1 
				10
				0.012225 -0.683185 -0.730143 0.0145981 0.0111181 -0.73006 0.683293 2.07537 -0.999864 -0.0164711 -0.00132926 -86.4057 0 0 0 1 
				11
				0.0116393 -0.693338 -0.720519 0.0148151 0.010505 -0.720443 0.693435 1.97628 -0.999877 -0.0156402 -0.00110193 -86.498 0 0 0 1 
				12
				0.010115 -0.695657 -0.718303 0.014865 0.00922637 -0.718244 0.69573 1.74117 -0.999906 -0.0136646 -0.000846637 -86.4889 0 0 0 1 
				13
				0.00757093 -0.689057 -0.724668 0.0147244 0.00712295 -0.724633 0.689098 1.34997 -0.999946 -0.0103789 -0.000578022 -86.3636 0 0 0 1 
				14
				0.00399514 -0.672076 -0.740471 0.0143622 0.00395525 -0.740461 0.672088 0.781942 -0.999984 -0.00561384 -0.000300016 -86.1065 0 0 0 1 
				15
				-0.000511462 -0.642789 -0.766044 0.0137372 -0.000611912 -0.766043 0.642789 0.0163468 -1 0.000797513 -1.52791e-06 -85.7022 0 0 0 1 
				16
				-0.00833817 -0.564329 -0.825508 0.0120624 -0.0111124 -0.825434 0.56439 -1.54512 -0.999903 0.0138794 0.000611549 -84.7321 0 0 0 1 
				17
				-0.0166746 -0.405105 -0.914118 0.00866289 -0.0323517 -0.913548 0.405442 -4.22912 -0.999337 0.0363338 0.00212719 -82.9654 0 0 0 1 
				18
				-0.0165937 -0.179552 -0.983609 0.00384679 -0.0626159 -0.981626 0.180246 -7.62166 -0.9979 0.0645804 0.00504605 -80.6873 0 0 0 1 
				19
				-0.0020188 0.0796342 -0.996822 -0.00168845 -0.0954769 -0.992286 -0.0790784 -11.3085 -0.99543 0.0950139 0.00960646 -78.1829 0 0 0 1 
				20
				0.0262632 0.327946 -0.944332 -0.00699239 -0.122369 -0.936498 -0.328629 -14.8878 -0.992137 0.124187 0.0155349 -75.7285 0 0 0 1 
				21
				0.0602958 0.525658 -0.848557 -0.0112153 -0.137799 -0.83758 -0.52865 -17.9571 -0.988623 0.148805 0.0219323 -73.6003 0 0 0 1 
				22
				0.0884745 0.650955 -0.753943 -0.0138929 -0.142727 -0.740815 -0.65637 -20.1003 -0.9858 0.16568 0.0273657 -72.0834 0 0 0 1 
				23
				0.100159 0.698444 -0.708621 -0.0149073 -0.142798 -0.694739 -0.704945 -20.9015 -0.984671 0.171796 0.0301521 -71.4631 0 0 0 1 
				24
				0.0999583 0.702886 -0.704245 -0.0150019 -0.142191 -0.690434 -0.709284 -20.8305 -0.984779 0.171036 0.0309293 -71.4263 0 0 0 1 
				25
				0.0979084 0.701125 -0.706284 -0.0149644 -0.141509 -0.692675 -0.707232 -20.6231 -0.985083 0.16919 0.0313971 -71.478 0 0 0 1 
				26
				0.0941712 0.69352 -0.714256 -0.0148023 -0.140696 -0.700972 -0.699173 -20.2885 -0.985564 0.166335 0.0315644 -71.6121 0 0 0 1 
				27
				0.0889289 0.680282 -0.727536 -0.0145197 -0.139649 -0.714699 -0.685349 -19.8359 -0.9862 0.162547 0.0314436 -71.8227 0 0 0 1 
				28
				0.0823803 0.66151 -0.745398 -0.0141188 -0.138237 -0.733125 -0.665897 -19.2742 -0.986967 0.157898 0.03105 -72.1041 0 0 0 1 
				29
				0.0747435 0.637246 -0.767027 -0.0136002 -0.136313 -0.755429 -0.640894 -18.6124 -0.987842 0.152458 0.0304015 -72.4503 0 0 0 1 
				30
				0.0662593 0.607532 -0.791526 -0.012965 -0.133734 -0.780705 -0.610421 -17.8599 -0.9888 0.1463 0.0295189 -72.8555 0 0 0 1 
				31
				0.0571847 0.572434 -0.817954 -0.0122158 -0.130372 -0.807998 -0.574581 -17.0257 -0.989815 0.139495 0.0284243 -73.3136 0 0 0 1 
				32
				0.0477855 0.532061 -0.845357 -0.0113528 -0.126123 -0.836336 -0.533512 -16.1188 -0.990863 0.132113 0.0271403 -73.8189 0 0 0 1 
				33
				0.0383349 0.486605 -0.872781 -0.010382 -0.12092 -0.864745 -0.487436 -15.1483 -0.991922 0.124222 0.0256902 -74.3655 0 0 0 1 
				34
				0.0291075 0.436379 -0.899292 -0.00930887 -0.114739 -0.892268 -0.436685 -14.1233 -0.992969 0.115894 0.0240979 -74.9474 0 0 0 1 
				35
				0.0203676 0.381813 -0.924015 -0.00814396 -0.107604 -0.918001 -0.3817 -13.0531 -0.993985 0.107202 0.0223872 -75.5587 0 0 0 1 
				36
				0.0123562 0.32344 -0.946168 -0.00689737 -0.0995846 -0.941138 -0.323021 -11.9466 -0.994952 0.0982151 0.0205808 -76.1936 0 0 0 1 
				37
				0.00528472 0.261903 -0.96508 -0.00558318 -0.0907939 -0.960981 -0.261288 -10.8129 -0.995856 0.0890042 0.0187006 -76.8463 0 0 0 1 
				38
				-0.000672204 0.197966 -0.980209 -0.00421777 -0.0813862 -0.976968 -0.197256 -9.66103 -0.996682 0.0796428 0.0167684 -77.5107 0 0 0 1 
				39
				-0.00538739 0.132476 -0.991172 -0.00281952 -0.0715466 -0.988697 -0.131757 -8.50035 -0.997423 0.0702052 0.0148047 -78.1809 0 0 0 1 
				40
				-0.008787 0.0663145 -0.99776 -0.00140664 -0.061478 -0.995947 -0.0656526 -7.33976 -0.99807 0.0607635 0.0128283 -78.8512 0 0 0 1 
				41
				-0.0108509 0.000390495 -0.999941 9.81039e-07 -0.0513916 -0.998679 0.000167678 -6.18821 -0.99862 0.0513904 0.0108567 -79.5156 0 0 0 1 
				42
				-0.0116125 -0.0643698 -0.997858 0.00138346 -0.0414978 -0.997035 0.0647996 -5.0549 -0.999071 0.0421614 0.00890688 -80.1683 0 0 0 1 
				43
				-0.0111567 -0.127071 -0.991831 0.00272232 -0.0319926 -0.991339 0.127368 -3.94906 -0.999426 0.0331523 0.00699478 -80.8031 0 0 0 1 
				44
				-0.00961393 -0.186894 -0.982333 0.0039995 -0.0230454 -0.982076 0.187071 -2.87961 -0.999688 0.0244367 0.00513456 -81.4145 0 0 0 1 
				45
				-0.0071513 -0.243093 -0.969976 0.00519922 -0.0147936 -0.969869 0.243176 -1.85547 -0.999865 0.0160884 0.0033396 -81.9964 0 0 0 1 
				46
				-0.00396534 -0.294995 -0.95549 0.00630723 -0.00734038 -0.955464 0.295018 -0.885845 -0.999965 0.0081835 0.00162336 -82.543 0 0 0 1 
				47
				-0.000271969 -0.342021 -0.939692 0.00731104 -0.000750183 -0.939692 0.342021 0.0200571 -1 0.00079796 -1.01208e-06 -83.0482 0 0 0 1 
		</Joint>
			3
				-1
				-6.90265e-05 -0.0871571 -0.996195 0.0018756 -0.000795174 -0.996194 0.0871571 0.0212125 -1 0.000798165 -5.41232e-07 -109.881 0 0 0 1 
				0
				0.000273553 -0.135575 -0.990767 0.00925353 -2.69271e-05 -0.990767 0.135575 0.0816335 -1 -1.04084e-05 -0.000274678 -110.084 0 0 0 1 
				1
				0.00136834 -0.192398 -0.981316 0.0285954 0.00203382 -0.981314 0.1924 0.247139 -0.999997 -0.00225909 -0.000951472 -110.354 0 0 0 1 
				2
				0.00320311 -0.255168 -0.966892 0.0584583 0.00499722 -0.96688 0.255181 0.492148 -0.999982 -0.00564915 -0.0018219 -110.675 0 0 0 1 
				3
				0.00572983 -0.321355 -0.946941 0.0971637 0.00847246 -0.946907 0.321395 0.79113 -0.999948 -0.00986446 -0.00270295 -111.03 0 0 0 1 
				4
				0.0088439 -0.388501 -0.921406 0.142599 0.0120967 -0.921333 0.388587 1.11962 -0.999888 -0.0145826 -0.00344859 -111.406 0 0 0 1 
				5
				0.0123674 -0.454257 -0.890784 0.192 0.0155438 -0.890658 0.454409 1.4536 -0.999803 -0.019466 -0.00395424 -111.786 0 0 0 1 
				6
				0.0160401 -0.516439 -0.856174 0.24181 0.0185331 -0.855984 0.516671 1.76894 -0.9997 -0.024155 -0.00415886 -112.157 0 0 0 1 
				7
				0.0195352 -0.573178 -0.819198 0.287848 0.0208501 -0.818943 0.573496 2.04214 -0.999592 -0.0282837 -0.00404742 -112.502 0 0 0 1 
				8
				0.0224887 -0.623036 -0.78187 0.325621 0.0223516 -0.781559 0.623431 2.25112 -0.999497 -0.0314962 -0.00365043 -112.806 0 0 0 1 
				9
				0.0245151 -0.664944 -0.746491 0.350437 0.0229446 -0.746144 0.665389 2.37417 -0.999436 -0.03344 -0.00303487 -113.055 0 0 0 1 
				10
				0.0252219 -0.698095 -0.715561 0.357539 0.0225561 -0.715209 0.698547 2.38898 -0.999427 -0.0337589 -0.00229256 -113.234 0 0 0 1 
				11
				0.0242467 -0.721878 -0.691596 0.342549 0.021099 -0.691275 0.722283 2.27292 -0.999483 -0.032105 -0.00153022 -113.326 0 0 0 1 
				12
				0.0212975 -0.735734 -0.676936 0.301994 0.0184255 -0.676685 0.736042 2.00319 -0.999603 -0.0281487 -0.00085545 -113.318 0 0 0 1 
				13
				0.0161786 -0.738884 -0.673639 0.233657 0.0142655 -0.673488 0.739061 1.55548 -0.999767 -0.0215668 -0.000355481 -113.194 0 0 0 1 
				14
				0.00883356 -0.730022 -0.683366 0.137159 0.00816395 -0.683317 0.730076 0.90267 -0.999928 -0.0120281 -7.62564e-05 -112.938 0 0 0 1 
				15
				-0.000562678 -0.707108 -0.707106 0.0151215 -0.000564982 -0.707106 0.707108 0.0150358 -1 0.000797376 -1.6301e-06 -112.535 0 0 0 1 
				16
				-0.0170884 -0.628408 -0.777697 -0.198244 -0.0208608 -0.777417 0.62864 -1.82668 -0.999636 0.0269658 0.00017566 -111.562 0 0 0 1 
				17
				-0.0347504 -0.453581 -0.890537 -0.429064 -0.0629722 -0.888311 0.454904 -5.07822 -0.99741 0.0718872 0.00230619 -109.782 0 0 0 1 
				18
				-0.0340152 -0.194254 -0.980361 -0.437252 -0.123906 -0.972541 0.197003 -9.28102 -0.991711 0.128174 0.00901206 -107.466 0 0 0 1 
				19
				-0.00134154 0.108386 -0.994108 -0.0581737 -0.189319 -0.976159 -0.106173 -13.8495 -0.981915 0.188061 0.0218291 -104.897 0 0 0 1 
				20
				0.0610661 0.393255 -0.9174 0.68931 -0.239741 -0.88643 -0.395937 -18.1523 -0.968914 0.244117 0.0401486 -102.355 0 0 0 1 
				21
				0.134845 0.608736 -0.781829 1.59366 -0.26364 -0.738552 -0.620512 -21.6387 -0.955149 0.289795 0.0608971 -100.134 0 0 0 1 
				22
				0.194858 0.735685 -0.64869 2.34437 -0.265549 -0.597097 -0.75694 -23.9173 -0.9442 0.319755 0.0790114 -98.5417 0 0 0 1 
				23
				0.220011 0.783304 -0.581404 2.65586 -0.261163 -0.526954 -0.808773 -24.7218 -0.939888 0.32978 0.0886339 -97.8913 0 0 0 1 
				24
				0.2208 0.792873 -0.567979 2.65018 -0.258766 -0.513859 -0.817918 -24.6348 -0.940366 0.32757 0.0917082 -97.8573 0 0 0 1 
				25
				0.217846 0.797426 -0.56272 2.59512 -0.256765 -0.50943 -0.821311 -24.4093 -0.941602 0.323407 0.0937737 -97.917 0 0 0 1 
				26
				0.211467 0.797407 -0.565177 2.495 -0.25505 -0.513197 -0.819499 -24.0527 -0.943521 0.317445 0.0948541 -98.0639 0 0 0 1 
				27
				0.202002 0.793005 -0.574751 2.35471 -0.253398 -0.524547 -0.812797 -23.5718 -0.946036 0.309827 0.0949868 -98.2915 0 0 0 1 
				28
				0.189809 0.784214 -0.590746 2.17959 -0.251515 -0.542769 -0.801338 -22.9718 -0.949059 0.300682 0.0942191 -98.5932 0 0 0 1 
				29
				0.175277 0.770894 -0.612373 1.97548 -0.24906 -0.56705 -0.785126 -22.2579 -0.952495 0.290132 0.0926076 -98.9627 0 0 0 1 
				30
				0.158839 0.752845 -0.638744 1.74885 -0.245683 -0.596468 -0.764111 -21.4355 -0.956248 0.278299 0.090219 -99.3933 0 0 0 1 
				31
				0.140961 0.729855 -0.668911 1.50659 -0.241052 -0.630021 -0.738219 -20.5104 -0.960221 0.265302 0.0871246 -99.8784 0 0 0 1 
				32
				0.122134 0.701733 -0.701893 1.25585 -0.234876 -0.666665 -0.707383 -19.4887 -0.964322 0.251254 0.0833976 -100.411 0 0 0 1 
				33
				0.102877 0.668367 -0.736683 1.00395 -0.226932 -0.705311 -0.671594 -18.3778 -0.968462 0.236269 0.0791137 -100.986 0 0 0 1 
				34
				0.0837247 0.629776 -0.772251 0.758259 -0.21708 -0.744833 -0.630951 -17.1861 -0.972556 0.220467 0.0743511 -101.596 0 0 0 1 
				35
				0.0652082 0.586126 -0.807592 0.525845 -0.205278 -0.784125 -0.585669 -15.9236 -0.976529 0.203972 0.0691876 -102.234 0 0 0 1 
				36
				0.047827 0.537726 -0.841762 0.313158 -0.191581 -0.822142 -0.536078 -14.6012 -0.980311 0.186905 0.0636975 -102.895 0 0 0 1 
				37
				0.0320363 0.485051 -0.873899 0.125854 -0.176142 -0.857923 -0.482641 -13.2308 -0.983843 0.169392 0.0579532 -103.571 0 0 0 1 
				38
				0.0182302 0.428753 -0.903238 -0.0314156 -0.159209 -0.890616 -0.425976 -11.8258 -0.987076 0.15157 0.0520255 -104.257 0 0 0 1 
				39
				0.00671706 0.369632 -0.929154 -0.155274 -0.141108 -0.919527 -0.366822 -10.4005 -0.989971 0.133575 0.0459815 -104.947 0 0 0 1 
				40
				-0.0022973 0.308584 -0.951194 -0.243776 -0.122215 -0.944153 -0.306004 -8.96919 -0.992501 0.115547 0.0398826 -105.634 0 0 0 1 
				41
				-0.00871316 0.246593 -0.96908 -0.296425 -0.102941 -0.964189 -0.244423 -7.54657 -0.994649 0.0976281 0.0337856 -106.313 0 0 0 1 
				42
				-0.0125393 0.184714 -0.982712 -0.314155 -0.083709 -0.979533 -0.183049 -6.14746 -0.996411 0.0799666 0.0277449 -106.977 0 0 0 1 
				43
				-0.0138934 0.124019 -0.992183 -0.29929 -0.0649291 -0.990296 -0.122874 -4.78634 -0.997793 0.0627144 0.0218109 -107.621 0 0 0 1 
				44
				-0.012992 0.0655331 -0.997766 -0.255366 -0.0469677 -0.996789 -0.0648573 -3.47667 -0.998812 0.0460202 0.0160282 -108.239 0 0 0 1 
				45
				-0.0101347 0.0102371 -0.999896 -0.186906 -0.0301372 -0.999496 -0.00992757 -2.23106 -0.999494 0.0300334 0.0104381 -108.826 0 0 0 1 
				46
				-0.00568859 -0.0409408 -0.999145 -0.0992176 -0.0146875 -0.99905 0.0410205 -1.06146 -0.999876 0.0149083 0.00508187 -109.375 0 0 0 1 
				47
				-6.90265e-05 -0.0871571 -0.996195 0.0018756 -0.000795174 -0.996194 0.0871571 0.0212125 -1 0.000798165 -5.41232e-07 -109.881 0 0 0 1 
		</Joint>
			4
				-1
				-6.90265e-05 -0.0871571 -0.996195 0.000445948 -0.000795174 -0.996194 0.0871571 0.00470534 -1 0.000798165 -5.4124e-07 -136.713 0 0 0 1 
				0
				0.000273553 -0.135575 -0.990767 0.0172508 -2.6927e-05 -0.990767 0.135575 0.0857139 -1 -1.04084e-05 -0.000274678 -136.917 0 0 0 1 
				1
				0.00136834 -0.192398 -0.981316 0.0662441 0.00203382 -0.981314 0.1924 0.306469 -0.999997 -0.00225909 -0.000951472 -137.187 0 0 0 1 
				2
				0.00320311 -0.255168 -0.966892 0.145643 0.00499722 -0.96688 0.255181 0.630923 -0.999982 -0.00564915 -0.0018219 -137.506 0 0 0 1 
				3
				0.00572983 -0.321355 -0.946941 0.252467 0.00847246 -0.946907 0.321395 1.02306 -0.999948 -0.00986446 -0.00270295 -137.861 0 0 0 1 
				4
				0.0088439 -0.388501 -0.921406 0.381785 0.0120967 -0.921333 0.388587 1.44867 -0.999888 -0.0145826 -0.00344859 -138.235 0 0 0 1 
				5
				0.0123674 -0.454257 -0.890784 0.526049 0.0155438 -0.890658 0.454409 1.875 -0.999803 -0.019466 -0.00395424 -138.613 0 0 0 1 
				6
				0.0160401 -0.516439 -0.856174 0.674708 0.0185331 -0.855984 0.516671 2.27037 -0.9997 -0.024155 -0.00415886 -138.981 0 0 0 1 
				7
				0.0195352 -0.573178 -0.819198 0.814804 0.0208501 -0.818943 0.573496 2.60557 -0.999592 -0.0282837 -0.00404742 -139.323 0 0 0 1 
				8
				0.0224887 -0.623036 -0.78187 0.932068 0.0223516 -0.781558 0.623431 2.85465 -0.999497 -0.0314962 -0.00365043 -139.625 0 0 0 1 
				9
				0.0245151 -0.664944 -0.746491 1.01146 0.0229446 -0.746144 0.665389 2.99344 -0.999436 -0.03344 -0.00303487 -139.872 0 0 0 1 
				10
				0.0252219 -0.698095 -0.715561 1.03769 0.0225561 -0.715209 0.698547 2.99768 -0.999427 -0.0337589 -0.00229256 -140.051 0 0 0 1 
				11
				0.0242467 -0.721878 -0.691596 0.996646 0.021099 -0.691275 0.722283 2.84241 -0.999483 -0.032105 -0.00153022 -140.145 0 0 0 1 
				12
				0.0212975 -0.735734 -0.676936 0.877024 0.0184255 -0.676685 0.736042 2.50087 -0.999603 -0.0281487 -0.000855449 -140.14 0 0 0 1 
				13
				0.0161786 -0.738884 -0.673639 0.671349 0.0142655 -0.673488 0.739061 1.94152 -0.999767 -0.0215668 -0.000355481 -140.02 0 0 0 1 
				14
				0.00883356 -0.730022 -0.683366 0.377724 0.00816395 -0.683317 0.730076 1.12504 -0.999928 -0.0120281 -7.62567e-05 -139.769 0 0 0 1 
				15
				-0.000562678 -0.707108 -0.707106 0.00345128 -0.000564982 -0.707106 0.707108 0.00330381 -1 0.000797376 -1.63013e-06 -139.367 0 0 0 1 
				16
				-0.0170884 -0.628408 -0.777697 -0.65372 -0.0208608 -0.777417 0.62864 -2.38266 -0.999636 0.0269658 0.00017566 -138.385 0 0 0 1 
				17
				-0.0347504 -0.453581 -0.890537 -1.3593 -0.0629722 -0.888311 0.454904 -6.76361 -0.99741 0.0718872 0.00230619 -136.545 0 0 0 1 
				18
				-0.0340152 -0.194254 -0.980361 -1.34902 -0.123906 -0.972541 0.197003 -12.601 -0.991711 0.128174 0.00901206 -134.077 0 0 0 1 
				19
				-0.00134154 0.108386 -0.994108 -0.0946961 -0.189319 -0.976159 -0.106173 -18.9247 -0.981915 0.188061 0.0218291 -131.245 0 0 0 1 
				20
				0.0610661 0.393255 -0.9174 2.32595 -0.239741 -0.88643 -0.395937 -24.5808 -0.968914 0.244117 0.0401486 -128.355 0 0 0 1 
				21
				0.134845 0.608736 -0.781829 5.20894 -0.26364 -0.738552 -0.620512 -28.7093 -0.955149 0.289795 0.0608971 -125.764 0 0 0 1 
				22
				0.194858 0.735685 -0.64869 7.56931 -0.265549 -0.597097 -0.75694 -31.0397 -0.9442 0.319755 0.0790114 -123.878 0 0 0 1 
				23
				0.220011 0.783304 -0.581404 8.55549 -0.261163 -0.526954 -0.808773 -31.7269 -0.939888 0.32978 0.0886339 -123.112 0 0 0 1 
				24
				0.2208 0.792873 -0.567979 8.57093 -0.258766 -0.513859 -0.817918 -31.5757 -0.940366 0.32757 0.0917082 -123.091 0 0 0 1 
				25
				0.217846 0.797426 -0.56272 8.43659 -0.256765 -0.50943 -0.821311 -31.2964 -0.941602 0.323407 0.0937738 -123.184 0 0 0 1 
				26
				0.211467 0.797407 -0.565177 8.1653 -0.25505 -0.513197 -0.819499 -30.8938 -0.943521 0.317445 0.0948541 -123.382 0 0 0 1 
				27
				0.202002 0.793005 -0.574751 7.77106 -0.253398 -0.524547 -0.812797 -30.3685 -0.946036 0.309827 0.0949868 -123.677 0 0 0 1 
				28
				0.189809 0.784214 -0.590746 7.26881 -0.251515 -0.542769 -0.801338 -29.7179 -0.949059 0.300682 0.0942191 -124.06 0 0 0 1 
				29
				0.175277 0.770894 -0.612373 6.67485 -0.24906 -0.56705 -0.785126 -28.9381 -0.952495 0.290132 0.0926076 -124.522 0 0 0 1 
				30
				0.158839 0.752845 -0.638744 6.00723 -0.245683 -0.596468 -0.764111 -28.0249 -0.956248 0.278299 0.090219 -125.053 0 0 0 1 
				31
				0.140961 0.729855 -0.668911 5.28537 -0.241052 -0.630021 -0.738219 -26.9753 -0.960221 0.265302 0.0871246 -125.645 0 0 0 1 
				32
				0.122134 0.701733 -0.701893 4.52961 -0.234876 -0.666665 -0.707383 -25.7878 -0.964322 0.251254 0.0833976 -126.288 0 0 0 1 
				33
				0.102877 0.668367 -0.736683 3.76115 -0.226932 -0.705311 -0.671594 -24.4635 -0.968462 0.236269 0.0791137 -126.973 0 0 0 1 
				34
				0.0837248 0.629776 -0.772251 3.00174 -0.21708 -0.744833 -0.630951 -23.0073 -0.972556 0.220467 0.0743511 -127.693 0 0 0 1 
				35
				0.0652082 0.586126 -0.807592 2.2727 -0.205278 -0.784125 -0.585669 -21.4279 -0.976529 0.203972 0.0691876 -128.438 0 0 0 1 
				36
				0.047827 0.537726 -0.841762 1.59386 -0.191581 -0.822142 -0.536078 -19.7378 -0.980311 0.186905 0.0636975 -129.2 0 0 0 1 
				37
				0.0320363 0.485051 -0.873899 0.983115 -0.176142 -0.857923 -0.482641 -17.9529 -0.983843 0.169392 0.0579532 -129.971 0 0 0 1 
				38
				0.0182303 0.428753 -0.903238 0.455667 -0.159209 -0.890616 -0.425976 -16.0934 -0.987076 0.15157 0.0520255 -130.744 0 0 0 1 
				39
				0.00671706 0.369632 -0.929154 0.0231682 -0.141108 -0.919527 -0.366822 -14.1823 -0.989971 0.133575 0.0459815 -131.511 0 0 0 1 
				40
				-0.00229731 0.308584 -0.951194 -0.306914 -0.122215 -0.944153 -0.306004 -12.2439 -0.992501 0.115547 0.0398826 -132.266 0 0 0 1 
				41
				-0.00871316 0.246593 -0.96908 -0.531415 -0.102941 -0.964189 -0.244423 -10.304 -0.994649 0.0976281 0.0337856 -133.002 0 0 0 1 
				42
				-0.0125393 0.184714 -0.982712 -0.65151 -0.083709 -0.979534 -0.183049 -8.38883 -0.996411 0.0799666 0.0277449 -133.714 0 0 0 1 
				43
				-0.0138934 0.124019 -0.992183 -0.672683 -0.0649291 -0.990296 -0.122874 -6.52375 -0.997793 0.0627144 0.0218109 -134.395 0 0 0 1 
				44
				-0.012992 0.065533 -0.997766 -0.604289 -0.0469677 -0.996789 -0.0648573 -4.7321 -0.998812 0.0460202 0.0160282 -135.04 0 0 0 1 
				45
				-0.0101347 0.0102371 -0.999896 -0.458894 -0.0301372 -0.999496 -0.00992757 -3.03487 -0.999494 0.0300334 0.0104381 -135.645 0 0 0 1 
				46
				-0.00568859 -0.0409408 -0.999145 -0.251658 -0.0146875 -0.99905 0.0410205 -1.45072 -0.999876 0.0149083 0.00508187 -136.204 0 0 0 1 
				47
				-6.90265e-05 -0.0871571 -0.996195 0.000445948 -0.000795174 -0.996194 0.0871571 0.00470534 -1 0.000798165 -5.4124e-07 -136.713 0 0 0 1 
		</Joint>
			5
				-1
				0.996195 0.0871571 2.4103e-06 2.8817 -0.0871571 0.996195 1.67575e-06 -0.252233 -2.25508e-06 -1.87944e-06 1 -136.713 0 0 0 1 
				0
				0.990767 0.135574 -0.000378738 2.88257 -0.135575 0.990767 -0.000762385 -0.311255 0.000271881 0.000806693 1 -136.916 0 0 0 1 
				1
				0.981316 0.192397 -0.0015188 2.90394 -0.1924 0.981312 -0.00281577 -0.254832 0.000948675 0.00305538 0.999995 -137.184 0 0 0 1 
				2
				0.966892 0.255165 -0.00340359 2.94131 -0.255181 0.966876 -0.00576785 -0.111914 0.0018191 0.00644542 0.999978 -137.501 0 0 0 1 
				3
				0.946941 0.321351 -0.00598307 2.99011 -0.321395 0.9469 -0.00922736 0.0887818 0.00270016 0.0106607 0.999939 -137.853 0 0 0 1 
				4
				0.921406 0.388494 -0.00915068 3.04524 -0.388587 0.921323 -0.0128314 0.320153 0.00344579 0.0153788 0.999876 -138.225 0 0 0 1 
				5
				0.890785 0.454247 -0.0127266 3.1006 -0.454408 0.890645 -0.0162543 0.556232 0.00395145 0.0202621 0.999787 -138.602 0 0 0 1 
				6
				0.856174 0.516426 -0.0164489 3.14885 -0.516671 0.855969 -0.0192161 0.771668 0.00415607 0.024951 0.99968 -138.969 0 0 0 1 
				7
				0.819198 0.573162 -0.0199893 3.18171 -0.573496 0.818926 -0.0215038 0.94267 0.00404462 0.0290797 0.999569 -139.311 0 0 0 1 
				8
				0.78187 0.623018 -0.0229826 3.19075 -0.623431 0.78154 -0.0229756 1.04749 0.00364763 0.032292 0.999472 -139.614 0 0 0 1 
				9
				0.746491 0.664924 -0.0250425 3.1676 -0.665389 0.746125 -0.0235406 1.06507 0.00303207 0.0342358 0.999409 -139.864 0 0 0 1 
				10
				0.715561 0.698075 -0.0257757 3.1042 -0.698547 0.71519 -0.0231276 0.973546 0.00228976 0.0345548 0.9994 -140.044 0 0 0 1 
				11
				0.691596 0.721858 -0.0248196 2.99372 -0.722283 0.691258 -0.0216515 0.749732 0.00152743 0.0329008 0.999457 -140.141 0 0 0 1 
				12
				0.676936 0.735717 -0.0218815 2.83162 -0.736042 0.67667 -0.0189664 0.368463 0.000852654 0.0289447 0.999581 -140.138 0 0 0 1 
				13
				0.673639 0.738871 -0.016765 2.61639 -0.739061 0.673476 -0.0148039 -0.199599 0.000352685 0.0223628 0.99975 -140.019 0 0 0 1 
				14
				0.683366 0.730015 -0.00941295 2.35095 -0.730076 0.683311 -0.0087101 -0.99014 7.34606e-05 0.0128244 0.999918 -139.768 0 0 0 1 
				15
				0.707106 0.707108 1.59565e-06 2.04546 -0.707108 0.707106 -5.3592e-08 -2.04555 -1.16619e-06 -1.0904e-06 1 -139.367 0 0 0 1 
				16
				0.777697 0.628421 0.0165901 1.59287 -0.62864 0.777433 0.02024 -4.20487 -0.000178455 -0.0261698 0.999657 -138.386 0 0 0 1 
				17
				0.890537 0.453608 0.0343917 1.21454 -0.454904 0.888361 0.0622636 -8.0838 -0.00230897 -0.071093 0.997467 -136.551 0 0 0 1 
				18
				0.980361 0.194281 0.0338633 1.48591 -0.197004 0.97264 0.123131 -13.1756 -0.00901483 -0.127384 0.991812 -134.102 0 0 0 1 
				19
				0.994108 -0.108385 0.00143062 2.78146 0.106173 0.976309 0.188542 -18.6223 -0.0218318 -0.18728 0.982064 -131.307 0 0 0 1 
				20
				0.9174 -0.393303 -0.0607504 4.9816 0.395937 0.88662 0.239036 -23.4398 -0.0401512 -0.243345 0.969108 -128.47 0 0 0 1 
				21
				0.781829 -0.608844 -0.134358 7.47346 0.620511 0.738762 0.263054 -26.9179 -0.0608998 -0.289034 0.95538 -125.939 0 0 0 1 
				22
				0.648691 -0.735839 -0.19427 9.44932 0.756939 0.597309 0.265076 -28.853 -0.0790139 -0.319003 0.944454 -124.105 0 0 0 1 
				23
				0.581405 -0.783478 -0.219385 10.2411 0.808772 0.527162 0.260745 -29.3899 -0.0886365 -0.329031 0.94015 -123.367 0 0 0 1 
				24
				0.56798 -0.793048 -0.220167 10.2177 0.817917 0.514065 0.258359 -29.2122 -0.0917108 -0.326821 0.940626 -123.355 0 0 0 1 
				25
				0.562721 -0.7976 -0.21721 10.0682 0.821311 0.509635 0.256362 -28.9231 -0.0937764 -0.322657 0.941859 -123.454 0 0 0 1 
				26
				0.565177 -0.797575 -0.21083 9.80403 0.819498 0.5134 0.254643 -28.5258 -0.0948567 -0.316694 0.943773 -123.655 0 0 0 1 
				27
				0.574751 -0.793166 -0.201368 9.43746 0.812797 0.524749 0.252983 -28.0199 -0.0949894 -0.309074 0.946282 -123.951 0 0 0 1 
				28
				0.590747 -0.784365 -0.189182 8.98144 0.801337 0.54297 0.251085 -27.4026 -0.0942217 -0.299926 0.949298 -124.331 0 0 0 1 
				29
