<?xml version='1.0' encoding='UTF-8' ?>
<itpanim>
	<skeleton count>
		25
			0 -1
			1.37091e-06 -1 -6.12323e-17 1.44664e-05 1 1.37091e-06 -6.12323e-17 -3.33788e-06 6.12323e-17 -6.12323e-17 1 44.5 0 0 0 1 
			1 0
			1.3868e-06 4.78456e-08 -1 -44.5 2.75771e-06 -1 -4.78418e-08 1.44666e-05 -1 -2.75771e-06 -1.3868e-06 -5.83747e-05 0 0 0 1 
			2 1
			1.40269e-06 -0.000796318 -1 -49.6773 0 -1 0.000796318 0.0514213 -1 -1.11699e-09 -1.40269e-06 3.19526e-06 0 0 0 1 
			3 2
			1.40269e-06 -0.000796318 -1 -64.5592 0 -1 0.000796318 0.0632714 -1 -1.11699e-09 -1.40269e-06 3.16239e-06 0 0 0 1 
			4 3
			1.40269e-06 -0.000796318 -1 -79.4411 0 -1 0.000796318 0.06596 -1 -1.11699e-09 -1.40269e-06 3.15493e-06 0 0 0 1 
			5 4
			1 1.37091e-06 4.37113e-08 -1.60435 -1.37091e-06 1 3.58059e-15 -1.09939e-05 -4.37113e-08 -6.35048e-14 1 79.4411 0 0 0 1 
			6 5
			0.995014 0.0902305 0.042489 -5.65533 -0.0897157 0.995871 -0.0138741 -0.287945 -0.0435655 0.00999304 0.999001 79.7571 0 0 0 1 
			7 6
			0.994845 -0.0912189 0.0442967 -20.654 0.0915704 0.995781 -0.00596753 -4.08763 -0.0435655 0.00999304 0.999001 79.7571 0 0 0 1 
			8 7
			0.994845 -0.0912189 0.0442967 -36.0513 -0.0434925 0.0107859 0.998995 79.7539 -0.091605 -0.995772 0.00676301 4.15114 0 0 0 1 
			9 4
			-1 -1.37091e-06 4.37114e-08 -1.60434 -1.37091e-06 1 3.84662e-15 -1.09939e-05 -4.37115e-08 -5.60777e-14 -1 -79.4411 0 0 0 1 
			10 9
			-0.995014 0.0902277 0.042489 -5.65533 0.089713 0.995871 -0.0138741 -0.287946 -0.0435654 -0.00999315 -0.999001 -79.7571 0 0 0 1 
			11 10
			-0.994845 -0.0912216 0.0442967 -20.654 -0.0915731 0.995781 -0.00596753 -4.08763 -0.0435654 -0.00999315 -0.999001 -79.7571 0 0 0 1 
			12 11
			-0.994845 -0.0912216 0.0442967 -36.0513 0.0434925 0.0107861 0.998995 79.7539 -0.0916078 0.995772 -0.00676301 -4.15114 0 0 0 1 
			13 4
			1.34309e-06 -5.95475e-08 -1 -82.8177 -1.40269e-06 -1 5.95456e-08 1.08462e-05 -1 1.40269e-06 -1.34309e-06 -0.000107894 0 0 0 1 
			14 13
			1 -0 0 0 0 1 0 0 -0 -0 1 -0 0 0 0 1 
			15 2
			1.37369e-06 -0.0998334 0.995004 44.2777 0 -0.995004 -0.0998334 -4.44257 1 1.3714e-07 -1.36683e-06 -4.58386 0 0 0 1 
			16 15
			1.37369e-06 0.0998334 0.995004 24.6789 0 -0.995004 0.0998334 0.469723 1 -1.3714e-07 -1.36683e-06 -4.58386 0 0 0 1 
			17 16
			1.3716e-06 -6.00745e-14 1 4.70494 0 -1 -6.00745e-14 1.29981e-05 1 8.23984e-20 -1.3716e-06 -4.58386 0 0 0 1 
			18 17
			1.3723e-06 -1 -6.00133e-14 -6.78409 0 6.00133e-14 -1 -0.105526 1 1.3723e-06 8.23562e-20 -4.58386 0 0 0 1 
			19 18
			1 -0 0 0 0 1 0 0 -0 -0 1 -0 0 0 0 1 
			20 2
			1.37369e-06 -0.0998334 0.995004 44.2777 0 -0.995004 -0.0998334 -4.44257 1 1.3714e-07 -1.36683e-06 4.58386 0 0 0 1 
			21 20
			1.37369e-06 0.0998334 0.995004 24.6789 0 -0.995004 0.0998334 0.469723 1 -1.3714e-07 -1.36683e-06 4.58386 0 0 0 1 
			22 21
			1.3716e-06 -6.00745e-14 1 4.70494 0 -1 -6.00745e-14 1.29981e-05 1 8.23984e-20 -1.3716e-06 4.58386 0 0 0 1 
			23 22
			1.3723e-06 -1 5.98908e-14 -6.78409 0 -5.98908e-14 -1 -0.105526 1 1.3723e-06 -8.21882e-20 4.58386 0 0 0 1 
			24 23
			1 -0 0 0 0 1 0 0 -0 -0 1 -0 0 0 0 1 
	</skeleton>
		<animations>
			33
			0
				-1
				-0.573575 0.819153 0 3.33786e-06 -0.819153 -0.573575 -0 8.68908e-07 -0 -0 1 -41.4332 0 0 0 1 
				0
				-0.49726 0.867602 -3.0646e-33 0.47053 -0.867602 -0.49726 -5.34701e-33 -0.344048 -6.16298e-33 -0 1 -40.2239 0 0 0 1 
				1
				-0.412706 0.910864 2.28018e-33 0.964934 -0.910864 -0.412706 1.2499e-32 -0.705556 1.2326e-32 3.08149e-33 1 -38.9533 0 0 0 1 
				2
				-0.322708 0.946499 1.06106e-33 1.4688 -0.946499 -0.322708 1.26609e-32 -1.07398 1.2326e-32 3.08149e-33 1 -37.6583 0 0 0 1 
				3
				-0.230615 0.973045 0 1.9677 -0.973045 -0.230615 -0 -1.43878 -0 -0 1 -36.3761 0 0 0 1 
				4
				-0.140003 0.990151 1.32547e-33 2.44769 -0.990151 -0.140003 -1.2636e-32 -1.78975 -1.2326e-32 -3.08149e-33 1 -35.1425 0 0 0 1 
				5
				-0.0545133 0.998513 9.72981e-35 2.89479 -0.998513 -0.0545133 -1.23496e-32 -2.11667 -1.2326e-32 -7.70372e-34 1 -33.9934 0 0 0 1 
				6
				0.0222925 0.999751 8.22316e-35 3.2946 -0.999751 0.0222925 -1.23272e-32 -2.40901 -1.2326e-32 1.92593e-34 1 -32.9659 0 0 0 1 
				7
				0.0871571 0.996194 -7.6744e-34 3.63268 -0.996194 0.0871571 -6.71434e-35 -2.65621 -0 7.70372e-34 1 -32.097 0 0 0 1 
				8
				0.135846 0.99073 -1.52646e-33 3.92712 -0.99073 0.135846 -2.09305e-34 -2.78139 -0 1.54074e-33 1 -31.5531 0 0 0 1 
				9
				0.159308 0.987229 -1.52107e-33 4.11804 -0.987229 0.159308 -2.45453e-34 -2.76689 -0 1.54074e-33 1 -31.4263 0 0 0 1 
				10
				0.146818 0.989163 0 4.06629 -0.989163 0.146818 0 -2.69705 -0 -0 1 -31.6348 0 0 0 1 
				11
				0.0871571 0.996194 -7.6744e-34 3.63268 -0.996194 0.0871571 -6.71434e-35 -2.65621 -0 7.70372e-34 1 -32.097 0 0 0 1 
				12
				-0.0636338 0.997973 -1.55368e-35 2.46145 -0.997973 -0.0636338 -1.235e-32 -2.68072 -1.2326e-32 -7.70372e-34 1 -33.0273 0 0 0 1 
				13
				-0.284014 0.95882 3.50074e-33 0.717493 -0.95882 -0.284014 1.18184e-32 -2.72262 1.2326e-32 -0 1 -34.3996 0 0 0 1 
				14
				-0.478713 0.877971 0 -0.904875 -0.877971 -0.478713 -0 -2.73132 -0 -0 1 -35.7478 0 0 0 1 
				15
				-0.573575 0.819153 0 -1.71133 -0.819153 -0.573575 -0 -2.65621 -0 -0 1 -36.6055 0 0 0 1 
				16
				-0.598438 0.801169 -1.24943e-33 -1.85807 -0.801169 -0.598438 8.62574e-33 -2.51939 6.16298e-33 6.16298e-33 1 -37.0523 0 0 0 1 
				17
				-0.616519 0.78734 0 -1.93932 -0.78734 -0.616519 -0 -2.37503 -0 -0 1 -37.4617 0 0 0 1 
				18
				-0.628784 0.77758 0 -1.96195 -0.77758 -0.628784 -0 -2.22392 -0 -0 1 -37.8376 0 0 0 1 
				19
				-0.636077 0.771626 9.51102e-33 -1.93283 -0.771626 -0.636077 -7.84025e-33 -2.06687 -0 -1.2326e-32 1 -38.1838 0 0 0 1 
				20
				-0.639128 0.7691 -7.87786e-33 -1.85862 -0.7691 -0.639128 -9.47989e-33 -1.90462 -1.2326e-32 -0 1 -38.5043 0 0 0 1 
				21
				-0.638598 0.76954 1.02923e-32 -1.74597 -0.76954 -0.638598 -1.65497e-32 -1.73795 -6.16298e-33 -1.84889e-32 1 -38.8028 0 0 0 1 
				22
				-0.635124 0.77241 -8.6746e-33 -1.60175 -0.77241 -0.635124 -8.46087e-34 -1.56765 -6.16298e-33 6.16298e-33 1 -39.0832 0 0 0 1 
				23
				-0.629319 0.777147 5.7006e-33 -1.43285 -0.777147 -0.629319 -1.25465e-32 -1.39451 -6.16298e-33 -1.2326e-32 1 -39.3495 0 0 0 1 
				24
				-0.621771 0.783199 0 -1.2459 -0.783199 -0.621771 -0 -1.2193 -0 -0 1 -39.6055 0 0 0 1 
				25
				-0.613078 0.790022 0 -1.04758 -0.790022 -0.613078 -0 -1.04277 -0 -0 1 -39.8549 0 0 0 1 
				26
				-0.603875 0.797079 -2.53096e-33 -0.844745 -0.797079 -0.603875 -1.35464e-32 -0.865727 -1.2326e-32 -6.16298e-33 1 -40.1018 0 0 0 1 
				27
				-0.594821 0.803858 0 -0.644274 -0.803858 -0.594821 -0 -0.688955 -0 -0 1 -40.3501 0 0 0 1 
				28
				-0.586575 0.809895 0 -0.452821 -0.809895 -0.586575 -0 -0.51322 -0 -0 1 -40.6035 0 0 0 1 
				29
				-0.579813 0.814749 8.59466e-33 -0.277043 -0.814749 -0.579813 1.44791e-33 -0.339289 6.16298e-33 -6.16298e-33 1 -40.8658 0 0 0 1 
				30
				-0.575244 0.817982 3.54521e-33 -0.12381 -0.817982 -0.575244 5.0412e-33 -0.167952 6.16298e-33 -0 1 -41.1411 0 0 0 1 
				31
				-0.573575 0.819153 0 3.33786e-06 -0.819153 -0.573575 -0 8.68908e-07 -0 -0 1 -41.4332 0 0 0 1 
		</Joint>
			1
				-1
				1.33158e-06 -0.573574 -0.819154 3.33786e-06 0 -0.819154 0.573574 8.68908e-07 -1 -7.6376e-07 -1.09077e-06 -41.4332 0 0 0 1 
				0
				1.33158e-06 -0.497259 -0.867602 0.47053 0 -0.867602 0.497259 -0.344048 -1 -6.6214e-07 -1.15528e-06 -40.2239 0 0 0 1 
				1
				1.33158e-06 -0.412705 -0.910865 0.964934 0 -0.910865 0.412705 -0.705556 -1 -5.4955e-07 -1.21289e-06 -38.9533 0 0 0 1 
				2
				1.33158e-06 -0.322707 -0.946499 1.4688 0 -0.946499 0.322707 -1.07398 -1 -4.2971e-07 -1.26034e-06 -37.6583 0 0 0 1 
				3
				1.33158e-06 -0.230614 -0.973045 1.9677 0 -0.973045 0.230614 -1.43878 -1 -3.07081e-07 -1.29569e-06 -36.3761 0 0 0 1 
				4
				1.33158e-06 -0.140002 -0.990151 2.44769 0 -0.990151 0.140002 -1.78975 -1 -1.86424e-07 -1.31847e-06 -35.1425 0 0 0 1 
				5
				1.33158e-06 -0.054512 -0.998513 2.89479 0 -0.998513 0.054512 -2.11667 -1 -7.25871e-08 -1.3296e-06 -33.9934 0 0 0 1 
				6
				1.33158e-06 0.0222939 -0.999751 3.2946 0 -0.999751 -0.0222939 -2.40901 -1 2.96861e-08 -1.33125e-06 -32.9659 0 0 0 1 
				7
				1.33158e-06 0.0871584 -0.996194 3.63268 0 -0.996194 -0.0871584 -2.65621 -1 1.16058e-07 -1.32651e-06 -32.097 0 0 0 1 
				8
				1.33158e-06 0.135848 -0.99073 3.92712 0 -0.99073 -0.135848 -2.78139 -1 1.80892e-07 -1.31924e-06 -31.5531 0 0 0 1 
				9
				1.33158e-06 0.159309 -0.987229 4.11804 0 -0.987229 -0.159309 -2.76689 -1 2.12133e-07 -1.31457e-06 -31.4263 0 0 0 1 
				10
				1.33158e-06 0.146819 -0.989163 4.06629 0 -0.989163 -0.146819 -2.69705 -1 1.95502e-07 -1.31715e-06 -31.6348 0 0 0 1 
				11
				1.33158e-06 0.0871584 -0.996194 3.63268 0 -0.996194 -0.0871584 -2.65621 -1 1.16058e-07 -1.32651e-06 -32.097 0 0 0 1 
				12
				1.33158e-06 -0.0636325 -0.997973 2.46145 0 -0.997973 0.0636325 -2.68072 -1 -8.47318e-08 -1.32888e-06 -33.0273 0 0 0 1 
				13
				1.33158e-06 -0.284013 -0.958821 0.717493 0 -0.958821 0.284013 -2.72262 -1 -3.78186e-07 -1.27675e-06 -34.3996 0 0 0 1 
				14
				1.33158e-06 -0.478712 -0.877972 -0.904875 0 -0.877972 0.478712 -2.73132 -1 -6.37444e-07 -1.16909e-06 -35.7478 0 0 0 1 
				15
				1.33158e-06 -0.573574 -0.819154 -1.71133 0 -0.819154 0.573574 -2.65621 -1 -7.6376e-07 -1.09077e-06 -36.6055 0 0 0 1 
				16
				1.33158e-06 -0.598437 -0.80117 -1.85807 0 -0.80117 0.598437 -2.51939 -1 -7.96866e-07 -1.06682e-06 -37.0523 0 0 0 1 
				17
				1.33158e-06 -0.616518 -0.787341 -1.93932 0 -0.787341 0.616518 -2.37503 -1 -8.20944e-07 -1.04841e-06 -37.4617 0 0 0 1 
				18
				1.33158e-06 -0.628783 -0.777581 -1.96195 0 -0.777581 0.628783 -2.22392 -1 -8.37275e-07 -1.03541e-06 -37.8376 0 0 0 1 
				19
				1.33158e-06 -0.636076 -0.771627 -1.93283 0 -0.771627 0.636076 -2.06687 -1 -8.46986e-07 -1.02748e-06 -38.1838 0 0 0 1 
				20
				1.33158e-06 -0.639127 -0.769101 -1.85862 0 -0.769101 0.639127 -1.90462 -1 -8.51049e-07 -1.02412e-06 -38.5043 0 0 0 1 
				21
				1.33158e-06 -0.638597 -0.769541 -1.74597 0 -0.769541 0.638597 -1.73795 -1 -8.50344e-07 -1.02471e-06 -38.8028 0 0 0 1 
				22
				1.33158e-06 -0.635123 -0.772411 -1.60175 0 -0.772411 0.635123 -1.56765 -1 -8.45718e-07 -1.02853e-06 -39.0832 0 0 0 1 
				23
				1.33158e-06 -0.629318 -0.777148 -1.43285 0 -0.777148 0.629318 -1.39451 -1 -8.37987e-07 -1.03484e-06 -39.3495 0 0 0 1 
				24
				1.33158e-06 -0.62177 -0.7832 -1.2459 0 -0.7832 0.62177 -1.2193 -1 -8.27937e-07 -1.04289e-06 -39.6055 0 0 0 1 
				25
				1.33158e-06 -0.613077 -0.790023 -1.04758 0 -0.790023 0.613077 -1.04277 -1 -8.16361e-07 -1.05198e-06 -39.8549 0 0 0 1 
				26
				1.33158e-06 -0.603874 -0.797079 -0.844745 0 -0.797079 0.603874 -0.865727 -1 -8.04107e-07 -1.06138e-06 -40.1018 0 0 0 1 
				27
				1.33158e-06 -0.59482 -0.803859 -0.644274 0 -0.803859 0.59482 -0.688955 -1 -7.92051e-07 -1.0704e-06 -40.3501 0 0 0 1 
				28
				1.33158e-06 -0.586574 -0.809896 -0.452821 0 -0.809896 0.586574 -0.51322 -1 -7.8107e-07 -1.07844e-06 -40.6035 0 0 0 1 
				29
				1.33158e-06 -0.579812 -0.81475 -0.277043 0 -0.81475 0.579812 -0.339289 -1 -7.72066e-07 -1.08491e-06 -40.8658 0 0 0 1 
				30
				1.33158e-06 -0.575243 -0.817983 -0.12381 0 -0.817983 0.575243 -0.167952 -1 -7.65982e-07 -1.08921e-06 -41.1411 0 0 0 1 
				31
				1.33158e-06 -0.573574 -0.819154 3.33786e-06 0 -0.819154 0.573574 8.68908e-07 -1 -7.6376e-07 -1.09077e-06 -41.4332 0 0 0 1 
		</Joint>
			2
				-1
				-0.000271968 -0.342021 -0.939692 0.00405821 -0.000750183 -0.939692 0.342021 0.0111245 -1 0.00079796 -1.0121e-06 -46.6105 0 0 0 1 
				0
				-0.012554 -0.222813 -0.97478 0.473173 -0.0324426 -0.974253 0.22311 -0.332514 -0.999395 0.0344253 0.0050021 -45.4017 0 0 0 1 
				1
				-0.0179787 -0.093686 -0.995439 0.966048 -0.0681208 -0.993172 0.094703 -0.693798 -0.997515 0.0695127 0.011474 -44.1314 0 0 0 1 
				2
				-0.0152711 0.0393542 -0.999109 1.46834 -0.105588 -0.993702 -0.0375273 -1.06222 -0.994293 0.104921 0.0193302 -42.8369 0 0 0 1 
				3
				-0.00428058 0.169809 -0.985468 1.9657 -0.142326 -0.975548 -0.167481 -1.42723 -0.989811 0.139541 0.0283441 -41.5551 0 0 0 1 
				4
				0.0139899 0.291623 -0.956431 2.44424 -0.175968 -0.940878 -0.289455 -1.77861 -0.984296 0.172351 0.0381536 -40.3219 0 0 0 1 
				5
				0.0375296 0.39977 -0.915847 2.89006 -0.204671 -0.893988 -0.398616 -2.10608 -0.978111 0.202407 0.0482704 -39.1732 0 0 0 1 
				6
				0.0635698 0.490636 -0.869043 3.28879 -0.227358 -0.840785 -0.491313 -2.39905 -0.971734 0.228817 0.0581016 -38.146 0 0 0 1 
				7
				0.0889709 0.562247 -0.822169 3.62603 -0.243839 -0.78803 -0.565288 -2.64688 -0.965726 0.250771 0.0669861 -37.2774 0 0 0 1 
				8
				0.111092 0.625025 -0.772659 3.91972 -0.248512 -0.735301 -0.630535 -2.77268 -0.962237 0.262063 0.07364 -36.7336 0 0 0 1 
				9
				0.123174 0.66823 -0.733687 4.11013 -0.242757 -0.696567 -0.675177 -2.75864 -0.962236 0.261272 0.0764186 -36.6067 0 0 0 1 
				10
				0.117875 0.660614 -0.741414 4.05847 -0.238402 -0.705958 -0.666924 -2.68869 -0.963986 0.255369 0.0742773 -36.8152 0 0 0 1 
				11
				0.0889709 0.562247 -0.822169 3.62603 -0.243839 -0.78803 -0.565288 -2.64688 -0.965726 0.250771 0.0669861 -37.2774 0 0 0 1 
				12
				0.0119634 0.244283 -0.96963 2.45857 -0.252111 -0.937635 -0.239333 -2.66963 -0.967624 0.247318 0.0503691 -38.2076 0 0 0 1 
				13
				-0.094774 -0.275943 -0.95649 0.720762 -0.218776 -0.931552 0.290426 -2.71161 -0.971162 0.236782 0.0279174 -39.5798 0 0 0 1 
				14
				-0.16354 -0.693038 -0.702106 -0.896669 -0.145437 -0.686974 0.711979 -2.7232 -0.975758 0.218549 0.0115544 -40.9277 0 0 0 1 
				15
				-0.176899 -0.841492 -0.510487 -1.70135 -0.0966841 -0.501301 0.859854 -2.65028 -0.979469 0.201464 0.00732089 -41.7852 0 0 0 1 
				16
				-0.169591 -0.861534 -0.478537 -1.84786 -0.0821256 -0.471527 0.878019 -2.51381 -0.982087 0.188205 0.0092129 -42.2319 0 0 0 1 
				17
				-0.160361 -0.871076 -0.464231 -1.92899 -0.0712068 -0.458883 0.885639 -2.3696 -0.984487 0.175078 0.0115605 -42.6411 0 0 0 1 
				18
				-0.149881 -0.871913 -0.466157 -1.95161 -0.0632816 -0.462057 0.88459 -2.21846 -0.986677 0.162083 0.0140776 -43.0168 0 0 0 1 
				19
				-0.138581 -0.86493 -0.48238 -1.92258 -0.0576787 -0.479204 0.875806 -2.0612 -0.98867 0.149193 0.0165207 -43.3629 0 0 0 1 
				20
				-0.126727 -0.850386 -0.510669 -1.84854 -0.0537614 -0.508175 0.859574 -1.89861 -0.99048 0.136386 0.0186817 -43.6833 0 0 0 1 
				21
				-0.114493 -0.828238 -0.548555 -1.73615 -0.050937 -0.546566 0.835866 -1.73149 -0.992117 0.123643 0.0203902 -43.9816 0 0 0 1 
				22
				-0.102012 -0.798446 -0.593361 -1.59229 -0.0486581 -0.591754 0.804649 -1.56065 -0.993592 0.110956 0.0215152 -44.2618 0 0 0 1 
				23
				-0.0894047 -0.761164 -0.642368 -1.42383 -0.0464477 -0.641062 0.766082 -1.38693 -0.994912 0.0983278 0.0219596 -44.528 0 0 0 1 
				24
				-0.0767977 -0.716859 -0.692975 -1.23741 -0.0439141 -0.691922 0.720636 -1.21111 -0.996079 0.0857745 0.0216578 -44.7838 0 0 0 1 
				25
				-0.0643322 -0.66644 -0.742778 -1.03968 -0.0407438 -0.741945 0.669222 -1.03399 -0.997096 0.0733161 0.0205777 -45.0332 0 0 0 1 
				26
				-0.0521646 -0.611346 -0.789642 -0.837498 -0.0366996 -0.789011 0.613282 -0.856388 -0.997964 0.0609712 0.0187222 -45.2799 0 0 0 1 
				27
				-0.0404513 -0.553475 -0.831883 -0.637713 -0.0316308 -0.831438 0.554717 -0.679114 -0.998681 0.0487522 0.0161258 -45.528 0 0 0 1 
				28
				-0.0293291 -0.495046 -0.868372 -0.446953 -0.0254704 -0.868093 0.495747 -0.502945 -0.999245 0.0366576 0.0128513 -45.7813 0 0 0 1 
				29
				-0.018901 -0.438536 -0.898515 -0.271844 -0.0182211 -0.898375 0.438851 -0.328655 -0.999655 0.0246666 0.00898954 -46.0435 0 0 0 1 
				30
				-0.00922062 -0.386623 -0.922192 -0.119227 -0.00994426 -0.92215 0.386705 -0.157036 -0.999908 0.0127362 0.00465811 -46.3186 0 0 0 1 
				31
				-0.000271968 -0.342021 -0.939692 0.00405821 -0.000750183 -0.939692 0.342021 0.0111245 -1 0.00079796 -1.01198e-06 -46.6105 0 0 0 1 
		</Joint>
			3
				-1
				-6.90264e-05 -0.0871568 -0.996194 0.00104359 -0.000795174 -0.996194 0.0871569 0.0117653 -1 0.000798164 -5.41186e-07 -61.4924 0 0 0 1 
				0
				-0.0149245 0.0711981 -0.99735 0.285502 -0.0663206 -0.995335 -0.0700619 -0.803527 -0.997687 0.0650992 0.0195768 -60.2753 0 0 0 1 
				1
				-0.0126857 0.235932 -0.971687 0.695695 -0.137271 -0.962975 -0.232024 -1.69615 -0.990452 0.130441 0.0446026 -58.9779 0 0 0 1 
				2
				0.00851203 0.395716 -0.918333 1.23638 -0.207677 -0.897643 -0.388726 -2.62293 -0.978161 0.194025 0.0745402 -57.6362 0 0 0 1 
				3
				0.0475527 0.539694 -0.840517 1.8956 -0.271388 -0.802835 -0.530853 -3.53579 -0.961295 0.25335 0.108289 -56.2884 0 0 0 1 
				4
				0.100594 0.659571 -0.74488 2.64462 -0.323441 -0.686333 -0.651408 -4.38921 -0.940886 0.306453 0.144292 -54.9737 0 0 0 1 
				5
				0.161822 0.750859 -0.640331 3.43968 -0.361014 -0.558858 -0.746557 -5.14535 -0.918413 0.351978 0.180635 -53.7335 0 0 0 1 
				6
				0.224448 0.81336 -0.53672 4.22519 -0.383891 -0.432435 -0.81586 -5.77745 -0.895685 0.38916 0.215182 -52.6119 0 0 0 1 
				7
				0.281839 0.85083 -0.443457 4.94 -0.394366 -0.318618 -0.86195 -6.27189 -0.874667 0.417816 0.24574 -51.6541 0 0 0 1 
				8
				0.328715 0.880756 -0.340904 5.56254 -0.382637 -0.20581 -0.900683 -6.46857 -0.863444 0.426511 0.269357 -51.0585 0 0 0 1 
				9
				0.352135 0.901289 -0.252346 5.93251 -0.357719 -0.119544 -0.926146 -6.3699 -0.864892 0.416398 0.280313 -50.9315 0 0 0 1 
				10
				0.340859 0.903128 -0.261101 5.80196 -0.3536 -0.134178 -0.925723 -6.23498 -0.871081 0.407867 0.27361 -51.166 0 0 0 1 
				11
				0.281839 0.85083 -0.443457 4.94 -0.394366 -0.318618 -0.86195 -6.27189 -0.874667 0.417816 0.24574 -51.6541 0 0 0 1 
				12
				0.0997971 0.516125 -0.850679 2.6305 -0.471774 -0.728193 -0.497156 -6.4129 -0.876054 0.450943 0.170823 -52.613 0 0 0 1 
				13
				-0.184642 -0.245783 -0.951577 -0.686749 -0.423924 -0.853604 0.302735 -5.9573 -0.886677 0.459294 0.0534184 -54.0379 0 0 0 1 
				14
				-0.353742 -0.80874 -0.469899 -3.32088 -0.230243 -0.411633 0.881786 -4.88269 -0.906562 0.420116 -0.0405947 -55.4538 0 0 0 1 
				15
				-0.370328 -0.92143 -0.117575 -4.32303 -0.107972 -0.0830166 0.990681 -4.08814 -0.922605 0.379572 -0.0687453 -56.3661 0 0 0 1 
				16
				-0.351525 -0.933251 -0.0739801 -4.36063 -0.0830296 -0.0476329 0.995408 -3.73543 -0.932489 0.356054 -0.0607433 -56.8514 0 0 0 1 
				17
				-0.330399 -0.941725 -0.063168 -4.30431 -0.0679045 -0.0430359 0.996763 -3.42878 -0.941395 0.333619 -0.0497284 -57.2961 0 0 0 1 
				18
				-0.308071 -0.947828 -0.0819422 -4.1709 -0.060467 -0.0664496 0.995956 -3.15942 -0.94944 0.31178 -0.0368411 -57.7041 0 0 0 1 
				19
				-0.284966 -0.95011 -0.12683 -3.97367 -0.0587003 -0.11477 0.991656 -2.91821 -0.956739 0.290033 -0.0230661 -58.0796 0 0 0 1 
				20
				-0.261127 -0.945589 -0.194095 -3.72327 -0.0607802 -0.184567 0.980939 -2.69649 -0.963389 0.267946 -0.00927778 -58.4266 0 0 0 1 
				21
				-0.236457 -0.930599 -0.279416 -3.429 -0.0650367 -0.271768 0.960163 -2.4863 -0.969463 0.245209 0.00373823 -58.7491 0 0 0 1 
				22
				-0.210892 -0.901617 -0.37764 -3.09974 -0.0699253 -0.371424 0.925826 -2.28037 -0.975005 0.221656 0.0152846 -59.051 0 0 0 1 
				23
				-0.18451 -0.855989 -0.482948 -2.74419 -0.0740793 -0.477874 0.875299 -2.07249 -0.980035 0.197278 0.0247616 -59.3365 0 0 0 1 
				24
				-0.157578 -0.792452 -0.589227 -2.37091 -0.0763633 -0.585117 0.807346 -1.8577 -0.98455 0.172215 0.0316874 -59.6094 0 0 0 1 
				25
				-0.130553 -0.711508 -0.690443 -1.98863 -0.0758859 -0.687189 0.722504 -1.63219 -0.988533 0.14672 0.0357214 -59.8736 0 0 0 1 
				26
				-0.104049 -0.61561 -0.781151 -1.60651 -0.0720247 -0.778688 0.623263 -1.39332 -0.991961 0.121112 0.0366828 -60.1329 0 0 0 1 
				27
				-0.0787488 -0.508917 -0.857206 -1.23367 -0.0644725 -0.855476 0.513813 -1.1397 -0.994807 0.0957284 0.0345566 -60.3914 0 0 0 1 
				28
				-0.0552961 -0.396746 -0.916262 -0.878723 -0.0532321 -0.915189 0.399494 -0.871148 -0.99705 0.0708649 0.0294868 -60.6527 0 0 0 1 
				29
				-0.0342067 -0.285056 -0.9579 -0.549748 -0.0385588 -0.957371 0.286276 -0.588474 -0.998671 0.046728 0.021757 -60.9208 0 0 0 1 
				30
				-0.0157885 -0.179965 -0.983546 -0.254315 -0.0208951 -0.983395 0.180273 -0.293372 -0.999657 0.0233975 0.011766 -61.1994 0 0 0 1 
				31
				-6.90263e-05 -0.0871567 -0.996195 0.00104359 -0.000795174 -0.996194 0.0871567 0.0117653 -1 0.000798164 -5.41151e-07 -61.4924 0 0 0 1 
		</Joint>
			4
				-1
				-6.90264e-05 -0.0871568 -0.996194 0.00025067 -0.000795174 -0.996194 0.0871569 0.00261004 -1 0.000798164 -5.41179e-07 -76.3743 0 0 0 1 
				0
				-0.0149245 0.0711981 -0.99735 0.0632064 -0.0663206 -0.995335 -0.0700619 -1.78783 -0.997687 0.0650992 0.0195768 -75.1229 0 0 0 1 
				1
				-0.0126857 0.235932 -0.971687 0.506273 -0.137271 -0.962975 -0.232024 -3.73641 -0.990452 0.130441 0.0446026 -73.7181 0 0 0 1 
				2
				0.00851204 0.395716 -0.918333 1.362 -0.207677 -0.897643 -0.388726 -5.71113 -0.978161 0.194025 0.0745402 -72.1936 0 0 0 1 
				3
				0.0475527 0.539694 -0.840517 2.60182 -0.271388 -0.802835 -0.530853 -7.5724 -0.961295 0.25335 0.108289 -70.5949 0 0 0 1 
				4
				0.100594 0.659571 -0.74488 4.13987 -0.323441 -0.686333 -0.651408 -9.20078 -0.940886 0.306453 0.144292 -68.9767 0 0 0 1 
				5
				0.161822 0.750859 -0.640331 5.84587 -0.361014 -0.558858 -0.746557 -10.5164 -0.918413 0.351978 0.180635 -67.4022 0 0 0 1 
				6
				0.224448 0.81336 -0.53672 7.56321 -0.383891 -0.432434 -0.81586 -11.4893 -0.895685 0.38916 0.215182 -65.9424 0 0 0 1 
				7
				0.281839 0.85083 -0.443457 9.132 -0.394366 -0.318618 -0.86195 -12.1399 -0.874667 0.417816 0.24574 -64.6719 0 0 0 1 
				8
				0.328715 0.880756 -0.340904 10.4521 -0.382637 -0.20581 -0.900683 -12.1624 -0.863444 0.426511 0.269357 -63.9093 0 0 0 1 
				9
				0.352135 0.901289 -0.252346 11.1705 -0.357719 -0.119544 -0.926146 -11.6931 -0.864892 0.416398 0.280313 -63.8039 0 0 0 1 
				10
				0.340859 0.903128 -0.261101 10.8722 -0.3536 -0.134178 -0.925723 -11.4968 -0.871081 0.407867 0.27361 -64.1304 0 0 0 1 
				11
				0.281839 0.85083 -0.443457 9.132 -0.394366 -0.318618 -0.86195 -12.1399 -0.874667 0.417816 0.24574 -64.6719 0 0 0 1 
				12
				0.0997971 0.516125 -0.850679 4.11428 -0.471774 -0.728193 -0.497156 -13.4318 -0.876054 0.450943 0.170823 -65.6515 0 0 0 1 
				13
				-0.184642 -0.245783 -0.951577 -3.43392 -0.423924 -0.853604 0.302735 -12.2638 -0.886677 0.459294 0.0534184 -67.2346 0 0 0 1 
				14
				-0.353742 -0.80874 -0.469899 -8.58305 -0.230243 -0.411633 0.881786 -8.30803 -0.906562 0.420116 -0.0405947 -68.9463 0 0 0 1 
				15
				-0.370328 -0.92143 -0.117575 -9.83172 -0.107972 -0.0830166 0.990681 -5.69474 -0.922605 0.379572 -0.0687453 -70.0972 0 0 0 1 
				16
				-0.351525 -0.933251 -0.0739801 -9.58948 -0.0830296 -0.0476329 0.995408 -4.97094 -0.932489 0.356054 -0.0607433 -70.7296 0 0 0 1 
				17
				-0.330399 -0.941725 -0.063168 -9.21873 -0.0679045 -0.0430359 0.996763 -4.43921 -0.941395 0.333619 -0.0497284 -71.3067 0 0 0 1 
				18
				-0.308071 -0.947828 -0.0819422 -8.75302 -0.060467 -0.0664495 0.995956 -4.05911 -0.94944 0.31178 -0.0368411 -71.8344 0 0 0 1 
				19
				-0.284966 -0.950109 -0.12683 -8.21195 -0.0587003 -0.11477 0.991656 -3.79147 -0.956738 0.290033 -0.0230661 -72.3185 0 0 0 1 
				20
				-0.261127 -0.945589 -0.194095 -7.60679 -0.0607802 -0.184567 0.980939 -3.60052 -0.963389 0.267946 -0.00927778 -72.7644 0 0 0 1 
				21
				-0.236457 -0.930599 -0.279416 -6.94542 -0.0650368 -0.271768 0.960163 -3.45344 -0.969463 0.245209 0.00373823 -73.1772 0 0 0 1 
				22
				-0.210892 -0.901617 -0.37764 -6.23578 -0.0699253 -0.371424 0.925826 -3.32 -0.975005 0.221656 0.0152846 -73.5615 0 0 0 1 
				23
				-0.18451 -0.855989 -0.482948 -5.48775 -0.0740793 -0.477874 0.875299 -3.17365 -0.980035 0.197278 0.0247616 -73.9218 0 0 0 1 
				24
				-0.157578 -0.792452 -0.589227 -4.71384 -0.0763633 -0.585117 0.807346 -2.99256 -0.984549 0.172215 0.0316874 -74.2618 0 0 0 1 
				25
				-0.130553 -0.711508 -0.690443 -3.9296 -0.0758859 -0.687189 0.722504 -2.75967 -0.988533 0.14672 0.0357214 -74.5852 0 0 0 1 
				26
				-0.104049 -0.61561 -0.781151 -3.1533 -0.0720247 -0.778688 0.623263 -2.46309 -0.991961 0.121112 0.0366828 -74.8955 0 0 0 1 
				27
				-0.0787488 -0.508917 -0.857206 -2.40424 -0.0644725 -0.855476 0.513813 -2.09688 -0.994807 0.0957284 0.0345566 -75.1962 0 0 0 1 
				28
				-0.0552961 -0.396746 -0.916261 -1.70057 -0.053232 -0.915189 0.399494 -1.66088 -0.99705 0.0708649 0.0294868 -75.4909 0 0 0 1 
				29
				-0.0342067 -0.285056 -0.9579 -1.05804 -0.0385588 -0.957371 0.286276 -1.15973 -0.998671 0.046728 0.021757 -75.783 0 0 0 1 
				30
				-0.0157885 -0.179965 -0.983546 -0.488794 -0.0208951 -0.983395 0.180272 -0.601686 -0.999657 0.0233975 0.011766 -76.0762 0 0 0 1 
				31
				-6.90263e-05 -0.0871567 -0.996195 0.000250671 -0.000795174 -0.996194 0.0871567 0.00261005 -1 0.000798164 -5.41158e-07 -76.3743 0 0 0 1 
		</Joint>
			5
				-1
				0.996194 0.0871568 2.45678e-06 1.59826 -0.0871569 0.996194 2.20631e-06 -0.139894 -2.25514e-06 -2.41204e-06 1 -76.3743 0 0 0 1 
				0
				0.99735 -0.0711862 0.0149839 1.66349 0.0700617 0.995388 0.0655287 -1.67809 -0.0195796 -0.0643053 0.997738 -75.1542 0 0 0 1 
				1
				0.971687 -0.235921 0.0128762 2.06583 0.232024 0.963084 0.136505 -3.36675 -0.0446054 -0.129653 0.990556 -73.7893 0 0 0 1 
				2
				0.918333 -0.395723 -0.00819458 2.83638 0.388725 0.897808 0.206963 -5.08989 -0.074543 -0.193247 0.978314 -72.3126 0 0 0 1 
				3
				0.840517 -0.539732 -0.0471209 3.95175 0.530852 0.803051 0.27075 -6.72288 -0.108292 -0.252584 0.961495 -70.768 0 0 0 1 
				4
				0.744881 -0.659651 -0.100067 5.33669 0.651407 0.68659 0.322897 -8.15754 -0.144294 -0.305704 0.941129 -69.2074 0 0 0 1 
				5
				0.640331 -0.750988 -0.161223 6.8752 0.746556 0.559145 0.360571 -9.32019 -0.180638 -0.351247 0.918692 -67.691 0 0 0 1 
				6
				0.53672 -0.813538 -0.223799 8.42648 0.815859 0.43274 0.383549 -10.1815 -0.215185 -0.388447 0.895993 -66.2866 0 0 0 1 
				7
				0.443458 -0.851054 -0.281161 9.84575 0.861949 0.318931 0.394115 -10.7579 -0.245743 -0.41712 0.874998 -65.0651 0 0 0 1 
				8
				0.340905 -0.881017 -0.328013 11.0014 0.900682 0.206114 0.382476 -10.7179 -0.26936 -0.425824 0.863782 -64.3403 0 0 0 1 
				9
				0.252346 -0.901569 -0.351417 11.5778 0.926145 0.119828 0.357626 -10.2076 -0.280315 -0.415709 0.865222 -64.2525 0 0 0 1 
				10
				0.261102 -0.903399 -0.34014 11.2935 0.925722 0.134459 0.353495 -10.012 -0.273612 -0.407173 0.871405 -64.5683 0 0 0 1 
				11
				0.443458 -0.851054 -0.281161 9.84575 0.861949 0.318931 0.394115 -10.7579 -0.245743 -0.41712 0.874998 -65.0651 0 0 0 1 
				12
				0.850679 -0.516205 -0.099384 5.48045 0.497155 0.728568 0.471195 -12.6362 -0.170825 -0.450245 0.876412 -65.9244 0 0 0 1 
				13
				0.951576 0.245929 0.184449 -1.90792 -0.302736 0.853941 0.423244 -12.7518 -0.0534207 -0.458588 0.887042 -67.3191 0 0 0 1 
				14
				0.469898 0.809022 0.3531 -7.83134 -0.881786 0.411816 0.229913 -9.72383 0.0405921 -0.419394 0.906896 -68.88 0 0 0 1 
				15
				0.117574 0.921724 0.369595 -9.64557 -0.990682 0.0831025 0.107903 -7.28436 0.0687427 -0.378837 0.922906 -69.9859 0 0 0 1 
				16
				0.0739791 0.93353 0.350783 -9.4733 -0.995408 0.0476989 0.0829889 -6.56805 0.0607407 -0.355312 0.932772 -70.6312 0 0 0 1 
				17
				0.063167 0.941988 0.329649 -9.11992 -0.996763 0.0430899 0.0678674 -6.03848 0.0497258 -0.332869 0.941661 -71.2261 0 0 0 1 
				18
				0.0819413 0.948073 0.307317 -8.6241 -0.995956 0.0664976 0.0604113 -5.65714 0.0368385 -0.311024 0.949688 -71.7745 0 0 0 1 
				19
				0.126829 0.950336 0.28421 -8.01102 -0.991656 0.114817 0.0586062 -5.38274 0.0230634 -0.289272 0.956969 -72.2807 0 0 0 1 
				20
				0.194095 0.945797 0.260375 -7.29793 -0.980939 0.184615 0.0606305 -5.17478 0.00927509 -0.26718 0.963602 -72.7488 0 0 0 1 
				21
				0.279416 0.930787 0.235717 -6.49964 -0.960163 0.271819 0.0648179 -4.99461 -0.00374081 -0.244438 0.969658 -73.1825 0 0 0 1 
				22
				0.377639 0.901784 0.210175 -5.63234 -0.925826 0.37148 0.0696271 -4.80634 -0.0152873 -0.22088 0.975181 -73.5854 0 0 0 1 
				23
				0.482947 0.856136 0.18383 -4.71523 -0.875299 0.477933 0.0736966 -4.57922 -0.0247643 -0.196498 0.980191 -73.961 0 0 0 1 
				24
				0.589227 0.792577 0.156949 -3.77064 -0.807346 0.585177 0.0758954 -4.28939 -0.0316902 -0.171432 0.984686 -74.3122 0 0 0 1 
				25
				0.690443 0.711612 0.129989 -2.8238 -0.722504 0.687249 0.0753372 -3.92066 -0.0357241 -0.145934 0.988649 -74.6421 0 0 0 1 
				26
				0.781151 0.615693 0.103562 -1.90172 -0.623263 0.778745 0.0714033 -3.46511 -0.0366855 -0.120323 0.992057 -74.954 0 0 0 1 
				27
				0.857206 0.508979 0.0783462 -1.03035 -0.513813 0.855527 0.0637903 -2.92351 -0.0345593 -0.0949367 0.994883 -75.2514 0 0 0 1 
				28
				0.916261 0.396789 0.0549829 -0.23163 -0.399494 0.915231 0.0525026 -2.30426 -0.0294896 -0.0700715 0.997106 -75.538 0 0 0 1 
				29
				0.9579 0.285083 0.0339825 0.477998 -0.286276 0.957401 0.0377962 -1.62158 -0.0217598 -0.0459333 0.998707 -75.8178 0 0 0 1 
				30
				0.983546 0.179977 0.0156481 1.08867 -0.180273 0.983411 0.020112 -0.893545 -0.0117688 -0.022602 0.999675 -76.095 0 0 0 1 
				31
				0.996195 0.0871567 2.45679e-06 1.59826 -0.0871567 0.996194 2.20616e-06 -0.139894 -2.25516e-06 -2.41189e-06 1 -76.3743 0 0 0 1 
		</Joint>
			6
				-1
				0.112922 -0.0327949 -0.993062 9.04143 0.148165 0.988836 -0.0158074 -0.791096 0.982495 -0.145352 0.11652 -76.3743 0 0 0 1 
				0
				0.0975123 -0.118747 -0.988124 9.11531 0.256939 0.962201 -0.0902757 -1.15462 0.961495 -0.245085 0.124337 -75.3005 0 0 0 1 
				1
				0.0618232 -0.202996 -0.977226 9.3259 0.365818 0.915572 -0.167046 -1.63316 0.928631 -0.347159 0.130863 -74.1225 0 0 0 1 
				2
				0.00641498 -0.27868 -0.960363 9.69781 0.467161 0.849974 -0.243526 -2.18549 0.884149 -0.447082 0.135641 -72.8696 0 0 0 1 
				3
				-0.0651378 -0.340043 -0.938151 10.2318 0.554396 0.769369 -0.317359 -2.75656 0.8297 -0.540779 0.138403 -71.5771 0 0 0 1 
				4
				-0.146861 -0.383615 -0.911741 10.9021 0.623214 0.679896 -0.386452 -3.29048 0.768137 -0.624965 0.139224 -70.2855 0 0 0 1 
				5
				-0.231574 -0.408752 -0.882777 11.6595 0.672127 0.588803 -0.448949 -3.74221 0.703291 -0.697304 0.138382 -69.0407 0 0 0 1 
				6
				-0.312063 -0.41765 -0.853337 12.4366 0.702436 0.503335 -0.503226 -4.08575 0.639687 -0.756454 0.1363 -67.8943 0 0 0 1 
				7
				-0.382019 -0.414797 -0.825835 13.1591 0.717759 0.429727 -0.547866 -4.31779 0.582137 -0.802046 0.133561 -66.9012 0 0 0 1 
				8
				-0.459252 -0.450816 -0.76541 13.5485 0.712699 0.327327 -0.620416 -3.98838 0.530233 -0.830434 0.170971 -66.3529 0 0 0 1 
				9
				-0.525834 -0.510474 -0.680379 13.4632 0.688995 0.213433 -0.692627 -3.28778 0.498783 -0.832984 0.239484 -66.3469 0 0 0 1 
				10
				-0.519989 -0.528824 -0.670788 13.2443 0.68551 0.21015 -0.697075 -3.09539 0.509596 -0.822303 0.253238 -66.6126 0 0 0 1 
				11
				-0.382019 -0.414797 -0.825835 13.1591 0.717759 0.429727 -0.547866 -4.31779 0.582137 -0.802046 0.133561 -66.9012 0 0 0 1 
				12
				-0.0782216 0.221282 -0.972068 11.8364 0.643142 0.756224 0.120394 -8.92161 0.761742 -0.61576 -0.201469 -67.2007 0 0 0 1 
				13
				0.053457 0.978413 -0.199624 5.20189 0.210146 0.18441 0.96012 -15.0137 0.976207 -0.0932754 -0.195751 -67.7182 0 0 0 1 
				14
				-0.379624 0.641514 0.666592 -4.32044 0.0795115 -0.69524 0.714366 -16.3122 0.921717 0.324192 0.212922 -68.5768 0 0 0 1 
				15
				-0.589906 0.213694 0.778681 -8.7671 0.168582 -0.9105 0.377583 -14.6864 0.789677 0.35401 0.501085 -69.4722 0 0 0 1 
				16
				-0.630624 0.19979 0.749931 -8.92056 0.168835 -0.907836 0.383833 -14.0053 0.757501 0.368669 0.538772 -70.1773 0 0 0 1 
				17
				-0.668162 0.231411 0.707113 -8.64796 0.147967 -0.890085 0.431108 -13.4859 0.729154 0.392679 0.56048 -70.8545 0 0 0 1 
				18
				-0.697332 0.301764 0.650128 -8.01187 0.106051 -0.853629 0.509971 -13.0985 0.708859 0.424566 0.56326 -71.4992 0 0 0 1 
				19
				-0.712307 0.402035 0.575314 -7.0634 0.0455676 -0.791471 0.609505 -12.792 0.700387 0.460371 0.545451 -72.1084 0 0 0 1 
				20
				-0.707383 0.521082 0.477579 -5.84773 -0.0282378 -0.695957 0.717528 -12.504 0.706265 0.494081 0.507023 -72.6795 0 0 0 1 
				21
				-0.677894 0.644983 0.352784 -4.41195 -0.107326 -0.561559 0.820447 -12.1686 0.727283 0.518313 0.449901 -73.2104 0 0 0 1 
				22
				-0.621519 0.757453 0.199946 -2.81076 -0.181481 -0.387497 0.903831 -11.7238 0.762088 0.525462 0.3783 -73.6996 0 0 0 1 
				23
				-0.539471 0.841704 0.0224443 -1.10684 -0.239914 -0.179209 0.954109 -11.1191 0.807101 0.50933 0.298615 -74.146 0 0 0 1 
				24
				-0.43684 0.883015 -0.171625 0.631834 -0.273166 0.0515624 0.960584 -10.3216 0.857059 0.466504 0.218685 -74.549 0 0 0 1 
				25
				-0.322245 0.871342 -0.370028 2.33492 -0.274954 0.28788 0.917347 -9.31893 0.905847 0.397351 0.146811 -74.909 0 0 0 1 
				26
				-0.206567 0.803554 -0.55824 3.93474 -0.243853 0.510261 0.824724 -8.12189 0.947558 0.306489 0.0905464 -75.2281 0 0 0 1 
				27
				-0.100542 0.684335 -0.722202 5.37436 -0.18394 0.700582 0.689456 -6.76252 0.977782 0.202162 0.0554385 -75.5096 0 0 0 1 
				28
				-0.0147492 0.524916 -0.851026 6.61432 -0.101797 0.845908 0.523523 -5.28913 0.994695 0.0943538 0.0409586 -75.7584 0 0 0 1 
				29
				0.0664801 0.341457 -0.937543 7.63506 -0.0115881 0.939822 0.341466 -3.76052 0.99772 -0.0118363 0.0664363 -75.9804 0 0 0 1 
				30
				0.094643 0.150635 -0.984048 8.43735 0.0687587 0.985136 0.157415 -2.24047 0.993134 -0.0825601 0.0828787 -76.183 0 0 0 1 
				31
				0.112922 -0.0327959 -0.993063 9.04144 0.148165 0.988836 -0.0158084 -0.791095 0.982495 -0.145352 0.11652 -76.3743 0 0 0 1 
		</Joint>
			7
				-1
				-0.0189879 0.116044 -0.993062 10.7801 -0.95636 -0.291762 -0.0158076 1.49025 -0.291572 0.949425 0.11652 -61.2465 0 0 0 1 
				0
				0.0620684 0.140559 -0.988124 10.6167 -0.974758 -0.204198 -0.0902757 2.80156 -0.214462 0.968786 0.124337 -60.496 0 0 0 1 
				1
				0.149835 0.150264 -0.977226 10.2778 -0.979872 -0.109293 -0.167046 3.99945 -0.131905 0.982586 0.130863 -59.8241 0 0 0 1 
				2
				0.239315 0.142939 -0.960362 9.79659 -0.969814 -0.0124682 -0.243526 5.00753 -0.0467835 0.989653 0.135641 -59.2561 0 0 0 1 
				3
				0.325222 0.118756 -0.938151 9.22882 -0.944879 0.0805388 -0.317359 5.77964 0.0378692 0.989651 0.138403 -58.8019 0 0 0 1 
				4
				0.402836 0.0803236 -0.911741 8.64088 -0.907492 0.164659 -0.386452 6.30535 0.119085 0.983074 0.139224 -58.4582 0 0 0 1 
				5
				0.468691 0.0321395 -0.882777 8.09389 -0.861786 0.236156 -0.448949 6.60675 0.194044 0.971183 0.138382 -58.2119 0 0 0 1 
				6
				0.52097 -0.0201051 -0.853337 7.6317 -0.812966 0.293 -0.503226 6.72988 0.260146 0.955901 0.1363 -58.0449 0 0 0 1 
				7
				0.559517 -0.0702578 -0.825836 7.27703 -0.766577 0.334965 -0.547866 6.73376 0.315118 0.939607 0.133561 -57.9378 0 0 0 1 
				8
				0.636795 -0.0929445 -0.76541 6.47724 -0.691797 0.369458 -0.620416 6.98527 0.340451 0.924587 0.170971 -58.1887 0 0 0 1 
				9
				0.728138 -0.0830603 -0.680379 5.3668 -0.601847 0.397552 -0.692627 7.32089 0.328016 0.913812 0.239484 -58.6669 0 0 0 1 
				10
				0.738839 -0.0644903 -0.670788 5.23791 -0.598394 0.394983 -0.697075 7.45961 0.309904 0.916422 0.253238 -58.7662 0 0 0 1 
				11
				0.559517 -0.0702578 -0.825835 7.27703 -0.766577 0.334965 -0.547866 6.73376 0.315118 0.939607 0.133561 -57.9378 0 0 0 1 
				12
				-0.172627 -0.15901 -0.972067 10.632 -0.948332 0.293549 0.120394 0.981036 0.266206 0.942626 -0.201469 -55.4719 0 0 0 1 
				13
				-0.979455 -0.0285986 -0.199624 6.02498 -0.201348 0.193978 0.96012 -11.778 0.0112647 0.980589 -0.195751 -52.6872 0 0 0 1 
				14
				-0.70637 -0.238109 0.666592 -10.1656 0.696593 -0.0666179 0.714366 -15.0879 -0.12569 0.968951 0.212922 -54.3848 0 0 0 1 
				15
				-0.398459 -0.484649 0.778681 -17.8501 0.914517 -0.145221 0.377582 -12.0906 -0.0699139 0.862569 0.501085 -57.3133 0 0 0 1 
				16
				-0.39987 -0.526979 0.749931 -18.6305 0.911839 -0.145676 0.383833 -11.4057 -0.0930248 0.8373 0.538772 -58.5139 0 0 0 1 
				17
				-0.435947 -0.556724 0.707113 -18.9359 0.88987 -0.149256 0.431108 -11.2076 -0.134467 0.817179 0.56048 -59.6275 0 0 0 1 
				18
				-0.49884 -0.573142 0.650128 -18.7489 0.845642 -0.15754 0.509971 -11.4656 -0.189865 0.80417 0.56326 -60.5847 0 0 0 1 
				19
				-0.579945 -0.576781 0.575314 -18.031 0.774226 -0.170519 0.609505 -12.0904 -0.253449 0.798903 0.545451 -61.3243 0 0 0 1 
				20
				-0.669633 -0.568779 0.477579 -16.7395 0.670863 -0.187341 0.717528 -12.9388 -0.318645 0.80087 0.507023 -61.8049 0 0 0 1 
				21
				-0.756773 -0.550308 0.352783 -14.8497 0.532954 -0.206948 0.820447 -13.8211 -0.37849 0.808909 0.449901 -62.0122 0 0 0 1 
				22
				-0.829024 -0.522245 0.199946 -12.3805 0.361851 -0.228371 0.903831 -14.5181 -0.42636 0.821648 0.3783 -61.9655 0 0 0 1 
				23
				-0.874237 -0.48498 0.0224443 -9.41325 0.163626 -0.250801 0.954109 -14.8131 -0.457096 0.83779 0.298615 -61.7188 0 0 0 1 
				24
				-0.882305 -0.438271 -0.171625 -6.09433 -0.0511195 -0.273249 0.960584 -14.5276 -0.467893 0.856302 0.218685 -61.3526 0 0 0 1 
				25
				-0.847047 -0.381563 -0.370028 -2.62679 -0.268234 -0.294151 0.917347 -13.5525 -0.45887 0.87629 0.146811 -60.9614 0 0 0 1 
				26
				-0.767717 -0.314609 -0.55824 0.754166 -0.472081 -0.3114 0.824724 -11.8766 -0.433302 0.896689 0.0905464 -60.6383 0 0 0 1 
				27
				-0.649508 -0.237828 -0.722202 3.82628 -0.648428 -0.322787 0.689456 -9.5947 -0.397089 0.916104 0.0554385 -60.4544 0 0 0 1 
				28
				-0.501788 -0.154799 -0.851026 6.38722 -0.787739 -0.324639 0.523523 -6.85653 -0.357317 0.933084 0.0409586 -60.4427 0 0 0 1 
				29
				-0.344381 -0.0491373 -0.937543 8.65867 -0.884082 -0.319059 0.341466 -3.93895 -0.31591 0.94646 0.0664363 -60.6182 0 0 0 1 
				30
				-0.175377 0.0298504 -0.984048 9.8946 -0.936562 -0.313165 0.157415 -1.18177 -0.30347 0.949229 0.0828787 -60.8914 0 0 0 1 
				31
				-0.018987 0.116045 -0.993063 10.7801 -0.95636 -0.291761 -0.0158086 1.49025 -0.291572 0.949425 0.11652 -61.2465 0 0 0 1 
		</Joint>
			8
				-1
				-0.0189879 -0.99297 -0.116835 10.4878 -0.95636 -0.0160399 0.291749 -13.2351 -0.291572 0.117276 -0.949332 -65.736 0 0 0 1 
				0
				0.0620684 -0.997695 0.0273956 11.5724 -0.974758 -0.0546976 0.216459 -12.2071 -0.214462 -0.0401394 -0.975907 -63.7982 0 0 0 1 
				1
				0.149835 -0.9701 0.190935 12.5849 -0.979872 -0.119936 0.159577 -11.0879 -0.131905 -0.211002 -0.968545 -61.8551 0 0 0 1 
				2
				0.239315 -0.901422 0.360786 13.4814 -0.969814 -0.204018 0.133556 -9.925 -0.0467835 -0.381857 -0.923036 -59.9764 0 0 0 1 
				3
				0.325222 -0.789782 0.520072 14.2364 -0.944879 -0.293426 0.145273 -8.76897 0.0378692 -0.538651 -0.841677 -58.2189 0 0 0 1 
				4
				0.402836 -0.642041 0.652308 14.8435 -0.907492 -0.372905 0.193389 -7.66758 0.119085 -0.669869 -0.732867 -56.6246 0 0 0 1 
				5
				0.468691 -0.472874 0.746136 15.3105 -0.861786 -0.430309 0.268624 -6.66244 0.194044 -0.768911 -0.609198 -55.2241 0 0 0 1 
				6
				0.52097 -0.301382 0.798597 15.6532 -0.812966 -0.460337 0.356617 -5.78761 0.260146 -0.83502 -0.484836 -54.0393 0 0 0 1 
				7
				0.559517 -0.146527 0.815764 15.8921 -0.766577 -0.465701 0.442132 -5.06947 0.315118 -0.872726 -0.372892 -53.0858 0 0 0 1 
				8
				0.636795 -0.0399933 0.769994 16.2822 -0.691797 -0.470594 0.547683 -3.66655 0.340451 -0.881443 -0.32734 -52.9467 0 0 0 1 
				9
				0.728138 -0.0070029 0.685394 16.5782 -0.601847 -0.485062 0.634425 -1.94593 0.328016 -0.874451 -0.357407 -53.6164 0 0 0 1 
				10
				0.738839 -0.0405846 0.672658 16.6141 -0.598394 -0.498557 0.627188 -1.75404 0.309904 -0.865906 -0.392639 -53.9945 0 0 0 1 
				11
				0.559517 -0.146527 0.815763 15.8921 -0.766577 -0.465701 0.442132 -5.06947 0.315118 -0.872726 -0.372892 -53.0858 0 0 0 1 
				12
				-0.172627 -0.350487 0.920521 7.97399 -0.948332 -0.193435 -0.251493 -13.6207 0.266206 -0.916374 -0.298986 -51.3731 0 0 0 1 
				13
				-0.979455 -0.141078 0.1441 -9.05598 -0.201348 0.644216 -0.737865 -14.8782 0.0112647 -0.75172 -0.659386 -52.5138 0 0 0 1 
				14
				-0.70637 0.706622 0.0415324 -21.0418 0.696593 0.704366 -0.136474 -4.36225 -0.12569 -0.0674703 -0.989772 -56.3201 0 0 0 1 
				15
				-0.398459 0.817627 0.41559 -23.9853 0.914517 0.388713 0.11207 1.99046 -0.069914 0.424719 -0.902621 -58.3898 0 0 0 1 
				16
