<?xml version='1.0' encoding='UTF-8' ?>
<itpanim>
	<skeleton count>
		25
			0 -1
			1.37091e-06 -1 -6.12323e-17 1.44898e-05 1 1.37091e-06 -6.12323e-17 -1.98691e-11 6.12323e-17 -6.12323e-17 1 80.8015 0 0 0 1 
			1 0
			1.3868e-06 4.78456e-08 -1 -80.8015 2.75771e-06 -1 -4.78418e-08 1.44901e-05 -1 -2.75771e-06 -1.3868e-06 -0.000112056 0 0 0 1 
			2 1
			1.40269e-06 -0.000796318 -1 -90.1364 0 -1 0.000796318 0.0931538 -1 -1.11699e-09 -1.40269e-06 -2.58351e-07 0 0 0 1 
			3 2
			1.40269e-06 -0.000796318 -1 -116.969 0 -1 0.000796318 0.11452 -1 -1.11699e-09 -1.40269e-06 -3.17612e-07 0 0 0 1 
			4 3
			1.40269e-06 -0.000796318 -1 -143.801 0 -1 0.000796318 0.119367 -1 -1.11699e-09 -1.40269e-06 -3.31058e-07 0 0 0 1 
			5 4
			1 1.37091e-06 4.37113e-08 -2.89267 -1.37091e-06 1 3.58059e-15 -8.20407e-06 -4.37113e-08 -6.35048e-14 1 143.801 0 0 0 1 
			6 5
			0.995014 0.0902305 0.042489 -10.1726 -0.0897157 0.995871 -0.0138741 -0.527027 -0.0435655 0.00999304 0.999001 144.37 0 0 0 1 
			7 6
			0.994845 -0.0912189 0.0442967 -37.2146 0.0915704 0.995781 -0.00596753 -7.37347 -0.0435655 0.00999304 0.999001 144.37 0 0 0 1 
			8 7
			0.994845 -0.0912189 0.0442967 -64.9763 -0.0434925 0.0107859 0.998995 144.365 -0.091605 -0.995772 0.00676301 7.48842 0 0 0 1 
			9 4
			-1 -1.37091e-06 4.37114e-08 -2.89267 -1.37091e-06 1 3.84662e-15 -8.20407e-06 -4.37115e-08 -5.60777e-14 -1 -143.801 0 0 0 1 
			10 9
			-0.995014 0.0902277 0.042489 -10.1726 0.089713 0.995871 -0.0138741 -0.527027 -0.0435654 -0.00999316 -0.999001 -144.37 0 0 0 1 
			11 10
			-0.994845 -0.0912216 0.0442967 -37.2146 -0.0915731 0.99578 -0.00596753 -7.37347 -0.0435654 -0.00999316 -0.999001 -144.37 0 0 0 1 
			12 11
			-0.994845 -0.0912216 0.0442967 -64.9763 0.0434925 0.0107861 0.998995 144.365 -0.0916078 0.995772 -0.00676301 -7.48842 0 0 0 1 
			13 4
			1.34309e-06 -5.95475e-08 -1 -149.889 -1.40269e-06 -1 5.95456e-08 7.93768e-06 -1 1.40269e-06 -1.34309e-06 -0.000201315 0 0 0 1 
			14 13
			1 -0 0 0 0 1 0 0 -0 -0 1 -0 0 0 0 1 
			15 2
			1.37369e-06 -0.0998334 0.995004 80.3979 0 -0.995004 -0.0998334 -8.06668 1 1.3714e-07 -1.36683e-06 -8.2648 0 0 0 1 
			16 15
			1.37369e-06 0.0998334 0.995004 45.0607 0 -0.995004 0.0998334 0.903508 1 -1.3714e-07 -1.36683e-06 -8.2648 0 0 0 1 
			17 16
			1.3716e-06 -6.00745e-14 1 9.05003 0 -1 -6.00745e-14 1.19116e-05 1 8.23984e-20 -1.3716e-06 -8.2648 0 0 0 1 
			18 17
			1.3723e-06 -1 -6.00133e-14 -12.2319 0 6.00133e-14 -1 -0.75718 1 1.3723e-06 8.23562e-20 -8.2648 0 0 0 1 
			19 18
			1 -0 0 0 0 1 0 0 -0 -0 1 -0 0 0 0 1 
			20 2
			1.37369e-06 -0.0998334 0.995004 80.3979 0 -0.995004 -0.0998334 -8.06668 1 1.3714e-07 -1.36683e-06 8.26481 0 0 0 1 
			21 20
			1.37369e-06 0.0998334 0.995004 45.0607 0 -0.995004 0.0998334 0.903507 1 -1.3714e-07 -1.36683e-06 8.26481 0 0 0 1 
			22 21
			1.3716e-06 -6.00745e-14 1 9.05003 0 -1 -6.00745e-14 1.19116e-05 1 8.23984e-20 -1.3716e-06 8.26481 0 0 0 1 
			23 22
			1.3723e-06 -1 5.98908e-14 -12.2319 0 -5.98908e-14 -1 -0.75718 1 1.3723e-06 -8.21882e-20 8.26481 0 0 0 1 
			24 23
			1 -0 0 0 0 1 0 0 -0 -0 1 -0 0 0 0 1 
	</skeleton>
		<animations>
			33
			0
				-1
				-0.573575 0.819153 -2.02144e-33 0 -0.819153 -0.573575 -1.36318e-32 8.9233e-07 -1.2326e-32 -6.16298e-33 1 -76.4664 0 0 0 1 
				0
				-0.573575 0.819153 -2.02144e-33 1.09112 -0.819153 -0.573575 -1.36318e-32 -3.45449 -1.2326e-32 -6.16298e-33 1 -71.601 0 0 0 1 
				1
				-0.573575 0.819153 -2.02144e-33 2.23237 -0.819153 -0.573575 -1.36318e-32 -7.0677 -1.2326e-32 -6.16298e-33 1 -66.512 0 0 0 1 
				2
				-0.573575 0.819153 -2.02144e-33 3.27795 -0.819153 -0.573575 -1.36318e-32 -10.378 -1.2326e-32 -6.16298e-33 1 -61.8497 0 0 0 1 
				3
				-0.573575 0.819153 -2.02144e-33 4.08205 -0.819153 -0.573575 -1.36318e-32 -12.9238 -1.2326e-32 -6.16298e-33 1 -58.2641 0 0 0 1 
				4
				-0.57985 0.814723 1.44751e-33 4.3044 -0.814723 -0.57985 -8.59472e-33 -13.6278 -6.16298e-33 -6.16298e-33 1 -57.2726 0 0 0 1 
				5
				-0.579839 0.814731 -8.5947e-33 4.13165 -0.814731 -0.579839 -1.44763e-33 -13.0726 -6.16298e-33 6.16298e-33 1 -58.0429 0 0 0 1 
				6
				-0.55899 0.829174 1.66514e-33 4.07939 -0.829174 -0.55899 -8.55522e-33 -12.9988 -6.16298e-33 -6.16298e-33 1 -58.276 0 0 0 1 
				7
				-0.5358 0.844345 -1.40056e-33 4.08205 -0.844345 -0.5358 -1.37095e-32 -13.3634 -1.2326e-32 -6.16298e-33 1 -58.2641 0 0 0 1 
				8
				-0.510055 0.860141 0 4.08205 -0.860141 -0.510055 -0 -13.7923 -0 -0 1 -58.2641 0 0 0 1 
				9
				-0.47452 0.880245 -2.92446e-33 4.08205 -0.880245 -0.47452 -5.42493e-33 -14.0365 -6.16298e-33 -0 1 -58.2641 0 0 0 1 
				10
				-0.421418 0.906866 2.39988e-33 4.08205 -0.906866 -0.421418 1.24766e-32 -13.8342 1.2326e-32 3.08149e-33 1 -58.2641 0 0 0 1 
				11
				-0.342019 0.939693 0 4.08205 -0.939693 -0.342019 -0 -12.9238 -0 -0 1 -58.2641 0 0 0 1 
				12
				-0.190797 0.98163 -5.08358e-10 4.08205 -0.98163 -0.190797 5.29579e-11 -10.3612 -4.50083e-11 5.09124e-10 1 -58.3613 0 0 0 1 
				13
				0.0292509 0.999572 -1.37136e-09 4.08205 -0.999572 0.0292509 -1.52783e-11 -6.32727 2.48418e-11 1.37122e-09 1 -58.5274 0 0 0 1 
				14
				0.23765 0.971351 -1.51621e-09 4.08205 -0.971351 0.23765 -1.80476e-10 -2.36061 1.85022e-10 1.51566e-09 1 -58.5619 0 0 0 1 
				15
				0.357341 0.933974 0 4.08205 -0.933974 0.357341 0 8.28988e-07 -0 -0 1 -58.2641 0 0 0 1 
				16
				0.40564 0.914033 3.29577e-09 4.10976 -0.914033 0.40564 6.9806e-10 0.825373 -6.98845e-10 -3.2956e-09 1 -57.4666 0 0 0 1 
				17
				0.439719 0.898136 7.6701e-09 4.17772 -0.898136 0.439719 1.77625e-09 1.21161 -1.77737e-09 -7.66984e-09 1 -56.2576 0 0 0 1 
				18
				0.460093 0.887871 1.26543e-08 4.26163 -0.887871 0.460093 3.08287e-09 1.26128 -3.08495e-09 -1.26538e-08 1 -54.846 0 0 0 1 
				19
				0.467076 0.884217 1.78008e-08 4.33717 -0.884217 0.467076 4.41259e-09 1.07698 -4.41262e-09 -1.78008e-08 1 -53.4402 0 0 0 1 
				20
				0.460708 0.887552 2.26854e-08 4.38083 -0.887552 0.460708 5.53799e-09 0.758062 -5.53609e-09 -2.26859e-08 1 -52.2424 0 0 0 1 
				21
				0.440717 0.897646 2.68753e-08 4.36907 -0.897646 0.440717 6.24247e-09 0.403869 -6.24088e-09 -2.68757e-08 1 -51.4548 0 0 0 1 
				22
				0.406532 0.913636 2.9897e-08 4.27757 -0.913636 0.406532 6.35255e-09 0.116988 -6.35018e-09 -2.98975e-08 1 -51.286 0 0 0 1 
				23
				0.357347 0.933972 3.12401e-08 4.08205 -0.933972 0.357347 5.77232e-09 8.28988e-07 -5.77237e-09 -3.12401e-08 1 -51.9448 0 0 0 1 
				24
				0.286098 0.9582 3.07116e-08 3.76731 -0.9582 0.286098 4.48507e-09 8.33872e-07 -4.48894e-09 -3.07111e-08 1 -53.5327 0 0 0 1 
				25
				0.188858 0.982004 2.85691e-08 3.34855 -0.982004 0.188858 2.72197e-09 8.4037e-07 -2.72252e-09 -2.85691e-08 1 -55.9067 0 0 0 1 
				26
				0.070718 0.997496 2.50388e-08 2.85006 -0.997496 0.070718 8.88139e-10 8.48105e-07 -8.84777e-10 -2.50389e-08 1 -58.883 0 0 0 1 
				27
				-0.0616615 0.998097 2.04349e-08 2.29615 -0.998097 -0.0616615 -6.3064e-10 8.567e-07 6.30606e-10 -2.04349e-08 1 -62.278 0 0 0 1 
				28
				-0.200439 0.979706 1.51533e-08 1.71035 -0.979706 -0.200439 -1.53575e-09 8.6579e-07 1.53272e-09 -1.51536e-08 1 -65.914 0 0 0 1 
				29
				-0.33717 0.941444 9.65791e-09 1.11618 -0.941444 -0.33717 -1.67909e-09 8.7501e-07 1.67559e-09 -9.65852e-09 1 -69.6131 0 0 0 1 
				30
				-0.463729 0.885977 4.44994e-09 0.537969 -0.885977 -0.463729 -1.09667e-09 8.83982e-07 1.09194e-09 -4.4511e-09 1 -73.1918 0 0 0 1 
				31
				-0.573575 0.819153 -2.02144e-33 0 -0.819153 -0.573575 -1.36318e-32 8.9233e-07 -1.2326e-32 -6.16298e-33 1 -76.4664 0 0 0 1 
		</Joint>
			1
				-1
				1.33158e-06 -0.573574 -0.819154 0 0 -0.819154 0.573574 8.9233e-07 -1 -7.6376e-07 -1.09077e-06 -76.4664 0 0 0 1 
				0
				1.33158e-06 -0.573574 -0.819154 1.09112 0 -0.819154 0.573574 -3.45449 -1 -7.6376e-07 -1.09077e-06 -71.601 0 0 0 1 
				1
				1.33158e-06 -0.573574 -0.819154 2.23237 0 -0.819154 0.573574 -7.0677 -1 -7.6376e-07 -1.09077e-06 -66.512 0 0 0 1 
				2
				1.33158e-06 -0.573574 -0.819154 3.27795 0 -0.819154 0.573574 -10.378 -1 -7.6376e-07 -1.09077e-06 -61.8497 0 0 0 1 
				3
				1.33158e-06 -0.573574 -0.819154 4.08205 0 -0.819154 0.573574 -12.9238 -1 -7.6376e-07 -1.09077e-06 -58.2641 0 0 0 1 
				4
				1.33158e-06 -0.579849 -0.814724 4.3044 0 -0.814724 0.579849 -13.6278 -1 -7.72116e-07 -1.08487e-06 -57.2726 0 0 0 1 
				5
				1.33158e-06 -0.579838 -0.814732 4.13165 0 -0.814732 0.579838 -13.0726 -1 -7.72101e-07 -1.08488e-06 -58.0429 0 0 0 1 
				6
				1.33158e-06 -0.558989 -0.829175 4.07939 0 -0.829175 0.558989 -12.9988 -1 -7.44339e-07 -1.10411e-06 -58.276 0 0 0 1 
				7
				1.33158e-06 -0.535799 -0.844346 4.08205 0 -0.844346 0.535799 -13.3634 -1 -7.13459e-07 -1.12431e-06 -58.2641 0 0 0 1 
				8
				1.33158e-06 -0.510054 -0.860142 4.08205 0 -0.860142 0.510054 -13.7923 -1 -6.79178e-07 -1.14535e-06 -58.2641 0 0 0 1 
				9
				1.33158e-06 -0.474519 -0.880245 4.08205 0 -0.880245 0.474519 -14.0365 -1 -6.3186e-07 -1.17212e-06 -58.2641 0 0 0 1 
				10
				1.33158e-06 -0.421417 -0.906867 4.08205 0 -0.906867 0.421417 -13.8342 -1 -5.61151e-07 -1.20757e-06 -58.2641 0 0 0 1 
				11
				1.33158e-06 -0.342017 -0.939694 4.08205 0 -0.939694 0.342017 -12.9238 -1 -4.55424e-07 -1.25128e-06 -58.2641 0 0 0 1 
				12
				1.33154e-06 -0.190796 -0.98163 4.08205 0 -0.98163 0.190796 -10.3612 -1 -2.54052e-07 -1.30708e-06 -58.3613 0 0 0 1 
				13
				1.33161e-06 0.0292522 -0.999572 4.08205 0 -0.999572 -0.0292522 -6.32727 -1 3.89525e-08 -1.33104e-06 -58.5274 0 0 0 1 
				14
				1.33177e-06 0.237651 -0.971351 4.08205 0 -0.971351 -0.237651 -2.36061 -1 3.16496e-07 -1.29361e-06 -58.5619 0 0 0 1 
				15
				1.33158e-06 0.357342 -0.933974 4.08205 0 -0.933974 -0.357342 8.28988e-07 -1 4.7583e-07 -1.24366e-06 -58.2641 0 0 0 1 
				16
				1.33089e-06 0.405641 -0.914033 4.10976 0 -0.914033 -0.405641 0.825373 -1 5.39862e-07 -1.21647e-06 -57.4666 0 0 0 1 
				17
				1.32983e-06 0.43972 -0.898135 4.17772 0 -0.898135 -0.43972 1.21161 -1 5.84751e-07 -1.19436e-06 -56.2576 0 0 0 1 
				18
				1.32856e-06 0.460094 -0.88787 4.26163 0 -0.88787 -0.460094 1.26128 -1 6.11261e-07 -1.17958e-06 -54.846 0 0 0 1 
				19
				1.32729e-06 0.467077 -0.884216 4.33717 0 -0.884216 -0.467077 1.07698 -1 6.19946e-07 -1.17361e-06 -53.4402 0 0 0 1 
				20
				1.32624e-06 0.460709 -0.887551 4.38083 0 -0.887551 -0.460709 0.758062 -1 6.1101e-07 -1.1771e-06 -52.2424 0 0 0 1 
				21
				1.32561e-06 0.440718 -0.897645 4.36907 0 -0.897645 -0.440718 0.403869 -1 5.84222e-07 -1.18993e-06 -51.4548 0 0 0 1 
				22
				1.32557e-06 0.406533 -0.913636 4.27757 0 -0.913636 -0.406533 0.116988 -1 5.38888e-07 -1.21109e-06 -51.286 0 0 0 1 
				23
				1.32618e-06 0.357348 -0.933971 4.08205 0 -0.933971 -0.357348 8.28988e-07 -1 4.73906e-07 -1.23861e-06 -51.9448 0 0 0 1 
				24
				1.32745e-06 0.2861 -0.9582 3.76731 0 -0.9582 -0.2861 8.33872e-07 -1 3.79782e-07 -1.27196e-06 -53.5327 0 0 0 1 
				25
				1.32917e-06 0.188859 -0.982004 3.34855 0 -0.982004 -0.188859 8.4037e-07 -1 2.51025e-07 -1.30525e-06 -55.9067 0 0 0 1 
				26
				1.33093e-06 0.0707194 -0.997496 2.85006 0 -0.997496 -0.0707194 8.48105e-07 -1 9.41226e-08 -1.3276e-06 -58.883 0 0 0 1 
				27
				1.33237e-06 -0.0616602 -0.998097 2.29615 0 -0.998097 0.0616602 8.567e-07 -1 -8.2154e-08 -1.32983e-06 -62.278 0 0 0 1 
				28
				1.3332e-06 -0.200438 -0.979706 1.71035 0 -0.979706 0.200438 8.6579e-07 -1 -2.67223e-07 -1.30614e-06 -65.914 0 0 0 1 
				29
				1.33329e-06 -0.337169 -0.941444 1.11618 0 -0.941444 0.337169 8.7501e-07 -1 -4.49544e-07 -1.25522e-06 -69.6131 0 0 0 1 
				30
				1.33268e-06 -0.463728 -0.885978 0.537969 0 -0.885978 0.463728 8.83982e-07 -1 -6.18001e-07 -1.18072e-06 -73.1918 0 0 0 1 
				31
				1.33158e-06 -0.573574 -0.819154 0 0 -0.819154 0.573574 8.9233e-07 -1 -7.6376e-07 -1.09077e-06 -76.4664 0 0 0 1 
		</Joint>
			2
				-1
				-0.000271969 -0.342021 -0.939692 0.00731104 -0.000750183 -0.939692 0.342021 0.020057 -1 0.00079796 -1.01208e-06 -85.8013 0 0 0 1 
				0
				-0.0634117 -0.423105 -0.903859 1.10016 -0.0991376 -0.898532 0.427566 -3.43531 -0.993051 0.116719 0.0150318 -80.9383 0 0 0 1 
				1
				-0.137851 -0.495663 -0.857505 2.24296 -0.193945 -0.835502 0.514122 -7.04987 -0.971279 0.237182 0.0190435 -75.852 0 0 0 1 
				2
				-0.212105 -0.549657 -0.808015 3.28969 -0.271577 -0.761106 0.589036 -10.3618 -0.938753 0.344376 0.0121603 -71.1919 0 0 0 1 
				3
				-0.272117 -0.582348 -0.766044 4.09449 -0.324299 -0.694012 0.642788 -12.909 -0.90597 0.423341 -2.72868e-06 -67.608 0 0 0 1 
				4
				-0.293507 -0.603918 -0.741038 4.31731 -0.336853 -0.660122 0.671394 -13.6137 -0.894642 0.446679 -0.00968128 -66.617 0 0 0 1 
				5
				-0.280321 -0.59891 -0.750151 4.14446 -0.326785 -0.675263 0.661235 -13.0582 -0.90257 0.430496 -0.00642426 -67.387 0 0 0 1 
				6
				-0.261033 -0.541601 -0.799081 4.09097 -0.324028 -0.730594 0.601031 -12.9832 -0.909323 0.415814 0.0152157 -67.6197 0 0 0 1 
				7
				-0.241996 -0.454806 -0.857082 4.09177 -0.319532 -0.796707 0.512988 -13.3464 -0.916153 0.398007 0.0474749 -67.6075 0 0 0 1 
				8
				-0.22239 -0.348949 -0.910372 4.08951 -0.311758 -0.859278 0.405522 -13.774 -0.923769 0.374 0.0823066 -67.607 0 0 0 1 
				9
				-0.201963 -0.228889 -0.952271 4.08694 -0.3046 -0.909408 0.283188 -14.0171 -0.930822 0.347256 0.113947 -67.6064 0 0 0 1 
				10
				-0.179347 -0.10212 -0.978471 4.08423 -0.302063 -0.940839 0.153558 -13.8141 -0.936265 0.3231 0.13789 -67.6059 0 0 0 1 
				11
				-0.151536 0.0224595 -0.988197 4.08157 -0.307797 -0.951108 0.025583 -12.9035 -0.939307 0.308041 0.15104 -67.6056 0 0 0 1 
				12
				-0.102021 0.191368 -0.976202 4.07797 -0.324955 -0.9339 -0.149115 -10.3413 -0.940211 0.302009 0.157463 -67.7026 0 0 0 1 
				13
				-0.0290182 0.404885 -0.913907 4.07341 -0.340253 -0.863694 -0.371835 -6.30883 -0.939886 0.30017 0.162826 -67.8687 0 0 0 1 
				14
				0.0430351 0.583426 -0.811026 4.0696 -0.342157 -0.75408 -0.560617 -2.34451 -0.938657 0.301624 0.167171 -67.9032 0 0 0 1 
				15
				0.0869896 0.675461 -0.732247 4.06763 -0.338802 -0.671161 -0.659361 0.0143343 -0.936828 0.305445 0.170464 -67.6055 0 0 0 1 
				16
				0.106767 0.70866 -0.697426 4.09463 -0.339034 -0.63345 -0.695555 0.8389 -0.934696 0.310713 0.172628 -66.8081 0 0 0 1 
				17
				0.121912 0.72876 -0.673829 4.16216 -0.339763 -0.607236 -0.71821 1.22457 -0.932576 0.316501 0.173577 -65.5993 0 0 0 1 
				18
				0.131854 0.737725 -0.6621 4.24588 -0.340888 -0.593449 -0.729119 1.27396 -0.930812 0.321839 0.173233 -64.1877 0 0 0 1 
				19
				0.136001 0.736885 -0.662197 4.32145 -0.342122 -0.592355 -0.72943 1.08963 -0.929761 0.325755 0.171544 -62.782 0 0 0 1 
				20
				0.133835 0.726911 -0.673564 4.36532 -0.342932 -0.603716 -0.71967 0.770956 -0.929777 0.327304 0.168483 -61.5843 0 0 0 1 
				21
				0.124986 0.707864 -0.695203 4.35396 -0.342435 -0.626863 -0.699844 0.417257 -0.931191 0.325532 0.164048 -60.7967 0 0 0 1 
				22
				0.109339 0.679266 -0.725702 4.26307 -0.33931 -0.66072 -0.669565 0.131098 -0.934298 0.319448 0.158239 -60.6278 0 0 0 1 
				23
				0.0872037 0.640163 -0.763274 4.06838 -0.33181 -0.703777 -0.628172 0.0150318 -0.939307 0.308041 0.15104 -61.2862 0 0 0 1 
				24
				0.0570771 0.582074 -0.811131 3.75489 -0.315714 -0.760239 -0.567769 0.0162354 -0.947136 0.288492 0.140377 -62.8738 0 0 0 1 
				25
				0.021466 0.49667 -0.867674 3.33796 -0.287392 -0.828178 -0.481172 0.0176856 -0.957572 0.259692 0.124961 -65.2471 0 0 0 1 
				26
				-0.0122934 0.384654 -0.922979 2.84186 -0.246978 -0.895617 -0.369962 0.0191251 -0.968943 0.223407 0.106011 -68.2226 0 0 0 1 
				27
				-0.0374075 0.249875 -0.967555 2.29082 -0.196823 -0.951109 -0.238018 0.0203074 -0.979725 0.181534 0.0847598 -71.6168 0 0 0 1 
				28
				-0.0490265 0.099533 -0.993826 1.70823 -0.141443 -0.985686 -0.0917403 0.0210445 -0.988732 0.136072 0.0624031 -75.2518 0 0 0 1 
				29
				-0.0452446 -0.0564581 -0.997379 1.1174 -0.0866998 -0.994413 0.0602232 0.0212288 -0.995207 0.0891974 0.0400969 -78.9499 0 0 0 1 
				30
				-0.02753 -0.206995 -0.977954 0.542397 -0.0384102 -0.977384 0.207956 0.0208633 -0.998883 0.0432885 0.0189566 -82.5276 0 0 0 1 
				31
				-0.000271969 -0.342021 -0.939692 0.00731104 -0.000750183 -0.939692 0.342021 0.020057 -1 0.00079796 -1.01208e-06 -85.8013 0 0 0 1 
		</Joint>
			3
				-1
				-6.90266e-05 -0.0871571 -0.996195 0.0018756 -0.000795174 -0.996194 0.0871572 0.0212124 -1 0.000798165 -5.41212e-07 -112.634 0 0 0 1 
				0
				-0.107945 -0.254224 -0.961103 -0.595895 -0.205499 -0.940167 0.271767 -6.07532 -0.972686 0.226841 0.049244 -107.589 0 0 0 1 
				1
				-0.252912 -0.384883 -0.887638 -1.44769 -0.385699 -0.801296 0.457341 -12.2368 -0.887283 0.458028 0.0542081 -101.924 0 0 0 1 
				2
				-0.402435 -0.454315 -0.79476 -2.39189 -0.505772 -0.613293 0.606684 -17.6357 -0.763047 0.646119 0.0170312 -96.3947 0 0 0 1 
				3
				-0.520057 -0.471264 -0.712355 -3.19698 -0.562383 -0.438785 0.700851 -21.6013 -0.642857 0.765099 -0.0368374 -91.9338 0 0 0 1 
				4
				-0.563237 -0.486557 -0.667852 -3.54779 -0.565113 -0.362845 0.740939 -22.6445 -0.602836 0.794736 -0.070592 -90.6394 0 0 0 1 
				5
				-0.53866 -0.489526 -0.685719 -3.36676 -0.558388 -0.402042 0.725648 -21.818 -0.630911 0.773774 -0.0567818 -91.6216 0 0 0 1 
				6
				-0.489818 -0.416403 -0.765955 -2.90429 -0.575895 -0.505063 0.64285 -21.6669 -0.65454 0.755989 0.00758473 -92.0352 0 0 0 1 
				7
				-0.431515 -0.284042 -0.856222 -2.3955 -0.593519 -0.625386 0.506584 -21.9068 -0.67936 0.726782 0.10128 -92.2056 0 0 0 1 
				8
				-0.367782 -0.111353 -0.923221 -1.87536 -0.602257 -0.727934 0.327718 -22.1236 -0.708536 0.676545 0.200658 -92.4084 0 0 0 1 
				9
				-0.302837 0.0809137 -0.949601 -1.33393 -0.604516 -0.786603 0.125761 -22.1734 -0.736783 0.612134 0.287126 -92.5957 0 0 0 1 
				10
				-0.238169 0.263606 -0.934766 -0.733696 -0.605598 -0.792751 -0.0692572 -21.9023 -0.759293 0.549597 0.348448 -92.7399 0 0 0 1 
				11
				-0.171424 0.408794 -0.896382 0.00676 -0.611925 -0.757245 -0.228316 -21.1462 -0.772115 0.50938 0.379962 -92.8203 0 0 0 1 
				12
				-0.0685619 0.556563 -0.827971 1.32861 -0.626681 -0.669778 -0.398332 -19.0463 -0.776254 0.491564 0.394709 -92.9412 0 0 0 1 
				13
				0.0741706 0.709911 -0.700375 3.27961 -0.626745 -0.513093 -0.586452 -15.4277 -0.775686 0.482454 0.406877 -93.0984 0 0 0 1 
				14
				0.207796 0.809705 -0.548815 5.20703 -0.601182 -0.336873 -0.724636 -11.5182 -0.771622 0.480514 0.416779 -93.0999 0 0 0 1 
				15
				0.286588 0.846432 -0.448799 6.38368 -0.576489 -0.221793 -0.786428 -9.07181 -0.765198 0.484109 0.424395 -92.7532 0 0 0 1 
				16
				0.32174 0.853642 -0.409608 6.94121 -0.568028 -0.172089 -0.804817 -8.25451 -0.757515 0.49161 0.429524 -91.8988 0 0 0 1 
				17
				0.347744 0.853784 -0.387463 7.41511 -0.563014 -0.140298 -0.814452 -7.88909 -0.749726 0.501368 0.431905 -90.6333 0 0 0 1 
				18
				0.363926 0.849855 -0.381187 7.76567 -0.561576 -0.126299 -0.817729 -7.87018 -0.743095 0.511658 0.431295 -89.1746 0 0 0 1 
				19
				0.369481 0.843816 -0.389177 7.95265 -0.563417 -0.129619 -0.815941 -8.08755 -0.738949 0.520744 0.427529 -87.7409 0 0 0 1 
				20
				0.3636 0.836638 -0.409673 7.93856 -0.567696 -0.149675 -0.809518 -8.42755 -0.738591 0.52691 0.420534 -86.5437 0 0 0 1 
				21
				0.345554 0.828408 -0.440831 7.68994 -0.572824 -0.18588 -0.798324 -8.76711 -0.74328 0.528383 0.4103 -85.7941 0 0 0 1 
				22
				0.314841 0.818388 -0.480746 7.17942 -0.57629 -0.237629 -0.781935 -8.96833 -0.754165 0.523235 0.396813 -85.7084 0 0 0 1 
				23
				0.271454 0.804986 -0.527552 6.39106 -0.574588 -0.304189 -0.759815 -8.88172 -0.772115 0.50938 0.379962 -86.501 0 0 0 1 
				24
				0.210323 0.78064 -0.588529 5.26973 -0.561163 -0.396546 -0.726531 -8.44667 -0.800538 0.483067 0.354663 -88.298 0 0 0 1 
				25
				0.13356 0.732543 -0.667489 3.89829 -0.527692 -0.51754 -0.673568 -7.68268 -0.83887 0.44219 0.317434 -90.9505 0 0 0 1 
				26
				0.0547784 0.652593 -0.755726 2.49806 -0.469527 -0.651128 -0.596303 -6.59397 -0.881217 0.387498 0.270742 -94.23 0 0 0 1 
				27
				-0.0115695 0.538209 -0.842732 1.27559 -0.387157 -0.779465 -0.492488 -5.24428 -0.921941 0.320572 0.217389 -97.912 0 0 0 1 
				28
				-0.053348 0.39404 -0.917544 0.384311 -0.28717 -0.886091 -0.363836 -3.75529 -0.956393 0.244081 0.160428 -101.787 0 0 0 1 
				29
				-0.0637847 0.231465 -0.97075 -0.101567 -0.181033 -0.959276 -0.216834 -2.28464 -0.981406 0.161908 0.10309 -105.657 0 0 0 1 
				30
				-0.0434572 0.0659508 -0.996876 -0.197707 -0.0819602 -0.994691 -0.0622333 -0.988523 -0.995688 0.0789997 0.0486318 -109.332 0 0 0 1 
				31
				-6.90266e-05 -0.0871571 -0.996195 0.0018756 -0.000795174 -0.996194 0.0871572 0.0212124 -1 0.000798165 -5.41212e-07 -112.634 0 0 0 1 
		</Joint>
			4
				-1
				-6.90266e-05 -0.0871571 -0.996195 0.00044595 -0.000795174 -0.996194 0.0871572 0.00470522 -1 0.000798165 -5.41212e-07 -139.466 0 0 0 1 
				0
				-0.107945 -0.254224 -0.961103 -3.4911 -0.205499 -0.940167 0.271767 -11.5848 -0.972686 0.226841 0.049244 -133.69 0 0 0 1 
				1
				-0.252912 -0.384883 -0.887638 -8.23206 -0.385699 -0.801296 0.457341 -22.5821 -0.887283 0.458028 0.0542081 -125.734 0 0 0 1 
				2
				-0.402435 -0.454315 -0.79476 -13.188 -0.505772 -0.613293 0.606684 -31.2038 -0.763047 0.646119 0.0170312 -116.872 0 0 0 1 
				3
				-0.520057 -0.471264 -0.712355 -17.1491 -0.562383 -0.438785 0.700851 -36.6893 -0.642857 0.765099 -0.0368374 -109.187 0 0 0 1 
				4
				-0.563237 -0.486557 -0.667852 -18.6584 -0.565113 -0.362845 0.740939 -37.8061 -0.602836 0.794736 -0.0705921 -106.819 0 0 0 1 
				5
				-0.53866 -0.489526 -0.685719 -17.8179 -0.558388 -0.402042 0.725648 -36.799 -0.630911 0.773774 -0.0567818 -108.554 0 0 0 1 
				6
				-0.489818 -0.416403 -0.765955 -16.0453 -0.575895 -0.505063 0.64285 -37.1171 -0.65454 0.755989 0.00758472 -109.602 0 0 0 1 
				7
				-0.431515 -0.284042 -0.856221 -13.9727 -0.593519 -0.625386 0.506584 -37.8293 -0.67936 0.726782 0.10128 -110.438 0 0 0 1 
				8
				-0.367782 -0.111353 -0.923221 -11.7433 -0.602257 -0.727934 0.327718 -38.2801 -0.708536 0.676545 0.200658 -111.423 0 0 0 1 
				9
				-0.302837 0.0809137 -0.949601 -9.46018 -0.604516 -0.786603 0.125761 -38.3902 -0.736783 0.612134 0.287126 -112.368 0 0 0 1 
				10
				-0.238169 0.263606 -0.934766 -7.12563 -0.605598 -0.792751 -0.0692572 -38.1481 -0.759293 0.549597 0.348448 -113.116 0 0 0 1 
				11
				-0.171424 0.408794 -0.896382 -4.59495 -0.611925 -0.757245 -0.228316 -37.562 -0.772115 0.50938 0.379962 -113.541 0 0 0 1 
				12
				-0.0685619 0.556563 -0.827971 -0.513768 -0.626681 -0.669778 -0.398332 -35.8584 -0.776254 0.491564 0.394709 -113.772 0 0 0 1 
				13
				0.0741706 0.709911 -0.700375 5.26635 -0.626745 -0.513093 -0.586452 -32.2423 -0.775686 0.482454 0.406877 -113.914 0 0 0 1 
				14
				0.207796 0.809705 -0.548815 10.7788 -0.601182 -0.336873 -0.724636 -27.6477 -0.771622 0.480514 0.416779 -113.807 0 0 0 1 
				15
				0.286588 0.846432 -0.448799 14.0694 -0.576489 -0.221793 -0.786428 -24.5393 -0.765198 0.484109 0.424395 -113.288 0 0 0 1 
				16
				0.32174 0.853642 -0.409608 15.5701 -0.568028 -0.172089 -0.804817 -23.4952 -0.757515 0.49161 0.429524 -112.227 0 0 0 1 
				17
				0.347744 0.853784 -0.387463 16.7418 -0.563014 -0.140298 -0.814452 -22.9954 -0.749726 0.501368 0.431905 -110.753 0 0 0 1 
				18
				0.363926 0.849855 -0.381187 17.5266 -0.561576 -0.126299 -0.817729 -22.938 -0.743095 0.511658 0.431295 -109.116 0 0 0 1 
				19
				0.369481 0.843816 -0.389177 17.8626 -0.563417 -0.129618 -0.815941 -23.2048 -0.738949 0.520744 0.427529 -107.571 0 0 0 1 
				20
				0.3636 0.836638 -0.409673 17.6908 -0.567696 -0.149675 -0.809518 -23.6595 -0.738591 0.52691 0.420534 -106.364 0 0 0 1 
				21
				0.345554 0.828408 -0.440831 16.958 -0.572824 -0.18588 -0.798324 -24.1365 -0.74328 0.528383 0.410301 -105.741 0 0 0 1 
				22
				0.314841 0.818388 -0.480746 15.6234 -0.57629 -0.237629 -0.781935 -24.4304 -0.754165 0.523235 0.396813 -105.947 0 0 0 1 
				23
				0.271454 0.804986 -0.527552 13.6709 -0.574588 -0.304189 -0.759815 -24.2978 -0.772115 0.50938 0.379962 -107.221 0 0 0 1 
				24
				0.210323 0.78064 -0.588529 10.9094 -0.561162 -0.396546 -0.726531 -23.5021 -0.800538 0.483067 0.354663 -109.781 0 0 0 1 
				25
				0.13356 0.732543 -0.667489 7.47848 -0.527692 -0.51754 -0.673568 -21.8394 -0.83887 0.44219 0.317434 -113.462 0 0 0 1 
				26
				0.0547784 0.652593 -0.755726 3.96473 -0.469527 -0.651128 -0.596303 -19.1894 -0.881217 0.387498 0.270742 -117.877 0 0 0 1 
				27
				-0.0115695 0.538209 -0.842732 0.962546 -0.387157 -0.779465 -0.492488 -15.6289 -0.921942 0.320572 0.217389 -122.651 0 0 0 1 
				28
				-0.0533479 0.39404 -0.917543 -1.04905 -0.28717 -0.886091 -0.363836 -11.4565 -0.956393 0.244081 0.160428 -127.451 0 0 0 1 
				29
				-0.0637847 0.231465 -0.97075 -1.81418 -0.181033 -0.959276 -0.216834 -7.13755 -0.981406 0.161908 0.10309 -131.991 0 0 0 1 
				30
				-0.0434572 0.0659508 -0.996876 -1.36409 -0.0819602 -0.994691 -0.0622333 -3.18289 -0.995688 0.0789997 0.0486318 -136.049 0 0 0 1 
				31
				-6.90266e-05 -0.0871571 -0.996195 0.00044595 -0.000795174 -0.996194 0.0871572 0.00470522 -1 0.000798165 -5.41212e-07 -139.466 0 0 0 1 
		</Joint>
			5
				-1
				0.996195 0.0871572 2.41033e-06 2.88169 -0.0871572 0.996195 1.67573e-06 -0.252234 -2.25511e-06 -1.87943e-06 1 -139.466 0 0 0 1 
				0
				0.961102 0.25431 0.107746 -0.712169 -0.271767 0.94033 0.204749 -12.3755 -0.0492468 -0.226067 0.972866 -133.831 0 0 0 1 
				1
				0.887637 0.385084 0.252608 -5.66627 -0.457342 0.801603 0.38506 -23.9089 -0.0542106 -0.457321 0.887647 -125.888 0 0 0 1 
				2
				0.794759 0.454635 0.402075 -10.8912 -0.606686 0.613696 0.505282 -32.9618 -0.0170332 -0.645511 0.763561 -116.918 0 0 0 1 
				3
				0.712354 0.471678 0.519684 -15.0908 -0.700853 0.439233 0.562032 -38.7187 0.0368357 -0.764587 0.643467 -109.077 0 0 0 1 
				4
				0.667851 0.487005 0.562851 -16.7289 -0.74094 0.363295 0.564822 -39.9511 0.0705905 -0.794256 0.603469 -106.611 0 0 0 1 
				5
				0.685717 0.489955 0.538271 -15.8367 -0.72565 0.402486 0.558066 -38.9 0.0567802 -0.773272 0.631527 -108.386 0 0 0 1 
				6
				0.765954 0.416793 0.489489 -13.8316 -0.642851 0.505522 0.575491 -38.9791 -0.00758655 -0.755468 0.655142 -109.62 0 0 0 1 
				7
				0.85622 0.284385 0.431291 -11.4973 -0.506586 0.625859 0.593019 -39.2977 -0.101282 -0.726241 0.679939 -110.727 0 0 0 1 
				8
				0.92322 0.111645 0.367696 -9.07325 -0.32772 0.728413 0.601676 -39.2316 -0.20066 -0.67598 0.709074 -112.001 0 0 0 1 
				9
				0.9496 -0.0806725 0.302904 -6.71289 -0.125763 0.787084 0.603889 -38.7578 -0.287128 -0.611548 0.73727 -113.196 0 0 0 1 
				10
				0.934765 -0.263416 0.238382 -4.42038 0.0692555 0.793233 0.604967 -37.9516 -0.34845 -0.548993 0.75973 -114.122 0 0 0 1 
				11
				0.896382 -0.408658 0.171752 -2.00003 0.228314 0.757732 0.611322 -36.9052 -0.379964 -0.508765 0.772519 -114.637 0 0 0 1 
				12
				0.827971 -0.556509 0.0690074 1.88398 0.39833 0.670277 0.626149 -34.7094 -0.394711 -0.490945 0.776644 -114.912 0 0 0 1 
				13
				0.700375 -0.70997 -0.0736033 7.29574 0.58645 0.513592 0.626338 -30.5483 -0.406879 -0.481836 0.776069 -115.089 0 0 0 1 
				14
				0.548816 -0.809871 -0.20715 12.3702 0.724634 0.337352 0.600915 -25.5532 -0.416781 -0.4799 0.772004 -115.01 0 0 0 1 
				15
				0.4488 -0.84666 -0.285913 15.3718 0.786426 0.222252 0.576314 -22.2655 -0.424397 -0.483499 0.765582 -114.513 0 0 0 1 
				16
				0.409609 -0.853898 -0.321059 16.7591 0.804815 0.172541 0.567893 -21.168 -0.429526 -0.491007 0.757905 -113.467 0 0 0 1 
				17
				0.387464 -0.85406 -0.347063 17.8667 0.81445 0.140747 0.562905 -20.6402 -0.431907 -0.500771 0.750124 -112 0 0 0 1 
				18
				0.381188 -0.850145 -0.363248 18.6333 0.817727 0.126747 0.561477 -20.5732 -0.431297 -0.511066 0.743501 -110.361 0 0 0 1 
				19
				0.389178 -0.84411 -0.368807 18.9925 0.81594 0.130067 0.563316 -20.8451 -0.427531 -0.520155 0.739362 -108.805 0 0 0 1 
				20
				0.409674 -0.836928 -0.362932 18.8799 0.809516 0.150127 0.567578 -21.3185 -0.420536 -0.526322 0.739009 -107.578 0 0 0 1 
				21
				0.440832 -0.828683 -0.344893 18.2372 0.798322 0.186336 0.572678 -21.8281 -0.410303 -0.527791 0.743699 -106.925 0 0 0 1 
				22
				0.480747 -0.818638 -0.314188 17.018 0.781934 0.238088 0.576103 -22.1697 -0.396815 -0.522634 0.754581 -107.092 0 0 0 1 
				23
				0.527553 -0.805201 -0.270811 15.2009 0.759813 0.304646 0.574347 -22.1014 -0.379964 -0.508765 0.772519 -108.318 0 0 0 1 
				24
				0.58853 -0.780807 -0.209699 12.6156 0.72653 0.396993 0.560848 -21.4024 -0.354665 -0.482429 0.800921 -110.804 0 0 0 1 
				25
				0.66749 -0.73265 -0.132975 9.41286 0.673566 0.51796 0.527281 -19.8935 -0.317437 -0.441522 0.839221 -114.378 0 0 0 1 
				26
				0.755726 -0.652636 -0.0542567 6.15396 0.596301 0.651501 0.46901 -17.4676 -0.270745 -0.386796 0.881525 -118.658 0 0 0 1 
				27
				0.842732 -0.538199 0.0120004 3.4029 0.492487 0.779773 0.386538 -14.208 -0.217392 -0.319838 0.922196 -123.279 0 0 0 1 
				28
				0.917543 -0.393998 0.0536643 1.60701 0.363835 0.886319 0.286466 -10.4083 -0.16043 -0.24332 0.956586 -127.913 0 0 0 1 
				29
				0.97075 -0.231414 0.0639717 0.995002 0.216833 0.95942 0.18027 -6.51496 -0.103093 -0.161126 0.981534 -132.289 0 0 0 1 
				30
				0.996876 -0.0659161 0.0435125 1.51987 0.062233 0.994755 0.0811683 -3.00768 -0.0486346 -0.0782068 0.99575 -136.189 0 0 0 1 
				31
				0.996195 0.0871572 2.41033e-06 2.88169 -0.0871572 0.996195 1.67573e-06 -0.252234 -2.25511e-06 -1.87943e-06 1 -139.466 0 0 0 1 
		</Joint>
			6
				-1
				0.112922 -0.0327947 -0.993063 16.3019 0.148164 0.988837 -0.0158073 -1.42637 0.982495 -0.145352 0.11652 -139.466 0 0 0 1 
				0
				0.116576 0.600729 -0.790908 12.2353 0.0872542 0.787064 0.61067 -16.0366 0.989342 -0.140199 0.0393363 -134.495 0 0 0 1 
				1
				0.0159112 0.975877 -0.217741 6.29153 0.0813083 0.215784 0.97305 -30.07 0.996562 -0.0331865 -0.0759135 -126.619 0 0 0 1 
				2
				-0.0317311 0.908938 0.415723 -0.184604 0.0934623 -0.411412 0.906645 -41.1347 0.995117 0.0676233 -0.0718969 -117.148 0 0 0 1 
				3
				-0.0600879 0.59877 0.798664 -5.49428 0.128214 -0.788852 0.60106 -48.1603 0.989924 0.138516 -0.0293702 -108.58 0 0 0 1 
				4
				-0.0683263 0.459801 0.88539 -7.73196 0.153962 -0.871972 0.464715 -49.9327 0.985711 0.168069 -0.0112133 -105.66 0 0 0 1 
				5
				-0.0653738 0.551482 0.831621 -6.59908 0.145241 -0.81927 0.554709 -48.6756 0.987234 0.157049 -0.0265388 -107.621 0 0 0 1 
				6
				-0.0475412 0.65278 0.756055 -3.51308 0.0891488 -0.751117 0.654123 -47.6393 0.994883 0.0984991 -0.0224855 -109.722 0 0 0 1 
				7
				-0.0195442 0.740351 0.671937 0.0372519 0.00832259 -0.671922 0.740576 -46.1222 0.999774 0.0200662 0.00697051 -112.092 0 0 0 1 
				8
				0.0253073 0.823703 0.566456 3.36391 -0.0780217 -0.563282 0.822573 -43.6465 0.99663 -0.065013 0.0500116 -114.704 0 0 0 1 
				9
				0.0953091 0.895024 0.435716 6.07965 -0.15041 -0.419735 0.895097 -40.452 0.984019 -0.150847 0.0946155 -117.064 0 0 0 1 
				10
				0.192649 0.942075 0.274557 8.17231 -0.184482 -0.240036 0.953074 -37.0186 0.96377 -0.234259 0.127553 -118.816 0 0 0 1 
				11
				0.308025 0.948283 0.0766799 10.0756 -0.152755 -0.0302571 0.987801 -33.8295 0.939035 -0.31598 0.135535 -119.756 0 0 0 1 
				12
				0.423684 0.883604 -0.199341 13.038 -0.0304779 0.233851 0.971795 -29.3433 0.905297 -0.405659 0.126009 -120.229 0 0 0 1 
				13
				0.487165 0.700751 -0.52117 16.7309 0.180947 0.502831 0.845233 -22.648 0.854358 -0.506073 0.118163 -120.57 0 0 0 1 
				14
				0.45486 0.436304 -0.776365 19.7636 0.421559 0.662427 0.619257 -15.7913 0.784469 -0.608958 0.117384 -120.625 0 0 0 1 
				15
				0.366074 0.196814 -0.909535 21.4178 0.61653 0.680808 0.395464 -11.6712 0.697051 -0.705524 0.127885 -120.23 0 0 0 1 
				16
				0.26301 0.0130222 -0.964705 22.2772 0.758059 0.615734 0.214983 -10.3259 0.596802 -0.787846 0.152073 -119.254 0 0 0 1 
				17
				0.133863 -0.142258 -0.980736 23.0864 0.860747 0.507134 0.0439244 -9.66832 0.491116 -0.850046 0.190335 -117.818 0 0 0 1 
				18
				-0.00542042 -0.263865 -0.964544 23.7685 0.921202 0.373946 -0.107475 -9.55716 0.389046 -0.889123 0.241046 -116.171 0 0 0 1 
				19
				-0.139932 -0.353578 -0.924879 24.2353 0.943705 0.235128 -0.232669 -9.8532 0.299731 -0.905372 0.300771 -114.565 0 0 0 1 
				20
				-0.257931 -0.418246 -0.870943 24.3988 0.938195 0.106901 -0.329184 -10.4131 0.230785 -0.902021 0.364824 -113.244 0 0 0 1 
				21
				-0.351156 -0.467273 -0.811385 24.1758 0.917346 0.00185879 -0.398085 -11.0735 0.187523 -0.884111 0.427998 -112.452 0 0 0 1 
				22
				-0.413899 -0.510149 -0.753947 23.4944 0.893769 -0.0705021 -0.442953 -11.6359 0.172817 -0.857192 0.485136 -112.438 0 0 0 1 
				23
				-0.441574 -0.554018 -0.705746 22.3078 0.87753 -0.102773 -0.468379 -11.8656 0.186959 -0.826137 0.531549 -113.436 0 0 0 1 
				24
				-0.418948 -0.603566 -0.678374 20.544 0.874572 -0.0673472 -0.480195 -11.6149 0.244143 -0.794464 0.556077 -115.582 0 0 0 1 
				25
				-0.338874 -0.648361 -0.681757 18.4049 0.87425 0.050748 -0.482816 -10.8195 0.347637 -0.75964 0.549632 -118.654 0 0 0 1 
				26
				-0.215866 -0.66274 -0.717062 16.3347 0.850717 0.232794 -0.471261 -9.43452 0.479251 -0.711746 0.513552 -122.306 0 0 0 1 
				27
				-0.07547 -0.622868 -0.778679 14.7558 0.780505 0.449099 -0.434883 -7.57348 0.620578 -0.640583 0.452258 -126.207 0 0 0 1 
				28
				0.0492245 -0.519352 -0.853141 13.9677 0.655421 0.661335 -0.364773 -5.50689 0.753658 -0.541211 0.372948 -130.075 0 0 0 1 
				29
				0.128175 -0.364498 -0.922341 14.0725 0.488343 0.832647 -0.261189 -3.59389 0.863187 -0.416941 0.284724 -133.678 0 0 0 1 
				30
				0.146984 -0.189708 -0.970776 14.9493 0.308558 0.941256 -0.13722 -2.16931 0.93978 -0.279372 0.196886 -136.844 0 0 0 1 
				31
				0.112922 -0.0327946 -0.993063 16.3019 0.148164 0.988837 -0.0158072 -1.42637 0.982495 -0.145352 0.11652 -139.466 0 0 0 1 
		</Joint>
			7
				-1
				-0.0189883 0.116044 -0.993063 19.4368 -0.95636 -0.291762 -0.0158073 2.68693 -0.291572 0.949426 0.11652 -112.19 0 0 0 1 
				0
				-0.608019 -0.0691272 -0.790908 15.4717 -0.776958 -0.15303 0.61067 -13.6143 -0.163247 0.985801 0.0393363 -107.029 0 0 0 1 
				1
				-0.966157 -0.138312 -0.217741 6.73326 -0.225912 0.0462316 0.97305 -27.8128 -0.124518 0.989309 -0.0759135 -98.9523 0 0 0 1 
				2
				-0.907894 -0.0538788 0.415723 -1.06551 0.409011 0.103464 0.906645 -38.54 -0.0918611 0.993173 -0.0718969 -89.5217 0 0 0 1 
				3
				-0.601643 -0.0127905 0.798663 -7.16242 0.796493 0.0657495 0.601062 -44.6008 -0.0601996 0.997754 -0.0293702 -81.0984 0 0 0 1 
				4
				-0.464659 -0.0133513 0.885389 -9.62882 0.884073 0.0495349 0.464716 -45.6585 -0.0500622 0.998683 -0.0112133 -78.2947 0 0 0 1 
				5
				-0.55523 -0.0112342 0.831621 -8.41397 0.829534 0.0645822 0.554709 -44.6434 -0.0599396 0.997849 -0.0265388 -80.214 0 0 0 1 
				6
				-0.654167 -0.0211973 0.756054 -4.83291 0.754099 0.0588082 0.654124 -45.1643 -0.0583278 0.998044 -0.0224855 -82.1026 0 0 0 1 
				7
				-0.738431 -0.0567731 0.671935 -0.505329 0.67065 0.0421222 0.740578 -45.8912 -0.0703482 0.997498 0.00697052 -84.3364 0 0 0 1 
				8
				-0.817716 -0.102303 0.566458 4.06648 0.568574 0.00997316 0.822572 -45.8125 -0.0898012 0.994703 0.0500118 -87.0356 0 0 0 1 
				9
				-0.890743 -0.129335 0.435716 8.7256 0.443911 -0.0417654 0.895097 -44.6277 -0.0975696 0.990721 0.0946155 -89.7459 0 0 0 1 
				10
				-0.95581 -0.105101 0.274557 13.5206 0.284999 -0.102112 0.953074 -42.1401 -0.0721334 0.989205 0.127553 -92.0597 0 0 0 1 
				11
				-0.997056 0.000452319 0.0766798 18.6269 0.0759064 -0.135969 0.987801 -38.0702 0.0108729 0.990713 0.135535 -93.6866 0 0 0 1 
				12
				-0.963633 0.177974 -0.199341 24.8002 -0.217753 -0.0905476 0.971795 -30.1894 0.154905 0.97986 0.126009 -95.0965 0 0 0 1 
				13
				-0.780066 0.346235 -0.52117 30.2554 -0.527937 0.0828482 0.845233 -17.6245 0.335827 0.934482 0.118163 -96.8517 0 0 0 1 
				14
				-0.477635 0.411246 -0.776365 32.3913 -0.69956 0.356564 0.619257 -4.0881 0.53149 0.838892 0.117384 -98.8465 0 0 0 1 
				15
				-0.192093 0.368573 -0.909535 31.5806 -0.672828 0.625229 0.395464 5.44477 0.714425 0.687926 0.127885 -100.879 0 0 0 1 
				16
				0.0209754 0.262495 -0.964705 29.5788 -0.512925 0.831078 0.214983 10.7191 0.858177 0.490312 0.152073 -102.685 0 0 0 1 
				17
				0.170766 0.0948455 -0.980736 26.8027 -0.28032 0.958901 0.0439247 14.2275 0.944595 0.267419 0.190335 -104.184 0 0 0 1 
				18
				0.244706 -0.0988571 -0.964544 23.618 -0.0220823 0.993962 -0.107475 16.017 0.969345 0.0475991 0.241046 -105.371 0 0 0 1 
				19
				0.252013 -0.284759 -0.924879 20.3505 0.217269 0.947977 -0.232668 16.3457 0.943019 -0.142312 0.300771 -106.244 0 0 0 1 
				20
				0.217094 -0.440828 -0.870943 17.2382 0.408284 0.851436 -0.329184 15.6328 0.886665 -0.284128 0.364824 -106.837 0 0 0 1 
				21
				0.170116 -0.559209 -0.811385 14.4271 0.539705 0.741786 -0.398085 14.3937 0.824487 -0.370188 0.427998 -107.246 0 0 0 1 
				22
				0.139688 -0.641912 -0.753947 12.0038 0.613499 0.653768 -0.442953 13.1767 0.777243 -0.40067 0.485136 -107.64 0 0 0 1 
				23
				0.148705 -0.692683 -0.705746 10.0489 0.635634 0.61367 -0.468379 12.4962 0.757533 -0.378946 0.531549 -108.246 0 0 0 1 
				24
				0.228114 -0.698407 -0.678374 8.91326 0.581798 0.656448 -0.480195 12.6647 0.780689 -0.285137 0.556077 -108.804 0 0 0 1 
				25
				0.372296 -0.629764 -0.681757 8.99723 0.417768 0.769648 -0.482816 13.4512 0.828773 -0.105066 0.549632 -109.003 0 0 0 1 
				26
				0.517072 -0.467395 -0.717062 10.3419 0.134414 0.871691 -0.471261 14.1829 0.845322 0.147293 0.513552 -109.001 0 0 0 1 
				27
				0.583546 -0.230508 -0.778679 12.6606 -0.237158 0.868696 -0.434883 14.0947 0.776679 0.438444 0.452257 -108.979 0 0 0 1 
				28
				0.521573 0.0105433 -0.853141 15.3343 -0.610867 0.702696 -0.364773 12.6887 0.595653 0.711412 0.372948 -109.152 0 0 0 1 
				29
				0.347979 0.167924 -0.922341 17.6308 -0.8818 0.392695 -0.261189 9.96336 0.318339 0.904208 0.284724 -109.714 0 0 0 1 
				30
				0.139993 0.194925 -0.970776 19.0298 -0.990152 0.0277219 -0.13722 6.39681 0.000164177 0.980426 0.196886 -110.754 0 0 0 1 
				31
				-0.0189884 0.116044 -0.993063 19.4368 -0.95636 -0.291762 -0.0158071 2.68693 -0.291572 0.949426 0.11652 -112.19 0 0 0 1 
		</Joint>
			8
				-1
				-0.0189883 -0.99297 -0.116835 18.9097 -0.956361 -0.0160396 0.291749 -23.8633 -0.291572 0.117276 -0.949332 -120.285 0 0 0 1 
				0
				-0.608019 -0.771133 -0.188856 -1.40799 -0.776958 0.529034 0.341261 -35.184 -0.163247 0.354227 -0.920801 -111.561 0 0 0 1 
				1
				-0.966157 -0.256588 -0.026527 -20.0889 -0.225912 0.792014 0.567166 -34.0845 -0.124518 0.553964 -0.823176 -102.409 0 0 0 1 
				2
				-0.907894 0.186121 0.375616 -26.2702 0.409011 0.58965 0.696436 -27.1852 -0.0918611 0.785921 -0.611465 -92.0719 0 0 0 1 
				3
				-0.601643 0.260539 0.75508 -23.8651 0.796493 0.266928 0.542538 -22.4888 -0.0601996 0.927831 -0.368112 -82.7696 0 0 0 1 
				4
				-0.464659 0.233322 0.854197 -22.5286 0.884073 0.176778 0.432625 -21.1151 -0.0500622 0.956196 -0.288415 -79.6845 0 0 0 1 
				5
				-0.55523 0.261964 0.789364 -23.8281 0.829534 0.24283 0.502898 -21.6141 -0.0599396 0.934028 -0.352134 -81.878 0 0 0 1 
				6
				-0.654167 0.234913 0.718945 -22.9937 0.754098 0.275874 0.596011 -24.2293 -0.0583278 0.932046 -0.357615 -83.7218 0 0 0 1 
				7
				-0.738431 0.157966 0.655566 -21.0055 0.67065 0.273459 0.689529 -27.2728 -0.0703482 0.948824 -0.307871 -86.2894 0 0 0 1 
				8
				-0.817716 0.0661725 0.571806 -18.6347 0.568574 0.247825 0.784414 -30.0279 -0.0898012 0.966542 -0.240275 -89.5286 0 0 0 1 
				9
				-0.890743 -0.0045217 0.454484 -16.003 0.443911 0.206006 0.872069 -32.3039 -0.0975696 0.97854 -0.181491 -92.4546 0 0 0 1 
				10
				-0.95581 -0.0218314 0.293174 -13.0144 0.284999 0.175878 0.942254 -34.2281 -0.0721335 0.98417 -0.161884 -94.0623 0 0 0 1 
				11
				-0.997056 0.0265938 0.071922 -9.05313 0.0759064 0.209302 0.974901 -35.9629 0.0108729 0.97749 -0.210705 -93.3847 0 0 0 1 
				12
				-0.963633 0.075196 -0.256432 -1.95192 -0.217753 0.335293 0.916604 -36.2346 0.154905 0.939108 -0.306725 -90.7961 0 0 0 1 
				13
				-0.780066 0.0175965 -0.62545 8.59942 -0.527937 0.518002 0.673021 -32.281 0.335827 0.855198 -0.394786 -87.5286 0 0 0 1 
				14
				-0.477635 -0.17528 -0.860896 19.1313 -0.69956 0.668672 0.251981 -23.5091 0.53149 0.722603 -0.442 -84.0914 0 0 0 1 
				15
