<?xml version='1.0' encoding='UTF-8' ?>
<itpanim>
	<skeleton count>
		25
			0 -1
			1.37091e-06 -1 -6.12323e-17 1.44664e-05 1 1.37091e-06 -6.12323e-17 -3.33788e-06 6.12323e-17 -6.12323e-17 1 44.5 0 0 0 1 
			1 0
			1.3868e-06 4.78456e-08 -1 -44.5 2.75771e-06 -1 -4.78418e-08 1.44666e-05 -1 -2.75771e-06 -1.3868e-06 -5.83747e-05 0 0 0 1 
			2 1
			1.40269e-06 -0.000796318 -1 -49.6773 0 -1 0.000796318 0.0514213 -1 -1.11699e-09 -1.40269e-06 3.19526e-06 0 0 0 1 
			3 2
			1.40269e-06 -0.000796318 -1 -64.5592 0 -1 0.000796318 0.0632714 -1 -1.11699e-09 -1.40269e-06 3.16239e-06 0 0 0 1 
			4 3
			1.40269e-06 -0.000796318 -1 -79.4411 0 -1 0.000796318 0.06596 -1 -1.11699e-09 -1.40269e-06 3.15493e-06 0 0 0 1 
			5 4
			1 1.37091e-06 4.37113e-08 -1.60435 -1.37091e-06 1 3.58059e-15 -1.09939e-05 -4.37113e-08 -6.35048e-14 1 79.4411 0 0 0 1 
			6 5
			0.995014 0.0902305 0.042489 -5.65533 -0.0897157 0.995871 -0.0138741 -0.287945 -0.0435655 0.00999304 0.999001 79.7571 0 0 0 1 
			7 6
			0.994845 -0.0912189 0.0442967 -20.654 0.0915704 0.995781 -0.00596753 -4.08763 -0.0435655 0.00999304 0.999001 79.7571 0 0 0 1 
			8 7
			0.994845 -0.0912189 0.0442967 -36.0513 -0.0434925 0.0107859 0.998995 79.7539 -0.091605 -0.995772 0.00676301 4.15114 0 0 0 1 
			9 4
			-1 -1.37091e-06 4.37114e-08 -1.60434 -1.37091e-06 1 3.84662e-15 -1.09939e-05 -4.37115e-08 -5.60777e-14 -1 -79.4411 0 0 0 1 
			10 9
			-0.995014 0.0902277 0.042489 -5.65533 0.089713 0.995871 -0.0138741 -0.287946 -0.0435654 -0.00999315 -0.999001 -79.7571 0 0 0 1 
			11 10
			-0.994845 -0.0912216 0.0442967 -20.654 -0.0915731 0.995781 -0.00596753 -4.08763 -0.0435654 -0.00999315 -0.999001 -79.7571 0 0 0 1 
			12 11
			-0.994845 -0.0912216 0.0442967 -36.0513 0.0434925 0.0107861 0.998995 79.7539 -0.0916078 0.995772 -0.00676301 -4.15114 0 0 0 1 
			13 4
			1.34309e-06 -5.95475e-08 -1 -82.8177 -1.40269e-06 -1 5.95456e-08 1.08462e-05 -1 1.40269e-06 -1.34309e-06 -0.000107894 0 0 0 1 
			14 13
			1 -0 0 0 0 1 0 0 -0 -0 1 -0 0 0 0 1 
			15 2
			1.37369e-06 -0.0998334 0.995004 44.2777 0 -0.995004 -0.0998334 -4.44257 1 1.3714e-07 -1.36683e-06 -4.58386 0 0 0 1 
			16 15
			1.37369e-06 0.0998334 0.995004 24.6789 0 -0.995004 0.0998334 0.469723 1 -1.3714e-07 -1.36683e-06 -4.58386 0 0 0 1 
			17 16
			1.3716e-06 -6.00745e-14 1 4.70494 0 -1 -6.00745e-14 1.29981e-05 1 8.23984e-20 -1.3716e-06 -4.58386 0 0 0 1 
			18 17
			1.3723e-06 -1 -6.00133e-14 -6.78409 0 6.00133e-14 -1 -0.105526 1 1.3723e-06 8.23562e-20 -4.58386 0 0 0 1 
			19 18
			1 -0 0 0 0 1 0 0 -0 -0 1 -0 0 0 0 1 
			20 2
			1.37369e-06 -0.0998334 0.995004 44.2777 0 -0.995004 -0.0998334 -4.44257 1 1.3714e-07 -1.36683e-06 4.58386 0 0 0 1 
			21 20
			1.37369e-06 0.0998334 0.995004 24.6789 0 -0.995004 0.0998334 0.469723 1 -1.3714e-07 -1.36683e-06 4.58386 0 0 0 1 
			22 21
			1.3716e-06 -6.00745e-14 1 4.70494 0 -1 -6.00745e-14 1.29981e-05 1 8.23984e-20 -1.3716e-06 4.58386 0 0 0 1 
			23 22
			1.3723e-06 -1 5.98908e-14 -6.78409 0 -5.98908e-14 -1 -0.105526 1 1.3723e-06 -8.21882e-20 4.58386 0 0 0 1 
			24 23
			1 -0 0 0 0 1 0 0 -0 -0 1 -0 0 0 0 1 
	</skeleton>
		<animations>
			33
			0
				-1
				-0.573575 0.819153 0 3.33786e-06 -0.819153 -0.573575 -0 8.68908e-07 -0 -0 1 -41.4958 0 0 0 1 
				0
				-0.573575 0.819153 0 0.141591 -0.819153 -0.573575 -0 -2.43327 -0 -0 1 -39.4015 0 0 0 1 
				1
				-0.573575 0.819153 -3.53493e-33 0.381893 -0.819153 -0.573575 -5.04842e-33 -5.21937 -6.16298e-33 -0 1 -37.0306 0 0 0 1 
				2
				-0.573575 0.819153 0 0.433808 -0.819153 -0.573575 -0 -7.33213 -0 -0 1 -35.1874 0 0 0 1 
				3
				-0.573575 0.819153 0 0.0102315 -0.819153 -0.573575 -0 -7.74538 -0 -0 1 -34.676 0 0 0 1 
				4
				-0.573577 0.819152 -1.53678e-08 -0.944231 -0.819135 -0.573565 -0.00631946 -6.28837 -0.00517661 -0.00362468 0.99998 -35.54 0 0 0 1 
				5
				-0.573576 0.819152 -2.15231e-08 -2.21998 -0.818957 -0.57344 -0.0218149 -3.7226 -0.0178697 -0.0125125 0.999762 -37.1418 0 0 0 1 
				6
				-0.573576 0.819152 -1.23194e-09 -3.67989 -0.818465 -0.573096 -0.0409383 -0.514264 -0.0335347 -0.0234813 0.999162 -39.1953 0 0 0 1 
				7
				-0.573575 0.819153 4.0264e-09 -5.18685 -0.817767 -0.572605 -0.0581448 2.87046 -0.0476295 -0.0333504 0.998308 -41.4142 0 0 0 1 
				8
				-0.573573 0.819154 -3.09515e-08 -6.60806 -0.817254 -0.572242 -0.0680805 5.98004 -0.0557685 -0.0390491 0.99768 -43.5214 0 0 0 1 
				9
				-0.57357 0.819156 -6.25149e-08 -7.81072 -0.817402 -0.572342 -0.065403 8.36299 -0.0535753 -0.0375132 0.997859 -45.2396 0 0 0 1 
				10
				-0.573564 0.819161 3.85513e-07 -8.65771 -0.818347 -0.572994 -0.0445711 9.55309 -0.0365106 -0.0255647 0.999006 -46.2827 0 0 0 1 
				11
				-0.573575 0.819153 0 -9.01192 -0.819153 -0.573575 -0 9.08417 -0 -0 1 -46.3644 0 0 0 1 
				12
				-0.573765 0.81902 -4.0043e-07 -7.97801 -0.812883 -0.569466 0.122189 3.89086 0.100075 0.0701082 0.992507 -43.8983 0 0 0 1 
				13
				-0.573796 0.818998 -2.75209e-05 -5.47836 -0.77529 -0.543163 0.322334 -6.25278 0.263976 0.184975 0.946626 -38.7706 0 0 0 1 
				14
				-0.573848 0.818962 -7.19367e-05 -2.68493 -0.700611 -0.490874 0.517869 -17.2675 0.424079 0.297228 0.85546 -33.0527 0 0 0 1 
				15
				-0.573576 0.819153 2.6853e-07 -0.769677 -0.627507 -0.439384 0.642788 -25.0739 0.526541 0.368687 0.766044 -28.8163 0 0 0 1 
				16
				-0.573511 0.819198 1.38624e-05 -0.0430549 -0.587871 -0.411574 0.69643 -28.6422 0.57052 0.399402 0.717624 -26.5124 0 0 0 1 
				17
				-0.573555 0.819167 4.94166e-06 0.10476 -0.571289 -0.400003 0.716677 -30.0802 0.587081 0.411051 0.697405 -25.0914 0 0 0 1 
				18
				-0.573575 0.819153 7.81495e-07 -0.0249563 -0.569159 -0.398528 0.71919 -30.332 0.589127 0.412508 0.694814 -24.2226 0 0 0 1 
				19
				-0.573575 0.819153 -9.0476e-08 -0.130928 -0.570743 -0.399637 0.717316 -30.3414 0.587591 0.411435 0.696748 -23.5752 0 0 0 1 
				20
				-0.573574 0.819153 1.96067e-07 -0.231787 -0.572771 -0.401057 0.714904 -30.3227 0.585616 0.41005 0.699223 -22.9566 0 0 0 1 
				21
				-0.573567 0.819159 2.20182e-06 -0.455758 -0.580986 -0.406802 0.704959 -29.7952 0.577474 0.40434 0.709248 -22.5694 0 0 0 1 
				22
				-0.573553 0.819169 4.77275e-06 -0.677001 -0.598494 -0.419048 0.682791 -28.5899 0.559323 0.391614 0.730613 -22.7155 0 0 0 1 
				23
				-0.573576 0.819153 4.04876e-07 -0.769677 -0.627507 -0.439385 0.642788 -26.5377 0.526541 0.368687 0.766045 -23.697 0 0 0 1 
				24
				-0.573583 0.819147 -1.40631e-06 -0.738838 -0.663503 -0.464597 0.586441 -23.8249 0.480381 0.336374 0.809992 -25.3612 0 0 0 1 
				25
				-0.57358 0.81915 -2.0908e-06 -0.673218 -0.699721 -0.489953 0.51994 -20.7906 0.425907 0.298228 0.854203 -27.3238 0 0 0 1 
				26
				-0.573577 0.819152 -4.14319e-06 -0.580942 -0.733835 -0.513835 0.444364 -17.5098 0.363999 0.25488 0.895846 -29.5149 0 0 0 1 
				27
				-0.573575 0.819153 -4.9619e-08 -0.470136 -0.763816 -0.534828 0.361308 -14.0576 0.295967 0.207237 0.932446 -31.8649 0 0 0 1 
				28
				-0.573575 0.819153 5.02513e-06 -0.348667 -0.788083 -0.551821 0.272799 -10.5068 0.223467 0.156467 0.962071 -34.3064 0 0 0 1 
				29
				-0.573577 0.819152 2.78596e-07 -0.224404 -0.805584 -0.564076 0.181252 -6.9302 0.148473 0.103962 0.983437 -36.7718 0 0 0 1 
				30
				-0.573579 0.81915 -4.45348e-06 -0.105472 -0.815871 -0.571283 0.0893864 -3.40288 0.0732184 0.0512738 0.995997 -39.1915 0 0 0 1 
				31
				-0.573575 0.819153 0 3.33786e-06 -0.819153 -0.573575 -0 8.68908e-07 -0 -0 1 -41.4958 0 0 0 1 
		</Joint>
			1
				-1
				1.33158e-06 -0.573574 -0.819154 3.33786e-06 0 -0.819154 0.573574 8.68908e-07 -1 -7.6376e-07 -1.09077e-06 -41.4958 0 0 0 1 
				0
				1.33158e-06 -0.573574 -0.819154 0.141591 0 -0.819154 0.573574 -2.43327 -1 -7.6376e-07 -1.09077e-06 -39.4015 0 0 0 1 
				1
				1.33158e-06 -0.573574 -0.819154 0.381893 0 -0.819154 0.573574 -5.21937 -1 -7.6376e-07 -1.09077e-06 -37.0306 0 0 0 1 
				2
				1.33158e-06 -0.573574 -0.819154 0.433808 0 -0.819154 0.573574 -7.33213 -1 -7.6376e-07 -1.09077e-06 -35.1874 0 0 0 1 
				3
				1.33158e-06 -0.573574 -0.819154 0.0102315 0 -0.819154 0.573574 -7.74538 -1 -7.6376e-07 -1.09077e-06 -34.676 0 0 0 1 
				4
				-7.48396e-07 -0.573576 -0.819153 -0.944231 0.00631837 -0.819136 0.573564 -6.28837 -0.99998 -0.00517528 0.00362468 -35.54 0 0 0 1 
				5
				-7.4224e-07 -0.573575 -0.819153 -2.21998 0.0218138 -0.818958 0.573439 -3.7226 -0.999762 -0.0178684 0.0125125 -37.1418 0 0 0 1 
				6
				-7.62531e-07 -0.573575 -0.819153 -3.67989 0.0409372 -0.818466 0.573095 -0.514264 -0.999162 -0.0335334 0.0234812 -39.1953 0 0 0 1 
				7
				-7.67788e-07 -0.573574 -0.819154 -5.18685 0.0581437 -0.817768 0.572604 2.87046 -0.998308 -0.0476282 0.0333504 -41.4142 0 0 0 1 
				8
				-7.32807e-07 -0.573572 -0.819155 -6.60806 0.0680794 -0.817254 0.572241 5.98004 -0.99768 -0.0557672 0.0390491 -43.5214 0 0 0 1 
				9
				-7.0124e-07 -0.573569 -0.819157 -7.81072 0.0654019 -0.817403 0.572341 8.36299 -0.997859 -0.053574 0.0375131 -45.2396 0 0 0 1 
				10
				-1.14926e-06 -0.573563 -0.819161 -8.65771 0.04457 -0.818347 0.572993 9.55309 -0.999006 -0.0365094 0.0255646 -46.2827 0 0 0 1 
				11
				1.33158e-06 -0.573574 -0.819154 -9.01192 0 -0.819154 0.573574 9.08417 -1 -7.6376e-07 -1.09077e-06 -46.3644 0 0 0 1 
				12
				-3.63585e-07 -0.573764 -0.819021 -7.97801 -0.12219 -0.812883 0.569465 3.89086 -0.992507 0.100076 -0.0701081 -43.8983 0 0 0 1 
				13
				2.67568e-05 -0.573795 -0.818999 -5.47836 -0.322335 -0.77529 0.543162 -6.25278 -0.946626 0.263977 -0.184975 -38.7706 0 0 0 1 
				14
				7.11726e-05 -0.573847 -0.818962 -2.68493 -0.51787 -0.700611 0.490873 -17.2675 -0.855459 0.424081 -0.297228 -33.0527 0 0 0 1 
				15
				-1.03229e-06 -0.573574 -0.819153 -0.769677 -0.642788 -0.627507 0.439384 -25.0739 -0.766044 0.526543 -0.368686 -28.8163 0 0 0 1 
				16
				-1.46261e-05 -0.57351 -0.819198 -0.0430549 -0.696431 -0.58787 0.411573 -28.6422 -0.717624 0.570521 -0.399402 -26.5124 0 0 0 1 
				17
				-5.70539e-06 -0.573554 -0.819168 0.10476 -0.716678 -0.571289 0.400002 -30.0802 -0.697404 0.587082 -0.41105 -25.0914 0 0 0 1 
				18
				-1.54526e-06 -0.573573 -0.819154 -0.0249563 -0.719191 -0.569158 0.398527 -30.332 -0.694813 0.589129 -0.412508 -24.2226 0 0 0 1 
				19
				-6.73285e-07 -0.573574 -0.819154 -0.130928 -0.717317 -0.570743 0.399636 -30.3414 -0.696747 0.587593 -0.411434 -23.5752 0 0 0 1 
				20
				-9.59828e-07 -0.573573 -0.819154 -0.231787 -0.714904 -0.572771 0.401056 -30.3227 -0.699222 0.585617 -0.41005 -22.9566 0 0 0 1 
				21
				-2.96557e-06 -0.573566 -0.81916 -0.455758 -0.704959 -0.580986 0.406802 -29.7952 -0.709248 0.577476 -0.404339 -22.5694 0 0 0 1 
				22
				-5.53648e-06 -0.573552 -0.819169 -0.677001 -0.682792 -0.598493 0.419047 -28.5899 -0.730613 0.559325 -0.391613 -22.7155 0 0 0 1 
				23
				-1.16864e-06 -0.573574 -0.819153 -0.769677 -0.642788 -0.627507 0.439384 -26.5377 -0.766044 0.526543 -0.368686 -23.697 0 0 0 1 
				24
				6.42541e-07 -0.573582 -0.819148 -0.738838 -0.586442 -0.663503 0.464596 -23.8249 -0.809991 0.480383 -0.336373 -25.3612 0 0 0 1 
				25
				1.32703e-06 -0.573579 -0.819151 -0.673218 -0.519941 -0.699721 0.489952 -20.7906 -0.854202 0.425909 -0.298228 -27.3238 0 0 0 1 
				26
				3.37942e-06 -0.573575 -0.819153 -0.580942 -0.444365 -0.733836 0.513834 -17.5098 -0.895846 0.364001 -0.254879 -29.5149 0 0 0 1 
				27
				-7.14142e-07 -0.573574 -0.819154 -0.470136 -0.361309 -0.763817 0.534827 -14.0576 -0.932446 0.295968 -0.207237 -31.8649 0 0 0 1 
				28
				-5.78889e-06 -0.573574 -0.819154 -0.348667 -0.2728 -0.788083 0.55182 -10.5068 -0.962071 0.223468 -0.156466 -34.3064 0 0 0 1 
				29
				-1.04236e-06 -0.573575 -0.819153 -0.224404 -0.181253 -0.805585 0.564075 -6.9302 -0.983436 0.148475 -0.103962 -36.7718 0 0 0 1 
				30
				3.68972e-06 -0.573578 -0.819151 -0.105472 -0.0893875 -0.815872 0.571281 -3.40288 -0.995997 0.0732198 -0.0512737 -39.1915 0 0 0 1 
				31
				1.33158e-06 -0.573574 -0.819154 3.33786e-06 0 -0.819154 0.573574 8.68908e-07 -1 -7.6376e-07 -1.09077e-06 -41.4958 0 0 0 1 
		</Joint>
			2
				-1
				-0.000271968 -0.342021 -0.939692 0.0040582 -0.000750183 -0.939692 0.342021 0.0111245 -1 0.00079796 -1.01198e-06 -46.6732 0 0 0 1 
				0
				-0.0364802 -0.340101 -0.939681 0.145622 -0.100213 -0.934322 0.342052 -2.42221 -0.994297 0.106647 1.60527e-06 -44.5801 0 0 0 1 
				1
				-0.0767304 -0.333337 -0.93968 0.385844 -0.210783 -0.915734 0.342054 -5.20853 -0.974517 0.224314 2.97729e-06 -42.2106 0 0 0 1 
				2
				-0.107652 -0.324662 -0.939684 0.437657 -0.295748 -0.89193 0.342044 -7.32157 -0.949181 0.314731 1.02029e-07 -40.3684 0 0 0 1 
				3
				-0.117233 -0.321302 -0.939692 0.0140415 -0.322099 -0.882765 0.342021 -7.73493 -0.939419 0.34277 -1.98315e-06 -39.8574 0 0 0 1 
				4
				-0.106138 -0.325147 -0.939688 -0.940375 -0.28559 -0.895241 0.342025 -6.24506 -0.952456 0.304667 0.00216023 -40.7209 0 0 0 1 
				5
				-0.0842755 -0.331483 -0.93969 -2.21605 -0.210341 -0.915876 0.341947 -3.59882 -0.973989 0.226473 0.00746145 -42.3207 0 0 0 1 
				6
				-0.0551478 -0.337548 -0.939691 -3.67588 -0.110983 -0.933219 0.341737 -0.291264 -0.992291 0.123136 0.0140028 -44.3698 0 0 0 1 
				7
				-0.0226405 -0.341271 -0.939692 -5.1828 -0.00408495 -0.939894 0.341443 3.18262 -0.999735 0.011569 0.0198856 -46.583 0 0 0 1 
				8
				0.00914124 -0.341894 -0.939694 -6.604 0.0931039 -0.93536 0.341223 6.34359 -0.995614 -0.0906084 0.0232813 -48.6857 0 0 0 1 
				9
				0.0360383 -0.340114 -0.939693 -7.80669 0.163835 -0.925571 0.341286 8.71256 -0.985829 -0.166254 0.0223665 -50.4039 0 0 0 1 
				10
				0.0539789 -0.337727 -0.939695 -8.65371 0.192173 -0.919961 0.341673 9.79474 -0.979875 -0.199027 0.0152433 -51.4525 0 0 0 1 
				11
				0.0591231 -0.336872 -0.939692 -9.00793 0.162437 -0.925546 0.342021 9.09513 -0.984946 -0.172862 -5.28633e-07 -51.5397 0 0 0 1 
				12
				0.0304314 -0.340996 -0.939572 -7.97396 -0.0388406 -0.939701 0.339785 3.26936 -0.998782 0.0261534 -0.0418409 -49.0372 0 0 0 1 
				13
				-0.0333676 -0.340793 -0.939546 -5.47418 -0.407561 -0.853715 0.324135 -7.91152 -0.912568 0.393738 -0.110408 -43.6762 0 0 0 1 
				14
				-0.101593 -0.327049 -0.93953 -2.68069 -0.733116 -0.613785 0.292931 -19.9414 -0.672473 0.718544 -0.177409 -37.4903 0 0 0 1 
				15
				-0.14479 -0.309862 -0.939692 -0.766002 -0.887087 -0.38004 0.262002 -28.3973 -0.438305 0.871524 -0.219849 -32.7927 0 0 0 1 
				16
				-0.158443 -0.303008 -0.939724 -0.0395338 -0.929626 -0.27492 0.245387 -32.2446 -0.332703 0.912472 -0.238125 -30.2386 0 0 0 1 
				17
				-0.157834 -0.303398 -0.939701 0.108332 -0.938238 -0.250643 0.238512 -33.7878 -0.307893 0.919308 -0.2451 -28.713 0 0 0 1 
				18
				-0.150037 -0.307358 -0.939691 -0.0213163 -0.932714 -0.271242 0.237642 -34.0523 -0.327924 0.912118 -0.245981 -27.8307 0 0 0 1 
				19
				-0.142061 -0.311122 -0.939692 -0.127237 -0.924461 -0.29763 0.238301 -34.0517 -0.353821 0.902563 -0.245339 -27.1932 0 0 0 1 
				20
				-0.134028 -0.314668 -0.939692 -0.228058 -0.915208 -0.324349 0.239149 -34.0202 -0.380041 0.892066 -0.244515 -26.5873 0 0 0 1 
				21
				-0.122623 -0.319276 -0.939695 -0.451983 -0.897044 -0.369418 0.242573 -33.4407 -0.424588 0.872693 -0.241105 -26.2518 0 0 0 1 
				22
				-0.109682 -0.323932 -0.939701 -0.673185 -0.866907 -0.431321 0.249869 -32.1198 -0.486253 0.84204 -0.233511 -26.5081 0 0 0 1 
				23
				-0.0971614 -0.327931 -0.939692 -0.765789 -0.820801 -0.507583 0.262003 -29.8596 -0.56289 0.796757 -0.219848 -27.6725 0 0 0 1 
				24
				-0.0853972 -0.331198 -0.939689 -0.734903 -0.757914 -0.590606 0.27704 -26.8542 -0.646741 0.735861 -0.200583 -29.5635 0 0 0 1 
				25
				-0.0734845 -0.334039 -0.93969 -0.669247 -0.680263 -0.672225 0.292158 -23.4746 -0.729275 0.660705 -0.177836 -31.7541 0 0 0 1 
				26
				-0.0614475 -0.336458 -0.939691 -0.576931 -0.588386 -0.748279 0.306398 -19.8015 -0.806242 0.571729 -0.151987 -34.1598 0 0 0 1 
				27
				-0.0493171 -0.338447 -0.939692 -0.466122 -0.48388 -0.814956 0.318916 -15.9186 -0.873744 0.470426 -0.123576 -36.6981 0 0 0 1 
				28
				-0.0371126 -0.340001 -0.939692 -0.344661 -0.369277 -0.869115 0.329049 -11.9089 -0.928578 0.359219 -0.0932997 -39.2916 0 0 0 1 
				29
				-0.0248475 -0.341119 -0.939692 -0.220361 -0.247912 -0.908517 0.336358 -7.85785 -0.968464 0.241319 -0.0619933 -41.8663 0 0 0 1 
				30
				-0.012556 -0.341795 -0.93969 -0.101397 -0.1237 -0.932015 0.340656 -3.85464 -0.99224 0.120517 -0.0305776 -44.3496 0 0 0 1 
				31
				-0.000271968 -0.342021 -0.939692 0.0040582 -0.000750183 -0.939692 0.342021 0.0111245 -1 0.00079796 -1.01198e-06 -46.6732 0 0 0 1 
		</Joint>
			3
				-1
				-6.90263e-05 -0.0871567 -0.996195 0.00104358 -0.000795174 -0.996194 0.0871567 0.0117653 -1 0.000798164 -5.41151e-07 -61.5551 0 0 0 1 
				0
				-0.0451092 -0.0810163 -0.995691 -0.396313 -0.204597 -0.974829 0.088588 -3.90202 -0.977806 0.207712 0.0273981 -59.3795 0 0 0 1 
				1
				-0.0922109 -0.0597034 -0.993948 -0.755341 -0.423006 -0.901302 0.0933817 -8.33469 -0.901423 0.429056 0.057855 -56.7183 0 0 0 1 
				2
				-0.124125 -0.0331155 -0.991714 -1.16402 -0.579129 -0.809141 0.0995039 -11.7133 -0.805731 0.586681 0.0812564 -54.501 0 0 0 1 
				3
				-0.132935 -0.0230647 -0.990856 -1.73033 -0.624627 -0.774257 0.101824 -12.5192 -0.769526 0.632451 0.088519 -53.8452 0 0 0 1 
				4
				-0.122668 -0.0345912 -0.991845 -2.51949 -0.566694 -0.818006 0.0986155 -10.4855 -0.814746 0.574169 0.0807409 -54.902 0 0 0 1 
				5
				-0.100407 -0.0539728 -0.993481 -3.46958 -0.442975 -0.891675 0.0932117 -6.71852 -0.890894 0.449447 0.0656219 -56.8208 0 0 0 1 
				6
				-0.067526 -0.0729461 -0.995047 -4.49572 -0.268413 -0.959226 0.0885352 -1.93154 -0.960934 0.273062 0.045193 -59.1402 0 0 0 1 
				7
				-0.0280423 -0.0847792 -0.996005 -5.51873 -0.0692782 -0.993836 0.0865451 3.1336 -0.997203 0.0714283 0.0219961 -61.4617 0 0 0 1 
				8
				0.0117377 -0.0867407 -0.996162 -6.46694 0.120314 -0.98887 0.0875234 7.74087 -0.992666 -0.12088 -0.0011709 -63.5008 0 0 0 1 
				9
				0.0450949 -0.0809889 -0.995694 -7.26941 0.267148 -0.95943 0.0901384 11.1621 -0.9626 -0.270063 -0.0216293 -65.0717 0 0 0 1 
				10
				0.066663 -0.0733693 -0.995074 -7.84953 0.344668 -0.934208 0.0919718 12.6657 -0.936354 -0.349102 -0.036989 -66.0308 0 0 0 1 
				11
				0.0726954 -0.0706348 -0.99485 -8.12723 0.33054 -0.939409 0.0908516 11.5236 -0.940988 -0.335442 -0.044943 -66.1936 0 0 0 1 
				12
				0.0382579 -0.083222 -0.995796 -7.5201 0.0505359 -0.99509 0.0851045 2.70312 -0.997989 -0.0535794 -0.0338643 -63.9003 0 0 0 1 
				13
				-0.0413382 -0.082553 -0.995729 -5.96978 -0.493595 -0.864792 0.0921893 -13.9666 -0.868709 0.495298 -0.00499886 -57.2628 0 0 0 1 
				14
				-0.118423 -0.0395842 -0.992174 -4.19211 -0.898264 -0.421589 0.124034 -30.8465 -0.423199 0.905923 0.0143688 -47.5086 0 0 0 1 
				15
				-0.154745 0.0102708 -0.987901 -2.92087 -0.987801 -0.0192153 0.154529 -41.5986 -0.0173957 0.999763 0.013119 -39.3274 0 0 0 1 
				16
				-0.163162 0.0293729 -0.986162 -2.39782 -0.976422 0.13839 0.165673 -46.0808 0.141341 0.989942 0.0061003 -35.2016 0 0 0 1 
				17
				-0.162865 0.0283993 -0.986239 -2.24087 -0.972724 0.162718 0.165319 -47.7524 0.165174 0.986264 0.00112356 -33.3067 0 0 0 1 
				18
				-0.158207 0.0173689 -0.987253 -2.25436 -0.980213 0.117704 0.159149 -47.9342 0.118968 0.992897 -0.00159628 -32.7226 0 0 0 1 
				19
				-0.15285 0.0066715 -0.988227 -2.24146 -0.986051 0.0656213 0.152957 -47.8102 0.0658691 0.997822 -0.0034518 -32.4706 0 0 0 1 
				20
				-0.146919 -0.00355178 -0.989142 -2.22261 -0.989075 0.0127111 0.146864 -47.6404 0.0120514 0.999913 -0.00538048 -32.2549 0 0 0 1 
				21
				-0.137638 -0.0170694 -0.990335 -2.27664 -0.987823 -0.0708494 0.13851 -46.7896 -0.0725289 0.997341 -0.00710998 -32.5823 0 0 0 1 
				22
				-0.126018 -0.0309901 -0.991544 -2.30509 -0.975357 -0.178597 0.129543 -45.0189 -0.181101 0.983434 -0.00772 -33.7562 0 0 0 1 
				23
				-0.113822 -0.0430607 -0.992567 -2.21122 -0.945321 -0.302651 0.121534 -42.0711 -0.305635 0.952128 -0.00625801 -36.0606 0 0 0 1 
				24
				-0.101604 -0.0530809 -0.993408 -2.00515 -0.893942 -0.433287 0.114583 -38.1282 -0.436513 0.899691 -0.0034274 -39.1989 0 0 0 1 
				25
				-0.08859 -0.0619152 -0.994142 -1.7621 -0.819724 -0.56247 0.108078 -33.5915 -0.565866 0.824496 -0.000924141 -42.6169 0 0 0 1 
				26
				-0.0748862 -0.0695064 -0.994767 -1.49056 -0.722419 -0.683866 0.102167 -28.5497 -0.687388 0.726289 0.000999349 -46.1668 0 0 0 1 
				27
				-0.0606099 -0.0757947 -0.99528 -1.19916 -0.603645 -0.791327 0.0970232 -23.1102 -0.794946 0.606677 0.00220913 -49.7082 0 0 0 1 
				28
				-0.0458716 -0.0807338 -0.99568 -0.89601 -0.466764 -0.879498 0.0928174 -17.394 -0.883192 0.469005 0.00266037 -53.1162 0 0 0 1 
				29
				-0.0307807 -0.0842913 -0.995965 -0.58914 -0.316628 -0.944298 0.0897041 -11.5361 -0.94805 0.318112 0.00237714 -56.2826 0 0 0 1 
				30
				-0.0154687 -0.0864389 -0.996137 -0.287229 -0.159178 -0.983338 0.0878001 -5.68387 -0.987129 0.159921 0.00145179 -59.1179 0 0 0 1 
				31
				-6.90263e-05 -0.0871567 -0.996195 0.00104358 -0.000795174 -0.996194 0.0871567 0.0117653 -1 0.000798164 -5.41151e-07 -61.5551 0 0 0 1 
		</Joint>
			4
				-1
				-6.90263e-05 -0.0871567 -0.996195 0.000250666 -0.000795174 -0.996194 0.0871567 0.00261004 -1 0.000798164 -5.41158e-07 -76.437 0 0 0 1 
				0
				-0.0451092 -0.0810163 -0.995691 -1.06741 -0.204597 -0.974829 0.088588 -6.94419 -0.977806 0.207712 0.0273981 -73.9317 0 0 0 1 
				1
				-0.0922109 -0.0597034 -0.993948 -2.12745 -0.423006 -0.901302 0.0933817 -14.6274 -0.901423 0.429056 0.057855 -70.1343 0 0 0 1 
				2
				-0.124125 -0.0331155 -0.991714 -3.01114 -0.579129 -0.809141 0.0995039 -20.3296 -0.805731 0.586681 0.0812564 -66.4934 0 0 0 1 
				3
				-0.132935 -0.0230647 -0.990856 -3.70859 -0.624627 -0.774257 0.101824 -21.8127 -0.769526 0.632451 0.088519 -65.2989 0 0 0 1 
				4
				-0.122668 -0.0345912 -0.991845 -4.34494 -0.566694 -0.818006 0.0986155 -18.9167 -0.814746 0.574169 0.0807409 -67.0285 0 0 0 1 
				5
				-0.100407 -0.0539728 -0.993481 -4.96369 -0.442975 -0.891675 0.0932117 -13.3084 -0.890894 0.449447 0.0656219 -70.0802 0 0 0 1 
				6
				-0.067526 -0.0729461 -0.995047 -5.50044 -0.268413 -0.959226 0.0885352 -5.92346 -0.960934 0.273062 0.045193 -73.4414 0 0 0 1 
				7
				-0.0280423 -0.0847792 -0.996005 -5.93582 -0.0692782 -0.993836 0.0865451 2.10528 -0.997203 0.0714283 0.0219961 -76.3022 0 0 0 1 
				8
				0.0117377 -0.0867407 -0.996162 -6.29202 0.120314 -0.98887 0.0875234 9.53403 -0.992666 -0.12088 -0.0011709 -78.2733 0 0 0 1 
				9
				0.0450949 -0.0809889 -0.995694 -6.59809 0.267148 -0.95943 0.0901384 15.1403 -0.9626 -0.270063 -0.0216293 -79.3963 0 0 0 1 
				10
				0.066663 -0.0733693 -0.995074 -6.85727 0.344668 -0.934208 0.0919718 17.7975 -0.936354 -0.349102 -0.036989 -79.9646 0 0 0 1 
				11
				0.0726954 -0.0706348 -0.99485 -7.0452 0.33054 -0.939409 0.0908516 16.4452 -0.940988 -0.335442 -0.044943 -80.1964 0 0 0 1 
				12
				0.0382579 -0.083222 -0.995796 -6.95053 0.0505359 -0.99509 0.0851045 3.45787 -0.997989 -0.0535794 -0.0338643 -78.7521 0 0 0 1 
				13
				-0.0413382 -0.082553 -0.995729 -6.58475 -0.493595 -0.864792 0.0921893 -21.3098 -0.868709 0.495298 -0.00499886 -70.1922 0 0 0 1 
				14
				-0.118423 -0.0395842 -0.992174 -5.95436 -0.898264 -0.421589 0.124034 -44.2133 -0.423199 0.905923 0.0143688 -53.8091 0 0 0 1 
				15
				-0.154745 0.0102708 -0.987901 -5.2238 -0.987801 -0.0192153 0.154529 -56.2989 -0.0173957 0.999762 0.013119 -39.589 0 0 0 1 
				16
				-0.163162 0.0293729 -0.986162 -4.82606 -0.976422 0.13839 0.165673 -60.6122 0.141341 0.989942 0.0061003 -33.1009 0 0 0 1 
				17
				-0.162865 0.0283994 -0.986239 -4.66468 -0.972724 0.162718 0.165319 -62.2288 0.165174 0.986264 0.00112356 -30.8513 0 0 0 1 
				18
				-0.158207 0.0173689 -0.987253 -4.60882 -0.980213 0.117704 0.159149 -62.522 0.118968 0.992897 -0.00159628 -30.9548 0 0 0 1 
				19
				-0.152851 0.0066715 -0.988227 -4.51618 -0.986051 0.0656213 0.152957 -62.4846 0.0658691 0.997822 -0.0034518 -31.493 0 0 0 1 
				20
				-0.146919 -0.00355178 -0.989142 -4.40904 -0.989075 0.0127111 0.146864 -62.3597 0.0120514 0.999913 -0.00538048 -32.0783 0 0 0 1 
				21
				-0.137638 -0.0170694 -0.990335 -4.3249 -0.987823 -0.0708494 0.13851 -61.49 -0.0725289 0.997341 -0.00710997 -33.6643 0 0 0 1 
				22
				-0.126018 -0.0309901 -0.991544 -4.18039 -0.975357 -0.178597 0.129543 -59.5336 -0.181101 0.983434 -0.00771999 -36.4539 0 0 0 1 
				23
				-0.113822 -0.0430607 -0.992567 -3.90499 -0.945321 -0.302651 0.121534 -56.1384 -0.305635 0.952128 -0.00625801 -40.6116 0 0 0 1 
				24
				-0.101604 -0.0530809 -0.993408 -3.51707 -0.893942 -0.433287 0.114583 -51.4306 -0.436513 0.899691 -0.0034274 -45.6975 0 0 0 1 
				25
				-0.0885901 -0.0619152 -0.994142 -3.08032 -0.819724 -0.56247 0.108078 -45.789 -0.565866 0.824496 -0.000924137 -51.0402 0 0 0 1 
				26
				-0.0748862 -0.0695064 -0.994767 -2.60482 -0.722419 -0.683866 0.102167 -39.2989 -0.687388 0.726289 0.000999352 -56.3984 0 0 0 1 
				27
				-0.0606099 -0.0757947 -0.99528 -2.10094 -0.603645 -0.791327 0.0970232 -32.0915 -0.794946 0.606677 0.00220913 -61.5402 0 0 0 1 
				28
				-0.0458716 -0.0807338 -0.99568 -1.57845 -0.466764 -0.879498 0.0928174 -24.338 -0.883192 0.469005 0.00266037 -66.261 0 0 0 1 
				29
				-0.0307807 -0.0842913 -0.995965 -1.04699 -0.316628 -0.944298 0.0897041 -16.2456 -0.94805 0.318112 0.00237714 -70.3922 0 0 0 1 
				30
				-0.0154687 -0.0864389 -0.996137 -0.5172 -0.159178 -0.983338 0.0878 -8.05009 -0.987129 0.159921 0.00145179 -73.8086 0 0 0 1 
				31
				-6.90263e-05 -0.0871567 -0.996195 0.000250666 -0.000795174 -0.996194 0.0871567 0.00261004 -1 0.000798164 -5.41158e-07 -76.437 0 0 0 1 
		</Joint>
			5
				-1
				0.996195 0.0871567 2.45679e-06 1.59826 -0.0871567 0.996194 2.20616e-06 -0.139894 -2.25516e-06 -2.41189e-06 1 -76.437 0 0 0 1 
				0
				0.995691 0.0810522 0.0450475 0.529811 -0.0885885 0.974992 0.203821 -7.08893 -0.0274009 -0.206933 0.977971 -73.9751 0 0 0 1 
				1
				0.993948 0.0597767 0.0921662 -0.532976 -0.0933829 0.901639 0.422288 -14.7796 -0.0578576 -0.428339 0.901764 -70.226 0 0 0 1 
				2
				0.991713 0.0332142 0.124101 -1.42018 -0.0995055 0.809601 0.578484 -20.4914 -0.0812587 -0.586039 0.806198 -66.6222 0 0 0 1 
				3
				0.990856 0.0231705 0.132919 -2.11898 -0.101826 0.774753 0.62401 -21.9782 -0.0885212 -0.631838 0.770028 -65.4392 0 0 0 1 
				4
				0.991844 0.0346888 0.122644 -2.75377 -0.0986171 0.818456 0.566042 -19.0772 -0.0807432 -0.573521 0.815202 -67.1565 0 0 0 1 
				5
				0.993481 0.0540527 0.100367 -3.36994 -0.0932129 0.892027 0.442265 -13.4604 -0.0656244 -0.448737 0.891251 -70.1842 0 0 0 1 
				6
				0.995047 0.0729999 0.0674707 -3.90424 -0.0885361 0.95944 0.26765 -6.06807 -0.0451957 -0.272298 0.961151 -73.5132 0 0 0 1 
				7
				0.996005 0.0848015 0.0279776 -4.33811 -0.0865453 0.993891 0.0684871 1.96377 -0.0219989 -0.0706348 0.99726 -76.3373 0 0 0 1 
				8
				0.996162 0.0867314 -0.0118039 -4.69407 -0.0875231 0.988774 -0.121101 9.39096 0.00116813 0.121669 0.99257 -78.2717 0 0 0 1 
				9
				0.995694 0.080953 -0.0451565 -5.00087 -0.0901376 0.959217 -0.267912 14.9932 0.0216266 0.270829 0.962385 -79.3623 0 0 0 1 
				10
				0.995074 0.0733161 -0.0667185 -5.26102 -0.0919707 0.933933 -0.345412 17.6475 0.0369864 0.349847 0.936076 -79.9061 0 0 0 1 
				11
				0.99485 0.0705769 -0.0727488 -5.4493 -0.0908507 0.939146 -0.331288 16.2969 0.0449404 0.336191 0.940721 -80.1252 0 0 0 1 
				12
				0.995796 0.0831915 -0.0383213 -5.35315 -0.0851043 0.995049 -0.051328 3.31866 0.0338615 0.0543735 0.997946 -78.6979 0 0 0 1 
				13
				0.995729 0.0825859 0.0412753 -4.98747 -0.0921906 0.865184 0.492907 -21.4601 0.00499643 -0.494607 0.869102 -70.1828 0 0 0 1 
				14
				0.992174 0.0396784 0.118394 -4.36268 -0.124036 0.422304 0.897928 -44.4134 -0.01437 -0.905585 0.42392 -53.8297 0 0 0 1 
				15
				0.9879 -0.0101477 0.154756 -3.63883 -0.154532 0.0200014 0.987785 -56.5469 -0.013119 -0.999748 0.0181912 -39.6073 0 0 0 1 
				16
				0.986161 -0.029243 0.163188 -3.24383 -0.165676 -0.137613 0.976532 -60.8776 -0.0060999 -0.990054 -0.140553 -33.108 0 0 0 1 
				17
				0.986239 -0.0282697 0.16289 -3.08234 -0.165322 -0.161944 0.972853 -62.4936 -0.0011231 -0.986395 -0.164389 -30.8504 0 0 0 1 
				18
				0.987252 -0.017243 0.158223 -3.02487 -0.159152 -0.116924 0.980306 -62.777 0.00159661 -0.992991 -0.118178 -30.9496 0 0 0 1 
				19
				0.988226 -0.00654986 0.152859 -2.9307 -0.15296 -0.0648366 0.986103 -62.7299 0.00345199 -0.997874 -0.0650751 -31.4848 0 0 0 1 
				20
				0.989141 0.00366869 0.146919 -2.82212 -0.146866 -0.011924 0.989084 -62.5953 0.00538051 -0.999922 -0.0112557 -32.0669 0 0 0 1 
				21
				0.990335 0.0171789 0.137627 -2.73611 -0.138513 0.0716354 0.987766 -61.7124 0.00710977 -0.997283 0.0733226 -33.6502 0 0 0 1 
				22
				0.991543 0.0310904 0.125996 -2.5897 -0.129545 0.179373 0.975214 -59.7419 0.00771949 -0.98329 0.181884 -36.4389 0 0 0 1 
				23
				0.992567 0.0431512 0.11379 -2.31268 -0.121536 0.303403 0.94508 -56.3342 0.00625716 -0.951884 0.306392 -40.599 0 0 0 1 
				24
				0.993407 0.0531618 0.101565 -1.92344 -0.114586 0.433999 0.893597 -51.6156 0.00342618 -0.899343 0.437229 -45.6896 0 0 0 1 
				25
				0.994142 0.0619856 0.0885435 -1.48554 -0.10808 0.563122 0.819276 -45.9639 0.000922555 -0.824046 0.566522 -51.0365 0 0 0 1 
				26
				0.994766 0.069566 0.0748337 -1.00906 -0.102169 0.68444 0.721874 -39.4646 -0.00100127 -0.725742 0.687966 -56.398 0 0 0 1 
				27
				0.995279 0.0758429 0.0605523 -0.504371 -0.0970249 0.791807 0.603015 -32.2493 -0.00221135 -0.606044 0.795428 -61.5421 0 0 0 1 
				28
				0.995679 0.0807702 0.0458101 0.0187498 -0.0928187 0.879869 0.466063 -24.4892 -0.00266284 -0.468302 0.883564 -66.264 0 0 0 1 
				29
				0.995965 0.0843157 0.0307164 0.55066 -0.089705 0.94455 0.315876 -16.392 -0.00237979 -0.317357 0.948303 -70.3952 0 0 0 1 
				30
				0.996137 0.0864511 0.0154027 1.08072 -0.0878005 0.983464 0.158395 -8.19359 -0.00145455 -0.159135 0.987255 -73.8105 0 0 0 1 
				31
				0.996195 0.0871567 2.45679e-06 1.59826 -0.0871567 0.996194 2.20616e-06 -0.139894 -2.25516e-06 -2.41189e-06 1 -76.437 0 0 0 1 
		</Joint>
			6
				-1
				0.112922 -0.0327949 -0.993063 9.04144 0.148165 0.988836 -0.0158075 -0.791095 0.982495 -0.145352 0.11652 -76.437 0 0 0 1 
				0
				0.115393 -0.043189 -0.99238 7.96923 0.237559 0.971263 -0.0146467 -7.75083 0.964494 -0.234059 0.122337 -74.1798 0 0 0 1 
				1
				0.116029 -0.0571467 -0.9916 6.89341 0.369043 0.929354 -0.0103769 -15.4773 0.922141 -0.364739 0.128922 -70.6583 0 0 0 1 
				2
				0.0960764 -0.0652649 -0.993232 5.98952 0.436516 0.899538 -0.0168837 -21.2349 0.894552 -0.431939 0.114914 -67.2293 0 0 0 1 
				3
				0.100584 -0.0609011 -0.993063 5.28431 0.399046 0.916794 -0.0158057 -22.739 0.911397 -0.394688 0.116517 -66.1006 0 0 0 1 
				4
				0.109455 -0.041612 -0.99312 4.65691 0.223338 0.974606 -0.0162215 -19.814 0.968576 -0.220026 0.115969 -67.7598 0 0 0 1 
				5
				0.116262 -0.0107096 -0.993161 4.05296 -0.0586577 0.998122 -0.0176298 -14.1568 0.991485 0.0603062 0.115416 -70.6745 0 0 0 1 
				6
				0.11333 0.0265745 -0.993202 3.53037 -0.385577 0.922473 -0.0193145 -6.72958 0.915689 0.385145 0.11479 -73.8509 0 0 0 1 
				7
				0.0983381 0.062113 -0.993213 3.10365 -0.674761 0.737747 -0.0206713 1.31713 0.731455 0.672214 0.11446 -76.5017 0 0 0 1 
				8
				0.0753617 0.088785 -0.993196 2.74886 -0.866951 0.497939 -0.0212701 8.73702 0.492663 0.862655 0.114498 -78.263 0 0 0 1 
				9
				0.0526075 0.104213 -0.993163 2.43857 -0.957158 0.288847 -0.0203916 14.3197 0.284747 0.951686 0.114944 -79.2007 0 0 0 1 
				10
				0.0391101 0.110417 -0.993115 2.17379 -0.981722 0.189504 -0.017592 16.9603 0.186256 0.975652 0.11581 -79.6298 0 0 0 1 
				11
				0.041718 0.109882 -0.993069 1.98383 -0.966408 0.256723 -0.0121918 15.6181 0.253604 0.960218 0.116901 -79.7894 0 0 0 1 
				12
				0.0976804 0.0857321 -0.991518 2.08706 -0.664142 0.747606 -0.000786492 2.6828 0.741198 0.658586 0.129965 -78.4449 0 0 0 1 
				13
				0.0463479 -0.0212779 -0.998699 2.45223 0.379006 0.925392 -0.00212709 -22.1489 0.924233 -0.378414 0.0509544 -70.1455 0 0 0 1 
				14
				0.0751645 -0.113129 -0.990733 3.05046 0.996305 -0.0328851 0.0793423 -45.3401 -0.0415562 -0.993036 0.110239 -53.9371 0 0 0 1 
				15
				-0.031979 -0.113098 -0.993069 3.74237 0.646035 -0.760466 0.0658035 -57.7015 -0.762637 -0.639453 0.0973839 -39.7054 0 0 0 1 
				16
				-0.0609427 -0.100642 -0.993054 4.12438 0.355764 -0.931752 0.0725967 -62.1155 -0.932586 -0.348869 0.0925884 -33.1536 0 0 0 1 
				17
				-0.0658952 -0.0972179 -0.993079 4.28646 0.278376 -0.957518 0.0752651 -63.7289 -0.958209 -0.27149 0.0901591 -30.8588 0 0 0 1 
				18
				-0.0601341 -0.100761 -0.993091 4.35149 0.328786 -0.941373 0.0756047 -63.9661 -0.942488 -0.321968 0.0897374 -30.9376 0 0 0 1 
				19
				-0.0537311 -0.104306 -0.993092 4.45294 0.389342 -0.918006 0.0753544 -63.8727 -0.919524 -0.382604 0.0899362 -31.459 0 0 0 1 
				20
				-0.0470483 -0.107459 -0.993095 4.56836 0.449077 -0.890334 0.0750642 -63.6926 -0.892254 -0.442444 0.0901459 -32.0267 0 0 0 1 
				21
				-0.0348944 -0.111998 -0.993095 4.66329 0.556365 -0.827655 0.0737914 -62.7474 -0.830205 -0.549949 0.0911924 -33.5971 0 0 0 1 
				22
				-0.0190153 -0.115825 -0.993087 4.81873 0.688913 -0.721363 0.0709421 -60.7098 -0.724594 -0.682802 0.0935101 -36.3812 0 0 0 1 
				23
				-0.00161741 -0.117522 -0.993069 5.1034 0.820845 -0.567347 0.065804 -57.2423 -0.571148 -0.81505 0.0973847 -40.5522 0 0 0 1 
				24
				0.0161186 -0.116634 -0.993044 5.49892 0.927112 -0.370185 0.0585269 -52.4717 -0.374436 -0.921607 0.102166 -45.664 0 0 0 1 
				25
				0.0342108 -0.112847 -0.993023 5.9423 0.98901 -0.139176 0.0498885 -46.7714 -0.143835 -0.983817 0.106845 -51.0296 0 0 0 1 
				26
				0.05199 -0.10597 -0.993009 6.42345 0.992947 0.111576 0.0400798 -40.228 0.106549 -0.988089 0.111024 -56.4055 0 0 0 1 
				27
				0.0687885 -0.0960426 -0.992997 6.93197 0.931327 0.362995 0.0294076 -32.9742 0.357628 -0.926828 0.114417 -61.5586 0 0 0 1 
				28
				0.0838346 -0.083262 -0.992995 7.45808 0.80434 0.593893 0.0181097 -25.1828 0.588225 -0.800224 0.11676 -66.2839 0 0 0 1 
				29
				0.0963163 -0.0680115 -0.993024 7.99213 0.620377 0.784277 0.00645765 -17.0622 0.778367 -0.616672 0.117731 -70.413 0 0 0 1 
				30
				0.105908 -0.0509347 -0.99307 8.52346 0.39497 0.91868 -0.00499682 -8.8496 0.912569 -0.391704 0.117413 -73.8214 0 0 0 1 
				31
				0.112922 -0.0327959 -0.993063 9.04144 0.148165 0.988836 -0.0158084 -0.791095 0.982495 -0.145352 0.11652 -76.437 0 0 0 1 
		</Joint>
			7
				-1
				-0.0189879 0.116044 -0.993063 10.7801 -0.95636 -0.291761 -0.0158076 1.49025 -0.291572 0.949425 0.11652 -61.3092 0 0 0 1 
				0
				0.0212468 0.121365 -0.99238 9.74597 -0.998378 0.0550176 -0.0146467 -4.09306 0.0528208 0.991082 0.122337 -59.3292 0 0 0 1 
				1
				0.0672778 0.110464 -0.9916 8.67996 -0.892694 0.450543 -0.0103769 -9.79508 0.445612 0.885894 0.128922 -56.4598 0 0 0 1 
				2
				0.0933271 0.0691391 -0.993232 7.46884 -0.704962 0.709044 -0.0168837 -14.5137 0.703077 0.701767 0.114914 -53.4556 0 0 0 1 
				3
				0.102548 0.0575321 -0.993063 6.83304 -0.60126 0.798897 -0.0158057 -16.5947 0.792445 0.59871 0.116517 -52.0676 0 0 0 1 
				4
				0.0985312 0.0632735 -0.99312 6.34222 -0.650899 0.75899 -0.0162215 -16.3752 0.752742 0.64802 0.115969 -52.8463 0 0 0 1 
				5
				0.0863128 0.0786239 -0.993161 5.84309 -0.776554 0.629804 -0.0176294 -15.06 0.624111 0.772764 0.115416 -55.4083 0 0 0 1 
				6
				0.0655275 0.0962082 -0.993202 5.27535 -0.907816 0.418923 -0.0193144 -12.6664 0.414217 0.90291 0.11479 -59.7518 0 0 0 1 
				7
				0.0388324 0.109638 -0.993213 4.61779 -0.986547 0.162161 -0.0206713 -9.07236 0.158794 0.980654 0.11446 -65.2392 0 0 0 1 
				8
				0.0118876 0.115848 -0.993196 3.90923 -0.99656 -0.0800934 -0.0212701 -4.61169 -0.0820125 0.990032 0.114498 -70.6773 0 0 0 1 
				9
				-0.00885549 0.116402 -0.993163 3.24858 -0.968628 -0.247675 -0.0203916 -0.417979 -0.248355 0.961825 0.114944 -74.8164 0 0 0 1 
				10
				-0.0174492 0.115832 -0.993115 2.77598 -0.955411 -0.294755 -0.017592 1.8444 -0.294763 0.948526 0.11581 -76.762 0 0 0 1 
				11
				-0.00886837 0.1172 -0.993069 2.62618 -0.983998 -0.177762 -0.0121918 0.738054 -0.177959 0.977069 0.116901 -75.8846 0 0 0 1 
				12
				0.0559177 0.117323 -0.991518 3.59107 -0.905277 0.424821 -0.00078649 -7.5432 0.421125 0.897643 0.129965 -67.0325 0 0 0 1 
				13
				0.0509795 -0.00139998 -0.998698 3.16586 -0.0141832 0.999897 -0.00212566 -16.3132 0.998599 0.0142731 0.0509544 -55.9148 0 0 0 1 
				14
				0.114605 -0.0728927 -0.990733 4.20779 0.923927 0.37425 0.0793422 -29.9997 0.364999 -0.924458 0.110239 -54.5769 0 0 0 1 
				15
				0.0190512 -0.115977 -0.993069 3.24998 0.907741 -0.414337 0.0658033 -47.7543 -0.419097 -0.902703 0.0973839 -51.4479 0 0 0 1 
				16
				-0.00952115 -0.11727 -0.993054 3.18603 0.734776 -0.674413 0.0725968 -56.6377 -0.678242 -0.728982 0.0925885 -47.5129 0 0 0 1 
				17
				-0.0113571 -0.116895 -0.993079 3.27185 0.702526 -0.707667 0.0752652 -59.4426 -0.711567 -0.696809 0.0901591 -45.6127 0 0 0 1 
				18
				0.000572671 -0.117339 -0.993091 3.42559 0.767872 -0.636125 0.0756047 -58.9037 -0.640602 -0.762611 0.0897374 -45.4494 0 0 0 1 
				19
				0.0138885 -0.116507 -0.993092 3.62562 0.836616 -0.542581 0.0753545 -57.8779 -0.547613 -0.831884 0.0899362 -45.6172 0 0 0 1 
				20
				0.0272021 -0.114109 -0.993095 3.84394 0.894875 -0.439958 0.0750641 -56.778 -0.445486 -0.890739 0.0901459 -45.765 0 0 0 1 
				21
				0.0457397 -0.108024 -0.993095 4.12601 0.959423 -0.272145 0.0737913 -54.1808 -0.278237 -0.956173 0.0911924 -46.38 0 0 0 1 
				22
				0.0674018 -0.0960932 -0.993087 4.52594 0.996904 -0.0339101 0.070942 -50.1024 -0.0404928 -0.994794 0.0935101 -47.538 0 0 0 1 
				23
				0.0891437 -0.0765985 -0.993069 5.07849 0.9617 0.266085 0.065804 -44.6035 0.259201 -0.960901 0.0973847 -49.3464 0 0 0 1 
				24
				0.106793 -0.0495826 -0.993044 5.7471 0.813118 0.579149 0.0585269 -38.1967 0.572218 -0.813712 0.102166 -51.4293 0 0 0 1 
				25
				0.116703 -0.0168864 -0.993023 6.46906 0.54555 0.836592 0.0498884 -31.5433 0.829913 -0.547566 0.106845 -53.2443 0 0 0 1 
				26
				0.116537 0.0187534 -0.993009 7.22396 0.183458 0.98221 0.0400796 -24.9393 0.976095 -0.186846 0.111024 -54.7649 0 0 0 1 
				27
				0.105233 0.0536847 -0.992997 7.99113 -0.219939 0.97507 0.0294074 -18.6343 0.969821 0.215304 0.114417 -56.0521 0 0 0 1 
				28
				0.0832641 0.0838326 -0.992995 8.74891 -0.593873 0.804355 0.0181098 -12.7981 0.800239 0.588205 0.11676 -57.2268 0 0 0 1 
				29
				0.0527975 0.105427 -0.993024 9.47514 -0.868446 0.49574 0.00645758 -7.5101 0.492963 0.862048 0.117731 -58.4282 0 0 0 1 
				30
				0.0174089 0.116223 -0.99307 10.1542 -0.994327 0.106244 -0.00499682 -2.76812 0.104927 0.987524 0.117413 -59.7703 0 0 0 1 
				31
				-0.018987 0.116045 -0.993063 10.7801 -0.95636 -0.291761 -0.0158086 1.49025 -0.291572 0.949425 0.11652 -61.3092 0 0 0 1 
		</Joint>
			8
				-1
				-0.0189879 -0.99297 -0.116835 10.4878 -0.95636 -0.0160399 0.291749 -13.2351 -0.291572 0.117276 -0.949332 -65.7986 0 0 0 1 
				0
				0.0212468 -0.992283 -0.122155 10.0731 -0.998378 -0.0146029 -0.0550292 -19.4654 0.0528208 0.123126 -0.990984 -58.5159 0 0 0 1 
				1
				0.0672778 -0.991512 -0.111254 9.71585 -0.892694 -0.0100181 -0.450551 -23.5402 0.445612 0.129627 -0.885791 -49.5986 0 0 0 1 
				2
				0.0933271 -0.993177 -0.06993 8.90583 -0.704962 -0.0163191 -0.709057 -25.3682 0.703077 0.115472 -0.701675 -42.6301 0 0 0 1 
				3
				0.102548 -0.993017 -0.0583229 8.41201 -0.60126 -0.0151696 -0.798909 -25.8525 0.792445 0.116994 -0.598617 -39.866 0 0 0 1 
				4
				0.0985312 -0.99307 -0.0640643 7.85933 -0.650899 -0.0156171 -0.759003 -26.3973 0.752742 0.116485 -0.647927 -41.2561 0 0 0 1 
				5
				0.0863128 -0.993098 -0.0794148 7.17208 -0.776554 -0.0171279 -0.629818 -27.0168 0.624111 0.116031 -0.772672 -45.7987 0 0 0 1 
				6
				0.0655275 -0.993125 -0.0969991 6.28429 -0.907816 -0.0189808 -0.418938 -26.6444 0.414217 0.115509 -0.902819 -53.3739 0 0 0 1 
				7
				0.0388324 -0.993125 -0.110429 5.21571 -0.986547 -0.0205421 -0.162178 -24.2625 0.158794 0.115241 -0.980563 -62.7942 0 0 0 1 
				8
				0.0118876 -0.993103 -0.116639 4.09227 -0.99656 -0.0213339 0.0800764 -19.956 -0.0820125 0.115286 -0.989941 -71.9401 0 0 0 1 
				9
