<?xml version='1.0' encoding='UTF-8' ?>
<itpanim>
	<skeleton count>
		25
			0 -1
			1.37091e-06 -1 -6.12323e-17 1.44664e-05 1 1.37091e-06 -6.12323e-17 -3.33788e-06 6.12323e-17 -6.12323e-17 1 44.5 0 0 0 1 
			1 0
			1.3868e-06 4.78456e-08 -1 -44.5 2.75771e-06 -1 -4.78418e-08 1.44666e-05 -1 -2.75771e-06 -1.3868e-06 -5.83747e-05 0 0 0 1 
			2 1
			1.40269e-06 -0.000796318 -1 -49.6773 0 -1 0.000796318 0.0514213 -1 -1.11699e-09 -1.40269e-06 3.19526e-06 0 0 0 1 
			3 2
			1.40269e-06 -0.000796318 -1 -64.5592 0 -1 0.000796318 0.0632714 -1 -1.11699e-09 -1.40269e-06 3.16239e-06 0 0 0 1 
			4 3
			1.40269e-06 -0.000796318 -1 -79.4411 0 -1 0.000796318 0.06596 -1 -1.11699e-09 -1.40269e-06 3.15493e-06 0 0 0 1 
			5 4
			1 1.37091e-06 4.37113e-08 -1.60435 -1.37091e-06 1 3.58059e-15 -1.09939e-05 -4.37113e-08 -6.35048e-14 1 79.4411 0 0 0 1 
			6 5
			0.995014 0.0902305 0.042489 -5.65533 -0.0897157 0.995871 -0.0138741 -0.287945 -0.0435655 0.00999304 0.999001 79.7571 0 0 0 1 
			7 6
			0.994845 -0.0912189 0.0442967 -20.654 0.0915704 0.995781 -0.00596753 -4.08763 -0.0435655 0.00999304 0.999001 79.7571 0 0 0 1 
			8 7
			0.994845 -0.0912189 0.0442967 -36.0513 -0.0434925 0.0107859 0.998995 79.7539 -0.091605 -0.995772 0.00676301 4.15114 0 0 0 1 
			9 4
			-1 -1.37091e-06 4.37114e-08 -1.60434 -1.37091e-06 1 3.84662e-15 -1.09939e-05 -4.37115e-08 -5.60777e-14 -1 -79.4411 0 0 0 1 
			10 9
			-0.995014 0.0902277 0.042489 -5.65533 0.089713 0.995871 -0.0138741 -0.287946 -0.0435654 -0.00999315 -0.999001 -79.7571 0 0 0 1 
			11 10
			-0.994845 -0.0912216 0.0442967 -20.654 -0.0915731 0.995781 -0.00596753 -4.08763 -0.0435654 -0.00999315 -0.999001 -79.7571 0 0 0 1 
			12 11
			-0.994845 -0.0912216 0.0442967 -36.0513 0.0434925 0.0107861 0.998995 79.7539 -0.0916078 0.995772 -0.00676301 -4.15114 0 0 0 1 
			13 4
			1.34309e-06 -5.95475e-08 -1 -82.8177 -1.40269e-06 -1 5.95456e-08 1.08462e-05 -1 1.40269e-06 -1.34309e-06 -0.000107894 0 0 0 1 
			14 13
			1 -0 0 0 0 1 0 0 -0 -0 1 -0 0 0 0 1 
			15 2
			1.37369e-06 -0.0998334 0.995004 44.2777 0 -0.995004 -0.0998334 -4.44257 1 1.3714e-07 -1.36683e-06 -4.58386 0 0 0 1 
			16 15
			1.37369e-06 0.0998334 0.995004 24.6789 0 -0.995004 0.0998334 0.469723 1 -1.3714e-07 -1.36683e-06 -4.58386 0 0 0 1 
			17 16
			1.3716e-06 -6.00745e-14 1 4.70494 0 -1 -6.00745e-14 1.29981e-05 1 8.23984e-20 -1.3716e-06 -4.58386 0 0 0 1 
			18 17
			1.3723e-06 -1 -6.00133e-14 -6.78409 0 6.00133e-14 -1 -0.105526 1 1.3723e-06 8.23562e-20 -4.58386 0 0 0 1 
			19 18
			1 -0 0 0 0 1 0 0 -0 -0 1 -0 0 0 0 1 
			20 2
			1.37369e-06 -0.0998334 0.995004 44.2777 0 -0.995004 -0.0998334 -4.44257 1 1.3714e-07 -1.36683e-06 4.58386 0 0 0 1 
			21 20
			1.37369e-06 0.0998334 0.995004 24.6789 0 -0.995004 0.0998334 0.469723 1 -1.3714e-07 -1.36683e-06 4.58386 0 0 0 1 
			22 21
			1.3716e-06 -6.00745e-14 1 4.70494 0 -1 -6.00745e-14 1.29981e-05 1 8.23984e-20 -1.3716e-06 4.58386 0 0 0 1 
			23 22
			1.3723e-06 -1 5.98908e-14 -6.78409 0 -5.98908e-14 -1 -0.105526 1 1.3723e-06 -8.21882e-20 4.58386 0 0 0 1 
			24 23
			1 -0 0 0 0 1 0 0 -0 -0 1 -0 0 0 0 1 
	</skeleton>
		<animations>
			33
			0
				-1
				1.33158e-06 1 0 3.33786e-06 -1 1.33158e-06 0 9.52023e-07 -0 -0 1 -38.7209 0 0 0 1 
				0
				1.33158e-06 1 0 3.33786e-06 -1 1.33158e-06 0 9.18573e-07 -0 -0 1 -39.3419 0 0 0 1 
				1
				1.33158e-06 1 0 3.33786e-06 -1 1.33158e-06 0 8.82621e-07 -0 -0 1 -40.0512 0 0 0 1 
				2
				1.33158e-06 1 0 3.33786e-06 -1 1.33158e-06 0 8.45677e-07 -0 -0 1 -40.7956 0 0 0 1 
				3
				1.33158e-06 1 0 3.33786e-06 -1 1.33158e-06 0 8.09252e-07 -0 -0 1 -41.5216 0 0 0 1 
				4
				1.33158e-06 1 0 3.33786e-06 -1 1.33158e-06 0 7.7481e-07 -0 -0 1 -42.1777 0 0 0 1 
				5
				1.33158e-06 1 0 3.33786e-06 -1 1.33158e-06 0 7.43815e-07 -0 -0 1 -42.712 0 0 0 1 
				6
				1.33158e-06 1 0 3.33786e-06 -1 1.33158e-06 0 7.17777e-07 -0 -0 1 -43.0712 0 0 0 1 
				7
				1.33158e-06 1 0 3.33786e-06 -1 1.33158e-06 0 6.98207e-07 -0 -0 1 -43.2021 0 0 0 1 
				8
				1.33158e-06 1 0 3.33786e-06 -1 1.33158e-06 0 6.86143e-07 -0 -0 1 -43.0083 0 0 0 1 
				9
				1.33158e-06 1 0 3.33786e-06 -1 1.33158e-06 0 6.80683e-07 -0 -0 1 -42.4945 0 0 0 1 
				10
				1.33158e-06 1 0 3.33786e-06 -1 1.33158e-06 0 6.80234e-07 -0 -0 1 -41.7695 0 0 0 1 
				11
				1.33158e-06 1 0 3.33786e-06 -1 1.33158e-06 0 6.83203e-07 -0 -0 1 -40.9418 0 0 0 1 
				12
				1.33158e-06 1 0 3.33786e-06 -1 1.33158e-06 0 6.88048e-07 -0 -0 1 -40.1166 0 0 0 1 
				13
				1.33158e-06 1 0 3.33786e-06 -1 1.33158e-06 0 6.93226e-07 -0 -0 1 -39.3989 0 0 0 1 
				14
				1.33158e-06 1 0 3.33786e-06 -1 1.33158e-06 0 6.97143e-07 -0 -0 1 -38.8975 0 0 0 1 
				15
				1.33158e-06 1 0 3.33786e-06 -1 1.33158e-06 0 6.98207e-07 -0 -0 1 -38.7209 0 0 0 1 
				16
				1.33158e-06 1 0 3.33786e-06 -1 1.33158e-06 0 6.95237e-07 -0 -0 1 -38.9411 0 0 0 1 
				17
				1.33158e-06 1 0 3.33786e-06 -1 1.33158e-06 0 6.89142e-07 -0 -0 1 -39.4923 0 0 0 1 
				18
				1.33158e-06 1 0 3.33786e-06 -1 1.33158e-06 0 6.8168e-07 -0 -0 1 -40.2622 0 0 0 1 
				19
				1.33158e-06 1 0 3.33786e-06 -1 1.33158e-06 0 6.74607e-07 -0 -0 1 -41.1385 0 0 0 1 
				20
				1.33158e-06 1 0 3.33786e-06 -1 1.33158e-06 0 6.69624e-07 -0 -0 1 -42.0123 0 0 0 1 
				21
				1.33158e-06 1 0 3.33786e-06 -1 1.33158e-06 0 6.68433e-07 -0 -0 1 -42.7748 0 0 0 1 
				22
				1.33158e-06 1 0 3.33786e-06 -1 1.33158e-06 0 6.72791e-07 -0 -0 1 -43.3137 0 0 0 1 
				23
				1.33158e-06 1 0 3.33786e-06 -1 1.33158e-06 0 6.84453e-07 -0 -0 1 -43.5168 0 0 0 1 
				24
				1.33158e-06 1 0 3.33786e-06 -1 1.33158e-06 0 7.04424e-07 -0 -0 1 -43.3767 0 0 0 1 
				25
				1.33158e-06 1 0 3.33786e-06 -1 1.33158e-06 0 7.31565e-07 -0 -0 1 -42.9922 0 0 0 1 
				26
				1.33158e-06 1 0 3.33786e-06 -1 1.33158e-06 0 7.642e-07 -0 -0 1 -42.4204 0 0 0 1 
				27
				1.33158e-06 1 0 3.33786e-06 -1 1.33158e-06 0 8.00655e-07 -0 -0 1 -41.7183 0 0 0 1 
				28
				1.33158e-06 1 0 3.33786e-06 -1 1.33158e-06 0 8.39308e-07 -0 -0 1 -40.9413 0 0 0 1 
				29
				1.33158e-06 1 0 3.33786e-06 -1 1.33158e-06 0 8.78537e-07 -0 -0 1 -40.1446 0 0 0 1 
				30
				1.33158e-06 1 0 3.33786e-06 -1 1.33158e-06 0 9.16667e-07 -0 -0 1 -39.3855 0 0 0 1 
				31
				1.33158e-06 1 0 3.33786e-06 -1 1.33158e-06 0 9.52023e-07 -0 -0 1 -38.7209 0 0 0 1 
		</Joint>
			1
				-1
				1.33158e-06 2.66316e-06 -1 3.33786e-06 0 -1 -2.66316e-06 9.52023e-07 -1 3.54621e-12 -1.33158e-06 -38.7209 0 0 0 1 
				0
				1.33158e-06 2.66316e-06 -1 3.33786e-06 0 -1 -2.66316e-06 9.18573e-07 -1 3.54621e-12 -1.33158e-06 -39.3419 0 0 0 1 
				1
				1.33158e-06 2.66316e-06 -1 3.33786e-06 0 -1 -2.66316e-06 8.82621e-07 -1 3.54621e-12 -1.33158e-06 -40.0512 0 0 0 1 
				2
				1.33158e-06 2.66316e-06 -1 3.33786e-06 0 -1 -2.66316e-06 8.45677e-07 -1 3.54621e-12 -1.33158e-06 -40.7956 0 0 0 1 
				3
				1.33158e-06 2.66316e-06 -1 3.33786e-06 0 -1 -2.66316e-06 8.09252e-07 -1 3.54621e-12 -1.33158e-06 -41.5216 0 0 0 1 
				4
				1.33158e-06 2.66316e-06 -1 3.33786e-06 0 -1 -2.66316e-06 7.7481e-07 -1 3.54621e-12 -1.33158e-06 -42.1777 0 0 0 1 
				5
				1.33158e-06 2.66316e-06 -1 3.33786e-06 0 -1 -2.66316e-06 7.43815e-07 -1 3.54621e-12 -1.33158e-06 -42.712 0 0 0 1 
				6
				1.33158e-06 2.66316e-06 -1 3.33786e-06 0 -1 -2.66316e-06 7.17777e-07 -1 3.54621e-12 -1.33158e-06 -43.0712 0 0 0 1 
				7
				1.33158e-06 2.66316e-06 -1 3.33786e-06 0 -1 -2.66316e-06 6.98207e-07 -1 3.54621e-12 -1.33158e-06 -43.2021 0 0 0 1 
				8
				1.33158e-06 2.66316e-06 -1 3.33786e-06 0 -1 -2.66316e-06 6.86143e-07 -1 3.54621e-12 -1.33158e-06 -43.0083 0 0 0 1 
				9
				1.33158e-06 2.66316e-06 -1 3.33786e-06 0 -1 -2.66316e-06 6.80683e-07 -1 3.54621e-12 -1.33158e-06 -42.4945 0 0 0 1 
				10
				1.33158e-06 2.66316e-06 -1 3.33786e-06 0 -1 -2.66316e-06 6.80234e-07 -1 3.54621e-12 -1.33158e-06 -41.7695 0 0 0 1 
				11
				1.33158e-06 2.66316e-06 -1 3.33786e-06 0 -1 -2.66316e-06 6.83203e-07 -1 3.54621e-12 -1.33158e-06 -40.9418 0 0 0 1 
				12
				1.33158e-06 2.66316e-06 -1 3.33786e-06 0 -1 -2.66316e-06 6.88048e-07 -1 3.54621e-12 -1.33158e-06 -40.1166 0 0 0 1 
				13
				1.33158e-06 2.66316e-06 -1 3.33786e-06 0 -1 -2.66316e-06 6.93226e-07 -1 3.54621e-12 -1.33158e-06 -39.3989 0 0 0 1 
				14
				1.33158e-06 2.66316e-06 -1 3.33786e-06 0 -1 -2.66316e-06 6.97143e-07 -1 3.54621e-12 -1.33158e-06 -38.8975 0 0 0 1 
				15
				1.33158e-06 2.66316e-06 -1 3.33786e-06 0 -1 -2.66316e-06 6.98207e-07 -1 3.54621e-12 -1.33158e-06 -38.7209 0 0 0 1 
				16
				1.33158e-06 2.66316e-06 -1 3.33786e-06 0 -1 -2.66316e-06 6.95237e-07 -1 3.54621e-12 -1.33158e-06 -38.9411 0 0 0 1 
				17
				1.33158e-06 2.66316e-06 -1 3.33786e-06 0 -1 -2.66316e-06 6.89142e-07 -1 3.54621e-12 -1.33158e-06 -39.4923 0 0 0 1 
				18
				1.33158e-06 2.66316e-06 -1 3.33786e-06 0 -1 -2.66316e-06 6.8168e-07 -1 3.54621e-12 -1.33158e-06 -40.2622 0 0 0 1 
				19
				1.33158e-06 2.66316e-06 -1 3.33786e-06 0 -1 -2.66316e-06 6.74607e-07 -1 3.54621e-12 -1.33158e-06 -41.1385 0 0 0 1 
				20
				1.33158e-06 2.66316e-06 -1 3.33786e-06 0 -1 -2.66316e-06 6.69624e-07 -1 3.54621e-12 -1.33158e-06 -42.0123 0 0 0 1 
				21
				1.33158e-06 2.66316e-06 -1 3.33786e-06 0 -1 -2.66316e-06 6.68433e-07 -1 3.54621e-12 -1.33158e-06 -42.7748 0 0 0 1 
				22
				1.33158e-06 2.66316e-06 -1 3.33786e-06 0 -1 -2.66316e-06 6.72791e-07 -1 3.54621e-12 -1.33158e-06 -43.3137 0 0 0 1 
				23
				1.33158e-06 2.66316e-06 -1 3.33786e-06 0 -1 -2.66316e-06 6.84453e-07 -1 3.54621e-12 -1.33158e-06 -43.5168 0 0 0 1 
				24
				1.33158e-06 2.66316e-06 -1 3.33786e-06 0 -1 -2.66316e-06 7.04424e-07 -1 3.54621e-12 -1.33158e-06 -43.3767 0 0 0 1 
				25
				1.33158e-06 2.66316e-06 -1 3.33786e-06 0 -1 -2.66316e-06 7.31565e-07 -1 3.54621e-12 -1.33158e-06 -42.9922 0 0 0 1 
				26
				1.33158e-06 2.66316e-06 -1 3.33786e-06 0 -1 -2.66316e-06 7.642e-07 -1 3.54621e-12 -1.33158e-06 -42.4204 0 0 0 1 
				27
				1.33158e-06 2.66316e-06 -1 3.33786e-06 0 -1 -2.66316e-06 8.00655e-07 -1 3.54621e-12 -1.33158e-06 -41.7183 0 0 0 1 
				28
				1.33158e-06 2.66316e-06 -1 3.33786e-06 0 -1 -2.66316e-06 8.39308e-07 -1 3.54621e-12 -1.33158e-06 -40.9413 0 0 0 1 
				29
				1.33158e-06 2.66316e-06 -1 3.33786e-06 0 -1 -2.66316e-06 8.78537e-07 -1 3.54621e-12 -1.33158e-06 -40.1446 0 0 0 1 
				30
				1.33158e-06 2.66316e-06 -1 3.33786e-06 0 -1 -2.66316e-06 9.16667e-07 -1 3.54621e-12 -1.33158e-06 -39.3855 0 0 0 1 
				31
				1.33158e-06 2.66316e-06 -1 3.33786e-06 0 -1 -2.66316e-06 9.52023e-07 -1 3.54621e-12 -1.33158e-06 -38.7209 0 0 0 1 
		</Joint>
			2
				-1
				1.38779e-06 -1.52815e-06 -1 1.05031e-05 -0.000797649 -1 1.52704e-06 0.0118422 -1 0.000797649 -1.38901e-06 -43.8982 0 0 0 1 
				0
				1.3878e-06 -1.52426e-06 -1 1.0503e-05 -0.000797649 -0.999999 1.52315e-06 0.0118421 -1 0.000797649 -1.38901e-06 -44.5192 0 0 0 1 
				1
				1.3878e-06 -1.52008e-06 -1 1.0503e-05 -0.000797649 -1 1.51898e-06 0.0118421 -1 0.000797649 -1.38901e-06 -45.2286 0 0 0 1 
				2
				1.3878e-06 -1.51569e-06 -1 1.05029e-05 -0.000797649 -0.999999 1.51459e-06 0.011842 -1 0.000797649 -1.38901e-06 -45.973 0 0 0 1 
				3
				1.38781e-06 -1.51115e-06 -1 1.05029e-05 -0.000797649 -1 1.51004e-06 0.0118419 -1 0.000797649 -1.38901e-06 -46.699 0 0 0 1 
				4
				1.38781e-06 -1.50652e-06 -1 1.05028e-05 -0.000797649 -1 1.50541e-06 0.0118419 -1 0.000797649 -1.38901e-06 -47.355 0 0 0 1 
				5
				1.38781e-06 -1.50186e-06 -1 1.05027e-05 -0.000797649 -0.999999 1.50076e-06 0.0118418 -1 0.000797649 -1.38901e-06 -47.8893 0 0 0 1 
				6
				1.38782e-06 -1.49726e-06 -1 1.05027e-05 -0.000797649 -0.999999 1.49615e-06 0.0118418 -1 0.000797649 -1.38901e-06 -48.2486 0 0 0 1 
				7
				1.38782e-06 -1.49276e-06 -1 1.05026e-05 -0.000797649 -0.999999 1.49165e-06 0.0118418 -1 0.000797649 -1.38901e-06 -48.3795 0 0 0 1 
				8
				1.38783e-06 -1.48843e-06 -1 1.05026e-05 -0.000797649 -0.999999 1.48732e-06 0.0118417 -1 0.000797649 -1.38901e-06 -48.1856 0 0 0 1 
				9
				1.38783e-06 -1.48435e-06 -1 1.05025e-05 -0.000797649 -0.999999 1.48324e-06 0.0118418 -1 0.000797649 -1.38901e-06 -47.6719 0 0 0 1 
				10
				1.38783e-06 -1.48056e-06 -1 1.05025e-05 -0.000797649 -1 1.47946e-06 0.0118418 -1 0.000797649 -1.38901e-06 -46.9469 0 0 0 1 
				11
				1.38783e-06 -1.47716e-06 -1 1.05025e-05 -0.000797649 -0.999999 1.47605e-06 0.0118418 -1 0.000797649 -1.38901e-06 -46.1192 0 0 0 1 
				12
				1.38784e-06 -1.47418e-06 -1 1.05024e-05 -0.000797649 -1 1.47308e-06 0.0118419 -1 0.000797649 -1.38901e-06 -45.2939 0 0 0 1 
				13
				1.38784e-06 -1.47171e-06 -1 1.05024e-05 -0.000797649 -0.999999 1.47061e-06 0.0118419 -1 0.000797649 -1.38901e-06 -44.5763 0 0 0 1 
				14
				1.38784e-06 -1.46981e-06 -1 1.05024e-05 -0.000797649 -0.999999 1.4687e-06 0.0118419 -1 0.000797649 -1.38901e-06 -44.0749 0 0 0 1 
				15
				1.38784e-06 -1.46854e-06 -1 1.05023e-05 -0.000797649 -0.999999 1.46743e-06 0.0118419 -1 0.000797649 -1.38901e-06 -43.8982 0 0 0 1 
				16
				1.38784e-06 -1.46902e-06 -1 1.05024e-05 -0.000797649 -1 1.46791e-06 0.0118419 -1 0.000797649 -1.38901e-06 -44.1185 0 0 0 1 
				17
				1.38784e-06 -1.47192e-06 -1 1.05024e-05 -0.000797649 -0.999999 1.47081e-06 0.0118419 -1 0.000797649 -1.38901e-06 -44.6697 0 0 0 1 
				18
				1.38783e-06 -1.47662e-06 -1 1.05025e-05 -0.000797649 -1 1.47552e-06 0.0118419 -1 0.000797649 -1.38901e-06 -45.4396 0 0 0 1 
				19
				1.38783e-06 -1.48251e-06 -1 1.05025e-05 -0.000797649 -0.999999 1.4814e-06 0.0118418 -1 0.000797649 -1.38901e-06 -46.3158 0 0 0 1 
				20
				1.38783e-06 -1.48898e-06 -1 1.05026e-05 -0.000797649 -1 1.48787e-06 0.0118418 -1 0.000797649 -1.38901e-06 -47.1896 0 0 0 1 
				21
				1.38782e-06 -1.49543e-06 -1 1.05027e-05 -0.000797649 -0.999999 1.49433e-06 0.0118417 -1 0.000797649 -1.38901e-06 -47.9521 0 0 0 1 
				22
				1.38782e-06 -1.50124e-06 -1 1.05027e-05 -0.000797649 -1 1.50014e-06 0.0118417 -1 0.000797649 -1.38901e-06 -48.4911 0 0 0 1 
				23
				1.38781e-06 -1.50579e-06 -1 1.05028e-05 -0.000797649 -0.999999 1.50469e-06 0.0118417 -1 0.000797649 -1.38901e-06 -48.6941 0 0 0 1 
				24
				1.38781e-06 -1.5093e-06 -1 1.05028e-05 -0.000797649 -1 1.5082e-06 0.0118418 -1 0.000797649 -1.38901e-06 -48.5541 0 0 0 1 
				25
				1.38781e-06 -1.51243e-06 -1 1.05029e-05 -0.000797649 -1 1.51132e-06 0.0118418 -1 0.000797649 -1.38901e-06 -48.1696 0 0 0 1 
				26
				1.3878e-06 -1.51527e-06 -1 1.05029e-05 -0.000797649 -1 1.51416e-06 0.0118419 -1 0.000797649 -1.38901e-06 -47.5977 0 0 0 1 
				27
				1.3878e-06 -1.5179e-06 -1 1.05029e-05 -0.000797649 -1 1.51679e-06 0.0118419 -1 0.000797649 -1.38901e-06 -46.8957 0 0 0 1 
				28
				1.3878e-06 -1.52042e-06 -1 1.0503e-05 -0.000797649 -1 1.51931e-06 0.011842 -1 0.000797649 -1.38901e-06 -46.1186 0 0 0 1 
				29
				1.3878e-06 -1.52291e-06 -1 1.0503e-05 -0.000797649 -1 1.5218e-06 0.0118421 -1 0.000797649 -1.38901e-06 -45.322 0 0 0 1 
				30
				1.3878e-06 -1.52545e-06 -1 1.0503e-05 -0.000797649 -1 1.52435e-06 0.0118421 -1 0.000797649 -1.38901e-06 -44.5628 0 0 0 1 
				31
				1.38779e-06 -1.52815e-06 -1 1.05031e-05 -0.000797649 -1 1.52704e-06 0.0118422 -1 0.000797649 -1.38901e-06 -43.8982 0 0 0 1 
		</Joint>
			3
				-1
				1.38777e-06 -1.55795e-06 -1 3.11416e-05 -0.000797649 -1 1.55684e-06 0.0118217 -1 0.000797649 -1.38901e-06 -58.7801 0 0 0 1 
				0
				1.38778e-06 -1.55017e-06 -1 3.11415e-05 -0.000797649 -0.999999 1.54906e-06 0.0118217 -1 0.000797649 -1.38901e-06 -59.4011 0 0 0 1 
				1
				1.38778e-06 -1.54182e-06 -1 3.11415e-05 -0.000797649 -1 1.54072e-06 0.0118216 -1 0.000797649 -1.38901e-06 -60.1105 0 0 0 1 
				2
				1.38779e-06 -1.53304e-06 -1 3.11413e-05 -0.000797649 -0.999999 1.53193e-06 0.0118215 -1 0.000797649 -1.38901e-06 -60.8549 0 0 0 1 
				3
				1.3878e-06 -1.52395e-06 -1 3.11413e-05 -0.000797649 -1 1.52285e-06 0.0118215 -1 0.000797649 -1.38901e-06 -61.5809 0 0 0 1 
				4
				1.3878e-06 -1.51469e-06 -1 3.11411e-05 -0.000797649 -1 1.51359e-06 0.0118214 -1 0.000797649 -1.38901e-06 -62.2369 0 0 0 1 
				5
				1.38781e-06 -1.50539e-06 -1 3.1141e-05 -0.000797649 -0.999999 1.50428e-06 0.0118214 -1 0.000797649 -1.38901e-06 -62.7712 0 0 0 1 
				6
				1.38782e-06 -1.49617e-06 -1 3.11409e-05 -0.000797649 -0.999999 1.49506e-06 0.0118213 -1 0.000797649 -1.38901e-06 -63.1305 0 0 0 1 
				7
				1.38783e-06 -1.48717e-06 -1 3.11408e-05 -0.000797649 -0.999999 1.48606e-06 0.0118213 -1 0.000797649 -1.38901e-06 -63.2614 0 0 0 1 
				8
				1.38783e-06 -1.47852e-06 -1 3.11407e-05 -0.000797649 -0.999999 1.47741e-06 0.0118213 -1 0.000797649 -1.38901e-06 -63.0675 0 0 0 1 
				9
				1.38784e-06 -1.47035e-06 -1 3.11406e-05 -0.000797649 -0.999999 1.46924e-06 0.0118213 -1 0.000797649 -1.38901e-06 -62.5538 0 0 0 1 
				10
				1.38785e-06 -1.46279e-06 -1 3.11405e-05 -0.000797649 -1 1.46168e-06 0.0118213 -1 0.000797649 -1.38901e-06 -61.8288 0 0 0 1 
				11
				1.38785e-06 -1.45597e-06 -1 3.11404e-05 -0.000797649 -0.999999 1.45486e-06 0.0118214 -1 0.000797649 -1.38901e-06 -61.0011 0 0 0 1 
				12
				1.38786e-06 -1.45002e-06 -1 3.11404e-05 -0.000797649 -1 1.44892e-06 0.0118214 -1 0.000797649 -1.38901e-06 -60.1758 0 0 0 1 
				13
				1.38786e-06 -1.44508e-06 -1 3.11403e-05 -0.000797649 -0.999999 1.44398e-06 0.0118214 -1 0.000797649 -1.38901e-06 -59.4582 0 0 0 1 
				14
				1.38786e-06 -1.44128e-06 -1 3.11402e-05 -0.000797649 -0.999999 1.44017e-06 0.0118215 -1 0.000797649 -1.38901e-06 -58.9567 0 0 0 1 
				15
				1.38786e-06 -1.43874e-06 -1 3.11402e-05 -0.000797649 -0.999999 1.43763e-06 0.0118215 -1 0.000797649 -1.38901e-06 -58.7801 0 0 0 1 
				16
				1.38786e-06 -1.43969e-06 -1 3.11402e-05 -0.000797649 -1 1.43858e-06 0.0118215 -1 0.000797649 -1.38901e-06 -59.0003 0 0 0 1 
				17
				1.38786e-06 -1.44549e-06 -1 3.11403e-05 -0.000797649 -0.999999 1.44438e-06 0.0118214 -1 0.000797649 -1.38901e-06 -59.5516 0 0 0 1 
				18
				1.38785e-06 -1.4549e-06 -1 3.11404e-05 -0.000797649 -1 1.45379e-06 0.0118214 -1 0.000797649 -1.38901e-06 -60.3215 0 0 0 1 
				19
				1.38784e-06 -1.46668e-06 -1 3.11406e-05 -0.000797649 -0.999999 1.46557e-06 0.0118214 -1 0.000797649 -1.38901e-06 -61.1977 0 0 0 1 
				20
				1.38783e-06 -1.47962e-06 -1 3.11407e-05 -0.000797649 -1 1.47851e-06 0.0118213 -1 0.000797649 -1.38901e-06 -62.0715 0 0 0 1 
				21
				1.38782e-06 -1.49252e-06 -1 3.11409e-05 -0.000797649 -0.999999 1.49142e-06 0.0118213 -1 0.000797649 -1.38901e-06 -62.834 0 0 0 1 
				22
				1.38781e-06 -1.50415e-06 -1 3.1141e-05 -0.000797649 -1 1.50304e-06 0.0118213 -1 0.000797649 -1.38901e-06 -63.373 0 0 0 1 
				23
				1.38781e-06 -1.51325e-06 -1 3.11411e-05 -0.000797649 -0.999999 1.51214e-06 0.0118212 -1 0.000797649 -1.38901e-06 -63.576 0 0 0 1 
				24
				1.3878e-06 -1.52026e-06 -1 3.11412e-05 -0.000797649 -1 1.51915e-06 0.0118213 -1 0.000797649 -1.38901e-06 -63.436 0 0 0 1 
				25
				1.3878e-06 -1.52652e-06 -1 3.11413e-05 -0.000797649 -1 1.52541e-06 0.0118213 -1 0.000797649 -1.38901e-06 -63.0515 0 0 0 1 
				26
				1.38779e-06 -1.53219e-06 -1 3.11414e-05 -0.000797649 -1 1.53108e-06 0.0118214 -1 0.000797649 -1.38901e-06 -62.4796 0 0 0 1 
				27
				1.38779e-06 -1.53746e-06 -1 3.11414e-05 -0.000797649 -1 1.53635e-06 0.0118214 -1 0.000797649 -1.38901e-06 -61.7775 0 0 0 1 
				28
				1.38778e-06 -1.5425e-06 -1 3.11415e-05 -0.000797649 -1 1.54139e-06 0.0118215 -1 0.000797649 -1.38901e-06 -61.0005 0 0 0 1 
				29
				1.38778e-06 -1.54747e-06 -1 3.11415e-05 -0.000797649 -1 1.54636e-06 0.0118216 -1 0.000797649 -1.38901e-06 -60.2039 0 0 0 1 
				30
				1.38777e-06 -1.55256e-06 -1 3.11416e-05 -0.000797649 -1 1.55145e-06 0.0118217 -1 0.000797649 -1.38901e-06 -59.4447 0 0 0 1 
				31
				1.38777e-06 -1.55795e-06 -1 3.11416e-05 -0.000797649 -1 1.55684e-06 0.0118217 -1 0.000797649 -1.38901e-06 -58.7801 0 0 0 1 
		</Joint>
			4
				-1
				1.38777e-06 -1.55795e-06 -1 5.1791e-05 -0.000797649 -1 1.55684e-06 0.00263986 -1 0.000797649 -1.38901e-06 -73.662 0 0 0 1 
				0
				1.38778e-06 -1.55017e-06 -1 5.1791e-05 -0.000797649 -0.999999 1.54906e-06 0.00263979 -1 0.000797649 -1.38901e-06 -74.283 0 0 0 1 
				1
				1.38778e-06 -1.54182e-06 -1 5.1791e-05 -0.000797649 -1 1.54072e-06 0.00263973 -1 0.000797649 -1.38901e-06 -74.9924 0 0 0 1 
				2
				1.38779e-06 -1.53304e-06 -1 5.17909e-05 -0.000797649 -0.999999 1.53193e-06 0.00263965 -1 0.000797649 -1.38901e-06 -75.7368 0 0 0 1 
				3
				1.3878e-06 -1.52395e-06 -1 5.17909e-05 -0.000797649 -1 1.52285e-06 0.00263957 -1 0.000797649 -1.38901e-06 -76.4628 0 0 0 1 
				4
				1.3878e-06 -1.51469e-06 -1 5.17909e-05 -0.000797649 -1 1.51359e-06 0.00263952 -1 0.000797649 -1.38901e-06 -77.1188 0 0 0 1 
				5
				1.38781e-06 -1.50539e-06 -1 5.17909e-05 -0.000797649 -0.999999 1.50428e-06 0.00263947 -1 0.000797649 -1.38901e-06 -77.6531 0 0 0 1 
				6
				1.38782e-06 -1.49617e-06 -1 5.17908e-05 -0.000797649 -0.999999 1.49506e-06 0.00263942 -1 0.000797649 -1.38901e-06 -78.0124 0 0 0 1 
				7
				1.38783e-06 -1.48717e-06 -1 5.17908e-05 -0.000797649 -0.999999 1.48606e-06 0.0026394 -1 0.000797649 -1.38901e-06 -78.1433 0 0 0 1 
				8
				1.38783e-06 -1.47852e-06 -1 5.17908e-05 -0.000797649 -0.999999 1.47741e-06 0.00263939 -1 0.000797649 -1.38901e-06 -77.9494 0 0 0 1 
				9
				1.38784e-06 -1.47035e-06 -1 5.17908e-05 -0.000797649 -0.999999 1.46924e-06 0.00263941 -1 0.000797649 -1.38901e-06 -77.4357 0 0 0 1 
				10
				1.38785e-06 -1.46279e-06 -1 5.17908e-05 -0.000797649 -1 1.46168e-06 0.00263944 -1 0.000797649 -1.38901e-06 -76.7107 0 0 0 1 
				11
				1.38785e-06 -1.45597e-06 -1 5.17907e-05 -0.000797649 -0.999999 1.45486e-06 0.00263948 -1 0.000797649 -1.38901e-06 -75.883 0 0 0 1 
				12
				1.38786e-06 -1.45002e-06 -1 5.17907e-05 -0.000797649 -1 1.44892e-06 0.00263953 -1 0.000797649 -1.38901e-06 -75.0577 0 0 0 1 
				13
				1.38786e-06 -1.44508e-06 -1 5.17907e-05 -0.000797649 -0.999999 1.44398e-06 0.00263955 -1 0.000797649 -1.38901e-06 -74.3401 0 0 0 1 
				14
				1.38786e-06 -1.44128e-06 -1 5.17907e-05 -0.000797649 -0.999999 1.44017e-06 0.00263959 -1 0.000797649 -1.38901e-06 -73.8386 0 0 0 1 
				15
				1.38786e-06 -1.43874e-06 -1 5.17907e-05 -0.000797649 -0.999999 1.43763e-06 0.00263959 -1 0.000797649 -1.38901e-06 -73.662 0 0 0 1 
				16
				1.38786e-06 -1.43969e-06 -1 5.17907e-05 -0.000797649 -1 1.43858e-06 0.00263959 -1 0.000797649 -1.38901e-06 -73.8822 0 0 0 1 
				17
				1.38786e-06 -1.44549e-06 -1 5.17907e-05 -0.000797649 -0.999999 1.44438e-06 0.00263955 -1 0.000797649 -1.38901e-06 -74.4335 0 0 0 1 
				18
				1.38785e-06 -1.4549e-06 -1 5.17907e-05 -0.000797649 -1 1.45379e-06 0.00263951 -1 0.000797649 -1.38901e-06 -75.2034 0 0 0 1 
				19
				1.38784e-06 -1.46668e-06 -1 5.17908e-05 -0.000797649 -0.999999 1.46557e-06 0.00263947 -1 0.000797649 -1.38901e-06 -76.0796 0 0 0 1 
				20
				1.38783e-06 -1.47962e-06 -1 5.17908e-05 -0.000797649 -1 1.47851e-06 0.00263941 -1 0.000797649 -1.38901e-06 -76.9534 0 0 0 1 
				21
				1.38782e-06 -1.49252e-06 -1 5.17908e-05 -0.000797649 -0.999999 1.49142e-06 0.00263939 -1 0.000797649 -1.38901e-06 -77.7159 0 0 0 1 
				22
				1.38781e-06 -1.50415e-06 -1 5.17909e-05 -0.000797649 -1 1.50304e-06 0.00263937 -1 0.000797649 -1.38901e-06 -78.2549 0 0 0 1 
				23
				1.38781e-06 -1.51324e-06 -1 5.17909e-05 -0.000797649 -0.999999 1.51214e-06 0.00263937 -1 0.000797649 -1.38901e-06 -78.4579 0 0 0 1 
				24
				1.3878e-06 -1.52026e-06 -1 5.17909e-05 -0.000797649 -1 1.51915e-06 0.00263939 -1 0.000797649 -1.38901e-06 -78.3179 0 0 0 1 
				25
				1.3878e-06 -1.52652e-06 -1 5.17909e-05 -0.000797649 -1 1.52541e-06 0.00263945 -1 0.000797649 -1.38901e-06 -77.9334 0 0 0 1 
				26
				1.38779e-06 -1.53219e-06 -1 5.1791e-05 -0.000797649 -1 1.53108e-06 0.0026395 -1 0.000797649 -1.38901e-06 -77.3615 0 0 0 1 
				27
				1.38779e-06 -1.53746e-06 -1 5.1791e-05 -0.000797649 -1 1.53635e-06 0.00263956 -1 0.000797649 -1.38901e-06 -76.6594 0 0 0 1 
				28
				1.38778e-06 -1.5425e-06 -1 5.1791e-05 -0.000797649 -1 1.54139e-06 0.00263964 -1 0.000797649 -1.38901e-06 -75.8824 0 0 0 1 
				29
				1.38778e-06 -1.54747e-06 -1 5.1791e-05 -0.000797649 -1 1.54636e-06 0.00263972 -1 0.000797649 -1.38901e-06 -75.0858 0 0 0 1 
				30
				1.38777e-06 -1.55256e-06 -1 5.1791e-05 -0.000797649 -1 1.55145e-06 0.00263979 -1 0.000797649 -1.38901e-06 -74.3266 0 0 0 1 
				31
				1.38777e-06 -1.55795e-06 -1 5.1791e-05 -0.000797649 -1 1.55684e-06 0.00263986 -1 0.000797649 -1.38901e-06 -73.662 0 0 0 1 
		</Joint>
			5
				-1
				1 1.55907e-06 1.40731e-06 1.6044 -1.55907e-06 1 1.89704e-06 -4.68379e-05 -1.40731e-06 -1.89704e-06 1 -73.662 0 0 0 1 
				0
				1 1.55129e-06 1.40731e-06 1.6044 -1.55129e-06 1 1.89694e-06 -4.68947e-05 -1.40731e-06 -1.89695e-06 1 -74.283 0 0 0 1 
				1
				1 1.54295e-06 1.40731e-06 1.6044 -1.54295e-06 1 1.89704e-06 -4.69454e-05 -1.40731e-06 -1.89704e-06 1 -74.9924 0 0 0 1 
				2
				1 1.53416e-06 1.40731e-06 1.6044 -1.53416e-06 1 1.89694e-06 -4.70011e-05 -1.40731e-06 -1.89695e-06 1 -75.7368 0 0 0 1 
				3
				1 1.52507e-06 1.40731e-06 1.6044 -1.52508e-06 1 1.89704e-06 -4.70649e-05 -1.40731e-06 -1.89704e-06 1 -76.4628 0 0 0 1 
				4
				1 1.51581e-06 1.40731e-06 1.6044 -1.51582e-06 1 1.89704e-06 -4.71061e-05 -1.40731e-06 -1.89704e-06 1 -77.1188 0 0 0 1 
				5
				1 1.50651e-06 1.40731e-06 1.6044 -1.50651e-06 1 1.89694e-06 -4.71411e-05 -1.40731e-06 -1.89695e-06 1 -77.6531 0 0 0 1 
				6
				1 1.49729e-06 1.40731e-06 1.6044 -1.49729e-06 1 1.89694e-06 -4.71745e-05 -1.40731e-06 -1.89695e-06 1 -78.0124 0 0 0 1 
				7
				1 1.48829e-06 1.40731e-06 1.6044 -1.48829e-06 1 1.89694e-06 -4.71819e-05 -1.40731e-06 -1.89695e-06 1 -78.1432 0 0 0 1 
				8
				1 1.47964e-06 1.40731e-06 1.6044 -1.47964e-06 1 1.89694e-06 -4.71763e-05 -1.40731e-06 -1.89695e-06 1 -77.9494 0 0 0 1 
				9
				1 1.47147e-06 1.40731e-06 1.6044 -1.47147e-06 1 1.89694e-06 -4.71445e-05 -1.40731e-06 -1.89695e-06 1 -77.4357 0 0 0 1 
				10
				1 1.46391e-06 1.40731e-06 1.6044 -1.46391e-06 1 1.89704e-06 -4.70956e-05 -1.40731e-06 -1.89704e-06 1 -76.7107 0 0 0 1 
				11
				1 1.45709e-06 1.40731e-06 1.6044 -1.45709e-06 1 1.89694e-06 -4.70525e-05 -1.40731e-06 -1.89695e-06 1 -75.883 0 0 0 1 
				12
				1 1.45115e-06 1.40731e-06 1.6044 -1.45115e-06 1 1.89704e-06 -4.69945e-05 -1.40731e-06 -1.89704e-06 1 -75.0577 0 0 0 1 
				13
				1 1.4462e-06 1.40731e-06 1.6044 -1.44621e-06 1 1.89694e-06 -4.69637e-05 -1.40731e-06 -1.89695e-06 1 -74.3401 0 0 0 1 
				14
				1 1.4424e-06 1.40731e-06 1.6044 -1.4424e-06 1 1.89694e-06 -4.69168e-05 -1.40731e-06 -1.89695e-06 1 -73.8386 0 0 0 1 
				15
				1 1.43986e-06 1.40731e-06 1.6044 -1.43986e-06 1 1.89694e-06 -4.6913e-05 -1.40731e-06 -1.89695e-06 1 -73.662 0 0 0 1 
				16
				1 1.44081e-06 1.40731e-06 1.6044 -1.44081e-06 1 1.89704e-06 -4.69122e-05 -1.40731e-06 -1.89704e-06 1 -73.8822 0 0 0 1 
				17
				1 1.44661e-06 1.40731e-06 1.6044 -1.44661e-06 1 1.89694e-06 -4.69662e-05 -1.40731e-06 -1.89695e-06 1 -74.4335 0 0 0 1 
				18
				1 1.45602e-06 1.40731e-06 1.6044 -1.45602e-06 1 1.89704e-06 -4.70221e-05 -1.40731e-06 -1.89704e-06 1 -75.2034 0 0 0 1 
				19
				1 1.4678e-06 1.40731e-06 1.6044 -1.4678e-06 1 1.89694e-06 -4.70823e-05 -1.40731e-06 -1.89695e-06 1 -76.0796 0 0 0 1 
				20
				1 1.48074e-06 1.40731e-06 1.6044 -1.48074e-06 1 1.89704e-06 -4.71522e-05 -1.40731e-06 -1.89704e-06 1 -76.9534 0 0 0 1 
				21
				1 1.49364e-06 1.40731e-06 1.6044 -1.49365e-06 1 1.89694e-06 -4.72014e-05 -1.40731e-06 -1.89695e-06 1 -77.7159 0 0 0 1 
				22
				1 1.50527e-06 1.40731e-06 1.6044 -1.50527e-06 1 1.89704e-06 -4.72354e-05 -1.40731e-06 -1.89704e-06 1 -78.2549 0 0 0 1 
				23
				1 1.51436e-06 1.40731e-06 1.6044 -1.51437e-06 1 1.89694e-06 -4.72549e-05 -1.40731e-06 -1.89695e-06 1 -78.4579 0 0 0 1 
				24
				1 1.52138e-06 1.40731e-06 1.6044 -1.52138e-06 1 1.89704e-06 -4.72386e-05 -1.40731e-06 -1.89704e-06 1 -78.3179 0 0 0 1 
				25
				1 1.52764e-06 1.40731e-06 1.6044 -1.52764e-06 1 1.89699e-06 -4.71981e-05 -1.40731e-06 -1.89699e-06 1 -77.9334 0 0 0 1 
				26
				1 1.53331e-06 1.40731e-06 1.6044 -1.53331e-06 1 1.89704e-06 -4.71484e-05 -1.40731e-06 -1.89704e-06 1 -77.3615 0 0 0 1 
				27
				1 1.53858e-06 1.40731e-06 1.6044 -1.53858e-06 1 1.89704e-06 -4.7097e-05 -1.40731e-06 -1.89704e-06 1 -76.6594 0 0 0 1 
				28
				1 1.54362e-06 1.40731e-06 1.6044 -1.54362e-06 1 1.89704e-06 -4.70302e-05 -1.40731e-06 -1.89704e-06 1 -75.8824 0 0 0 1 
				29
				1 1.54859e-06 1.40731e-06 1.6044 -1.54859e-06 1 1.89704e-06 -4.69599e-05 -1.40731e-06 -1.89704e-06 1 -75.0858 0 0 0 1 
				30
				1 1.55368e-06 1.40731e-06 1.6044 -1.55369e-06 1 1.89704e-06 -4.68979e-05 -1.40731e-06 -1.89704e-06 1 -74.3266 0 0 0 1 
				31
				1 1.55907e-06 1.40731e-06 1.6044 -1.55907e-06 1 1.89704e-06 -4.68379e-05 -1.40731e-06 -1.89704e-06 1 -73.662 0 0 0 1 
		</Joint>
			6
				-1
				0.131636 -0.0719958 -0.98868 9.07601 -0.688527 0.710883 -0.143439 -5.84867e-05 0.713163 0.699615 0.0440066 -73.662 0 0 0 1 
				0
				0.128402 -0.0762612 -0.988785 9.07601 -0.599958 0.78792 -0.138678 -5.84854e-05 0.78966 0.611036 0.0554167 -74.283 0 0 0 1 
				1
				0.124158 -0.0805072 -0.988991 9.07601 -0.49333 0.85978 -0.131922 -5.84737e-05 0.860936 0.504278 0.0670324 -74.9924 0 0 0 1 
				2
				0.118914 -0.0844272 -0.989308 9.07601 -0.370484 0.920645 -0.123099 -5.84638e-05 0.921195 0.381161 0.0781987 -75.7368 0 0 0 1 
				3
				0.113672 -0.0876206 -0.989647 9.07601 -0.234587 0.965571 -0.112434 -5.84597e-05 0.965426 0.244939 0.0892033 -76.4628 0 0 0 1 
				4
				0.111217 -0.0900292 -0.98971 9.07601 -0.0878618 0.991098 -0.100029 -5.84317e-05 0.989905 0.0980825 0.102316 -77.1188 0 0 0 1 
				5
				0.105907 -0.0914623 -0.99016 9.07601 0.0515169 0.994928 -0.0863925 -5.83971e-05 0.993041 -0.0418604 0.110082 -77.6531 0 0 0 1 
				6
				0.0942791 -0.0921826 -0.991268 9.07601 0.200656 0.977029 -0.0717741 -5.83616e-05 0.975115 -0.192137 0.11061 -78.0124 0 0 0 1 
				7
				0.0878368 -0.0918072 -0.991895 9.07601 0.336992 0.939772 -0.0571406 -5.83018e-05 0.937401 -0.329242 0.113485 -78.1433 0 0 0 1 
				8
				0.0816354 -0.0905438 -0.99254 9.07601 0.460153 0.886795 -0.0430501 -5.82316e-05 0.884078 -0.453206 0.114058 -77.9494 0 0 0 1 
				9
				0.0763882 -0.0887224 -0.993122 9.07601 0.567214 0.823027 -0.029898 -5.81387e-05 0.82002 -0.56103 0.113194 -77.4357 0 0 0 1 
				10
				0.0718285 -0.086502 -0.993659 9.07601 0.656342 0.754244 -0.018215 -5.80333e-05 0.751037 -0.650872 0.110951 -76.7107 0 0 0 1 
				11
				0.068019 -0.0841312 -0.99413 9.07601 0.727067 0.686516 -0.0083521 -5.79394e-05 0.683189 -0.722231 0.107865 -75.883 0 0 0 1 
				12
				0.065067 -0.081901 -0.994514 9.07601 0.780085 0.625673 -0.000488167 -5.78369e-05 0.622281 -0.775774 0.1046 -75.0577 0 0 0 1 
				13
				0.0629844 -0.0800721 -0.994797 9.07601 0.816718 0.577012 0.00526536 -5.77692e-05 0.573588 -0.812801 0.101739 -74.3401 0 0 0 1 
				14
				0.061728 -0.0788522 -0.994973 9.07601 0.838286 0.54516 0.00880294 -5.76938e-05 0.541725 -0.834615 0.0997524 -73.8386 0 0 0 1 
				15
				0.0613 -0.0784154 -0.995034 9.07601 0.845492 0.533894 0.0100128 -5.76711e-05 0.530458 -0.841907 0.0990273 -73.662 0 0 0 1 
				16
				0.0617281 -0.0788521 -0.994973 9.07601 0.838286 0.545159 0.00880305 -5.76774e-05 0.541725 -0.834616 0.0997523 -73.8822 0 0 0 1 
				17
				0.0629845 -0.0800719 -0.994797 9.07601 0.816718 0.577012 0.00526556 -5.77748e-05 0.573588 -0.812801 0.101739 -74.4335 0 0 0 1 
				18
				0.0650671 -0.0819011 -0.994514 9.07601 0.780085 0.625673 -0.000488113 -5.7901e-05 0.622281 -0.775774 0.104601 -75.2034 0 0 0 1 
				19
				0.068019 -0.0841312 -0.99413 9.07601 0.727067 0.686516 -0.00835209 -5.80491e-05 0.683189 -0.722231 0.107865 -76.0796 0 0 0 1 
				20
				0.0718284 -0.0865022 -0.993659 9.07601 0.656342 0.754244 -0.0182153 -5.82158e-05 0.751037 -0.650872 0.110951 -76.9534 0 0 0 1 
				21
				0.0763882 -0.0887223 -0.993122 9.07601 0.567215 0.823027 -0.029898 -5.83614e-05 0.82002 -0.56103 0.113194 -77.7159 0 0 0 1 
				22
				0.0816353 -0.0905439 -0.992541 9.07601 0.460153 0.886795 -0.0430502 -5.84822e-05 0.884078 -0.453207 0.114058 -78.2549 0 0 0 1 
				23
				0.0878368 -0.0918072 -0.991895 9.07601 0.336992 0.939772 -0.0571406 -5.85697e-05 0.937401 -0.329242 0.113485 -78.4579 0 0 0 1 
				24
				0.0942792 -0.0921826 -0.991269 9.07601 0.200656 0.977029 -0.0717741 -5.86058e-05 0.975115 -0.192138 0.110611 -78.3179 0 0 0 1 
				25
				0.105907 -0.0914622 -0.990161 9.07601 0.0515169 0.994928 -0.0863924 -5.86121e-05 0.993041 -0.0418604 0.110082 -77.9334 0 0 0 1 
				26
				0.111217 -0.0900292 -0.98971 9.07601 -0.0878618 0.991098 -0.100029 -5.86047e-05 0.989905 0.0980825 0.102316 -77.3615 0 0 0 1 
				27
				0.113672 -0.0876206 -0.989647 9.07601 -0.234587 0.965571 -0.112434 -5.85927e-05 0.965426 0.244939 0.0892033 -76.6594 0 0 0 1 
				28
				0.118914 -0.0844272 -0.989309 9.07601 -0.370484 0.920646 -0.123099 -5.85635e-05 0.921196 0.381161 0.0781988 -75.8824 0 0 0 1 
				29
				0.124158 -0.0805075 -0.988991 9.07601 -0.49333 0.85978 -0.131922 -5.85304e-05 0.860936 0.504278 0.0670323 -75.0858 0 0 0 1 
				30
				0.128402 -0.0762612 -0.988786 9.07601 -0.599958 0.78792 -0.138679 -5.85064e-05 0.78966 0.611037 0.0554168 -74.3266 0 0 0 1 
				31
				0.131636 -0.0719958 -0.98868 9.07601 -0.688527 0.710883 -0.143439 -5.84867e-05 0.713163 0.699615 0.0440066 -73.662 0 0 0 1 
		</Joint>
			7
				-1
				0.0770644 0.128734 -0.98868 11.1028 -0.737141 -0.660339 -0.143439 -10.6015 -0.671329 0.739851 0.0440066 -62.6812 0 0 0 1 
				0
				0.0765994 0.1282 -0.988785 11.053 -0.789499 -0.597879 -0.138679 -9.2378 -0.608953 0.791268 0.0554167 -62.1243 0 0 0 1 
				1
				0.0758399 0.127063 -0.988991 10.9877 -0.840863 -0.524925 -0.131922 -7.59601 -0.535908 0.841611 0.0670324 -61.7363 0 0 0 1 
				2
				0.0747018 0.125252 -0.989308 10.907 -0.888262 -0.442534 -0.123099 -5.70451 -0.453221 0.887961 0.0781988 -61.5528 0 0 0 1 
				3
				0.0728949 0.123632 -0.989647 10.8262 -0.929161 -0.352164 -0.112434 -3.61208 -0.362418 0.927737 0.0892033 -61.5978 0 0 0 1 
				4
				0.0699966 0.124799 -0.98971 10.7884 -0.962111 -0.253647 -0.100029 -1.35289 -0.26352 0.959212 0.102316 -61.8769 0 0 0 1 
				5
				0.0667574 0.122984 -0.99016 10.7067 -0.983006 -0.161968 -0.0863925 0.793163 -0.170999 0.979102 0.110082 -62.363 0 0 0 1 
				6
				0.0648265 0.11482 -0.991268 10.5277 -0.995765 -0.057441 -0.0717741 3.08951 -0.0651806 0.991724 0.11061 -62.9982 0 0 0 1 
				7
				0.0613075 0.111289 -0.991895 10.4285 -0.997554 0.040256 -0.0571406 5.18871 0.0335706 0.992972 0.113485 -63.7098 0 0 0 1 
				8
				0.0575327 0.107483 -0.99254 10.333 -0.990246 0.132511 -0.0430501 7.08507 0.126895 0.985337 0.114058 -64.337 0 0 0 1 
				9
				0.0536081 0.104082 -0.993122 10.2522 -0.975659 0.217242 -0.029898 8.73352 0.212636 0.970553 0.113194 -64.8096 0 0 0 1 
				10
				0.0497651 0.100823 -0.993659 10.182 -0.956119 0.292411 -0.018215 10.1058 0.28872 0.950963 0.110951 -65.1467 0 0 0 1 
				11
				0.0461985 0.0978282 -0.99413 10.1233 -0.934315 0.356349 -0.00835204 11.1948 0.35344 0.929217 0.107865 -65.3637 0 0 0 1 
				12
				0.0431003 0.0953093 -0.994514 10.0779 -0.913067 0.407809 -0.000488167 12.0111 0.405525 0.908079 0.1046 -65.4762 0 0 0 1 
				13
				0.0406684 0.0934059 -0.994797 10.0458 -0.895114 0.445806 0.00526541 12.5752 0.443978 0.890243 0.101739 -65.5084 0 0 0 1 
				14
				0.0390926 0.0921943 -0.994973 10.0265 -0.882945 0.469393 0.008803 12.9073 0.467845 0.878163 0.0997524 -65.4975 0 0 0 1 
				15
				0.0385375 0.0917689 -0.995034 10.0199 -0.878566 0.477514 0.0100129 13.0182 0.476062 0.873818 0.0990273 -65.4944 0 0 0 1 
				16
				0.0390925 0.0921943 -0.994973 10.0265 -0.882945 0.469393 0.00880305 12.9073 0.467845 0.878163 0.0997523 -65.5411 0 0 0 1 
				17
				0.0406681 0.0934059 -0.994797 10.0458 -0.895114 0.445805 0.00526562 12.5752 0.443978 0.890243 0.101739 -65.6018 0 0 0 1 
				18
				0.0431003 0.0953094 -0.994514 10.0779 -0.913067 0.407809 -0.000488113 12.0111 0.405525 0.908079 0.104601 -65.6219 0 0 0 1 
				19
				0.0461985 0.0978282 -0.99413 10.1233 -0.934315 0.356349 -0.00835202 11.1948 0.35344 0.929217 0.107865 -65.5604 0 0 0 1 
				20
				0.0497654 0.100823 -0.993659 10.182 -0.956119 0.292411 -0.0182153 10.1058 0.28872 0.950963 0.110951 -65.3895 0 0 0 1 
				21
				0.0536081 0.104082 -0.993122 10.2522 -0.975659 0.217242 -0.029898 8.73352 0.212636 0.970553 0.113194 -65.0898 0 0 0 1 
				22
				0.0575329 0.107482 -0.992541 10.333 -0.990246 0.132511 -0.0430502 7.08507 0.126895 0.985337 0.114058 -64.6424 0 0 0 1 
				23
				0.0613075 0.111289 -0.991895 10.4285 -0.997554 0.040256 -0.0571406 5.18872 0.0335706 0.992972 0.113485 -64.0244 0 0 0 1 
				24
				0.0648265 0.11482 -0.991269 10.5277 -0.995766 -0.057441 -0.0717741 3.08951 -0.0651806 0.991724 0.110611 -63.3037 0 0 0 1 
				25
				0.0667574 0.122984 -0.99016 10.7067 -0.983007 -0.161968 -0.0863924 0.793163 -0.170999 0.979102 0.110082 -62.6432 0 0 0 1 
				26
				0.0699965 0.124799 -0.98971 10.7884 -0.962111 -0.253647 -0.100029 -1.35289 -0.26352 0.959212 0.102316 -62.1197 0 0 0 1 
				27
				0.0728949 0.123632 -0.989647 10.8262 -0.929161 -0.352164 -0.112434 -3.61208 -0.362418 0.927737 0.0892033 -61.7945 0 0 0 1 
				28
				0.0747018 0.125252 -0.989309 10.907 -0.888262 -0.442534 -0.123099 -5.70451 -0.453221 0.887961 0.0781988 -61.6985 0 0 0 1 
				29
				0.0758402 0.127063 -0.988991 10.9877 -0.840863 -0.524925 -0.131922 -7.59601 -0.535908 0.841611 0.0670323 -61.8297 0 0 0 1 
				30
				0.0765993 0.1282 -0.988786 11.0531 -0.789499 -0.597879 -0.138679 -9.2378 -0.608953 0.791268 0.0554168 -62.168 0 0 0 1 
				31
				0.0770644 0.128734 -0.98868 11.1028 -0.737141 -0.660339 -0.143439 -10.6015 -0.671329 0.739851 0.0440066 -62.6812 0 0 0 1 
		</Joint>
			8
				-1
				0.0770644 -0.988577 -0.129521 12.2894 -0.737141 -0.143965 0.660224 -21.9515 -0.671329 0.0445957 -0.739816 -73.0179 0 0 0 1 
				0
				0.0824361 -0.988686 -0.125315 12.2325 -0.816258 -0.139125 0.560684 -21.394 -0.571775 0.0560685 -0.818492 -71.5006 0 0 0 1 
				1
				0.0877667 -0.988896 -0.119925 12.1555 -0.887665 -0.132273 0.441084 -20.543 -0.452049 0.0677407 -0.889417 -69.9878 0 0 0 1 
				2
				0.0926761 -0.989218 -0.113392 12.0572 -0.944678 -0.123341 0.303924 -19.3814 -0.314633 0.078952 -0.945924 -68.5312 0 0 0 1 
				3
				0.0967756 -0.989562 -0.106774 11.9486 -0.981743 -0.112556 0.153337 -17.9187 -0.163755 0.0899856 -0.982388 -67.1781 0 0 0 1 
				4
				0.100242 -0.989628 -0.102895 11.8662 -0.994958 -0.100023 -0.00730202 -16.1668 -0.0030656 0.103108 -0.994665 -65.9344 0 0 0 1 
				5
				0.102357 -0.990084 -0.0962069 11.7346 -0.983558 -0.0862662 -0.158652 -14.3425 0.148779 0.110864 -0.982636 -64.9959 0 0 0 1 
				6
				0.102841 -0.991202 -0.0833112 11.5258 -0.945846 -0.0715219 -0.316637 -12.2426 0.307892 0.111363 -0.944881 -64.0018 0 0 0 1 
				7
				0.102596 -0.991835 -0.0757423 11.3724 -0.887078 -0.0567758 -0.458114 -10.1709 0.450074 0.11419 -0.88566 -63.1929 0 0 0 1 
				8
				0.101302 -0.992486 -0.068617 11.2188 -0.811753 -0.0425862 -0.582446 -8.16206 0.575148 0.114703 -0.809968 -62.3831 0 0 0 1 
				9
				0.0994056 -0.993073 -0.0626401 11.0776 -0.726104 -0.0293509 -0.686958 -6.28901 0.680361 0.113771 -0.723992 -61.5356 0 0 0 1 
				10
				0.0970563 -0.993613 -0.057554 10.9482 -0.637131 -0.0176015 -0.770554 -4.61582 0.76462 0.111457 -0.63477 -60.7012 0 0 0 1 
				11
				0.094535 -0.994088 -0.0534013 10.8346 -0.55189 -0.00768802 -0.833881 -3.19113 0.828541 0.108303 -0.549354 -59.9217 0 0 0 1 
				12
				0.0921719 -0.994475 -0.0502474 10.7415 -0.476883 0.000211737 -0.878967 -2.04763 0.87412 0.104978 -0.474228 -59.2322 0 0 0 1 
				13
				0.0902461 -0.994759 -0.0480596 10.672 -0.417807 0.00598887 -0.908516 -1.20714 0.904042 0.10207 -0.415077 -58.6723 0 0 0 1 
				14
				0.0889668 -0.994936 -0.0467589 10.6284 -0.379541 0.00953966 -0.925125 -0.687696 0.920887 0.100052 -0.37677 -58.294 0 0 0 1 
				15
				0.0885093 -0.994997 -0.0463199 10.6132 -0.366081 0.0107538 -0.93052 -0.509326 0.926364 0.0993166 -0.363298 -58.1643 0 0 0 1 
				16
				0.0889667 -0.994936 -0.0467589 10.6284 -0.379541 0.00953969 -0.925126 -0.687684 0.920887 0.100052 -0.376771 -58.3376 0 0 0 1 
				17
				0.0902459 -0.994759 -0.0480598 10.672 -0.417807 0.00598908 -0.908516 -1.20713 0.904042 0.10207 -0.415077 -58.7657 0 0 0 1 
				18
				0.0921719 -0.994474 -0.0502474 10.7415 -0.476883 0.000211757 -0.878967 -2.04762 0.87412 0.104978 -0.474228 -59.3779 0 0 0 1 
				19
