<?xml version='1.0' encoding='UTF-8' ?>
<itpanim>
	<skeleton count>
		25
			0 -1
			1.37091e-06 -1 -6.12323e-17 1.4e-05 1 1.37091e-06 -6.12323e-17 -1.91963e-11 6.12323e-17 -6.12323e-17 1 58.5533 0 0 0 1 
			1 0
			1.3868e-06 -2.28068e-12 -1 -58.5533 2.75771e-06 -1 6.10495e-12 1.40002e-05 -1 -2.75771e-06 -1.3868e-06 -8.12017e-05 0 0 0 1 
			2 1
			1.40269e-06 -0.000796318 -1 -67.8882 0 -1 0.000796318 0.0803988 -1 -1.11699e-09 -1.40269e-06 -2.22975e-07 0 0 0 1 
			3 2
			1.40269e-06 -0.000796318 -1 -100.951 0 -1 0.000796318 0.125537 -1 -1.11699e-09 -1.40269e-06 -3.4817e-07 0 0 0 1 
			4 3
			1.40269e-06 -0.000796318 -1 -157.638 0 -1 0.000796318 0.130385 -1 -1.11699e-09 -1.40269e-06 -3.61616e-07 0 0 0 1 
			5 4
			1.34309e-06 9.82436e-13 -1 -163.726 -1.40269e-06 -1 -2.86637e-12 6.843e-06 -1 1.40269e-06 -1.34309e-06 -0.000219899 0 0 0 1 
			6 5
			1 -0 0 0 0 1 0 0 -0 -0 1 -0 0 0 0 1 
			7 4
			0.939693 1.30318e-06 0.34202 43.7151 -1.38586e-06 1 -2.63612e-09 -3.76881e-06 -0.34202 -4.71514e-07 0.939693 142.553 0 0 0 1 
			8 7
			0.64989 0.118088 0.750799 90.4882 -0.0275106 0.990863 -0.132033 -18.1135 -0.759531 0.065152 0.647201 111.468 0 0 0 1 
			9 8
			0.642057 -0.0844314 0.761994 60.9558 0.104289 0.994297 0.0222969 -5.92664 -0.75953 0.065152 0.647201 111.468 0 0 0 1 
			10 9
			0.642057 -0.0844314 0.761994 28.628 -0.759447 0.0659437 0.647218 111.463 -0.104894 -0.994245 -0.0217816 6.0154 0 0 0 1 
			11 4
			-0.939693 -1.27328e-06 0.34202 43.7151 -1.35596e-06 1 -2.63613e-09 -3.76881e-06 -0.34202 -4.66242e-07 -0.939693 -142.553 0 0 0 1 
			12 11
			-0.64989 0.118086 0.750799 90.4882 0.0275078 0.990863 -0.132033 -18.1135 -0.75953 -0.0651541 -0.647201 -111.468 0 0 0 1 
			13 12
			-0.642057 -0.0844331 0.761994 60.9559 -0.104292 0.994297 0.0222969 -5.92664 -0.75953 -0.065154 -0.647201 -111.468 0 0 0 1 
			14 13
			-0.642057 -0.0844331 0.761993 28.628 0.759447 0.0659458 0.647218 111.463 -0.104897 0.994244 0.0217816 -6.0154 0 0 0 1 
			15 2
			0.0553766 -0.0626594 0.996497 57.2683 -0.0485968 -0.997015 -0.0599913 -2.56494 0.997282 -0.0451045 -0.0582563 -22.8596 0 0 0 1 
			16 15
			0.0622516 0.0929321 0.993725 21.563 -0.0394076 -0.99465 0.0954874 0.793302 0.997282 -0.0451045 -0.0582563 -22.8596 0 0 0 1 
			17 16
			1.3716e-06 -6.00745e-14 1 7.62276 0 -1 -6.00745e-14 -0.82329 1 8.23984e-20 -1.3716e-06 -22.4394 0 0 0 1 
			18 17
			1.3716e-06 -1 -6.12323e-17 -13.0552 0 6.12323e-17 -1 0.670089 1 1.3716e-06 8.39865e-23 -22.4394 0 0 0 1 
			19 18
			1 -0 0 0 0 1 0 0 -0 -0 1 -0 0 0 0 1 
			20 2
			-0.0553766 -0.0626595 0.996497 57.2683 0.0485995 -0.997015 -0.0599913 -2.56494 0.997282 0.0451072 0.0582565 22.8596 0 0 0 1 
			21 20
			-0.062252 0.0929319 0.993724 21.563 0.0394103 -0.99465 0.0954874 0.793303 0.997282 0.0451072 0.0582565 22.8596 0 0 0 1 
			22 21
			1.3716e-06 -6.00745e-14 1 7.62277 0 -1 -6.00745e-14 -0.82329 1 8.23984e-20 -1.3716e-06 22.4394 0 0 0 1 
			23 22
			1.3716e-06 -1 -6.12323e-17 -13.0552 0 6.12323e-17 -1 0.670089 1 1.3716e-06 8.39865e-23 22.4394 0 0 0 1 
			24 23
			1 -0 0 0 0 1 0 0 -0 -0 1 -0 0 0 0 1 
	</skeleton>
		<animations>
			17
			0
				-1
				1.33158e-06 1 0 -5.19361e-09 -1 1.33158e-06 0 -0.118802 -0 -0 1 -60.3766 0 0 0 1 
				0
				-0.0574708 0.998347 -7.08382e-34 -1.11052e-07 -0.998347 -0.0574708 -1.23056e-32 -0.090572 -1.2326e-32 -0 1 -59.8145 0 0 0 1 
				1
				-0.119025 0.992891 0 -2.14713e-07 -0.992891 -0.119025 -0 -0.0602306 -0 -0 1 -59.2462 0 0 0 1 
				2
				-0.181802 0.983335 0 -3.17504e-07 -0.983335 -0.181802 -0 -0.0290525 -0 -0 1 -58.6755 0 0 0 1 
				3
				-0.242979 0.970032 -5.80207e-36 -4.2075e-07 -0.970032 -0.242979 -1.27053e-32 0.00168717 -1.2326e-32 -3.08149e-33 1 -58.106 0 0 0 1 
				4
				-0.299954 0.953954 2.9396e-33 -5.25738e-07 -0.953954 -0.299954 -9.24303e-34 0.0307534 -0 -3.08149e-33 1 -57.5415 0 0 0 1 
				5
				-0.350334 0.936625 -2.8862e-33 -6.33751e-07 -0.936625 -0.350334 1.07955e-33 0.0569111 -0 3.08149e-33 1 -56.9855 0 0 0 1 
				6
				-0.391894 0.92001 0 -7.46116e-07 -0.92001 -0.391894 -0 0.0788853 -0 -0 1 -56.4418 0 0 0 1 
				7
				-0.422617 0.906308 0 -8.64158e-07 -0.906308 -0.422617 -0 0.0954006 -0 -0 1 -55.9141 0 0 0 1 
				8
				-0.441465 0.897278 0 -9.88708e-07 -0.897278 -0.441465 -0 0.105661 -0 -0 1 -55.4048 0 0 0 1 
				9
				-0.450219 0.892918 2.75152e-33 -1.11894e-06 -0.892918 -0.450219 -1.38734e-33 0.110462 -0 -3.08149e-33 1 -54.9116 0 0 0 1 
				10
				-0.451342 0.892351 -3.18382e-35 -1.25352e-06 -0.892351 -0.451342 -6.89034e-33 0.111079 -6.16298e-33 -3.08149e-33 1 -54.4307 0 0 0 1 
				11
				-0.447173 0.894448 -6.31962e-37 -1.39112e-06 -0.894448 -0.447173 1.37808e-32 0.108788 1.2326e-32 6.16298e-33 1 -53.9583 0 0 0 1 
				12
				-0.439935 0.89803 0 -1.53047e-06 -0.89803 -0.439935 -0 0.104824 -0 -0 1 -53.4908 0 0 0 1 
				13
				-0.431863 0.901939 0 -1.67027e-06 -0.901939 -0.431863 -0 0.100421 -0 -0 1 -53.0246 0 0 0 1 
				14
				-0.4253 0.905053 -3.35592e-34 -1.8092e-06 -0.905053 -0.4253 1.37767e-32 0.0968548 1.2326e-32 6.16298e-33 1 -52.556 0 0 0 1 
				15
				-0.422617 0.906308 0 -1.94593e-06 -0.906308 -0.422617 -0 0.0954006 -0 -0 1 -52.0811 0 0 0 1 
		</Joint>
			1
				-1
				1.33158e-06 2.66316e-06 -1 -5.19361e-09 0 -1 -2.66316e-06 -0.118802 -1 3.54621e-12 -1.33158e-06 -60.3766 0 0 0 1 
				0
				1.33158e-06 -0.0574694 -0.998347 -1.11052e-07 0 -0.998347 0.0574694 -0.090572 -1 -7.65252e-08 -1.32938e-06 -59.8145 0 0 0 1 
				1
				1.33158e-06 -0.119024 -0.992891 -2.14713e-07 0 -0.992891 0.119024 -0.0602306 -1 -1.5849e-07 -1.32211e-06 -59.2462 0 0 0 1 
				2
				1.33158e-06 -0.1818 -0.983336 -3.17504e-07 0 -0.983336 0.1818 -0.0290525 -1 -2.42082e-07 -1.30939e-06 -58.6755 0 0 0 1 
				3
				1.33158e-06 -0.242977 -0.970032 -4.2075e-07 0 -0.970032 0.242977 0.00168717 -1 -3.23544e-07 -1.29168e-06 -58.106 0 0 0 1 
				4
				1.33158e-06 -0.299952 -0.953954 -5.25738e-07 0 -0.953954 0.299952 0.0307534 -1 -3.9941e-07 -1.27027e-06 -57.5415 0 0 0 1 
				5
				1.33158e-06 -0.350332 -0.936626 -6.33751e-07 0 -0.936626 0.350332 0.0569111 -1 -4.66496e-07 -1.24719e-06 -56.9855 0 0 0 1 
				6
				1.33158e-06 -0.391892 -0.920011 -7.46116e-07 0 -0.920011 0.391892 0.0788853 -1 -5.21836e-07 -1.22507e-06 -56.4418 0 0 0 1 
				7
				1.33158e-06 -0.422616 -0.906309 -8.64158e-07 0 -0.906309 0.422616 0.0954006 -1 -5.62747e-07 -1.20682e-06 -55.9141 0 0 0 1 
				8
				1.33158e-06 -0.441464 -0.897279 -9.88708e-07 0 -0.897279 0.441464 0.105661 -1 -5.87845e-07 -1.1948e-06 -55.4048 0 0 0 1 
				9
				1.33158e-06 -0.450218 -0.892919 -1.11894e-06 0 -0.892919 0.450218 0.110462 -1 -5.99501e-07 -1.18899e-06 -54.9116 0 0 0 1 
				10
				1.33158e-06 -0.45134 -0.892352 -1.25352e-06 0 -0.892352 0.45134 0.111079 -1 -6.00996e-07 -1.18824e-06 -54.4307 0 0 0 1 
				11
				1.33158e-06 -0.447171 -0.894448 -1.39112e-06 0 -0.894448 0.447171 0.108788 -1 -5.95445e-07 -1.19103e-06 -53.9583 0 0 0 1 
				12
				1.33158e-06 -0.439934 -0.89803 -1.53047e-06 0 -0.89803 0.439934 0.104824 -1 -5.85807e-07 -1.1958e-06 -53.4908 0 0 0 1 
				13
				1.33158e-06 -0.431862 -0.90194 -1.67027e-06 0 -0.90194 0.431862 0.100421 -1 -5.75059e-07 -1.20101e-06 -53.0246 0 0 0 1 
				14
				1.33158e-06 -0.425299 -0.905053 -1.8092e-06 0 -0.905053 0.425299 0.0968548 -1 -5.66319e-07 -1.20515e-06 -52.556 0 0 0 1 
				15
				1.33158e-06 -0.422616 -0.906309 -1.94593e-06 0 -0.906309 0.422616 0.0954006 -1 -5.62747e-07 -1.20682e-06 -52.0811 0 0 0 1 
		</Joint>
			2
				-1
				1.38782e-06 -1.49834e-06 -1 1.29069e-05 -0.00079765 -1 1.49724e-06 -0.0924898 -1 0.00079765 -1.38901e-06 -69.7115 0 0 0 1 
				0
				-1.842e-05 -0.0247778 -0.999693 0.000664362 -0.000797483 -0.999693 0.0247778 -0.0642691 -1 0.000797694 -1.34556e-06 -69.1494 0 0 0 1 
				1
				-4.16469e-05 -0.0538352 -0.99855 0.00142841 -0.000796651 -0.99855 0.0538352 -0.0339585 -1 0.000797738 -1.30131e-06 -68.5811 0 0 0 1 
				2
				-6.61972e-05 -0.0845453 -0.99642 0.00223591 -0.000795029 -0.996419 0.0845453 -0.00283718 -1 0.000797779 -1.25574e-06 -68.0104 0 0 0 1 
				3
				-8.99808e-05 -0.114288 -0.993448 0.00301792 -0.000792729 -0.993447 0.114288 0.0278237 -1 0.000797819 -1.20833e-06 -67.4409 0 0 0 1 
				4
				-0.000110995 -0.140555 -0.990073 0.00370844 -0.0007901 -0.990073 0.140555 0.0568005 -1 0.000797857 -1.1595e-06 -66.8764 0 0 0 1 
				5
				-0.000127269 -0.160878 -0.986974 0.00424253 -0.000787679 -0.986974 0.160878 0.0828763 -1 0.000797894 -1.10964e-06 -66.3204 0 0 0 1 
				6
				-0.000136797 -0.172746 -0.984966 0.00455413 -0.000786116 -0.984966 0.172746 0.104797 -1 0.000797929 -1.05821e-06 -65.7767 0 0 0 1 
				7
				-0.000137576 -0.173649 -0.984808 0.00457723 -0.000786014 -0.984807 0.173649 0.121308 -1 0.000797963 -1.0047e-06 -65.249 0 0 0 1 
				8
				-0.000128332 -0.161992 -0.986792 0.00426987 -0.000787608 -0.986792 0.161992 0.13162 -1 0.000797994 -9.4965e-07 -64.7398 0 0 0 1 
				9
				-0.000110287 -0.139309 -0.990249 0.00367239 -0.000790367 -0.990249 0.139309 0.136512 -1 0.000798024 -8.93478e-07 -64.2465 0 0 0 1 
				10
				-8.54266e-05 -0.108085 -0.994142 0.00285019 -0.000793468 -0.994141 0.108085 0.137232 -1 0.000798053 -8.35941e-07 -63.7656 0 0 0 1 
				11
				-5.57657e-05 -0.070846 -0.997488 0.00186973 -0.000796129 -0.997487 0.070846 0.13503 -1 0.000798079 -7.76981e-07 -63.2932 0 0 0 1 
				12
				-2.33065e-05 -0.0301004 -0.999547 0.000797022 -0.000797763 -0.999547 0.0301004 0.131119 -1 0.000798104 -7.16986e-07 -62.8257 0 0 0 1 
				13
				9.90569e-06 0.0115886 -0.999933 -0.000300531 -0.000798064 -0.999933 -0.0115886 0.126727 -1 0.000798126 -6.56563e-07 -62.3595 0 0 0 1 
				14
				4.17432e-05 0.0515551 -0.99867 -0.00135276 -0.000797054 -0.99867 -0.0515551 0.123127 -1 0.000798146 -5.9546e-07 -61.8909 0 0 0 1 
				15
				7.00953e-05 0.0871546 -0.996195 -0.00229007 -0.000795081 -0.996195 -0.0871546 0.121608 -1 0.000798165 -5.33614e-07 -61.4161 0 0 0 1 
		</Joint>
			3
				-1
				1.38782e-06 -1.49834e-06 -1 5.87346e-05 -0.00079765 -1 1.49724e-06 -0.0737242 -1 0.00079765 -1.38901e-06 -102.774 0 0 0 1 
				0
				7.63575e-06 0.0079445 -0.999969 -0.000303369 -0.000797702 -0.999968 -0.00794451 -0.0454994 -1 0.000797738 -1.29816e-06 -102.212 0 0 0 1 
				1
				1.04482e-05 0.0115884 -0.999933 -0.000471758 -0.000797752 -0.999933 -0.0115884 -0.0151629 -1 0.000797819 -1.20282e-06 -101.644 0 0 0 1 
				2
				1.18963e-05 0.013528 -0.999909 -0.000563533 -0.000797807 -0.999908 -0.013528 0.016011 -1 0.000797895 -1.10245e-06 -101.073 0 0 0 1 
				3
				1.40514e-05 0.0163606 -0.999866 -0.000695716 -0.00079784 -0.999866 -0.0163606 0.046746 -1 0.000797963 -9.96379e-07 -100.504 0 0 0 1 
				4
				1.89217e-05 0.0226008 -0.999745 -0.000981644 -0.000797801 -0.999744 -0.0226008 0.0758042 -1 0.000798025 -8.85953e-07 -99.9393 0 0 0 1 
				5
				2.85149e-05 0.0347622 -0.999396 -0.00153457 -0.00079757 -0.999395 -0.0347622 0.101944 -1 0.000798079 -7.72373e-07 -99.3833 0 0 0 1 
				6
				4.48932e-05 0.0554288 -0.998463 -0.00247087 -0.000796862 -0.998462 -0.0554288 0.123875 -1 0.000798126 -6.55059e-07 -98.8396 0 0 0 1 
				7
				7.00953e-05 0.0871547 -0.996195 -0.00390557 -0.000795081 -0.996195 -0.0871547 0.140287 -1 0.000798165 -5.33582e-07 -98.3119 0 0 0 1 
				8
				0.000105316 0.131434 -0.991325 -0.00590595 -0.000791217 -0.991325 -0.131434 0.150326 -1 0.000798195 -4.09422e-07 -97.8027 0 0 0 1 
				9
				0.000149058 0.186389 -0.982476 -0.00838743 -0.000784177 -0.982476 -0.186389 0.154728 -1 0.000798218 -2.83649e-07 -97.3094 0 0 0 1 
				10
				0.000198934 0.249029 -0.968496 -0.0112151 -0.000773046 -0.968496 -0.249029 0.154714 -1 0.000798232 -1.56304e-07 -96.8285 0 0 0 1 
				11
				0.000252484 0.316269 -0.94867 -0.01425 -0.000757256 -0.94867 -0.316269 0.151528 -1 0.000798238 -2.7388e-08 -96.3561 0 0 0 1 
				12
				0.000307309 0.385103 -0.922874 -0.0173565 -0.00073671 -0.922874 -0.385103 0.1464 -1 0.000798236 1.01811e-07 -95.8886 0 0 0 1 
				13
				0.000361113 0.452652 -0.891687 -0.0204051 -0.00071187 -0.891687 -0.452653 0.14059 -1 0.000798224 2.29699e-07 -95.4225 0 0 0 1 
				14
				0.000411758 0.516237 -0.856446 -0.0232748 -0.000683803 -0.856445 -0.516237 0.135433 -1 0.000798205 3.56662e-07 -94.9538 0 0 0 1 
				15
				0.000457419 0.573575 -0.819153 -0.0258628 -0.000654106 -0.819153 -0.573576 0.132295 -1 0.000798177 4.82696e-07 -94.479 0 0 0 1 
		</Joint>
			4
				-1
				1.38782e-06 -1.49834e-06 -1 0.000137399 -0.00079765 -1 1.49724e-06 -0.114093 -1 0.00079765 -1.38901e-06 -159.461 0 0 0 1 
				0
				7.63575e-06 0.0079445 -0.999969 9.09508e-05 -0.000797702 -0.999968 -0.00794451 -0.085871 -1 0.000797738 -1.29816e-06 -158.899 0 0 0 1 
				1
				1.04482e-05 0.0115884 -0.999933 6.43246e-05 -0.000797752 -0.999933 -0.0115884 -0.0555375 -1 0.000797819 -1.20283e-06 -158.331 0 0 0 1 
				2
				1.18963e-05 0.013528 -0.999909 4.52356e-05 -0.000797807 -0.999908 -0.013528 -0.0243669 -1 0.000797895 -1.10245e-06 -157.76 0 0 0 1 
				3
				1.40514e-05 0.0163606 -0.999866 2.14887e-05 -0.00079784 -0.999866 -0.0163606 0.00636597 -1 0.000797963 -9.96378e-07 -157.191 0 0 0 1 
				4
				1.89217e-05 0.0226008 -0.999744 -1.86079e-05 -0.000797801 -0.999744 -0.0226008 0.0354259 -1 0.000798024 -8.85953e-07 -156.626 0 0 0 1 
				5
				2.85149e-05 0.0347622 -0.999396 -8.6681e-05 -0.00079757 -0.999395 -0.0347622 0.0615774 -1 0.000798079 -7.72373e-07 -156.07 0 0 0 1 
				6
				4.48932e-05 0.0554288 -0.998463 -0.000194734 -0.000796862 -0.998462 -0.0554288 0.0835435 -1 0.000798126 -6.55063e-07 -155.526 0 0 0 1 
				7
				7.00953e-05 0.0871547 -0.996195 -0.000354603 -0.000795081 -0.996195 -0.0871547 0.100045 -1 0.000798165 -5.33575e-07 -154.999 0 0 0 1 
				8
				0.000105316 0.131434 -0.991325 -0.000573112 -0.000791217 -0.991325 -0.131434 0.11028 -1 0.000798195 -4.09426e-07 -154.489 0 0 0 1 
				9
				0.000149058 0.186389 -0.982476 -0.000841392 -0.000784177 -0.982476 -0.186389 0.115038 -1 0.000798218 -2.83654e-07 -153.996 0 0 0 1 
				10
				0.000198934 0.249029 -0.968496 -0.00114541 -0.000773046 -0.968496 -0.249029 0.115588 -1 0.000798232 -1.56324e-07 -153.515 0 0 0 1 
				11
				0.000252484 0.316269 -0.94867 -0.00147068 -0.000757256 -0.94867 -0.316269 0.113201 -1 0.000798238 -2.73827e-08 -153.043 0 0 0 1 
				12
				0.000307309 0.385103 -0.922874 -0.00180305 -0.00073671 -0.922874 -0.385103 0.109112 -1 0.000798236 1.0179e-07 -152.575 0 0 0 1 
				13
				0.000361113 0.452652 -0.891687 -0.00212905 -0.00071187 -0.891687 -0.452653 0.104559 -1 0.000798224 2.29716e-07 -152.109 0 0 0 1 
				14
				0.000411758 0.516237 -0.856446 -0.00243613 -0.000683803 -0.856445 -0.516237 0.100822 -1 0.000798205 3.56668e-07 -151.641 0 0 0 1 
				15
				0.000457419 0.573575 -0.819153 -0.0027137 -0.000654106 -0.819153 -0.573576 0.0991873 -1 0.000798177 4.82696e-07 -151.166 0 0 0 1 
		</Joint>
			5
				-1
				1.38685e-06 -1.49724e-06 -1 0.000145848 0 -1 1.49724e-06 -0.118949 -1 -2.07645e-12 -1.38685e-06 -165.549 0 0 0 1 
				0
				0.00410724 -0.00314477 -0.999987 0.000137437 -0.0215981 -0.999762 0.00305535 -0.0907274 -0.999758 0.0215853 -0.00417419 -164.987 0 0 0 1 
				1
				0.00671015 -0.0106347 -0.999921 0.000127933 -0.0434297 -0.999003 0.0103335 -0.0603942 -0.999034 0.043357 -0.00716533 -164.419 0 0 0 1 
				2
				0.0076867 -0.0198059 -0.999774 0.00011766 -0.065401 -0.997673 0.0192615 -0.0292239 -0.997829 0.0652382 -0.00896415 -163.848 0 0 0 1 
				3
				0.00714783 -0.0279982 -0.999582 0.000107033 -0.0873834 -0.995802 0.0272674 0.00150875 -0.996149 0.087152 -0.0095644 -163.279 0 0 0 1 
				4
				0.00543175 -0.0326534 -0.999452 9.65874e-05 -0.109258 -0.993502 0.0318652 0.0305689 -0.993998 0.109025 -0.00896409 -162.714 0 0 0 1 
				5
				0.00310223 -0.0312441 -0.999507 8.69175e-05 -0.130942 -0.990919 0.0305692 0.0567218 -0.991385 0.130783 -0.00716521 -162.158 0 0 0 1 
				6
				0.000954313 -0.0212007 -0.999775 7.85753e-05 -0.152403 -0.988099 0.0208077 0.0786922 -0.988318 0.152349 -0.00417402 -161.614 0 0 0 1 
				7
				9.44114e-07 -1.37923e-06 -1 7.21373e-05 -0.173649 -0.984808 1.19433e-06 0.095205 -0.984808 0.173649 -1.16927e-06 -161.087 0 0 0 1 
				8
				-0.00362766 -0.0205824 -0.999781 6.80489e-05 -0.173611 -0.984592 0.0208997 0.105463 -0.984807 0.173649 -1.56479e-06 -160.577 0 0 0 1 
				9
				-0.0053257 -0.0302102 -0.999529 6.60671e-05 -0.173567 -0.984344 0.030676 0.110264 -0.984808 0.173649 -1.16461e-06 -160.084 0 0 0 1 
				10
				-0.00554438 -0.0314481 -0.99949 6.56992e-05 -0.17356 -0.984306 0.0319331 0.110881 -0.984808 0.173649 -7.76445e-07 -159.603 0 0 0 1 
				11
				-0.00473406 -0.0268549 -0.999628 6.64465e-05 -0.173584 -0.984442 0.0272689 0.108591 -0.984808 0.173649 -1.1693e-06 -159.131 0 0 0 1 
				12
				-0.00333174 -0.0189041 -0.999816 6.7839e-05 -0.173617 -0.984626 0.0191955 0.104627 -0.984808 0.173649 -1.55189e-06 -158.663 0 0 0 1 
				13
				-0.00177485 -0.0100724 -0.999948 6.94004e-05 -0.17364 -0.984756 0.0102276 0.100225 -0.984808 0.173649 -1.16346e-06 -158.197 0 0 0 1 
				14
				-0.000513847 -0.00291866 -0.999996 7.06483e-05 -0.173648 -0.984804 0.00296355 0.0966591 -0.984808 0.173649 -7.81477e-07 -157.729 0 0 0 1 
				15
				9.36278e-07 -1.30088e-06 -1 7.10581e-05 -0.173649 -0.984808 1.11854e-06 0.0952051 -0.984808 0.173649 -1.14795e-06 -157.254 0 0 0 1 
		</Joint>
			6
		</Joint>
			7
				-1
				0.939692 -1.29131e-06 -0.342022 7.67735 1.70122e-06 1 8.98507e-07 -0.118923 0.342022 -1.42617e-06 0.939692 -150.731 0 0 0 1 
				0
				0.939663 -0.00794729 -0.342011 7.6771 0.00746853 0.999968 -0.00271672 -0.0296968 0.342021 -1.51459e-06 0.939692 -150.169 0 0 0 1 
				1
				0.939629 -0.0115912 -0.341998 7.67682 0.0108927 0.999933 -0.00396292 0.0286122 0.342021 -1.59474e-06 0.939692 -149.6 0 0 0 1 
				2
				0.939606 -0.0135308 -0.34199 7.67662 0.0127154 0.999909 -0.00462625 0.0746748 0.342021 -1.67317e-06 0.939692 -149.03 0 0 0 1 
				3
				0.939567 -0.0163634 -0.341975 7.67629 0.0153771 0.999866 -0.00559499 0.127155 0.342021 -1.74054e-06 0.939692 -148.46 0 0 0 1 
				4
				0.939452 -0.0226036 -0.341934 7.67534 0.021241 0.999744 -0.0077292 0.204123 0.342021 -1.80171e-06 0.939692 -147.896 0 0 0 1 
				5
				0.939124 -0.034765 -0.341814 7.67266 0.032669 0.999396 -0.0118886 0.323643 0.342021 -1.85352e-06 0.939692 -147.34 0 0 0 1 
				6
				0.938248 -0.0554316 -0.341495 7.66549 0.0520893 0.998463 -0.018957 0.504275 0.342021 -1.8954e-06 0.939692 -146.796 0 0 0 1 
				7
				0.936117 -0.0871574 -0.340719 7.64807 0.0819018 0.996195 -0.0298078 0.764355 0.342021 -1.96734e-06 0.939692 -146.268 0 0 0 1 
				8
				0.93154 -0.131437 -0.339054 7.61068 0.123511 0.991325 -0.0449522 1.11455 0.342021 -1.93953e-06 0.939692 -145.759 0 0 0 1 
				9
				0.923225 -0.186392 -0.336027 7.54274 0.175151 0.982475 -0.0637479 1.54126 0.342021 -2.02308e-06 0.939692 -145.266 0 0 0 1 
				10
				0.910088 -0.249032 -0.331246 7.43541 0.234014 0.968496 -0.085172 2.02278 0.34202 -2.04491e-06 0.939693 -144.785 0 0 0 1 
				11
				0.891457 -0.316271 -0.324465 7.2832 0.297199 0.948669 -0.108169 2.5367 0.34202 -2.22483e-06 0.939693 -144.312 0 0 0 1 
				12
				0.867217 -0.385105 -0.315642 7.08516 0.361881 0.922873 -0.131712 3.06119 0.34202 -1.87213e-06 0.939693 -143.845 0 0 0 1 
				13
				0.83791 -0.452655 -0.304975 6.84573 0.425357 0.891686 -0.154815 3.57538 0.34202 -2.05754e-06 0.939693 -143.379 0 0 0 1 
				14
				0.804794 -0.51624 -0.292922 6.57518 0.485107 0.856444 -0.176563 4.05997 0.34202 -2.06658e-06 0.939693 -142.91 0 0 0 1 
				15
				0.76975 -0.573578 -0.280167 6.28887 0.538987 0.819151 -0.196174 4.49871 0.34202 -1.65219e-06 0.939693 -142.435 0 0 0 1 
		</Joint>
			8
				-1
				0.513061 0.661329 -0.547186 25.3579 -0.0983743 0.678587 0.727902 -0.118891 0.852696 -0.319629 0.413214 -144.295 0 0 0 1 
				0
				0.557764 0.592779 -0.580958 25.3571 -0.0286112 0.713265 0.70031 0.110826 0.829506 -0.373986 0.414794 -143.733 0 0 0 1 
				1
				0.602047 0.515196 -0.61001 25.3562 0.0415924 0.74271 0.66832 0.233561 0.797377 -0.427732 0.425718 -143.165 0 0 0 1 
				2
				0.642175 0.430499 -0.634257 25.3556 0.111307 0.766273 0.632801 0.313918 0.758434 -0.476966 0.444164 -142.594 0 0 0 1 
				3
				0.674938 0.341497 -0.654094 25.3545 0.179859 0.783578 0.594691 0.41648 0.715618 -0.519024 0.467445 -142.025 0 0 0 1 
				4
				0.697962 0.251566 -0.670494 25.3514 0.246777 0.794434 0.554955 0.603779 0.672272 -0.552801 0.492404 -141.46 0 0 0 1 
				5
				0.709663 0.16439 -0.685094 25.3426 0.31174 0.798761 0.514585 0.938321 0.63182 -0.578754 0.515604 -140.904 0 0 0 1 
				6
				0.709105 0.0837806 -0.700108 25.3189 0.374484 0.796555 0.474619 1.48435 0.597438 -0.598734 0.533466 -140.361 0 0 0 1 
				7
				0.695887 0.0134218 -0.718026 25.2614 0.434652 0.788034 0.435981 2.30536 0.571681 -0.615485 0.542549 -139.833 0 0 0 1 
				8
				0.670086 -0.0441508 -0.740969 25.1379 0.492062 0.7738 0.398883 3.43844 0.555751 -0.631889 0.540238 -139.324 0 0 0 1 
				9
				0.633372 -0.0896157 -0.768641 24.9135 0.546602 0.754915 0.362394 4.83679 0.547782 -0.649671 0.527127 -138.83 0 0 0 1 
				10
				0.587808 -0.124738 -0.799327 24.559 0.597914 0.73255 0.325376 6.42582 0.54496 -0.669187 0.505181 -138.35 0 0 0 1 
				11
				0.535243 -0.15156 -0.83099 24.0562 0.645669 0.707713 0.286801 8.12858 0.544635 -0.690053 0.476656 -137.877 0 0 0 1 
				12
				0.477496 -0.172327 -0.861569 23.4021 0.689605 0.68114 0.245952 9.8701 0.544465 -0.711584 0.444079 -137.41 0 0 0 1 
				13
				0.416505 -0.189581 -0.889147 22.6113 0.72963 0.653167 0.202516 11.5786 0.542368 -0.733098 0.410371 -136.944 0 0 0 1 
				14
				0.3544 -0.206228 -0.91207 21.7176 0.765877 0.62363 0.156585 13.1874 0.536501 -0.754027 0.378959 -136.475 0 0 0 1 
				15
				0.293362 -0.225395 -0.929051 20.772 0.798697 0.59185 0.108613 14.6399 0.525378 -0.773893 0.353649 -136 0 0 0 1 
		</Joint>
			9
				-1
				0.0196505 0.836781 -0.547185 41.7681 -0.482371 0.487316 0.727902 -3.26537 0.875747 0.249643 0.413214 -117.022 0 0 0 1 
				0
				0.0339241 0.813227 -0.580958 43.1971 -0.48834 0.520663 0.70031 -0.804294 0.871994 0.259947 0.414794 -117.202 0 0 0 1 
				1
				0.0569123 0.790347 -0.61001 44.6126 -0.498916 0.551753 0.66832 1.56389 0.86478 0.266308 0.425718 -117.661 0 0 0 1 
				2
				0.0856282 0.768366 -0.634257 45.8954 -0.513474 0.579576 0.632801 3.87403 0.853822 0.271489 0.444164 -118.336 0 0 0 1 
				3
				0.1169 0.747326 -0.654094 46.9423 -0.531076 0.603574 0.594691 6.16924 0.839221 0.277854 0.467445 -119.136 0 0 0 1 
				4
				0.14765 0.727074 -0.670494 47.6756 -0.550607 0.623584 0.554955 8.4969 0.821602 0.28724 0.492404 -119.958 0 0 0 1 
				5
				0.174958 0.707132 -0.685094 48.041 -0.570853 0.639788 0.514585 10.9093 0.802195 0.301057 0.515604 -120.696 0 0 0 1 
				6
				0.196074 0.686589 -0.700108 47.9995 -0.590606 0.652628 0.474619 13.4621 0.782778 0.320427 0.533466 -121.252 0 0 0 1 
				7
				0.208554 0.664037 -0.718026 47.5192 -0.608922 0.662672 0.435981 16.2076 0.765323 0.346296 0.542549 -121.548 0 0 0 1 
				8
				0.211092 0.637499 -0.740969 46.5705 -0.625349 0.670693 0.398883 19.1769 0.751251 0.379163 0.540238 -121.548 0 0 0 1 
				9
				0.20554 0.60576 -0.768641 45.1718 -0.64043 0.677141 0.362394 22.3197 0.740002 0.417774 0.527127 -121.31 0 0 0 1 
				10
				0.194699 0.56848 -0.799327 43.3599 -0.655117 0.681875 0.325376 25.55 0.73001 0.460302 0.505181 -120.919 0 0 0 1 
				11
				0.181462 0.525858 -0.83099 41.1759 -0.670228 0.684499 0.286801 28.7802 0.719629 0.50491 0.476656 -120.457 0 0 0 1 
				12
				0.168747 0.478773 -0.861569 38.6747 -0.686286 0.684485 0.245952 31.927 0.707486 0.549779 0.444079 -119.995 0 0 0 1 
				13
				0.159494 0.428928 -0.889147 35.9331 -0.70338 0.681354 0.202516 34.9157 0.692689 0.593108 0.410371 -119.596 0 0 0 1 
				14
				0.156599 0.378954 -0.91207 33.053 -0.721131 0.674871 0.156585 37.6838 0.674868 0.633201 0.378959 -119.315 0 0 0 1 
				15
				0.16262 0.332294 -0.929051 30.1551 -0.738729 0.665193 0.108613 40.1861 0.65409 0.668654 0.353649 -119.196 0 0 0 1 
		</Joint>
			10
				-1
				0.0196505 -0.546519 -0.837216 42.4034 -0.482371 0.72829 -0.486736 -18.8594 0.875747 0.413413 -0.249313 -88.7111 0 0 0 1 
				0
				0.0339241 -0.58031 -0.813689 44.2938 -0.48834 0.700724 -0.520105 -16.5913 0.871994 0.415001 -0.259617 -89.0121 0 0 0 1 
				1
				0.0569123 -0.60938 -0.790833 46.4524 -0.498916 0.668759 -0.551221 -14.565 0.86478 0.42593 -0.265969 -89.7046 0 0 0 1 
				2
				0.0856282 -0.633645 -0.768871 48.6636 -0.513474 0.633262 -0.579071 -12.7255 0.853822 0.44438 -0.271135 -90.7337 0 0 0 1 
				3
				0.1169 -0.653498 -0.747847 50.7214 -0.531076 0.595171 -0.6031 -10.9993 0.839221 0.467666 -0.277482 -92.0057 0 0 0 1 
				4
				0.14765 -0.669915 -0.727607 52.4488 -0.550607 0.555451 -0.623141 -9.30304 0.821602 0.492633 -0.286847 -93.3972 0 0 0 1 
				5
				0.174958 -0.684531 -0.707677 53.697 -0.570853 0.515095 -0.639378 -7.54516 0.802195 0.515844 -0.300646 -94.7625 0 0 0 1 
				6
				0.196074 -0.699561 -0.687146 54.3381 -0.590605 0.475138 -0.652249 -5.63087 0.782778 0.533721 -0.320002 -95.9462 0 0 0 1 
				7
				0.208554 -0.717497 -0.664608 54.2613 -0.608922 0.436509 -0.662325 -3.47752 0.765323 0.542825 -0.345864 -96.8066 0 0 0 1 
				8
				0.211092 -0.740461 -0.638089 53.3946 -0.625349 0.399417 -0.670375 -1.03926 0.75125 0.54054 -0.378733 -97.2618 0 0 0 1 
				9
				0.20554 -0.768158 -0.606371 51.8165 -0.64043 0.362933 -0.676852 1.61601 0.740002 0.527459 -0.417354 -97.3871 0 0 0 1 
				10
				0.194699 -0.798874 -0.569117 49.6541 -0.655117 0.325919 -0.681615 4.37149 0.73001 0.505547 -0.459899 -97.3194 0 0 0 1 
				11
				0.181462 -0.830571 -0.52652 47.0421 -0.670228 0.287346 -0.684271 7.11312 0.719629 0.477058 -0.50453 -97.1931 0 0 0 1 
				12
				0.168747 -0.861188 -0.479459 44.1299 -0.686286 0.246497 -0.684289 9.74083 0.707486 0.444517 -0.549426 -97.1236 0 0 0 1 
				13
				0.159494 -0.888805 -0.429635 41.0892 -0.70338 0.203058 -0.681193 12.1769 0.692689 0.410843 -0.592782 -97.2028 0 0 0 1 
				14
				0.156599 -0.911768 -0.37968 38.1155 -0.721131 0.157122 -0.674746 14.3712 0.674868 0.379464 -0.632899 -97.498 0 0 0 1 
				15
				0.16262 -0.928786 -0.333033 35.4123 -0.738729 0.109143 -0.665107 16.3045 0.65409 0.354181 -0.668373 -98.0506 0 0 0 1 
		</Joint>
			11
				-1
				-0.939693 -1.26141e-06 -0.342019 -7.6771 -7.67859e-07 1 -1.57845e-06 -0.118942 0.342019 -1.22063e-06 -0.939693 -150.731 0 0 0 1 
				0
				-0.939663 -0.00794726 -0.342008 -7.67686 -0.00746754 0.999968 -0.00271934 -0.151723 0.342019 -1.30822e-06 -0.939693 -150.169 0 0 0 1 
				1
				-0.93963 -0.0115911 -0.341996 -7.6766 -0.0108916 0.999933 -0.00396569 -0.149363 0.342019 -1.39173e-06 -0.939693 -149.6 0 0 0 1 
				2
				-0.939607 -0.0135308 -0.341988 -7.67642 -0.0127143 0.999909 -0.00462916 -0.133083 0.342019 -1.46369e-06 -0.939693 -149.03 0 0 0 1 
				3
				-0.939567 -0.0163634 -0.341973 -7.6761 -0.015376 0.999866 -0.00559802 -0.124096 0.342019 -1.53434e-06 -0.939693 -148.46 0 0 0 1 
				4
				-0.939453 -0.0226035 -0.341932 -7.67518 -0.0212398 0.999744 -0.00773235 -0.142942 0.342019 -1.59527e-06 -0.939693 -147.896 0 0 0 1 
				5
				-0.939125 -0.034765 -0.341813 -7.67251 -0.0326678 0.999396 -0.0118918 -0.210154 0.34202 -1.65244e-06 -0.939693 -147.34 0 0 0 1 
				6
				-0.938248 -0.0554315 -0.341494 -7.66535 -0.052088 0.998463 -0.0189603 -0.346845 0.34202 -1.70399e-06 -0.939693 -146.796 0 0 0 1 
				7
				-0.936117 -0.0871574 -0.340718 -7.64795 -0.0819006 0.996195 -0.0298111 -0.573899 0.34202 -1.70997e-06 -0.939693 -146.268 0 0 0 1 
				8
				-0.93154 -0.131437 -0.339052 -7.61056 -0.123509 0.991325 -0.0449556 -0.903581 0.34202 -1.79889e-06 -0.939692 -145.759 0 0 0 1 
				9
				-0.923225 -0.186392 -0.336026 -7.54263 -0.17515 0.982475 -0.0637513 -1.32068 0.34202 -1.75546e-06 -0.939693 -145.266 0 0 0 1 
				10
				-0.910088 -0.249032 -0.331245 -7.4353 -0.234013 0.968496 -0.0851755 -1.80097 0.34202 -1.83296e-06 -0.939693 -144.785 0 0 0 1 
				11
				-0.891457 -0.316271 -0.324463 -7.28309 -0.297197 0.948669 -0.108173 -2.31947 0.34202 -1.94719e-06 -0.939693 -144.312 0 0 0 1 
				12
				-0.867217 -0.385105 -0.31564 -7.08504 -0.36188 0.922873 -0.131716 -2.85189 0.34202 -2.0284e-06 -0.939692 -143.845 0 0 0 1 
				13
				-0.837911 -0.452655 -0.304974 -6.84561 -0.425356 0.891686 -0.154819 -3.37489 0.342021 -2.08694e-06 -0.939692 -143.379 0 0 0 1 
				14
				-0.804794 -0.51624 -0.292921 -6.57505 -0.485106 0.856444 -0.176566 -3.86661 0.342021 -2.03929e-06 -0.939693 -142.91 0 0 0 1 
				15
				-0.76975 -0.573578 -0.280166 -6.28874 -0.538986 0.819151 -0.196177 -4.30826 0.342021 -1.86583e-06 -0.939692 -142.435 0 0 0 1 
		</Joint>
			12
				-1
				-0.513063 -0.66133 -0.547183 -25.3577 -0.0983758 0.678586 -0.727904 -0.118957 0.852695 -0.319631 -0.413216 -144.296 0 0 0 1 
				0
				-0.491419 -0.642362 -0.588114 -25.3569 -0.0985995 0.711969 -0.695254 -0.292227 0.865324 -0.283674 -0.413212 -143.733 0 0 0 1 
				1
				-0.472741 -0.616198 -0.629934 -25.356 -0.0974672 0.747035 -0.657601 -0.354293 0.875795 -0.249477 -0.413213 -143.165 0 0 0 1 
				2
				-0.455918 -0.585408 -0.6704 -25.3554 -0.0972256 0.781491 -0.616294 -0.372306 0.884695 -0.2158 -0.413213 -142.594 0 0 0 1 
				3
				-0.440005 -0.552835 -0.70765 -25.3544 -0.100121 0.813322 -0.573135 -0.4134 0.892396 -0.181332 -0.413216 -142.025 0 0 0 1 
				4
				-0.424228 -0.52149 -0.740323 -25.3513 -0.108327 0.840889 -0.530255 -0.542576 0.899052 -0.144752 -0.41322 -141.46 0 0 0 1 
				5
				-0.407843 -0.494553 -0.767517 -25.3424 -0.123986 0.862817 -0.490076 -0.82481 0.904595 -0.104712 -0.413211 -140.904 0 0 0 1 
				6
				-0.389928 -0.475327 -0.788683 -25.3188 -0.149227 0.877773 -0.455243 -1.3269 0.908673 -0.0598196 -0.4132 -140.361 0 0 0 1 
				7
				-0.369108 -0.466992 -0.803541 -25.2613 -0.185965 0.884219 -0.428456 -2.11488 0.910591 -0.008716 -0.413216 -139.833 0 0 0 1 
				8
				-0.343577 -0.47128 -0.812311 -25.1378 -0.234849 0.880601 -0.411567 -3.22745 0.909285 0.0493657 -0.413234 -139.324 0 0 0 1 
				9
				-0.312399 -0.485855 -0.816304 -24.9134 -0.293254 0.866665 -0.403601 -4.61619 0.903553 0.1133 -0.413224 -138.83 0 0 0 1 
				10
				-0.275245 -0.507003 -0.816816 -24.5589 -0.357537 0.842676 -0.402573 -6.20399 0.892416 0.181236 -0.413215 -138.35 0 0 0 1 
				11
				-0.232324 -0.530964 -0.814925 -24.0561 -0.424128 0.8093 -0.406386 -7.91133 0.875295 0.25122 -0.413216 -137.877 0 0 0 1 
				12
				-0.184546 -0.55428 -0.811614 -23.402 -0.489872 0.767783 -0.412958 -9.66077 0.852038 0.321377 -0.413218 -137.41 0 0 0 1 
				13
				-0.13373 -0.573978 -0.807877 -22.6112 -0.552154 0.720101 -0.420216 -11.3781 0.822947 0.389877 -0.413224 -136.943 0 0 0 1 
				14
				-0.0825997 -0.587769 -0.804802 -21.7175 -0.609041 0.668982 -0.426067 -12.994 0.788826 0.454964 -0.413233 -136.475 0 0 0 1 
				15
				-0.0345 -0.594249 -0.803541 -20.7718 -0.659501 0.617644 -0.428456 -14.4495 0.750912 0.515154 -0.413216 -136 0 0 0 1 
		</Joint>
			13
				-1
				-0.0196517 -0.836783 -0.547182 -41.7679 -0.482371 0.487314 -0.727904 -3.26548 0.875746 0.24964 -0.413216 -117.022 0 0 0 1 
				0
				0.031546 -0.808163 -0.588114 -41.0749 -0.530239 0.485251 -0.695254 -3.44591 0.847261 0.333773 -0.413212 -116.056 0 0 0 1 
				1
				0.0737431 -0.77314 -0.629934 -40.4765 -0.580287 0.480447 -0.657601 -3.47176 0.811067 0.414036 -0.413213 -115.153 0 0 0 1 
				2
				0.107912 -0.734111 -0.6704 -39.9379 -0.631951 0.469914 -0.616294 -3.48205 0.767458 0.490166 -0.413212 -114.298 0 0 0 1 
				3
				0.135637 -0.693422 -0.70765 -39.4278 -0.684141 0.451073 -0.573135 -3.61575 0.716626 0.561871 -0.413216 -113.482 0 0 0 1 
				4
				0.159078 -0.653158 -0.740323 -38.9201 -0.735406 0.421908 -0.530255 -4.0074 0.658689 0.62879 -0.41322 -112.704 0 0 0 1 
				5
				0.180998 -0.614945 -0.767517 -38.3872 -0.784058 0.380893 -0.490076 -4.79049 0.593711 0.69048 -0.413211 -111.971 0 0 0 1 
				6
				0.204717 -0.579716 -0.788683 -37.7906 -0.828194 0.326877 -0.455243 -6.09988 0.521714 0.746378 -0.4132 -111.297 0 0 0 1 
				7
				0.233887 -0.547375 -0.803541 -37.0671 -0.865617 0.259101 -0.428456 -8.06293 0.442724 0.795769 -0.413216 -110.708 0 0 0 1 
				8
				0.271287 -0.516288 -0.812311 -36.127 -0.893855 0.177865 -0.411567 -10.7391 0.356969 0.837741 -0.413234 -110.24 0 0 0 1 
				9
				0.316046 -0.483491 -0.816303 -34.9054 -0.910884 0.0859987 -0.403601 -13.9959 0.265338 0.871115 -0.413224 -109.931 0 0 0 1 
				10
				0.365545 -0.446305 -0.816816 -33.3626 -0.915298 -0.0128931 -0.402573 -17.6397 0.169139 0.894788 -0.413215 -109.806 0 0 0 1 
				11
				0.41657 -0.402947 -0.814925 -31.487 -0.906413 -0.115177 -0.406386 -21.477 0.069891 0.907947 -0.413216 -109.881 0 0 0 1 
				12
				0.465692 -0.352724 -0.811614 -29.3047 -0.88441 -0.21745 -0.412958 -25.3292 -0.0308253 0.91011 -0.413218 -110.157 0 0 0 1 
				13
				0.509507 -0.296205 -0.807877 -26.8885 -0.850382 -0.316652 -0.420216 -29.0386 -0.131346 0.901107 -0.413224 -110.622 0 0 0 1 
				14
				0.544944 -0.235225 -0.804802 -24.3594 -0.806325 -0.410253 -0.426067 -32.4741 -0.229951 0.881114 -0.413233 -111.244 0 0 0 1 
				15
				0.569653 -0.172678 -0.803541 -21.8753 -0.754891 -0.496554 -0.428456 -35.5434 -0.325017 0.850657 -0.413216 -111.982 0 0 0 1 
		</Joint>
			14
				-1
				-0.0196517 0.546516 -0.837218 -42.4032 -0.482371 0.728292 0.486734 -18.8595 0.875747 0.413415 0.249311 -88.7112 0 0 0 1 
				0
				0.031546 0.58747 -0.808631 -40.055 -0.530239 0.69564 0.484697 -20.5874 0.847261 0.413478 0.333444 -88.6661 0 0 0 1 
				1
				0.0737431 0.629318 -0.773641 -38.0926 -0.580287 0.657983 0.479923 -22.2312 0.811067 0.413543 0.413706 -88.9329 0 0 0 1 
				2
				0.107912 0.669816 -0.734644 -36.4493 -0.631951 0.616668 0.469423 -23.9117 0.767458 0.413603 0.489837 -89.4873 0 0 0 1 
				3
				0.135637 0.707098 -0.693985 -35.043 -0.684141 0.573494 0.450617 -25.7326 0.716626 0.413663 0.561542 -90.3148 0 0 0 1 
				4
				0.159078 0.739803 -0.653748 -33.7775 -0.735406 0.530591 0.421486 -27.7815 0.658689 0.413721 0.628461 -91.4103 0 0 0 1 
				5
				0.180999 0.767027 -0.615556 -32.5359 -0.784058 0.490379 0.380502 -30.1374 0.593711 0.413761 0.690151 -92.7777 0 0 0 1 
				6
				0.204717 0.788221 -0.580344 -31.1725 -0.828194 0.455503 0.326515 -32.8736 0.521714 0.413794 0.746049 -94.431 0 0 0 1 
				7
				0.233887 0.803105 -0.548014 -29.5061 -0.865617 0.428662 0.25876 -36.0465 0.442724 0.41385 0.795439 -96.3956 0 0 0 1 
				8
				0.271287 0.8119 -0.516935 -27.3569 -0.893855 0.411708 0.177537 -39.6355 0.356969 0.413902 0.837412 -98.7004 0 0 0 1 
				9
				0.316046 0.815918 -0.484141 -24.6883 -0.910884 0.40367 0.0856773 -43.4428 0.265339 0.413918 0.870786 -101.353 0 0 0 1 
				10
				0.365545 0.816461 -0.446956 -21.5453 -0.915298 0.402562 -0.0132136 -47.2293 0.169139 0.413927 0.894459 -104.338 0 0 0 1 
				11
				0.41657 0.814604 -0.403596 -18.0202 -0.906413 0.406294 -0.115501 -50.7794 0.069891 0.413939 0.907618 -107.622 0 0 0 1 
				12
				0.465692 0.811333 -0.35337 -14.2498 -0.88441 0.412785 -0.217779 -53.9203 -0.0308253 0.413942 0.909781 -111.154 0 0 0 1 
				13
				0.509507 0.807641 -0.296848 -10.4172 -0.850382 0.419963 -0.316986 -56.5297 -0.131346 0.413941 0.900778 -114.868 0 0 0 1 
				14
				0.544944 0.804614 -0.235866 -6.74257 -0.806325 0.42574 -0.410593 -58.5408 -0.229951 0.413934 0.880785 -118.678 0 0 0 1 
				15
				0.569653 0.803403 -0.173318 -3.45965 -0.754891 0.42806 -0.496895 -59.9474 -0.325017 0.413893 0.850327 -122.489 0 0 0 1 
		</Joint>
			15
				-1
				0.0567179 -0.0466249 0.997301 19.5015 -0.0277309 -0.998597 -0.0451084 -0.118779 0.998005 -0.0250976 -0.0579313 -60.3766 0 0 0 1 
				0
				0.0690879 -0.103835 0.992192 19.4692 -0.102256 -0.990067 -0.0964919 -1.21134 0.992356 -0.0947917 -0.0790194 -59.8145 0 0 0 1 
				1
				0.0722336 -0.165269 0.9836 19.3629 -0.182201 -0.971768 -0.1499 -2.38141 0.980604 -0.168385 -0.100306 -59.2462 0 0 0 1 
				2
				0.0651498 -0.226854 0.971747 19.1765 -0.263326 -0.943207 -0.202536 -3.57446 0.962504 -0.242691 -0.121186 -58.6754 0 0 0 1 
				3
				0.0485395 -0.28464 0.957405 18.9171 -0.341379 -0.905539 -0.251912 -4.73676 0.938671 -0.314611 -0.141125 -58.106 0 0 0 1 
				4
				0.0246828 -0.335412 0.941748 18.6035 -0.412728 -0.861422 -0.295986 -5.81878 0.91052 -0.38138 -0.159697 -57.5414 0 0 0 1 
				5
				-0.00287322 -0.37697 0.926221 18.2656 -0.47466 -0.814719 -0.333062 -6.77511 0.880165 -0.440597 -0.176592 -56.9855 0 0 0 1 
				6
				-0.0296896 -0.408204 0.912408 17.9416 -0.525483 -0.770118 -0.361644 -7.56363 0.850286 -0.490192 -0.191639 -56.4417 0 0 0 1 
				7
				-0.0510137 -0.429023 0.901852 17.6744 -0.564475 -0.732563 -0.38042 -8.14626 0.823873 -0.52848 -0.204802 -55.9141 0 0 0 1 
				8
				-0.0631493 -0.440401 0.895578 17.4983 -0.592128 -0.705823 -0.388841 -8.50356 0.803366 -0.554852 -0.216201 -55.4048 0 0 0 1 
				9
				-0.0659856 -0.444812 0.89319 17.4132 -0.610986 -0.689695 -0.388608 -8.66947 0.788887 -0.571369 -0.226264 -54.9116 0 0 0 1 
				10
				-0.0611268 -0.44445 0.893716 17.4022 -0.623526 -0.682179 -0.381899 -8.69076 0.779409 -0.580599 -0.235427 -54.4307 0 0 0 1 
				11
				-0.0506959 -0.440931 0.896108 17.4431 -0.631711 -0.680808 -0.37073 -8.61174 0.773544 -0.584876 -0.244027 -53.9583 0 0 0 1 
				12
				-0.0369859 -0.435582 0.899389 17.5129 -0.637249 -0.682991 -0.356984 -8.47456 0.76977 -0.586338 -0.252313 -53.4908 0 0 0 1 
				13
				-0.0223562 -0.429732 0.90268 17.5891 -0.641872 -0.686067 -0.342508 -8.32155 0.766486 -0.587062 -0.260495 -53.0246 0 0 0 1 
				14
				-0.0092355 -0.424867 0.905208 17.6499 -0.647503 -0.687293 -0.329193 -8.19713 0.762007 -0.589166 -0.268756 -52.556 0 0 0 1 
				15
				-6.58078e-05 -0.422553 0.906338 17.6744 -0.656175 -0.683913 -0.318902 -8.14626 0.754609 -0.594737 -0.277224 -52.0811 0 0 0 1 
		</Joint>
			16
				-1
				0.0591082 -0.0435547 0.997301 21.5345 0.0252077 -0.998664 -0.0451082 -1.11276 0.997933 0.0278059 -0.0579313 -24.6043 0 0 0 1 
				0
				0.0955235 -0.0801872 0.992192 21.9456 0.180583 -0.978815 -0.0964918 -4.87659 0.97891 0.188391 -0.0790194 -24.2447 0 0 0 1 
				1
				0.147331 -0.104044 0.9836 21.952 0.34694 -0.925831 -0.1499 -8.91217 0.926243 0.363335 -0.100306 -24.0977 0 0 0 1 
				2
				0.209529 -0.108648 0.971747 21.5117 0.503916 -0.839671 -0.202536 -13.013 0.837953 0.532116 -0.121186 -24.1757 0 0 0 1 
				3
				0.273571 -0.0923822 0.957405 20.6569 0.634993 -0.730291 -0.251912 -16.9731 0.722456 0.676861 -0.141125 -24.4605 0 0 0 1 
				4
				0.330982 -0.0596783 0.941748 19.4882 0.731398 -0.614369 -0.295986 -20.6125 0.596245 0.786759 -0.159697 -24.905 0 0 0 1 
				5
				0.376456 -0.0198865 0.926221 18.1626 0.792463 -0.510952 -0.333062 -23.7887 0.479878 0.859379 -0.176592 -25.4371 0 0 0 1 
				6
				0.409 0.015182 0.912408 16.8774 0.823022 -0.438005 -0.361644 -26.3989 0.394149 0.898844 -0.191639 -25.9643 0 0 0 1 
				7
				0.430712 0.0339195 0.901852 15.8458 0.828854 -0.410223 -0.38042 -28.3791 0.357056 0.911355 -0.204802 -26.3834 0 0 0 1 
				8
				0.443987 0.0285693 0.895578 15.2347 0.812312 -0.434685 -0.388841 -29.7276 0.378185 0.900129 -0.216201 -26.6092 0 0 0 1 
				9
				0.449679 0.000681915 0.89319 15.0481 0.772647 -0.501996 -0.388608 -30.5695 0.448113 0.86487 -0.226264 -26.6349 0 0 0 1 
				10
				0.446498 -0.0437216 0.893716 15.2112 0.706011 -0.596407 -0.381899 -31.0403 0.549715 0.80149 -0.235427 -26.4937 0 0 0 1 
				11
				0.433025 -0.0973601 0.896108 15.6259 0.60967 -0.700615 -0.37073 -31.2546 0.663921 0.706866 -0.244027 -26.2315 0 0 0 1 
				12
				0.409452 -0.153129 0.899389 16.1872 0.485743 -0.797882 -0.356984 -31.3159 0.772271 0.58304 -0.252313 -25.8994 0 0 0 1 
				13
				0.378239 -0.205195 0.90268 16.7878 0.342874 -0.874714 -0.342508 -31.3286 0.859868 0.439055 -0.260495 -25.5509 0 0 0 1 
				14
				0.343792 -0.249809 0.905208 17.3188 0.195508 -0.923801 -0.329193 -31.4061 0.918468 0.29015 -0.268756 -25.2428 0 0 0 1 
				15
				0.311419 -0.285604 0.906338 17.672 0.0606782 -0.945843 -0.318902 -31.666 0.948333 0.154307 -0.277224 -25.0331 0 0 0 1 
		</Joint>
			17
				-1
				-1.39116e-06 8.78999e-05 1 22.4393 1.3733e-06 -1 8.78999e-05 -0.726869 1 1.37342e-06 1.39104e-06 -9.32755 0 0 0 1 
				0
				-6.25252e-06 0.00235566 0.999997 23.4079 5.39112e-06 -0.999997 0.00235566 -2.11214 1 5.40583e-06 6.23981e-06 -9.25916 0 0 0 1 
				1
				-3.48603e-06 9.74855e-06 1 24.2074 8.74024e-06 -1 9.74858e-06 -3.60106 1 8.74027e-06 3.48594e-06 -9.91833 0 0 0 1 
				2
