<?xml version='1.0' encoding='UTF-8' ?>
<itpanim>
	<skeleton count>
		25
			0 -1
			1.37091e-06 -1 -6.12323e-17 1.5e-05 1 1.37091e-06 -6.12323e-17 -2.05656e-11 6.12323e-17 -6.12323e-17 1 32.529 0 0 0 1 
			1 0
			1.3868e-06 -2.28084e-12 -1 -32.529 2.75771e-06 -1 6.10517e-12 1.50001e-05 -1 -2.75771e-06 -1.3868e-06 -4.51111e-05 0 0 0 1 
			2 1
			1.40269e-06 -0.000796318 -1 -37.7063 0 -1 0.000796318 0.0446412 -1 -1.11699e-09 -1.40269e-06 -1.23796e-07 0 0 0 1 
			3 2
			1.40269e-06 -0.000796318 -1 -56.0438 0 -1 0.000796318 0.069676 -1 -1.11699e-09 -1.40269e-06 -1.93233e-07 0 0 0 1 
			4 3
			1.40269e-06 -0.000796318 -1 -87.4836 0 -1 0.000796318 0.0723646 -1 -1.11699e-09 -1.40269e-06 -2.0069e-07 0 0 0 1 
			5 4
			1.34309e-06 9.80604e-13 -1 -90.8602 -1.40269e-06 -1 -2.8646e-12 1.10282e-05 -1 1.40269e-06 -1.34309e-06 -0.000122033 0 0 0 1 
			6 5
			1 -0 0 0 0 1 0 0 -0 -0 1 -0 0 0 0 1 
			7 4
			0.939693 1.30318e-06 0.34202 24.2639 -1.38586e-06 1 -2.63612e-09 -9.54182e-06 -0.34202 -4.71514e-07 0.939693 79.1139 0 0 0 1 
			8 7
			0.64989 0.118088 0.750799 50.2273 -0.0275106 0.990863 -0.132032 -10.0532 -0.759531 0.0651516 0.647201 61.8577 0 0 0 1 
			9 8
			0.642057 -0.0844318 0.761994 33.8486 0.104289 0.994297 0.0222974 -3.28582 -0.75953 0.0651516 0.647201 61.8577 0 0 0 1 
			10 9
			0.642057 -0.0844318 0.761994 15.9188 -0.759447 0.0659433 0.647218 61.8551 -0.104894 -0.994245 -0.0217821 3.33507 0 0 0 1 
			11 4
			-0.939693 -1.27328e-06 0.34202 24.2639 -1.35596e-06 1 -2.63613e-09 -9.54182e-06 -0.34202 -4.66242e-07 -0.939693 -79.1139 0 0 0 1 
			12 11
			-0.64989 0.118086 0.750799 50.2273 0.0275079 0.990864 -0.132032 -10.0532 -0.75953 -0.0651537 -0.647201 -61.8577 0 0 0 1 
			13 12
			-0.642057 -0.0844335 0.761994 33.8486 -0.104292 0.994297 0.0222974 -3.28582 -0.75953 -0.0651537 -0.647201 -61.8577 0 0 0 1 
			14 13
			-0.642057 -0.0844335 0.761993 15.9188 0.759447 0.0659454 0.647218 61.8551 -0.104897 0.994244 0.0217821 -3.33507 0 0 0 1 
			15 2
			0.0553766 -0.0626591 0.996498 31.8161 -0.0485968 -0.997015 -0.0599911 -1.4258 0.997282 -0.0451045 -0.0582563 -12.6816 0 0 0 1 
			16 15
			0.0622516 0.0929321 0.993725 12.0129 -0.0394075 -0.99465 0.0954874 0.44514 0.997282 -0.0451045 -0.0582563 -12.6816 0 0 0 1 
			17 16
			1.3716e-06 -6.00745e-14 1 4.28168 0 -1 -6.00745e-14 -0.456609 1 8.23984e-20 -1.3716e-06 -12.4454 0 0 0 1 
			18 17
			1.3716e-06 -1 -6.12323e-17 -7.24071 0 6.12323e-17 -1 0.317726 1 1.3716e-06 8.39865e-23 -12.4454 0 0 0 1 
			19 18
			1 -0 0 0 0 1 0 0 -0 -0 1 -0 0 0 0 1 
			20 2
			-0.0553766 -0.0626593 0.996498 31.8161 0.0485995 -0.997015 -0.0599911 -1.4258 0.997282 0.0451072 0.0582565 12.6816 0 0 0 1 
			21 20
			-0.062252 0.0929319 0.993724 12.0129 0.0394102 -0.99465 0.0954874 0.44514 0.997282 0.0451072 0.0582565 12.6816 0 0 0 1 
			22 21
			1.3716e-06 -6.00745e-14 1 4.28169 0 -1 -6.00745e-14 -0.456609 1 8.23984e-20 -1.3716e-06 12.4454 0 0 0 1 
			23 22
			1.3716e-06 -1 -6.12323e-17 -7.24071 0 6.12323e-17 -1 0.317726 1 1.3716e-06 8.39865e-23 12.4454 0 0 0 1 
			24 23
			1 -0 0 0 0 1 0 0 -0 -0 1 -0 0 0 0 1 
	</skeleton>
		<animations>
			33
			0
				-1
				1.33158e-06 1 0 -5.19361e-09 -1 1.33158e-06 0 -0.118801 -0 -0 1 -33.6544 0 0 0 1 
				0
				1.33158e-06 1 0 1.17314e-08 -1 1.33158e-06 0 0.268398 -0 -0 1 -32.4213 0 0 0 1 
				1
				1.46474e-06 1 0 3.09162e-08 -1 1.46474e-06 0 0.707295 -0 -0 1 -31.0359 0 0 0 1 
				2
				1.5979e-06 1 0 5.09964e-08 -1 1.5979e-06 0 1.16668 -0 -0 1 -29.5901 0 0 0 1 
				3
				1.33158e-06 1 0 7.06074e-08 -1 1.33158e-06 0 1.61532 -0 -0 1 -28.1759 0 0 0 1 
				4
				1.33158e-06 1 0 8.84277e-08 -1 1.33158e-06 0 2.02301 -0 -0 1 -26.8825 0 0 0 1 
				5
				1.33158e-06 1 0 1.03136e-07 -1 1.33158e-06 0 2.35949 -0 -0 1 -25.799 0 0 0 1 
				6
				1.33158e-06 1 0 1.13367e-07 -1 1.33158e-06 0 2.59356 -0 -0 1 -25.0173 0 0 0 1 
				7
				1.33158e-06 1 0 1.17758e-07 -1 1.33158e-06 0 2.694 -0 -0 1 -24.6296 0 0 0 1 
				8
				1.33158e-06 1 0 1.14012e-07 -1 1.33158e-06 0 2.6083 -0 -0 1 -24.7806 0 0 0 1 
				9
				1.33158e-06 1 0 1.0233e-07 -1 1.33158e-06 0 2.34105 -0 -0 1 -25.4523 0 0 0 1 
				10
				1.33158e-06 1 0 8.53408e-08 -1 1.33158e-06 0 1.95238 -0 -0 1 -26.4761 0 0 0 1 
				11
				1.33158e-06 1 0 6.56746e-08 -1 1.33158e-06 0 1.50247 -0 -0 1 -27.6836 0 0 0 1 
				12
				1.33158e-06 1 0 4.5878e-08 -1 1.33158e-06 0 1.04958 -0 -0 1 -28.9112 0 0 0 1 
				13
				1.33158e-06 1 0 2.84977e-08 -1 1.33158e-06 0 0.651965 -0 -0 1 -29.9959 0 0 0 1 
				14
				1.33158e-06 1 0 1.61632e-08 -1 1.33158e-06 0 0.369786 -0 -0 1 -30.7689 0 0 0 1 
				15
				1.33158e-06 1 0 1.15042e-08 -1 1.33158e-06 0 0.2632 -0 -0 1 -31.0616 0 0 0 1 
				16
				1.33158e-06 1 0 1.60498e-08 -1 1.33158e-06 0 0.367192 -0 -0 1 -30.7865 0 0 0 1 
				17
				1.33158e-06 1 0 2.81063e-08 -1 1.33158e-06 0 0.643012 -0 -0 1 -30.0566 0 0 0 1 
				18
				1.5979e-06 1 0 4.51434e-08 -1 1.5979e-06 0 1.03278 -0 -0 1 -29.0253 0 0 0 1 
				19
				1.33158e-06 1 0 6.4631e-08 -1 1.33158e-06 0 1.4786 -0 -0 1 -27.8456 0 0 0 1 
				20
				1.5979e-06 1 0 8.41185e-08 -1 1.5979e-06 0 1.92442 -0 -0 1 -26.6659 0 0 0 1 
				21
				1.33158e-06 1 0 1.01156e-07 -1 1.33158e-06 0 2.31419 -0 -0 1 -25.6346 0 0 0 1 
				22
				1.33158e-06 1 0 1.13212e-07 -1 1.33158e-06 0 2.59001 -0 -0 1 -24.9047 0 0 0 1 
				23
				1.33158e-06 1 0 1.17758e-07 -1 1.33158e-06 0 2.694 -0 -0 1 -24.6296 0 0 0 1 
				24
				1.33158e-06 1 0 1.14655e-07 -1 1.33158e-06 0 2.62301 -0 -0 1 -24.8174 0 0 0 1 
				25
				1.33158e-06 1 0 1.06136e-07 -1 1.33158e-06 0 2.42813 -0 -0 1 -25.3331 0 0 0 1 
				26
				1.5979e-06 1 0 9.34672e-08 -1 1.5979e-06 0 2.1383 -0 -0 1 -26.1 0 0 0 1 
				27
				1.33158e-06 1 0 7.79127e-08 -1 1.33158e-06 0 1.78245 -0 -0 1 -27.0416 0 0 0 1 
				28
				1.5979e-06 1 0 6.06979e-08 -1 1.5979e-06 0 1.38862 -0 -0 1 -28.0837 0 0 0 1 
				29
				1.33158e-06 1 0 4.30482e-08 -1 1.33158e-06 0 0.984843 -0 -0 1 -29.1521 0 0 0 1 
				30
				1.33158e-06 1 0 2.62286e-08 -1 1.33158e-06 0 0.600055 -0 -0 1 -30.1703 0 0 0 1 
				31
				1.33158e-06 1 0 1.15042e-08 -1 1.33158e-06 0 0.2632 -0 -0 1 -31.0616 0 0 0 1 
		</Joint>
			1
				-1
				1.33158e-06 2.66316e-06 -1 -5.19361e-09 0 -1 -2.66316e-06 -0.118801 -1 3.54621e-12 -1.33158e-06 -33.6544 0 0 0 1 
				0
				1.33158e-06 2.66316e-06 -1 1.17314e-08 0 -1 -2.66316e-06 0.268398 -1 3.54621e-12 -1.33158e-06 -32.4213 0 0 0 1 
				1
				1.33158e-06 2.79632e-06 -1 3.09162e-08 0 -1 -2.79632e-06 0.707295 -1 3.72352e-12 -1.33158e-06 -31.0359 0 0 0 1 
				2
				1.33158e-06 2.92948e-06 -1 5.09964e-08 0 -1 -2.92948e-06 1.16668 -1 3.90083e-12 -1.33158e-06 -29.5901 0 0 0 1 
				3
				1.33158e-06 2.66316e-06 -1 7.06074e-08 0 -1 -2.66316e-06 1.61532 -1 3.54621e-12 -1.33158e-06 -28.1759 0 0 0 1 
				4
				1.33158e-06 2.66316e-06 -1 8.84277e-08 0 -1 -2.66316e-06 2.02301 -1 3.54621e-12 -1.33158e-06 -26.8825 0 0 0 1 
				5
				1.33158e-06 2.66316e-06 -1 1.03136e-07 0 -1 -2.66316e-06 2.35949 -1 3.54621e-12 -1.33158e-06 -25.799 0 0 0 1 
				6
				1.33158e-06 2.66316e-06 -1 1.13367e-07 0 -1 -2.66316e-06 2.59356 -1 3.54621e-12 -1.33158e-06 -25.0173 0 0 0 1 
				7
				1.33158e-06 2.66316e-06 -1 1.17758e-07 0 -1 -2.66316e-06 2.694 -1 3.54621e-12 -1.33158e-06 -24.6296 0 0 0 1 
				8
				1.33158e-06 2.66316e-06 -1 1.14012e-07 0 -1 -2.66316e-06 2.6083 -1 3.54621e-12 -1.33158e-06 -24.7806 0 0 0 1 
				9
				1.33158e-06 2.66316e-06 -1 1.0233e-07 0 -1 -2.66316e-06 2.34105 -1 3.54621e-12 -1.33158e-06 -25.4523 0 0 0 1 
				10
				1.33158e-06 2.66316e-06 -1 8.53408e-08 0 -1 -2.66316e-06 1.95238 -1 3.54621e-12 -1.33158e-06 -26.4761 0 0 0 1 
				11
				1.33158e-06 2.66316e-06 -1 6.56746e-08 0 -1 -2.66316e-06 1.50247 -1 3.54621e-12 -1.33158e-06 -27.6836 0 0 0 1 
				12
				1.33158e-06 2.66316e-06 -1 4.5878e-08 0 -1 -2.66316e-06 1.04958 -1 3.54621e-12 -1.33158e-06 -28.9112 0 0 0 1 
				13
				1.33158e-06 2.66316e-06 -1 2.84977e-08 0 -1 -2.66316e-06 0.651965 -1 3.54621e-12 -1.33158e-06 -29.9959 0 0 0 1 
				14
				1.33158e-06 2.66316e-06 -1 1.61632e-08 0 -1 -2.66316e-06 0.369786 -1 3.54621e-12 -1.33158e-06 -30.7689 0 0 0 1 
				15
				1.33158e-06 2.66316e-06 -1 1.15042e-08 0 -1 -2.66316e-06 0.2632 -1 3.54621e-12 -1.33158e-06 -31.0616 0 0 0 1 
				16
				1.33158e-06 2.66316e-06 -1 1.60498e-08 0 -1 -2.66316e-06 0.367192 -1 3.54621e-12 -1.33158e-06 -30.7865 0 0 0 1 
				17
				1.33158e-06 2.66316e-06 -1 2.81063e-08 0 -1 -2.66316e-06 0.643012 -1 3.54621e-12 -1.33158e-06 -30.0566 0 0 0 1 
				18
				1.33158e-06 2.92948e-06 -1 4.51434e-08 0 -1 -2.92948e-06 1.03278 -1 3.90083e-12 -1.33158e-06 -29.0253 0 0 0 1 
				19
				1.33158e-06 2.66316e-06 -1 6.4631e-08 0 -1 -2.66316e-06 1.4786 -1 3.54621e-12 -1.33158e-06 -27.8456 0 0 0 1 
				20
				1.33158e-06 2.92948e-06 -1 8.41185e-08 0 -1 -2.92948e-06 1.92442 -1 3.90083e-12 -1.33158e-06 -26.6659 0 0 0 1 
				21
				1.33158e-06 2.66316e-06 -1 1.01156e-07 0 -1 -2.66316e-06 2.31419 -1 3.54621e-12 -1.33158e-06 -25.6346 0 0 0 1 
				22
				1.33158e-06 2.66316e-06 -1 1.13212e-07 0 -1 -2.66316e-06 2.59001 -1 3.54621e-12 -1.33158e-06 -24.9047 0 0 0 1 
				23
				1.33158e-06 2.66316e-06 -1 1.17758e-07 0 -1 -2.66316e-06 2.694 -1 3.54621e-12 -1.33158e-06 -24.6296 0 0 0 1 
				24
				1.33158e-06 2.66316e-06 -1 1.14655e-07 0 -1 -2.66316e-06 2.62301 -1 3.54621e-12 -1.33158e-06 -24.8174 0 0 0 1 
				25
				1.33158e-06 2.66316e-06 -1 1.06136e-07 0 -1 -2.66316e-06 2.42813 -1 3.54621e-12 -1.33158e-06 -25.3331 0 0 0 1 
				26
				1.33158e-06 2.92948e-06 -1 9.34672e-08 0 -1 -2.92948e-06 2.1383 -1 3.90083e-12 -1.33158e-06 -26.1 0 0 0 1 
				27
				1.33158e-06 2.66316e-06 -1 7.79127e-08 0 -1 -2.66316e-06 1.78245 -1 3.54621e-12 -1.33158e-06 -27.0416 0 0 0 1 
				28
				1.33158e-06 2.92948e-06 -1 6.06979e-08 0 -1 -2.92948e-06 1.38862 -1 3.90083e-12 -1.33158e-06 -28.0837 0 0 0 1 
				29
				1.33158e-06 2.66316e-06 -1 4.30482e-08 0 -1 -2.66316e-06 0.984843 -1 3.54621e-12 -1.33158e-06 -29.1521 0 0 0 1 
				30
				1.33158e-06 2.66316e-06 -1 2.62286e-08 0 -1 -2.66316e-06 0.600055 -1 3.54621e-12 -1.33158e-06 -30.1703 0 0 0 1 
				31
				1.33158e-06 2.66316e-06 -1 1.15042e-08 0 -1 -2.66316e-06 0.2632 -1 3.54621e-12 -1.33158e-06 -31.0616 0 0 0 1 
		</Joint>
			2
				-1
				1.38782e-06 -1.49834e-06 -1 7.15614e-06 -0.000797649 -1 1.49724e-06 -0.104208 -1 0.000797649 -1.38901e-06 -38.8317 0 0 0 1 
				0
				1.40314e-06 -1.51522e-06 -1 7.17332e-06 -0.0128905 -0.999917 1.497e-06 0.28299 -0.999917 0.0128905 -1.42255e-06 -37.5989 0 0 0 1 
				1
				1.42394e-06 -1.40161e-06 -1 7.19084e-06 -0.0267017 -0.999643 1.36309e-06 0.721883 -0.999643 0.0267017 -1.46086e-06 -36.2136 0 0 0 1 
				2
				1.44916e-06 -1.28935e-06 -1 7.20928e-06 -0.041189 -0.999151 1.22857e-06 1.18126 -0.999151 0.041189 -1.50104e-06 -34.768 0 0 0 1 
				3
				1.45527e-06 -1.5759e-06 -1 7.23307e-06 -0.055311 -0.998469 1.49299e-06 1.6299 -0.998469 0.055311 -1.54021e-06 -33.3541 0 0 0 1 
				4
				1.47046e-06 -1.59459e-06 -1 7.25118e-06 -0.0680615 -0.997681 1.49081e-06 2.03757 -0.997681 0.0680615 -1.57558e-06 -32.0608 0 0 0 1 
				5
				1.48264e-06 -1.60995e-06 -1 7.2661e-06 -0.0784387 -0.996919 1.48869e-06 2.37404 -0.996919 0.0784387 -1.60436e-06 -30.9775 0 0 0 1 
				6
				1.49075e-06 -1.62035e-06 -1 7.27649e-06 -0.0854115 -0.996346 1.4871e-06 2.6081 -0.996346 0.0854115 -1.6237e-06 -30.1959 0 0 0 1 
				7
				1.49368e-06 -1.62415e-06 -1 7.28094e-06 -0.0879503 -0.996125 1.48649e-06 2.70854 -0.996125 0.0879503 -1.63074e-06 -29.8082 0 0 0 1 
				8
				1.48938e-06 -1.61858e-06 -1 7.27711e-06 -0.0842308 -0.996446 1.48738e-06 2.62285 -0.996446 0.0842308 -1.62042e-06 -29.9591 0 0 0 1 
				9
				1.47787e-06 -1.60389e-06 -1 7.26521e-06 -0.07436 -0.997231 1.48956e-06 2.3556 -0.997231 0.07436 -1.59304e-06 -30.6307 0 0 0 1 
				10
				1.46136e-06 -1.58333e-06 -1 7.24792e-06 -0.0603993 -0.998174 1.49217e-06 1.96695 -0.998174 0.0603993 -1.55432e-06 -31.6544 0 0 0 1 
				11
				1.44212e-06 -1.56009e-06 -1 7.22792e-06 -0.0444163 -0.999013 1.4945e-06 1.51705 -0.999013 0.0444163 -1.50999e-06 -32.8616 0 0 0 1 
				12
				1.42252e-06 -1.53717e-06 -1 7.20778e-06 -0.0284218 -0.999596 1.49612e-06 1.06417 -0.999596 0.0284218 -1.46563e-06 -34.089 0 0 0 1 
				13
				1.40508e-06 -1.51739e-06 -1 7.19011e-06 -0.0144326 -0.999896 1.49695e-06 0.666557 -0.999896 0.0144326 -1.42683e-06 -35.1734 0 0 0 1 
				14
				1.39257e-06 -1.50353e-06 -1 7.17758e-06 -0.00453102 -0.99999 1.49721e-06 0.384379 -0.99999 0.00453102 -1.39937e-06 -35.9463 0 0 0 1 
				15
				1.38782e-06 -1.49834e-06 -1 7.17284e-06 -0.000797649 -1 1.49724e-06 0.277793 -1 0.000797649 -1.38901e-06 -36.239 0 0 0 1 
				16
				1.39257e-06 -1.50353e-06 -1 7.17747e-06 -0.00453102 -0.99999 1.49721e-06 0.381785 -0.99999 0.00453102 -1.39937e-06 -35.9639 0 0 0 1 
				17
				1.40508e-06 -1.51739e-06 -1 7.18973e-06 -0.0144326 -0.999896 1.49695e-06 0.657604 -0.999896 0.0144326 -1.42683e-06 -35.2342 0 0 0 1 
				18
				1.43009e-06 -1.27096e-06 -1 7.20316e-06 -0.0284218 -0.999596 1.2298e-06 1.04736 -0.999596 0.0284218 -1.46563e-06 -34.2031 0 0 0 1 
				19
				1.44212e-06 -1.56009e-06 -1 7.22687e-06 -0.0444163 -0.999013 1.4945e-06 1.49318 -0.999013 0.0444163 -1.50999e-06 -33.0236 0 0 0 1 
				20
				1.47744e-06 -1.3175e-06 -1 7.24282e-06 -0.0603993 -0.998174 1.22586e-06 1.93899 -0.998174 0.0603993 -1.55432e-06 -31.8442 0 0 0 1 
				21
				1.47787e-06 -1.60389e-06 -1 7.26404e-06 -0.07436 -0.997231 1.48956e-06 2.32874 -0.997231 0.07436 -1.59304e-06 -30.813 0 0 0 1 
				22
				1.48938e-06 -1.61858e-06 -1 7.27631e-06 -0.0842308 -0.996446 1.48738e-06 2.60455 -0.996446 0.0842308 -1.62042e-06 -30.0833 0 0 0 1 
				23
				1.49368e-06 -1.62415e-06 -1 7.28094e-06 -0.0879503 -0.996125 1.48649e-06 2.70854 -0.996125 0.0879503 -1.63074e-06 -29.8082 0 0 0 1 
				24
				1.49075e-06 -1.62035e-06 -1 7.27778e-06 -0.0854115 -0.996346 1.4871e-06 2.63755 -0.996346 0.0854115 -1.6237e-06 -29.996 0 0 0 1 
				25
				1.48264e-06 -1.60995e-06 -1 7.26911e-06 -0.0784387 -0.996919 1.48869e-06 2.44268 -0.996919 0.0784387 -1.60436e-06 -30.5116 0 0 0 1 
				26
				1.48858e-06 -1.32889e-06 -1 7.25233e-06 -0.0680615 -0.997681 1.22449e-06 2.15285 -0.997681 0.0680615 -1.57558e-06 -31.2783 0 0 0 1 
				27
				1.45527e-06 -1.5759e-06 -1 7.24039e-06 -0.055311 -0.998469 1.49299e-06 1.79702 -0.998469 0.055311 -1.54021e-06 -32.2198 0 0 0 1 
				28
				1.44916e-06 -1.28935e-06 -1 7.21898e-06 -0.041189 -0.999151 1.22857e-06 1.4032 -0.999151 0.041189 -1.50104e-06 -33.2616 0 0 0 1 
				29
				1.42039e-06 -1.53472e-06 -1 7.20492e-06 -0.0267017 -0.999643 1.49625e-06 0.999431 -0.999643 0.0267017 -1.46086e-06 -34.3299 0 0 0 1 
				30
				1.40314e-06 -1.51522e-06 -1 7.18781e-06 -0.0128905 -0.999917 1.49701e-06 0.614647 -0.999917 0.0128905 -1.42255e-06 -35.3478 0 0 0 1 
				31
				1.38782e-06 -1.49834e-06 -1 7.17284e-06 -0.000797649 -1 1.49724e-06 0.277793 -1 0.000797649 -1.38901e-06 -36.239 0 0 0 1 
		</Joint>
			3
				-1
				1.38782e-06 -1.49834e-06 -1 3.25733e-05 -0.000797649 -1 1.49724e-06 -0.0938006 -1 0.000797649 -1.38901e-06 -57.1692 0 0 0 1 
				0
				1.41825e-06 -1.53227e-06 -1 3.28722e-05 -0.0249815 -0.999688 1.49637e-06 0.0716374 -0.999688 0.0249815 -1.45609e-06 -55.9354 0 0 0 1 
				1
				1.459e-06 -1.43896e-06 -1 3.32689e-05 -0.0525878 -0.998616 1.36024e-06 0.257243 -0.998616 0.0525878 -1.53266e-06 -54.5459 0 0 0 1 
				2
				1.50793e-06 -1.3491e-06 -1 3.37476e-05 -0.0815131 -0.996672 1.22169e-06 0.450908 -0.996672 0.0815131 -1.61288e-06 -53.092 0 0 0 1 
				3
				1.5184e-06 -1.65701e-06 -1 3.38911e-05 -0.10966 -0.993969 1.48051e-06 0.640518 -0.993969 0.10966 -1.69095e-06 -51.6662 0 0 0 1 
				4
				1.54643e-06 -1.69616e-06 -1 3.41886e-05 -0.135017 -0.990843 1.47184e-06 0.814297 -0.990843 0.135017 -1.76128e-06 -50.3591 0 0 0 1 
				5
				1.56852e-06 -1.72858e-06 -1 3.44278e-05 -0.155606 -0.987819 1.46345e-06 0.960403 -0.987819 0.155606 -1.81839e-06 -49.2623 0 0 0 1 
				6
				1.58299e-06 -1.75063e-06 -1 3.45874e-05 -0.169413 -0.985545 1.45715e-06 1.06654 -0.985545 0.169413 -1.85668e-06 -48.4706 0 0 0 1 
				7
				1.58818e-06 -1.75871e-06 -1 3.46459e-05 -0.174434 -0.984669 1.45471e-06 1.1204 -0.984669 0.174434 -1.87061e-06 -48.079 0 0 0 1 
				8
				1.58056e-06 -1.74688e-06 -1 3.45628e-05 -0.167077 -0.985944 1.45825e-06 1.10295 -0.985944 0.167077 -1.8502e-06 -48.2356 0 0 0 1 
				9
				1.55991e-06 -1.71578e-06 -1 3.43391e-05 -0.147519 -0.989059 1.46689e-06 1.01679 -0.989059 0.147519 -1.79596e-06 -48.9211 0 0 0 1 
				10
				1.52971e-06 -1.67255e-06 -1 3.4018e-05 -0.119786 -0.992799 1.47726e-06 0.884238 -0.9928 0.119786 -1.71904e-06 -49.9613 0 0 0 1 
				11
				1.49368e-06 -1.62415e-06 -1 3.3644e-05 -0.0879503 -0.996125 1.48649e-06 0.72751 -0.996125 0.0879503 -1.63074e-06 -51.1831 0 0 0 1 
				12
				1.45613e-06 -1.57693e-06 -1 3.32631e-05 -0.0560243 -0.998429 1.49288e-06 0.56798 -0.998429 0.0560243 -1.54219e-06 -52.4204 0 0 0 1 
				13
				1.42207e-06 -1.53666e-06 -1 3.29247e-05 -0.0280648 -0.999606 1.49615e-06 0.426925 -0.999606 0.0280648 -1.46464e-06 -53.5097 0 0 0 1 
				14
				1.3973e-06 -1.50874e-06 -1 3.26821e-05 -0.00826432 -0.999966 1.49714e-06 0.326325 -0.999966 0.00826432 -1.40972e-06 -54.2838 0 0 0 1 
				15
				1.38782e-06 -1.49834e-06 -1 3.259e-05 -0.000797649 -1 1.49724e-06 0.288201 -1 0.000797649 -1.38901e-06 -54.5765 0 0 0 1 
				16
				1.3973e-06 -1.50874e-06 -1 3.26819e-05 -0.00826432 -0.999966 1.49714e-06 0.323732 -0.999966 0.00826432 -1.40972e-06 -54.3014 0 0 0 1 
				17
				1.42207e-06 -1.53666e-06 -1 3.29243e-05 -0.0280648 -0.999606 1.49615e-06 0.417972 -0.999606 0.0280648 -1.46464e-06 -53.5704 0 0 0 1 
				18
				1.47105e-06 -1.31104e-06 -1 3.33907e-05 -0.0560243 -0.998429 1.22656e-06 0.551175 -0.998429 0.0560243 -1.54219e-06 -52.5345 0 0 0 1 
				19
				1.49368e-06 -1.62415e-06 -1 3.36429e-05 -0.0879503 -0.996125 1.48649e-06 0.703635 -0.996125 0.0879503 -1.63074e-06 -51.3452 0 0 0 1 
				20
				1.56161e-06 -1.40815e-06 -1 3.43012e-05 -0.119786 -0.992799 1.21095e-06 0.856276 -0.9928 0.119786 -1.71904e-06 -50.1511 0 0 0 1 
				21
				1.55991e-06 -1.71578e-06 -1 3.43379e-05 -0.147519 -0.989059 1.46689e-06 0.989929 -0.989059 0.147519 -1.79596e-06 -49.1034 0 0 0 1 
				22
				1.58056e-06 -1.74688e-06 -1 3.4562e-05 -0.167077 -0.985944 1.45825e-06 1.08465 -0.985944 0.167077 -1.8502e-06 -48.3598 0 0 0 1 
				23
				1.58818e-06 -1.75871e-06 -1 3.46459e-05 -0.174434 -0.984669 1.45471e-06 1.1204 -0.984669 0.174434 -1.87061e-06 -48.079 0 0 0 1 
				24
				1.58299e-06 -1.75063e-06 -1 3.45887e-05 -0.169413 -0.985545 1.45715e-06 1.096 -0.985545 0.169413 -1.85668e-06 -48.2707 0 0 0 1 
				25
				1.56852e-06 -1.72858e-06 -1 3.44309e-05 -0.155606 -0.987819 1.46345e-06 1.02904 -0.987819 0.155606 -1.81839e-06 -48.7964 0 0 0 1 
				26
				1.58239e-06 -1.43229e-06 -1 3.45155e-05 -0.135017 -0.990843 1.20552e-06 0.929586 -0.990843 0.135017 -1.76128e-06 -49.5767 0 0 0 1 
				27
				1.5184e-06 -1.65701e-06 -1 3.38984e-05 -0.10966 -0.993969 1.48051e-06 0.807644 -0.993969 0.10966 -1.69095e-06 -50.5319 0 0 0 1 
				28
				1.50793e-06 -1.3491e-06 -1 3.37573e-05 -0.0815131 -0.996672 1.22169e-06 0.672853 -0.996672 0.0815131 -1.61288e-06 -51.5856 0 0 0 1 
				29
				1.452e-06 -1.57193e-06 -1 3.32211e-05 -0.0525878 -0.998616 1.4934e-06 0.534791 -0.998616 0.0525878 -1.53266e-06 -52.6621 0 0 0 1 
				30
				1.41825e-06 -1.53228e-06 -1 3.28867e-05 -0.0249815 -0.999688 1.49637e-06 0.403295 -0.999688 0.0249815 -1.45609e-06 -53.6844 0 0 0 1 
				31
				1.38782e-06 -1.49834e-06 -1 3.259e-05 -0.000797649 -1 1.49724e-06 0.288201 -1 0.000797649 -1.38901e-06 -54.5765 0 0 0 1 
		</Joint>
			4
				-1
				1.38782e-06 -1.49834e-06 -1 7.62026e-05 -0.000797649 -1 1.49724e-06 -0.11619 -1 0.000797649 -1.38901e-06 -88.609 0 0 0 1 
				0
				1.41825e-06 -1.53227e-06 -1 7.74584e-05 -0.0249815 -0.999688 1.49637e-06 -0.711089 -0.999688 0.0249815 -1.45609e-06 -87.3655 0 0 0 1 
				1
				1.459e-06 -1.43896e-06 -1 7.91361e-05 -0.0525878 -0.998616 1.36024e-06 -1.39343 -0.998616 0.0525878 -1.53266e-06 -85.9423 0 0 0 1 
				2
				1.50793e-06 -1.3491e-06 -1 8.11529e-05 -0.0815131 -0.996672 1.22169e-06 -2.10917 -0.996672 0.0815131 -1.61288e-06 -84.4274 0 0 0 1 
				3
				1.5184e-06 -1.65701e-06 -1 8.16265e-05 -0.10966 -0.993969 1.48051e-06 -2.8045 -0.993969 0.10966 -1.69095e-06 -82.9167 0 0 0 1 
				4
				1.54643e-06 -1.69616e-06 -1 8.28053e-05 -0.135017 -0.990843 1.47184e-06 -3.42795 -0.990843 0.135017 -1.76128e-06 -81.5115 0 0 0 1 
				5
				1.56852e-06 -1.72858e-06 -1 8.3739e-05 -0.155606 -0.987819 1.46345e-06 -3.92917 -0.987819 0.155606 -1.81839e-06 -80.3196 0 0 0 1 
				6
				1.58299e-06 -1.75063e-06 -1 8.43535e-05 -0.169413 -0.985545 1.45715e-06 -4.25712 -0.985545 0.169413 -1.85668e-06 -79.4564 0 0 0 1 
				7
				1.58818e-06 -1.75871e-06 -1 8.45753e-05 -0.174434 -0.984669 1.45471e-06 -4.36111 -0.984669 0.174434 -1.87061e-06 -79.0373 0 0 0 1 
				8
				1.58056e-06 -1.74688e-06 -1 8.42525e-05 -0.167077 -0.985944 1.45825e-06 -4.14726 -0.985944 0.167077 -1.8502e-06 -79.234 0 0 0 1 
				9
				1.55991e-06 -1.71578e-06 -1 8.33797e-05 -0.147519 -0.989059 1.46689e-06 -3.61854 -0.989059 0.147519 -1.79596e-06 -80.0173 0 0 0 1 
				10
				1.52971e-06 -1.67255e-06 -1 8.21087e-05 -0.119786 -0.992799 1.47726e-06 -2.87915 -0.9928 0.119786 -1.71904e-06 -81.1751 0 0 0 1 
				11
				1.49368e-06 -1.62415e-06 -1 8.0602e-05 -0.0879503 -0.996125 1.48649e-06 -2.03496 -0.996125 0.0879503 -1.63074e-06 -82.5014 0 0 0 1 
				12
				1.45613e-06 -1.57693e-06 -1 7.90404e-05 -0.0560243 -0.998429 1.49288e-06 -1.19073 -0.998429 0.0560243 -1.54219e-06 -83.811 0 0 0 1 
				13
				1.42207e-06 -1.53666e-06 -1 7.76311e-05 -0.0280648 -0.999606 1.49615e-06 -0.45274 -0.999606 0.0280648 -1.46464e-06 -84.9372 0 0 0 1 
				14
				1.3973e-06 -1.50874e-06 -1 7.66096e-05 -0.00826432 -0.999966 1.49714e-06 0.0691849 -0.999966 0.00826432 -1.40972e-06 -85.7226 0 0 0 1 
				15
				1.38782e-06 -1.49834e-06 -1 7.62193e-05 -0.000797649 -1 1.49724e-06 0.265811 -1 0.000797649 -1.38901e-06 -86.0163 0 0 0 1 
				16
				1.3973e-06 -1.50874e-06 -1 7.66094e-05 -0.00826432 -0.999966 1.49714e-06 0.0665914 -0.999966 0.00826432 -1.40972e-06 -85.7402 0 0 0 1 
				17
				1.42207e-06 -1.53666e-06 -1 7.76307e-05 -0.0280648 -0.999606 1.49615e-06 -0.461694 -0.999606 0.0280648 -1.46464e-06 -84.998 0 0 0 1 
				18
				1.47105e-06 -1.31104e-06 -1 7.96363e-05 -0.0560243 -0.998429 1.22656e-06 -1.20754 -0.998429 0.0560243 -1.54219e-06 -83.9251 0 0 0 1 
				19
				1.49368e-06 -1.62415e-06 -1 8.0601e-05 -0.0879503 -0.996125 1.48649e-06 -2.05883 -0.996125 0.0879503 -1.63074e-06 -82.6634 0 0 0 1 
				20
				1.56161e-06 -1.40815e-06 -1 8.33942e-05 -0.119786 -0.992799 1.21095e-06 -2.90711 -0.9928 0.119786 -1.71904e-06 -81.3649 0 0 0 1 
				21
				1.55991e-06 -1.71578e-06 -1 8.33785e-05 -0.147519 -0.989059 1.46689e-06 -3.6454 -0.989059 0.147519 -1.79596e-06 -80.1996 0 0 0 1 
				22
				1.58056e-06 -1.74688e-06 -1 8.42517e-05 -0.167077 -0.985944 1.45825e-06 -4.16556 -0.985944 0.167077 -1.8502e-06 -79.3581 0 0 0 1 
				23
				1.58818e-06 -1.75871e-06 -1 8.45753e-05 -0.174434 -0.984669 1.45471e-06 -4.36111 -0.984669 0.174434 -1.87061e-06 -79.0373 0 0 0 1 
				24
				1.58299e-06 -1.75063e-06 -1 8.43548e-05 -0.169413 -0.985545 1.45715e-06 -4.22766 -0.985545 0.169413 -1.85668e-06 -79.2565 0 0 0 1 
				25
				1.56852e-06 -1.72858e-06 -1 8.3742e-05 -0.155606 -0.987819 1.46345e-06 -3.86053 -0.987819 0.155606 -1.81839e-06 -79.8537 0 0 0 1 
				26
				1.58239e-06 -1.43229e-06 -1 8.4262e-05 -0.135017 -0.990843 1.20552e-06 -3.31267 -0.990843 0.135017 -1.76128e-06 -80.729 0 0 0 1 
				27
				1.5184e-06 -1.65701e-06 -1 8.16338e-05 -0.10966 -0.993969 1.48051e-06 -2.63737 -0.993969 0.10966 -1.69095e-06 -81.7824 0 0 0 1 
				28
				1.50793e-06 -1.3491e-06 -1 8.11626e-05 -0.0815131 -0.996672 1.22169e-06 -1.88723 -0.996672 0.0815131 -1.61288e-06 -82.921 0 0 0 1 
				29
				1.452e-06 -1.57193e-06 -1 7.88685e-05 -0.0525878 -0.998616 1.4934e-06 -1.11588 -0.998616 0.0525878 -1.53266e-06 -84.0586 0 0 0 1 
				30
				1.41825e-06 -1.53228e-06 -1 7.7473e-05 -0.0249815 -0.999688 1.49637e-06 -0.379432 -0.999688 0.0249815 -1.45609e-06 -85.1145 0 0 0 1 
				31
				1.38782e-06 -1.49834e-06 -1 7.62193e-05 -0.000797649 -1 1.49724e-06 0.265811 -1 0.000797649 -1.38901e-06 -86.0163 0 0 0 1 
		</Joint>
			5
				-1
				1.38685e-06 -1.49724e-06 -1 8.08886e-05 0 -1 1.49724e-06 -0.118883 -1 -2.07645e-12 -1.38685e-06 -91.9856 0 0 0 1 
				0
				1.3868e-06 -1.49725e-06 -1 8.22472e-05 0 -1 1.49725e-06 -0.79544 -1 -2.07639e-12 -1.3868e-06 -90.741 0 0 0 1 
				1
				1.38704e-06 -1.36409e-06 -1 8.40625e-05 0 -1 1.36409e-06 -1.57099 -1 -1.89204e-12 -1.38704e-06 -89.3142 0 0 0 1 
				2
				1.38681e-06 -1.23093e-06 -0.999999 8.62445e-05 0 -1 1.23093e-06 -2.3844 -1 -1.70706e-12 -1.38681e-06 -87.7927 0 0 0 1 
				3
				1.38681e-06 -1.49724e-06 -1 8.67534e-05 0 -1 1.49724e-06 -3.17477 -1 -2.07639e-12 -1.38681e-06 -86.2729 0 0 0 1 
				4
				1.38681e-06 -1.49723e-06 -1 8.80269e-05 0 -1 1.49723e-06 -3.88384 -1 -2.07638e-12 -1.38681e-06 -84.8571 0 0 0 1 
				5
				1.38692e-06 -1.49724e-06 -1 8.90351e-05 0 -1 1.49724e-06 -4.45458 -1 -2.07654e-12 -1.38692e-06 -83.655 0 0 0 1 
				6
				1.3868e-06 -1.49724e-06 -1 8.96985e-05 0 -1 1.49724e-06 -4.82914 -1 -2.07638e-12 -1.3868e-06 -82.7842 0 0 0 1 
				7
				1.38743e-06 -1.49724e-06 -1 8.99378e-05 0 -1 1.49724e-06 -4.9501 -1 -2.07731e-12 -1.38743e-06 -82.362 0 0 0 1 
				8
				1.3869e-06 -1.49725e-06 -1 8.95893e-05 0 -1 1.49725e-06 -4.7114 -1 -2.07654e-12 -1.3869e-06 -82.563 0 0 0 1 
				9
				1.3869e-06 -1.49724e-06 -1 8.86468e-05 0 -1 1.49724e-06 -4.11664 -1 -2.07653e-12 -1.3869e-06 -83.3569 0 0 0 1 
				10
				1.3868e-06 -1.49723e-06 -1 8.72738e-05 0 -1 1.49723e-06 -3.28361 -1 -2.07637e-12 -1.3868e-06 -84.5274 0 0 0 1 
				11
				1.38695e-06 -1.49724e-06 -1 8.56455e-05 0 -1 1.49724e-06 -2.33192 -1 -2.07659e-12 -1.38695e-06 -85.8648 0 0 0 1 
				12
				1.38681e-06 -1.49723e-06 -0.999999 8.3957e-05 0 -1 1.49723e-06 -1.3799 -1 -2.07638e-12 -1.38681e-06 -87.1823 0 0 0 1 
				13
				1.38683e-06 -1.49724e-06 -1 8.24328e-05 0 -1 1.49724e-06 -0.547502 -1 -2.07643e-12 -1.38683e-06 -88.3124 0 0 0 1 
				14
				1.38685e-06 -1.49725e-06 -1 8.13276e-05 0 -1 1.49725e-06 0.0412802 -1 -2.07646e-12 -1.38685e-06 -89.099 0 0 0 1 
				15
				1.38685e-06 -1.49724e-06 -1 8.09053e-05 0 -1 1.49724e-06 0.263118 -1 -2.07645e-12 -1.38685e-06 -89.3928 0 0 0 1 
				16
				1.38684e-06 -1.49725e-06 -1 8.13275e-05 0 -1 1.49725e-06 0.0386867 -1 -2.07644e-12 -1.38684e-06 -89.1166 0 0 0 1 
				17
				1.38683e-06 -1.49724e-06 -1 8.24324e-05 0 -1 1.49724e-06 -0.556455 -1 -2.07643e-12 -1.38683e-06 -88.3732 0 0 0 1 
				18
				1.38682e-06 -1.23092e-06 -0.999999 8.46033e-05 0 -1 1.23092e-06 -1.3967 -1 -1.70706e-12 -1.38682e-06 -87.2963 0 0 0 1 
				19
				1.38695e-06 -1.49724e-06 -1 8.56445e-05 0 -1 1.49724e-06 -2.3558 -1 -2.07659e-12 -1.38695e-06 -86.0269 0 0 0 1 
				20
				1.38681e-06 -1.23092e-06 -1 8.8667e-05 0 -1 1.23092e-06 -3.31157 -1 -1.70705e-12 -1.38681e-06 -84.7171 0 0 0 1 
				21
				1.3872e-06 -1.49724e-06 -1 8.86457e-05 0 -1 1.49724e-06 -4.1435 -1 -2.07698e-12 -1.3872e-06 -83.5392 0 0 0 1 
				22
				1.38683e-06 -1.49725e-06 -1 8.95885e-05 0 -1 1.49725e-06 -4.7297 -1 -2.07643e-12 -1.38683e-06 -82.6872 0 0 0 1 
				23
				1.38743e-06 -1.49724e-06 -1 8.99378e-05 0 -1 1.49724e-06 -4.9501 -1 -2.07731e-12 -1.38743e-06 -82.362 0 0 0 1 
				24
				1.3868e-06 -1.49724e-06 -1 8.96998e-05 0 -1 1.49724e-06 -4.79969 -1 -2.07638e-12 -1.3868e-06 -82.5843 0 0 0 1 
				25
				1.38692e-06 -1.49724e-06 -1 8.90382e-05 0 -1 1.49724e-06 -4.38594 -1 -2.07654e-12 -1.38692e-06 -83.1891 0 0 0 1 
				26
				1.38683e-06 -1.23092e-06 -1 8.9605e-05 0 -1 1.23091e-06 -3.76856 -1 -1.70707e-12 -1.38683e-06 -84.0746 0 0 0 1 
				27
				1.38681e-06 -1.49724e-06 -1 8.67607e-05 0 -1 1.49724e-06 -3.00764 -1 -2.07639e-12 -1.38681e-06 -85.1386 0 0 0 1 
				28
				1.38681e-06 -1.23093e-06 -0.999999 8.62542e-05 0 -1 1.23093e-06 -2.16246 -1 -1.70706e-12 -1.38681e-06 -86.2863 0 0 0 1 
				29
				1.38697e-06 -1.49724e-06 -1 8.37713e-05 0 -1 1.49724e-06 -1.29344 -1 -2.07663e-12 -1.38697e-06 -87.4304 0 0 0 1 
				30
				1.38686e-06 -1.49725e-06 -1 8.22618e-05 0 -1 1.49725e-06 -0.463783 -1 -2.07647e-12 -1.38686e-06 -88.49 0 0 0 1 
				31
				1.38685e-06 -1.49724e-06 -1 8.09053e-05 0 -1 1.49724e-06 0.263118 -1 -2.07645e-12 -1.38685e-06 -89.3928 0 0 0 1 
		</Joint>
			6
		</Joint>
			7
				-1
				0.939692 -1.29131e-06 -0.342022 4.25804 1.61011e-06 1 6.4819e-07 -0.118868 0.342022 -1.15979e-06 0.939692 -83.7669 0 0 0 1 
				0
				0.939692 -1.25296e-06 -0.342022 4.25804 0.00827306 0.999707 0.0227263 -0.596664 0.341922 -0.0241852 0.939417 -82.5247 0 0 0 1 
				1
				0.939692 -1.3468e-06 -0.342022 4.25804 0.0177154 0.998658 0.0486685 -1.14532 0.341563 -0.0517924 0.938431 -81.1065 0 0 0 1 
				2
				0.939691 -1.42664e-06 -0.342022 4.25804 0.0276091 0.996737 0.0758508 -1.72099 0.340906 -0.0807192 0.936626 -79.6008 0 0 0 1 
				3
				0.939692 -1.13275e-06 -0.342022 4.25804 0.0372363 0.994056 0.102302 -2.28001 0.339989 -0.108868 0.934107 -78.1031 0 0 0 1 
				4
				0.939692 -1.07069e-06 -0.342022 4.25804 0.0459098 0.99095 0.126132 -2.78066 0.338926 -0.134228 0.931188 -76.7128 0 0 0 1 
				5
				0.939692 -1.06122e-06 -0.342022 4.25804 0.0529526 0.987943 0.145482 -3.18217 0.337898 -0.154819 0.928362 -75.5354 0 0 0 1 
				6
				0.939692 -1.03918e-06 -0.342022 4.25804 0.0576753 0.98568 0.158458 -3.44324 0.337124 -0.168628 0.926236 -74.6832 0 0 0 1 
				7
				0.939692 -1.02938e-06 -0.342022 4.25804 0.0593928 0.984807 0.163177 -3.52292 0.336825 -0.173649 0.925416 -74.2682 0 0 0 1 
				8
				0.939692 -1.04127e-06 -0.342022 4.25804 0.0568762 0.986076 0.156262 -3.3447 0.337259 -0.166291 0.926608 -74.4588 0 0 0 1 
				9
				0.939692 -1.07328e-06 -0.342022 4.25804 0.0501864 0.989176 0.137882 -2.9107 0.33832 -0.146732 0.929521 -75.2272 0 0 0 1 
				10
				0.939692 -1.09678e-06 -0.342022 4.25804 0.0407 0.992894 0.111819 -2.30562 0.339591 -0.118995 0.933015 -76.367 0 0 0 1 
				11
				0.939692 -1.16559e-06 -0.342022 4.25804 0.0298106 0.996194 0.0819002 -1.6156 0.34072 -0.0871569 0.936116 -77.6774 0 0 0 1 
				12
				0.939692 -1.20315e-06 -0.342022 4.25804 0.0188907 0.998473 0.0518979 -0.925984 0.3415 -0.0552291 0.938258 -78.9761 0 0 0 1 
				13
				0.939692 -1.25274e-06 -0.342022 4.25804 0.00932764 0.999628 0.0256237 -0.323384 0.341894 -0.0272686 0.939343 -80.0968 0 0 0 1 
				14
				0.939692 -1.28092e-06 -0.342022 4.25804 0.00255537 0.999972 0.00701704 0.102661 0.342012 -0.00746785 0.939666 -80.8805 0 0 0 1 
				15
				0.939692 -1.29131e-06 -0.342022 4.25804 1.61011e-06 1 6.4819e-07 0.263133 0.342022 -1.15979e-06 0.939692 -81.1742 0 0 0 1 
				16
				0.939692 -1.28092e-06 -0.342022 4.25804 0.00255537 0.999972 0.00701704 0.100068 0.342012 -0.00746785 0.939666 -80.8981 0 0 0 1 
				17
				0.939692 -1.25274e-06 -0.342022 4.25804 0.00932764 0.999628 0.0256237 -0.332338 0.341894 -0.0272686 0.939343 -80.1575 0 0 0 1 
				18
				0.939692 -1.46906e-06 -0.342022 4.25804 0.0188909 0.998473 0.0518978 -0.942787 0.3415 -0.0552291 0.938258 -79.0902 0 0 0 1 
				19
				0.939692 -1.16559e-06 -0.342022 4.25804 0.0298106 0.996194 0.0819002 -1.63948 0.34072 -0.0871569 0.936116 -77.8394 0 0 0 1 
				20
				0.939692 -1.36121e-06 -0.342022 4.25804 0.0407003 0.992894 0.111819 -2.33358 0.339591 -0.118995 0.933015 -76.5568 0 0 0 1 
				21
				0.939692 -1.07328e-06 -0.342022 4.25804 0.0501864 0.989176 0.137882 -2.93756 0.33832 -0.146732 0.929521 -75.4095 0 0 0 1 
				22
				0.939692 -1.04127e-06 -0.342022 4.25804 0.0568762 0.986076 0.156262 -3.363 0.337259 -0.166291 0.926608 -74.583 0 0 0 1 
				23
				0.939692 -1.02938e-06 -0.342022 4.25804 0.0593928 0.984807 0.163177 -3.52292 0.336825 -0.173649 0.925416 -74.2682 0 0 0 1 
				24
				0.939692 -1.03918e-06 -0.342022 4.25804 0.0576753 0.98568 0.158458 -3.41379 0.337124 -0.168628 0.926236 -74.4833 0 0 0 1 
				25
				0.939692 -1.06122e-06 -0.342022 4.25804 0.0529526 0.987943 0.145482 -3.11353 0.337898 -0.154819 0.928362 -75.0695 0 0 0 1 
				26
				0.939692 -1.3346e-06 -0.342022 4.25804 0.0459101 0.99095 0.126132 -2.66537 0.338926 -0.134228 0.931188 -75.9303 0 0 0 1 
				27
				0.939692 -1.13275e-06 -0.342022 4.25804 0.0372363 0.994056 0.102302 -2.11288 0.339989 -0.108868 0.934107 -76.9687 0 0 0 1 
				28
				0.939691 -1.42664e-06 -0.342022 4.25804 0.0276091 0.996737 0.0758508 -1.49905 0.340906 -0.0807192 0.936626 -78.0944 0 0 0 1 
				29
				0.939692 -1.21751e-06 -0.342022 4.25804 0.0177153 0.998658 0.0486685 -0.867771 0.341563 -0.0517924 0.938431 -79.2228 0 0 0 1 
				30
				0.939692 -1.25715e-06 -0.342021 4.25804 0.00827306 0.999707 0.0227263 -0.265007 0.341921 -0.0241852 0.939417 -80.2737 0 0 0 1 
				31
				0.939692 -1.29131e-06 -0.342022 4.25804 1.61011e-06 1 6.4819e-07 0.263133 0.342022 -1.15979e-06 0.939692 -81.1742 0 0 0 1 
		</Joint>
			8
				-1
				0.513061 0.661329 -0.547185 14.0641 -0.0983745 0.678587 0.727902 -0.118852 0.852696 -0.319629 0.413215 -80.1977 0 0 0 1 
				0
				0.563425 0.518907 -0.642875 14.0641 -0.192947 0.839269 0.508329 -0.510331 0.80332 -0.162364 0.572987 -78.9566 0 0 0 1 
				1
				0.626303 0.333573 -0.704609 14.0641 -0.250073 0.942032 0.223691 -0.960451 0.738382 0.0361055 0.673415 -77.5422 0 0 0 1 
				2
				0.69599 0.130163 -0.706155 14.0641 -0.272078 0.957906 -0.0915947 -1.43288 0.664508 0.255879 0.702107 -76.0433 0 0 0 1 
				3
				0.76632 -0.0562349 -0.639993 14.0641 -0.264648 0.880087 -0.394219 -1.89143 0.585418 0.471471 0.659546 -74.5551 0 0 0 1 
				4
				0.83275 -0.192196 -0.519219 14.0641 -0.235201 0.726171 -0.646031 -2.30157 0.501206 0.660103 0.559514 -73.1759 0 0 0 1 
				5
				0.892344 -0.255962 -0.371761 14.0641 -0.191654 0.530838 -0.825518 -2.62959 0.408646 0.807895 0.424634 -72.0093 0 0 0 1 
				6
				0.942594 -0.241775 -0.230349 14.0641 -0.141941 0.334304 -0.931715 -2.84138 0.302272 0.910926 0.280795 -71.1651 0 0 0 1 
				7
				0.97961 -0.159026 -0.12278 14.0641 -0.0949602 0.172057 -0.980499 -2.90313 0.17705 0.972166 0.153448 -70.7533 0 0 0 1 
				8
				0.99838 0.00650394 -0.0565178 14.0641 -0.0567763 0.0509126 -0.997088 -2.75117 -0.00360754 0.998681 0.0511994 -70.9393 0 0 0 1 
				9
				0.967418 0.251128 -0.0321941 14.0641 -0.0246269 -0.0332184 -0.999145 -2.38698 -0.251983 0.967384 -0.0259516 -71.6967 0 0 0 1 
				10
				0.854338 0.517882 -0.0436323 14.0641 -0.0027447 -0.079457 -0.996834 -1.8809 -0.519709 0.851754 -0.0664617 -72.8233 0 0 0 1 
				11
				0.659607 0.748188 -0.0716418 14.0641 0.00225709 -0.0972891 -0.995253 -1.30452 -0.751607 0.656315 -0.0658614 -74.1218 0 0 0 1 
				12
				0.422609 0.900535 -0.102164 14.0641 -0.0289146 -0.0992713 -0.99464 -0.728852 -0.90585 0.423298 -0.0159144 -75.4124 0 0 0 1 
				13
				0.187392 0.977039 -0.101383 14.0641 -0.0249783 -0.0984384 -0.994829 -0.226047 -0.981967 0.188955 0.00595823 -76.529 0 0 0 1 
				14
				0.0235499 0.994458 -0.102462 14.0641 -0.0708356 -0.100573 -0.992405 0.129328 -0.99721 0.030629 0.0680746 -77.3115 0 0 0 1 
				15
				-0.0382595 0.994413 -0.0983837 14.0641 -0.0833564 -0.101289 -0.991359 0.263149 -0.995785 -0.029728 0.086766 -77.605 0 0 0 1 
				16
				0.0370451 0.994692 -0.0959944 14.0641 -0.0899379 -0.0923519 -0.991656 0.126734 -0.995258 0.0453696 0.0860394 -77.3291 0 0 0 1 
				17
				0.257103 0.961262 -0.0993689 14.0641 -0.13553 -0.065943 -0.988576 -0.235 -0.956833 0.267634 0.113326 -76.5897 0 0 0 1 
				18
				0.486582 0.86778 -0.10097 14.0641 -0.164856 -0.0222948 -0.986065 -0.745653 -0.857939 0.496448 0.132211 -75.5265 0 0 0 1 
				19
				0.745435 0.659823 -0.0946583 14.0641 -0.154321 0.0326799 -0.98748 -1.32839 -0.648468 0.75071 0.126185 -74.2839 0 0 0 1 
				20
				0.916337 0.387319 -0.101532 14.0641 -0.146861 0.0892093 -0.985126 -1.90886 -0.372501 0.917619 0.138628 -73.0131 0 0 0 1 
				21
				0.9871 0.115024 -0.111371 14.0641 -0.1266 0.134916 -0.982736 -2.41384 -0.0980129 0.984158 0.147738 -71.879 0 0 0 1 
				22
				0.989235 -0.0843604 -0.119567 14.0641 -0.104699 0.162796 -0.981089 -2.76947 0.10223 0.983046 0.152211 -71.0635 0 0 0 1 
				23
				0.97961 -0.159025 -0.122779 14.0641 -0.0949595 0.172058 -0.980499 -2.90313 0.177049 0.972166 0.153449 -70.7533 0 0 0 1 
				24
				0.986798 -0.108135 -0.120568 14.0641 -0.101676 0.165821 -0.9809 -2.81192 0.126063 0.980209 0.152637 -70.9652 0 0 0 1 
				25
				0.992866 0.0327338 -0.114651 14.0641 -0.118248 0.147003 -0.982043 -2.56094 -0.015292 0.988594 0.149825 -71.5434 0 0 0 1 
				26
				0.964799 0.240363 -0.106714 14.0641 -0.137495 0.115119 -0.98379 -2.18628 -0.224182 0.963832 0.144115 -72.3934 0 0 0 1 
				27
				0.871658 0.479975 -0.099181 14.0641 -0.151634 0.0716643 -0.985835 -1.72431 -0.466068 0.87435 0.135247 -73.4208 0 0 0 1 
				28
				0.701136 0.707154 -0.0913228 14.0641 -0.149082 0.0201416 -0.988619 -1.21093 -0.697267 0.706772 0.119546 -74.5369 0 0 0 1 
				29
				0.446707 0.889215 -0.0987361 14.0641 -0.158834 -0.029786 -0.986856 -0.682905 -0.880468 0.456518 0.127932 -75.6584 0 0 0 1 
				30
				0.213698 0.971762 -0.100059 14.0641 -0.135783 -0.0718848 -0.988127 -0.178674 -0.967417 0.224747 0.116587 -76.7056 0 0 0 1 
				31
				-0.0382595 0.994413 -0.0983837 14.0641 -0.0833564 -0.101289 -0.991359 0.263149 -0.995785 -0.029728 0.086766 -77.605 0 0 0 1 
		</Joint>
			9
				-1
				0.0196507 0.836781 -0.547185 23.1656 -0.482371 0.487316 0.727902 -1.86397 0.875747 0.249643 0.413215 -65.0713 0 0 0 1 
				0
				0.000376457 0.765971 -0.642874 24.059 -0.747843 0.427004 0.508329 -3.93312 0.663875 0.480578 0.572987 -64.7061 0 0 0 1 
				1
				0.0234657 0.709208 -0.704609 25.1744 -0.941148 0.253381 0.223691 -5.39663 0.337178 0.657892 0.673415 -64.4437 0 0 0 1 
				2
				0.0723361 0.704352 -0.706155 26.4106 -0.995741 0.0104322 -0.0915948 -6.25942 -0.0571483 0.709773 0.702108 -64.2553 0 0 0 1 
				3
				0.101136 0.761696 -0.639993 27.6583 -0.894108 -0.212514 -0.394218 -6.58617 -0.436282 0.612092 0.659546 -64.1701 0 0 0 1 
				4
				0.0708255 0.851701 -0.519218 28.8367 -0.68495 -0.336878 -0.646031 -6.47393 -0.725139 0.401394 0.559514 -64.2848 0 0 0 1 
				5
				-0.0205951 0.9281 -0.371761 29.8939 -0.449971 -0.340656 -0.825518 -6.02943 -0.892805 0.15028 0.424634 -64.7601 0 0 0 1 
				6
				-0.139132 0.96311 -0.230348 30.7853 -0.254056 -0.259541 -0.931715 -5.35935 -0.95713 -0.0711097 0.280795 -65.803 0 0 0 1 
				7
				-0.238121 0.963444 -0.12278 31.4419 -0.120996 -0.154858 -0.980499 -4.58768 -0.963669 -0.218622 0.153448 -67.6125 0 0 0 1 
				8
				-0.290267 0.955275 -0.0565179 31.7749 -0.0326564 -0.0689145 -0.997088 -3.75836 -0.956388 -0.287576 0.0511995 -71.0033 0 0 0 1 
				9
				-0.299627 0.953513 -0.0321941 31.2257 0.0344188 -0.0229192 -0.999144 -2.82385 -0.953435 -0.300479 -0.0259516 -76.1667 0 0 0 1 
				10
				-0.273585 0.960857 -0.0436323 29.2197 0.0759041 -0.0236538 -0.996834 -1.92959 -0.958848 -0.276031 -0.0664617 -82.0427 0 0 0 1 
				11
				-0.223277 0.972118 -0.071642 25.7652 0.0803576 -0.0548903 -0.995253 -1.26448 -0.971437 -0.227975 -0.0658613 -87.455 0 0 0 1 
				12
				-0.158085 0.982125 -0.102164 21.561 0.0320284 -0.0983108 -0.99464 -1.24178 -0.986906 -0.16051 -0.0159144 -91.4818 0 0 0 1 
				13
				-0.10496 0.989295 -0.101383 17.3883 0.00474047 -0.101447 -0.994829 -0.669149 -0.994465 -0.104898 0.00595824 -93.9486 0 0 0 1 
				14
				-0.0579682 0.993046 -0.102462 14.4819 -0.0623616 -0.106036 -0.992405 -1.12726 -0.996369 -0.0511383 0.0680746 -95.0015 0 0 0 1 
				15
				-0.0401711 0.994337 -0.0983837 13.3854 -0.0831616 -0.101449 -0.991359 -1.21555 -0.995726 -0.0316422 0.086766 -95.2698 0 0 0 1 
				16
				-0.0488198 0.994184 -0.0959945 14.7213 -0.0816441 -0.0997597 -0.991656 -1.46872 -0.995465 -0.0405751 0.0860394 -94.9845 0 0 0 1 
				17
				-0.0484568 0.99387 -0.0993693 18.625 -0.108947 -0.104152 -0.988576 -2.63924 -0.992865 -0.0370773 0.113326 -93.5635 0 0 0 1 
				18
				-0.114399 0.98829 -0.10097 22.6958 -0.120501 -0.114691 -0.986065 -3.67013 -0.986099 -0.100638 0.132211 -90.7459 0 0 0 1 
				19
				-0.140621 0.985528 -0.0946579 27.2878 -0.11222 -0.110858 -0.98748 -4.06597 -0.983683 -0.128238 0.126185 -85.7874 0 0 0 1 
				20
				-0.176912 0.978975 -0.101532 30.3195 -0.119248 -0.123719 -0.985126 -4.5141 -0.976976 -0.162173 0.138628 -79.6211 0 0 0 1 
				21
