<?xml version='1.0' encoding='UTF-8' ?>
<itpanim>
	<skeleton count>
		25
			0 -1
			1.37091e-06 -1 -6.12323e-17 1.4e-05 1 1.37091e-06 -6.12323e-17 -1.91963e-11 6.12323e-17 -6.12323e-17 1 58.5533 0 0 0 1 
			1 0
			1.3868e-06 -2.28068e-12 -1 -58.5533 2.75771e-06 -1 6.10495e-12 1.40002e-05 -1 -2.75771e-06 -1.3868e-06 -8.12017e-05 0 0 0 1 
			2 1
			1.40269e-06 -0.000796318 -1 -67.8882 0 -1 0.000796318 0.0803988 -1 -1.11699e-09 -1.40269e-06 -2.22975e-07 0 0 0 1 
			3 2
			1.40269e-06 -0.000796318 -1 -100.951 0 -1 0.000796318 0.125537 -1 -1.11699e-09 -1.40269e-06 -3.4817e-07 0 0 0 1 
			4 3
			1.40269e-06 -0.000796318 -1 -157.638 0 -1 0.000796318 0.130385 -1 -1.11699e-09 -1.40269e-06 -3.61616e-07 0 0 0 1 
			5 4
			1.34309e-06 9.82436e-13 -1 -163.726 -1.40269e-06 -1 -2.86637e-12 6.843e-06 -1 1.40269e-06 -1.34309e-06 -0.000219899 0 0 0 1 
			6 5
			1 -0 0 0 0 1 0 0 -0 -0 1 -0 0 0 0 1 
			7 4
			0.939693 1.30318e-06 0.34202 43.7151 -1.38586e-06 1 -2.63612e-09 -3.76881e-06 -0.34202 -4.71514e-07 0.939693 142.553 0 0 0 1 
			8 7
			0.64989 0.118088 0.750799 90.4882 -0.0275106 0.990863 -0.132033 -18.1135 -0.759531 0.065152 0.647201 111.468 0 0 0 1 
			9 8
			0.642057 -0.0844314 0.761994 60.9558 0.104289 0.994297 0.0222969 -5.92664 -0.75953 0.065152 0.647201 111.468 0 0 0 1 
			10 9
			0.642057 -0.0844314 0.761994 28.628 -0.759447 0.0659437 0.647218 111.463 -0.104894 -0.994245 -0.0217816 6.0154 0 0 0 1 
			11 4
			-0.939693 -1.27328e-06 0.34202 43.7151 -1.35596e-06 1 -2.63613e-09 -3.76881e-06 -0.34202 -4.66242e-07 -0.939693 -142.553 0 0 0 1 
			12 11
			-0.64989 0.118086 0.750799 90.4882 0.0275078 0.990863 -0.132033 -18.1135 -0.75953 -0.0651541 -0.647201 -111.468 0 0 0 1 
			13 12
			-0.642057 -0.0844331 0.761994 60.9559 -0.104292 0.994297 0.0222969 -5.92664 -0.75953 -0.065154 -0.647201 -111.468 0 0 0 1 
			14 13
			-0.642057 -0.0844331 0.761993 28.628 0.759447 0.0659458 0.647218 111.463 -0.104897 0.994244 0.0217816 -6.0154 0 0 0 1 
			15 2
			0.0553766 -0.0626594 0.996497 57.2683 -0.0485968 -0.997015 -0.0599913 -2.56494 0.997282 -0.0451045 -0.0582563 -22.8596 0 0 0 1 
			16 15
			0.0622516 0.0929321 0.993725 21.563 -0.0394076 -0.99465 0.0954874 0.793302 0.997282 -0.0451045 -0.0582563 -22.8596 0 0 0 1 
			17 16
			1.3716e-06 -6.00745e-14 1 7.62276 0 -1 -6.00745e-14 -0.82329 1 8.23984e-20 -1.3716e-06 -22.4394 0 0 0 1 
			18 17
			1.3716e-06 -1 -6.12323e-17 -13.0552 0 6.12323e-17 -1 0.670089 1 1.3716e-06 8.39865e-23 -22.4394 0 0 0 1 
			19 18
			1 -0 0 0 0 1 0 0 -0 -0 1 -0 0 0 0 1 
			20 2
			-0.0553766 -0.0626595 0.996497 57.2683 0.0485995 -0.997015 -0.0599913 -2.56494 0.997282 0.0451072 0.0582565 22.8596 0 0 0 1 
			21 20
			-0.062252 0.0929319 0.993724 21.563 0.0394103 -0.99465 0.0954874 0.793303 0.997282 0.0451072 0.0582565 22.8596 0 0 0 1 
			22 21
			1.3716e-06 -6.00745e-14 1 7.62277 0 -1 -6.00745e-14 -0.82329 1 8.23984e-20 -1.3716e-06 22.4394 0 0 0 1 
			23 22
			1.3716e-06 -1 -6.12323e-17 -13.0552 0 6.12323e-17 -1 0.670089 1 1.3716e-06 8.39865e-23 22.4394 0 0 0 1 
			24 23
			1 -0 0 0 0 1 0 0 -0 -0 1 -0 0 0 0 1 
	</skeleton>
		<animations>
			41
			0
				-1
				1.33158e-06 1 0 -5.19361e-09 -1 1.33158e-06 0 -0.118802 -0 -0 1 -60.1353 0 0 0 1 
				0
				1.33158e-06 1 0 -3.04444e-09 -1 1.33158e-06 0 -3.65217 -0 -0 1 -59.0014 0 0 0 1 
				1
				1.46474e-06 1 0 -7.34477e-10 -1 1.46474e-06 0 -7.44988 -0 -0 1 -57.7827 0 0 0 1 
				2
				1.5979e-06 1 0 1.63919e-09 -1 1.5979e-06 0 -11.3523 -0 -0 1 -56.5305 0 0 0 1 
				3
				1.33158e-06 1 0 3.97947e-09 -1 1.33158e-06 0 -15.1999 -0 -0 1 -55.2958 0 0 0 1 
				4
				1.33158e-06 1 0 6.19235e-09 -1 1.33158e-06 0 -18.838 -0 -0 1 -54.1283 0 0 0 1 
				5
				1.33158e-06 1 0 8.1838e-09 -1 1.33158e-06 0 -22.112 -0 -0 1 -53.0777 0 0 0 1 
				6
				1.33158e-06 1 0 9.85674e-09 -1 1.33158e-06 0 -24.8625 -0 -0 1 -52.1951 0 0 0 1 
				7
				1.33158e-06 1 0 1.11141e-08 -1 1.33158e-06 0 -26.9296 -0 -0 1 -51.5317 0 0 0 1 
				8
				1.33158e-06 1 0 1.18952e-08 -1 1.33158e-06 0 -28.0253 -0 -0 1 -51.1605 0 0 0 1 
				9
				1.33158e-06 1 0 1.22607e-08 -1 1.33158e-06 0 -28.164 -0 -0 1 -51.0678 0 0 0 1 
				10
				1.33158e-06 1 0 1.23077e-08 -1 1.33158e-06 0 -27.6705 -0 -0 1 -51.1667 0 0 0 1 
				11
				1.33158e-06 1 0 1.21333e-08 -1 1.33158e-06 0 -26.8699 -0 -0 1 -51.3701 0 0 0 1 
				12
				1.33158e-06 1 0 1.18315e-08 -1 1.33158e-06 0 -26.0767 -0 -0 1 -51.5937 0 0 0 1 
				13
				1.33158e-06 1 0 1.14963e-08 -1 1.33158e-06 0 -25.6057 -0 -0 1 -51.7532 0 0 0 1 
				14
				1.33158e-06 1 0 1.12248e-08 -1 1.33158e-06 0 -25.7817 -0 -0 1 -51.7616 0 0 0 1 
				15
				1.33158e-06 1 0 1.11141e-08 -1 1.33158e-06 0 -26.9296 -0 -0 1 -51.5317 0 0 0 1 
				16
				1.33158e-06 1 0 1.11141e-08 -1 1.33158e-06 0 -29.2301 -0 -0 1 -51.0595 0 0 0 1 
				17
				1.33158e-06 1 0 1.11141e-08 -1 1.33158e-06 0 -32.4699 -0 -0 1 -50.422 0 0 0 1 
				18
				1.5979e-06 1 0 1.11141e-08 -1 1.5979e-06 0 -36.344 -0 -0 1 -49.6622 0 0 0 1 
				19
				1.33158e-06 1 0 1.11141e-08 -1 1.33158e-06 0 -40.5469 -0 -0 1 -48.8232 0 0 0 1 
				20
				1.5979e-06 1 0 1.11141e-08 -1 1.5979e-06 0 -44.783 -0 -0 1 -47.9466 0 0 0 1 
				21
				1.33158e-06 1 0 1.11141e-08 -1 1.33158e-06 0 -48.7568 -0 -0 1 -47.0741 0 0 0 1 
				22
				1.33158e-06 1 0 1.11141e-08 -1 1.33158e-06 0 -52.1629 -0 -0 1 -46.2487 0 0 0 1 
				23
				1.33158e-06 1 0 1.11141e-08 -1 1.33158e-06 0 -54.696 -0 -0 1 -45.5135 0 0 0 1 
				24
				1.33158e-06 1 0 1.12248e-08 -1 1.33158e-06 0 -56.7823 -0 -0 1 -44.69 0 0 0 1 
				25
				1.33158e-06 1 0 1.14963e-08 -1 1.33158e-06 0 -58.8914 -0 -0 1 -43.6583 0 0 0 1 
				26
				1.5979e-06 1 0 1.18315e-08 -1 1.5979e-06 0 -60.7878 -0 -0 1 -42.5555 0 0 0 1 
				27
				1.33158e-06 1 0 1.21333e-08 -1 1.33158e-06 0 -62.2357 -0 -0 1 -41.5188 0 0 0 1 
				28
				1.5979e-06 1 0 1.23077e-08 -1 1.5979e-06 0 -63.0071 -0 -0 1 -40.6809 0 0 0 1 
				29
				1.33158e-06 1 0 1.22607e-08 -1 1.33158e-06 0 -62.8738 -0 -0 1 -40.1746 0 0 0 1 
				30
				1.33158e-06 1 0 1.18952e-08 -1 1.33158e-06 0 -61.6002 -0 -0 1 -40.137 0 0 0 1 
				31
				1.33158e-06 1 0 1.11141e-08 -1 1.33158e-06 0 -58.9507 -0 -0 1 -40.7051 0 0 0 1 
				32
				1.33158e-06 1 0 9.85674e-09 -1 1.33158e-06 0 -54.6185 -0 -0 1 -41.9729 0 0 0 1 
				33
				1.33158e-06 1 0 8.1838e-09 -1 1.33158e-06 0 -48.6785 -0 -0 1 -43.8584 0 0 0 1 
				34
				1.5979e-06 1 0 6.19235e-09 -1 1.5979e-06 0 -41.5064 -0 -0 1 -46.2173 0 0 0 1 
				35
				1.33158e-06 1 0 3.97947e-09 -1 1.33158e-06 0 -33.4777 -0 -0 1 -48.9053 0 0 0 1 
				36
				1.5979e-06 1 0 1.63919e-09 -1 1.5979e-06 0 -24.9561 -0 -0 1 -51.7827 0 0 0 1 
				37
				1.33158e-06 1 0 -7.34477e-10 -1 1.33158e-06 0 -16.3054 -0 -0 1 -54.7096 0 0 0 1 
				38
				1.33158e-06 1 0 -3.04444e-09 -1 1.33158e-06 0 -7.90108 -0 -0 1 -57.542 0 0 0 1 
				39
				1.33158e-06 1 0 -5.19361e-09 -1 1.33158e-06 0 -0.118802 -0 -0 1 -60.1353 0 0 0 1 
		</Joint>
			1
				-1
				1.33158e-06 2.66316e-06 -1 -5.19361e-09 0 -1 -2.66316e-06 -0.118802 -1 3.54621e-12 -1.33158e-06 -60.1353 0 0 0 1 
				0
				1.33158e-06 2.66316e-06 -1 -3.04444e-09 0 -1 -2.66316e-06 -3.65217 -1 3.54621e-12 -1.33158e-06 -59.0014 0 0 0 1 
				1
				1.33158e-06 2.79632e-06 -1 -7.34477e-10 0 -1 -2.79632e-06 -7.44988 -1 3.72352e-12 -1.33158e-06 -57.7827 0 0 0 1 
				2
				1.33158e-06 2.92948e-06 -1 1.63919e-09 0 -1 -2.92948e-06 -11.3523 -1 3.90083e-12 -1.33158e-06 -56.5305 0 0 0 1 
				3
				1.33158e-06 2.66316e-06 -1 3.97947e-09 0 -1 -2.66316e-06 -15.1999 -1 3.54621e-12 -1.33158e-06 -55.2958 0 0 0 1 
				4
				1.33158e-06 2.66316e-06 -1 6.19235e-09 0 -1 -2.66316e-06 -18.838 -1 3.54621e-12 -1.33158e-06 -54.1283 0 0 0 1 
				5
				1.33158e-06 2.66316e-06 -1 8.1838e-09 0 -1 -2.66316e-06 -22.112 -1 3.54621e-12 -1.33158e-06 -53.0777 0 0 0 1 
				6
				1.33158e-06 2.66316e-06 -1 9.85674e-09 0 -1 -2.66316e-06 -24.8625 -1 3.54621e-12 -1.33158e-06 -52.1951 0 0 0 1 
				7
				1.33158e-06 2.66316e-06 -1 1.11141e-08 0 -1 -2.66316e-06 -26.9296 -1 3.54621e-12 -1.33158e-06 -51.5317 0 0 0 1 
				8
				1.33158e-06 2.66316e-06 -1 1.18952e-08 0 -1 -2.66316e-06 -28.0253 -1 3.54621e-12 -1.33158e-06 -51.1605 0 0 0 1 
				9
				1.33158e-06 2.66316e-06 -1 1.22607e-08 0 -1 -2.66316e-06 -28.164 -1 3.54621e-12 -1.33158e-06 -51.0678 0 0 0 1 
				10
				1.33158e-06 2.66316e-06 -1 1.23077e-08 0 -1 -2.66316e-06 -27.6705 -1 3.54621e-12 -1.33158e-06 -51.1667 0 0 0 1 
				11
				1.33158e-06 2.66316e-06 -1 1.21333e-08 0 -1 -2.66316e-06 -26.8699 -1 3.54621e-12 -1.33158e-06 -51.3701 0 0 0 1 
				12
				1.33158e-06 2.66316e-06 -1 1.18315e-08 0 -1 -2.66316e-06 -26.0767 -1 3.54621e-12 -1.33158e-06 -51.5937 0 0 0 1 
				13
				1.33158e-06 2.66316e-06 -1 1.14963e-08 0 -1 -2.66316e-06 -25.6057 -1 3.54621e-12 -1.33158e-06 -51.7532 0 0 0 1 
				14
				1.33158e-06 2.66316e-06 -1 1.12248e-08 0 -1 -2.66316e-06 -25.7817 -1 3.54621e-12 -1.33158e-06 -51.7616 0 0 0 1 
				15
				1.33158e-06 2.66316e-06 -1 1.11141e-08 0 -1 -2.66316e-06 -26.9296 -1 3.54621e-12 -1.33158e-06 -51.5317 0 0 0 1 
				16
				1.33158e-06 2.66316e-06 -1 1.11141e-08 0 -1 -2.66316e-06 -29.2301 -1 3.54621e-12 -1.33158e-06 -51.0595 0 0 0 1 
				17
				1.33158e-06 2.66316e-06 -1 1.11141e-08 0 -1 -2.66316e-06 -32.4699 -1 3.54621e-12 -1.33158e-06 -50.422 0 0 0 1 
				18
				1.33158e-06 2.92948e-06 -1 1.11141e-08 0 -1 -2.92948e-06 -36.344 -1 3.90083e-12 -1.33158e-06 -49.6622 0 0 0 1 
				19
				1.33158e-06 2.66316e-06 -1 1.11141e-08 0 -1 -2.66316e-06 -40.5469 -1 3.54621e-12 -1.33158e-06 -48.8232 0 0 0 1 
				20
				1.33158e-06 2.92948e-06 -1 1.11141e-08 0 -1 -2.92948e-06 -44.783 -1 3.90083e-12 -1.33158e-06 -47.9466 0 0 0 1 
				21
				1.33158e-06 2.66316e-06 -1 1.11141e-08 0 -1 -2.66316e-06 -48.7568 -1 3.54621e-12 -1.33158e-06 -47.0741 0 0 0 1 
				22
				1.33158e-06 2.66316e-06 -1 1.11141e-08 0 -1 -2.66316e-06 -52.1629 -1 3.54621e-12 -1.33158e-06 -46.2487 0 0 0 1 
				23
				1.33158e-06 2.66316e-06 -1 1.11141e-08 0 -1 -2.66316e-06 -54.696 -1 3.54621e-12 -1.33158e-06 -45.5135 0 0 0 1 
				24
				1.33158e-06 2.66316e-06 -1 1.12248e-08 0 -1 -2.66316e-06 -56.7823 -1 3.54621e-12 -1.33158e-06 -44.69 0 0 0 1 
				25
				1.33158e-06 2.66316e-06 -1 1.14963e-08 0 -1 -2.66316e-06 -58.8914 -1 3.54621e-12 -1.33158e-06 -43.6583 0 0 0 1 
				26
				1.33158e-06 2.92948e-06 -1 1.18315e-08 0 -1 -2.92948e-06 -60.7878 -1 3.90083e-12 -1.33158e-06 -42.5555 0 0 0 1 
				27
				1.33158e-06 2.66316e-06 -1 1.21333e-08 0 -1 -2.66316e-06 -62.2357 -1 3.54621e-12 -1.33158e-06 -41.5188 0 0 0 1 
				28
				1.33158e-06 2.92948e-06 -1 1.23077e-08 0 -1 -2.92948e-06 -63.0071 -1 3.90083e-12 -1.33158e-06 -40.6809 0 0 0 1 
				29
				1.33158e-06 2.66316e-06 -1 1.22607e-08 0 -1 -2.66316e-06 -62.8738 -1 3.54621e-12 -1.33158e-06 -40.1746 0 0 0 1 
				30
				1.33158e-06 2.66316e-06 -1 1.18952e-08 0 -1 -2.66316e-06 -61.6002 -1 3.54621e-12 -1.33158e-06 -40.137 0 0 0 1 
				31
				1.33158e-06 2.66316e-06 -1 1.11141e-08 0 -1 -2.66316e-06 -58.9507 -1 3.54621e-12 -1.33158e-06 -40.7051 0 0 0 1 
				32
				1.33158e-06 2.66316e-06 -1 9.85674e-09 0 -1 -2.66316e-06 -54.6185 -1 3.54621e-12 -1.33158e-06 -41.9729 0 0 0 1 
				33
				1.33158e-06 2.66316e-06 -1 8.1838e-09 0 -1 -2.66316e-06 -48.6785 -1 3.54621e-12 -1.33158e-06 -43.8584 0 0 0 1 
				34
				1.33158e-06 2.92948e-06 -1 6.19235e-09 0 -1 -2.92948e-06 -41.5064 -1 3.90083e-12 -1.33158e-06 -46.2173 0 0 0 1 
				35
				1.33158e-06 2.66316e-06 -1 3.97947e-09 0 -1 -2.66316e-06 -33.4777 -1 3.54621e-12 -1.33158e-06 -48.9053 0 0 0 1 
				36
				1.33158e-06 2.92948e-06 -1 1.63919e-09 0 -1 -2.92948e-06 -24.9561 -1 3.90083e-12 -1.33158e-06 -51.7827 0 0 0 1 
				37
				1.33158e-06 2.66316e-06 -1 -7.34477e-10 0 -1 -2.66316e-06 -16.3054 -1 3.54621e-12 -1.33158e-06 -54.7096 0 0 0 1 
				38
				1.33158e-06 2.66316e-06 -1 -3.04444e-09 0 -1 -2.66316e-06 -7.90108 -1 3.54621e-12 -1.33158e-06 -57.542 0 0 0 1 
				39
				1.33158e-06 2.66316e-06 -1 -5.19361e-09 0 -1 -2.66316e-06 -0.118802 -1 3.54621e-12 -1.33158e-06 -60.1353 0 0 0 1 
		</Joint>
			2
				-1
				1.38782e-06 -1.49834e-06 -1 1.29069e-05 -0.00079765 -1 1.49724e-06 -0.0924898 -1 0.00079765 -1.38901e-06 -69.4702 0 0 0 1 
				0
				1.3685e-06 -1.47763e-06 -1 1.29085e-05 0.0142298 -0.999899 1.49696e-06 -3.62586 -0.999899 -0.0142298 -1.34733e-06 -68.3359 0 0 0 1 
				1
				1.343e-06 -1.32228e-06 -1 1.29067e-05 0.0306158 -0.999531 1.36278e-06 -7.42358 -0.999531 -0.0306158 -1.30188e-06 -67.1168 0 0 0 1 
				2
				1.3119e-06 -1.16675e-06 -1 1.2905e-05 0.0475326 -0.99887 1.22779e-06 -11.326 -0.99887 -0.0475326 -1.25496e-06 -65.8641 0 0 0 1 
				3
				1.30206e-06 -1.4109e-06 -1 1.29137e-05 0.0641536 -0.99794 1.49152e-06 -15.1736 -0.99794 -0.0641536 -1.20886e-06 -64.629 0 0 0 1 
				4
				1.28069e-06 -1.39079e-06 -1 1.29154e-05 0.0796808 -0.99682 1.48842e-06 -18.8118 -0.99682 -0.0796808 -1.1658e-06 -63.4611 0 0 0 1 
				5
				1.26164e-06 -1.37339e-06 -1 1.2917e-05 0.0933209 -0.995636 1.48513e-06 -22.0858 -0.995636 -0.0933209 -1.12796e-06 -62.4101 0 0 0 1 
				6
				1.24617e-06 -1.3596e-06 -1 1.29183e-05 0.10426 -0.99455 1.48212e-06 -24.8363 -0.99455 -0.10426 -1.09762e-06 -61.5272 0 0 0 1 
				7
				1.23557e-06 -1.35033e-06 -1 1.29193e-05 0.111688 -0.993743 1.47988e-06 -26.9035 -0.993743 -0.111688 -1.07702e-06 -60.8637 0 0 0 1 
				8
				1.22753e-06 -1.3434e-06 -1 1.29199e-05 0.117285 -0.993098 1.4781e-06 -27.9992 -0.993098 -0.117285 -1.0615e-06 -60.4923 0 0 0 1 
				9
				1.21993e-06 -1.33691e-06 -1 1.29201e-05 0.12255 -0.992462 1.47633e-06 -28.1379 -0.992462 -0.12255 -1.0469e-06 -60.3995 0 0 0 1 
				10
				1.21436e-06 -1.3322e-06 -1 1.292e-05 0.126388 -0.991981 1.475e-06 -27.6444 -0.991981 -0.126388 -1.03625e-06 -60.4983 0 0 0 1 
				11
				1.21244e-06 -1.33058e-06 -1 1.29198e-05 0.127707 -0.991812 1.47453e-06 -26.8438 -0.991812 -0.127707 -1.03259e-06 -60.7017 0 0 0 1 
				12
				1.21573e-06 -1.33335e-06 -1 1.29196e-05 0.125448 -0.9921 1.47533e-06 -26.0506 -0.9921 -0.125448 -1.03886e-06 -60.9253 0 0 0 1 
				13
				1.22572e-06 -1.34184e-06 -1 1.29194e-05 0.118545 -0.992949 1.47768e-06 -25.5795 -0.992949 -0.118545 -1.05801e-06 -61.085 0 0 0 1 
				14
				1.24385e-06 -1.35757e-06 -1 1.29196e-05 0.10589 -0.994378 1.48165e-06 -25.7555 -0.994378 -0.10589 -1.09311e-06 -61.0937 0 0 0 1 
				15
				1.27139e-06 -1.38224e-06 -1 1.29201e-05 0.0863611 -0.996264 1.48688e-06 -26.9034 -0.996264 -0.0863611 -1.14727e-06 -60.8643 0 0 0 1 
				16
				1.31162e-06 -1.4201e-06 -1 1.29211e-05 0.0571201 -0.998367 1.4927e-06 -29.2038 -0.998367 -0.0571201 -1.22836e-06 -60.3929 0 0 0 1 
				17
				1.36377e-06 -1.47266e-06 -1 1.29225e-05 0.0178648 -0.99984 1.49679e-06 -32.4436 -0.99984 -0.0178648 -1.33724e-06 -59.7564 0 0 0 1 
				18
				1.43008e-06 -1.27096e-06 -1 1.29172e-05 -0.0284182 -0.999596 1.22981e-06 -36.3177 -0.999596 0.0284182 -1.46562e-06 -58.9978 0 0 0 1 
				19
				1.48291e-06 -1.61029e-06 -1 1.29261e-05 -0.0786653 -0.996901 1.48864e-06 -40.5206 -0.996901 0.0786653 -1.60499e-06 -58.1601 0 0 0 1 
				20
				1.5754e-06 -1.42408e-06 -1 1.29212e-05 -0.129868 -0.991531 1.20743e-06 -44.7569 -0.991531 0.129868 -1.747e-06 -57.2849 0 0 0 1 
				21
				1.59291e-06 -1.76616e-06 -1 1.29302e-05 -0.179047 -0.983841 1.45241e-06 -48.7309 -0.983841 0.179047 -1.8834e-06 -56.4137 0 0 0 1 
				22
				1.63672e-06 -1.839e-06 -1 1.29321e-05 -0.22323 -0.974766 1.42723e-06 -52.1372 -0.974766 0.22323 -2.00594e-06 -55.5895 0 0 0 1 
				23
				1.67059e-06 -1.90099e-06 -1 1.29338e-05 -0.259589 -0.965719 1.40216e-06 -54.6706 -0.965719 0.259589 -2.1068e-06 -54.8553 0 0 0 1 
				24
				1.69955e-06 -1.95883e-06 -1 1.29354e-05 -0.292577 -0.956242 1.37587e-06 -56.7571 -0.956242 0.292577 -2.19829e-06 -54.0326 0 0 0 1 
				25
				1.7277e-06 -2.02035e-06 -1 1.29373e-05 -0.326709 -0.945125 1.34503e-06 -58.8665 -0.945125 0.326709 -2.29296e-06 -53.0018 0 0 0 1 
				26
				1.84864e-06 -1.83254e-06 -1 1.29327e-05 -0.359466 -0.933158 1.04552e-06 -60.7632 -0.933158 0.359465 -2.38381e-06 -51.8999 0 0 0 1 
				27
				1.7737e-06 -2.13618e-06 -1 1.2941e-05 -0.388452 -0.921469 1.27942e-06 -62.2115 -0.921469 0.388452 -2.46421e-06 -50.8639 0 0 0 1 
				28
				1.89873e-06 -1.93821e-06 -1 1.2936e-05 -0.411474 -0.911421 9.85246e-07 -62.9832 -0.911422 0.411474 -2.52807e-06 -50.0266 0 0 0 1 
				29
				1.79867e-06 -2.21048e-06 -1 1.29431e-05 -0.426427 -0.904522 1.23242e-06 -62.85 -0.904522 0.426427 -2.56954e-06 -49.5207 0 0 0 1 
				30
				1.80158e-06 -2.21987e-06 -1 1.29429e-05 -0.431142 -0.902284 1.22622e-06 -61.5765 -0.902284 0.431142 -2.58262e-06 -49.4832 0 0 0 1 
				31
				1.79674e-06 -2.20434e-06 -1 1.29418e-05 -0.423341 -0.90597 1.23644e-06 -58.9268 -0.90597 0.423341 -2.56098e-06 -50.0511 0 0 0 1 
				32
				1.78176e-06 -2.15908e-06 -1 1.29393e-05 -0.400303 -0.916383 1.2653e-06 -54.5943 -0.916383 0.400303 -2.49707e-06 -51.3183 0 0 0 1 
				33
				1.75519e-06 -2.08685e-06 -1 1.29357e-05 -0.362546 -0.931966 1.30853e-06 -48.654 -0.931966 0.362546 -2.39236e-06 -53.2028 0 0 0 1 
				34
				1.79985e-06 -1.74228e-06 -1 1.29247e-05 -0.312874 -0.949794 1.09168e-06 -41.4814 -0.949795 0.312874 -2.2546e-06 -55.5604 0 0 0 1 
				35
				1.66581e-06 -1.89189e-06 -1 1.29264e-05 -0.254318 -0.967121 1.40604e-06 -33.4522 -0.967121 0.254318 -2.09218e-06 -58.2469 0 0 0 1 
				36
				1.6548e-06 -1.52273e-06 -1 1.29144e-05 -0.190131 -0.981759 1.18032e-06 -24.9302 -0.981759 0.190131 -1.91413e-06 -61.1226 0 0 0 1 
				37
				1.53422e-06 -1.67885e-06 -1 1.29161e-05 -0.123879 -0.992297 1.47586e-06 -16.2793 -0.992297 0.123879 -1.73038e-06 -64.0478 0 0 0 1 
				38
				1.46021e-06 -1.58192e-06 -1 1.29112e-05 -0.0594513 -0.998231 1.49231e-06 -7.87481 -0.998231 0.0594513 -1.55168e-06 -66.8784 0 0 0 1 
				39
				1.38782e-06 -1.49834e-06 -1 1.29069e-05 -0.00079765 -1 1.49724e-06 -0.0924898 -1 0.00079765 -1.38901e-06 -69.4702 0 0 0 1 
		</Joint>
			3
				-1
				1.38782e-06 -1.49834e-06 -1 5.87346e-05 -0.00079765 -1 1.49724e-06 -0.0737242 -1 0.00079765 -1.38901e-06 -102.533 0 0 0 1 
				0
				1.34887e-06 -1.45722e-06 -1 5.80955e-05 0.0292541 -0.999572 1.49605e-06 -3.11027 -0.999572 -0.0292541 -1.30566e-06 -101.394 0 0 0 1 
				1
				1.29674e-06 -1.28081e-06 -1 5.72426e-05 0.061999 -0.998076 1.35874e-06 -6.36629 -0.998076 -0.061999 -1.21484e-06 -100.161 0 0 0 1 
				2
				1.23271e-06 -1.10522e-06 -1 5.6205e-05 0.0957518 -0.995405 1.21818e-06 -9.70955 -0.995405 -0.0957518 -1.12122e-06 -98.8853 0 0 0 1 
				3
				1.2108e-06 -1.32921e-06 -1 5.58984e-05 0.128834 -0.991666 1.47412e-06 -13.0078 -0.991666 -0.128834 -1.02947e-06 -97.6179 0 0 0 1 
				4
				1.16525e-06 -1.29221e-06 -1 5.51919e-05 0.159642 -0.987175 1.46167e-06 -16.1327 -0.987175 -0.159642 -9.44016e-07 -96.4117 0 0 0 1 
				5
				1.12426e-06 -1.26087e-06 -1 5.4562e-05 0.186611 -0.982434 1.44852e-06 -18.956 -0.982434 -0.186611 -8.69215e-07 -95.3203 0 0 0 1 
				6
				1.09073e-06 -1.23652e-06 -1 5.40508e-05 0.208164 -0.978094 1.43648e-06 -21.345 -0.978094 -0.208164 -8.09436e-07 -94.4005 0 0 0 1 
				7
				1.06764e-06 -1.22039e-06 -1 5.37006e-05 0.222756 -0.974874 1.42755e-06 -23.1667 -0.974874 -0.222756 -7.68964e-07 -93.7096 0 0 0 1 
				8
				1.05007e-06 -1.20846e-06 -1 5.3435e-05 0.233726 -0.972302 1.42042e-06 -24.0775 -0.972302 -0.233726 -7.38537e-07 -93.3164 0 0 0 1 
				9
				1.03341e-06 -1.19741e-06 -1 5.31833e-05 0.244025 -0.969769 1.41339e-06 -24.0422 -0.969769 -0.244025 -7.09972e-07 -93.2022 0 0 0 1 
				10
				1.02119e-06 -1.18946e-06 -1 5.29988e-05 0.251521 -0.967852 1.40807e-06 -23.422 -0.967852 -0.251521 -6.89181e-07 -93.2847 0 0 0 1 
				11
				1.01697e-06 -1.18675e-06 -1 5.2935e-05 0.254094 -0.967179 1.40621e-06 -22.5778 -0.967179 -0.254094 -6.82044e-07 -93.4823 0 0 0 1 
				12
				1.02419e-06 -1.1914e-06 -1 5.30436e-05 0.249686 -0.968327 1.40939e-06 -21.8592 -0.968327 -0.249686 -6.94271e-07 -93.7158 0 0 0 1 
				13
				1.0461e-06 -1.20579e-06 -1 5.33744e-05 0.236194 -0.971706 1.41876e-06 -21.6162 -0.971706 -0.236194 -7.31696e-07 -93.9041 0 0 0 1 
				14
				1.08569e-06 -1.23294e-06 -1 5.39755e-05 0.211369 -0.977406 1.43457e-06 -22.2103 -0.977406 -0.211369 -8.00552e-07 -93.9611 0 0 0 1 
				15
				1.14529e-06 -1.27673e-06 -1 5.48884e-05 0.172863 -0.984946 1.45548e-06 -24.0036 -0.984946 -0.172863 -9.07348e-07 -93.7959 0 0 0 1 
				16
				1.23103e-06 -1.34643e-06 -1 5.62225e-05 0.114846 -0.993383 1.4789e-06 -27.2704 -0.993383 -0.114846 -1.06825e-06 -93.3966 0 0 0 1 
				17
				1.33926e-06 -1.44745e-06 -1 5.79528e-05 0.0365211 -0.999333 1.49539e-06 -31.8079 -0.999333 -0.0365211 -1.2855e-06 -92.8124 0 0 0 1 
				18
				1.47104e-06 -1.31103e-06 -1 6.01338e-05 -0.056017 -0.99843 1.22656e-06 -37.2122 -0.99843 0.056017 -1.54217e-06 -92.0499 0 0 0 1 
				19
				1.56899e-06 -1.72929e-06 -1 6.19082e-05 -0.156055 -0.987748 1.46326e-06 -43.077 -0.987748 0.156055 -1.81963e-06 -91.1276 0 0 0 1 
				20
				1.73641e-06 -1.63872e-06 -1 6.49573e-05 -0.256766 -0.966474 1.13793e-06 -49.0071 -0.966474 0.256766 -2.09896e-06 -90.0793 0 0 0 1 
				21
				1.74699e-06 -2.06626e-06 -1 6.55646e-05 -0.351561 -0.936165 1.32019e-06 -54.6084 -0.936165 0.351561 -2.36188e-06 -88.9581 0 0 0 1 
				22
				1.8036e-06 -2.22654e-06 -1 6.70221e-05 -0.434475 -0.900684 1.22179e-06 -59.4772 -0.900684 0.434475 -2.59185e-06 -87.8377 0 0 0 1 
				23
				1.83951e-06 -2.3631e-06 -1 6.81497e-05 -0.500691 -0.865626 1.12454e-06 -63.2143 -0.865626 0.500691 -2.77552e-06 -86.8073 0 0 0 1 
				24
				1.86333e-06 -2.49025e-06 -1 6.91146e-05 -0.558888 -0.829243 1.02363e-06 -66.3931 -0.829243 0.558888 -2.93693e-06 -85.6739 0 0 0 1 
				25
				1.87886e-06 -2.62465e-06 -1 7.00532e-05 -0.616934 -0.787015 9.06506e-07 -69.6329 -0.787015 0.616934 -3.09793e-06 -84.2782 0 0 0 1 
				26
				2.06318e-06 -2.55833e-06 -1 7.40443e-05 -0.670285 -0.742104 5.15627e-07 -72.6147 -0.742104 0.670285 -3.2459e-06 -82.783 0 0 0 1 
				27
				1.8821e-06 -2.87373e-06 -1 7.15891e-05 -0.715336 -0.698781 6.61776e-07 -75.0233 -0.698781 0.715336 -3.37085e-06 -81.3626 0 0 0 1 
				28
				2.07431e-06 -2.79182e-06 -1 7.57144e-05 -0.749525 -0.661976 2.93374e-07 -76.5578 -0.661976 0.749525 -3.46568e-06 -80.1947 0 0 0 1 
				29
				1.86727e-06 -3.02975e-06 -1 7.24238e-05 -0.770917 -0.636935 4.90239e-07 -76.9202 -0.636935 0.770917 -3.52502e-06 -79.4616 0 0 0 1 
				30
				1.8645e-06 -3.04922e-06 -1 7.25209e-05 -0.777523 -0.628854 4.67823e-07 -75.8029 -0.628854 0.777523 -3.54334e-06 -79.3504 0 0 0 1 
				31
				1.86898e-06 -3.01701e-06 -1 7.2358e-05 -0.766557 -0.642176 5.04778e-07 -72.8947 -0.642176 0.766557 -3.51292e-06 -80.0397 0 0 0 1 
				32
				1.87888e-06 -2.92224e-06 -1 7.18563e-05 -0.73312 -0.680099 6.09974e-07 -67.7988 -0.680099 0.73312 -3.42018e-06 -81.6497 0 0 0 1 
				33
				1.88475e-06 -2.76841e-06 -1 7.09672e-05 -0.675173 -0.73766 7.69611e-07 -60.6075 -0.73766 0.675173 -3.25946e-06 -84.0468 0 0 0 1 
				34
				2.03183e-06 -2.35554e-06 -1 7.24141e-05 -0.593691 -0.804693 6.89207e-07 -51.7896 -0.804693 0.593691 -3.03346e-06 -86.9901 0 0 0 1 
				35
				1.83493e-06 -2.34306e-06 -1 6.79833e-05 -0.491219 -0.871036 1.13954e-06 -41.8214 -0.871036 0.491219 -2.74924e-06 -90.2448 0 0 0 1 
				36
				1.86172e-06 -1.85871e-06 -1 6.75856e-05 -0.372585 -0.927998 1.03123e-06 -31.1746 -0.927998 0.372585 -2.4202e-06 -93.5992 0 0 0 1 
				37
				1.6573e-06 -1.87604e-06 -1 6.36013e-05 -0.245076 -0.969504 1.41267e-06 -20.3313 -0.969504 0.245076 -2.06653e-06 -96.8671 0 0 0 1 
				38
				1.52759e-06 -1.66966e-06 -1 6.11403e-05 -0.1179 -0.993025 1.47791e-06 -9.79562 -0.993025 0.1179 -1.71379e-06 -99.8881 0 0 0 1 
				39
				1.38782e-06 -1.49834e-06 -1 5.87346e-05 -0.00079765 -1 1.49724e-06 -0.0737242 -1 0.00079765 -1.38901e-06 -102.533 0 0 0 1 
		</Joint>
			4
				-1
				1.38782e-06 -1.49834e-06 -1 0.000137399 -0.00079765 -1 1.49724e-06 -0.114093 -1 0.00079765 -1.38901e-06 -159.22 0 0 0 1 
				0
				1.34887e-06 -1.45722e-06 -1 0.000134552 0.0292541 -0.999572 1.49605e-06 -1.4471 -0.999572 -0.0292541 -1.30566e-06 -158.057 0 0 0 1 
				1
				1.29674e-06 -1.28081e-06 -1 0.000130744 0.061999 -0.998076 1.35874e-06 -2.84692 -0.998076 -0.061999 -1.21484e-06 -156.739 0 0 0 1 
				2
				1.23271e-06 -1.10522e-06 -1 0.000126076 0.0957518 -0.995405 1.21818e-06 -4.27685 -0.995405 -0.0957518 -1.12122e-06 -155.311 0 0 0 1 
				3
				1.2108e-06 -1.32921e-06 -1 0.000124528 0.128834 -0.991666 1.47412e-06 -5.69977 -0.991666 -0.128834 -1.02947e-06 -153.832 0 0 0 1 
				4
				1.16525e-06 -1.29221e-06 -1 0.000121239 0.159642 -0.987175 1.46167e-06 -7.07831 -0.987175 -0.159642 -9.44016e-07 -152.371 0 0 0 1 
				5
				1.12426e-06 -1.26087e-06 -1 0.000118285 0.186611 -0.982434 1.44852e-06 -8.37289 -0.982434 -0.186611 -8.69215e-07 -151.01 0 0 0 1 
				6
				1.09073e-06 -1.23652e-06 -1 0.000115873 0.208164 -0.978094 1.43648e-06 -9.54011 -0.978094 -0.208164 -8.09436e-07 -149.845 0 0 0 1 
				7
				1.06764e-06 -1.22039e-06 -1 0.000114214 0.222756 -0.974874 1.42755e-06 -10.5347 -0.974874 -0.222756 -7.68964e-07 -148.971 0 0 0 1 
				8
				1.05007e-06 -1.20846e-06 -1 0.000112953 0.233726 -0.972303 1.42042e-06 -10.8236 -0.972303 -0.233726 -7.38537e-07 -148.432 0 0 0 1 
				9
				1.03341e-06 -1.19741e-06 -1 0.000111756 0.244025 -0.969769 1.41339e-06 -10.2045 -0.969769 -0.244025 -7.09972e-07 -148.174 0 0 0 1 
				10
				1.02119e-06 -1.18946e-06 -1 0.000110879 0.251521 -0.967852 1.40807e-06 -9.15939 -0.967852 -0.251521 -6.89181e-07 -148.148 0 0 0 1 
				11
				1.01697e-06 -1.18675e-06 -1 0.000110576 0.254094 -0.967179 1.40621e-06 -8.16928 -0.967179 -0.254094 -6.82044e-07 -148.307 0 0 0 1 
				12
				1.02419e-06 -1.1914e-06 -1 0.000111094 0.249686 -0.968327 1.40939e-06 -7.70063 -0.968327 -0.249686 -6.94271e-07 -148.606 0 0 0 1 
				13
				1.0461e-06 -1.2058e-06 -1 0.000112667 0.236194 -0.971706 1.41876e-06 -8.22246 -0.971706 -0.236194 -7.31696e-07 -148.986 0 0 0 1 
				14
				1.08569e-06 -1.23294e-06 -1 0.000115512 0.211369 -0.977406 1.43457e-06 -10.2237 -0.977406 -0.211369 -8.00552e-07 -149.366 0 0 0 1 
				15
				1.14529e-06 -1.27673e-06 -1 0.000119804 0.172863 -0.984946 1.45548e-06 -14.1998 -0.984946 -0.172863 -9.07348e-07 -149.629 0 0 0 1 
				16
				1.23103e-06 -1.34643e-06 -1 0.000125999 0.114846 -0.993383 1.4789e-06 -20.7553 -0.993383 -0.114846 -1.06825e-06 -149.708 0 0 0 1 
				17
				1.33926e-06 -1.44745e-06 -1 0.000133865 0.0365211 -0.999333 1.49539e-06 -29.7327 -0.999333 -0.0365211 -1.2855e-06 -149.461 0 0 0 1 
				18
				1.47104e-06 -1.31103e-06 -1 0.000143515 -0.056017 -0.99843 1.22656e-06 -40.3828 -0.99843 0.056017 -1.54217e-06 -148.648 0 0 0 1 
				19
				1.56899e-06 -1.72929e-06 -1 0.000150844 -0.156055 -0.987748 1.46326e-06 -51.9184 -0.987748 0.156055 -1.81963e-06 -147.121 0 0 0 1 
				20
				1.73641e-06 -1.63872e-06 -1 0.000163383 -0.256766 -0.966474 1.13793e-06 -63.5577 -0.966474 0.256766 -2.09896e-06 -144.867 0 0 0 1 
				21
				1.74699e-06 -2.06626e-06 -1 0.000164592 -0.351561 -0.936165 1.32019e-06 -74.5328 -0.936165 0.351561 -2.36188e-06 -142.028 0 0 0 1 
				22
				1.8036e-06 -2.22654e-06 -1 0.00016926 -0.434475 -0.900684 1.22179e-06 -84.1018 -0.900684 0.434475 -2.59185e-06 -138.897 0 0 0 1 
				23
				1.83951e-06 -2.3631e-06 -1 0.000172424 -0.500691 -0.865626 1.12454e-06 -91.5926 -0.865626 0.500691 -2.77552e-06 -135.879 0 0 0 1 
				24
				1.86333e-06 -2.49025e-06 -1 0.00017474 -0.558888 -0.829243 1.02363e-06 -98.0707 -0.829243 0.558888 -2.93693e-06 -132.684 0 0 0 1 
				25
				1.87886e-06 -2.62465e-06 -1 0.000176559 -0.616934 -0.787015 9.06506e-07 -104.601 -0.787015 0.616934 -3.09793e-06 -128.895 0 0 0 1 
				26
				2.06318e-06 -2.55833e-06 -1 0.000190998 -0.670285 -0.742104 5.15627e-07 -110.607 -0.742104 0.670285 -3.2459e-06 -124.854 0 0 0 1 
				27
				1.8821e-06 -2.87373e-06 -1 0.00017828 -0.715336 -0.698781 6.61776e-07 -115.57 -0.698781 0.715336 -3.37085e-06 -120.978 0 0 0 1 
				28
				2.07431e-06 -2.79182e-06 -1 0.0001933 -0.749525 -0.661976 2.93374e-07 -119.043 -0.661976 0.749524 -3.46568e-06 -117.724 0 0 0 1 
				29
				1.86727e-06 -3.02975e-06 -1 0.000178275 -0.770917 -0.636935 4.90239e-07 -120.618 -0.636935 0.770917 -3.52502e-06 -115.571 0 0 0 1 
				30
				1.8645e-06 -3.04922e-06 -1 0.000178215 -0.777523 -0.628854 4.67823e-07 -119.875 -0.628854 0.777523 -3.54334e-06 -115.002 0 0 0 1 
				31
				1.86897e-06 -3.01701e-06 -1 0.000178305 -0.766557 -0.642176 5.04778e-07 -116.345 -0.642176 0.766557 -3.51292e-06 -116.446 0 0 0 1 
				32
				1.87888e-06 -2.92224e-06 -1 0.000178365 -0.73312 -0.680099 6.09974e-07 -109.354 -0.680099 0.73312 -3.42018e-06 -120.206 0 0 0 1 
				33
				1.88475e-06 -2.76841e-06 -1 0.000177808 -0.675173 -0.73766 7.69611e-07 -98.8773 -0.73766 0.675173 -3.25946e-06 -125.866 0 0 0 1 
				34
				2.03183e-06 -2.35554e-06 -1 0.00018759 -0.593691 -0.804693 6.89207e-07 -85.4401 -0.804693 0.593691 -3.03346e-06 -132.609 0 0 0 1 
				35
				1.83493e-06 -2.34306e-06 -1 0.000171997 -0.491219 -0.871036 1.13954e-06 -69.6628 -0.871036 0.491219 -2.74924e-06 -139.623 0 0 0 1 
				36
				1.86172e-06 -1.85871e-06 -1 0.000173116 -0.372585 -0.927998 1.03123e-06 -52.2908 -0.927998 0.372585 -2.4202e-06 -146.206 0 0 0 1 
				37
				1.6573e-06 -1.87604e-06 -1 0.000157544 -0.245076 -0.969504 1.41267e-06 -34.2192 -0.969504 0.245076 -2.06653e-06 -151.826 0 0 0 1 
				38
				1.52759e-06 -1.66966e-06 -1 0.000147729 -0.1179 -0.993025 1.47791e-06 -16.4742 -0.993025 0.1179 -1.71379e-06 -156.18 0 0 0 1 
				39
				1.38782e-06 -1.49834e-06 -1 0.000137399 -0.00079765 -1 1.49724e-06 -0.114093 -1 0.00079765 -1.38901e-06 -159.22 0 0 0 1 
		</Joint>
			5
				-1
				1.38685e-06 -1.49724e-06 -1 0.000145848 0 -1 1.49724e-06 -0.118949 -1 -2.07645e-12 -1.38685e-06 -165.308 0 0 0 1 
				0
				1.38688e-06 -1.49725e-06 -1 0.000142764 0 -1 1.49725e-06 -1.269 -1 -2.07651e-12 -1.38688e-06 -164.142 0 0 0 1 
				1
				1.38684e-06 -1.36409e-06 -1 0.000138638 0 -1 1.36409e-06 -2.46948 -1 -1.89177e-12 -1.38684e-06 -162.815 0 0 0 1 
				2
				1.3868e-06 -1.23093e-06 -1 0.00013358 0 -1 1.23093e-06 -3.69392 -1 -1.70705e-12 -1.3868e-06 -161.371 0 0 0 1 
				3
				1.3868e-06 -1.49724e-06 -1 0.000131899 0 -1 1.49724e-06 -4.91543 -1 -2.07637e-12 -1.3868e-06 -159.869 0 0 0 1 
				4
				1.38746e-06 -1.49723e-06 -1 0.000128333 0 -1 1.49723e-06 -6.10641 -1 -2.07735e-12 -1.38746e-06 -158.381 0 0 0 1 
				5
				1.38688e-06 -1.49724e-06 -1 0.00012513 0 -1 1.49724e-06 -7.23681 -1 -2.07649e-12 -1.38688e-06 -156.991 0 0 0 1 
				6
				1.38686e-06 -1.49725e-06 -1 0.000122514 0 -1 1.49725e-06 -8.27281 -1 -2.07647e-12 -1.38686e-06 -155.799 0 0 0 1 
				7
				1.38683e-06 -1.49724e-06 -1 0.000120714 0 -1 1.49724e-06 -9.17853 -1 -2.07641e-12 -1.38683e-06 -154.906 0 0 0 1 
				8
				1.38576e-06 -1.49592e-06 -1 0.000119345 0.000814628 -1 1.49705e-06 -9.40068 -1 -0.000814628 -1.38454e-06 -154.351 0 0 0 1 
				9
				1.38321e-06 -1.49334e-06 -1 0.000118048 0.00281229 -0.999996 1.49723e-06 -8.71891 -0.999996 -0.00281229 -1.379e-06 -154.078 0 0 0 1 
				10
				1.38005e-06 -1.4899e-06 -1 0.000117096 0.0052787 -0.999986 1.49716e-06 -7.62813 -0.999986 -0.0052787 -1.37216e-06 -154.04 0 0 0 1 
				11
				1.37719e-06 -1.48688e-06 -1 0.000116767 0.00749941 -0.999972 1.49717e-06 -6.62236 -0.999972 -0.00749941 -1.366e-06 -154.196 0 0 0 1 
				12
				1.37554e-06 -1.48484e-06 -1 0.000117329 0.00878274 -0.999961 1.49686e-06 -6.18055 -0.999961 -0.00878273 -1.36245e-06 -154.501 0 0 0 1 
				13
				1.37599e-06 -1.48559e-06 -1 0.000119035 0.00843678 -0.999964 1.49715e-06 -6.78452 -0.999964 -0.00843678 -1.36341e-06 -154.902 0 0 0 1 
				14
				1.37946e-06 -1.48926e-06 -1 0.000122122 0.00574729 -0.999983 1.49716e-06 -8.93693 -0.999983 -0.00574729 -1.37087e-06 -155.317 0 0 0 1 
				15
				1.38683e-06 -1.49724e-06 -1 0.000126776 0 -1 1.49724e-06 -13.1474 -1 -2.07641e-12 -1.38683e-06 -155.625 0 0 0 1 
				16
				1.39834e-06 -1.51e-06 -1 0.000133493 -0.00910323 -0.999958 1.49721e-06 -20.0561 -0.999958 0.00910323 -1.41203e-06 -155.755 0 0 0 1 
				17
				1.41335e-06 -1.52675e-06 -1 0.000142018 -0.0210478 -0.999778 1.49666e-06 -29.5104 -0.999778 0.0210478 -1.44517e-06 -155.545 0 0 0 1 
				18
				1.4403e-06 -1.28075e-06 -1 0.000152471 -0.0352465 -0.999378 1.22918e-06 -40.7238 -0.999379 0.0352465 -1.48455e-06 -154.726 0 0 0 1 
				19
				1.45023e-06 -1.56979e-06 -1 0.000160396 -0.0511099 -0.998693 1.49361e-06 -52.8685 -0.998693 0.0511099 -1.52856e-06 -153.134 0 0 0 1 
				20
				1.48861e-06 -1.32889e-06 -1 0.000173955 -0.0680659 -0.997681 1.22449e-06 -65.1208 -0.997681 0.0680659 -1.5756e-06 -150.751 0 0 0 1 
				21
				1.49092e-06 -1.62058e-06 -1 0.000175228 -0.0855422 -0.996335 1.48711e-06 -76.6731 -0.996335 0.0855422 -1.62408e-06 -147.727 0 0 0 1 
				22
				1.51085e-06 -1.64687e-06 -1 0.00018024 -0.10295 -0.994686 1.48258e-06 -86.7469 -0.994686 0.10295 -1.67237e-06 -144.38 0 0 0 1 
				23
				1.52962e-06 -1.67242e-06 -1 0.000183623 -0.119704 -0.99281 1.47729e-06 -94.6408 -0.99281 0.119704 -1.71881e-06 -141.149 0 0 0 1 
				24
				1.55072e-06 -1.70234e-06 -1 0.000186084 -0.138962 -0.990298 1.47033e-06 -101.473 -0.990298 0.138962 -1.77223e-06 -137.732 0 0 0 1 
				25
				1.57594e-06 -1.7398e-06 -1 0.000187998 -0.162644 -0.986685 1.46032e-06 -108.357 -0.986685 0.162644 -1.83792e-06 -133.686 0 0 0 1 
				26
				1.65236e-06 -1.51951e-06 -1 0.000203559 -0.1882 -0.982131 1.18138e-06 -114.688 -0.982131 0.1882 -1.90881e-06 -129.372 0 0 0 1 
				27
				1.62695e-06 -1.8221e-06 -1 0.000189738 -0.213111 -0.977028 1.43352e-06 -119.925 -0.977028 0.213111 -1.97789e-06 -125.232 0 0 0 1 
				28
				1.71047e-06 -1.59998e-06 -1 0.000205929 -0.234986 -0.971999 1.15324e-06 -123.606 -0.971999 0.234986 -2.03855e-06 -121.754 0 0 0 1 
				29
				1.66321e-06 -1.88701e-06 -1 0.000189643 -0.251486 -0.967861 1.40809e-06 -125.311 -0.967861 0.251486 -2.08431e-06 -119.449 0 0 0 1 
				30
				1.67116e-06 -1.90207e-06 -1 0.000189566 -0.260227 -0.965547 1.40166e-06 -124.609 -0.965547 0.260227 -2.10855e-06 -118.83 0 0 0 1 
				31
				1.6699e-06 -1.89966e-06 -1 0.000189684 -0.258819 -0.965926 1.40273e-06 -121.012 -0.965926 0.258819 -2.10466e-06 -120.356 0 0 0 1 
				32
				1.65807e-06 -1.87744e-06 -1 0.000189803 -0.24586 -0.969305 1.41216e-06 -113.817 -0.969305 0.24586 -2.06876e-06 -124.346 0 0 0 1 
				33
				1.63637e-06 -1.83837e-06 -1 0.000189282 -0.222841 -0.974855 1.4275e-06 -102.988 -0.974855 0.222841 -2.00489e-06 -130.356 0 0 0 1 
				34
				1.65716e-06 -1.52578e-06 -1 0.00019996 -0.191968 -0.981401 1.17928e-06 -89.0545 -0.981401 0.191968 -1.91924e-06 -137.507 0 0 0 1 
				35
				1.5684e-06 -1.7284e-06 -1 0.000183168 -0.155492 -0.987837 1.4635e-06 -72.6533 -0.987837 0.155492 -1.81808e-06 -144.926 0 0 0 1 
				36
				1.55593e-06 -1.40174e-06 -1 0.00018445 -0.115671 -0.993288 1.21236e-06 -54.5591 -0.993288 0.115671 -1.70762e-06 -151.856 0 0 0 1 
				37
				1.47843e-06 -1.60467e-06 -1 0.000167634 -0.0748394 -0.997195 1.48953e-06 -35.7112 -0.997196 0.0748394 -1.59438e-06 -157.729 0 0 0 1 
				38
				1.43119e-06 -1.5473e-06 -1 0.000157029 -0.0354576 -0.999371 1.49558e-06 -17.192 -0.999371 0.0354576 -1.48515e-06 -162.226 0 0 0 1 
				39
				1.38685e-06 -1.49724e-06 -1 0.000145848 0 -1 1.49724e-06 -0.118949 -1 -2.07645e-12 -1.38685e-06 -165.308 0 0 0 1 
		</Joint>
			6
		</Joint>
			7
				-1
				0.939692 -1.29131e-06 -0.342022 7.67735 1.70122e-06 1 8.98507e-07 -0.118923 0.342022 -1.42617e-06 0.939692 -150.489 0 0 0 1 
				0
				0.939692 -1.33494e-06 -0.342022 7.67734 -0.0102765 0.999548 -0.0282382 -1.71429 0.341867 0.03005 0.939268 -149.33 0 0 0 1 
				1
				0.939692 -1.50877e-06 -0.342021 7.67734 -0.0214754 0.998027 -0.0590072 -3.39998 0.341347 0.0627936 0.937838 -148.026 0 0 0 1 
				2
				0.939692 -1.69111e-06 -0.342021 7.67734 -0.0330186 0.995329 -0.0907225 -5.12456 0.340424 0.0965443 0.935302 -146.622 0 0 0 1 
				3
				0.939692 -1.46031e-06 -0.342021 7.67734 -0.0443326 0.991563 -0.121807 -6.83625 0.339136 0.129623 0.931764 -145.175 0 0 0 1 
				4
				0.939692 -1.50926e-06 -0.342021 7.67733 -0.0548685 0.987047 -0.150754 -8.48372 0.337592 0.160428 0.927521 -143.754 0 0 0 1 
				5
				0.939692 -1.52858e-06 -0.342021 7.67733 -0.0640911 0.982285 -0.176092 -10.0137 0.335963 0.187393 0.923045 -142.435 0 0 0 1 
				6
				0.939692 -1.54878e-06 -0.342021 7.67733 -0.0714614 0.977928 -0.196342 -11.369 0.334473 0.208943 0.918951 -141.308 0 0 0 1 
				7
				0.939692 -1.56901e-06 -0.342021 7.67733 -0.0764514 0.974697 -0.210052 -12.4909 0.333367 0.223532 0.915915 -140.463 0 0 0 1 
				8
				0.939692 -1.57863e-06 -0.342021 7.67733 -0.0802026 0.972116 -0.220359 -12.8756 0.332485 0.2345 0.91349 -139.946 0 0 0 1 
				9
				0.939692 -1.59196e-06 -0.342021 7.67733 -0.0837244 0.969574 -0.230035 -12.3464 0.331615 0.244797 0.911101 -139.71 0 0 0 1 
				10
				0.939692 -1.61359e-06 -0.342021 7.67732 -0.0862876 0.967651 -0.237077 -11.3667 0.330958 0.252291 0.909294 -139.701 0 0 0 1 
				11
				0.939692 -1.60385e-06 -0.342021 7.67732 -0.0871676 0.966977 -0.239495 -10.3991 0.330727 0.254864 0.90866 -139.866 0 0 0 1 
				12
				0.939692 -1.61668e-06 -0.342021 7.67732 -0.0856601 0.968128 -0.235353 -9.89194 0.331121 0.250457 0.909742 -140.155 0 0 0 1 
				13
				0.939692 -1.58591e-06 -0.342021 7.67733 -0.0810464 0.971517 -0.222677 -10.296 0.33228 0.236967 0.912927 -140.505 0 0 0 1 
				14
				0.939692 -1.55647e-06 -0.342021 7.67733 -0.0725575 0.977238 -0.199354 -12.0806 0.334236 0.212148 0.918302 -140.835 0 0 0 1 
				15
				0.939692 -1.51101e-06 -0.342022 7.67733 -0.0593895 0.984808 -0.163175 -15.7206 0.336826 0.173647 0.925416 -141.031 0 0 0 1 
				16
				0.939692 -1.4431e-06 -0.342021 7.67734 -0.039549 0.993291 -0.108664 -21.7697 0.339727 0.115637 0.933388 -141.036 0 0 0 1 
				17
				0.939692 -1.34217e-06 -0.342022 7.67735 -0.0127619 0.999303 -0.0350667 -30.0634 0.341783 0.0373168 0.939038 -140.737 0 0 0 1 
				18
				0.939692 -1.47416e-06 -0.342022 7.67735 0.0188885 0.998474 0.0518912 -39.9055 0.3415 -0.055222 0.938258 -139.93 0 0 0 1 
				19
				0.939692 -1.06051e-06 -0.342022 7.67736 0.0531062 0.987872 0.145904 -50.5676 0.337874 -0.155269 0.928296 -138.495 0 0 0 1 
				20
				0.939692 -1.13224e-06 -0.342022 7.67737 0.0875573 0.966678 0.240557 -61.3274 0.330625 -0.255996 0.908379 -136.426 0 0 0 1 
				21
				0.939692 -7.2696e-07 -0.342022 7.67737 0.119987 0.936445 0.329658 -71.4745 0.320284 -0.350815 0.87997 -133.851 0 0 0 1 
				22
				0.939692 -5.63447e-07 -0.342022 7.67738 0.148355 0.901029 0.407599 -80.3193 0.308172 -0.433758 0.84669 -131.028 0 0 0 1 
				23
				0.939692 -4.31166e-07 -0.342022 7.67738 0.171012 0.866025 0.469847 -87.2316 0.296199 -0.500001 0.813797 -128.316 0 0 0 1 
				24
				0.939692 -3.04297e-07 -0.342022 7.67738 0.190926 0.829688 0.524562 -93.2011 0.283771 -0.558227 0.779651 -125.437 0 0 0 1 
				25
				0.939692 -1.65397e-07 -0.342022 7.67738 0.210791 0.787506 0.579139 -99.2243 0.269344 -0.616307 0.740013 -122.016 0 0 0 1 
				26
				0.939692 -2.1132e-07 -0.342022 7.6774 0.22905 0.742637 0.629306 -104.764 0.253998 -0.669694 0.69785 -118.367 0 0 0 1 
				27
				0.939692 8.36803e-08 -0.342022 7.67739 0.24447 0.69935 0.671672 -109.333 0.239193 -0.714779 0.657174 -114.869 0 0 0 1 
				28
				0.939692 2.18381e-08 -0.342022 7.6774 0.256174 0.662573 0.703827 -112.507 0.226615 -0.748997 0.622615 -111.935 0 0 0 1 
				29
				0.939692 2.44331e-07 -0.342022 7.67739 0.263497 0.637549 0.723948 -113.895 0.218056 -0.77041 0.5991 -110.001 0 0 0 1 
				30
				0.939692 2.59186e-07 -0.342022 7.67739 0.265759 0.629473 0.730162 -113.094 0.215294 -0.777022 0.591511 -109.502 0 0 0 1 
				31
				0.939692 2.26973e-07 -0.342022 7.67739 0.262004 0.642787 0.719847 -109.66 0.219847 -0.766046 0.604021 -110.831 0 0 0 1 
				32
				0.939692 1.34561e-07 -0.342022 7.67738 0.250558 0.680683 0.688398 -102.961 0.232809 -0.732578 0.639632 -114.26 0 0 0 1 
				33
				0.939692 -2.64113e-08 -0.342022 7.67738 0.230723 0.738197 0.633902 -92.9914 0.25248 -0.674585 0.693678 -119.417 0 0 0 1 
				34
				0.939692 -4.06102e-07 -0.342022 7.67739 0.202837 0.805165 0.557284 -80.2664 0.275384 -0.59305 0.756608 -125.576 0 0 0 1 
				35
				0.939692 -4.46947e-07 -0.342022 7.67738 0.167771 0.871427 0.460942 -65.3845 0.298047 -0.490525 0.818873 -132.013 0 0 0 1 
				36
				0.939692 -9.07242e-07 -0.342022 7.67738 0.12718 0.928294 0.349421 -49.0489 0.317497 -0.371846 0.872311 -138.1 0 0 0 1 
				37
