<?xml version='1.0' encoding='UTF-8' ?>
<itpanim>
	<skeleton count>
		25
			0 -1
			1.37091e-06 -1 -6.12323e-17 1.5e-05 1 1.37091e-06 -6.12323e-17 -2.05656e-11 6.12323e-17 -6.12323e-17 1 32.529 0 0 0 1 
			1 0
			1.3868e-06 -2.28084e-12 -1 -32.529 2.75771e-06 -1 6.10517e-12 1.50001e-05 -1 -2.75771e-06 -1.3868e-06 -4.51111e-05 0 0 0 1 
			2 1
			1.40269e-06 -0.000796318 -1 -37.7063 0 -1 0.000796318 0.0446412 -1 -1.11699e-09 -1.40269e-06 -1.23796e-07 0 0 0 1 
			3 2
			1.40269e-06 -0.000796318 -1 -56.0438 0 -1 0.000796318 0.069676 -1 -1.11699e-09 -1.40269e-06 -1.93233e-07 0 0 0 1 
			4 3
			1.40269e-06 -0.000796318 -1 -87.4836 0 -1 0.000796318 0.0723646 -1 -1.11699e-09 -1.40269e-06 -2.0069e-07 0 0 0 1 
			5 4
			1.34309e-06 9.80604e-13 -1 -90.8602 -1.40269e-06 -1 -2.8646e-12 1.10282e-05 -1 1.40269e-06 -1.34309e-06 -0.000122033 0 0 0 1 
			6 5
			1 -0 0 0 0 1 0 0 -0 -0 1 -0 0 0 0 1 
			7 4
			0.939693 1.30318e-06 0.34202 24.2639 -1.38586e-06 1 -2.63612e-09 -9.54182e-06 -0.34202 -4.71514e-07 0.939693 79.1139 0 0 0 1 
			8 7
			0.64989 0.118088 0.750799 50.2273 -0.0275106 0.990863 -0.132032 -10.0532 -0.759531 0.0651516 0.647201 61.8577 0 0 0 1 
			9 8
			0.642057 -0.0844318 0.761994 33.8486 0.104289 0.994297 0.0222974 -3.28582 -0.75953 0.0651516 0.647201 61.8577 0 0 0 1 
			10 9
			0.642057 -0.0844318 0.761994 15.9188 -0.759447 0.0659433 0.647218 61.8551 -0.104894 -0.994245 -0.0217821 3.33507 0 0 0 1 
			11 4
			-0.939693 -1.27328e-06 0.34202 24.2639 -1.35596e-06 1 -2.63613e-09 -9.54182e-06 -0.34202 -4.66242e-07 -0.939693 -79.1139 0 0 0 1 
			12 11
			-0.64989 0.118086 0.750799 50.2273 0.0275079 0.990864 -0.132032 -10.0532 -0.75953 -0.0651537 -0.647201 -61.8577 0 0 0 1 
			13 12
			-0.642057 -0.0844335 0.761994 33.8486 -0.104292 0.994297 0.0222974 -3.28582 -0.75953 -0.0651537 -0.647201 -61.8577 0 0 0 1 
			14 13
			-0.642057 -0.0844335 0.761993 15.9188 0.759447 0.0659454 0.647218 61.8551 -0.104897 0.994244 0.0217821 -3.33507 0 0 0 1 
			15 2
			0.0553766 -0.0626591 0.996498 31.8161 -0.0485968 -0.997015 -0.0599911 -1.4258 0.997282 -0.0451045 -0.0582563 -12.6816 0 0 0 1 
			16 15
			0.0622516 0.0929321 0.993725 12.0129 -0.0394075 -0.99465 0.0954874 0.44514 0.997282 -0.0451045 -0.0582563 -12.6816 0 0 0 1 
			17 16
			1.3716e-06 -6.00745e-14 1 4.28168 0 -1 -6.00745e-14 -0.456609 1 8.23984e-20 -1.3716e-06 -12.4454 0 0 0 1 
			18 17
			1.3716e-06 -1 -6.12323e-17 -7.24071 0 6.12323e-17 -1 0.317726 1 1.3716e-06 8.39865e-23 -12.4454 0 0 0 1 
			19 18
			1 -0 0 0 0 1 0 0 -0 -0 1 -0 0 0 0 1 
			20 2
			-0.0553766 -0.0626593 0.996498 31.8161 0.0485995 -0.997015 -0.0599911 -1.4258 0.997282 0.0451072 0.0582565 12.6816 0 0 0 1 
			21 20
			-0.062252 0.0929319 0.993724 12.0129 0.0394102 -0.99465 0.0954874 0.44514 0.997282 0.0451072 0.0582565 12.6816 0 0 0 1 
			22 21
			1.3716e-06 -6.00745e-14 1 4.28169 0 -1 -6.00745e-14 -0.456609 1 8.23984e-20 -1.3716e-06 12.4454 0 0 0 1 
			23 22
			1.3716e-06 -1 -6.12323e-17 -7.24071 0 6.12323e-17 -1 0.317726 1 1.3716e-06 8.39865e-23 12.4454 0 0 0 1 
			24 23
			1 -0 0 0 0 1 0 0 -0 -0 1 -0 0 0 0 1 
	</skeleton>
		<animations>
			33
			0
				-1
				-0.422617 0.906309 0 -1.95317e-06 -0.906309 -0.422617 -0 1.73236e-15 -0 -0 1 -28.2917 0 0 0 1 
				0
				-0.315822 0.948818 0 -2.06115e-06 -0.948818 -0.315822 -0 1.73236e-15 -0 -0 1 -28.2917 0 0 0 1 
				1
				-0.196426 0.980519 6.0032e-34 -2.16905e-06 -0.980519 -0.196426 -1.26911e-32 1.73236e-15 -1.2326e-32 -3.08149e-33 1 -28.2917 0 0 0 1 
				2
				-0.0706324 0.997502 -1.02163e-34 -2.27691e-06 -0.997502 -0.0706324 -1.23496e-32 1.73236e-15 -1.2326e-32 -7.70372e-34 1 -28.2917 0 0 0 1 
				3
				0.0545158 0.998513 3.84613e-34 -2.38478e-06 -0.998513 0.0545158 2.09987e-35 1.73236e-15 -0 -3.85186e-34 1 -28.2917 0 0 0 1 
				4
				0.172098 0.98508 -9.14237e-34 -2.49273e-06 -0.98508 0.172098 -1.26724e-32 1.73236e-15 -1.2326e-32 3.08149e-33 1 -28.2917 0 0 0 1 
				5
				0.275901 0.961186 2.96188e-33 -2.60079e-06 -0.961186 0.275901 8.50184e-34 1.73236e-15 -0 -3.08149e-33 1 -28.2917 0 0 0 1 
				6
				0.36073 0.93267 1.57232e-33 -2.70902e-06 -0.93267 0.36073 -1.26076e-32 1.73236e-15 -1.2326e-32 3.08149e-33 1 -28.2917 0 0 0 1 
				7
				0.422619 0.906307 -1.88181e-34 -2.81748e-06 -0.906307 0.422619 -6.88785e-33 1.73236e-15 -6.16298e-33 3.08149e-33 1 -28.2917 0 0 0 1 
				8
				0.465374 0.885114 0 -2.92614e-06 -0.885114 0.465374 0 1.73236e-15 -0 -0 1 -28.2917 0 0 0 1 
				9
				0.49527 0.868739 0 -3.03494e-06 -0.868739 0.49527 0 1.73236e-15 -0 -0 1 -28.2917 0 0 0 1 
				10
				0.512934 0.858428 0 -3.14389e-06 -0.858428 0.512934 0 1.73236e-15 -0 -0 1 -28.2917 0 0 0 1 
				11
				0.518774 0.854911 0 -3.25297e-06 -0.854911 0.518774 0 1.73236e-15 -0 -0 1 -28.2917 0 0 0 1 
				12
				0.512934 0.858428 0 -3.36218e-06 -0.858428 0.512934 0 1.73236e-15 -0 -0 1 -28.2917 0 0 0 1 
				13
				0.49527 0.868739 0 -3.4715e-06 -0.868739 0.49527 0 1.73236e-15 -0 -0 1 -28.2917 0 0 0 1 
				14
				0.465374 0.885114 0 -3.58094e-06 -0.885114 0.465374 0 1.73236e-15 -0 -0 1 -28.2917 0 0 0 1 
				15
				0.422619 0.906307 -1.88181e-34 -3.69047e-06 -0.906307 0.422619 -6.88785e-33 1.73236e-15 -6.16298e-33 3.08149e-33 1 -28.2917 0 0 0 1 
				16
				0.355198 0.934791 0 -3.8239e-06 -0.934791 0.355198 0 1.73236e-15 -0 -0 1 -28.2917 0 0 0 1 
				17
				0.256185 0.966628 1.79075e-34 -3.99201e-06 -0.966628 0.256185 -1.2704e-32 1.73236e-15 -1.2326e-32 3.08149e-33 1 -28.2917 0 0 0 1 
				18
				0.134163 0.990959 -1.39994e-33 -4.17392e-06 -0.990959 0.134163 -1.26279e-32 1.73236e-15 -1.2326e-32 3.08149e-33 1 -28.2917 0 0 0 1 
				19
				1.5979e-06 1 0 -4.34877e-06 -1 1.5979e-06 0 1.73236e-15 -0 -0 1 -28.2917 0 0 0 1 
				20
				-0.13416 0.99096 -1.26838e-34 -4.49635e-06 -0.99096 -0.13416 -1.24212e-32 1.73236e-15 -1.2326e-32 -1.54074e-33 1 -28.2917 0 0 0 1 
				21
				-0.256182 0.966628 0 -4.59646e-06 -0.966628 -0.256182 -0 1.73236e-15 -0 -0 1 -28.2917 0 0 0 1 
				22
				-0.355194 0.934792 0 -4.62821e-06 -0.934792 -0.355194 -0 1.73236e-15 -0 -0 1 -28.2917 0 0 0 1 
				23
				-0.422617 0.906309 0 -4.57076e-06 -0.906309 -0.422617 -0 1.73236e-15 -0 -0 1 -28.2917 0 0 0 1 
				24
				-0.46012 0.887857 2.63614e-33 -4.4111e-06 -0.887857 -0.46012 -8.30755e-33 1.73236e-15 -6.16298e-33 -6.16298e-33 1 -28.2917 0 0 0 1 
				25
				-0.477397 0.878688 0 -4.1623e-06 -0.878688 -0.477397 -0 1.73236e-15 -0 -0 1 -28.2917 0 0 0 1 
				26
				-0.479606 0.877484 0 -3.84519e-06 -0.877484 -0.479606 -0 1.73236e-15 -0 -0 1 -28.2917 0 0 0 1 
				27
				-0.471395 0.881922 0 -3.48058e-06 -0.881922 -0.471395 -0 1.73236e-15 -0 -0 1 -28.2917 0 0 0 1 
				28
				-0.45709 0.88942 0 -3.08865e-06 -0.88942 -0.45709 -0 1.73236e-15 -0 -0 1 -28.2917 0 0 0 1 
				29
				-0.441064 0.897476 -5.43653e-33 -2.68955e-06 -0.897476 -0.441064 -1.10622e-32 1.73236e-15 -1.2326e-32 -0 1 -28.2917 0 0 0 1 
				30
				-0.427979 0.903789 -2.49023e-33 -2.30412e-06 -0.903789 -0.427979 -1.24589e-32 1.73236e-15 -1.2326e-32 -3.08149e-33 1 -28.2917 0 0 0 1 
				31
				-0.422617 0.906309 0 -1.95317e-06 -0.906309 -0.422617 -0 1.73236e-15 -0 -0 1 -28.2917 0 0 0 1 
		</Joint>
			1
				-1
				1.33158e-06 -0.422615 -0.906309 -1.95317e-06 0 -0.906309 0.422615 1.73236e-15 -1 -5.62747e-07 -1.20682e-06 -28.2917 0 0 0 1 
				0
				1.33158e-06 -0.315821 -0.948819 -2.06115e-06 0 -0.948819 0.315821 1.73236e-15 -1 -4.20541e-07 -1.26343e-06 -28.2917 0 0 0 1 
				1
				1.33158e-06 -0.196425 -0.980519 -2.16905e-06 0 -0.980519 0.196425 1.73236e-15 -1 -2.61555e-07 -1.30564e-06 -28.2917 0 0 0 1 
				2
				1.33158e-06 -0.070631 -0.997503 -2.27691e-06 0 -0.997503 0.070631 1.73236e-15 -1 -9.40509e-08 -1.32825e-06 -28.2917 0 0 0 1 
				3
				1.33158e-06 0.0545172 -0.998513 -2.38478e-06 0 -0.998513 -0.0545172 1.73236e-15 -1 7.2594e-08 -1.3296e-06 -28.2917 0 0 0 1 
				4
				1.33158e-06 0.1721 -0.98508 -2.49273e-06 0 -0.98508 -0.1721 1.73236e-15 -1 2.29164e-07 -1.31171e-06 -28.2917 0 0 0 1 
				5
				1.33158e-06 0.275902 -0.961186 -2.60079e-06 0 -0.961186 -0.275902 1.73236e-15 -1 3.67385e-07 -1.2799e-06 -28.2917 0 0 0 1 
				6
				1.33158e-06 0.360731 -0.93267 -2.70902e-06 0 -0.93267 -0.360731 1.73236e-15 -1 4.80342e-07 -1.24193e-06 -28.2917 0 0 0 1 
				7
				1.33158e-06 0.422621 -0.906307 -2.81748e-06 0 -0.906307 -0.422621 1.73236e-15 -1 5.62753e-07 -1.20682e-06 -28.2917 0 0 0 1 
				8
				1.33158e-06 0.465376 -0.885113 -2.92614e-06 0 -0.885113 -0.465376 1.73236e-15 -1 6.19685e-07 -1.1786e-06 -28.2917 0 0 0 1 
				9
				1.33158e-06 0.495272 -0.868738 -3.03494e-06 0 -0.868738 -0.495272 1.73236e-15 -1 6.59494e-07 -1.15679e-06 -28.2917 0 0 0 1 
				10
				1.33158e-06 0.512935 -0.858427 -3.14389e-06 0 -0.858427 -0.512935 1.73236e-15 -1 6.83014e-07 -1.14307e-06 -28.2917 0 0 0 1 
				11
				1.33158e-06 0.518776 -0.85491 -3.25297e-06 0 -0.85491 -0.518776 1.73236e-15 -1 6.90791e-07 -1.13838e-06 -28.2917 0 0 0 1 
				12
				1.33158e-06 0.512935 -0.858427 -3.36218e-06 0 -0.858427 -0.512935 1.73236e-15 -1 6.83014e-07 -1.14307e-06 -28.2917 0 0 0 1 
				13
				1.33158e-06 0.495272 -0.868738 -3.4715e-06 0 -0.868738 -0.495272 1.73236e-15 -1 6.59494e-07 -1.15679e-06 -28.2917 0 0 0 1 
				14
				1.33158e-06 0.465376 -0.885113 -3.58094e-06 0 -0.885113 -0.465376 1.73236e-15 -1 6.19685e-07 -1.1786e-06 -28.2917 0 0 0 1 
				15
				1.33158e-06 0.422621 -0.906307 -3.69047e-06 0 -0.906307 -0.422621 1.73236e-15 -1 5.62753e-07 -1.20682e-06 -28.2917 0 0 0 1 
				16
				1.33158e-06 0.355199 -0.934791 -3.8239e-06 0 -0.934791 -0.355199 1.73236e-15 -1 4.72976e-07 -1.24475e-06 -28.2917 0 0 0 1 
				17
				1.33158e-06 0.256187 -0.966627 -3.99201e-06 0 -0.966627 -0.256187 1.73236e-15 -1 3.41133e-07 -1.28714e-06 -28.2917 0 0 0 1 
				18
				1.33158e-06 0.134165 -0.990959 -4.17392e-06 0 -0.990959 -0.134165 1.73236e-15 -1 1.78651e-07 -1.31954e-06 -28.2917 0 0 0 1 
				19
				1.33158e-06 2.92948e-06 -1 -4.34877e-06 0 -1 -2.92948e-06 1.73236e-15 -1 3.90083e-12 -1.33158e-06 -28.2917 0 0 0 1 
				20
				1.33158e-06 -0.134159 -0.99096 -4.49635e-06 0 -0.99096 0.134159 1.73236e-15 -1 -1.78643e-07 -1.31954e-06 -28.2917 0 0 0 1 
				21
				1.33158e-06 -0.256181 -0.966629 -4.59646e-06 0 -0.966629 0.256181 1.73236e-15 -1 -3.41126e-07 -1.28714e-06 -28.2917 0 0 0 1 
				22
				1.33158e-06 -0.355193 -0.934793 -4.62821e-06 0 -0.934793 0.355193 1.73236e-15 -1 -4.72968e-07 -1.24475e-06 -28.2917 0 0 0 1 
				23
				1.33158e-06 -0.422615 -0.906309 -4.57076e-06 0 -0.906309 0.422615 1.73236e-15 -1 -5.62747e-07 -1.20682e-06 -28.2917 0 0 0 1 
				24
				1.33158e-06 -0.460118 -0.887858 -4.4111e-06 0 -0.887858 0.460118 1.73236e-15 -1 -6.12685e-07 -1.18225e-06 -28.2917 0 0 0 1 
				25
				1.33158e-06 -0.477396 -0.878688 -4.1623e-06 0 -0.878688 0.477396 1.73236e-15 -1 -6.35691e-07 -1.17004e-06 -28.2917 0 0 0 1 
				26
				1.33158e-06 -0.479605 -0.877485 -3.84519e-06 0 -0.877485 0.479605 1.73236e-15 -1 -6.38632e-07 -1.16844e-06 -28.2917 0 0 0 1 
				27
				1.33158e-06 -0.471394 -0.881923 -3.48058e-06 0 -0.881923 0.471394 1.73236e-15 -1 -6.27699e-07 -1.17435e-06 -28.2917 0 0 0 1 
				28
				1.33158e-06 -0.457089 -0.889421 -3.08865e-06 0 -0.889421 0.457089 1.73236e-15 -1 -6.08651e-07 -1.18434e-06 -28.2917 0 0 0 1 
				29
				1.33158e-06 -0.441062 -0.897476 -2.68955e-06 0 -0.897476 0.441062 1.73236e-15 -1 -5.8731e-07 -1.19506e-06 -28.2917 0 0 0 1 
				30
				1.33158e-06 -0.427978 -0.903789 -2.30412e-06 0 -0.903789 0.427978 1.73236e-15 -1 -5.69887e-07 -1.20347e-06 -28.2917 0 0 0 1 
				31
				1.33158e-06 -0.422615 -0.906309 -1.95317e-06 0 -0.906309 0.422615 1.73236e-15 -1 -5.62747e-07 -1.20682e-06 -28.2917 0 0 0 1 
		</Joint>
			2
				-1
				7.00953e-05 0.0871547 -0.996195 -0.001271 -0.000795081 -0.996194 -0.0871548 0.0145353 -1 0.000798164 -5.33536e-07 -33.469 0 0 0 1 
				0
				0.000107497 0.133871 -0.990999 -0.00195222 -0.000790844 -0.990998 -0.133871 0.0144598 -1 0.000798116 -6.57583e-07 -33.469 0 0 0 1 
				1
				0.000147915 0.184379 -0.982855 -0.00268874 -0.000784241 -0.982855 -0.184379 0.0143416 -1 0.000798068 -7.81759e-07 -33.469 0 0 0 1 
				2
				0.000187938 0.234404 -0.972139 -0.00341827 -0.000775562 -0.972139 -0.234404 0.014186 -1 0.000798007 -9.07678e-07 -33.469 0 0 0 1 
				3
				0.000224279 0.279827 -0.96005 -0.00408082 -0.00076576 -0.96005 -0.279828 0.0140103 -1 0.000797928 -1.03825e-06 -33.469 0 0 0 1 
				4
				0.000253926 0.316884 -0.948464 -0.00462135 -0.000756351 -0.948464 -0.316884 0.0138421 -1 0.000797837 -1.16456e-06 -33.469 0 0 0 1 
				5
				0.000274042 0.342018 -0.939693 -0.00498785 -0.000749191 -0.939693 -0.342018 0.0137149 -1 0.000797737 -1.27838e-06 -33.469 0 0 0 1 
				6
				0.000281775 0.351641 -0.936135 -0.00512803 -0.000746202 -0.936134 -0.351641 0.0136637 -1 0.000797629 -1.38372e-06 -33.469 0 0 0 1 
				7
				0.000274162 0.342019 -0.939693 -0.00498747 -0.000748917 -0.939693 -0.342019 0.0137164 -1 0.000797521 -1.4848e-06 -33.469 0 0 0 1 
				8
				0.000253825 0.316438 -0.948613 -0.00461399 -0.000755935 -0.948613 -0.316438 0.0138471 -1 0.00079741 -1.57489e-06 -33.469 0 0 0 1 
				9
				0.000225729 0.281136 -0.959668 -0.00409848 -0.00076467 -0.959668 -0.281136 0.0140088 -1 0.00079729 -1.64791e-06 -33.469 0 0 0 1 
				10
				0.000190469 0.236848 -0.971547 -0.00345181 -0.000774085 -0.971546 -0.236849 0.0141823 -1 0.000797172 -1.70875e-06 -33.469 0 0 0 1 
				11
				0.000148695 0.184379 -0.982855 -0.00268581 -0.000783085 -0.982855 -0.184379 0.0143477 -1 0.000797075 -1.76104e-06 -33.469 0 0 0 1 
				12
				0.000101106 0.124616 -0.992205 -0.00181335 -0.00079055 -0.992205 -0.124616 0.0144843 -1 0.000796987 -1.80311e-06 -33.469 0 0 0 1 
				13
				4.85265e-05 0.058597 -0.998282 -0.000849488 -0.00079542 -0.998281 -0.058597 0.0145727 -1 0.000796897 -1.83388e-06 -33.469 0 0 0 1 
				14
				-8.06533e-06 -0.0124515 -0.999922 0.000187753 -0.000796784 -0.999922 0.0124516 0.0145962 -1 0.000796823 -1.8565e-06 -33.469 0 0 0 1 
				15
				-6.75792e-05 -0.0871572 -0.996194 0.00127833 -0.000793909 -0.996194 0.0871572 0.0145414 -1 0.000796777 -1.8729e-06 -33.469 0 0 0 1 
				16
				-0.000126587 -0.161199 -0.986922 0.00235906 -0.000786658 -0.986922 0.161199 0.0144054 -1 0.000796776 -1.87706e-06 -33.469 0 0 0 1 
				17
				-0.000181245 -0.229733 -0.973254 0.00335912 -0.000775959 -0.973253 0.229733 0.0142049 -1 0.000796842 -1.86584e-06 -33.469 0 0 0 1 
				18
				-0.000229866 -0.290628 -0.956836 0.0042475 -0.000763104 -0.956836 0.290628 0.0139645 -1 0.000796971 -1.83503e-06 -33.469 0 0 0 1 
				19
				-0.000270954 -0.342021 -0.939692 0.00499687 -0.000749628 -0.939692 0.342021 0.0137127 -1 0.000797092 -1.77567e-06 -33.469 0 0 0 1 
				20
				-0.000303259 -0.382354 -0.924016 0.00558462 -0.000737301 -0.924015 0.382355 0.0134826 -1 0.00079723 -1.69459e-06 -33.469 0 0 0 1 
				21
				-0.000325641 -0.410222 -0.911985 0.00599033 -0.000727856 -0.911985 0.410223 0.0133061 -1 0.000797379 -1.60329e-06 -33.469 0 0 0 1 
				22
				-0.000336922 -0.424178 -0.905579 0.00619303 -0.000722843 -0.905578 0.424178 0.013212 -1 0.000797506 -1.50478e-06 -33.469 0 0 0 1 
				23
				-0.000335825 -0.422619 -0.906307 0.00616992 -0.000723507 -0.906307 0.422619 0.0132229 -1 0.000797645 -1.4075e-06 -33.469 0 0 0 1 
				24
				-0.000318741 -0.401068 -0.916048 0.00585504 -0.00073129 -0.916048 0.401068 0.0133649 -1 0.000797734 -1.31472e-06 -33.469 0 0 0 1 
				25
				-0.000284978 -0.358623 -0.933482 0.00523531 -0.000745184 -0.933482 0.358624 0.0136194 -1 0.000797816 -1.21904e-06 -33.469 0 0 0 1 
				26
				-0.000237667 -0.299204 -0.954189 0.00436796 -0.000761675 -0.954189 0.299204 0.0139218 -1 0.000797892 -1.11747e-06 -33.469 0 0 0 1 
				27
				-0.000180218 -0.227077 -0.973877 0.00331526 -0.000777345 -0.973876 0.227077 0.0142093 -1 0.000797962 -1.00705e-06 -33.469 0 0 0 1 
				28
				-0.00011638 -0.146941 -0.989145 0.00214572 -0.000789493 -0.989145 0.146941 0.0144323 -1 0.000798024 -8.91945e-07 -33.469 0 0 0 1 
				29
				-5.03365e-05 -0.0640433 -0.997947 0.000935811 -0.00079649 -0.997947 0.0640433 0.0145609 -1 0.000798078 -7.7667e-07 -33.469 0 0 0 1 
				30
				1.33405e-05 0.0158902 -0.999874 -0.000230862 -0.000798014 -0.999873 -0.0158902 0.014589 -1 0.000798125 -6.58185e-07 -33.469 0 0 0 1 
				31
				7.00953e-05 0.0871547 -0.996195 -0.001271 -0.000795081 -0.996194 -0.0871548 0.0145353 -1 0.000798164 -5.33536e-07 -33.469 0 0 0 1 
		</Joint>
			3
				-1
				0.000457419 0.573575 -0.819153 -0.014345 -0.000654105 -0.819152 -0.573576 0.0204628 -1 0.000798177 4.82585e-07 -51.8065 0 0 0 1 
				0
				0.000443829 0.556257 -0.83101 -0.0139067 -0.000663442 -0.83101 -0.556257 0.0207616 -1 0.00079821 2.18071e-07 -51.8065 0 0 0 1 
				1
				0.000429849 0.538448 -0.842659 -0.0134562 -0.000672604 -0.842658 -0.538448 0.0210563 -1 0.000798227 -5.36771e-08 -51.8065 0 0 0 1 
				2
				0.000413343 0.517481 -0.855695 -0.012927 -0.000682843 -0.855694 -0.517481 0.0213864 -1 0.000798202 -3.37727e-07 -51.8065 0 0 0 1 
				3
				0.000392049 0.490522 -0.871429 -0.0122483 -0.000695193 -0.871428 -0.490522 0.0217842 -1 0.00079812 -6.35594e-07 -51.8065 0 0 0 1 
				4
				0.000363592 0.454605 -0.890693 -0.011346 -0.000710345 -0.890693 -0.454605 0.0222706 -1 0.00079799 -9.22135e-07 -51.8065 0 0 0 1 
				5
				0.000325375 0.406486 -0.913657 -0.0101389 -0.000728456 -0.913657 -0.406486 0.0228497 -1 0.000797819 -1.17386e-06 -51.8065 0 0 0 1 
				6
				0.000274509 0.342522 -0.93951 -0.00853589 -0.000748886 -0.939509 -0.342522 0.0235006 -1 0.000797611 -1.39401e-06 -51.8065 0 0 0 1 
				7
				0.000207911 0.258817 -0.965926 -0.00643953 -0.000769806 -0.965926 -0.258818 0.0241648 -1 0.000797387 -1.58785e-06 -51.8065 0 0 0 1 
				8
				0.000128631 0.159209 -0.987245 -0.00394543 -0.0007867 -0.987244 -0.159209 0.0247007 -1 0.000797145 -1.74056e-06 -51.8065 0 0 0 1 
				9
				4.31067e-05 0.0517897 -0.998658 -0.00125584 -0.000795715 -0.998658 -0.0517897 0.0249878 -1 0.00079688 -1.83901e-06 -51.8065 0 0 0 1 
				10
				-4.61574e-05 -0.0603178 -0.998179 0.0015509 -0.000795285 -0.998179 0.0603178 0.0249765 -1 0.000796621 -1.8965e-06 -51.8065 0 0 0 1 
				11
				-0.000136394 -0.173649 -0.984808 0.00438807 -0.00078464 -0.984807 0.173649 0.0246423 -1 0.000796404 -1.9302e-06 -51.8065 0 0 0 1 
				12
				-0.000224838 -0.28472 -0.958611 0.00716855 -0.000763808 -0.95861 0.28472 0.0239864 -1 0.00079621 -1.93891e-06 -51.8065 0 0 0 1 
				13
				-0.000308863 -0.39023 -0.920717 0.00980961 -0.000733659 -0.920717 0.39023 0.0230366 -1 0.00079602 -1.92068e-06 -51.8065 0 0 0 1 
				14
				-0.000386147 -0.487268 -0.873252 0.0122383 -0.000695916 -0.873252 0.487268 0.0218467 -1 0.000795868 -1.89392e-06 -51.8065 0 0 0 1 
				15
				-0.000454904 -0.573577 -0.819151 0.0143984 -0.000652935 -0.819151 0.573577 0.0204904 -1 0.000795775 -1.87384e-06 -51.8065 0 0 0 1 
				16
				-0.000503201 -0.634168 -0.773195 0.015914 -0.000616475 -0.773194 0.634169 0.0193369 -1 0.000795769 -1.87624e-06 -51.8065 0 0 0 1 
				17
				-0.000524968 -0.661395 -0.750038 0.0165934 -0.000598224 -0.750038 0.661395 0.0187531 -1 0.000795902 -1.91657e-06 -51.8065 0 0 0 1 
				18
				-0.000526097 -0.662635 -0.748942 0.0166215 -0.000597583 -0.748942 0.662635 0.0187213 -1 0.000796166 -1.96357e-06 -51.8065 0 0 0 1 
				19
				-0.000510447 -0.642788 -0.766043 0.0161202 -0.000611357 -0.766043 0.642788 0.0191442 -1 0.000796436 -1.94843e-06 -51.8065 0 0 0 1 
				20
				-0.000480762 -0.60528 -0.796013 0.0151764 -0.000635359 -0.796012 0.60528 0.0198898 -1 0.000796749 -1.87766e-06 -51.8065 0 0 0 1 
				21
				-0.00043956 -0.553301 -0.832981 0.0138703 -0.000664927 -0.832981 0.553302 0.020812 -1 0.000797081 -1.75983e-06 -51.8065 0 0 0 1 
				22
				-0.000389938 -0.490778 -0.871284 0.0123007 -0.000695509 -0.871284 0.490778 0.0217685 -1 0.000797359 -1.59421e-06 -51.8065 0 0 0 1 
				23
				-0.000335825 -0.422619 -0.906307 0.0105919 -0.000723507 -0.906307 0.422619 0.0226448 -1 0.000797645 -1.40753e-06 -51.8065 0 0 0 1 
				24
				-0.000270352 -0.340297 -0.940318 0.00852937 -0.000750614 -0.940318 0.340297 0.0234955 -1 0.000797816 -1.21466e-06 -51.8065 0 0 0 1 
				25
				-0.000185513 -0.233711 -0.972306 0.00586038 -0.000776098 -0.972306 0.233712 0.0242961 -1 0.000797962 -1.00736e-06 -51.8065 0 0 0 1 
				26
				-8.48581e-05 -0.107302 -0.994226 0.00269591 -0.000793555 -0.994226 0.107302 0.0248448 -1 0.000798079 -7.82137e-07 -51.8065 0 0 0 1 
				27
				2.66501e-05 0.0327181 -0.999465 -0.000808638 -0.000797719 -0.999464 -0.0327181 0.0249761 -1 0.000798164 -5.36026e-07 -51.8065 0 0 0 1 
				28
				0.000143003 0.178808 -0.983884 -0.00446482 -0.000785303 -0.983883 -0.178808 0.0245863 -1 0.000798217 -2.80502e-07 -51.8065 0 0 0 1 
				29
				0.00025764 0.322729 -0.946491 -0.00806675 -0.000755516 -0.946491 -0.322729 0.0236504 -1 0.000798237 -2.7161e-08 -51.8065 0 0 0 1 
				30
				0.000364176 0.456484 -0.889731 -0.0114143 -0.000710309 -0.889731 -0.456484 0.0222296 -1 0.000798225 2.26459e-07 -51.8065 0 0 0 1 
				31
				0.000457419 0.573575 -0.819153 -0.014345 -0.000654105 -0.819152 -0.573576 0.0204628 -1 0.000798177 4.82585e-07 -51.8065 0 0 0 1 
		</Joint>
			4
				-1
				0.000457419 0.573575 -0.819153 -0.00150595 -0.000654105 -0.819152 -0.573576 0.00210023 -1 0.000798177 4.82585e-07 -83.2463 0 0 0 1 
				0
				0.000443829 0.556257 -0.83101 -0.00144843 -0.000663442 -0.83101 -0.556257 0.00213738 -1 0.00079821 2.18044e-07 -83.2463 0 0 0 1 
				1
				0.000429849 0.538448 -0.842659 -0.00138956 -0.000672604 -0.842658 -0.538448 0.00217532 -1 0.000798227 -5.36779e-08 -83.2463 0 0 0 1 
				2
				0.000413343 0.517481 -0.855695 -0.00132284 -0.000682843 -0.855694 -0.517481 0.00221855 -1 0.000798202 -3.37734e-07 -83.2463 0 0 0 1 
				3
				0.000392049 0.490522 -0.871428 -0.00124114 -0.000695193 -0.871428 -0.490522 0.0022704 -1 0.00079812 -6.3557e-07 -83.2463 0 0 0 1 
				4
				0.000363592 0.454605 -0.890693 -0.00113704 -0.000710345 -0.890693 -0.454605 0.00233226 -1 0.00079799 -9.22162e-07 -83.2463 0 0 0 1 
				5
				0.000325375 0.406486 -0.913657 -0.00100209 -0.000728456 -0.913657 -0.406486 0.00240363 -1 0.000797819 -1.17384e-06 -83.2463 0 0 0 1 
				6
				0.000274509 0.342522 -0.93951 -0.000826288 -0.000748886 -0.939509 -0.342522 0.0024817 -1 0.000797611 -1.39397e-06 -83.2463 0 0 0 1 
				7
				0.000207911 0.258817 -0.965926 -0.000598701 -0.000769806 -0.965926 -0.258817 0.00255929 -1 0.000797387 -1.58785e-06 -83.2463 0 0 0 1 
				8
				0.000128631 0.159209 -0.987245 -0.00032935 -0.0007867 -0.987244 -0.159209 0.00262131 -1 0.000797145 -1.74056e-06 -83.2463 0 0 0 1 
				9
				4.31067e-05 0.0517897 -0.998658 -3.98216e-05 -0.000795715 -0.998658 -0.0517897 0.00265563 -1 0.00079688 -1.83901e-06 -83.2463 0 0 0 1 
				10
				-4.61574e-05 -0.0603178 -0.998179 0.000261885 -0.000795285 -0.998179 0.0603178 0.00265663 -1 0.000796621 -1.8965e-06 -83.2463 0 0 0 1 
				11
				-0.000136394 -0.173649 -0.984807 0.000566732 -0.00078464 -0.984807 0.173649 0.00262114 -1 0.000796404 -1.93022e-06 -83.2463 0 0 0 1 
				12
				-0.000224838 -0.28472 -0.958611 0.000865166 -0.000763808 -0.95861 0.28472 0.00254978 -1 0.00079621 -1.93894e-06 -83.2463 0 0 0 1 
				13
				-0.000308863 -0.39023 -0.920717 0.00114819 -0.000733659 -0.920717 0.39023 0.002446 -1 0.00079602 -1.92069e-06 -83.2463 0 0 0 1 
				14
				-0.000386147 -0.487268 -0.873252 0.00140802 -0.000695916 -0.873252 0.487268 0.00231509 -1 0.000795868 -1.89388e-06 -83.2463 0 0 0 1 
				15
				-0.000454904 -0.573577 -0.819151 0.00163845 -0.000652935 -0.819151 0.573577 0.00216466 -1 0.000795775 -1.87384e-06 -83.2463 0 0 0 1 
				16
				-0.000503201 -0.634168 -0.773195 0.00179847 -0.000616475 -0.773194 0.634169 0.00203384 -1 0.000795769 -1.87624e-06 -83.2463 0 0 0 1 
				17
				-0.000524968 -0.661395 -0.750038 0.00186673 -0.000598224 -0.750038 0.661395 0.00196158 -1 0.000795902 -1.91655e-06 -83.2463 0 0 0 1 
				18
				-0.000526097 -0.662635 -0.748942 0.00186269 -0.000597583 -0.748942 0.662635 0.00194702 -1 0.000796166 -1.96356e-06 -83.2463 0 0 0 1 
				19
				-0.000510447 -0.642788 -0.766043 0.00180009 -0.000611357 -0.766043 0.642788 0.00198281 -1 0.000796436 -1.94841e-06 -83.2463 0 0 0 1 
				20
				-0.000480762 -0.60528 -0.796013 0.00168867 -0.000635359 -0.796012 0.60528 0.00205441 -1 0.000796749 -1.87764e-06 -83.2463 0 0 0 1 
				21
				-0.00043956 -0.553301 -0.832981 0.00153819 -0.000664927 -0.832981 0.553302 0.00214638 -1 0.000797081 -1.75981e-06 -83.2463 0 0 0 1 
				22
				-0.000389938 -0.490778 -0.871284 0.00136061 -0.000695509 -0.871284 0.490778 0.00224435 -1 0.000797359 -1.59418e-06 -83.2463 0 0 0 1 
				23
				-0.000335825 -0.422619 -0.906307 0.00116984 -0.000723507 -0.906307 0.422619 0.00233457 -1 0.000797645 -1.40756e-06 -83.2463 0 0 0 1 
				24
				-0.000270352 -0.340297 -0.940318 0.00094446 -0.000750614 -0.940318 0.340297 0.00242453 -1 0.000797816 -1.21464e-06 -83.2463 0 0 0 1 
				25
				-0.000185513 -0.233711 -0.972306 0.000656232 -0.000776098 -0.972306 0.233712 0.00250987 -1 0.000797961 -1.00736e-06 -83.2463 0 0 0 1 
				26
				-8.48581e-05 -0.107302 -0.994226 0.000316476 -0.000793555 -0.994226 0.107302 0.0025687 -1 0.000798079 -7.82132e-07 -83.2463 0 0 0 1 
				27
				2.66501e-05 0.0327181 -0.999464 -5.87368e-05 -0.000797719 -0.999464 -0.0327181 0.00258312 -0.999999 0.000798164 -5.36026e-07 -83.2463 0 0 0 1 
				28
				0.000143003 0.178808 -0.983884 -0.00044957 -0.000785303 -0.983883 -0.178808 0.00254176 -1 0.000798217 -2.80509e-07 -83.2463 0 0 0 1 
				29
				0.00025764 0.322729 -0.946491 -0.000834281 -0.000755516 -0.946491 -0.32273 0.00244186 -1 0.000798237 -2.7149e-08 -83.2463 0 0 0 1 
				30
				0.000364176 0.456484 -0.889731 -0.00119202 -0.000710309 -0.889731 -0.456484 0.00228979 -1 0.000798225 2.2649e-07 -83.2463 0 0 0 1 
				31
				0.000457419 0.573575 -0.819153 -0.00150595 -0.000654105 -0.819152 -0.573576 0.00210023 -1 0.000798177 4.82585e-07 -83.2463 0 0 0 1 
		</Joint>
			5
				-1
				9.41062e-07 -1.30127e-06 -1 3.8538e-05 -0.173649 -0.984808 1.11809e-06 -0.000108378 -0.984807 0.173649 -1.15273e-06 -86.6228 0 0 0 1 
				0
				-0.000987372 -0.000952842 -0.999999 5.01821e-05 -0.170822 -0.985301 0.0011075 -0.000102756 -0.985301 0.170823 0.000810093 -86.6228 0 0 0 1 
				1
				-0.00247921 -0.00197945 -0.999995 6.18438e-05 -0.167713 -0.985833 0.00236721 -9.57508e-05 -0.985833 0.167718 0.00211211 -86.6228 0 0 0 1 
				2
				-0.00443103 -0.00299612 -0.999986 7.28278e-05 -0.164636 -0.986347 0.00368478 -8.70871e-05 -0.986344 0.16465 0.00387726 -86.6228 0 0 0 1 
				3
				-0.00669967 -0.00393272 -0.99997 8.26278e-05 -0.161873 -0.986799 0.00496545 -7.69381e-05 -0.986789 0.161901 0.00597463 -86.6229 0 0 0 1 
				4
				-0.0090632 -0.00473293 -0.999948 9.06457e-05 -0.159638 -0.987156 0.0061193 -6.62538e-05 -0.987134 0.159686 0.00819124 -86.6228 0 0 0 1 
				5
				-0.0112439 -0.00534687 -0.999922 9.65548e-05 -0.158085 -0.9874 0.00705755 -5.60286e-05 -0.987361 0.158152 0.010257 -86.6228 0 0 0 1 
				6
				-0.0129283 -0.00572557 -0.9999 0.000100603 -0.157295 -0.987522 0.00768845 -4.69417e-05 -0.987467 0.157378 0.0118664 -86.6228 0 0 0 1 
				7
				-0.0138096 -0.00582078 -0.999888 0.000103319 -0.157286 -0.987521 0.0079211 -3.99861e-05 -0.987456 0.157378 0.0127218 -86.6228 0 0 0 1 
				8
				-0.0136769 -0.00560276 -0.999891 0.000104979 -0.158357 -0.987352 0.00769858 -3.50144e-05 -0.987287 0.158445 0.0126167 -86.6229 0 0 0 1 
				9
				-0.0125993 -0.0051223 -0.999907 0.00010573 -0.160491 -0.987012 0.00707849 -3.11256e-05 -0.986957 0.160565 0.0116135 -86.6228 0 0 0 1 
				10
				-0.0107868 -0.00444594 -0.999932 0.000106033 -0.163248 -0.986566 0.00614755 -2.86736e-05 -0.986526 0.163304 0.00991608 -86.6228 0 0 0 1 
				11
				-0.00850623 -0.00363039 -0.999957 0.000106192 -0.16624 -0.986072 0.00499412 -2.82198e-05 -0.986048 0.166276 0.00778424 -86.6228 0 0 0 1 
				12
				-0.00602937 -0.00272742 -0.999978 0.000105991 -0.169125 -0.985588 0.00370791 -2.92389e-05 -0.985576 0.169143 0.0054812 -86.6229 0 0 0 1 
				13
				-0.00362051 -0.00178683 -0.999992 0.000105303 -0.171563 -0.98517 0.0023815 -3.1222e-05 -0.985166 0.17157 0.00326026 -86.6228 0 0 0 1 
				14
				-0.00154019 -0.00085858 -0.999998 0.000104178 -0.173196 -0.984887 0.00111236 -3.46925e-05 -0.984886 0.173197 0.00136821 -86.6228 0 0 0 1 
				15
				2.04549e-06 -1.64757e-06 -1 0.000102455 -0.173647 -0.984808 1.26734e-06 -3.99927e-05 -0.984808 0.173647 -2.30051e-06 -86.6228 0 0 0 1 
				16
				0.00125413 0.000902639 -0.999999 9.93921e-05 -0.172613 -0.984989 -0.00110557 -4.77048e-05 -0.984989 0.172614 -0.00107949 -86.6228 0 0 0 1 
				17
				0.00265486 0.0019452 -0.999994 9.41603e-05 -0.170318 -0.985386 -0.00236896 -5.83484e-05 -0.985385 0.170323 -0.00228476 -86.6228 0 0 0 1 
				18
				0.00435847 0.00300254 -0.999986 8.63092e-05 -0.167308 -0.985898 -0.00368945 -7.07432e-05 -0.985895 0.167321 -0.00379465 -86.6229 0 0 0 1 
				19
				0.00642092 0.00397165 -0.999971 7.65434e-05 -0.164097 -0.986431 -0.00497156 -8.14561e-05 -0.986423 0.164124 -0.00568206 -86.6228 0 0 0 1 
				20
				0.00872706 0.0047804 -0.99995 6.53663e-05 -0.161149 -0.986911 -0.00612449 -9.08975e-05 -0.986891 0.161195 -0.00784247 -86.6228 0 0 0 1 
				21
				0.0110036 0.00537973 -0.999925 5.40026e-05 -0.158856 -0.987276 -0.00705981 -9.87606e-05 -0.98724 0.158922 -0.010009 -86.6228 0 0 0 1 
				22
				0.0128485 0.00573536 -0.999901 4.39664e-05 -0.157504 -0.987488 -0.00768805 -0.000104069 -0.987435 0.157588 -0.0117844 -86.6228 0 0 0 1 
				23
				0.0138126 0.00581782 -0.999888 3.5918e-05 -0.157287 -0.987521 -0.00791865 -0.000108374 -0.987456 0.157379 -0.0127251 -86.6229 0 0 0 1 
				24
				0.0136919 0.00559952 -0.99989 3.16062e-05 -0.158068 -0.987398 -0.00769405 -0.000109947 -0.987333 0.158156 -0.0126343 -86.6228 0 0 0 1 
				25
				0.0126739 0.00511137 -0.999907 2.98387e-05 -0.159516 -0.98717 -0.00706814 -0.000110652 -0.987114 0.15959 -0.0116959 -86.6228 0 0 0 1 
				26
				0.0109818 0.00441697 -0.99993 2.99491e-05 -0.161454 -0.986861 -0.00613242 -0.000110766 -0.986819 0.16151 -0.0101244 -86.6228 0 0 0 1 
				27
				0.00885568 0.00357564 -0.999954 3.12485e-05 -0.163737 -0.986491 -0.00497757 -0.000110413 -0.986464 0.163774 -0.00815058 -86.6228 0 0 0 1 
				28
				0.00651064 0.00264774 -0.999975 3.32862e-05 -0.166256 -0.986075 -0.0036934 -0.000109838 -0.986061 0.166275 -0.00597978 -86.6228 0 0 0 1 
				29
				0.00413636 0.00169892 -0.99999 3.56504e-05 -0.168869 -0.985635 -0.00237305 -0.000109169 -0.98563 0.168877 -0.00379005 -86.6228 0 0 0 1 
				30
				0.00191486 0.00079242 -0.999998 3.76308e-05 -0.171396 -0.985201 -0.0011089 -0.000108596 -0.9852 0.171398 -0.0017507 -86.6228 0 0 0 1 
				31
				9.41062e-07 -1.30127e-06 -1 3.8538e-05 -0.173649 -0.984808 1.11809e-06 -0.000108378 -0.984807 0.173649 -1.15273e-06 -86.6228 0 0 0 1 
		</Joint>
			6
		</Joint>
			7
				-1
				0.76975 -0.573578 -0.280167 3.48795 0.538987 0.819151 -0.196174 2.44218 0.34202 -1.65197e-06 0.939693 -78.4041 0 0 0 1 
				0
				0.780892 -0.556259 -0.284222 3.53845 0.522713 0.831009 -0.190251 2.36844 0.34202 -1.61202e-06 0.939693 -78.4042 0 0 0 1 
				1
				0.791838 -0.53845 -0.288207 3.58806 0.505978 0.842657 -0.18416 2.29262 0.34202 -1.7637e-06 0.939693 -78.4042 0 0 0 1 
				2
				0.804088 -0.517483 -0.292665 3.64358 0.486276 0.855693 -0.176989 2.20335 0.342021 -1.55361e-06 0.939692 -78.4042 0 0 0 1 
				3
				0.818873 -0.490525 -0.298047 3.71058 0.460943 0.871427 -0.167768 2.08857 0.342021 -1.59487e-06 0.939692 -78.4042 0 0 0 1 
				4
				0.836976 -0.454607 -0.304636 3.79262 0.427191 0.890692 -0.155484 1.93564 0.342021 -1.42951e-06 0.939692 -78.4041 0 0 0 1 
				5
				0.858555 -0.406488 -0.31249 3.8904 0.381974 0.913656 -0.139026 1.73076 0.342021 -1.42746e-06 0.939692 -78.4042 0 0 0 1 
				6
				0.882849 -0.342525 -0.321333 4.00048 0.321868 0.939509 -0.11715 1.45842 0.342022 -1.24034e-06 0.939692 -78.4041 0 0 0 1 
				7
				0.907672 -0.25882 -0.330368 4.11297 0.243212 0.965925 -0.0885213 1.10201 0.342022 -9.02804e-07 0.939692 -78.4042 0 0 0 1 
				8
				0.927706 -0.159212 -0.337659 4.20374 0.14961 0.987244 -0.0544534 0.677887 0.342022 -6.52168e-07 0.939692 -78.4042 0 0 0 1 
				9
				0.938431 -0.0517925 -0.341563 4.25234 0.0486691 0.998658 -0.0177138 0.220502 0.342022 -3.70572e-07 0.939692 -78.4041 0 0 0 1 
				10
				0.937981 0.060315 -0.341399 4.25031 -0.0566775 0.998179 0.0206292 -0.256846 0.342022 -1.1841e-07 0.939692 -78.4042 0 0 0 1 
				11
				0.925416 0.173647 -0.336826 4.19337 -0.163174 0.984808 0.0593909 -0.739408 0.342022 8.01306e-08 0.939692 -78.4041 0 0 0 1 
				12
				0.900799 0.284718 -0.327866 4.08183 -0.267547 0.958611 0.0973795 -1.21235 0.342022 2.4491e-07 0.939692 -78.4042 0 0 0 1 
				13
				0.865191 0.390228 -0.314906 3.92048 -0.366694 0.920718 0.133466 -1.66161 0.342022 5.76424e-07 0.939692 -78.4041 0 0 0 1 
				14
				0.820589 0.487266 -0.298672 3.71837 -0.45788 0.873254 0.166655 -2.07479 0.342022 4.03165e-07 0.939692 -78.4041 0 0 0 1 
				15
				0.769751 0.573575 -0.280169 3.48801 -0.538984 0.819153 0.196175 -2.4423 0.342022 5.86368e-07 0.939692 -78.4041 0 0 0 1 
				16
				0.726566 0.634166 -0.264451 3.29233 -0.595921 0.773196 0.216898 -2.7003 0.342022 6.94186e-07 0.939692 -78.4041 0 0 0 1 
				17
				0.704806 0.661393 -0.256531 3.19372 -0.621506 0.75004 0.22621 -2.81624 0.342022 6.74282e-07 0.939692 -78.4041 0 0 0 1 
				18
				0.703776 0.662633 -0.256156 3.18905 -0.622671 0.748944 0.226635 -2.82153 0.342022 3.66302e-07 0.939692 -78.4042 0 0 0 1 
				19
				0.719846 0.642786 -0.262005 3.26186 -0.604021 0.766045 0.219847 -2.73703 0.342022 2.52569e-07 0.939692 -78.4042 0 0 0 1 
				20
				0.748008 0.605278 -0.272254 3.38946 -0.568774 0.796014 0.207018 -2.57733 0.342022 -1.79405e-07 0.939692 -78.4041 0 0 0 1 
				21
				0.782747 0.553299 -0.284898 3.54686 -0.519931 0.832982 0.189241 -2.35602 0.342022 -6.88865e-07 0.939692 -78.4041 0 0 0 1 
				22
				0.81874 0.490776 -0.297998 3.70994 -0.461178 0.871285 0.167857 -2.0898 0.342022 -1.01148e-06 0.939692 -78.4042 0 0 0 1 
				23
				0.851651 0.422617 -0.309977 3.85906 -0.397129 0.906309 0.144545 -1.79958 0.342022 -1.12029e-06 0.939692 -78.4042 0 0 0 1 
				24
				0.88361 0.340295 -0.321609 4.00387 -0.319772 0.940319 0.116389 -1.44906 0.342021 -1.37969e-06 0.939692 -78.4041 0 0 0 1 
				25
				0.913669 0.233709 -0.332549 4.14007 -0.219614 0.972307 0.0799348 -0.995222 0.342021 -1.49794e-06 0.939692 -78.4042 0 0 0 1 
				26
				0.934267 0.1073 -0.340046 4.23341 -0.100828 0.994226 0.0367002 -0.456975 0.342021 -1.59461e-06 0.939692 -78.4041 0 0 0 1 
				27
				0.939189 -0.0327209 -0.341838 4.25571 0.0307482 0.999464 -0.0111897 0.139228 0.342021 -1.67016e-06 0.939692 -78.4042 0 0 0 1 
				28
				0.924547 -0.178811 -0.336509 4.18937 0.168028 0.983883 -0.0611553 0.761273 0.34202 -1.72531e-06 0.939692 -78.4042 0 0 0 1 
				29
				0.889409 -0.322732 -0.323719 4.03015 0.30327 0.94649 -0.110379 1.37409 0.34202 -1.70984e-06 0.939692 -78.4042 0 0 0 1 
				30
				0.836073 -0.456487 -0.304306 3.78848 0.428958 0.88973 -0.156126 1.94361 0.34202 -1.69969e-06 0.939692 -78.4042 0 0 0 1 
				31
				0.76975 -0.573578 -0.280167 3.48795 0.538987 0.819151 -0.196174 2.44218 0.34202 -1.65197e-06 0.939693 -78.4041 0 0 0 1 
		</Joint>
			8
				-1
				0.293362 -0.225395 -0.929051 11.5206 0.798697 0.59185 0.108613 8.06673 0.525378 -0.773893 0.353649 -74.835 0 0 0 1 
				0
				0.247711 -0.184086 -0.951184 11.6874 0.753456 0.653794 0.0696863 7.82317 0.60905 -0.733938 0.300653 -74.835 0 0 0 1 
				1
				0.200486 -0.152907 -0.96769 11.8512 0.692407 0.720902 0.0295412 7.57271 0.693092 -0.675959 0.250405 -74.835 0 0 0 1 
				2
				0.158451 -0.131948 -0.97851 12.0346 0.614036 0.789247 -0.00699591 7.27784 0.77321 -0.599732 0.206078 -74.835 0 0 0 1 
				3
				0.127752 -0.11864 -0.984685 12.2559 0.519137 0.853952 -0.0355363 6.8987 0.845089 -0.506647 0.170684 -74.835 0 0 0 1 
				4
				0.112166 -0.107708 -0.987835 12.5268 0.41056 0.910313 -0.0526376 6.39356 0.904908 -0.399661 0.146327 -74.835 0 0 0 1 
				5
				0.112453 -0.091989 -0.98939 12.8498 0.292279 0.954718 -0.0555452 5.71682 0.949698 -0.282931 0.134248 -74.835 0 0 0 1 
				6
				0.126297 -0.0635652 -0.989954 13.2134 0.168475 0.984821 -0.0417419 4.81724 0.977581 -0.16151 0.135089 -74.835 0 0 0 1 
				7
				0.147629 -0.0150468 -0.988928 13.5849 0.0429158 0.99904 -0.00879407 3.64002 0.988111 -0.0411424 0.148133 -74.835 0 0 0 1 
				8
				0.168413 0.0511472 -0.984389 13.8847 -0.0811598 0.995981 0.0378644 2.23913 0.98237 0.0735159 0.171887 -74.835 0 0 0 1 
				9
				0.18318 0.127272 -0.974806 14.0453 -0.20014 0.975646 0.0897728 0.728384 0.962491 0.178653 0.204191 -74.835 0 0 0 1 
				10
				0.188158 0.210207 -0.959379 14.0385 -0.310664 0.93941 0.144902 -0.848299 0.93171 0.27078 0.242061 -74.835 0 0 0 1 
				11
				0.180871 0.295983 -0.937912 13.8505 -0.410121 0.889469 0.201606 -2.4422 0.893916 0.348193 0.282268 -74.835 0 0 0 1 
				12
				0.160677 0.380552 -0.910693 13.482 -0.496313 0.828695 0.258722 -4.00431 0.853145 0.410419 0.322026 -74.835 0 0 0 1 
				13
				0.12826 0.460249 -0.878476 12.9491 -0.567447 0.760525 0.315603 -5.48821 0.813359 0.458009 0.358712 -74.835 0 0 0 1 
				14
				0.0852765 0.532089 -0.842383 12.2816 -0.62217 0.688803 0.372096 -6.85295 0.778224 0.492374 0.389788 -74.835 0 0 0 1 
				15
				0.0345001 0.594245 -0.803543 11.5207 -0.659501 0.617646 0.428453 -8.06682 0.750911 0.515156 0.413215 -74.835 0 0 0 1 
				16
				-0.0151175 0.639173 -0.768914 10.8743 -0.661904 0.569986 0.486825 -8.91898 0.749436 0.516307 0.414455 -74.835 0 0 0 1 
				17
				-0.0504077 0.667571 -0.742837 10.5487 -0.619038 0.562791 0.547775 -9.3019 0.783741 0.487457 0.384883 -74.835 0 0 0 1 
				18
				-0.0630526 0.688603 -0.722391 10.5332 -0.538999 0.585694 0.605345 -9.31936 0.839943 0.427537 0.334227 -74.835 0 0 0 1 
				19
				-0.0468064 0.705834 -0.706828 10.7737 -0.430473 0.624273 0.651901 -9.04024 0.901389 0.334784 0.274623 -74.835 0 0 0 1 
				20
				-0.000981417 0.716166 -0.697929 11.1952 -0.304932 0.664475 0.682267 -8.51273 0.952374 0.21349 0.21773 -74.835 0 0 0 1 
				21
				0.0678903 0.713085 -0.697782 11.7151 -0.176237 0.696969 0.695107 -7.78171 0.982004 0.0757838 0.172989 -74.835 0 0 0 1 
				22
				0.14662 0.691844 -0.707003 12.2538 -0.058057 0.719514 0.692047 -6.90238 0.987487 -0.0604215 0.145662 -74.835 0 0 0 1 
				23
				0.218274 0.653632 -0.724653 12.7464 0.0403827 0.735872 0.675916 -5.94379 0.975052 -0.176798 0.134226 -74.835 0 0 0 1 
				24
				0.279162 0.5952 -0.753528 13.2247 0.128936 0.754385 0.643644 -4.78601 0.951548 -0.276838 0.133853 -74.835 0 0 0 1 
				25
				0.331187 0.51115 -0.793121 13.6746 0.223318 0.774215 0.592217 -3.28698 0.916757 -0.373253 0.142261 -74.835 0 0 0 1 
				26
				0.368695 0.405459 -0.83646 13.9829 0.323555 0.787605 0.524394 -1.50916 0.871421 -0.463983 0.159198 -74.835 0 0 0 1 
				27
				0.387966 0.283684 -0.876929 14.0565 0.4276 0.78746 0.443918 0.460097 0.81648 -0.547201 0.184205 -74.835 0 0 0 1 
				28
				0.387674 0.152568 -0.909083 13.8374 0.531636 0.768655 0.355714 2.51471 0.753042 -0.621202 0.216877 -74.835 0 0 0 1 
				29
				0.368993 0.0194956 -0.929227 13.3115 0.631019 0.728787 0.265866 4.53883 0.682392 -0.684463 0.256615 -74.835 0 0 0 1 
				30
				0.335594 -0.10837 -0.935752 12.5132 0.721223 0.668575 0.181228 6.41996 0.605981 -0.735706 0.302529 -74.835 0 0 0 1 
				31
				0.293362 -0.225395 -0.929051 11.5206 0.798697 0.59185 0.108613 8.06673 0.525378 -0.773893 0.353649 -74.835 0 0 0 1 
		</Joint>
			9
				-1
				0.162621 0.332293 -0.929051 16.7247 -0.738728 0.665194 0.108613 22.2352 0.65409 0.668654 0.353649 -65.5151 0 0 0 1 
				0
				0.139065 0.275516 -0.951184 16.0817 -0.772894 0.630697 0.0696863 21.1891 0.619108 0.725474 0.300653 -64.0308 0 0 0 1 
				1
				0.123109 0.220044 -0.96769 15.4077 -0.811335 0.583835 0.0295412 19.8557 0.571472 0.781484 0.250405 -62.5399 0 0 0 1 
				2
				0.113778 0.171964 -0.97851 14.8454 -0.851819 0.523789 -0.00699601 18.1705 0.51133 0.83431 0.206078 -61.1187 0 0 0 1 
				3
				0.108423 0.13653 -0.984685 14.5221 -0.891482 0.451659 -0.0355363 16.1079 0.43989 0.881682 0.170684 -59.8436 0 0 0 1 
				4
				0.102656 0.116807 -0.987834 14.5166 -0.927535 0.370011 -0.0526376 13.6767 0.359361 0.921655 0.146327 -58.7824 0 0 0 1 
				5
				0.0907683 0.113441 -0.98939 14.8446 -0.957822 0.281943 -0.0555453 10.9017 0.27265 0.952701 0.134248 -57.9878 0 0 0 1 
