<?xml version='1.0' encoding='UTF-8' ?>
<itpanim>
	<skeleton count>
		25
			0 -1
			1.37091e-06 -1 -6.12323e-17 1.5e-05 1 1.37091e-06 -6.12323e-17 -2.05656e-11 6.12323e-17 -6.12323e-17 1 32.529 0 0 0 1 
			1 0
			1.3868e-06 -2.28084e-12 -1 -32.529 2.75771e-06 -1 6.10517e-12 1.50001e-05 -1 -2.75771e-06 -1.3868e-06 -4.51111e-05 0 0 0 1 
			2 1
			1.40269e-06 -0.000796318 -1 -37.7063 0 -1 0.000796318 0.0446412 -1 -1.11699e-09 -1.40269e-06 -1.23796e-07 0 0 0 1 
			3 2
			1.40269e-06 -0.000796318 -1 -56.0438 0 -1 0.000796318 0.069676 -1 -1.11699e-09 -1.40269e-06 -1.93233e-07 0 0 0 1 
			4 3
			1.40269e-06 -0.000796318 -1 -87.4836 0 -1 0.000796318 0.0723646 -1 -1.11699e-09 -1.40269e-06 -2.0069e-07 0 0 0 1 
			5 4
			1.34309e-06 9.80604e-13 -1 -90.8602 -1.40269e-06 -1 -2.8646e-12 1.10282e-05 -1 1.40269e-06 -1.34309e-06 -0.000122033 0 0 0 1 
			6 5
			1 -0 0 0 0 1 0 0 -0 -0 1 -0 0 0 0 1 
			7 4
			0.939693 1.30318e-06 0.34202 24.2639 -1.38586e-06 1 -2.63612e-09 -9.54182e-06 -0.34202 -4.71514e-07 0.939693 79.1139 0 0 0 1 
			8 7
			0.64989 0.118088 0.750799 50.2273 -0.0275106 0.990863 -0.132032 -10.0532 -0.759531 0.0651516 0.647201 61.8577 0 0 0 1 
			9 8
			0.642057 -0.0844318 0.761994 33.8486 0.104289 0.994297 0.0222974 -3.28582 -0.75953 0.0651516 0.647201 61.8577 0 0 0 1 
			10 9
			0.642057 -0.0844318 0.761994 15.9188 -0.759447 0.0659433 0.647218 61.8551 -0.104894 -0.994245 -0.0217821 3.33507 0 0 0 1 
			11 4
			-0.939693 -1.27328e-06 0.34202 24.2639 -1.35596e-06 1 -2.63613e-09 -9.54182e-06 -0.34202 -4.66242e-07 -0.939693 -79.1139 0 0 0 1 
			12 11
			-0.64989 0.118086 0.750799 50.2273 0.0275079 0.990864 -0.132032 -10.0532 -0.75953 -0.0651537 -0.647201 -61.8577 0 0 0 1 
			13 12
			-0.642057 -0.0844335 0.761994 33.8486 -0.104292 0.994297 0.0222974 -3.28582 -0.75953 -0.0651537 -0.647201 -61.8577 0 0 0 1 
			14 13
			-0.642057 -0.0844335 0.761993 15.9188 0.759447 0.0659454 0.647218 61.8551 -0.104897 0.994244 0.0217821 -3.33507 0 0 0 1 
			15 2
			0.0553766 -0.0626591 0.996498 31.8161 -0.0485968 -0.997015 -0.0599911 -1.4258 0.997282 -0.0451045 -0.0582563 -12.6816 0 0 0 1 
			16 15
			0.0622516 0.0929321 0.993725 12.0129 -0.0394075 -0.99465 0.0954874 0.44514 0.997282 -0.0451045 -0.0582563 -12.6816 0 0 0 1 
			17 16
			1.3716e-06 -6.00745e-14 1 4.28168 0 -1 -6.00745e-14 -0.456609 1 8.23984e-20 -1.3716e-06 -12.4454 0 0 0 1 
			18 17
			1.3716e-06 -1 -6.12323e-17 -7.24071 0 6.12323e-17 -1 0.317726 1 1.3716e-06 8.39865e-23 -12.4454 0 0 0 1 
			19 18
			1 -0 0 0 0 1 0 0 -0 -0 1 -0 0 0 0 1 
			20 2
			-0.0553766 -0.0626593 0.996498 31.8161 0.0485995 -0.997015 -0.0599911 -1.4258 0.997282 0.0451072 0.0582565 12.6816 0 0 0 1 
			21 20
			-0.062252 0.0929319 0.993724 12.0129 0.0394102 -0.99465 0.0954874 0.44514 0.997282 0.0451072 0.0582565 12.6816 0 0 0 1 
			22 21
			1.3716e-06 -6.00745e-14 1 4.28169 0 -1 -6.00745e-14 -0.456609 1 8.23984e-20 -1.3716e-06 12.4454 0 0 0 1 
			23 22
			1.3716e-06 -1 -6.12323e-17 -7.24071 0 6.12323e-17 -1 0.317726 1 1.3716e-06 8.39865e-23 12.4454 0 0 0 1 
			24 23
			1 -0 0 0 0 1 0 0 -0 -0 1 -0 0 0 0 1 
	</skeleton>
		<animations>
			33
			0
				-1
				1.33158e-06 1 0 -5.19361e-09 -1 1.33158e-06 0 -0.118801 -0 -0 1 -33.3524 0 0 0 1 
				0
				1.33158e-06 1 0 -4.00163e-09 -1 1.33158e-06 0 -2.07849 -0 -0 1 -32.7236 0 0 0 1 
				1
				1.46474e-06 1 0 -2.72047e-09 -1 1.46474e-06 0 -4.18479 -0 -0 1 -32.0477 0 0 0 1 
				2
				1.5979e-06 1 0 -1.40398e-09 -1 1.5979e-06 0 -6.34917 -0 -0 1 -31.3531 0 0 0 1 
				3
				1.33158e-06 1 0 -1.06008e-10 -1 1.33158e-06 0 -8.48312 -0 -0 1 -30.6683 0 0 0 1 
				4
				1.33158e-06 1 0 1.12131e-09 -1 1.33158e-06 0 -10.5009 -0 -0 1 -30.0208 0 0 0 1 
				5
				1.33158e-06 1 0 2.22581e-09 -1 1.33158e-06 0 -12.3168 -0 -0 1 -29.4381 0 0 0 1 
				6
				1.33158e-06 1 0 3.15366e-09 -1 1.33158e-06 0 -13.8422 -0 -0 1 -28.9486 0 0 0 1 
				7
				1.33158e-06 1 0 3.85102e-09 -1 1.33158e-06 0 -14.9887 -0 -0 1 -28.5807 0 0 0 1 
				8
				1.33158e-06 1 0 4.28424e-09 -1 1.33158e-06 0 -15.5401 -0 -0 1 -28.387 0 0 0 1 
				9
				1.33158e-06 1 0 4.48697e-09 -1 1.33158e-06 0 -15.479 -0 -0 1 -28.3655 0 0 0 1 
				10
				1.33158e-06 1 0 4.51305e-09 -1 1.33158e-06 0 -15.0348 -0 -0 1 -28.4573 0 0 0 1 
				11
				1.33158e-06 1 0 4.41631e-09 -1 1.33158e-06 0 -14.4373 -0 -0 1 -28.6034 0 0 0 1 
				12
				1.33158e-06 1 0 4.24891e-09 -1 1.33158e-06 0 -13.9087 -0 -0 1 -28.7467 0 0 0 1 
				13
				1.33158e-06 1 0 4.063e-09 -1 1.33158e-06 0 -13.6714 -0 -0 1 -28.8299 0 0 0 1 
				14
				1.33158e-06 1 0 3.91243e-09 -1 1.33158e-06 0 -13.9548 -0 -0 1 -28.7943 0 0 0 1 
				15
				1.33158e-06 1 0 3.85102e-09 -1 1.33158e-06 0 -14.9887 -0 -0 1 -28.5807 0 0 0 1 
				16
				1.33158e-06 1 0 3.85102e-09 -1 1.33158e-06 0 -20.7565 -0 -0 1 -27.3833 0 0 0 1 
				17
				1.33158e-06 1 0 3.84774e-09 -1 1.33158e-06 0 -28.5323 -0 -0 1 -25.7017 0 0 0 1 
				18
				1.33158e-06 1 0 3.88366e-09 -1 1.33158e-06 0 -31.538 -0 -0 1 -24.8335 0 0 0 1 
				19
				1.33158e-06 1 0 4.03494e-09 -1 1.33158e-06 0 -33.0925 -0 -0 1 -24.136 0 0 0 1 
				20
				1.33158e-06 1 0 4.24933e-09 -1 1.33158e-06 0 -34.3869 -0 -0 1 -23.4299 0 0 0 1 
				21
				1.33158e-06 1 0 4.44956e-09 -1 1.33158e-06 0 -35.2366 -0 -0 1 -22.8098 0 0 0 1 
				22
				1.33158e-06 1 0 4.55743e-09 -1 1.33158e-06 0 -35.5202 -0 -0 1 -22.3595 0 0 0 1 
				23
				1.33158e-06 1 0 4.49472e-09 -1 1.33158e-06 0 -35.1164 -0 -0 1 -22.1624 0 0 0 1 
				24
				1.33158e-06 1 0 4.18606e-09 -1 1.33158e-06 0 -33.9128 -0 -0 1 -22.2987 0 0 0 1 
				25
				1.33158e-06 1 0 3.5458e-09 -1 1.33158e-06 0 -31.7 -0 -0 1 -22.8728 0 0 0 1 
				26
				1.33158e-06 1 0 2.51094e-09 -1 1.33158e-06 0 -28.0619 -0 -0 1 -24.0053 0 0 0 1 
				27
				1.33158e-06 1 0 1.1607e-09 -1 1.33158e-06 0 -23.2054 -0 -0 1 -25.5976 0 0 0 1 
				28
				1.33158e-06 1 0 -3.94124e-10 -1 1.33158e-06 0 -17.5633 -0 -0 1 -27.4873 0 0 0 1 
				29
				1.33158e-06 1 0 -2.04568e-09 -1 1.33158e-06 0 -11.5499 -0 -0 1 -29.5175 0 0 0 1 
				30
				1.33158e-06 1 0 -3.68263e-09 -1 1.33158e-06 0 -5.59252 -0 -0 1 -31.5265 0 0 0 1 
				31
				1.33158e-06 1 0 -5.19361e-09 -1 1.33158e-06 0 -0.118801 -0 -0 1 -33.3524 0 0 0 1 
		</Joint>
			1
				-1
				1.33158e-06 2.66316e-06 -1 -5.19361e-09 0 -1 -2.66316e-06 -0.118801 -1 3.54621e-12 -1.33158e-06 -33.3524 0 0 0 1 
				0
				1.33158e-06 2.66316e-06 -1 -4.00163e-09 0 -1 -2.66316e-06 -2.07849 -1 3.54621e-12 -1.33158e-06 -32.7236 0 0 0 1 
				1
				1.33158e-06 2.79632e-06 -1 -2.72047e-09 0 -1 -2.79632e-06 -4.18479 -1 3.72352e-12 -1.33158e-06 -32.0477 0 0 0 1 
				2
				1.33158e-06 2.92948e-06 -1 -1.40398e-09 0 -1 -2.92948e-06 -6.34917 -1 3.90083e-12 -1.33158e-06 -31.3531 0 0 0 1 
				3
				1.33158e-06 2.66316e-06 -1 -1.06008e-10 0 -1 -2.66316e-06 -8.48312 -1 3.54621e-12 -1.33158e-06 -30.6683 0 0 0 1 
				4
				1.33158e-06 2.66316e-06 -1 1.12131e-09 0 -1 -2.66316e-06 -10.5009 -1 3.54621e-12 -1.33158e-06 -30.0208 0 0 0 1 
				5
				1.33158e-06 2.66316e-06 -1 2.22581e-09 0 -1 -2.66316e-06 -12.3168 -1 3.54621e-12 -1.33158e-06 -29.4381 0 0 0 1 
				6
				1.33158e-06 2.66316e-06 -1 3.15366e-09 0 -1 -2.66316e-06 -13.8422 -1 3.54621e-12 -1.33158e-06 -28.9486 0 0 0 1 
				7
				1.33158e-06 2.66316e-06 -1 3.85102e-09 0 -1 -2.66316e-06 -14.9887 -1 3.54621e-12 -1.33158e-06 -28.5807 0 0 0 1 
				8
				1.33158e-06 2.66316e-06 -1 4.28424e-09 0 -1 -2.66316e-06 -15.5401 -1 3.54621e-12 -1.33158e-06 -28.387 0 0 0 1 
				9
				1.33158e-06 2.66316e-06 -1 4.48697e-09 0 -1 -2.66316e-06 -15.479 -1 3.54621e-12 -1.33158e-06 -28.3655 0 0 0 1 
				10
				1.33158e-06 2.66316e-06 -1 4.51305e-09 0 -1 -2.66316e-06 -15.0348 -1 3.54621e-12 -1.33158e-06 -28.4573 0 0 0 1 
				11
				1.33158e-06 2.66316e-06 -1 4.41631e-09 0 -1 -2.66316e-06 -14.4373 -1 3.54621e-12 -1.33158e-06 -28.6034 0 0 0 1 
				12
				1.33158e-06 2.66316e-06 -1 4.24891e-09 0 -1 -2.66316e-06 -13.9087 -1 3.54621e-12 -1.33158e-06 -28.7467 0 0 0 1 
				13
				1.33158e-06 2.66316e-06 -1 4.063e-09 0 -1 -2.66316e-06 -13.6714 -1 3.54621e-12 -1.33158e-06 -28.8299 0 0 0 1 
				14
				1.33158e-06 2.66316e-06 -1 3.91243e-09 0 -1 -2.66316e-06 -13.9548 -1 3.54621e-12 -1.33158e-06 -28.7943 0 0 0 1 
				15
				1.33158e-06 2.66316e-06 -1 3.85102e-09 0 -1 -2.66316e-06 -14.9887 -1 3.54621e-12 -1.33158e-06 -28.5807 0 0 0 1 
				16
				1.33158e-06 2.66316e-06 -1 3.85102e-09 0 -1 -2.66316e-06 -20.7565 -1 3.54621e-12 -1.33158e-06 -27.3833 0 0 0 1 
				17
				1.33158e-06 2.66316e-06 -1 3.84774e-09 0 -1 -2.66316e-06 -28.5323 -1 3.54621e-12 -1.33158e-06 -25.7017 0 0 0 1 
				18
				1.33158e-06 2.66316e-06 -1 3.88366e-09 0 -1 -2.66316e-06 -31.538 -1 3.54621e-12 -1.33158e-06 -24.8335 0 0 0 1 
				19
				1.33158e-06 2.66316e-06 -1 4.03494e-09 0 -1 -2.66316e-06 -33.0925 -1 3.54621e-12 -1.33158e-06 -24.136 0 0 0 1 
				20
				1.33158e-06 2.66316e-06 -1 4.24933e-09 0 -1 -2.66316e-06 -34.3869 -1 3.54621e-12 -1.33158e-06 -23.4299 0 0 0 1 
				21
				1.33158e-06 2.66316e-06 -1 4.44956e-09 0 -1 -2.66316e-06 -35.2366 -1 3.54621e-12 -1.33158e-06 -22.8098 0 0 0 1 
				22
				1.33158e-06 2.66316e-06 -1 4.55743e-09 0 -1 -2.66316e-06 -35.5202 -1 3.54621e-12 -1.33158e-06 -22.3595 0 0 0 1 
				23
				1.33158e-06 2.66316e-06 -1 4.49472e-09 0 -1 -2.66316e-06 -35.1164 -1 3.54621e-12 -1.33158e-06 -22.1624 0 0 0 1 
				24
				1.33158e-06 2.66316e-06 -1 4.18606e-09 0 -1 -2.66316e-06 -33.9128 -1 3.54621e-12 -1.33158e-06 -22.2987 0 0 0 1 
				25
				1.33158e-06 2.66316e-06 -1 3.5458e-09 0 -1 -2.66316e-06 -31.7 -1 3.54621e-12 -1.33158e-06 -22.8728 0 0 0 1 
				26
				1.33158e-06 2.66316e-06 -1 2.51094e-09 0 -1 -2.66316e-06 -28.0619 -1 3.54621e-12 -1.33158e-06 -24.0053 0 0 0 1 
				27
				1.33158e-06 2.66316e-06 -1 1.1607e-09 0 -1 -2.66316e-06 -23.2054 -1 3.54621e-12 -1.33158e-06 -25.5976 0 0 0 1 
				28
				1.33158e-06 2.66316e-06 -1 -3.94124e-10 0 -1 -2.66316e-06 -17.5633 -1 3.54621e-12 -1.33158e-06 -27.4873 0 0 0 1 
				29
				1.33158e-06 2.66316e-06 -1 -2.04568e-09 0 -1 -2.66316e-06 -11.5499 -1 3.54621e-12 -1.33158e-06 -29.5175 0 0 0 1 
				30
				1.33158e-06 2.66316e-06 -1 -3.68263e-09 0 -1 -2.66316e-06 -5.59252 -1 3.54621e-12 -1.33158e-06 -31.5265 0 0 0 1 
				31
				1.33158e-06 2.66316e-06 -1 -5.19361e-09 0 -1 -2.66316e-06 -0.118801 -1 3.54621e-12 -1.33158e-06 -33.3524 0 0 0 1 
		</Joint>
			2
				-1
				1.38782e-06 -1.49834e-06 -1 7.15614e-06 -0.000797649 -1 1.49724e-06 -0.104208 -1 0.000797649 -1.38901e-06 -38.5298 0 0 0 1 
				0
				1.3685e-06 -1.47763e-06 -1 7.15703e-06 0.0142298 -0.999898 1.49695e-06 -2.0639 -0.999899 -0.0142298 -1.34733e-06 -37.9007 0 0 0 1 
				1
				1.343e-06 -1.32228e-06 -1 7.15605e-06 0.0306158 -0.999531 1.36278e-06 -4.1702 -0.999531 -0.0306158 -1.30188e-06 -37.2246 0 0 0 1 
				2
				1.3119e-06 -1.16675e-06 -1 7.1551e-06 0.0475326 -0.998869 1.22779e-06 -6.3346 -0.99887 -0.0475326 -1.25496e-06 -36.5298 0 0 0 1 
				3
				1.30206e-06 -1.4109e-06 -1 7.15996e-06 0.0641536 -0.99794 1.49152e-06 -8.46856 -0.99794 -0.0641536 -1.20886e-06 -35.8447 0 0 0 1 
				4
				1.28069e-06 -1.39079e-06 -1 7.16089e-06 0.0796808 -0.99682 1.48842e-06 -10.4864 -0.99682 -0.0796808 -1.1658e-06 -35.197 0 0 0 1 
				5
				1.26164e-06 -1.37339e-06 -1 7.16174e-06 0.0933209 -0.995636 1.48513e-06 -12.3022 -0.995636 -0.0933209 -1.12797e-06 -34.6141 0 0 0 1 
				6
				1.24617e-06 -1.35961e-06 -1 7.16246e-06 0.10426 -0.99455 1.48212e-06 -13.8277 -0.99455 -0.10426 -1.09762e-06 -34.1244 0 0 0 1 
				7
				1.23557e-06 -1.35033e-06 -1 7.16303e-06 0.111688 -0.993743 1.47988e-06 -14.9742 -0.993743 -0.111688 -1.07702e-06 -33.7564 0 0 0 1 
				8
				1.22557e-06 -1.34172e-06 -1 7.16334e-06 0.118644 -0.992937 1.47765e-06 -15.5256 -0.992937 -0.118644 -1.05773e-06 -33.5626 0 0 0 1 
				9
				1.21312e-06 -1.33116e-06 -1 7.16338e-06 0.127239 -0.991872 1.47469e-06 -15.4645 -0.991872 -0.127239 -1.03389e-06 -33.541 0 0 0 1 
				10
				1.20153e-06 -1.32148e-06 -1 7.16327e-06 0.135184 -0.99082 1.47178e-06 -15.0204 -0.990821 -0.135183 -1.01185e-06 -33.6327 0 0 0 1 
				11
				1.19416e-06 -1.31542e-06 -1 7.16308e-06 0.140198 -0.990124 1.46984e-06 -14.4229 -0.990124 -0.140198 -9.97947e-07 -33.7787 0 0 0 1 
				12
				1.19434e-06 -1.31556e-06 -1 7.16292e-06 0.140078 -0.99014 1.46989e-06 -13.8943 -0.99014 -0.140078 -9.9828e-07 -33.922 0 0 0 1 
				13
				1.2053e-06 -1.32461e-06 -1 7.16287e-06 0.132613 -0.991168 1.47275e-06 -13.6569 -0.991168 -0.132613 -1.01899e-06 -34.0053 0 0 0 1 
				14
				1.23013e-06 -1.34563e-06 -1 7.16302e-06 0.11549 -0.993309 1.47869e-06 -13.9404 -0.993309 -0.11549 -1.06649e-06 -33.9699 0 0 0 1 
				15
				1.27139e-06 -1.38224e-06 -1 7.1635e-06 0.0863611 -0.996264 1.48687e-06 -14.9742 -0.996264 -0.0863611 -1.14727e-06 -33.7568 0 0 0 1 
				16
				1.43818e-06 -1.55543e-06 -1 7.16606e-06 -0.0421502 -0.999111 1.49343e-06 -20.742 -0.999111 0.0421502 -1.50247e-06 -32.5612 0 0 0 1 
				17
				1.62999e-06 -1.82699e-06 -1 7.16998e-06 -0.216011 -0.976391 1.43176e-06 -28.5181 -0.976391 0.216011 -1.98615e-06 -30.8822 0 0 0 1 
				18
				1.69877e-06 -1.95715e-06 -1 7.17191e-06 -0.291499 -0.956571 1.37696e-06 -31.5241 -0.956571 0.291499 -2.1955e-06 -30.0151 0 0 0 1 
				19
				1.73508e-06 -2.03753e-06 -1 7.17325e-06 -0.336067 -0.941838 1.33592e-06 -33.0787 -0.941838 0.336067 -2.31891e-06 -29.3183 0 0 0 1 
				20
				1.76388e-06 -2.10949e-06 -1 7.17452e-06 -0.374498 -0.927228 1.29541e-06 -34.3734 -0.927228 0.374498 -2.42552e-06 -28.6127 0 0 0 1 
				21
				1.78448e-06 -2.167e-06 -1 7.17554e-06 -0.404357 -0.914601 1.26038e-06 -35.2232 -0.914601 0.404357 -2.50833e-06 -27.9931 0 0 0 1 
				22
				1.79748e-06 -2.2067e-06 -1 7.17623e-06 -0.424534 -0.905412 1.23488e-06 -35.507 -0.905412 0.424534 -2.56428e-06 -27.543 0 0 0 1 
				23
				1.80327e-06 -2.22538e-06 -1 7.17645e-06 -0.433902 -0.90096 1.22254e-06 -35.1033 -0.90096 0.433902 -2.59027e-06 -27.3461 0 0 0 1 
				24
				1.80171e-06 -2.22028e-06 -1 7.17606e-06 -0.431344 -0.902187 1.22595e-06 -33.8996 -0.902187 0.431344 -2.58318e-06 -27.4824 0 0 0 1 
				25
				1.79073e-06 -2.1857e-06 -1 7.17492e-06 -0.413885 -0.910329 1.24855e-06 -31.6868 -0.910329 0.413885 -2.53478e-06 -28.0561 0 0 0 1 
				26
				1.76362e-06 -2.10877e-06 -1 7.17276e-06 -0.374106 -0.927386 1.29587e-06 -28.0484 -0.927386 0.374106 -2.42446e-06 -29.1882 0 0 0 1 
				27
				1.71742e-06 -1.9972e-06 -1 7.16978e-06 -0.313973 -0.949432 1.35698e-06 -23.1915 -0.949432 0.313973 -2.25763e-06 -30.7795 0 0 0 1 
				28
				1.65218e-06 -1.86663e-06 -1 7.16632e-06 -0.239584 -0.970876 1.41643e-06 -17.5492 -0.970876 0.239584 -2.05127e-06 -32.6681 0 0 0 1 
				29
				1.57051e-06 -1.73158e-06 -1 7.1627e-06 -0.157516 -0.987516 1.46258e-06 -11.5355 -0.987516 0.157516 -1.82365e-06 -34.6972 0 0 0 1 
				30
				1.47894e-06 -1.60524e-06 -1 7.15921e-06 -0.0752962 -0.997161 1.48932e-06 -5.57797 -0.997161 0.0752962 -1.59561e-06 -36.705 0 0 0 1 
				31
				1.38782e-06 -1.49834e-06 -1 7.15614e-06 -0.000797649 -1 1.49724e-06 -0.104208 -1 0.000797649 -1.38901e-06 -38.5298 0 0 0 1 
		</Joint>
			3
				-1
				1.38782e-06 -1.49834e-06 -1 3.25733e-05 -0.000797649 -1 1.49724e-06 -0.0938006 -1 0.000797649 -1.38901e-06 -56.8673 0 0 0 1 
				0
				1.34887e-06 -1.45722e-06 -1 3.22188e-05 0.0292541 -0.999572 1.49606e-06 -1.77794 -0.999572 -0.0292541 -1.30566e-06 -56.2356 0 0 0 1 
				1
				1.29674e-06 -1.28081e-06 -1 3.17458e-05 0.0619989 -0.998076 1.35874e-06 -3.5838 -0.998076 -0.0619989 -1.21484e-06 -55.5519 0 0 0 1 
				2
				1.23271e-06 -1.10522e-06 -1 3.11703e-05 0.0957518 -0.995405 1.21818e-06 -5.43805 -0.995405 -0.0957517 -1.12122e-06 -54.8441 0 0 0 1 
				3
				1.2108e-06 -1.32921e-06 -1 3.10003e-05 0.128834 -0.991666 1.47412e-06 -7.26732 -0.991666 -0.128834 -1.02947e-06 -54.1412 0 0 0 1 
				4
				1.16525e-06 -1.29221e-06 -1 3.06084e-05 0.159642 -0.987175 1.46167e-06 -9.0005 -0.987175 -0.159642 -9.44016e-07 -53.4722 0 0 0 1 
				5
				1.12426e-06 -1.26087e-06 -1 3.02591e-05 0.186611 -0.982434 1.44852e-06 -10.5664 -0.982434 -0.186611 -8.69216e-07 -52.8669 0 0 0 1 
				6
				1.09073e-06 -1.23652e-06 -1 2.99755e-05 0.208164 -0.978094 1.43648e-06 -11.8913 -0.978094 -0.208164 -8.09435e-07 -52.3567 0 0 0 1 
				7
				1.06764e-06 -1.22039e-06 -1 2.97813e-05 0.222756 -0.974874 1.42755e-06 -12.9017 -0.974874 -0.222756 -7.68964e-07 -51.9736 0 0 0 1 
				8
				1.04578e-06 -1.20559e-06 -1 2.95979e-05 0.236388 -0.971659 1.41863e-06 -13.3256 -0.971659 -0.236388 -7.31154e-07 -51.7646 0 0 0 1 
				9
				1.01846e-06 -1.18771e-06 -1 2.93693e-05 0.253182 -0.967419 1.40687e-06 -13.107 -0.967419 -0.253182 -6.84574e-07 -51.7231 0 0 0 1 
				10
				9.92916e-07 -1.17159e-06 -1 2.91561e-05 0.268654 -0.963237 1.39527e-06 -12.5173 -0.963237 -0.268654 -6.4166e-07 -51.7951 0 0 0 1 
				11
				9.76646e-07 -1.16162e-06 -1 2.90206e-05 0.278393 -0.960467 1.38759e-06 -11.8279 -0.960467 -0.278393 -6.14651e-07 -51.9281 0 0 0 1 
				12
				9.77036e-07 -1.16186e-06 -1 2.90237e-05 0.27816 -0.960534 1.38777e-06 -11.3015 -0.960535 -0.27816 -6.15295e-07 -52.0716 0 0 0 1 
				13
				1.00122e-06 -1.17676e-06 -1 2.92249e-05 0.263652 -0.964618 1.3991e-06 -11.201 -0.964618 -0.263652 -6.55541e-07 -52.1742 0 0 0 1 
				14
				1.05573e-06 -1.21225e-06 -1 2.96813e-05 0.230211 -0.973141 1.42273e-06 -11.7982 -0.973141 -0.230211 -7.48303e-07 -52.1789 0 0 0 1 
				15
				1.14529e-06 -1.27673e-06 -1 3.04401e-05 0.172863 -0.984946 1.45548e-06 -13.3659 -0.984946 -0.172863 -9.07348e-07 -52.0214 0 0 0 1 
				16
				1.48712e-06 -1.61852e-06 -1 3.35097e-05 -0.0834307 -0.996514 1.48881e-06 -21.49 -0.996514 0.0834307 -1.61697e-06 -50.8845 0 0 0 1 
				17
				1.79536e-06 -2.19972e-06 -1 3.70454e-05 -0.421098 -0.907015 1.23916e-06 -32.4565 -0.907015 0.421098 -2.55472e-06 -48.7972 0 0 0 1 
				18
				1.86285e-06 -2.48594e-06 -1 3.83159e-05 -0.557017 -0.830501 1.02693e-06 -36.8486 -0.830501 0.557017 -2.93181e-06 -47.5701 0 0 0 1 
				19
				1.88145e-06 -2.66194e-06 -1 3.89875e-05 -0.632423 -0.774623 8.72132e-07 -39.2219 -0.774623 0.632423 -3.14089e-06 -46.605 0 0 0 1 
				20
				1.88427e-06 -2.81687e-06 -1 3.95207e-05 -0.693916 -0.720056 7.20775e-07 -41.2227 -0.720056 0.693916 -3.31145e-06 -45.6331 0 0 0 1 
				21
				1.8775e-06 -2.93887e-06 -1 3.99025e-05 -0.739114 -0.67358 5.91879e-07 -42.6212 -0.67358 0.739114 -3.43681e-06 -44.7831 0 0 0 1 
				22
				1.86832e-06 -3.02194e-06 -1 4.01437e-05 -0.768246 -0.640154 4.99173e-07 -43.2758 -0.640154 0.768246 -3.51761e-06 -44.1652 0 0 0 1 
				23
				1.86277e-06 -3.06063e-06 -1 4.0251e-05 -0.781359 -0.624082 4.54591e-07 -43.0443 -0.624082 0.781359 -3.55398e-06 -43.887 0 0 0 1 
				24
				1.86438e-06 -3.05006e-06 -1 4.02217e-05 -0.777806 -0.628504 4.66854e-07 -41.7936 -0.628504 0.777806 -3.54412e-06 -44.0457 0 0 0 1 
				25
				1.87366e-06 -2.97803e-06 -1 4.00174e-05 -0.753018 -0.658 5.48643e-07 -39.2599 -0.658 0.753018 -3.47537e-06 -44.7681 0 0 0 1 
				26
				1.88432e-06 -2.81526e-06 -1 3.95141e-05 -0.693307 -0.720643 7.22379e-07 -34.8905 -0.720643 0.693307 -3.30976e-06 -46.2114 0 0 0 1 
				27
				1.87418e-06 -2.57418e-06 -1 3.86578e-05 -0.595551 -0.803318 9.51718e-07 -28.9289 -0.803318 0.595551 -3.03862e-06 -48.2046 0 0 0 1 
				28
				1.82096e-06 -2.28749e-06 -1 3.74508e-05 -0.464507 -0.88557 1.17989e-06 -21.9204 -0.88557 0.464507 -2.67514e-06 -50.4831 0 0 0 1 
				29
				1.7144e-06 -1.99066e-06 -1 3.59422e-05 -0.310341 -0.950625 1.36032e-06 -14.4001 -0.950625 0.310341 -2.24754e-06 -52.8135 0 0 0 1 
				30
				1.56186e-06 -1.71874e-06 -1 3.42528e-05 -0.149376 -0.98878 1.46615e-06 -6.93395 -0.98878 0.149376 -1.80107e-06 -54.9941 0 0 0 1 
				31
				1.38782e-06 -1.49834e-06 -1 3.25733e-05 -0.000797649 -1 1.49724e-06 -0.0938006 -1 0.000797649 -1.38901e-06 -56.8673 0 0 0 1 
		</Joint>
			4
				-1
				1.38782e-06 -1.49834e-06 -1 7.62026e-05 -0.000797649 -1 1.49724e-06 -0.11619 -1 0.000797649 -1.38901e-06 -88.3071 0 0 0 1 
				0
				1.34887e-06 -1.45722e-06 -0.999999 7.46234e-05 0.0292541 -0.999572 1.49606e-06 -0.855507 -0.999572 -0.0292541 -1.30566e-06 -87.6619 0 0 0 1 
				1
				1.29674e-06 -1.28081e-06 -1 7.25112e-05 0.0619989 -0.998076 1.35874e-06 -1.63188 -0.998076 -0.0619989 -1.21484e-06 -86.9311 0 0 0 1 
				2
				1.23271e-06 -1.10522e-06 -1 6.99221e-05 0.0957518 -0.995405 1.21818e-06 -2.42495 -0.995405 -0.0957517 -1.12122e-06 -86.1392 0 0 0 1 
				3
				1.2108e-06 -1.32921e-06 -1 6.90639e-05 0.128834 -0.991666 1.47412e-06 -3.21414 -0.991666 -0.128834 -1.02947e-06 -85.3187 0 0 0 1 
				4
				1.16525e-06 -1.29221e-06 -1 6.72398e-05 0.159642 -0.987175 1.46166e-06 -3.97871 -0.987175 -0.159642 -9.44016e-07 -84.5084 0 0 0 1 
				5
				1.12426e-06 -1.26087e-06 -1 6.56014e-05 0.186611 -0.982434 1.44852e-06 -4.69672 -0.982434 -0.186611 -8.69216e-07 -83.7539 0 0 0 1 
				6
				1.09073e-06 -1.23652e-06 -1 6.42637e-05 0.208164 -0.978094 1.43648e-06 -5.34408 -0.978094 -0.208164 -8.09435e-07 -83.1073 0 0 0 1 
				7
				1.06764e-06 -1.22039e-06 -1 6.33435e-05 0.222756 -0.974874 1.42755e-06 -5.89568 -0.974874 -0.222756 -7.68964e-07 -82.6229 0 0 0 1 
				8
				1.04578e-06 -1.20559e-06 -1 6.24729e-05 0.236388 -0.971659 1.41863e-06 -5.89105 -0.971659 -0.236388 -7.31154e-07 -82.3128 0 0 0 1 
				9
				1.01846e-06 -1.18771e-06 -1 6.13854e-05 0.253182 -0.967419 1.40687e-06 -5.14443 -0.967419 -0.253182 -6.84574e-07 -82.1379 0 0 0 1 
				10
				9.92916e-07 -1.17159e-06 -1 6.03689e-05 0.268654 -0.963236 1.39527e-06 -4.06833 -0.963237 -0.268654 -6.4166e-07 -82.0784 0 0 0 1 
				11
				9.76647e-07 -1.16162e-06 -1 5.97219e-05 0.278393 -0.960467 1.38759e-06 -3.07275 -0.960467 -0.278393 -6.14651e-07 -82.1243 0 0 0 1 
				12
				9.77036e-07 -1.16185e-06 -1 5.97372e-05 0.27816 -0.960534 1.38777e-06 -2.55365 -0.960535 -0.27816 -6.15295e-07 -82.27 0 0 0 1 
				13
				1.00122e-06 -1.17676e-06 -1 6.06989e-05 0.263652 -0.964618 1.3991e-06 -2.90921 -0.964618 -0.263652 -6.55541e-07 -82.5009 0 0 0 1 
				14
				1.05573e-06 -1.21225e-06 -1 6.28692e-05 0.230211 -0.973141 1.42273e-06 -4.55777 -0.973141 -0.230211 -7.48303e-07 -82.7737 0 0 0 1 
				15
				1.14529e-06 -1.27673e-06 -1 6.64437e-05 0.172863 -0.984946 1.45548e-06 -7.92844 -0.984946 -0.172863 -9.07348e-07 -82.9875 0 0 0 1 
				16
				1.48712e-06 -1.61852e-06 -1 8.02614e-05 -0.0834307 -0.996514 1.48881e-06 -24.1103 -0.996514 0.0834307 -1.61697e-06 -82.2149 0 0 0 1 
				17
				1.79536e-06 -2.19972e-06 -1 9.34897e-05 -0.421098 -0.907015 1.23916e-06 -45.6933 -0.907015 0.421098 -2.55472e-06 -77.3148 0 0 0 1 
				18
				1.86285e-06 -2.48594e-06 -1 9.68829e-05 -0.557017 -0.830501 1.02693e-06 -54.3589 -0.830501 0.557017 -2.93181e-06 -73.6824 0 0 0 1 
				19
				1.88145e-06 -2.66194e-06 -1 9.81396e-05 -0.632423 -0.774623 8.72132e-07 -59.1031 -0.774623 0.632423 -3.14089e-06 -70.9607 0 0 0 1 
				20
				1.88427e-06 -2.81687e-06 -1 9.8762e-05 -0.693916 -0.720056 7.20775e-07 -63.0374 -0.720056 0.693916 -3.31145e-06 -68.2734 0 0 0 1 
				21
				1.8775e-06 -2.93887e-06 -1 9.89312e-05 -0.739114 -0.67358 5.91879e-07 -65.8571 -0.67358 0.739114 -3.43681e-06 -65.9623 0 0 0 1 
				22
				1.86832e-06 -3.02194e-06 -1 9.88842e-05 -0.768246 -0.640154 4.99173e-07 -67.4276 -0.640154 0.768246 -3.51761e-06 -64.2936 0 0 0 1 
				23
				1.86277e-06 -3.06063e-06 -1 9.88171e-05 -0.781359 -0.624082 4.54591e-07 -67.6084 -0.624082 0.781359 -3.55398e-06 -63.5101 0 0 0 1 
				24
				1.86438e-06 -3.05006e-06 -1 9.88381e-05 -0.777806 -0.628504 4.66854e-07 -66.246 -0.628504 0.777806 -3.54412e-06 -63.8078 0 0 0 1 
				25
				1.87366e-06 -2.97803e-06 -1 9.89255e-05 -0.753018 -0.658 5.48643e-07 -62.9329 -0.658 0.753018 -3.47537e-06 -65.4576 0 0 0 1 
				26
				1.88432e-06 -2.81526e-06 -1 9.87571e-05 -0.693307 -0.720643 7.22379e-07 -56.686 -0.720643 0.693307 -3.30976e-06 -68.8702 0 0 0 1 
				27
				1.87418e-06 -2.57418e-06 -1 9.75812e-05 -0.595551 -0.803318 9.51718e-07 -47.6507 -0.803318 0.595551 -3.03862e-06 -73.4624 0 0 0 1 
				28
				1.82096e-06 -2.28749e-06 -1 9.47002e-05 -0.464507 -0.88557 1.17989e-06 -36.522 -0.88557 0.464507 -2.67514e-06 -78.3265 0 0 0 1 
				29
				1.7144e-06 -1.99066e-06 -1 8.98407e-05 -0.310341 -0.950625 1.36032e-06 -24.1546 -0.950625 0.310341 -2.24754e-06 -82.7018 0 0 0 1 
				30
				1.56186e-06 -1.71874e-06 -1 8.33545e-05 -0.149376 -0.98878 1.46615e-06 -11.6277 -0.98878 0.149376 -1.80107e-06 -86.0816 0 0 0 1 
				31
				1.38782e-06 -1.49834e-06 -1 7.62026e-05 -0.000797649 -1 1.49724e-06 -0.11619 -1 0.000797649 -1.38901e-06 -88.3071 0 0 0 1 
		</Joint>
			5
				-1
				1.38685e-06 -1.49724e-06 -1 8.08886e-05 0 -1 1.49724e-06 -0.118883 -1 -2.07645e-12 -1.38685e-06 -91.6836 0 0 0 1 
				0
				1.38692e-06 -1.49725e-06 -0.999999 7.91779e-05 0 -1 1.49725e-06 -0.756729 -1 -2.07656e-12 -1.38692e-06 -91.037 0 0 0 1 
				1
				1.38693e-06 -1.36409e-06 -1 7.68897e-05 0 -1 1.36409e-06 -1.42254 -1 -1.89189e-12 -1.38693e-06 -90.3011 0 0 0 1 
				2
				1.38681e-06 -1.23093e-06 -1 7.40844e-05 0 -1 1.23093e-06 -2.10164 -1 -1.70706e-12 -1.38681e-06 -89.5003 0 0 0 1 
				3
				1.38681e-06 -1.49724e-06 -1 7.31522e-05 0 -1 1.49724e-06 -2.77912 -1 -2.07638e-12 -1.38681e-06 -88.6671 0 0 0 1 
				4
				1.38761e-06 -1.49723e-06 -0.999999 7.11743e-05 0 -1 1.49723e-06 -3.43968 -1 -2.07758e-12 -1.38761e-06 -87.8416 0 0 0 1 
				5
				1.38684e-06 -1.49724e-06 -1 6.93975e-05 0 -1 1.49724e-06 -4.06662 -1 -2.07643e-12 -1.38684e-06 -87.0712 0 0 0 1 
				6
				1.38681e-06 -1.49725e-06 -1 6.79466e-05 0 -1 1.49725e-06 -4.6412 -1 -2.07639e-12 -1.38681e-06 -86.4099 0 0 0 1 
				7
				1.3872e-06 -1.49724e-06 -1 6.69484e-05 0 -1 1.49724e-06 -5.14353 -1 -2.07697e-12 -1.3872e-06 -85.9146 0 0 0 1 
				8
				1.3852e-06 -1.49563e-06 -1 6.6004e-05 0.0012533 -0.999999 1.49736e-06 -5.09287 -0.999999 -0.0012533 -1.38333e-06 -85.5936 0 0 0 1 
				9
				1.38127e-06 -1.49125e-06 -1 6.48243e-05 0.00432664 -0.999991 1.49722e-06 -4.28955 -0.999991 -0.00432664 -1.3748e-06 -85.4044 0 0 0 1 
				10
				1.37639e-06 -1.48539e-06 -1 6.37215e-05 0.00812105 -0.999967 1.49652e-06 -3.16121 -0.999967 -0.00812105 -1.36428e-06 -85.3308 0 0 0 1 
				11
				1.37199e-06 -1.48132e-06 -1 6.30195e-05 0.0115374 -0.999933 1.49705e-06 -2.13275 -0.999933 -0.0115374 -1.3548e-06 -85.3673 0 0 0 1 
				12
				1.36943e-06 -1.47837e-06 -0.999999 6.30362e-05 0.0135117 -0.999908 1.49674e-06 -1.61443 -0.999909 -0.0135117 -1.34933e-06 -85.5132 0 0 0 1 
				13
				1.37013e-06 -1.47932e-06 -1 6.40795e-05 0.0129794 -0.999916 1.49698e-06 -2.01898 -0.999916 -0.0129794 -1.35082e-06 -85.758 0 0 0 1 
				14
				1.37549e-06 -1.48494e-06 -1 6.64339e-05 0.00884208 -0.999961 1.49704e-06 -3.78045 -0.999961 -0.00884208 -1.36231e-06 -86.0595 0 0 0 1 
				15
				1.38683e-06 -1.49724e-06 -1 7.03108e-05 0 -1 1.49724e-06 -7.34476 -1 -2.07641e-12 -1.38683e-06 -86.3132 0 0 0 1 
				16
				1.43859e-06 -1.56488e-06 -1 8.52827e-05 -0.0419107 -0.999121 1.50321e-06 -24.392 -0.999121 0.0419107 -1.50291e-06 -85.5797 0 0 0 1 
				17
				1.51068e-06 -1.64443e-06 -1 9.95518e-05 -0.10219 -0.994765 1.48144e-06 -47.1151 -0.994765 0.10219 -1.67081e-06 -80.3773 0 0 0 1 
				18
				1.54827e-06 -1.69808e-06 -1 0.000103173 -0.136952 -0.990578 1.47004e-06 -56.2397 -0.990578 0.136952 -1.76624e-06 -76.4867 0 0 0 1 
				19
				1.57939e-06 -1.74508e-06 -1 0.000104492 -0.165952 -0.986134 1.45878e-06 -61.2385 -0.986134 0.165952 -1.84709e-06 -73.5763 0 0 0 1 
				20
				1.60912e-06 -1.79222e-06 -1 0.000105124 -0.195068 -0.98079 1.4439e-06 -65.3804 -0.98079 0.195068 -1.92781e-06 -70.7047 0 0 0 1 
				21
				1.63509e-06 -1.83615e-06 -1 0.000105271 -0.221527 -0.975154 1.42831e-06 -68.3527 -0.975154 0.221527 -2.00122e-06 -68.2367 0 0 0 1 
				22
				1.65536e-06 -1.87243e-06 -1 0.000105193 -0.242964 -0.970035 1.41413e-06 -70.0216 -0.970035 0.242964 -2.06069e-06 -66.4551 0 0 0 1 
				23
				1.66831e-06 -1.89663e-06 -1 0.000105107 -0.257066 -0.966394 1.40403e-06 -70.2467 -0.966394 0.257066 -2.0998e-06 -65.6174 0 0 0 1 
				24
				1.67244e-06 -1.90453e-06 -1 0.000105133 -0.26164 -0.965165 1.40061e-06 -68.8723 -0.965165 0.26164 -2.11248e-06 -65.93 0 0 0 1 
				25
				1.66525e-06 -1.89079e-06 -1 0.000105252 -0.253747 -0.967271 1.40636e-06 -65.4754 -0.967271 0.253747 -2.09053e-06 -67.6793 0 0 0 1 
				26
				1.643e-06 -1.84998e-06 -1 0.00010512 -0.229835 -0.973229 1.42284e-06 -59.027 -0.973229 0.229835 -2.0242e-06 -71.3034 0 0 0 1 
				27
				1.60656e-06 -1.78806e-06 -1 0.000103909 -0.192494 -0.981298 1.44537e-06 -49.6616 -0.981298 0.192494 -1.9207e-06 -76.1748 0 0 0 1 
				28
				1.55851e-06 -1.71386e-06 -1 0.000100849 -0.146199 -0.989255 1.46759e-06 -38.0904 -0.989255 0.146199 -1.79233e-06 -81.3167 0 0 0 1 
				29
				1.5023e-06 -1.63559e-06 -1 9.56295e-05 -0.0954526 -0.995434 1.48472e-06 -25.2025 -0.995434 0.0954526 -1.65157e-06 -85.9116 0 0 0 1 
				30
				1.44293e-06 -1.56123e-06 -1 8.86282e-05 -0.045083 -0.998983 1.49459e-06 -12.132 -0.998983 0.045083 -1.51185e-06 -89.4203 0 0 0 1 
				31
				1.38685e-06 -1.49724e-06 -1 8.08886e-05 0 -1 1.49724e-06 -0.118883 -1 -2.07645e-12 -1.38685e-06 -91.6836 0 0 0 1 
		</Joint>
			6
		</Joint>
			7
				-1
				0.939692 -1.29131e-06 -0.342022 4.25804 1.61011e-06 1 6.4819e-07 -0.118868 0.342022 -1.15979e-06 0.939692 -83.4649 0 0 0 1 
				0
				0.939691 -1.33746e-06 -0.342022 4.25803 -0.0102766 0.999548 -0.0282384 -1.0037 0.341867 0.0300502 0.939267 -82.822 0 0 0 1 
				1
				0.939692 -1.51355e-06 -0.342021 4.25803 -0.0214754 0.998026 -0.0590074 -1.93862 0.341347 0.0627939 0.937838 -82.0986 0 0 0 1 
				2
				0.939692 -1.69791e-06 -0.342022 4.25803 -0.0330187 0.995328 -0.0907228 -2.89511 0.340424 0.0965446 0.935302 -81.3199 0 0 0 1 
				3
				0.939692 -1.46031e-06 -0.342021 4.25803 -0.0443327 0.991563 -0.121807 -3.84446 0.339136 0.129624 0.931764 -80.5177 0 0 0 1 
				4
				0.939692 -1.52446e-06 -0.342021 4.25803 -0.0548686 0.987047 -0.150754 -4.75818 0.337591 0.160429 0.927521 -79.7293 0 0 0 1 
				5
				0.939692 -1.53044e-06 -0.342021 4.25803 -0.0640911 0.982285 -0.176093 -5.60674 0.335963 0.187393 0.923045 -78.9981 0 0 0 1 
				6
				0.939692 -1.5529e-06 -0.342021 4.25803 -0.0714615 0.977928 -0.196342 -6.35843 0.334472 0.208943 0.918951 -78.3726 0 0 0 1 
				7
				0.939692 -1.56901e-06 -0.342021 4.25803 -0.0764515 0.974696 -0.210052 -6.98067 0.333367 0.223533 0.915915 -77.9038 0 0 0 1 
				8
				0.939692 -1.58611e-06 -0.342021 4.25803 -0.0811129 0.97147 -0.222859 -7.04203 0.332264 0.237162 0.912883 -77.6094 0 0 0 1 
				9
				0.939692 -1.60165e-06 -0.342021 4.25802 -0.0868556 0.967217 -0.238637 -6.3767 0.330809 0.253952 0.908886 -77.4552 0 0 0 1 
				10
				0.939692 -1.66251e-06 -0.342021 4.25802 -0.0921462 0.963022 -0.253173 -5.37549 0.329375 0.269421 0.904945 -77.416 0 0 0 1 
				11
				0.939692 -1.62771e-06 -0.342021 4.25802 -0.0954763 0.960245 -0.262323 -4.42705 0.328425 0.279157 0.902335 -77.4754 0 0 0 1 
				12
				0.939692 -1.67072e-06 -0.342021 4.25802 -0.0953968 0.960312 -0.262104 -3.90682 0.328448 0.278925 0.902398 -77.6207 0 0 0 1 
				13
				0.939692 -1.61387e-06 -0.342021 4.25802 -0.0904359 0.964407 -0.248474 -4.19216 0.329848 0.26442 0.906246 -77.8318 0 0 0 1 
				14
				0.939692 -1.57714e-06 -0.342021 4.25802 -0.0790008 0.972957 -0.217057 -5.67885 0.332772 0.230986 0.91428 -78.0631 0 0 0 1 
				15
				0.939692 -1.51274e-06 -0.342022 4.25803 -0.0593896 0.984808 -0.163175 -8.77191 0.336826 0.173647 0.925416 -78.2194 0 0 0 1 
				16
				0.939692 -1.17121e-06 -0.342022 4.25804 0.0282647 0.99658 0.0776529 -23.7129 0.340852 -0.0826369 0.936478 -77.3891 0 0 0 1 
				17
				0.939692 -5.88363e-07 -0.342022 4.25805 0.143778 0.90735 0.395023 -43.6602 0.310333 -0.420376 0.85263 -72.9201 0 0 0 1 
				18
				0.939692 -3.04092e-07 -0.342022 4.25806 0.190286 0.830944 0.522803 -51.6672 0.284201 -0.556356 0.780831 -69.6574 0 0 0 1 
				19
				0.939692 -1.28105e-07 -0.342022 4.25806 0.216092 0.775127 0.593703 -56.0459 0.26511 -0.631806 0.72838 -67.2057 0 0 0 1 
				20
				0.939692 2.68146e-08 -0.342022 4.25806 0.237138 0.720608 0.651528 -59.682 0.246464 -0.693342 0.67715 -64.7822 0 0 0 1 
				21
				0.939692 1.48825e-07 -0.342022 4.25806 0.25261 0.674169 0.694035 -62.2826 0.230581 -0.738577 0.633511 -62.6959 0 0 0 1 
				22
				0.939692 2.36531e-07 -0.342022 4.25806 0.262582 0.640766 0.721435 -63.7118 0.219156 -0.767736 0.602123 -61.1888 0 0 0 1 
				23
				0.939692 2.706e-07 -0.342022 4.25806 0.267072 0.624704 0.733769 -63.829 0.213663 -0.780862 0.587029 -60.4831 0 0 0 1 
				24
				0.939692 2.64621e-07 -0.342022 4.25806 0.265855 0.629124 0.730427 -62.4839 0.215174 -0.777305 0.591182 -60.7594 0 0 0 1 
				25
				0.939692 1.87982e-07 -0.342022 4.25806 0.257369 0.6586 0.707112 -59.2909 0.225256 -0.752493 0.618881 -62.2665 0 0 0 1 
				26
				0.939692 2.5206e-08 -0.342022 4.25806 0.23693 0.721194 0.650955 -53.3336 0.246664 -0.692732 0.677701 -65.3762 0 0 0 1 
				27
				0.939692 -2.11222e-07 -0.342022 4.25806 0.203473 0.803792 0.559033 -44.7722 0.274914 -0.594911 0.755317 -69.5687 0 0 0 1 
				28
				0.939692 -5.02506e-07 -0.342022 4.25805 0.158631 0.885939 0.43583 -34.2786 0.30301 -0.463801 0.83251 -74.0354 0 0 0 1 
				29
				0.939692 -7.97776e-07 -0.342022 4.25805 0.105885 0.950872 0.290913 -22.6581 0.325219 -0.309584 0.893527 -78.0967 0 0 0 1 
				30
				0.939692 -1.06956e-06 -0.342022 4.25804 0.0508215 0.988899 0.139627 -10.9108 0.338225 -0.148589 0.929261 -81.2928 0 0 0 1 
				31
				0.939692 -1.29131e-06 -0.342022 4.25804 1.61011e-06 1 6.4819e-07 -0.118868 0.342022 -1.15979e-06 0.939692 -83.4649 0 0 0 1 
		</Joint>
			8
				-1
				0.513061 0.661329 -0.547185 14.0641 -0.0983745 0.678587 0.727902 -0.118852 0.852696 -0.319629 0.413215 -79.8958 0 0 0 1 
				0
				0.550247 0.674067 -0.492809 14.0641 -0.259863 0.69912 0.666109 -1.11094 0.793535 -0.238462 0.559854 -79.2545 0 0 0 1 
				1
				0.581057 0.690585 -0.430656 14.0641 -0.418498 0.707362 0.569647 -2.16272 0.69802 -0.150769 0.700026 -78.5365 0 0 0 1 
				2
				0.6006 0.712016 -0.363748 14.0641 -0.560743 0.699403 0.443173 -3.23967 0.569953 -0.0622003 0.81932 -77.7675 0 0 0 1 
				3
				0.60575 0.738247 -0.296746 14.0641 -0.676246 0.674208 0.296874 -4.30709 0.419235 0.0208418 0.907638 -76.9787 0 0 0 1 
				4
				0.595918 0.767971 -0.234738 14.0641 -0.759923 0.633788 0.144324 -5.33076 0.25961 0.0923772 0.961285 -76.2064 0 0 0 1 
				5
				0.5728 0.799182 -0.182229 14.0641 -0.812797 0.582546 -5.44762e-05 -6.27556 0.106114 0.148147 0.983256 -75.4921 0 0 0 1 
				6
				0.539718 0.829697 -0.142501 14.0641 -0.841406 0.526181 -0.123165 -7.10416 -0.0272078 0.186376 0.982102 -74.8822 0 0 0 1 
				7
				0.501001 0.8575 -0.117014 14.0641 -0.85578 0.470703 -0.214661 -7.77848 -0.128993 0.207683 0.969654 -74.425 0 0 0 1 
				8
				0.440738 0.891956 -0.100817 14.0641 -0.872126 0.398917 -0.283305 -7.88847 -0.212478 0.212788 0.953716 -74.1421 0 0 0 1 
				9
				0.348666 0.932727 -0.0919372 14.0641 -0.891423 0.299724 -0.339898 -7.28308 -0.289476 0.200466 0.935958 -74.0031 0 0 0 1 
				10
				0.241366 0.966107 -0.0915339 14.0641 -0.905548 0.190313 -0.379161 -6.33708 -0.34889 0.174405 0.920792 -73.9788 0 0 0 1 
				11
				0.138477 0.985605 -0.0969859 14.0641 -0.913746 0.089381 -0.396333 -5.42338 -0.381959 0.143504 0.91297 -74.0481 0 0 0 1 
				12
				0.0599912 0.992773 -0.103929 14.0641 -0.921747 0.015134 -0.387494 -4.90233 -0.383121 0.119043 0.915995 -74.1932 0 0 0 1 
				13
				0.0252725 0.993692 -0.109259 14.0641 -0.937042 -0.0145325 -0.348915 -5.13589 -0.348302 0.111199 0.930763 -74.3897 0 0 0 1 
				14
				0.0536412 0.991968 -0.114555 14.0641 -0.960862 0.0200513 -0.2763 -6.50325 -0.271784 0.124893 0.95422 -74.5905 0 0 0 1 
				15
				0.163056 0.97797 -0.130339 14.0641 -0.976044 0.140607 -0.166034 -9.39167 -0.14405 0.154289 0.977468 -74.7044 0 0 0 1 
				16
				0.68067 0.608905 -0.407336 14.0641 -0.555181 0.79152 0.25548 -23.4179 0.477978 0.0522479 0.876817 -73.8322 0 0 0 1 
				17
				0.467009 -0.195116 -0.862457 14.0641 0.63027 0.757558 0.169899 -42.1598 0.620212 -0.622925 0.476762 -69.6816 0 0 0 1 
				18
				0.140398 -0.353121 -0.924983 14.0641 0.904819 0.425066 -0.0249358 -49.6815 0.401984 -0.833441 0.379189 -66.6916 0 0 0 1 
				19
				0.0109072 -0.395154 -0.91855 14.0641 0.969913 0.227605 -0.0863971 -53.7909 0.243207 -0.889971 0.385747 -64.4392 0 0 0 1 
				20
				-0.0648047 -0.428187 -0.901364 14.0641 0.991271 0.0763034 -0.107516 -57.2074 0.114814 -0.900463 0.419505 -62.2103 0 0 0 1 
				21
				-0.088181 -0.460062 -0.883497 14.0641 0.995811 -0.0192043 -0.0893908 -59.6465 0.0241584 -0.887679 0.459829 -60.2897 0 0 0 1 
				22
				-0.0696737 -0.490935 -0.868406 14.0641 0.997058 -0.0621636 -0.0448528 -60.9717 -0.0319634 -0.868975 0.493822 -58.9019 0 0 0 1 
				23
				-0.0193734 -0.513098 -0.858111 14.0641 0.998142 -0.0595086 0.0130476 -61.042 -0.0577597 -0.856265 0.513298 -58.2535 0 0 0 1 
				24
				0.0515226 -0.515151 -0.85555 14.0641 0.997147 -0.0207777 0.0725607 -59.7096 -0.055156 -0.856848 0.512611 -58.514 0 0 0 1 
				25
				0.139417 -0.484037 -0.86387 14.0641 0.990082 0.0528953 0.130149 -56.6052 -0.0173021 -0.873448 0.486611 -59.9158 0 0 0 1 
				26
				0.272696 -0.402728 -0.873754 14.0641 0.95827 0.194651 0.209355 -50.8612 0.0857642 -0.894383 0.439003 -62.8021 0 0 0 1 
				27
				0.43018 -0.255314 -0.865886 14.0641 0.866656 0.385287 0.316957 -42.6489 0.252691 -0.886774 0.387013 -66.6999 0 0 0 1 
				28
				0.561549 -0.042246 -0.826364 14.0641 0.692752 0.570156 0.441606 -32.6232 0.452501 -0.820449 0.349437 -70.8734 0 0 0 1 
				29
				0.624582 0.210856 -0.751956 14.0641 0.444496 0.695705 0.564285 -21.5532 0.642122 -0.686683 0.3408 -74.7029 0 0 0 1 
				30
				0.602277 0.459365 -0.652874 14.0641 0.162667 0.730064 0.663736 -10.3805 0.781538 -0.505954 0.364978 -77.7633 0 0 0 1 
				31
				0.513061 0.661329 -0.547185 14.0641 -0.0983745 0.678587 0.727902 -0.118852 0.852696 -0.319629 0.413215 -79.8958 0 0 0 1 
		</Joint>
			9
				-1
				0.0196507 0.836781 -0.547185 23.1656 -0.482371 0.487316 0.727902 -1.86397 0.875747 0.249643 0.413215 -64.7694 0 0 0 1 
				0
				0.0764088 0.866776 -0.492809 23.8252 -0.607796 0.432298 0.666109 -5.72078 0.790408 0.248631 0.559854 -65.1775 0 0 0 1 
				1
				0.128128 0.893375 -0.430656 24.3718 -0.729193 0.379183 0.569648 -9.58667 0.672206 0.241044 0.700026 -66.154 0 0 0 1 
				2
				0.169826 0.915885 -0.363748 24.7185 -0.83328 0.330517 0.443173 -13.187 0.526121 0.227842 0.81932 -67.6568 0 0 0 1 
				3
				0.198511 0.934096 -0.296746 24.8098 -0.910511 0.287811 0.296874 -16.3034 0.362716 0.211258 0.907638 -69.5417 0 0 0 1 
				4
				0.213871 0.948239 -0.234738 24.6354 -0.957015 0.251578 0.144324 -18.8114 0.195908 0.193781 0.961285 -71.6011 0 0 0 1 
				5
				0.217875 0.958813 -0.182229 24.2253 -0.975143 0.221575 -5.44692e-05 -20.6942 0.0403253 0.177712 0.983256 -73.6097 0 0 0 1 
				6
				0.214021 0.966379 -0.142501 23.6384 -0.972588 0.197235 -0.123165 -22.0303 -0.0909175 0.164955 0.982102 -75.3649 0 0 0 1 
				7
				0.206674 0.971387 -0.117014 22.9516 -0.960249 0.178446 -0.214661 -22.9596 -0.187638 0.156727 0.969654 -76.7133 0 0 0 1 
				8
				0.193219 0.975962 -0.100817 21.8826 -0.945924 0.158006 -0.283305 -23.3596 -0.260566 0.150105 0.953716 -77.9114 0 0 0 1 
				9
				0.171516 0.980882 -0.0919372 20.2493 -0.931296 0.130987 -0.339898 -23.0965 -0.321357 0.143918 0.935958 -79.1382 0 0 0 1 
				10
				0.147102 0.984877 -0.0915339 18.3458 -0.919678 0.102124 -0.379161 -22.4011 -0.364079 0.139957 0.920792 -80.168 0 0 0 1 
				11
				0.125342 0.987362 -0.0969859 16.5206 -0.914855 0.0772072 -0.396333 -21.6328 -0.383836 0.138405 0.91297 -80.8239 0 0 0 1 
				12
				0.111044 0.988366 -0.103929 15.1283 -0.919744 0.062588 -0.387494 -21.2537 -0.376482 0.138617 0.915995 -80.9896 0 0 0 1 
				13
				0.108939 0.988026 -0.109259 14.5124 -0.934932 0.0645003 -0.348915 -21.7586 -0.33769 0.14016 0.930763 -80.5684 0 0 0 1 
				14
				0.124118 0.985633 -0.114555 15.0157 -0.956997 0.0883992 -0.2763 -23.5485 -0.262204 0.143923 0.95422 -79.4118 0 0 0 1 
				15
				0.161175 0.978281 -0.130339 16.9566 -0.976313 0.13873 -0.166034 -26.7062 -0.144346 0.154012 0.977468 -77.2598 0 0 0 1 
				16
				0.279539 0.869445 -0.407336 26.1389 -0.879119 0.402342 0.25548 -33.2665 0.386014 0.28668 0.876817 -65.3531 0 0 0 1 
				17
				0.327065 0.386259 -0.862457 22.3486 -0.531795 0.829656 0.169899 -30.9791 0.781167 0.403082 0.476762 -58.6794 0 0 0 1 
				18
