<?xml version='1.0' encoding='UTF-8' ?>
<itpanim>
	<skeleton count>
		25
			0 -1
			1.37091e-06 -1 -6.12323e-17 1.4e-05 1 1.37091e-06 -6.12323e-17 -1.91963e-11 6.12323e-17 -6.12323e-17 1 58.5533 0 0 0 1 
			1 0
			1.3868e-06 -2.28068e-12 -1 -58.5533 2.75771e-06 -1 6.10495e-12 1.40002e-05 -1 -2.75771e-06 -1.3868e-06 -8.12017e-05 0 0 0 1 
			2 1
			1.40269e-06 -0.000796318 -1 -67.8882 0 -1 0.000796318 0.0803988 -1 -1.11699e-09 -1.40269e-06 -2.22975e-07 0 0 0 1 
			3 2
			1.40269e-06 -0.000796318 -1 -100.951 0 -1 0.000796318 0.125537 -1 -1.11699e-09 -1.40269e-06 -3.4817e-07 0 0 0 1 
			4 3
			1.40269e-06 -0.000796318 -1 -157.638 0 -1 0.000796318 0.130385 -1 -1.11699e-09 -1.40269e-06 -3.61616e-07 0 0 0 1 
			5 4
			1.34309e-06 9.82436e-13 -1 -163.726 -1.40269e-06 -1 -2.86637e-12 6.843e-06 -1 1.40269e-06 -1.34309e-06 -0.000219899 0 0 0 1 
			6 5
			1 -0 0 0 0 1 0 0 -0 -0 1 -0 0 0 0 1 
			7 4
			0.939693 1.30318e-06 0.34202 43.7151 -1.38586e-06 1 -2.63612e-09 -3.76881e-06 -0.34202 -4.71514e-07 0.939693 142.553 0 0 0 1 
			8 7
			0.64989 0.118088 0.750799 90.4882 -0.0275106 0.990863 -0.132033 -18.1135 -0.759531 0.065152 0.647201 111.468 0 0 0 1 
			9 8
			0.642057 -0.0844314 0.761994 60.9558 0.104289 0.994297 0.0222969 -5.92664 -0.75953 0.065152 0.647201 111.468 0 0 0 1 
			10 9
			0.642057 -0.0844314 0.761994 28.628 -0.759447 0.0659437 0.647218 111.463 -0.104894 -0.994245 -0.0217816 6.0154 0 0 0 1 
			11 4
			-0.939693 -1.27328e-06 0.34202 43.7151 -1.35596e-06 1 -2.63613e-09 -3.76881e-06 -0.34202 -4.66242e-07 -0.939693 -142.553 0 0 0 1 
			12 11
			-0.64989 0.118086 0.750799 90.4882 0.0275078 0.990863 -0.132033 -18.1135 -0.75953 -0.0651541 -0.647201 -111.468 0 0 0 1 
			13 12
			-0.642057 -0.0844331 0.761994 60.9559 -0.104292 0.994297 0.0222969 -5.92664 -0.75953 -0.065154 -0.647201 -111.468 0 0 0 1 
			14 13
			-0.642057 -0.0844331 0.761993 28.628 0.759447 0.0659458 0.647218 111.463 -0.104897 0.994244 0.0217816 -6.0154 0 0 0 1 
			15 2
			0.0553766 -0.0626594 0.996497 57.2683 -0.0485968 -0.997015 -0.0599913 -2.56494 0.997282 -0.0451045 -0.0582563 -22.8596 0 0 0 1 
			16 15
			0.0622516 0.0929321 0.993725 21.563 -0.0394076 -0.99465 0.0954874 0.793302 0.997282 -0.0451045 -0.0582563 -22.8596 0 0 0 1 
			17 16
			1.3716e-06 -6.00745e-14 1 7.62276 0 -1 -6.00745e-14 -0.82329 1 8.23984e-20 -1.3716e-06 -22.4394 0 0 0 1 
			18 17
			1.3716e-06 -1 -6.12323e-17 -13.0552 0 6.12323e-17 -1 0.670089 1 1.3716e-06 8.39865e-23 -22.4394 0 0 0 1 
			19 18
			1 -0 0 0 0 1 0 0 -0 -0 1 -0 0 0 0 1 
			20 2
			-0.0553766 -0.0626595 0.996497 57.2683 0.0485995 -0.997015 -0.0599913 -2.56494 0.997282 0.0451072 0.0582565 22.8596 0 0 0 1 
			21 20
			-0.062252 0.0929319 0.993724 21.563 0.0394103 -0.99465 0.0954874 0.793303 0.997282 0.0451072 0.0582565 22.8596 0 0 0 1 
			22 21
			1.3716e-06 -6.00745e-14 1 7.62277 0 -1 -6.00745e-14 -0.82329 1 8.23984e-20 -1.3716e-06 22.4394 0 0 0 1 
			23 22
			1.3716e-06 -1 -6.12323e-17 -13.0552 0 6.12323e-17 -1 0.670089 1 1.3716e-06 8.39865e-23 22.4394 0 0 0 1 
			24 23
			1 -0 0 0 0 1 0 0 -0 -0 1 -0 0 0 0 1 
	</skeleton>
		<animations>
			24
			0
				-1
				1.33158e-06 1 0 -5.19361e-09 -1 1.33158e-06 0 -0.118802 -0 -0 1 -59.2669 0 0 0 1 
				0
				1.33158e-06 1 0 -2.64041e-09 -1 1.33158e-06 0 0.201291 -0 -0 1 -59.365 0 0 0 1 
				1
				1.33158e-06 1 0 -8.06132e-11 -1 1.33158e-06 0 0.5605 -0 -0 1 -59.4787 0 0 0 1 
				2
				1.33158e-06 1 0 2.47995e-09 -1 1.33158e-06 0 0.924247 -0 -0 1 -59.5942 0 0 0 1 
				3
				1.33158e-06 1 0 5.03545e-09 -1 1.33158e-06 0 1.25795 -0 -0 1 -59.6978 0 0 0 1 
				4
				1.33158e-06 1 0 7.58023e-09 -1 1.33158e-06 0 1.52813 -0 -0 1 -59.7761 0 0 0 1 
				5
				1.33158e-06 1 0 1.01024e-08 -1 1.33158e-06 0 1.69092 -0 -0 1 -59.8118 0 0 0 1 
				6
				1.33158e-06 1 0 1.26775e-08 -1 1.33158e-06 0 1.84612 -0 -0 1 -59.8438 0 0 0 1 
				7
				1.33158e-06 1 0 1.54284e-08 -1 1.33158e-06 0 2.19551 -0 -0 1 -59.9514 0 0 0 1 
				8
				1.33158e-06 1 0 1.82166e-08 -1 1.33158e-06 0 2.53146 -0 -0 1 -60.0531 0 0 0 1 
				9
				1.33158e-06 1 0 2.08539e-08 -1 1.33158e-06 0 2.56682 -0 -0 1 -60.0366 0 0 0 1 
				10
				1.5979e-06 1 0 2.31497e-08 -1 1.5979e-06 0 2.01013 -0 -0 1 -59.7876 0 0 0 1 
				11
				1.33158e-06 1 0 2.49129e-08 -1 1.33158e-06 0 0.569956 -0 -0 1 -59.192 0 0 0 1 
				12
				1.33158e-06 1 0 2.62217e-08 -1 1.33158e-06 0 -3.28503 -0 -0 1 -57.6373 0 0 0 1 
				13
				1.5979e-06 1 0 2.69756e-08 -1 1.5979e-06 0 -9.27311 -0 -0 1 -55.2372 0 0 0 1 
				14
				1.33158e-06 1 0 2.66982e-08 -1 1.33158e-06 0 -14.7833 -0 -0 1 -53.0399 0 0 0 1 
				15
				1.33158e-06 1 0 2.49129e-08 -1 1.33158e-06 0 -17.2047 -0 -0 1 -52.0937 0 0 0 1 
				16
				1.33158e-06 1 0 2.18402e-08 -1 1.33158e-06 0 -16.6392 -0 -0 1 -52.3553 0 0 0 1 
				17
				1.33158e-06 1 0 1.81079e-08 -1 1.33158e-06 0 -14.9984 -0 -0 1 -53.0539 0 0 0 1 
				18
				1.33158e-06 1 0 1.38916e-08 -1 1.33158e-06 0 -12.5686 -0 -0 1 -54.0732 0 0 0 1 
				19
				1.33158e-06 1 0 9.36702e-09 -1 1.33158e-06 0 -9.63614 -0 -0 1 -55.2969 0 0 0 1 
				20
				1.33158e-06 1 0 4.70413e-09 -1 1.33158e-06 0 -6.47825 -0 -0 1 -56.6122 0 0 0 1 
				21
				1.33158e-06 1 0 7.30399e-11 -1 1.33158e-06 0 -3.37222 -0 -0 1 -57.9064 0 0 0 1 
				22
				1.33158e-06 1 0 -4.33197e-09 -1 1.33158e-06 0 -0.634738 -0 -0 1 -59.0508 0 0 0 1 
		</Joint>
			1
				-1
				1.33158e-06 2.66316e-06 -1 -5.19361e-09 0 -1 -2.66316e-06 -0.118802 -1 3.54621e-12 -1.33158e-06 -59.2669 0 0 0 1 
				0
				1.33158e-06 2.66316e-06 -1 -2.64041e-09 0 -1 -2.66316e-06 0.201291 -1 3.54621e-12 -1.33158e-06 -59.365 0 0 0 1 
				1
				1.33158e-06 2.66316e-06 -1 -8.06132e-11 0 -1 -2.66316e-06 0.5605 -1 3.54621e-12 -1.33158e-06 -59.4787 0 0 0 1 
				2
				1.33158e-06 2.66316e-06 -1 2.47995e-09 0 -1 -2.66316e-06 0.924247 -1 3.54621e-12 -1.33158e-06 -59.5942 0 0 0 1 
				3
				1.33158e-06 2.66316e-06 -1 5.03545e-09 0 -1 -2.66316e-06 1.25795 -1 3.54621e-12 -1.33158e-06 -59.6978 0 0 0 1 
				4
				1.33158e-06 2.66316e-06 -1 7.58023e-09 0 -1 -2.66316e-06 1.52813 -1 3.54621e-12 -1.33158e-06 -59.7761 0 0 0 1 
				5
				1.33158e-06 2.66316e-06 -1 1.01024e-08 0 -1 -2.66316e-06 1.69092 -1 3.54621e-12 -1.33158e-06 -59.8118 0 0 0 1 
				6
				1.33158e-06 2.66316e-06 -1 1.26775e-08 0 -1 -2.66316e-06 1.84612 -1 3.54621e-12 -1.33158e-06 -59.8438 0 0 0 1 
				7
				1.33158e-06 2.66316e-06 -1 1.54284e-08 0 -1 -2.66316e-06 2.19551 -1 3.54621e-12 -1.33158e-06 -59.9514 0 0 0 1 
				8
				1.33158e-06 2.66316e-06 -1 1.82166e-08 0 -1 -2.66316e-06 2.53146 -1 3.54621e-12 -1.33158e-06 -60.0531 0 0 0 1 
				9
				1.33158e-06 2.66316e-06 -1 2.08539e-08 0 -1 -2.66316e-06 2.56682 -1 3.54621e-12 -1.33158e-06 -60.0366 0 0 0 1 
				10
				1.33158e-06 2.92948e-06 -1 2.31497e-08 0 -1 -2.92948e-06 2.01013 -1 3.90083e-12 -1.33158e-06 -59.7876 0 0 0 1 
				11
				1.33158e-06 2.66316e-06 -1 2.49129e-08 0 -1 -2.66316e-06 0.569956 -1 3.54621e-12 -1.33158e-06 -59.192 0 0 0 1 
				12
				1.33158e-06 2.66316e-06 -1 2.62217e-08 0 -1 -2.66316e-06 -3.28503 -1 3.54621e-12 -1.33158e-06 -57.6373 0 0 0 1 
				13
				1.33158e-06 2.92948e-06 -1 2.69756e-08 0 -1 -2.92948e-06 -9.27311 -1 3.90083e-12 -1.33158e-06 -55.2372 0 0 0 1 
				14
				1.33158e-06 2.66316e-06 -1 2.66982e-08 0 -1 -2.66316e-06 -14.7833 -1 3.54621e-12 -1.33158e-06 -53.0399 0 0 0 1 
				15
				1.33158e-06 2.66316e-06 -1 2.49129e-08 0 -1 -2.66316e-06 -17.2047 -1 3.54621e-12 -1.33158e-06 -52.0937 0 0 0 1 
				16
				1.33158e-06 2.66316e-06 -1 2.18402e-08 0 -1 -2.66316e-06 -16.6392 -1 3.54621e-12 -1.33158e-06 -52.3553 0 0 0 1 
				17
				1.33158e-06 2.66316e-06 -1 1.81079e-08 0 -1 -2.66316e-06 -14.9984 -1 3.54621e-12 -1.33158e-06 -53.0539 0 0 0 1 
				18
				1.33158e-06 2.66316e-06 -1 1.38916e-08 0 -1 -2.66316e-06 -12.5686 -1 3.54621e-12 -1.33158e-06 -54.0732 0 0 0 1 
				19
				1.33158e-06 2.66316e-06 -1 9.36702e-09 0 -1 -2.66316e-06 -9.63614 -1 3.54621e-12 -1.33158e-06 -55.2969 0 0 0 1 
				20
				1.33158e-06 2.66316e-06 -1 4.70413e-09 0 -1 -2.66316e-06 -6.47825 -1 3.54621e-12 -1.33158e-06 -56.6122 0 0 0 1 
				21
				1.33158e-06 2.66316e-06 -1 7.30399e-11 0 -1 -2.66316e-06 -3.37222 -1 3.54621e-12 -1.33158e-06 -57.9064 0 0 0 1 
				22
				1.33158e-06 2.66316e-06 -1 -4.33197e-09 0 -1 -2.66316e-06 -0.634738 -1 3.54621e-12 -1.33158e-06 -59.0508 0 0 0 1 
		</Joint>
			2
				-1
				1.38782e-06 -1.49834e-06 -1 1.29069e-05 -0.00079765 -1 1.49724e-06 -0.0924898 -1 0.00079765 -1.38901e-06 -68.6018 0 0 0 1 
				0
				1.36338e-06 -1.47226e-06 -1 1.29087e-05 0.0181648 -0.999835 1.49678e-06 0.227598 -0.999835 -0.0181648 -1.33642e-06 -68.6994 0 0 0 1 
				1
				1.33615e-06 -1.44431e-06 -1 1.29106e-05 0.0388604 -0.999245 1.49514e-06 0.586792 -0.999245 -0.0388604 -1.27902e-06 -68.8126 0 0 0 1 
				2
				1.30807e-06 -1.41667e-06 -1 1.29124e-05 0.0597408 -0.998214 1.49228e-06 0.950511 -0.998214 -0.0597408 -1.2211e-06 -68.9275 0 0 0 1 
				3
				1.28127e-06 -1.39133e-06 -1 1.29143e-05 0.0792625 -0.996854 1.48851e-06 1.28418 -0.996854 -0.0792625 -1.16696e-06 -69.0306 0 0 0 1 
				4
				1.25795e-06 -1.37008e-06 -1 1.29163e-05 0.0959399 -0.995387 1.48445e-06 1.55432 -0.995387 -0.0959399 -1.1207e-06 -69.1085 0 0 0 1 
				5
				1.24109e-06 -1.35515e-06 -1 1.29184e-05 0.107832 -0.994169 1.48107e-06 1.71708 -0.994169 -0.107832 -1.08773e-06 -69.1438 0 0 0 1 
				6
				1.22438e-06 -1.3407e-06 -1 1.29206e-05 0.119475 -0.992837 1.47738e-06 1.87224 -0.992837 -0.119475 -1.05543e-06 -69.1756 0 0 0 1 
				7
				1.19455e-06 -1.31574e-06 -1 1.29227e-05 0.139932 -0.990161 1.46995e-06 2.22156 -0.990161 -0.139932 -9.98686e-07 -69.2826 0 0 0 1 
				8
				1.16501e-06 -1.29202e-06 -1 1.29249e-05 0.159812 -0.987147 1.4616e-06 2.55743 -0.987147 -0.159812 -9.43552e-07 -69.3838 0 0 0 1 
				9
				1.15532e-06 -1.28445e-06 -1 1.29273e-05 0.166265 -0.986081 1.45867e-06 2.59276 -0.986081 -0.166265 -9.25679e-07 -69.3671 0 0 0 1 
				10
				1.14638e-06 -1.04478e-06 -1 1.29233e-05 0.14625 -0.989247 1.2012e-06 2.03616 -0.989248 -0.14625 -9.81256e-07 -69.1186 0 0 0 1 
				11
				1.27139e-06 -1.38224e-06 -1 1.29339e-05 0.0863611 -0.996264 1.48688e-06 0.596168 -0.996264 -0.0863611 -1.14727e-06 -68.5246 0 0 0 1 
				12
				1.48475e-06 -1.6128e-06 -1 1.29414e-05 -0.0813083 -0.996689 1.48674e-06 -3.25883 -0.996689 0.0813083 -1.61097e-06 -66.9743 0 0 0 1 
				13
				1.82555e-06 -1.78798e-06 -1 1.29467e-05 -0.337788 -0.941222 1.06624e-06 -9.24837 -0.941222 0.337788 -2.32221e-06 -64.581 0 0 0 1 
				14
				1.86185e-06 -2.48028e-06 -1 1.29647e-05 -0.555169 -0.831737 1.0293e-06 -14.7615 -0.831737 0.555169 -2.92555e-06 -62.3894 0 0 0 1 
				15
				1.88285e-06 -2.68877e-06 -1 1.29683e-05 -0.643399 -0.765532 8.46916e-07 -17.1846 -0.765532 0.643399 -3.17133e-06 -61.4455 0 0 0 1 
				16
				1.88087e-06 -2.6526e-06 -1 1.29643e-05 -0.628591 -0.777736 8.80724e-07 -16.6187 -0.777736 0.628591 -3.13023e-06 -61.7067 0 0 0 1 
				17
				1.86896e-06 -2.52987e-06 -1 1.29573e-05 -0.576374 -0.817186 9.90158e-07 -14.9769 -0.817186 0.576374 -2.98544e-06 -62.404 0 0 0 1 
				18
				1.83558e-06 -2.34568e-06 -1 1.29483e-05 -0.492431 -0.870351 1.13767e-06 -12.5457 -0.870351 0.492431 -2.75269e-06 -63.4211 0 0 0 1 
				19
				1.77042e-06 -2.12713e-06 -1 1.2938e-05 -0.383744 -0.92344 1.28489e-06 -9.61183 -0.92344 0.383744 -2.45115e-06 -64.6419 0 0 0 1 
				20
				1.67098e-06 -1.90183e-06 -1 1.29274e-05 -0.260089 -0.965585 1.40177e-06 -6.45284 -0.965585 0.260089 -2.10812e-06 -65.9539 0 0 0 1 
				21
				1.54547e-06 -1.69483e-06 -1 1.29173e-05 -0.134206 -0.990953 1.47209e-06 -3.34614 -0.990953 0.134206 -1.75894e-06 -67.2448 0 0 0 1 
				22
				1.41385e-06 -1.52734e-06 -1 1.29085e-05 -0.0219667 -0.999759 1.49592e-06 -0.608445 -0.999759 0.0219667 -1.44706e-06 -68.3863 0 0 0 1 
		</Joint>
			3
				-1
				1.38782e-06 -1.49834e-06 -1 5.87346e-05 -0.00079765 -1 1.49724e-06 -0.0737241 -1 0.00079765 -1.38901e-06 -101.665 0 0 0 1 
				0
				1.33846e-06 -1.44664e-06 -1 5.79263e-05 0.0371207 -0.999311 1.49533e-06 0.873286 -0.999311 -0.0371207 -1.28384e-06 -101.755 0 0 0 1 
				1
				1.28238e-06 -1.39237e-06 -1 5.70252e-05 0.0784572 -0.996917 1.48869e-06 1.91663 -0.996917 -0.0784572 -1.16919e-06 -101.847 0 0 0 1 
				2
				1.22353e-06 -1.33997e-06 -1 5.60963e-05 0.12006 -0.992767 1.47718e-06 2.97053 -0.992767 -0.12006 -1.0538e-06 -101.926 0 0 0 1 
				3
				1.1665e-06 -1.29319e-06 -1 5.52099e-05 0.158814 -0.987308 1.46204e-06 3.94939 -0.987308 -0.158814 -9.46314e-07 -101.982 0 0 0 1 
				4
				1.11628e-06 -1.25497e-06 -1 5.44392e-05 0.191778 -0.981439 1.44575e-06 4.77067 -0.981439 -0.191778 -8.54888e-07 -102.01 0 0 0 1 
				5
				1.07967e-06 -1.22871e-06 -1 5.38827e-05 0.215185 -0.976573 1.43225e-06 5.32639 -0.976573 -0.215185 -7.89972e-07 -102.004 0 0 0 1 
				6
				1.04316e-06 -1.20383e-06 -1 5.33314e-05 0.238012 -0.971262 1.41752e-06 5.86625 -0.971262 -0.238012 -7.26659e-07 -101.991 0 0 0 1 
				7
				9.77513e-07 -1.16215e-06 -1 5.23453e-05 0.277876 -0.960617 1.388e-06 6.89146 -0.960617 -0.277876 -6.16083e-07 -102.008 0 0 0 1 
				8
				9.11941e-07 -1.12414e-06 -1 5.13689e-05 0.316273 -0.948668 1.35486e-06 7.8841 -0.948668 -0.316273 -5.09594e-07 -102.007 0 0 0 1 
				9
				8.9031e-07 -1.11231e-06 -1 5.10505e-05 0.328656 -0.94445 1.34313e-06 8.1326 -0.94445 -0.328656 -4.75285e-07 -101.955 0 0 0 1 
				10
				8.79694e-07 -8.94808e-07 -1 5.07411e-05 0.290119 -0.95699 1.11154e-06 6.91481 -0.956991 -0.290119 -5.82258e-07 -101.813 0 0 0 1 
				11
				1.14529e-06 -1.27673e-06 -1 5.49022e-05 0.172863 -0.984946 1.45548e-06 3.49597 -0.984946 -0.172863 -9.07348e-07 -101.456 0 0 0 1 
				12
				1.57321e-06 -1.73877e-06 -1 6.19846e-05 -0.161291 -0.986907 1.46226e-06 -5.90261 -0.986907 0.161291 -1.83306e-06 -99.935 0 0 0 1 
				13
				2.04971e-06 -2.46382e-06 -1 7.32906e-05 -0.635252 -0.772305 6.00742e-07 -20.3818 -0.772305 0.635252 -3.14815e-06 -95.7291 0 0 0 1 
				14
				1.71062e-06 -3.56374e-06 -1 7.45583e-05 -0.923204 -0.384311 -2.09663e-07 -33.0996 -0.384311 0.923204 -3.94747e-06 -89.9307 0 0 0 1 
				15
				1.49687e-06 -3.91889e-06 -1 7.52724e-05 -0.984946 -0.172862 -7.96911e-07 -38.4494 -0.172862 0.984946 -4.11865e-06 -86.8007 0 0 0 1 
				16
				1.53969e-06 -3.86062e-06 -1 7.52005e-05 -0.977588 -0.210526 -6.92424e-07 -37.3922 -0.210526 0.977588 -4.09825e-06 -87.465 0 0 0 1 
				17
				1.66843e-06 -3.65031e-06 -1 7.47901e-05 -0.941742 -0.336337 -3.43491e-07 -34.0183 -0.336337 0.941742 -3.9988e-06 -89.465 0 0 0 1 
				18
				1.80875e-06 -3.3035e-06 -1 7.36618e-05 -0.856765 -0.515706 1.53961e-07 -28.8036 -0.515706 0.856765 -3.7631e-06 -92.2361 0 0 0 1 
				19
				1.88302e-06 -2.85451e-06 -1 7.14769e-05 -0.708166 -0.706046 6.81927e-07 -22.2676 -0.706046 0.708166 -3.35097e-06 -95.2054 0 0 0 1 
				20
				1.83992e-06 -2.36505e-06 -1 6.81563e-05 -0.501586 -0.865108 1.12315e-06 -15.0131 -0.865108 0.501586 -2.77801e-06 -97.9016 0 0 0 1 
				21
				1.67559e-06 -1.91081e-06 -1 6.3976e-05 -0.265214 -0.964189 1.398e-06 -7.73985 -0.964189 0.265214 -2.12236e-06 -100.021 0 0 0 1 
				22
				1.43991e-06 -1.55887e-06 -1 5.95998e-05 -0.0431258 -0.99907 1.49532e-06 -1.28965 -0.99907 0.0431258 -1.50579e-06 -101.443 0 0 0 1 
		</Joint>
			4
				-1
				1.38782e-06 -1.49834e-06 -1 0.000137399 -0.00079765 -1 1.49724e-06 -0.114093 -1 0.00079765 -1.38901e-06 -158.352 0 0 0 1 
				0
				1.33846e-06 -1.44664e-06 -1 0.000133793 0.0371207 -0.999311 1.49533e-06 2.98239 -0.999311 -0.0371207 -1.28384e-06 -158.403 0 0 0 1 
				1
				1.28238e-06 -1.39237e-06 -1 0.000129713 0.0784572 -0.996917 1.48869e-06 6.36895 -0.996917 -0.0784572 -1.16919e-06 -158.359 0 0 0 1 
				2
				1.22353e-06 -1.33997e-06 -1 0.000125447 0.12006 -0.992767 1.47718e-06 9.78117 -0.992767 -0.12006 -1.0538e-06 -158.202 0 0 0 1 
				3
				1.1665e-06 -1.29319e-06 -1 0.000121328 0.158814 -0.987309 1.46204e-06 12.9568 -0.987309 -0.158814 -9.46314e-07 -157.949 0 0 0 1 
				4
				1.11628e-06 -1.25497e-06 -1 0.00011771 0.191778 -0.981439 1.44575e-06 15.6467 -0.981439 -0.191778 -8.54888e-07 -157.644 0 0 0 1 
				5
				1.07967e-06 -1.22871e-06 -1 0.000115078 0.215185 -0.976573 1.43225e-06 17.5293 -0.976573 -0.215185 -7.89972e-07 -157.362 0 0 0 1 
				6
				1.04316e-06 -1.20383e-06 -1 0.000112457 0.238012 -0.971262 1.41752e-06 19.3631 -0.971262 -0.238012 -7.26659e-07 -157.047 0 0 0 1 
				7
				9.77513e-07 -1.16215e-06 -1 0.00010775 0.277876 -0.960617 1.388e-06 22.648 -0.960617 -0.277876 -6.16083e-07 -156.461 0 0 0 1 
				8
				9.11941e-07 -1.12414e-06 -1 0.000103056 0.316273 -0.948668 1.35486e-06 25.8172 -0.948668 -0.316273 -5.09594e-07 -155.783 0 0 0 1 
				9
				8.9031e-07 -1.11231e-06 -1 0.000101511 0.328656 -0.94445 1.34313e-06 26.7676 -0.94445 -0.328656 -4.75285e-07 -155.491 0 0 0 1 
				10
				8.79694e-07 -8.94808e-07 -1 0.000100599 0.290119 -0.95699 1.11154e-06 23.3654 -0.956991 -0.290119 -5.82258e-07 -156.06 0 0 0 1 
				11
				1.14529e-06 -1.27673e-06 -1 0.000119818 0.172863 -0.984946 1.45548e-06 13.2998 -0.984946 -0.172863 -9.07348e-07 -157.289 0 0 0 1 
				12
				1.57321e-06 -1.73877e-06 -1 0.00015116 -0.161291 -0.986907 1.46226e-06 -15.0409 -0.986907 0.161291 -1.83306e-06 -155.88 0 0 0 1 
				13
				2.04971e-06 -2.46382e-06 -1 0.000189481 -0.635252 -0.772305 6.00742e-07 -56.3885 -0.772305 0.635252 -3.14815e-06 -139.512 0 0 0 1 
				14
				1.71062e-06 -3.56374e-06 -1 0.000171532 -0.923204 -0.384311 -2.09663e-07 -85.4312 -0.384311 0.923204 -3.94747e-06 -111.721 0 0 0 1 
				15
				1.49687e-06 -3.91889e-06 -1 0.000160131 -0.984946 -0.172862 -7.96911e-07 -94.282 -0.172862 0.984946 -4.11865e-06 -96.6045 0 0 0 1 
				16
				1.53969e-06 -3.86062e-06 -1 0.000162486 -0.977588 -0.210526 -6.92424e-07 -92.8076 -0.210526 0.977588 -4.09825e-06 -99.4038 0 0 0 1 
				17
				1.66843e-06 -3.65031e-06 -1 0.000169372 -0.941742 -0.336337 -3.43491e-07 -87.401 -0.336337 0.941742 -3.9988e-06 -108.535 0 0 0 1 
				18
				1.80875e-06 -3.3035e-06 -1 0.000176197 -0.856765 -0.515706 1.53962e-07 -77.3684 -0.515706 0.856765 -3.76311e-06 -121.474 0 0 0 1 
				19
				1.88302e-06 -2.85451e-06 -1 0.00017822 -0.708166 -0.706046 6.81927e-07 -62.4079 -0.706046 0.708166 -3.35097e-06 -135.232 0 0 0 1 
				20
				1.83992e-06 -2.36505e-06 -1 0.000172454 -0.501586 -0.865108 1.12315e-06 -43.4422 -0.865108 0.501586 -2.77801e-06 -146.944 0 0 0 1 
				21
				1.67559e-06 -1.91081e-06 -1 0.000158956 -0.265214 -0.964189 1.398e-06 -22.7693 -0.964189 0.265214 -2.12236e-06 -154.679 0 0 0 1 
				22
				1.43991e-06 -1.55887e-06 -1 0.000141218 -0.0431258 -0.99907 1.49532e-06 -3.72948 -0.99907 0.0431258 -1.50579e-06 -158.077 0 0 0 1 
		</Joint>
			5
				-1
				1.38685e-06 -1.49724e-06 -1 0.000145848 0 -1 1.49724e-06 -0.118949 -1 -2.07645e-12 -1.38685e-06 -164.439 0 0 0 1 
				0
				1.38685e-06 -1.49726e-06 -1 0.000141942 0 -1 1.49726e-06 3.20838 -1 -2.07647e-12 -1.38685e-06 -164.487 0 0 0 1 
				1
				1.38683e-06 -1.49725e-06 -1 0.00013752 0 -1 1.49725e-06 6.84659 -1 -2.07643e-12 -1.38683e-06 -164.428 0 0 0 1 
				2
				1.38698e-06 -1.49725e-06 -1 0.000132896 0 -1 1.49725e-06 10.5121 -1 -2.07666e-12 -1.38698e-06 -164.246 0 0 0 1 
				3
				1.38738e-06 -1.49724e-06 -1 0.000128429 0 -1 1.49724e-06 13.9237 -1 -2.07723e-12 -1.38738e-06 -163.96 0 0 0 1 
				4
				1.38683e-06 -1.49722e-06 -1 0.000124506 0 -1 1.49722e-06 16.8142 -1 -2.07639e-12 -1.38683e-06 -163.619 0 0 0 1 
				5
				1.38823e-06 -1.49878e-06 -1 0.000121651 -0.00111308 -0.999999 1.49723e-06 18.8393 -0.999999 0.00111308 -1.3899e-06 -163.307 0 0 0 1 
				6
				1.37234e-06 -1.48167e-06 -1 0.000118808 0.0112698 -0.999936 1.49704e-06 20.8121 -0.999936 -0.0112698 -1.35556e-06 -162.961 0 0 0 1 
				7
				1.30863e-06 -1.41721e-06 -1 0.000113701 0.0593301 -0.998239 1.49235e-06 24.3397 -0.998239 -0.0593301 -1.22225e-06 -162.309 0 0 0 1 
				8
				1.22792e-06 -1.34372e-06 -1 0.000108608 0.117023 -0.993129 1.47819e-06 27.7427 -0.993129 -0.117023 -1.06223e-06 -161.558 0 0 0 1 
				9
				1.18014e-06 -1.30399e-06 -1 0.000106932 0.149703 -0.988731 1.46596e-06 28.7685 -0.988731 -0.149703 -9.7163e-07 -161.241 0 0 0 1 
				10
				1.18726e-06 -1.07238e-06 -1 0.000105955 0.122641 -0.992451 1.20989e-06 25.1316 -0.992451 -0.122641 -1.04678e-06 -161.886 0 0 0 1 
				11
				1.38683e-06 -1.49724e-06 -1 0.00012679 0 -1 1.49724e-06 14.3522 -1 -2.07641e-12 -1.38683e-06 -163.285 0 0 0 1 
				12
				1.75495e-06 -2.09122e-06 -1 0.000160738 -0.364318 -0.931275 1.30814e-06 -16.0228 -0.931275 0.364318 -2.39621e-06 -161.889 0 0 0 1 
				13
				2.05669e-06 -3.03274e-06 -1 0.000201959 -0.821232 -0.570594 4.14451e-08 -60.2559 -0.570594 0.821232 -3.66412e-06 -144.213 0 0 0 1 
				14
				1.35905e-06 -4.07887e-06 -1 0.000181946 -0.998078 -0.0619742 -1.10365e-06 -91.0517 -0.0619742 0.998078 -4.15526e-06 -114.06 0 0 0 1 
				15
				1.01616e-06 -4.36097e-06 -1 0.000169244 -0.984808 0.173648 -1.758e-06 -100.278 0.173648 0.984808 -4.11826e-06 -97.6568 0 0 0 1 
				16
				1.11319e-06 -4.29451e-06 -1 0.00017186 -0.993724 0.111863 -1.5866e-06 -98.7591 0.111863 0.993724 -4.14303e-06 -100.686 0 0 0 1 
				17
				1.35381e-06 -4.08489e-06 -1 0.000179529 -0.998353 -0.0573684 -1.11724e-06 -93.1343 -0.0573684 0.998353 -4.15583e-06 -110.583 0 0 0 1 
				18
				1.63436e-06 -3.71232e-06 -1 0.000187208 -0.95371 -0.300727 -4.42312e-07 -82.5844 -0.300727 0.95371 -4.03198e-06 -124.614 0 0 0 1 
				19
				1.83798e-06 -3.19094e-06 -1 0.000189684 -0.823318 -0.56758 2.97873e-07 -66.7192 -0.56758 0.823318 -3.67036e-06 -139.531 0 0 0 1 
				20
				1.87583e-06 -2.59061e-06 -1 0.000183655 -0.60254 -0.798089 9.37269e-07 -46.4958 -0.798089 0.60254 -3.05803e-06 -152.211 0 0 0 1 
				21
				1.72649e-06 -2.0178e-06 -1 0.000169157 -0.325262 -0.945624 1.34652e-06 -24.384 -0.945624 0.325262 -2.28892e-06 -160.549 0 0 0 1 
				22
				1.45133e-06 -1.57285e-06 -1 0.000149984 -0.052572 -0.998617 1.49438e-06 -3.99202 -0.998617 0.052572 -1.53201e-06 -164.16 0 0 0 1 
		</Joint>
			6
		</Joint>
			7
				-1
				0.939692 -1.29131e-06 -0.342022 7.67735 1.70122e-06 1 8.98507e-07 -0.118923 0.342022 -1.42617e-06 0.939692 -149.621 0 0 0 1 
				0
				0.939692 -1.34278e-06 -0.342022 7.67735 -0.012967 0.999281 -0.0356302 2.64652 0.341776 0.0379164 0.939016 -149.679 0 0 0 1 
				1
				0.939692 -1.398e-06 -0.342021 7.67734 -0.0271042 0.996855 -0.074472 5.67222 0.340946 0.0792509 0.936736 -149.656 0 0 0 1 
				2
				0.939692 -1.45016e-06 -0.342021 7.67734 -0.0413321 0.992671 -0.113563 8.72127 0.339515 0.120851 0.932805 -149.536 0 0 0 1 
				3
				0.939692 -1.49549e-06 -0.342022 7.67733 -0.0545852 0.987182 -0.149975 11.5587 0.337638 0.1596 0.927647 -149.331 0 0 0 1 
				4
				0.939692 -1.53256e-06 -0.342021 7.67733 -0.0658578 0.981285 -0.180947 13.9608 0.335621 0.192559 0.922106 -149.078 0 0 0 1 
				5
				0.939692 -1.5607e-06 -0.342021 7.67733 -0.0738624 0.976402 -0.202939 15.6391 0.33395 0.215963 0.917517 -148.839 0 0 0 1 
				6
				0.939692 -1.58555e-06 -0.342021 7.67733 -0.0816683 0.971072 -0.224386 17.2737 0.332128 0.238786 0.912509 -148.571 0 0 0 1 
				7
				0.939692 -1.62718e-06 -0.342021 7.67732 -0.0952996 0.960395 -0.261837 20.2107 0.328476 0.278641 0.902476 -148.077 0 0 0 1 
				8
				0.939692 -1.66514e-06 -0.342021 7.67732 -0.108429 0.948416 -0.29791 23.0448 0.324379 0.317028 0.891219 -147.504 0 0 0 1 
				9
				0.939692 -1.67695e-06 -0.342021 7.67732 -0.112663 0.944188 -0.309543 23.8872 0.322933 0.329408 0.887246 -147.25 0 0 0 1 
				10
				0.939692 -1.91812e-06 -0.342021 7.67732 -0.0994856 0.956759 -0.273339 20.8212 0.327232 0.290881 0.899059 -147.709 0 0 0 1 
				11
				0.939692 -1.51101e-06 -0.342022 7.67733 -0.0593895 0.984808 -0.163175 11.779 0.336826 0.173647 0.925416 -148.692 0 0 0 1 
				12
				0.939692 -1.05424e-06 -0.342022 7.67736 0.0548973 0.987035 0.150825 -13.6444 0.337587 -0.160505 0.927509 -147.262 0 0 0 1 
				13
				0.939692 -3.0172e-07 -0.342022 7.67739 0.21706 0.77281 0.596363 -50.8515 0.264318 -0.634637 0.726204 -132.762 0 0 0 1 
				14
				0.939692 7.78613e-07 -0.342022 7.67738 0.315651 0.385046 0.867239 -77.3757 0.131695 -0.922897 0.361824 -108.354 0 0 0 1 
				15
				0.939692 1.12992e-06 -0.342022 7.67737 0.336825 0.173647 0.925416 -85.6849 0.059392 -0.984808 0.163174 -95.0836 0 0 0 1 
				16
				0.939692 1.07085e-06 -0.342022 7.67737 0.334299 0.211305 0.918474 -84.2752 0.0722717 -0.97742 0.198561 -97.5543 0 0 0 1 
				17
				0.939692 8.60434e-07 -0.342022 7.67738 0.322004 0.337087 0.884695 -79.183 0.115292 -0.941474 0.316758 -105.588 0 0 0 1 
				18
				0.939692 5.13506e-07 -0.342022 7.67738 0.292892 0.516389 0.804709 -69.8945 0.176617 -0.856354 0.485246 -116.961 0 0 0 1 
				19
				0.939692 6.44632e-08 -0.342022 7.67738 0.242016 0.70661 0.664929 -56.2335 0.241676 -0.707603 0.663996 -129.06 0 0 0 1 
				20
				0.939692 -4.29221e-07 -0.342022 7.67738 0.171318 0.865507 0.470688 -39.0733 0.296022 -0.500897 0.81331 -139.385 0 0 0 1 
				21
				0.939692 -8.7907e-07 -0.342022 7.67737 0.0904474 0.9644 0.248498 -20.4653 0.329846 -0.264447 0.906239 -146.258 0 0 0 1 
				22
				0.939692 -1.23083e-06 -0.342022 7.67735 0.014479 0.999104 0.0397771 -3.36475 0.341715 -0.0423303 0.93885 -149.355 0 0 0 1 
		</Joint>
			8
				-1
				0.513061 0.661329 -0.547186 25.3579 -0.0983743 0.678587 0.727902 -0.118891 0.852696 -0.319629 0.413214 -143.186 0 0 0 1 
				0
				0.551073 0.68065 -0.482736 25.3579 -0.285149 0.697281 0.65764 2.40254 0.784225 -0.224756 0.578339 -143.248 0 0 0 1 
				1
				0.571626 0.707112 -0.416216 25.3579 -0.450051 0.694351 0.561543 5.16225 0.686074 -0.133674 0.715146 -143.241 0 0 0 1 
				2
				0.577711 0.73787 -0.348996 25.3579 -0.594231 0.673322 0.439918 7.9436 0.559588 -0.0467617 0.82745 -143.148 0 0 0 1 
				3
				0.571234 0.771153 -0.281095 25.3579 -0.715756 0.635633 0.289249 10.5316 0.401728 0.0359668 0.915053 -142.978 0 0 0 1 
				4
				0.552298 0.806123 -0.212443 25.3579 -0.807326 0.580731 0.104763 12.7217 0.207825 0.11365 0.971541 -142.763 0 0 0 1 
				5
				0.518482 0.84278 -0.144565 25.3579 -0.854788 0.506359 -0.113744 14.2493 -0.0226598 0.182547 0.982936 -142.555 0 0 0 1 
				6
				0.472488 0.878272 -0.0734446 25.3579 -0.821854 0.408971 -0.396608 15.7371 -0.318293 0.247753 0.915045 -142.322 0 0 0 1 
				7
				0.408574 0.912725 0.000695285 25.3579 -0.614463 0.275623 -0.739235 18.4176 -0.674909 0.301605 0.673448 -141.897 0 0 0 1 
				8
				0.314152 0.948332 0.0444364 25.3579 -0.22692 0.120456 -0.966436 21.0047 -0.921855 0.293524 0.253037 -141.401 0 0 0 1 
				9
				0.173446 0.984229 0.0347693 25.3579 0.192741 0.000698241 -0.981249 21.7674 -0.965799 0.176895 -0.189581 -141.173 0 0 0 1 
				10
				0.0968506 0.994676 -0.0352063 25.3579 0.444116 -0.0748449 -0.892838 18.9493 -0.890719 0.0708363 -0.449 -141.552 0 0 0 1 
				11
				0.0250907 0.994413 -0.102536 25.3579 0.500338 -0.101289 -0.859885 10.6615 -0.865467 -0.0297276 -0.500084 -142.354 0 0 0 1 
				12
				-0.130986 0.97711 -0.167627 25.358 0.112876 -0.153285 -0.981714 -12.6115 -0.984937 -0.147512 -0.0902141 -140.91 0 0 0 1 
				13
				-0.29431 0.952716 -0.0755925 25.358 -0.65508 -0.258691 -0.709894 -46.7675 -0.695883 -0.15941 0.70024 -127.788 0 0 0 1 
				14
				-0.220344 0.971952 0.0822069 25.358 -0.967374 -0.228552 0.10932 -71.4366 0.125042 -0.055437 0.990601 -105.877 0 0 0 1 
				15
				-0.058647 0.994413 0.0877712 25.358 -0.764262 -0.101289 0.636902 -79.3475 0.642234 -0.0297278 0.765932 -93.9662 0 0 0 1 
				16
				0.0370132 0.998719 0.0345011 25.358 -0.591774 -0.00591485 0.806082 -77.9853 0.805254 -0.0502525 0.590797 -96.1945 0 0 0 1 
				17
				0.127955 0.990474 -0.0508861 25.358 -0.462114 0.104939 0.88059 -73.1244 0.877541 -0.0891607 0.47114 -103.419 0 0 0 1 
				18
				0.214796 0.964927 -0.150924 25.358 -0.378537 0.224704 0.897897 -64.3836 0.900318 -0.135734 0.413526 -113.638 0 0 0 1 
				19
				0.300262 0.919572 -0.253436 25.358 -0.324626 0.348351 0.879358 -51.68 0.896918 -0.181766 0.403113 -124.513 0 0 0 1 
				20
				0.382509 0.854589 -0.351233 25.358 -0.278329 0.46906 0.838162 -35.8499 0.881033 -0.222846 0.417276 -133.816 0 0 0 1 
				21
				0.454924 0.773041 -0.442099 25.358 -0.217667 0.577911 0.786537 -18.7635 0.863519 -0.261585 0.431171 -140.052 0 0 0 1 
				22
				0.509593 0.679462 -0.527869 25.358 -0.121005 0.664002 0.737875 -3.09232 0.851864 -0.312141 0.42059 -142.925 0 0 0 1 
		</Joint>
			9
				-1
				0.0196505 0.836781 -0.547185 41.7681 -0.482371 0.487316 0.727902 -3.26538 0.875747 0.249643 0.413214 -115.912 0 0 0 1 
				0
				0.0816632 0.87195 -0.482736 42.9839 -0.623701 0.422501 0.65764 -6.71788 0.777385 0.247378 0.578339 -118.165 0 0 0 1 
				1
				0.127974 0.900215 -0.416216 43.6413 -0.742502 0.365184 0.561543 -9.23255 0.657505 0.237178 0.715146 -121.297 0 0 0 1 
				2
				0.162367 0.922951 -0.348996 43.8359 -0.841228 0.314337 0.439918 -11.0628 0.515725 0.222157 0.827451 -125.25 0 0 0 1 
				3
				0.187253 0.941234 -0.281095 43.6287 -0.91864 0.269141 0.289249 -12.3617 0.347905 0.204063 0.915053 -130.129 0 0 0 1 
				4
				0.203071 0.95584 -0.212443 43.0231 -0.967797 0.228895 0.104763 -13.1005 0.148764 0.184328 0.971541 -136.116 0 0 0 1 
				5
				0.207489 0.967497 -0.144565 41.9415 -0.974771 0.192053 -0.113744 -13.0909 -0.0822832 0.164518 0.982936 -143.28 0 0 0 1 
				6
				0.206036 0.975784 -0.0734446 40.4704 -0.903764 0.160978 -0.396608 -10.5498 -0.375181 0.148092 0.915045 -152.502 0 0 0 1 
				7
				0.195747 0.980654 0.00069527 38.4261 -0.660319 0.132329 -0.739235 -1.23587 -0.725026 0.144244 0.673448 -163.484 0 0 0 1 
				8
				0.159594 0.986182 0.0444365 35.406 -0.243167 0.0828985 -0.966436 13.7467 -0.956765 0.143432 0.253037 -170.886 0 0 0 1 
				9
				0.076875 0.996434 0.0347693 30.9055 0.191759 0.0194452 -0.981249 27.9322 -0.978427 0.0821009 -0.189581 -172.064 0 0 0 1 
				10
				0.0538506 0.997928 -0.0352063 28.4557 0.446931 -0.0556162 -0.892838 33.1543 -0.892946 0.032345 -0.449 -170.041 0 0 0 1 
				11
				0.023179 0.994459 -0.102536 26.1604 0.500532 -0.100327 -0.859885 26.6648 -0.865408 -0.0313913 -0.500084 -170.036 0 0 0 1 
				12
				-0.10435 0.980312 -0.167627 21.1684 0.108663 -0.1563 -0.981714 -9.00117 -0.988587 -0.120657 -0.0902141 -172.413 0 0 0 1 
				13
				-0.25316 0.964467 -0.0755925 15.9446 -0.665576 -0.230345 -0.709894 -67.72 -0.702082 -0.129404 0.70024 -150.046 0 0 0 1 
				14
				-0.185016 0.979291 0.0822069 18.3103 -0.975014 -0.193385 0.10932 -102.378 0.122953 -0.059927 0.990601 -101.877 0 0 0 1 
				15
				-0.0605585 0.994298 0.0877712 23.4822 -0.764066 -0.102758 0.636902 -103.792 0.642289 -0.0284931 0.765932 -73.4245 0 0 0 1 
				16
				-0.0296054 0.998966 0.0345011 26.5418 -0.590065 -0.0453267 0.806082 -96.913 0.806813 0.00350648 0.590797 -70.4386 0 0 0 1 
				17
				-0.016822 0.998563 -0.0508859 29.4506 -0.47244 0.0369153 0.88059 -87.9051 0.881202 0.0388538 0.47114 -75.3507 0 0 0 1 
				18
				-0.014958 0.988432 -0.150924 32.2282 -0.420344 0.130739 0.897897 -76.491 0.907242 0.0768709 0.413526 -84.8419 0 0 0 1 
				19
				-0.0134444 0.967259 -0.253436 34.9618 -0.41988 0.224569 0.879358 -62.063 0.90748 0.118235 0.403113 -95.8249 0 0 0 1 
				20
				-0.00647358 0.936266 -0.351233 37.5924 -0.447834 0.311334 0.838162 -44.7522 0.894093 0.16272 0.417276 -105.636 0 0 0 1 
				21
				0.0058825 0.896947 -0.442099 39.9086 -0.478146 0.390814 0.786537 -25.7255 0.87826 0.206761 0.431171 -112.432 0 0 0 1 
				22
				0.0215048 0.849054 -0.527869 41.6572 -0.483433 0.470991 0.737875 -6.96265 0.875117 0.239322 0.42059 -115.678 0 0 0 1 
		</Joint>
			10
				-1
				0.0196505 -0.546519 -0.837216 42.4034 -0.482371 0.72829 -0.486736 -18.8594 0.875747 0.413413 -0.249313 -87.6014 0 0 0 1 
				0
				0.0816632 -0.482041 -0.872335 45.6239 -0.623701 0.657976 -0.421977 -26.8808 0.777385 0.578536 -0.246917 -93.0336 0 0 0 1 
				1
				0.127974 -0.415499 -0.900546 47.7784 -0.742502 0.561834 -0.364737 -33.236 0.657505 0.715335 -0.236609 -100.041 0 0 0 1 
				2
				0.162367 -0.348261 -0.923229 49.0849 -0.841228 0.440168 -0.313986 -38.2579 0.515725 0.827627 -0.221498 -108.578 0 0 0 1 
				3
				0.187253 -0.280346 -0.941458 49.6822 -0.91864 0.289463 -0.26891 -42.0593 0.347905 0.915215 -0.203334 -118.882 0 0 0 1 
				4
				0.203071 -0.211682 -0.956009 49.5879 -0.967797 0.104945 -0.228812 -44.3873 0.148764 0.971688 -0.183554 -131.306 0 0 0 1 
				5
				0.207489 -0.143794 -0.967611 48.6492 -0.974771 -0.113591 -0.192144 -44.6031 -0.0822832 0.983067 -0.163735 -145.94 0 0 0 1 
				6
				0.206036 -0.0726676 -0.975842 47.1311 -0.903763 -0.39648 -0.161293 -39.7665 -0.375181 0.915163 -0.147363 -164.631 0 0 0 1 
				7
				0.195747 0.00147615 -0.980653 44.7541 -0.660319 -0.739129 -0.132918 -22.5826 -0.725026 0.673563 -0.143707 -186.922 0 0 0 1 
				8
				0.159594 0.0452218 -0.986146 40.5653 -0.243167 -0.966369 -0.0836681 5.88561 -0.956765 0.253151 -0.14323 -201.816 0 0 0 1 
				9
				0.076875 0.0355627 -0.996406 33.3908 0.191759 -0.981234 -0.0202266 34.1313 -0.978427 -0.189515 -0.0822518 -203.695 0 0 0 1 
				10
				0.0538506 -0.0344116 -0.997956 30.1965 0.446931 -0.892882 0.0549052 47.6026 -0.892946 -0.448974 -0.0327026 -198.908 0 0 0 1 
				11
				0.023179 -0.101744 -0.994541 26.9098 0.500532 -0.859965 0.0996422 42.8459 -0.865408 -0.500109 0.0309931 -198.013 0 0 0 1 
				12
				-0.10435 -0.166846 -0.980445 17.795 0.108663 -0.981838 0.155518 -5.48832 -0.988587 -0.0903102 0.120585 -204.372 0 0 0 1 
				13
				-0.25316 -0.0748245 -0.964526 7.76045 -0.665576 -0.710077 0.229779 -89.2367 -0.702082 0.700137 0.129962 -172.743 0 0 0 1 
				14
				-0.185016 0.0829867 -0.979225 12.3292 -0.975014 0.109166 0.193472 -133.898 0.122953 0.990553 0.0607158 -97.9022 0 0 0 1 
				15
				-0.0605585 0.0885629 -0.994228 21.5244 -0.764066 0.63682 0.103265 -128.493 0.642289 0.765909 0.029103 -52.6606 0 0 0 1 
				16
				-0.0296054 0.0352965 -0.998938 25.5848 -0.590065 0.806046 0.0459685 -115.989 0.806813 0.5908 -0.00303603 -44.3561 0 0 0 1 
				17
				-0.016822 -0.0500908 -0.998603 28.9068 -0.47244 0.880619 -0.0362141 -103.178 0.881202 0.471171 -0.0384787 -46.8633 0 0 0 1 
				18
				-0.014958 -0.150137 -0.988552 31.7446 -0.420344 0.898 -0.130024 -90.0799 0.907242 0.413587 -0.0765416 -55.5127 0 0 0 1 
				19
				-0.0134444 -0.252666 -0.967461 34.5272 -0.41988 0.879536 -0.223868 -75.6368 0.90748 0.403207 -0.117914 -66.488 0 0 0 1 
				20
				-0.00647357 -0.350487 -0.936545 37.3832 -0.447834 0.83841 -0.310666 -59.2297 0.894093 0.417406 -0.162388 -76.7319 0 0 0 1 
				21
				0.00588249 -0.441384 -0.897299 40.0988 -0.478146 0.786848 -0.390188 -41.1829 0.87826 0.431336 -0.206418 -84.0398 0 0 0 1 
				22
				0.0215047 -0.527192 -0.849474 42.3524 -0.483433 0.738249 -0.470404 -22.591 0.875117 0.42078 -0.238987 -87.3877 0 0 0 1 
		</Joint>
			11
				-1
				-0.939693 -1.26141e-06 -0.342019 -7.6771 -7.67859e-07 1 -1.57845e-06 -0.118942 0.342019 -1.22063e-06 -0.939693 -149.621 0 0 0 1 
				0
				-0.939693 -1.31327e-06 -0.342019 -7.6771 -0.0129694 0.999281 0.0356295 2.6465 0.341773 0.0379166 -0.939017 -149.679 0 0 0 1 
				1
				-0.939693 -1.3665e-06 -0.342019 -7.6771 -0.0271067 0.996855 0.0744713 5.6722 0.340943 0.0792512 -0.936737 -149.656 0 0 0 1 
				2
				-0.939693 -1.41904e-06 -0.342019 -7.67711 -0.0413346 0.992671 0.113562 8.72125 0.339512 0.120851 -0.932806 -149.536 0 0 0 1 
				3
				-0.939693 -1.46718e-06 -0.342019 -7.67711 -0.0545877 0.987182 0.149975 11.5586 0.337635 0.1596 -0.927648 -149.331 0 0 0 1 
				4
				-0.939693 -1.50648e-06 -0.342019 -7.67711 -0.0658603 0.981285 0.180946 13.9608 0.335618 0.192559 -0.922107 -149.078 0 0 0 1 
				5
				-0.939693 -1.5308e-06 -0.342019 -7.67712 -0.0738648 0.976402 0.202938 15.6391 0.333948 0.215963 -0.917518 -148.839 0 0 0 1 
				6
				-0.939693 -1.55565e-06 -0.342019 -7.67712 -0.0816708 0.971072 0.224385 17.2737 0.332125 0.238786 -0.91251 -148.571 0 0 0 1 
				7
				-0.939693 -1.59728e-06 -0.342019 -7.67712 -0.0953021 0.960395 0.261837 20.2107 0.328473 0.278641 -0.902477 -148.077 0 0 0 1 
				8
				-0.939693 -1.63524e-06 -0.342019 -7.67713 -0.108431 0.948416 0.297909 23.0448 0.324376 0.317028 -0.89122 -147.504 0 0 0 1 
				9
				-0.939693 -1.64704e-06 -0.34202 -7.67713 -0.112665 0.944188 0.309542 23.8871 0.32293 0.329408 -0.887247 -147.25 0 0 0 1 
				10
				-0.939693 -1.84086e-06 -0.342019 -7.67713 -0.0994886 0.956759 0.273338 20.8212 0.32723 0.290881 -0.89906 -147.709 0 0 0 1 
				11
				-0.939693 -1.48457e-06 -0.342019 -7.67711 -0.059392 0.984808 0.163174 11.779 0.336823 0.173647 -0.925417 -148.692 0 0 0 1 
				12
				-0.939693 -1.01793e-06 -0.342019 -7.67709 0.0548948 0.987035 -0.150826 -13.6444 0.337585 -0.160505 -0.92751 -147.262 0 0 0 1 
				13
				-0.939693 -3.21099e-07 -0.342018 -7.67705 0.217057 0.77281 -0.596364 -50.8515 0.264316 -0.634637 -0.726204 -132.762 0 0 0 1 
				14
				-0.939693 7.98947e-07 -0.342019 -7.67707 0.315648 0.385046 -0.86724 -77.3757 0.131692 -0.922897 -0.361825 -108.354 0 0 0 1 
				15
				-0.939693 1.15828e-06 -0.342019 -7.67708 0.336823 0.173647 -0.925417 -85.685 0.0593894 -0.984808 -0.163175 -95.0837 0 0 0 1 
				16
				-0.939693 1.10075e-06 -0.342019 -7.67707 0.334296 0.211305 -0.918475 -84.2752 0.0722692 -0.97742 -0.198562 -97.5543 0 0 0 1 
				17
				-0.939693 8.90334e-07 -0.342019 -7.67707 0.322002 0.337087 -0.884696 -79.1831 0.115289 -0.941474 -0.316758 -105.588 0 0 0 1 
				18
				-0.939693 5.43406e-07 -0.342019 -7.67706 0.292889 0.516389 -0.80471 -69.8945 0.176614 -0.856354 -0.485247 -116.962 0 0 0 1 
				19
				-0.939693 9.4364e-08 -0.342018 -7.67706 0.242013 0.70661 -0.66493 -56.2336 0.241674 -0.707603 -0.663997 -129.06 0 0 0 1 
				20
				-0.939693 -3.90802e-07 -0.342019 -7.67707 0.171316 0.865507 -0.470689 -39.0733 0.29602 -0.500897 -0.813311 -139.385 0 0 0 1 
				21
				-0.939693 -8.49169e-07 -0.342019 -7.67708 0.0904449 0.9644 -0.248499 -20.4653 0.329843 -0.264446 -0.90624 -146.258 0 0 0 1 
				22
				-0.939693 -1.20093e-06 -0.342019 -7.6771 0.0144766 0.999104 -0.0397777 -3.36477 0.341712 -0.0423301 -0.938851 -149.355 0 0 0 1 
		</Joint>
			12
				-1
				-0.513063 -0.66133 -0.547183 -25.3577 -0.0983758 0.678586 -0.727904 -0.118957 0.852695 -0.319631 -0.413216 -143.186 0 0 0 1 
				0
				-0.551074 -0.680651 -0.482733 -25.3577 -0.28515 0.697279 -0.657641 2.40247 0.784223 -0.224758 -0.578341 -143.248 0 0 0 1 
				1
				-0.571627 -0.707113 -0.416213 -25.3577 -0.450053 0.694349 -0.561544 5.16218 0.686072 -0.133676 -0.715147 -143.241 0 0 0 1 
				2
				-0.577712 -0.737871 -0.348992 -25.3577 -0.594232 0.67332 -0.439919 7.94353 0.559587 -0.0467636 -0.827451 -143.148 0 0 0 1 
				3
				-0.571234 -0.771155 -0.281092 -25.3577 -0.715757 0.635631 -0.289249 10.5316 0.401727 0.0359647 -0.915053 -142.978 0 0 0 1 
				4
				-0.552297 -0.806125 -0.21244 -25.3577 -0.807328 0.580729 -0.104764 12.7216 0.207823 0.113648 -0.971542 -142.763 0 0 0 1 
				5
				-0.51848 -0.842781 -0.144562 -25.3577 -0.854789 0.506357 0.113744 14.2493 -0.0226612 0.182544 -0.982937 -142.555 0 0 0 1 
				6
				-0.472485 -0.878273 -0.0734431 -25.3577 -0.821856 0.408969 0.396608 15.737 -0.318294 0.247751 -0.915046 -142.322 0 0 0 1 
				7
				-0.408571 -0.912726 0.000695136 -25.3577 -0.614464 0.27562 0.739235 18.4175 -0.674911 0.301602 -0.673448 -141.897 0 0 0 1 
				8
				-0.314148 -0.948333 0.0444348 -25.3577 -0.226921 0.120454 0.966436 21.0046 -0.921856 0.293521 -0.253037 -141.401 0 0 0 1 
				9
				-0.173443 -0.98423 0.034766 -25.3577 0.192741 0.000695444 0.981249 21.7673 -0.965799 0.176892 0.189581 -141.174 0 0 0 1 
				10
				-0.0968495 -0.994676 -0.0352103 -25.3577 0.444116 -0.0748479 0.892838 18.9493 -0.89072 0.0708335 0.449 -141.552 0 0 0 1 
				11
				-0.0250894 -0.994412 -0.10254 -25.3577 0.500338 -0.101291 0.859885 10.6615 -0.865466 -0.0297305 0.500084 -142.354 0 0 0 1 
				12
				0.130989 -0.977109 -0.167629 -25.3577 0.112877 -0.153287 0.981714 -12.6116 -0.984937 -0.147515 0.0902139 -140.911 0 0 0 1 
				13
				0.294314 -0.952714 -0.0755929 -25.3577 -0.655079 -0.258694 0.709894 -46.7675 -0.695882 -0.159412 -0.70024 -127.788 0 0 0 1 
				14
				0.220346 -0.971951 0.08221 -25.3577 -0.967374 -0.228554 -0.10932 -71.4367 0.125043 -0.0554397 -0.990601 -105.877 0 0 0 1 
				15
				0.0586472 -0.994413 0.0877749 -25.3577 -0.764262 -0.101292 -0.636901 -79.3475 0.642234 -0.0297306 -0.765932 -93.9662 0 0 0 1 
				16
				-0.0370139 -0.998719 0.0345047 -25.3577 -0.591774 -0.00591738 -0.806082 -77.9853 0.805254 -0.0502552 -0.590797 -96.1945 0 0 0 1 
				17
