<?xml version='1.0' encoding='UTF-8' ?>
<itpanim>
	<skeleton count>
		25
			0 -1
			1.37091e-06 -1 -6.12323e-17 1.5e-05 1 1.37091e-06 -6.12323e-17 -2.05656e-11 6.12323e-17 -6.12323e-17 1 32.529 0 0 0 1 
			1 0
			1.3868e-06 -2.28084e-12 -1 -32.529 2.75771e-06 -1 6.10517e-12 1.50001e-05 -1 -2.75771e-06 -1.3868e-06 -4.51111e-05 0 0 0 1 
			2 1
			1.40269e-06 -0.000796318 -1 -37.7063 0 -1 0.000796318 0.0446412 -1 -1.11699e-09 -1.40269e-06 -1.23796e-07 0 0 0 1 
			3 2
			1.40269e-06 -0.000796318 -1 -56.0438 0 -1 0.000796318 0.069676 -1 -1.11699e-09 -1.40269e-06 -1.93233e-07 0 0 0 1 
			4 3
			1.40269e-06 -0.000796318 -1 -87.4836 0 -1 0.000796318 0.0723646 -1 -1.11699e-09 -1.40269e-06 -2.0069e-07 0 0 0 1 
			5 4
			1.34309e-06 9.80604e-13 -1 -90.8602 -1.40269e-06 -1 -2.8646e-12 1.10282e-05 -1 1.40269e-06 -1.34309e-06 -0.000122033 0 0 0 1 
			6 5
			1 -0 0 0 0 1 0 0 -0 -0 1 -0 0 0 0 1 
			7 4
			0.939693 1.30318e-06 0.34202 24.2639 -1.38586e-06 1 -2.63612e-09 -9.54182e-06 -0.34202 -4.71514e-07 0.939693 79.1139 0 0 0 1 
			8 7
			0.64989 0.118088 0.750799 50.2273 -0.0275106 0.990863 -0.132032 -10.0532 -0.759531 0.0651516 0.647201 61.8577 0 0 0 1 
			9 8
			0.642057 -0.0844318 0.761994 33.8486 0.104289 0.994297 0.0222974 -3.28582 -0.75953 0.0651516 0.647201 61.8577 0 0 0 1 
			10 9
			0.642057 -0.0844318 0.761994 15.9188 -0.759447 0.0659433 0.647218 61.8551 -0.104894 -0.994245 -0.0217821 3.33507 0 0 0 1 
			11 4
			-0.939693 -1.27328e-06 0.34202 24.2639 -1.35596e-06 1 -2.63613e-09 -9.54182e-06 -0.34202 -4.66242e-07 -0.939693 -79.1139 0 0 0 1 
			12 11
			-0.64989 0.118086 0.750799 50.2273 0.0275079 0.990864 -0.132032 -10.0532 -0.75953 -0.0651537 -0.647201 -61.8577 0 0 0 1 
			13 12
			-0.642057 -0.0844335 0.761994 33.8486 -0.104292 0.994297 0.0222974 -3.28582 -0.75953 -0.0651537 -0.647201 -61.8577 0 0 0 1 
			14 13
			-0.642057 -0.0844335 0.761993 15.9188 0.759447 0.0659454 0.647218 61.8551 -0.104897 0.994244 0.0217821 -3.33507 0 0 0 1 
			15 2
			0.0553766 -0.0626591 0.996498 31.8161 -0.0485968 -0.997015 -0.0599911 -1.4258 0.997282 -0.0451045 -0.0582563 -12.6816 0 0 0 1 
			16 15
			0.0622516 0.0929321 0.993725 12.0129 -0.0394075 -0.99465 0.0954874 0.44514 0.997282 -0.0451045 -0.0582563 -12.6816 0 0 0 1 
			17 16
			1.3716e-06 -6.00745e-14 1 4.28168 0 -1 -6.00745e-14 -0.456609 1 8.23984e-20 -1.3716e-06 -12.4454 0 0 0 1 
			18 17
			1.3716e-06 -1 -6.12323e-17 -7.24071 0 6.12323e-17 -1 0.317726 1 1.3716e-06 8.39865e-23 -12.4454 0 0 0 1 
			19 18
			1 -0 0 0 0 1 0 0 -0 -0 1 -0 0 0 0 1 
			20 2
			-0.0553766 -0.0626593 0.996498 31.8161 0.0485995 -0.997015 -0.0599911 -1.4258 0.997282 0.0451072 0.0582565 12.6816 0 0 0 1 
			21 20
			-0.062252 0.0929319 0.993724 12.0129 0.0394102 -0.99465 0.0954874 0.44514 0.997282 0.0451072 0.0582565 12.6816 0 0 0 1 
			22 21
			1.3716e-06 -6.00745e-14 1 4.28169 0 -1 -6.00745e-14 -0.456609 1 8.23984e-20 -1.3716e-06 12.4454 0 0 0 1 
			23 22
			1.3716e-06 -1 -6.12323e-17 -7.24071 0 6.12323e-17 -1 0.317726 1 1.3716e-06 8.39865e-23 12.4454 0 0 0 1 
			24 23
			1 -0 0 0 0 1 0 0 -0 -0 1 -0 0 0 0 1 
	</skeleton>
		<animations>
			25
			0
				-1
				1.33158e-06 1 0 -5.19361e-09 -1 1.33158e-06 0 -0.118801 -0 -0 1 -32.8708 0 0 0 1 
				0
				1.33158e-06 1 0 -3.77755e-09 -1 1.33158e-06 0 0.0587295 -0 -0 1 -32.9252 0 0 0 1 
				1
				1.33158e-06 1 0 -2.35782e-09 -1 1.33158e-06 0 0.257955 -0 -0 1 -32.9883 0 0 0 1 
				2
				1.33158e-06 1 0 -9.37674e-10 -1 1.33158e-06 0 0.459698 -0 -0 1 -33.0523 0 0 0 1 
				3
				1.33158e-06 1 0 4.79665e-10 -1 1.33158e-06 0 0.644779 -0 -0 1 -33.1098 0 0 0 1 
				4
				1.33158e-06 1 0 1.89106e-09 -1 1.33158e-06 0 0.794625 -0 -0 1 -33.1532 0 0 0 1 
				5
				1.33158e-06 1 0 3.28993e-09 -1 1.33158e-06 0 0.884912 -0 -0 1 -33.173 0 0 0 1 
				6
				1.33158e-06 1 0 4.7181e-09 -1 1.33158e-06 0 0.970989 -0 -0 1 -33.1908 0 0 0 1 
				7
				1.33158e-06 1 0 6.24386e-09 -1 1.33158e-06 0 1.16477 -0 -0 1 -33.2504 0 0 0 1 
				8
				1.33158e-06 1 0 7.79022e-09 -1 1.33158e-06 0 1.3511 -0 -0 1 -33.3069 0 0 0 1 
				9
				1.33158e-06 1 0 9.25297e-09 -1 1.33158e-06 0 1.37071 -0 -0 1 -33.2977 0 0 0 1 
				10
				1.5979e-06 1 0 1.05262e-08 -1 1.5979e-06 0 1.06195 -0 -0 1 -33.1596 0 0 0 1 
				11
				1.33158e-06 1 0 1.15042e-08 -1 1.33158e-06 0 0.2632 -0 -0 1 -32.8292 0 0 0 1 
				12
				1.33158e-06 1 0 1.22301e-08 -1 1.33158e-06 0 -1.87487 -0 -0 1 -31.967 0 0 0 1 
				13
				1.5979e-06 1 0 1.26482e-08 -1 1.5979e-06 0 -5.196 -0 -0 1 -30.6358 0 0 0 1 
				14
				1.33158e-06 1 0 1.24943e-08 -1 1.33158e-06 0 -8.25209 -0 -0 1 -29.4172 0 0 0 1 
				15
				1.33158e-06 1 0 1.15042e-08 -1 1.33158e-06 0 -9.59506 -0 -0 1 -28.8924 0 0 0 1 
				16
				1.33158e-06 1 0 9.79997e-09 -1 1.33158e-06 0 -9.28139 -0 -0 1 -29.0374 0 0 0 1 
				17
				1.33158e-06 1 0 7.72995e-09 -1 1.33158e-06 0 -8.37136 -0 -0 1 -29.4249 0 0 0 1 
				18
				1.33158e-06 1 0 5.39151e-09 -1 1.33158e-06 0 -7.02375 -0 -0 1 -29.9903 0 0 0 1 
				19
				1.33158e-06 1 0 2.88205e-09 -1 1.33158e-06 0 -5.39734 -0 -0 1 -30.6689 0 0 0 1 
				20
				1.33158e-06 1 0 2.95904e-10 -1 1.33158e-06 0 -3.6459 -0 -0 1 -31.3984 0 0 0 1 
				21
				1.33158e-06 1 0 -2.2726e-09 -1 1.33158e-06 0 -1.92322 -0 -0 1 -32.1162 0 0 0 1 
				22
				1.33158e-06 1 0 -4.85078e-09 -1 1.33158e-06 0 -0.323417 -0 -0 1 -32.7851 0 0 0 1 
				23
				1.33158e-06 1 0 -5.19361e-09 -1 1.33158e-06 0 -0.118801 -0 -0 1 -32.8708 0 0 0 1 
		</Joint>
			1
				-1
				1.33158e-06 2.66316e-06 -1 -5.19361e-09 0 -1 -2.66316e-06 -0.118801 -1 3.54621e-12 -1.33158e-06 -32.8708 0 0 0 1 
				0
				1.33158e-06 2.66316e-06 -1 -3.77755e-09 0 -1 -2.66316e-06 0.0587295 -1 3.54621e-12 -1.33158e-06 -32.9252 0 0 0 1 
				1
				1.33158e-06 2.66316e-06 -1 -2.35782e-09 0 -1 -2.66316e-06 0.257955 -1 3.54621e-12 -1.33158e-06 -32.9883 0 0 0 1 
				2
				1.33158e-06 2.66316e-06 -1 -9.37674e-10 0 -1 -2.66316e-06 0.459698 -1 3.54621e-12 -1.33158e-06 -33.0523 0 0 0 1 
				3
				1.33158e-06 2.66316e-06 -1 4.79665e-10 0 -1 -2.66316e-06 0.644779 -1 3.54621e-12 -1.33158e-06 -33.1098 0 0 0 1 
				4
				1.33158e-06 2.66316e-06 -1 1.89106e-09 0 -1 -2.66316e-06 0.794625 -1 3.54621e-12 -1.33158e-06 -33.1532 0 0 0 1 
				5
				1.33158e-06 2.66316e-06 -1 3.28993e-09 0 -1 -2.66316e-06 0.884912 -1 3.54621e-12 -1.33158e-06 -33.173 0 0 0 1 
				6
				1.33158e-06 2.66316e-06 -1 4.7181e-09 0 -1 -2.66316e-06 0.970989 -1 3.54621e-12 -1.33158e-06 -33.1908 0 0 0 1 
				7
				1.33158e-06 2.66316e-06 -1 6.24386e-09 0 -1 -2.66316e-06 1.16477 -1 3.54621e-12 -1.33158e-06 -33.2504 0 0 0 1 
				8
				1.33158e-06 2.66316e-06 -1 7.79022e-09 0 -1 -2.66316e-06 1.3511 -1 3.54621e-12 -1.33158e-06 -33.3069 0 0 0 1 
				9
				1.33158e-06 2.66316e-06 -1 9.25297e-09 0 -1 -2.66316e-06 1.37071 -1 3.54621e-12 -1.33158e-06 -33.2977 0 0 0 1 
				10
				1.33158e-06 2.92948e-06 -1 1.05262e-08 0 -1 -2.92948e-06 1.06195 -1 3.90083e-12 -1.33158e-06 -33.1596 0 0 0 1 
				11
				1.33158e-06 2.66316e-06 -1 1.15042e-08 0 -1 -2.66316e-06 0.2632 -1 3.54621e-12 -1.33158e-06 -32.8292 0 0 0 1 
				12
				1.33158e-06 2.66316e-06 -1 1.22301e-08 0 -1 -2.66316e-06 -1.87487 -1 3.54621e-12 -1.33158e-06 -31.967 0 0 0 1 
				13
				1.33158e-06 2.92948e-06 -1 1.26482e-08 0 -1 -2.92948e-06 -5.196 -1 3.90083e-12 -1.33158e-06 -30.6358 0 0 0 1 
				14
				1.33158e-06 2.66316e-06 -1 1.24943e-08 0 -1 -2.66316e-06 -8.25209 -1 3.54621e-12 -1.33158e-06 -29.4172 0 0 0 1 
				15
				1.33158e-06 2.66316e-06 -1 1.15042e-08 0 -1 -2.66316e-06 -9.59506 -1 3.54621e-12 -1.33158e-06 -28.8924 0 0 0 1 
				16
				1.33158e-06 2.66316e-06 -1 9.79997e-09 0 -1 -2.66316e-06 -9.28139 -1 3.54621e-12 -1.33158e-06 -29.0374 0 0 0 1 
				17
				1.33158e-06 2.66316e-06 -1 7.72995e-09 0 -1 -2.66316e-06 -8.37136 -1 3.54621e-12 -1.33158e-06 -29.4249 0 0 0 1 
				18
				1.33158e-06 2.66316e-06 -1 5.39151e-09 0 -1 -2.66316e-06 -7.02375 -1 3.54621e-12 -1.33158e-06 -29.9903 0 0 0 1 
				19
				1.33158e-06 2.66316e-06 -1 2.88205e-09 0 -1 -2.66316e-06 -5.39734 -1 3.54621e-12 -1.33158e-06 -30.6689 0 0 0 1 
				20
				1.33158e-06 2.66316e-06 -1 2.95904e-10 0 -1 -2.66316e-06 -3.6459 -1 3.54621e-12 -1.33158e-06 -31.3984 0 0 0 1 
				21
				1.33158e-06 2.66316e-06 -1 -2.2726e-09 0 -1 -2.66316e-06 -1.92322 -1 3.54621e-12 -1.33158e-06 -32.1162 0 0 0 1 
				22
				1.33158e-06 2.66316e-06 -1 -4.85078e-09 0 -1 -2.66316e-06 -0.323417 -1 3.54621e-12 -1.33158e-06 -32.7851 0 0 0 1 
				23
				1.33158e-06 2.66316e-06 -1 -5.19361e-09 0 -1 -2.66316e-06 -0.118801 -1 3.54621e-12 -1.33158e-06 -32.8708 0 0 0 1 
		</Joint>
			2
				-1
				1.38782e-06 -1.49834e-06 -1 7.15614e-06 -0.000797649 -1 1.49724e-06 -0.104208 -1 0.000797649 -1.38901e-06 -38.0481 0 0 0 1 
				0
				1.36338e-06 -1.47225e-06 -1 7.15719e-06 0.0181648 -0.999835 1.49678e-06 0.07332 -0.999835 -0.0181648 -1.33642e-06 -38.1023 0 0 0 1 
				1
				1.33615e-06 -1.44431e-06 -1 7.15819e-06 0.0388604 -0.999245 1.49514e-06 0.272537 -0.999245 -0.0388604 -1.27902e-06 -38.1651 0 0 0 1 
				2
				1.30807e-06 -1.41667e-06 -1 7.15921e-06 0.0597408 -0.998214 1.49228e-06 0.474264 -0.998214 -0.0597408 -1.2211e-06 -38.2288 0 0 0 1 
				3
				1.28127e-06 -1.39133e-06 -1 7.16025e-06 0.0792625 -0.996854 1.48851e-06 0.659326 -0.996854 -0.0792625 -1.16696e-06 -38.286 0 0 0 1 
				4
				1.25795e-06 -1.37008e-06 -1 7.16136e-06 0.0959399 -0.995387 1.48444e-06 0.809151 -0.995387 -0.0959399 -1.1207e-06 -38.3292 0 0 0 1 
				5
				1.24109e-06 -1.35514e-06 -1 7.16254e-06 0.107832 -0.994169 1.48107e-06 0.899419 -0.994169 -0.107832 -1.08773e-06 -38.3488 0 0 0 1 
				6
				1.22438e-06 -1.3407e-06 -1 7.16375e-06 0.119475 -0.992837 1.47738e-06 0.985477 -0.992837 -0.119475 -1.05543e-06 -38.3664 0 0 0 1 
				7
				1.19455e-06 -1.31574e-06 -1 7.16492e-06 0.139932 -0.990161 1.46995e-06 1.17922 -0.990161 -0.139932 -9.98686e-07 -38.4257 0 0 0 1 
				8
				1.16501e-06 -1.29202e-06 -1 7.16612e-06 0.159812 -0.987147 1.4616e-06 1.3655 -0.987147 -0.159812 -9.43552e-07 -38.4819 0 0 0 1 
				9
				1.15532e-06 -1.28445e-06 -1 7.16747e-06 0.166265 -0.986081 1.45867e-06 1.38509 -0.986081 -0.166265 -9.25679e-07 -38.4726 0 0 0 1 
				10
				1.14638e-06 -1.04478e-06 -1 7.16524e-06 0.14625 -0.989247 1.2012e-06 1.07639 -0.989248 -0.14625 -9.81255e-07 -38.3348 0 0 0 1 
				11
				1.27139e-06 -1.38224e-06 -1 7.17115e-06 0.0863611 -0.996264 1.48687e-06 0.277738 -0.996264 -0.0863611 -1.14727e-06 -38.0053 0 0 0 1 
				12
				1.48475e-06 -1.6128e-06 -1 7.17528e-06 -0.0813083 -0.996689 1.48674e-06 -1.86034 -0.996689 0.0813083 -1.61097e-06 -37.1455 0 0 0 1 
				13
				1.82555e-06 -1.78798e-06 -1 7.17826e-06 -0.337788 -0.941222 1.06624e-06 -5.18228 -0.941222 0.337788 -2.32221e-06 -35.8181 0 0 0 1 
				14
				1.86185e-06 -2.48028e-06 -1 7.18819e-06 -0.555169 -0.831737 1.0293e-06 -8.23996 -0.831737 0.555169 -2.92555e-06 -34.6026 0 0 0 1 
				15
				1.88285e-06 -2.68877e-06 -1 7.19023e-06 -0.643399 -0.765531 8.46916e-07 -9.58389 -0.765531 0.643399 -3.17133e-06 -34.0791 0 0 0 1 
				16
				1.88087e-06 -2.6526e-06 -1 7.18799e-06 -0.628591 -0.777736 8.80725e-07 -9.27004 -0.777736 0.628591 -3.13023e-06 -34.224 0 0 0 1 
				17
				1.86896e-06 -2.52987e-06 -1 7.18413e-06 -0.576374 -0.817186 9.90158e-07 -8.35944 -0.817186 0.576374 -2.98544e-06 -34.6107 0 0 0 1 
				18
				1.83558e-06 -2.34568e-06 -1 7.1791e-06 -0.492431 -0.870351 1.13767e-06 -7.01105 -0.870351 0.492431 -2.75269e-06 -35.1748 0 0 0 1 
				19
				1.77042e-06 -2.12713e-06 -1 7.1734e-06 -0.383744 -0.92344 1.28489e-06 -5.38386 -0.92344 0.383744 -2.45115e-06 -35.8519 0 0 0 1 
				20
				1.67098e-06 -1.90183e-06 -1 7.16753e-06 -0.260089 -0.965585 1.40177e-06 -3.63181 -0.965585 0.260089 -2.10812e-06 -36.5796 0 0 0 1 
				21
				1.54547e-06 -1.69483e-06 -1 7.16194e-06 -0.134206 -0.990953 1.47209e-06 -1.90876 -0.990953 0.134206 -1.75894e-06 -37.2956 0 0 0 1 
				22
				1.40651e-06 -1.51905e-06 -1 7.1568e-06 -0.0159316 -0.999873 1.49644e-06 -0.308831 -0.999873 0.0159316 -1.43053e-06 -37.9627 0 0 0 1 
				23
				1.38782e-06 -1.49834e-06 -1 7.15614e-06 -0.000797649 -1 1.49724e-06 -0.104208 -1 0.000797649 -1.38901e-06 -38.0481 0 0 0 1 
		</Joint>
			3
				-1
				1.38782e-06 -1.49834e-06 -1 3.25733e-05 -0.000797649 -1 1.49724e-06 -0.0938005 -1 0.000797649 -1.38901e-06 -56.3856 0 0 0 1 
				0
				1.33846e-06 -1.44664e-06 -1 3.21249e-05 0.0371207 -0.999311 1.49533e-06 0.431433 -0.999311 -0.0371207 -1.28384e-06 -56.4358 0 0 0 1 
				1
				1.28238e-06 -1.39237e-06 -1 3.16252e-05 0.0784572 -0.996917 1.48869e-06 1.01009 -0.996917 -0.0784572 -1.16919e-06 -56.4867 0 0 0 1 
				2
				1.22353e-06 -1.33997e-06 -1 3.111e-05 0.12006 -0.992766 1.47718e-06 1.59461 -0.992766 -0.12006 -1.0538e-06 -56.5305 0 0 0 1 
				3
				1.1665e-06 -1.29319e-06 -1 3.06184e-05 0.158814 -0.987308 1.46204e-06 2.13752 -0.987308 -0.158814 -9.46314e-07 -56.5617 0 0 0 1 
				4
				1.11628e-06 -1.25497e-06 -1 3.0191e-05 0.191777 -0.981438 1.44575e-06 2.59301 -0.981438 -0.191777 -8.54889e-07 -56.5772 0 0 0 1 
				5
				1.07966e-06 -1.22871e-06 -1 2.98823e-05 0.215185 -0.976573 1.43225e-06 2.90123 -0.976573 -0.215185 -7.89972e-07 -56.5739 0 0 0 1 
				6
				1.04316e-06 -1.20383e-06 -1 2.95765e-05 0.238012 -0.971262 1.41752e-06 3.20065 -0.971262 -0.238012 -7.26659e-07 -56.5665 0 0 0 1 
				7
				9.77513e-07 -1.16215e-06 -1 2.90296e-05 0.277876 -0.960617 1.388e-06 3.76926 -0.960617 -0.277876 -6.16083e-07 -56.5758 0 0 0 1 
				8
				9.11941e-07 -1.12414e-06 -1 2.84881e-05 0.316273 -0.948668 1.35486e-06 4.3198 -0.948668 -0.316273 -5.09594e-07 -56.5757 0 0 0 1 
				9
				8.90311e-07 -1.11231e-06 -1 2.83115e-05 0.328656 -0.94445 1.34313e-06 4.45762 -0.94445 -0.328656 -4.75285e-07 -56.5466 0 0 0 1 
				10
				8.79694e-07 -8.94808e-07 -1 2.81399e-05 0.290119 -0.95699 1.11154e-06 3.7822 -0.956991 -0.290119 -5.82258e-07 -56.4678 0 0 0 1 
				11
				1.14529e-06 -1.27673e-06 -1 3.04477e-05 0.172863 -0.984946 1.45548e-06 1.88604 -0.984946 -0.172863 -9.07348e-07 -56.2699 0 0 0 1 
				12
				1.57321e-06 -1.73877e-06 -1 3.43758e-05 -0.161291 -0.986907 1.46226e-06 -3.32664 -0.986907 0.161291 -1.83306e-06 -55.4263 0 0 0 1 
				13
				2.04971e-06 -2.46382e-06 -1 4.06464e-05 -0.635252 -0.772305 6.00741e-07 -11.3571 -0.772305 0.635252 -3.14815e-06 -53.0936 0 0 0 1 
				14
				1.71062e-06 -3.56374e-06 -1 4.13495e-05 -0.923204 -0.384311 -2.09663e-07 -18.4107 -0.384311 0.923204 -3.94747e-06 -49.8777 0 0 0 1 
				15
				1.49687e-06 -3.91889e-06 -1 4.17456e-05 -0.984946 -0.172862 -7.96911e-07 -21.3778 -0.172862 0.984946 -4.11865e-06 -48.1417 0 0 0 1 
				16
				1.53969e-06 -3.86062e-06 -1 4.17056e-05 -0.977588 -0.210526 -6.92424e-07 -20.7915 -0.210526 0.977588 -4.09825e-06 -48.5102 0 0 0 1 
				17
				1.66843e-06 -3.65031e-06 -1 4.1478e-05 -0.941742 -0.336337 -3.43491e-07 -18.9202 -0.336337 0.941742 -3.9988e-06 -49.6194 0 0 0 1 
				18
				1.80875e-06 -3.3035e-06 -1 4.08522e-05 -0.856765 -0.515707 1.53961e-07 -16.0281 -0.515707 0.856765 -3.7631e-06 -51.1563 0 0 0 1 
				19
				1.88302e-06 -2.85451e-06 -1 3.96405e-05 -0.708166 -0.706046 6.81928e-07 -12.4031 -0.706046 0.708166 -3.35097e-06 -52.8032 0 0 0 1 
				20
				1.83992e-06 -2.36505e-06 -1 3.77988e-05 -0.501586 -0.865108 1.12315e-06 -8.37952 -0.865108 0.501586 -2.77801e-06 -54.2985 0 0 0 1 
				21
				1.67559e-06 -1.91081e-06 -1 3.54803e-05 -0.265214 -0.964189 1.398e-06 -4.34561 -0.964189 0.265214 -2.12236e-06 -55.4738 0 0 0 1 
				22
				1.42534e-06 -1.54137e-06 -1 3.29177e-05 -0.031062 -0.999517 1.49636e-06 -0.575962 -0.999517 0.031062 -1.47253e-06 -56.2986 0 0 0 1 
				23
				1.38782e-06 -1.49834e-06 -1 3.25733e-05 -0.000797649 -1 1.49724e-06 -0.0938005 -1 0.000797649 -1.38901e-06 -56.3856 0 0 0 1 
		</Joint>
			4
				-1
				1.38782e-06 -1.49834e-06 -1 7.62026e-05 -0.000797649 -1 1.49724e-06 -0.11619 -1 0.000797649 -1.38901e-06 -87.8255 0 0 0 1 
				0
				1.33846e-06 -1.44664e-06 -1 7.42024e-05 0.0371207 -0.999311 1.49533e-06 1.60119 -0.999311 -0.0371207 -1.28384e-06 -87.8539 0 0 0 1 
				1
				1.28238e-06 -1.39237e-06 -1 7.19394e-05 0.0784572 -0.996917 1.48869e-06 3.47946 -0.996917 -0.0784572 -1.16919e-06 -87.8294 0 0 0 1 
				2
				1.22353e-06 -1.33997e-06 -1 6.95736e-05 0.12006 -0.992766 1.47718e-06 5.37195 -0.992766 -0.12006 -1.0538e-06 -87.7426 0 0 0 1 
				3
				1.1665e-06 -1.29319e-06 -1 6.72889e-05 0.158814 -0.987308 1.46204e-06 7.13325 -0.987308 -0.158814 -9.46314e-07 -87.6022 0 0 0 1 
				4
				1.11628e-06 -1.25497e-06 -1 6.52827e-05 0.191777 -0.981438 1.44575e-06 8.62511 -0.981438 -0.191777 -8.54889e-07 -87.433 0 0 0 1 
				5
				1.07966e-06 -1.22871e-06 -1 6.38226e-05 0.215185 -0.976573 1.43225e-06 9.66925 -0.976573 -0.215185 -7.89972e-07 -87.2767 0 0 0 1 
				6
				1.04316e-06 -1.20383e-06 -1 6.23692e-05 0.238012 -0.971262 1.41752e-06 10.6863 -0.971262 -0.238012 -7.26659e-07 -87.1022 0 0 0 1 
				7
				9.77513e-07 -1.16215e-06 -1 5.97582e-05 0.277876 -0.960617 1.388e-06 12.5082 -0.960617 -0.277876 -6.16083e-07 -86.7767 0 0 0 1 
				8
				9.11941e-07 -1.12414e-06 -1 5.71549e-05 0.316273 -0.948668 1.35486e-06 14.2659 -0.948668 -0.316273 -5.09594e-07 -86.4008 0 0 0 1 
				9
				8.90311e-07 -1.11231e-06 -1 5.62983e-05 0.328656 -0.94445 1.34313e-06 14.7931 -0.94445 -0.328656 -4.75285e-07 -86.2391 0 0 0 1 
				10
				8.79694e-07 -8.94808e-07 -1 5.57923e-05 0.290119 -0.95699 1.11154e-06 12.9061 -0.956991 -0.290119 -5.82258e-07 -86.5547 0 0 0 1 
				11
				1.14529e-06 -1.27673e-06 -1 6.64514e-05 0.172863 -0.984946 1.45548e-06 7.32346 -0.984946 -0.172863 -9.07348e-07 -87.236 0 0 0 1 
				12
				1.57321e-06 -1.73877e-06 -1 8.38345e-05 -0.161291 -0.986907 1.46226e-06 -8.39495 -0.986907 0.161291 -1.83306e-06 -86.4549 0 0 0 1 
				13
				2.04971e-06 -2.46382e-06 -0.999999 0.000105088 -0.635252 -0.772305 6.00741e-07 -31.3273 -0.772305 0.635252 -3.14815e-06 -77.3765 0 0 0 1 
				14
				1.71062e-06 -3.56374e-06 -1 9.51331e-05 -0.923204 -0.384311 -2.09663e-07 -47.4351 -0.384311 0.923204 -3.94747e-06 -61.9628 0 0 0 1 
				15
				1.49687e-06 -3.91889e-06 -1 8.88101e-05 -0.984946 -0.172862 -7.96911e-07 -52.3439 -0.172862 0.984946 -4.11865e-06 -53.5791 0 0 0 1 
				16
				1.53969e-06 -3.86062e-06 -1 9.01163e-05 -0.977588 -0.210526 -6.92424e-07 -51.5262 -0.210526 0.977588 -4.09825e-06 -55.1317 0 0 0 1 
				17
				1.66843e-06 -3.65031e-06 -1 9.39354e-05 -0.941742 -0.336337 -3.43491e-07 -48.5276 -0.336337 0.941742 -3.9988e-06 -60.1963 0 0 0 1 
				18
				1.80875e-06 -3.3035e-06 -1 9.77205e-05 -0.856765 -0.515707 1.53962e-07 -42.9632 -0.515707 0.856765 -3.7631e-06 -67.3723 0 0 0 1 
				19
				1.88302e-06 -2.85451e-06 -1 9.88426e-05 -0.708166 -0.706046 6.81928e-07 -34.6658 -0.706046 0.708166 -3.35097e-06 -75.0031 0 0 0 1 
				20
				1.83992e-06 -2.36505e-06 -1 9.56445e-05 -0.501586 -0.865108 1.12315e-06 -24.147 -0.865108 0.501586 -2.77801e-06 -81.4987 0 0 0 1 
				21
				1.67559e-06 -1.91081e-06 -1 8.81583e-05 -0.265214 -0.964189 1.398e-06 -12.6813 -0.964189 0.265214 -2.12236e-06 -85.7884 0 0 0 1 
				22
				1.42534e-06 -1.54137e-06 -1 7.77268e-05 -0.031062 -0.999517 1.49636e-06 -1.54986 -0.999517 0.031062 -1.47253e-06 -87.7233 0 0 0 1 
				23
				1.38782e-06 -1.49834e-06 -1 7.62026e-05 -0.000797649 -1 1.49724e-06 -0.11619 -1 0.000797649 -1.38901e-06 -87.8255 0 0 0 1 
		</Joint>
			5
				-1
				1.38685e-06 -1.49724e-06 -1 8.08886e-05 0 -1 1.49724e-06 -0.118883 -1 -2.07645e-12 -1.38685e-06 -91.202 0 0 0 1 
				0
				1.38684e-06 -1.49725e-06 -1 7.87218e-05 0 -1 1.49725e-06 1.72653 -1 -2.07645e-12 -1.38684e-06 -91.2281 0 0 0 1 
				1
				1.38681e-06 -1.49725e-06 -1 7.62695e-05 0 -1 1.49725e-06 3.74437 -1 -2.0764e-12 -1.38681e-06 -91.1955 0 0 0 1 
				2
				1.38684e-06 -1.49725e-06 -1 7.37049e-05 0 -1 1.49725e-06 5.77734 -1 -2.07644e-12 -1.38684e-06 -91.0947 0 0 0 1 
				3
				1.38764e-06 -1.49724e-06 -1 7.12276e-05 0 -1 1.49724e-06 7.66949 -1 -2.07763e-12 -1.38764e-06 -90.9358 0 0 0 1 
				4
				1.38723e-06 -1.49722e-06 -1 6.90518e-05 0 -1 1.49722e-06 9.27265 -1 -2.07699e-12 -1.38723e-06 -90.7468 0 0 0 1 
				5
				1.38823e-06 -1.49877e-06 -1 6.74682e-05 -0.0011131 -0.999999 1.49723e-06 10.3958 -0.999999 0.0011131 -1.3899e-06 -90.5741 0 0 0 1 
				6
				1.37234e-06 -1.48167e-06 -1 6.58915e-05 0.0112698 -0.999936 1.49704e-06 11.49 -0.999936 -0.0112698 -1.35556e-06 -90.3817 0 0 0 1 
				7
				1.30863e-06 -1.41721e-06 -1 6.30588e-05 0.0593302 -0.998238 1.49235e-06 13.4465 -0.998238 -0.0593302 -1.22225e-06 -90.0203 0 0 0 1 
				8
				1.22792e-06 -1.34372e-06 -1 6.02341e-05 0.117023 -0.993129 1.47819e-06 15.3338 -0.993129 -0.117023 -1.06223e-06 -89.604 0 0 0 1 
				9
				1.18014e-06 -1.30399e-06 -1 5.93044e-05 0.149703 -0.988731 1.46596e-06 15.9028 -0.988731 -0.149703 -9.7163e-07 -89.428 0 0 0 1 
				10
				1.18726e-06 -1.07238e-06 -1 5.87626e-05 0.122641 -0.992451 1.20989e-06 13.8857 -0.992451 -0.122641 -1.04678e-06 -89.786 0 0 0 1 
				11
				1.38683e-06 -1.49724e-06 -1 7.03185e-05 0 -1 1.49724e-06 7.90713 -1 -2.07641e-12 -1.38683e-06 -90.5617 0 0 0 1 
				12
				1.75495e-06 -2.09122e-06 -1 8.91465e-05 -0.364318 -0.931275 1.30814e-06 -8.93956 -0.931275 0.364318 -2.39621e-06 -89.7872 0 0 0 1 
				13
				2.05669e-06 -3.03274e-06 -0.999999 0.000112009 -0.821232 -0.570594 4.14445e-08 -33.4722 -0.570594 0.821232 -3.66412e-06 -79.9842 0 0 0 1 
				14
				1.35905e-06 -4.07887e-06 -1 0.000100909 -0.998078 -0.0619742 -1.10365e-06 -50.5523 -0.0619742 0.998078 -4.15526e-06 -63.2605 0 0 0 1 
				15
				1.01616e-06 -4.36097e-06 -1 9.38643e-05 -0.984808 0.173648 -1.758e-06 -55.6696 0.173648 0.984808 -4.11826e-06 -54.1628 0 0 0 1 
				16
				1.11319e-06 -4.29451e-06 -1 9.53151e-05 -0.993723 0.111863 -1.5866e-06 -54.827 0.111863 0.993723 -4.14303e-06 -55.8425 0 0 0 1 
				17
				1.35381e-06 -4.08489e-06 -1 9.95689e-05 -0.998353 -0.0573684 -1.11724e-06 -51.7074 -0.0573684 0.998353 -4.15583e-06 -61.332 0 0 0 1 
				18
				1.63436e-06 -3.71232e-06 -1 0.000103828 -0.95371 -0.300727 -4.42312e-07 -45.8561 -0.300727 0.95371 -4.03198e-06 -69.1136 0 0 0 1 
				19
				1.83798e-06 -3.19094e-06 -1 0.000105201 -0.823318 -0.56758 2.97874e-07 -37.0569 -0.56758 0.823318 -3.67036e-06 -77.387 0 0 0 1 
				20
				1.87583e-06 -2.59061e-06 -1 0.000101857 -0.60254 -0.798088 9.37269e-07 -25.8406 -0.798088 0.60254 -3.05803e-06 -84.4198 0 0 0 1 
				21
				1.72649e-06 -2.0178e-06 -1 9.38159e-05 -0.325262 -0.945624 1.34652e-06 -13.5768 -0.945624 0.325262 -2.28892e-06 -89.0441 0 0 0 1 
				22
				1.43338e-06 -1.55095e-06 -1 8.25395e-05 -0.0376053 -0.999293 1.49595e-06 -1.65474 -0.999293 0.0376053 -1.49069e-06 -91.0982 0 0 0 1 
				23
				1.38685e-06 -1.49724e-06 -1 8.08886e-05 0 -1 1.49724e-06 -0.118883 -1 -2.07645e-12 -1.38685e-06 -91.202 0 0 0 1 
		</Joint>
			6
		</Joint>
			7
				-1
				0.939692 -1.29131e-06 -0.342022 4.25804 1.61011e-06 1 6.4819e-07 -0.118868 0.342022 -1.15979e-06 0.939692 -82.9833 0 0 0 1 
				0
				0.939692 -1.34336e-06 -0.342021 4.25803 -0.0129671 0.999281 -0.0356304 1.41491 0.341776 0.0379167 0.939016 -83.0153 0 0 0 1 
				1
				0.939692 -1.398e-06 -0.342021 4.25803 -0.0271043 0.996855 -0.0744722 3.09303 0.340946 0.0792512 0.936736 -83.0027 0 0 0 1 
				2
				0.939692 -1.45077e-06 -0.342021 4.25803 -0.0413322 0.992671 -0.113563 4.78411 0.339515 0.120851 0.932805 -82.9363 0 0 0 1 
				3
				0.939692 -1.49788e-06 -0.342022 4.25803 -0.0545853 0.987182 -0.149976 6.35779 0.337638 0.1596 0.927647 -82.8225 0 0 0 1 
				4
				0.939692 -1.53447e-06 -0.342021 4.25803 -0.0658579 0.981285 -0.180947 7.69007 0.335621 0.192559 0.922106 -82.6819 0 0 0 1 
				5
				0.939692 -1.5607e-06 -0.342021 4.25803 -0.0738625 0.976402 -0.202939 8.6209 0.33395 0.215963 0.917517 -82.5493 0 0 0 1 
				6
				0.939692 -1.58555e-06 -0.342021 4.25802 -0.0816684 0.971072 -0.224386 9.52749 0.332128 0.238786 0.912509 -82.4008 0 0 0 1 
				7
				0.939692 -1.62718e-06 -0.342021 4.25802 -0.0952997 0.960395 -0.261837 11.1564 0.328476 0.278641 0.902476 -82.1271 0 0 0 1 
				8
				0.939692 -1.66514e-06 -0.342021 4.25802 -0.108429 0.948416 -0.29791 12.7283 0.324379 0.317029 0.891219 -81.8093 0 0 0 1 
				9
				0.939692 -1.6785e-06 -0.342021 4.25802 -0.112663 0.944188 -0.309543 13.1955 0.322933 0.329408 0.887246 -81.668 0 0 0 1 
				10
				0.939692 -1.9418e-06 -0.342021 4.25802 -0.0994857 0.956759 -0.273339 11.495 0.327232 0.290881 0.899059 -81.9227 0 0 0 1 
				11
				0.939692 -1.51274e-06 -0.342022 4.25803 -0.0593896 0.984808 -0.163175 6.47999 0.336826 0.173647 0.925416 -82.4679 0 0 0 1 
				12
				0.939692 -1.05103e-06 -0.342022 4.25804 0.0548972 0.987035 0.150825 -7.62041 0.337587 -0.160505 0.927509 -81.6751 0 0 0 1 
				13
				0.939691 -2.77081e-07 -0.342022 4.25806 0.21706 0.77281 0.596363 -28.2563 0.264318 -0.634637 0.726204 -73.6327 0 0 0 1 
				14
				0.939692 7.77071e-07 -0.342022 4.25805 0.315651 0.385046 0.867239 -42.9673 0.131695 -0.922897 0.361824 -60.0959 0 0 0 1 
				15
				0.939692 1.13222e-06 -0.342021 4.25805 0.336825 0.173647 0.925416 -47.5758 0.059392 -0.984808 0.163174 -52.7356 0 0 0 1 
				16
				0.939692 1.07271e-06 -0.342022 4.25805 0.334299 0.211305 0.918474 -46.7939 0.0722719 -0.97742 0.198561 -54.1059 0 0 0 1 
				17
				0.939692 8.61875e-07 -0.342022 4.25805 0.322004 0.337087 0.884695 -43.9697 0.115292 -0.941473 0.316758 -58.5615 0 0 0 1 
				18
				0.939692 5.13505e-07 -0.342022 4.25806 0.292892 0.516389 0.804709 -38.818 0.176617 -0.856354 0.485246 -64.8696 0 0 0 1 
				19
				0.939692 6.4464e-08 -0.342022 4.25806 0.242016 0.70661 0.664929 -31.2414 0.241676 -0.707603 0.663996 -71.5796 0 0 0 1 
				20
				0.939692 -4.24962e-07 -0.342022 4.25805 0.171318 0.865507 0.470688 -21.7239 0.296022 -0.500896 0.81331 -77.3064 0 0 0 1 
				21
				0.939692 -8.79071e-07 -0.342022 4.25805 0.0904473 0.9644 0.248498 -11.4034 0.329846 -0.264446 0.906239 -81.1179 0 0 0 1 
				22
				0.939692 -1.24831e-06 -0.342022 4.25804 0.0103527 0.999542 0.0284402 -1.40599 0.341865 -0.0302659 0.939262 -82.8833 0 0 0 1 
				23
				0.939692 -1.29131e-06 -0.342022 4.25804 1.61011e-06 1 6.4819e-07 -0.118868 0.342022 -1.15979e-06 0.939692 -82.9833 0 0 0 1 
		</Joint>
			8
				-1
				0.513061 0.661329 -0.547185 14.0641 -0.0983745 0.678587 0.727902 -0.118852 0.852696 -0.319629 0.413215 -79.4141 0 0 0 1 
				0
				0.551073 0.68065 -0.482736 14.0641 -0.285149 0.697281 0.657639 1.27959 0.784225 -0.224756 0.578339 -79.4487 0 0 0 1 
				1
				0.571626 0.707112 -0.416216 14.0641 -0.450051 0.694351 0.561543 2.81019 0.686074 -0.133674 0.715146 -79.4448 0 0 0 1 
				2
				0.577712 0.737869 -0.348996 14.0641 -0.594231 0.673322 0.439918 4.35279 0.559588 -0.0467615 0.82745 -79.3933 0 0 0 1 
				3
				0.571234 0.771153 -0.281095 14.0641 -0.715755 0.635633 0.289248 5.78818 0.401728 0.0359672 0.915052 -79.2991 0 0 0 1 
				4
				0.552298 0.806123 -0.212443 14.0641 -0.807326 0.580731 0.104763 7.00282 0.207824 0.113651 0.971541 -79.1796 0 0 0 1 
				5
				0.518482 0.84278 -0.144565 14.0641 -0.854788 0.506359 -0.113745 7.85011 -0.0226601 0.182547 0.982936 -79.0644 0 0 0 1 
				6
				0.472488 0.878272 -0.0734446 14.0641 -0.821854 0.408971 -0.396608 8.67525 -0.318293 0.247753 0.915045 -78.9349 0 0 0 1 
				7
				0.408574 0.912725 0.000695264 14.0641 -0.614463 0.275623 -0.739235 10.1619 -0.674909 0.301605 0.673448 -78.6993 0 0 0 1 
				8
				0.314152 0.948332 0.0444362 14.0641 -0.22692 0.120456 -0.966436 11.5968 -0.921855 0.293524 0.253037 -78.4243 0 0 0 1 
				9
				0.173446 0.98423 0.0347689 14.0641 0.192742 0.00069774 -0.981249 12.0198 -0.965799 0.176895 -0.189581 -78.2981 0 0 0 1 
				10
				0.0968505 0.994676 -0.0352052 14.0641 0.444116 -0.0748439 -0.892838 10.4568 -0.890719 0.0708366 -0.449 -78.5079 0 0 0 1 
				11
				0.0250908 0.994413 -0.102537 14.0641 0.500338 -0.10129 -0.859885 5.86023 -0.865466 -0.0297279 -0.500084 -78.953 0 0 0 1 
				12
				-0.130986 0.97711 -0.167627 14.0641 0.112877 -0.153285 -0.981714 -7.04754 -0.984937 -0.147512 -0.0902146 -78.1522 0 0 0 1 
				13
				-0.294309 0.952715 -0.0755922 14.0641 -0.655079 -0.25869 -0.709894 -25.9912 -0.695883 -0.15941 0.70024 -70.8744 0 0 0 1 
				14
				-0.220344 0.971952 0.0822067 14.0641 -0.967374 -0.228552 0.109319 -39.6733 0.125042 -0.0554368 0.990601 -58.7216 0 0 0 1 
				15
				-0.0586474 0.994413 0.0877709 14.0641 -0.764262 -0.101289 0.636901 -44.0609 0.642233 -0.0297274 0.765932 -52.1158 0 0 0 1 
				16
				0.0370133 0.998719 0.0345011 14.0641 -0.591774 -0.00591475 0.806082 -43.3054 0.805253 -0.0502526 0.590797 -53.3517 0 0 0 1 
				17
				0.127955 0.990474 -0.0508861 14.0641 -0.462115 0.104939 0.880589 -40.6094 0.87754 -0.0891607 0.47114 -57.3584 0 0 0 1 
				18
				0.214796 0.964927 -0.150924 14.0641 -0.378537 0.224704 0.897896 -35.7616 0.900318 -0.135734 0.413526 -63.0265 0 0 0 1 
				19
				0.300262 0.919572 -0.253436 14.0641 -0.324626 0.348351 0.879358 -28.7158 0.896918 -0.181766 0.403113 -69.0576 0 0 0 1 
				20
				0.382509 0.854589 -0.351233 14.0641 -0.278329 0.46906 0.838162 -19.9361 0.881033 -0.222846 0.417277 -74.2173 0 0 0 1 
				21
				0.454924 0.773041 -0.442098 14.0641 -0.217667 0.577911 0.786537 -10.4596 0.863519 -0.261584 0.431171 -77.6759 0 0 0 1 
				22
				0.510687 0.674358 -0.53333 14.0641 -0.114856 0.668269 0.734999 -1.29795 0.85206 -0.314098 0.418731 -79.3158 0 0 0 1 
				23
				0.513061 0.661329 -0.547185 14.0641 -0.0983745 0.678587 0.727902 -0.118852 0.852696 -0.319629 0.413215 -79.4141 0 0 0 1 
		</Joint>
			9
				-1
				0.0196507 0.836781 -0.547185 23.1656 -0.482371 0.487316 0.727902 -1.86397 0.875747 0.249643 0.413215 -64.2877 0 0 0 1 
				0
				0.0816632 0.87195 -0.482736 23.8399 -0.623701 0.422501 0.657639 -3.77881 0.777385 0.247378 0.578339 -65.537 0 0 0 1 
				1
				0.127974 0.900215 -0.416216 24.2045 -0.742503 0.365184 0.561543 -5.1735 0.657505 0.237178 0.715146 -67.2742 0 0 0 1 
				2
				0.162368 0.922951 -0.348996 24.3124 -0.841228 0.314337 0.439918 -6.18858 0.515725 0.222157 0.82745 -69.4665 0 0 0 1 
				3
				0.187253 0.941234 -0.281095 24.1975 -0.91864 0.269141 0.289248 -6.90898 0.347904 0.204063 0.915052 -72.1726 0 0 0 1 
				4
				0.203071 0.95584 -0.212443 23.8616 -0.967797 0.228895 0.104763 -7.31876 0.148764 0.184328 0.971541 -75.4929 0 0 0 1 
				5
				0.207489 0.967496 -0.144565 23.2617 -0.974771 0.192053 -0.113745 -7.31341 -0.0822835 0.164518 0.982936 -79.4664 0 0 0 1 
				6
				0.206036 0.975784 -0.0734446 22.4458 -0.903763 0.160977 -0.396608 -5.90405 -0.375181 0.148092 0.915045 -84.5812 0 0 0 1 
				7
				0.195746 0.980654 0.000695264 21.312 -0.660319 0.132329 -0.739235 -0.738346 -0.725026 0.144243 0.673448 -90.6719 0 0 0 1 
				8
				0.159594 0.986182 0.0444363 19.637 -0.243167 0.0828983 -0.966436 7.57133 -0.956765 0.143432 0.253037 -94.7776 0 0 0 1 
				9
				0.0768749 0.996434 0.0347689 17.1409 0.19176 0.0194448 -0.981249 15.4389 -0.978426 0.0821008 -0.189581 -95.4309 0 0 0 1 
				10
				0.0538504 0.997928 -0.0352052 15.7822 0.446931 -0.0556152 -0.892837 18.3352 -0.892946 0.0323454 -0.449 -94.3088 0 0 0 1 
				11
				0.0231792 0.994459 -0.102537 14.5092 0.500532 -0.100328 -0.859885 14.736 -0.865408 -0.0313916 -0.500084 -94.3059 0 0 0 1 
				12
				-0.10435 0.980312 -0.167627 11.7405 0.108664 -0.1563 -0.981714 -5.04516 -0.988586 -0.120656 -0.0902146 -95.6245 0 0 0 1 
				13
				-0.253159 0.964466 -0.0755922 8.84322 -0.665576 -0.230344 -0.709894 -37.612 -0.702082 -0.129404 0.700239 -83.219 0 0 0 1 
				14
				-0.185016 0.979291 0.0822067 10.1553 -0.975013 -0.193385 0.109319 -56.8341 0.122953 -0.0599268 0.990601 -56.5034 0 0 0 1 
				15
				-0.0605589 0.994298 0.0877709 13.0237 -0.764066 -0.102758 0.636901 -57.6185 0.642289 -0.0284927 0.765932 -40.7229 0 0 0 1 
				16
				-0.0296052 0.998966 0.0345011 14.7207 -0.590065 -0.0453266 0.806082 -53.8032 0.806812 0.00350634 0.590797 -39.0669 0 0 0 1 
				17
				-0.016822 0.998563 -0.0508861 16.334 -0.47244 0.0369154 0.880589 -48.8071 0.881202 0.0388539 0.47114 -41.7913 0 0 0 1 
				18
				-0.014958 0.988432 -0.150924 17.8745 -0.420344 0.130739 0.897896 -42.4766 0.907241 0.0768709 0.413526 -47.0553 0 0 0 1 
				19
				-0.0134444 0.967259 -0.253436 19.3906 -0.41988 0.224569 0.879358 -34.4745 0.90748 0.118235 0.403113 -53.1467 0 0 0 1 
				20
				-0.00647353 0.936266 -0.351233 20.8496 -0.447834 0.311334 0.838162 -24.8735 0.894093 0.16272 0.417277 -58.5882 0 0 0 1 
				21
				0.00588232 0.896947 -0.442098 22.1343 -0.478147 0.390814 0.786537 -14.3209 0.87826 0.206761 0.431171 -62.3575 0 0 0 1 
				22
				0.0210153 0.845646 -0.53333 23.1234 -0.483342 0.475559 0.734999 -3.33545 0.875179 0.242335 0.418731 -64.2007 0 0 0 1 
				23
				0.0196507 0.836781 -0.547185 23.1656 -0.482371 0.487316 0.727902 -1.86397 0.875747 0.249643 0.413215 -64.2877 0 0 0 1 
		</Joint>
			10
				-1
				0.0196506 -0.546519 -0.837216 23.5179 -0.482371 0.72829 -0.486736 -10.5128 0.875747 0.413413 -0.249313 -48.5858 0 0 0 1 
				0
				0.0816631 -0.482041 -0.872334 25.3041 -0.623701 0.657975 -0.421977 -14.9616 0.777385 0.578536 -0.246918 -51.5986 0 0 0 1 
				1
				0.127974 -0.415499 -0.900546 26.499 -0.742503 0.561833 -0.364737 -18.4864 0.657505 0.715335 -0.236609 -55.4853 0 0 0 1 
				2
				0.162368 -0.348261 -0.923229 27.2236 -0.841228 0.440168 -0.313986 -21.2716 0.515725 0.827627 -0.221498 -60.2196 0 0 0 1 
				3
				0.187253 -0.280346 -0.941458 27.5549 -0.91864 0.289462 -0.26891 -23.38 0.347904 0.915214 -0.203334 -65.9348 0 0 0 1 
				4
				0.203071 -0.211682 -0.956009 27.5026 -0.967797 0.104945 -0.228812 -24.6711 0.148764 0.971687 -0.183554 -72.8256 0 0 0 1 
				5
				0.207489 -0.143794 -0.967611 26.982 -0.97477 -0.113592 -0.192144 -24.7908 -0.0822834 0.983067 -0.163735 -80.9417 0 0 0 1 
				6
				0.206036 -0.0726676 -0.975842 26.14 -0.903763 -0.39648 -0.161293 -22.1083 -0.375181 0.915163 -0.147364 -91.3082 0 0 0 1 
				7
				0.195746 0.00147614 -0.980653 24.8217 -0.660319 -0.739129 -0.132918 -12.5777 -0.725026 0.673562 -0.143707 -103.671 0 0 0 1 
				8
				0.159594 0.0452216 -0.986146 22.4985 -0.243167 -0.966369 -0.0836679 3.21141 -0.956765 0.253151 -0.14323 -111.932 0 0 0 1 
				9
				0.0768749 0.0355623 -0.996406 18.5193 0.191759 -0.981233 -0.0202261 18.8771 -0.978426 -0.189515 -0.0822517 -112.974 0 0 0 1 
				10
				0.0538504 -0.0344106 -0.997956 16.7477 0.446931 -0.892881 0.0549043 26.3486 -0.892946 -0.448974 -0.0327029 -110.319 0 0 0 1 
				11
				0.0231792 -0.101745 -0.99454 14.9248 0.500532 -0.859964 0.099643 23.7104 -0.865407 -0.500109 0.0309934 -109.822 0 0 0 1 
				12
				-0.10435 -0.166846 -0.980445 9.86952 0.108664 -0.981838 0.155518 -3.09684 -0.988586 -0.0903106 0.120585 -113.35 0 0 0 1 
				13
				-0.253159 -0.0748242 -0.964526 4.30412 -0.665576 -0.710077 0.229779 -49.5457 -0.702082 0.700136 0.129962 -95.8072 0 0 0 1 
				14
				-0.185016 0.0829865 -0.979225 6.83804 -0.975013 0.109165 0.193472 -74.3159 0.122953 0.990553 0.0607156 -54.2989 0 0 0 1 
				15
				-0.0605589 0.0885626 -0.994228 11.9379 -0.764066 0.636819 0.103265 -71.3181 0.642289 0.765909 0.0291026 -29.2068 0 0 0 1 
				16
				-0.0296052 0.0352965 -0.998938 14.1899 -0.590065 0.806045 0.0459685 -64.3829 0.806812 0.5908 -0.0030359 -24.6009 0 0 0 1 
				17
				-0.016822 -0.0500909 -0.998603 16.0324 -0.47244 0.880618 -0.0362142 -57.2779 0.881202 0.471171 -0.0384787 -25.9915 0 0 0 1 
				18
				-0.014958 -0.150137 -0.988552 17.6063 -0.420344 0.898 -0.130024 -50.0133 0.907241 0.413587 -0.0765416 -30.7887 0 0 0 1 
				19
				-0.0134444 -0.252666 -0.96746 19.1496 -0.41988 0.879536 -0.223868 -42.0029 0.90748 0.403207 -0.117914 -36.8758 0 0 0 1 
				20
				-0.00647353 -0.350487 -0.936545 20.7336 -0.447834 0.83841 -0.310666 -32.9031 0.894093 0.417406 -0.162388 -42.5573 0 0 0 1 
				21
				0.00588232 -0.441384 -0.897299 22.2397 -0.478147 0.786848 -0.390187 -22.8939 0.87826 0.431336 -0.206418 -46.6104 0 0 0 1 
				22
				0.0210153 -0.532656 -0.846071 23.5002 -0.483342 0.735378 -0.474973 -12.0017 0.875179 0.418923 -0.242001 -48.5089 0 0 0 1 
				23
				0.0196506 -0.546519 -0.837216 23.5179 -0.482371 0.72829 -0.486736 -10.5128 0.875747 0.413413 -0.249313 -48.5858 0 0 0 1 
		</Joint>
			11
				-1
				-0.939693 -1.26141e-06 -0.342019 -4.2579 -9.50053e-07 1 -1.07788e-06 -0.118879 0.342019 -6.87937e-07 -0.939693 -82.9833 0 0 0 1 
				0
				-0.939693 -1.31269e-06 -0.342019 -4.2579 -0.0129696 0.999281 0.03563 1.4149 0.341773 0.0379171 -0.939017 -83.0153 0 0 0 1 
				1
				-0.939693 -1.3665e-06 -0.342019 -4.2579 -0.0271069 0.996855 0.0744718 3.09302 0.340943 0.0792517 -0.936737 -83.0027 0 0 0 1 
				2
				-0.939693 -1.41844e-06 -0.342019 -4.2579 -0.0413348 0.99267 0.113563 4.7841 0.339512 0.120851 -0.932806 -82.9363 0 0 0 1 
				3
				-0.939693 -1.46479e-06 -0.342019 -4.25791 -0.0545879 0.987182 0.149975 6.35778 0.337635 0.159601 -0.927648 -82.8225 0 0 0 1 
				4
				-0.939693 -1.50457e-06 -0.342019 -4.25791 -0.0658605 0.981285 0.180946 7.69006 0.335618 0.19256 -0.922107 -82.682 0 0 0 1 
				5
				-0.939693 -1.5308e-06 -0.342019 -4.25791 -0.0738651 0.976401 0.202939 8.62089 0.333948 0.215963 -0.917518 -82.5493 0 0 0 1 
				6
				-0.939693 -1.55565e-06 -0.342019 -4.25791 -0.081671 0.971072 0.224385 9.52748 0.332125 0.238786 -0.91251 -82.4008 0 0 0 1 
				7
				-0.939693 -1.59728e-06 -0.342019 -4.25791 -0.0953023 0.960395 0.261837 11.1564 0.328473 0.278642 -0.902477 -82.1271 0 0 0 1 
				8
				-0.939693 -1.63524e-06 -0.342019 -4.25791 -0.108432 0.948416 0.297909 12.7283 0.324376 0.317029 -0.89122 -81.8093 0 0 0 1 
				9
				-0.939693 -1.64549e-06 -0.34202 -4.25792 -0.112666 0.944187 0.309542 13.1955 0.32293 0.329408 -0.887246 -81.6681 0 0 0 1 
				10
				-0.939693 -1.81718e-06 -0.34202 -4.25791 -0.0994888 0.956759 0.273339 11.495 0.32723 0.290881 -0.89906 -81.9227 0 0 0 1 
				11
				-0.939693 -1.48284e-06 -0.342019 -4.25791 -0.0593921 0.984808 0.163175 6.47997 0.336823 0.173647 -0.925417 -82.4679 0 0 0 1 
				12
				-0.939693 -1.02113e-06 -0.342019 -4.25789 0.0548946 0.987035 -0.150825 -7.62042 0.337585 -0.160505 -0.92751 -81.6751 0 0 0 1 
				13
				-0.939693 -3.45742e-07 -0.342019 -4.25787 0.217057 0.772811 -0.596364 -28.2564 0.264316 -0.634636 -0.726205 -73.6327 0 0 0 1 
				14
				-0.939693 8.00487e-07 -0.342019 -4.25788 0.315648 0.385046 -0.86724 -42.9673 0.131692 -0.922897 -0.361826 -60.0959 0 0 0 1 
				15
				-0.939693 1.15597e-06 -0.342019 -4.25789 0.336823 0.173647 -0.925417 -47.5758 0.0593896 -0.984808 -0.163176 -52.7356 0 0 0 1 
				16
				-0.939693 1.09889e-06 -0.342019 -4.25789 0.334296 0.211305 -0.918475 -46.7939 0.0722694 -0.97742 -0.198563 -54.1059 0 0 0 1 
				17
				-0.939693 8.88891e-07 -0.342019 -4.25788 0.322002 0.337087 -0.884696 -43.9697 0.115289 -0.941473 -0.316759 -58.5616 0 0 0 1 
				18
				-0.939693 5.43405e-07 -0.342019 -4.25788 0.292889 0.516389 -0.80471 -38.818 0.176614 -0.856354 -0.485248 -64.8696 0 0 0 1 
				19
				-0.939693 9.43638e-08 -0.342018 -4.25788 0.242013 0.70661 -0.66493 -31.2414 0.241674 -0.707603 -0.663997 -71.5796 0 0 0 1 
				20
				-0.939693 -3.95063e-07 -0.342018 -4.25788 0.171315 0.865507 -0.470689 -21.7239 0.29602 -0.500896 -0.813311 -77.3065 0 0 0 1 
				21
				-0.939693 -8.49171e-07 -0.342019 -4.25789 0.0904447 0.9644 -0.248498 -11.4034 0.329843 -0.264446 -0.90624 -81.118 0 0 0 1 
				22
				-0.939693 -1.21841e-06 -0.342019 -4.2579 0.0103502 0.999542 -0.0284406 -1.406 0.341862 -0.0302654 -0.939263 -82.8833 0 0 0 1 
				23
				-0.939693 -1.26141e-06 -0.342019 -4.2579 -9.50053e-07 1 -1.07788e-06 -0.118879 0.342019 -6.87937e-07 -0.939693 -82.9833 0 0 0 1 
		</Joint>
			12
				-1
				-0.513063 -0.66133 -0.547182 -14.064 -0.0983762 0.678586 -0.727903 -0.118889 0.852695 -0.319631 -0.413217 -79.4142 0 0 0 1 
				0
				-0.551074 -0.680651 -0.482733 -14.064 -0.285151 0.697279 -0.65764 1.27956 0.784223 -0.224757 -0.578341 -79.4488 0 0 0 1 
				1
				-0.571627 -0.707113 -0.416213 -14.064 -0.450053 0.694349 -0.561543 2.81015 0.686072 -0.133676 -0.715148 -79.4448 0 0 0 1 
				2
				-0.577711 -0.737871 -0.348992 -14.064 -0.594233 0.67332 -0.439918 4.35275 0.559586 -0.0467632 -0.827451 -79.3933 0 0 0 1 
				3
				-0.571233 -0.771155 -0.281092 -14.064 -0.715757 0.635631 -0.289249 5.78814 0.401726 0.0359652 -0.915053 -79.2991 0 0 0 1 
				4
				-0.552297 -0.806125 -0.21244 -14.064 -0.807328 0.580729 -0.104763 7.00278 0.207822 0.113649 -0.971542 -79.1796 0 0 0 1 
				5
				-0.51848 -0.842781 -0.144562 -14.064 -0.854789 0.506357 0.113745 7.85007 -0.0226619 0.182545 -0.982936 -79.0645 0 0 0 1 
				6
