<?xml version='1.0' encoding='UTF-8' ?>
<itpanim>
	<skeleton count>
		25
			0 -1
			1.37091e-06 -1 -6.12323e-17 1.4e-05 1 1.37091e-06 -6.12323e-17 -1.91963e-11 6.12323e-17 -6.12323e-17 1 58.5533 0 0 0 1 
			1 0
			1.3868e-06 -2.28068e-12 -1 -58.5533 2.75771e-06 -1 6.10495e-12 1.40002e-05 -1 -2.75771e-06 -1.3868e-06 -8.12017e-05 0 0 0 1 
			2 1
			1.40269e-06 -0.000796318 -1 -67.8882 0 -1 0.000796318 0.0803988 -1 -1.11699e-09 -1.40269e-06 -2.22975e-07 0 0 0 1 
			3 2
			1.40269e-06 -0.000796318 -1 -100.951 0 -1 0.000796318 0.125537 -1 -1.11699e-09 -1.40269e-06 -3.4817e-07 0 0 0 1 
			4 3
			1.40269e-06 -0.000796318 -1 -157.638 0 -1 0.000796318 0.130385 -1 -1.11699e-09 -1.40269e-06 -3.61616e-07 0 0 0 1 
			5 4
			1.34309e-06 9.82436e-13 -1 -163.726 -1.40269e-06 -1 -2.86637e-12 6.843e-06 -1 1.40269e-06 -1.34309e-06 -0.000219899 0 0 0 1 
			6 5
			1 -0 0 0 0 1 0 0 -0 -0 1 -0 0 0 0 1 
			7 4
			0.939693 1.30318e-06 0.34202 43.7151 -1.38586e-06 1 -2.63612e-09 -3.76881e-06 -0.34202 -4.71514e-07 0.939693 142.553 0 0 0 1 
			8 7
			0.64989 0.118088 0.750799 90.4882 -0.0275106 0.990863 -0.132033 -18.1135 -0.759531 0.065152 0.647201 111.468 0 0 0 1 
			9 8
			0.642057 -0.0844314 0.761994 60.9558 0.104289 0.994297 0.0222969 -5.92664 -0.75953 0.065152 0.647201 111.468 0 0 0 1 
			10 9
			0.642057 -0.0844314 0.761994 28.628 -0.759447 0.0659437 0.647218 111.463 -0.104894 -0.994245 -0.0217816 6.0154 0 0 0 1 
			11 4
			-0.939693 -1.27328e-06 0.34202 43.7151 -1.35596e-06 1 -2.63613e-09 -3.76881e-06 -0.34202 -4.66242e-07 -0.939693 -142.553 0 0 0 1 
			12 11
			-0.64989 0.118086 0.750799 90.4882 0.0275078 0.990863 -0.132033 -18.1135 -0.75953 -0.0651541 -0.647201 -111.468 0 0 0 1 
			13 12
			-0.642057 -0.0844331 0.761994 60.9559 -0.104292 0.994297 0.0222969 -5.92664 -0.75953 -0.065154 -0.647201 -111.468 0 0 0 1 
			14 13
			-0.642057 -0.0844331 0.761993 28.628 0.759447 0.0659458 0.647218 111.463 -0.104897 0.994244 0.0217816 -6.0154 0 0 0 1 
			15 2
			0.0553766 -0.0626594 0.996497 57.2683 -0.0485968 -0.997015 -0.0599913 -2.56494 0.997282 -0.0451045 -0.0582563 -22.8596 0 0 0 1 
			16 15
			0.0622516 0.0929321 0.993725 21.563 -0.0394076 -0.99465 0.0954874 0.793302 0.997282 -0.0451045 -0.0582563 -22.8596 0 0 0 1 
			17 16
			1.3716e-06 -6.00745e-14 1 7.62276 0 -1 -6.00745e-14 -0.82329 1 8.23984e-20 -1.3716e-06 -22.4394 0 0 0 1 
			18 17
			1.3716e-06 -1 -6.12323e-17 -13.0552 0 6.12323e-17 -1 0.670089 1 1.3716e-06 8.39865e-23 -22.4394 0 0 0 1 
			19 18
			1 -0 0 0 0 1 0 0 -0 -0 1 -0 0 0 0 1 
			20 2
			-0.0553766 -0.0626595 0.996497 57.2683 0.0485995 -0.997015 -0.0599913 -2.56494 0.997282 0.0451072 0.0582565 22.8596 0 0 0 1 
			21 20
			-0.062252 0.0929319 0.993724 21.563 0.0394103 -0.99465 0.0954874 0.793303 0.997282 0.0451072 0.0582565 22.8596 0 0 0 1 
			22 21
			1.3716e-06 -6.00745e-14 1 7.62277 0 -1 -6.00745e-14 -0.82329 1 8.23984e-20 -1.3716e-06 22.4394 0 0 0 1 
			23 22
			1.3716e-06 -1 -6.12323e-17 -13.0552 0 6.12323e-17 -1 0.670089 1 1.3716e-06 8.39865e-23 22.4394 0 0 0 1 
			24 23
			1 -0 0 0 0 1 0 0 -0 -0 1 -0 0 0 0 1 
	</skeleton>
		<animations>
			21
			0
				-1
				1.33158e-06 1 0 -5.19361e-09 -1 1.33158e-06 0 -0.118802 -0 -0 1 -61.3514 0 0 0 1 
				0
				1.33158e-06 1 -3.69282e-09 -5.19361e-09 -0.999996 1.33158e-06 0.00290372 -3.88641 0.00290372 -1.73712e-10 0.999996 -60.1833 0 0 0 1 
				1
				1.33151e-06 1 -1.31392e-08 -5.19361e-09 -0.999944 1.33157e-06 0.0106051 -8.4257 0.0106051 -9.82273e-10 0.999944 -59.0977 0 0 0 1 
				2
				1.4644e-06 1 -3.04901e-08 -5.19362e-09 -0.999769 1.46472e-06 0.0214868 -13.4767 0.0214868 -9.82216e-10 0.999769 -58.0667 0 0 0 1 
				3
				1.59698e-06 1 -5.23536e-08 -5.19361e-09 -0.999424 1.59783e-06 0.0339304 -18.7795 0.0339304 -1.86265e-09 0.999424 -57.0627 0 0 0 1 
				4
				1.46316e-06 1 -6.66074e-08 -5.19362e-09 -0.998924 1.46468e-06 0.0463688 -24.0823 0.0463688 -1.30943e-09 0.998924 -56.0587 0 0 0 1 
				5
				1.3294e-06 1 -7.23673e-08 -5.19361e-09 -0.998361 1.33136e-06 0.0572373 -29.1333 0.0572373 -3.84254e-09 0.998361 -55.0278 0 0 0 1 
				6
				1.59453e-06 1 -9.90764e-08 -5.19361e-09 -0.99789 1.59759e-06 0.0649245 -33.6726 0.0649245 -4.65633e-09 0.99789 -53.9421 0 0 0 1 
				7
				1.46137e-06 1 -9.56073e-08 -5.19361e-09 -0.997697 1.46449e-06 0.0678218 -37.4402 0.0678218 -3.72529e-09 0.997697 -52.774 0 0 0 1 
				8
				1.4617e-06 1 -8.73146e-08 -5.19362e-09 -0.997926 1.46429e-06 0.0643699 -40.1843 0.0643699 -6.95609e-09 0.997926 -51.4966 0 0 0 1 
				9
				1.32971e-06 1 -6.69623e-08 -5.19361e-09 -0.998594 1.33139e-06 0.0530017 -41.6533 0.0530017 -3.60856e-09 0.998594 -50.0828 0 0 0 1 
				10
				1.46398e-06 1 -4.46276e-08 -5.19361e-09 -0.999485 1.46466e-06 0.0320883 -41.587 0.0320883 -2.37205e-09 0.999485 -48.505 0 0 0 1 
				11
				1.33158e-06 1 0 -5.19361e-09 -1 1.33158e-06 0 -39.7257 -0 -0 1 -46.7353 0 0 0 1 
				12
				1.46007e-06 1 1.18427e-07 -5.19361e-09 -0.99681 1.46486e-06 -0.0798103 -27.0188 -0.0798103 -1.52078e-09 0.99681 -44.1724 0 0 0 1 
				13
				1.42738e-06 1 3.27342e-07 -5.19361e-09 -0.974493 1.46443e-06 -0.22442 -1.36532 -0.22442 1.33905e-09 0.974493 -40.4856 0 0 0 1 
				14
				1.34197e-06 1 5.46651e-07 -5.19361e-09 -0.916185 1.44857e-06 -0.400756 26.3702 -0.400756 3.69704e-08 0.916185 -36.0805 0 0 0 1 
				15
				1.19984e-06 1 8.03758e-07 -5.19361e-09 -0.819152 1.44387e-06 -0.573576 45.3229 -0.573576 2.98023e-08 0.819152 -31.3627 0 0 0 1 
				16
				1.08289e-06 1 1.09825e-06 -5.19361e-09 -0.677695 1.54146e-06 -0.735344 52.105 -0.735344 5.20151e-08 0.677695 -26.2221 0 0 0 1 
				17
				6.40475e-07 1 1.03309e-06 -5.19361e-09 -0.480989 1.2138e-06 -0.876727 52.5176 -0.876727 6.46178e-08 0.480989 -20.5108 0 0 0 1 
				18
				4.24971e-07 1 1.38878e-06 -5.19361e-09 -0.245498 1.45061e-06 -0.969397 50.4067 -0.969397 7.10229e-08 0.245498 -14.5735 0 0 0 1 
				19
				6.12323e-17 1 1.51265e-06 -5.19361e-09 0 1.51265e-06 -1 49.6181 -1 6.12323e-17 9.26229e-23 -8.75457 0 0 0 1 
		</Joint>
			1
				-1
				1.33158e-06 2.66316e-06 -1 -5.19361e-09 0 -1 -2.66316e-06 -0.118802 -1 3.54621e-12 -1.33158e-06 -61.3514 0 0 0 1 
				0
				3.69459e-09 2.66316e-06 -1 -5.19361e-09 -0.00290505 -0.999996 -2.66316e-06 -3.88641 -0.999996 0.00290505 4.04202e-09 -60.1833 0 0 0 1 
				1
				1.3141e-08 2.66309e-06 -1 -5.19361e-09 -0.0106064 -0.999944 -2.66308e-06 -8.4257 -0.999944 0.0106064 1.51056e-08 -59.0977 0 0 0 1 
				2
				3.04921e-08 2.79598e-06 -1 -5.19362e-09 -0.0214881 -0.999769 -2.79599e-06 -13.4767 -0.999769 0.0214881 2.95954e-08 -58.0667 0 0 0 1 
				3
				5.23558e-08 2.92856e-06 -1 -5.19361e-09 -0.0339318 -0.999424 -2.92865e-06 -18.7795 -0.999424 0.0339318 4.70455e-08 -57.0627 0 0 0 1 
				4
				6.66093e-08 2.79474e-06 -1 -5.19362e-09 -0.0463702 -0.998924 -2.79483e-06 -24.0823 -0.998924 0.0463702 6.3055e-08 -56.0587 0 0 0 1 
				5
				7.2369e-08 2.66098e-06 -1 -5.19361e-09 -0.0572386 -0.998361 -2.66076e-06 -29.1333 -0.998361 0.0572386 8.00604e-08 -55.0278 0 0 0 1 
				6
				9.90786e-08 2.92611e-06 -1 -5.19361e-09 -0.0649258 -0.99789 -2.92636e-06 -33.6726 -0.99789 0.0649258 9.11103e-08 -53.9421 0 0 0 1 
				7
				9.56093e-08 2.79295e-06 -1 -5.19361e-09 -0.0678231 -0.997697 -2.793e-06 -37.4402 -0.997697 0.0678231 9.40373e-08 -52.774 0 0 0 1 
				8
				8.73165e-08 2.79328e-06 -1 -5.19362e-09 -0.0643713 -0.997926 -2.79311e-06 -40.1843 -0.997926 0.0643713 9.26716e-08 -51.4966 0 0 0 1 
				9
				6.69641e-08 2.66129e-06 -1 -5.19361e-09 -0.053003 -0.998594 -2.6611e-06 -41.6533 -0.998594 0.053003 7.41863e-08 -50.0828 0 0 0 1 
				10
				4.46296e-08 2.79556e-06 -1 -5.19361e-09 -0.0320896 -0.999485 -2.79556e-06 -41.587 -0.999485 0.0320896 4.51019e-08 -48.505 0 0 0 1 
				11
				1.33158e-06 2.66316e-06 -1 -5.19361e-09 0 -1 -2.66316e-06 -39.7257 -1 3.54621e-12 -1.33158e-06 -46.7353 0 0 0 1 
				12
				-1.18425e-07 2.79165e-06 -1 -5.19361e-09 0.0798089 -0.99681 -2.79219e-06 -27.0188 -0.99681 -0.0798089 -1.04751e-07 -44.1724 0 0 0 1 
				13
				-3.2734e-07 2.75896e-06 -1 -5.19361e-09 0.224418 -0.974493 -2.76205e-06 -1.36532 -0.974493 -0.224418 -3.0017e-07 -40.4856 0 0 0 1 
				14
				-5.46649e-07 2.67355e-06 -1 -5.19361e-09 0.400755 -0.916185 -2.66854e-06 26.3702 -0.916185 -0.400755 -5.70608e-07 -36.0805 0 0 0 1 
				15
				-8.03756e-07 2.53142e-06 -1 -5.19361e-09 0.573575 -0.819153 -2.53464e-06 45.3229 -0.819153 -0.573575 -7.93564e-07 -31.3627 0 0 0 1 
				16
				-1.09825e-06 2.41447e-06 -1 -5.19361e-09 0.735343 -0.677696 -2.44386e-06 52.105 -0.677696 -0.735343 -1.03118e-06 -26.2221 0 0 0 1 
				17
				-1.03309e-06 1.97206e-06 -1 -5.19361e-09 0.876726 -0.48099 -1.85427e-06 52.5176 -0.48099 -0.876726 -1.23205e-06 -20.5108 0 0 0 1 
				18
				-1.38878e-06 1.75655e-06 -1 -5.19361e-09 0.969397 -0.245499 -1.77751e-06 50.4067 -0.245499 -0.969397 -1.36185e-06 -14.5735 0 0 0 1 
				19
				-1.51265e-06 1.33158e-06 -1 -5.19361e-09 1 -1.33158e-06 -1.51265e-06 49.6181 -1.33158e-06 -1 -1.33158e-06 -8.75457 0 0 0 1 
		</Joint>
			2
				-1
				1.38782e-06 -1.49834e-06 -1 1.29069e-05 -0.00079765 -1 1.49724e-06 -0.0924899 -1 0.00079765 -1.38901e-06 -70.6863 0 0 0 1 
				0
				1.41986e-06 -1.52999e-06 -1 1.29422e-05 -0.0262064 -0.999657 1.49226e-06 -3.88721 -0.999657 0.0262064 -1.45947e-06 -69.5188 0 0 0 1 
				1
				1.4583e-06 -1.56443e-06 -1 1.30313e-05 -0.0575295 -0.998344 1.47794e-06 -8.49843 -0.998344 0.0575295 -1.54589e-06 -68.4335 0 0 0 1 
				2
				1.51416e-06 -1.46906e-06 -1 1.31907e-05 -0.0927189 -0.995692 1.32234e-06 -13.6511 -0.995692 0.0927189 -1.64385e-06 -67.4019 0 0 0 1 
				3
				1.58051e-06 -1.37712e-06 -1 1.33924e-05 -0.129715 -0.991552 1.16047e-06 -19.0701 -0.991552 0.129715 -1.74579e-06 -66.3956 0 0 0 1 
				4
				1.61264e-06 -1.55126e-06 -1 1.353e-05 -0.166531 -0.986036 1.26105e-06 -24.4892 -0.986036 0.166531 -1.84845e-06 -65.3879 0 0 0 1 
				5
				1.62831e-06 -1.72417e-06 -1 1.35884e-05 -0.201218 -0.979546 1.36126e-06 -29.6418 -0.979546 0.201218 -1.94194e-06 -64.3526 0 0 0 1 
				6
				1.72359e-06 -1.50611e-06 -1 1.3832e-05 -0.231825 -0.972757 1.06551e-06 -34.253 -0.972758 0.231825 -2.02579e-06 -63.2634 0 0 0 1 
				7
				1.72293e-06 -1.67529e-06 -1 1.3804e-05 -0.256467 -0.966553 1.17738e-06 -38.0478 -0.966553 0.256467 -2.09496e-06 -62.0942 0 0 0 1 
				8
				1.73757e-06 -1.70962e-06 -1 1.37275e-05 -0.273374 -0.961908 1.16949e-06 -40.7599 -0.961908 0.273374 -2.13875e-06 -60.8193 0 0 0 1 
				9
				1.70748e-06 -1.86681e-06 -1 1.35417e-05 -0.280789 -0.95977 1.31227e-06 -42.1228 -0.95977 0.280789 -2.16296e-06 -59.412 0 0 0 1 
				10
				1.73386e-06 -1.76003e-06 -1 1.33304e-05 -0.276851 -0.960913 1.21121e-06 -41.8613 -0.960913 0.276851 -2.15336e-06 -57.8423 0 0 0 1 
				11
				1.67059e-06 -1.90099e-06 -1 1.29175e-05 -0.259589 -0.965719 1.40216e-06 -39.7003 -0.965719 0.259589 -2.1068e-06 -56.077 0 0 0 1 
				12
				1.59185e-06 -1.7497e-06 -1 1.1808e-05 -0.183869 -0.982951 1.42717e-06 -26.2479 -0.982951 0.183869 -1.88643e-06 -53.4823 0 0 0 1 
				13
				1.36683e-06 -1.70727e-06 -1 9.85668e-06 -0.0244299 -0.999702 1.67337e-06 0.755925 -0.999702 0.0244299 -1.40813e-06 -49.5831 0 0 0 1 
				14
				1.10936e-06 -1.71016e-06 -1 7.80955e-06 0.183194 -0.983077 1.88445e-06 30.1371 -0.983077 -0.183194 -7.77298e-07 -44.6282 0 0 0 1 
				15
				8.03261e-07 -1.77116e-06 -1 5.41106e-06 0.395347 -0.918532 1.94444e-06 50.7014 -0.918532 -0.395347 -3.75957e-08 -38.999 0 0 0 1 
				16
				4.67332e-07 -1.81393e-06 -1 2.66316e-06 0.60258 -0.798058 1.72922e-06 58.9903 -0.798058 -0.60258 7.20078e-07 -32.5325 0 0 0 1 
				17
				4.37132e-07 -2.24771e-06 -1 3.28284e-06 0.795078 -0.606507 1.71081e-06 60.7177 -0.606507 -0.795078 1.52198e-06 -24.9799 0 0 0 1 
				18
				4.17452e-08 -2.4062e-06 -1 -3.33424e-08 0.933577 -0.358376 9.01298e-07 59.4653 -0.358376 -0.933577 2.23141e-06 -16.8406 0 0 0 1 
				19
				-1.30215e-07 -2.81754e-06 -1 -1.17876e-06 0.996125 -0.0879504 1.18093e-07 58.9553 -0.0879504 -0.996125 2.81807e-06 -8.72836 0 0 0 1 
		</Joint>
			3
				-1
				1.38782e-06 -1.49834e-06 -1 5.87346e-05 -0.00079765 -1 1.49724e-06 -0.0737242 -1 0.00079765 -1.38901e-06 -103.749 0 0 0 1 
				0
				1.44749e-06 -1.56226e-06 -1 5.98321e-05 -0.0486981 -0.998814 1.48992e-06 -4.70859 -0.998813 0.0486981 -1.52185e-06 -102.573 0 0 0 1 
				1
				1.51254e-06 -1.63301e-06 -1 6.11955e-05 -0.103534 -0.994626 1.46763e-06 -10.3556 -0.994626 0.103534 -1.67349e-06 -101.446 0 0 0 1 
				2
				1.60237e-06 -1.57907e-06 -1 6.31993e-05 -0.162692 -0.986677 1.29734e-06 -16.6721 -0.986677 0.162692 -1.83793e-06 -100.33 0 0 0 1 
				3
				1.70628e-06 -1.53393e-06 -1 6.55927e-05 -0.223524 -0.974699 1.11372e-06 -23.3149 -0.974699 0.223524 -2.00598e-06 -99.1893 0 0 0 1 
				4
				1.7475e-06 -1.75333e-06 -1 6.68023e-05 -0.283496 -0.958973 1.18599e-06 -29.9519 -0.958973 0.283496 -2.17286e-06 -98.0019 0 0 0 1 
				5
				1.76249e-06 -1.96964e-06 -1 6.73888e-05 -0.340206 -0.940351 1.25255e-06 -36.2522 -0.940351 0.340206 -2.32744e-06 -96.7546 0 0 0 1 
				6
				1.91144e-06 -1.81252e-06 -1 7.07755e-05 -0.391387 -0.920226 9.19811e-07 -41.8763 -0.920226 0.391387 -2.46835e-06 -95.4433 0 0 0 1 
				7
				1.89988e-06 -2.02176e-06 -1 7.07352e-05 -0.435018 -0.900422 9.9396e-07 -46.4867 -0.900422 0.435018 -2.59019e-06 -94.0709 0 0 0 1 
				8
				1.92234e-06 -2.09845e-06 -1 7.11463e-05 -0.469377 -0.882998 9.50627e-07 -49.7586 -0.882998 0.469377 -2.68239e-06 -92.6439 0 0 0 1 
				9
				1.86963e-06 -2.28143e-06 -1 6.99736e-05 -0.492889 -0.870092 1.06354e-06 -51.3672 -0.870092 0.492889 -2.75125e-06 -91.167 0 0 0 1 
				10
				1.9294e-06 -2.21592e-06 -1 7.06317e-05 -0.503927 -0.863746 9.41715e-07 -50.9758 -0.863746 0.503927 -2.78318e-06 -89.6356 0 0 0 1 
				11
				1.83951e-06 -2.3631e-06 -1 6.81334e-05 -0.500691 -0.865626 1.12454e-06 -48.244 -0.865626 0.500691 -2.77552e-06 -88.0291 0 0 0 1 
				12
				1.80389e-06 -2.20059e-06 -1 6.44133e-05 -0.43401 -0.900908 1.19962e-06 -32.2865 -0.900908 0.43401 -2.58022e-06 -86.0011 0 0 0 1 
				13
				1.58814e-06 -2.07856e-06 -1 5.50166e-05 -0.270983 -0.962584 1.57043e-06 -0.00833998 -0.962584 0.270983 -2.09197e-06 -82.6483 0 0 0 1 
				14
				1.32048e-06 -1.98753e-06 -1 4.44528e-05 -0.0430622 -0.999073 1.92882e-06 36.2391 -0.999072 0.0430623 -1.40484e-06 -77.1335 0 0 0 1 
				15
				9.89376e-07 -1.95431e-06 -1 3.19322e-05 0.201436 -0.979502 2.11354e-06 63.8169 -0.979502 -0.201436 -5.75427e-07 -69.3592 0 0 0 1 
				16
				6.30424e-07 -1.91225e-06 -1 1.80756e-05 0.451178 -0.892434 1.99099e-06 78.9537 -0.892434 -0.451178 3.00156e-07 -58.8982 0 0 0 1 
				17
				5.10391e-07 -2.31848e-06 -1 1.77151e-05 0.696176 -0.717872 2.01969e-06 87.0377 -0.717872 -0.696176 1.24768e-06 -45.0014 0 0 0 1 
				18
				8.45966e-08 -2.41365e-06 -1 1.33064e-06 0.885036 -0.465523 1.19848e-06 90.3531 -0.465523 -0.885036 2.09679e-06 -28.6496 0 0 0 1 
				19
				-1.33549e-07 -2.80602e-06 -1 -5.48259e-06 0.984669 -0.174434 3.57963e-07 91.8979 -0.174434 -0.984669 2.7863e-06 -11.5918 0 0 0 1 
		</Joint>
			4
				-1
				1.38782e-06 -1.49834e-06 -1 0.000137399 -0.00079765 -1 1.49724e-06 -0.114093 -1 0.00079765 -1.38901e-06 -160.436 0 0 0 1 
				0
				1.44749e-06 -1.56226e-06 -1 0.00014188 -0.0486981 -0.998814 1.48992e-06 -7.46428 -0.998813 0.0486981 -1.52185e-06 -159.192 0 0 0 1 
				1
				1.51254e-06 -1.63301e-06 -1 0.000146931 -0.103534 -0.994626 1.46763e-06 -16.2198 -0.994626 0.103534 -1.67349e-06 -157.829 0 0 0 1 
				2
				1.60237e-06 -1.57907e-06 -1 0.000154027 -0.162692 -0.986677 1.29734e-06 -25.8898 -0.986677 0.162692 -1.83793e-06 -156.262 0 0 0 1 
				3
				1.70628e-06 -1.53393e-06 -1 0.00016231 -0.223524 -0.974699 1.11372e-06 -35.981 -0.974699 0.223524 -2.00598e-06 -154.443 0 0 0 1 
				4
				1.7475e-06 -1.75333e-06 -1 0.000165857 -0.283496 -0.958974 1.18599e-06 -46.0177 -0.958974 0.283496 -2.17286e-06 -152.364 0 0 0 1 
				5
				1.76249e-06 -1.96964e-06 -1 0.000167295 -0.340206 -0.940351 1.25255e-06 -55.5329 -0.940351 0.340206 -2.32744e-06 -150.062 0 0 0 1 
				6
				1.91144e-06 -1.81252e-06 -1 0.000179124 -0.391387 -0.920226 9.19811e-07 -64.0583 -0.920226 0.391387 -2.46835e-06 -147.61 0 0 0 1 
				7
				1.89988e-06 -2.02176e-06 -1 0.00017843 -0.435018 -0.900422 9.9396e-07 -71.1421 -0.900422 0.435018 -2.59019e-06 -145.115 0 0 0 1 
				8
				1.92234e-06 -2.09845e-06 -1 0.000180114 -0.469377 -0.882998 9.50627e-07 -76.3617 -0.882998 0.469377 -2.68239e-06 -142.701 0 0 0 1 
				9
				1.86963e-06 -2.28143e-06 -1 0.000175955 -0.492889 -0.870092 1.06354e-06 -79.3033 -0.870092 0.492889 -2.75125e-06 -140.492 0 0 0 1 
				10
				1.9294e-06 -2.21592e-06 -1 0.000180001 -0.503927 -0.863746 9.41715e-07 -79.5377 -0.863746 0.503927 -2.78318e-06 -138.601 0 0 0 1 
				11
				1.83951e-06 -2.3631e-06 -1 0.000172408 -0.500691 -0.865626 1.12454e-06 -76.6224 -0.865626 0.500691 -2.77552e-06 -137.101 0 0 0 1 
				12
				1.80389e-06 -2.20059e-06 -1 0.000166667 -0.43401 -0.900908 1.19962e-06 -56.8848 -0.900908 0.43401 -2.58022e-06 -137.073 0 0 0 1 
				13
				1.58814e-06 -2.07856e-06 -1 0.00014504 -0.270983 -0.962584 1.57043e-06 -15.3649 -0.962584 0.270983 -2.09197e-06 -137.215 0 0 0 1 
				14
				1.32048e-06 -1.98753e-06 -1 0.000119303 -0.0430623 -0.999073 1.92882e-06 33.8029 -0.999073 0.0430623 -1.40484e-06 -133.768 0 0 0 1 
				15
				9.89376e-07 -1.95431e-06 -1 8.80128e-05 0.201436 -0.979502 2.11354e-06 75.2404 -0.979502 -0.201436 -5.75427e-07 -124.883 0 0 0 1 
				16
				6.30424e-07 -1.91225e-06 -1 5.38082e-05 0.451178 -0.892434 1.99099e-06 104.534 -0.892434 -0.451178 3.00156e-07 -109.485 0 0 0 1 
				17
				5.10391e-07 -2.31848e-06 -1 4.66454e-05 0.696176 -0.717872 2.01969e-06 126.505 -0.717872 -0.696176 1.24768e-06 -85.6919 0 0 0 1 
				18
				8.45965e-08 -2.41365e-06 -1 6.12441e-06 0.885036 -0.465523 1.19848e-06 140.525 -0.465523 -0.885036 2.09679e-06 -55.0343 0 0 0 1 
				19
				-1.33549e-07 -2.80602e-06 -1 -1.30529e-05 0.984669 -0.174434 3.57963e-07 147.717 -0.174434 -0.984669 2.7863e-06 -21.4751 0 0 0 1 
		</Joint>
			5
				-1
				1.38685e-06 -1.49724e-06 -1 0.000145848 0 -1 1.49724e-06 -0.118949 -1 -2.07645e-12 -1.38685e-06 -166.524 0 0 0 1 
				0
				1.43777e-06 -1.55075e-06 -1 0.000150692 -0.0407226 -0.99917 1.49091e-06 -7.76076 -0.99917 0.0407226 -1.49973e-06 -165.273 0 0 0 1 
				1
				1.49524e-06 -1.61041e-06 -1 0.00015614 -0.0885768 -0.996069 1.47164e-06 -16.8501 -0.996069 0.0885768 -1.63201e-06 -163.884 0 0 0 1 
				2
				1.57574e-06 -1.54415e-06 -1 0.000163782 -0.140973 -0.990014 1.30659e-06 -26.8803 -0.990014 0.140973 -1.77769e-06 -162.269 0 0 0 1 
				3
				1.66978e-06 -1.48518e-06 -1 0.000172698 -0.195289 -0.980746 1.1305e-06 -37.3418 -0.980746 0.195289 -1.92767e-06 -160.377 0 0 0 1 
				4
				1.70989e-06 -1.69147e-06 -1 0.000176496 -0.249012 -0.968501 1.21241e-06 -47.7436 -0.968501 0.249012 -2.07722e-06 -158.203 0 0 0 1 
				5
				1.72654e-06 -1.8951e-06 -1 0.000178025 -0.29973 -0.954024 1.29047e-06 -57.604 -0.954024 0.29973 -2.21518e-06 -155.787 0 0 0 1 
				6
				1.86127e-06 -1.71861e-06 -1 0.000190761 -0.345122 -0.938558 9.70654e-07 -66.4411 -0.938558 0.345122 -2.34004e-06 -153.212 0 0 0 1 
				7
				1.854e-06 -1.91483e-06 -1 0.000189996 -0.383057 -0.923725 1.05859e-06 -73.7905 -0.923725 0.383057 -2.44608e-06 -150.597 0 0 0 1 
				8
				1.87496e-06 -1.97627e-06 -1 0.000191817 -0.411641 -0.911346 1.02925e-06 -79.2193 -0.911346 0.411641 -2.52225e-06 -148.076 0 0 0 1 
				9
				1.82942e-06 -2.14832e-06 -1 0.000187337 -0.429072 -0.90327 1.15556e-06 -82.304 -0.90327 0.429072 -2.57425e-06 -145.789 0 0 0 1 
				10
				1.87879e-06 -2.06382e-06 -1 0.000191747 -0.433437 -0.901184 1.04555e-06 -82.6056 -0.901184 0.433437 -2.58767e-06 -143.86 0 0 0 1 
				11
				1.79629e-06 -2.20291e-06 -1 0.000183607 -0.422618 -0.906308 1.23737e-06 -79.6705 -0.906308 0.422618 -2.55898e-06 -142.371 0 0 0 1 
				12
				1.73909e-06 -2.02663e-06 -1 0.00017765 -0.343666 -0.939092 1.30553e-06 -59.527 -0.939092 0.343666 -2.32964e-06 -142.558 0 0 0 1 
				13
				1.50185e-06 -1.90775e-06 -1 0.000154708 -0.163232 -0.986588 1.63701e-06 -17.0146 -0.986588 0.163232 -1.79311e-06 -143.076 0 0 0 1 
				14
				1.21368e-06 -1.83097e-06 -1 0.000127342 0.0802393 -0.996776 1.92245e-06 33.5407 -0.996776 -0.0802394 -1.06286e-06 -139.85 0 0 0 1 
				15
				8.69794e-07 -1.82831e-06 -1 9.40361e-05 0.33175 -0.943367 2.01332e-06 76.4668 -0.943367 -0.33175 -2.13993e-07 -130.846 0 0 0 1 
				16
				4.98555e-07 -1.82978e-06 -1 5.76462e-05 0.576086 -0.817389 1.78285e-06 107.281 -0.817389 -0.576086 6.46596e-07 -114.918 0 0 0 1 
				17
				4.33599e-07 -2.2448e-06 -1 4.97526e-05 0.799128 -0.601162 1.69599e-06 130.743 -0.601162 -0.799128 1.53322e-06 -90.0623 0 0 0 1 
				18
				2.41451e-08 -2.40463e-06 -1 6.63943e-06 0.949635 -0.313357 7.76438e-07 145.913 -0.313357 -0.949635 2.27596e-06 -57.8684 0 0 0 1 
				19
				-1.25842e-07 -2.82882e-06 -1 -1.38659e-05 1 2.49689e-08 -1.25842e-07 153.711 2.49693e-08 -1 2.82882e-06 -22.5371 0 0 0 1 
		</Joint>
			6
		</Joint>
			7
				-1
				0.939692 -1.29131e-06 -0.342022 7.67735 1.70122e-06 1 8.98507e-07 -0.118923 0.342022 -1.42617e-06 0.939692 -151.705 0 0 0 1 
				0
				0.939692 -1.2306e-06 -0.342022 7.67735 0.0163849 0.998852 0.0450134 -7.0509 0.341629 -0.0479028 0.938613 -150.472 0 0 0 1 
				1
				0.939692 -1.15623e-06 -0.342022 7.67736 0.035141 0.994708 0.0965452 -15.3276 0.340212 -0.102742 0.934719 -149.144 0 0 0 1 
				2
				0.939692 -1.21237e-06 -0.342022 7.67736 0.0553766 0.986806 0.152142 -24.4811 0.337509 -0.161906 0.927294 -147.646 0 0 0 1 
				3
				0.939692 -1.25598e-06 -0.342022 7.67737 0.0761857 0.974876 0.209314 -34.041 0.333429 -0.222747 0.916084 -145.931 0 0 0 1 
				4
				0.939692 -1.03934e-06 -0.342022 7.67737 0.0967016 0.959199 0.265681 -43.5539 0.328067 -0.282732 0.901352 -143.989 0 0 0 1 
				5
				0.939692 -8.17115e-07 -0.342022 7.67738 0.116103 0.940621 0.318985 -52.5738 0.321713 -0.339458 0.883894 -141.848 0 0 0 1 
				6
				0.939692 -9.75079e-07 -0.342022 7.67738 0.133613 0.920538 0.367095 -60.6522 0.314844 -0.390655 0.865022 -139.571 0 0 0 1 
				7
				0.939692 -7.72174e-07 -0.342022 7.67739 0.148541 0.900768 0.408109 -67.3548 0.308082 -0.434301 0.846444 -137.249 0 0 0 1 
				8
				0.939692 -6.89587e-07 -0.342022 7.67739 0.160297 0.883371 0.440408 -72.2743 0.302132 -0.468673 0.830097 -134.986 0 0 0 1 
				9
				0.939692 -5.08604e-07 -0.342022 7.67738 0.168342 0.870484 0.462513 -75.0104 0.297725 -0.492196 0.817987 -132.89 0 0 0 1 
				10
				0.939692 -5.78436e-07 -0.342022 7.67739 0.172119 0.864147 0.47289 -75.1483 0.295557 -0.503239 0.812032 -131.054 0 0 0 1 
				11
				0.939692 -4.31166e-07 -0.342022 7.67738 0.171012 0.866025 0.469847 -72.2613 0.296199 -0.500001 0.813797 -129.538 0 0 0 1 
				12
				0.939692 -5.87463e-07 -0.342022 7.67737 0.148196 0.901253 0.407161 -53.1063 0.308248 -0.433292 0.846901 -129.202 0 0 0 1 
				13
				0.939692 -7.09946e-07 -0.342022 7.67735 0.0924206 0.962799 0.25392 -13.0104 0.329298 -0.270217 0.904735 -128.808 0 0 0 1 
				14
				0.939692 -8.02434e-07 -0.342022 7.67733 0.0144569 0.999107 0.0397175 34.167 0.341716 -0.0422668 0.938853 -125.045 0 0 0 1 
				15
				0.939692 -8.17136e-07 -0.342021 7.6773 -0.0691615 0.979341 -0.190021 73.4702 0.334956 0.202216 0.920279 -116.334 0 0 0 1 
				16
				0.939692 -8.72867e-07 -0.342021 7.67727 -0.154555 0.892075 -0.424636 100.584 0.305109 0.451889 0.838276 -101.699 0 0 0 1 
				17
				0.939692 -4.56175e-07 -0.342021 7.67727 -0.238302 0.717317 -0.654728 120.419 0.245338 0.696747 0.674057 -79.4327 0 0 0 1 
				18
				0.939692 -3.84282e-07 -0.34202 7.67723 -0.302827 0.464818 -0.83201 132.793 0.158978 0.885406 0.436786 -50.9805 0 0 0 1 
				19
				0.939693 1.91125e-08 -0.34202 7.67721 -0.336824 0.17365 -0.925416 139.118 0.0593917 0.984808 0.163177 -19.9638 0 0 0 1 
		</Joint>
			8
				-1
				0.513061 0.661329 -0.547186 25.3579 -0.0983743 0.678587 0.727902 -0.118891 0.852696 -0.319629 0.413214 -145.27 0 0 0 1 
				0
				0.531652 0.645903 -0.547865 25.358 -0.0861811 0.684755 0.723659 -6.74261 0.842567 -0.337519 0.419716 -144.044 0 0 0 1 
				1
				0.548716 0.631112 -0.548278 25.358 -0.0705083 0.688427 0.72187 -14.6664 0.83303 -0.357444 0.42225 -142.743 0 0 0 1 
				2
				0.564703 0.616677 -0.548471 25.358 -0.0526402 0.690137 0.721762 -23.4391 0.823614 -0.378709 0.422184 -141.296 0 0 0 1 
				3
				0.580028 0.602285 -0.548471 25.358 -0.033789 0.690513 0.72253 -32.6076 0.813895 -0.400556 0.420868 -139.657 0 0 0 1 
				4
				0.595073 0.5876 -0.548284 25.358 -0.015067 0.690261 0.723404 -41.7345 0.803531 -0.422217 0.419609 -137.816 0 0 0 1 
				5
				0.610189 0.572257 -0.547897 25.358 0.00247711 0.690185 0.723629 -50.3893 0.792252 -0.442908 0.419726 -135.795 0 0 0 1 
				6
				0.625708 0.555854 -0.547281 25.358 0.0178352 0.691213 0.722431 -58.1382 0.779853 -0.461792 0.422584 -133.647 0 0 0 1 
				7
				0.64192 0.537959 -0.546387 25.358 0.0300957 0.694356 0.719003 -64.56 0.766181 -0.477986 0.42953 -131.452 0 0 0 1 
				8
				0.659072 0.51812 -0.545138 25.358 0.0385083 0.700642 0.712473 -69.2582 0.751093 -0.490563 0.441822 -129.301 0 0 0 1 
				9
				0.677363 0.49585 -0.543427 25.358 0.0424833 0.711105 0.701801 -71.8429 0.734422 -0.498461 0.460611 -127.288 0 0 0 1 
				10
				0.696924 0.470619 -0.541124 25.358 0.0416051 0.726749 0.685642 -71.9098 0.715937 -0.500354 0.486909 -125.493 0 0 0 1 
				11
				0.717812 0.44186 -0.538058 25.358 0.035725 0.748415 0.662268 -69.0436 0.69532 -0.494606 0.521436 -123.965 0 0 0 1 
				12
				0.747587 0.397105 -0.532374 25.358 0.00913499 0.795346 0.606087 -50.3179 0.664101 -0.457966 0.590963 -123.403 0 0 0 1 
				13
				0.786265 0.330354 -0.522162 25.358 -0.03829 0.8695 0.492446 -11.2715 0.616702 -0.3672 0.696307 -122.613 0 0 0 1 
				14
				0.8235 0.252782 -0.507888 25.3579 -0.0861415 0.94058 0.328466 34.439 0.560739 -0.226742 0.796342 -118.616 0 0 0 1 
				15
				0.852441 0.17746 -0.491785 25.3579 -0.125109 0.982542 0.13769 72.1689 0.507634 -0.055846 0.859761 -110.032 0 0 0 1 
				16
				0.873537 0.107141 -0.47482 25.3579 -0.161495 0.984015 -0.0750672 97.6763 0.459187 0.142255 0.876876 -95.9585 0 0 0 1 
				17
				0.8893 0.0359316 -0.455911 25.3579 -0.196157 0.930519 -0.309286 115.935 0.41312 0.364478 0.834558 -74.8166 0 0 0 1 
				18
				0.899655 -0.0357491 -0.435135 25.3578 -0.225198 0.815838 -0.53263 127.095 0.374041 0.577174 0.725922 -47.9893 0 0 0 1 
				19
				0.904531 -0.107487 -0.412637 25.3578 -0.248662 0.65316 -0.715226 132.78 0.346395 0.749552 0.564076 -18.8464 0 0 0 1 
		</Joint>
			9
				-1
				0.0196505 0.836781 -0.547185 41.7681 -0.482371 0.487316 0.727902 -3.26538 0.875747 0.249643 0.413214 -117.997 0 0 0 1 
				0
				0.0458132 0.835312 -0.547865 42.3627 -0.475006 0.500686 0.723659 -9.4991 0.878789 0.227086 0.419716 -117.094 0 0 0 1 
				1
				0.0702285 0.833342 -0.548277 42.9085 -0.463378 0.513988 0.72187 -16.9216 0.883373 0.203364 0.42225 -116.099 0 0 0 1 
				2
				0.0934659 0.830929 -0.548471 43.4198 -0.448819 0.526898 0.721762 -25.1228 0.888721 0.178704 0.422184 -114.952 0 0 0 1 
				3
				0.116089 0.828072 -0.548471 43.9101 -0.432656 0.539221 0.72253 -33.6883 0.894054 0.153421 0.420868 -113.625 0 0 0 1 
				4
				0.138645 0.82472 -0.548284 44.3912 -0.416179 0.550892 0.723404 -42.2164 0.898651 0.127888 0.419609 -112.115 0 0 0 1 
				5
				0.161671 0.820775 -0.547897 44.8748 -0.400684 0.561973 0.723629 -50.31 0.90184 0.102544 0.419726 -110.455 0 0 0 1 
				6
				0.185711 0.816085 -0.54728 45.3711 -0.387503 0.572656 0.722431 -57.5677 0.902969 0.0779094 0.422584 -108.704 0 0 0 1 
				7
				0.211289 0.810443 -0.546387 45.8897 -0.377931 0.583269 0.719003 -63.5974 0.901402 0.0545795 0.42953 -106.946 0 0 0 1 
				8
				0.238902 0.803586 -0.545138 46.4383 -0.373141 0.594262 0.712473 -68.0265 0.896488 0.0332024 0.441822 -105.278 0 0 0 1 
				9
				0.269019 0.795183 -0.543427 47.0233 -0.374168 0.606196 0.701801 -70.4841 0.887483 0.0145351 0.460611 -103.798 0 0 0 1 
				10
				0.302076 0.784815 -0.541124 47.649 -0.381877 0.61973 0.685642 -70.5791 0.873453 -0.000473439 0.486909 -102.594 0 0 0 1 
				11
				0.338455 0.771973 -0.538057 48.317 -0.396808 0.635566 0.662269 -67.901 0.853224 -0.0106429 0.521436 -101.725 0 0 0 1 
				12
				0.392526 0.750001 -0.532374 49.2694 -0.441778 0.661431 0.606087 -50.0257 0.806694 -0.0027139 0.590963 -102.161 0 0 0 1 
				13
				0.467782 0.71311 -0.522162 50.5065 -0.517304 0.699923 0.492446 -12.4962 0.716642 0.0397593 0.696307 -102.887 0 0 0 1 
				14
				0.54788 0.664739 -0.507887 51.6974 -0.590203 0.737408 0.328466 31.6838 0.592864 0.119796 0.796342 -100.68 0 0 0 1 
				15
				0.618663 0.612701 -0.491785 52.623 -0.639565 0.756306 0.13769 68.1674 0.456303 0.229345 0.859761 -93.795 0 0 0 1 
				16
				0.678915 0.560018 -0.47482 53.2978 -0.665248 0.74284 -0.0750672 92.5109 0.310676 0.366837 0.876876 -81.2715 0 0 0 1 
				17
				0.734351 0.502866 -0.455911 53.8019 -0.660509 0.684156 -0.309286 109.661 0.156384 0.528258 0.834558 -61.603 0 0 0 1 
				18
				0.784595 0.441665 -0.435135 54.1331 -0.619814 0.576312 -0.53263 119.892 0.0155297 0.687601 0.725922 -36.0257 0 0 0 1 
				19
				0.829289 0.376843 -0.412637 54.2891 -0.551161 0.429736 -0.715226 124.827 -0.0922028 0.820559 0.564076 -7.76698 0 0 0 1 
		</Joint>
			10
				-1
				0.0196505 -0.546519 -0.837216 42.4034 -0.482371 0.72829 -0.486736 -18.8594 0.875747 0.413413 -0.249313 -89.6859 0 0 0 1 
				0
				0.0458132 -0.547199 -0.835748 43.8438 -0.475006 0.724058 -0.50011 -24.855 0.878789 0.419897 -0.226752 -88.6851 0 0 0 1 
				1
				0.0702285 -0.547614 -0.833779 45.1789 -0.463379 0.722279 -0.513413 -31.9017 0.883373 0.422411 -0.203028 -87.5412 0 0 0 1 
				2
				0.0934659 -0.547809 -0.831366 46.4414 -0.448819 0.722181 -0.526323 -39.6322 0.888721 0.422326 -0.178368 -86.222 0 0 0 1 
				3
				0.116089 -0.547812 -0.828508 47.663 -0.432656 0.72296 -0.538645 -47.6751 0.894054 0.42099 -0.153086 -84.722 0 0 0 1 
				4
				0.138645 -0.547627 -0.825156 48.8733 -0.416179 0.723842 -0.550316 -55.6706 0.898651 0.41971 -0.127554 -83.0638 0 0 0 1 
				5
				0.161671 -0.547243 -0.821211 50.1012 -0.400684 0.724076 -0.561396 -63.2633 0.90184 0.419807 -0.102209 -81.3003 0 0 0 1 
				6
				0.185711 -0.546631 -0.816521 51.3747 -0.387503 0.722887 -0.57208 -70.0948 0.902969 0.422646 -0.0775729 -79.5128 0 0 0 1 
				7
				0.211289 -0.545742 -0.810878 52.7202 -0.377931 0.719467 -0.582697 -75.8151 0.901402 0.429574 -0.0542375 -77.8056 0 0 0 1 
				8
				0.238902 -0.544498 -0.804019 54.1615 -0.373141 0.712946 -0.593695 -80.0894 0.896488 0.441848 -0.0328506 -76.2961 0 0 0 1 
				9
				0.269019 -0.542794 -0.795615 55.7201 -0.374168 0.702284 -0.605637 -82.5802 0.887483 0.460622 -0.0141683 -75.1074 0 0 0 1 
				10
				0.302076 -0.540499 -0.785246 57.4144 -0.381877 0.686135 -0.619183 -82.9243 0.873453 0.486908 0.000861158 -74.3572 0 0 0 1 
				11
				0.338455 -0.537442 -0.772402 59.2586 -0.396808 0.662774 -0.635039 -80.7289 0.853224 0.521427 0.0110581 -74.1421 0 0 0 1 
				12
				0.392526 -0.531776 -0.750425 61.9589 -0.441778 0.606614 -0.660948 -64.3075 0.806694 0.59096 0.00318448 -76.0827 0 0 0 1 
				13
				0.467782 -0.521594 -0.713526 65.6289 -0.517304 0.493003 -0.699531 -29.2195 0.716642 0.696338 -0.0392048 -79.7199 0 0 0 1 
				14
				0.54788 -0.507358 -0.665144 69.4092 -0.590203 0.329053 -0.737146 12.6038 0.592864 0.796438 -0.119162 -81.5144 0 0 0 1 
				15
				0.618664 -0.491297 -0.613093 72.6231 -0.639565 0.138293 -0.756196 47.4916 0.456303 0.859943 -0.22866 -79.0437 0 0 0 1 
				16
				0.678915 -0.474374 -0.560396 75.2457 -0.665248 -0.0744756 -0.742899 71.0049 0.310676 0.877168 -0.366139 -71.228 0 0 0 1 
				17
				0.734351 -0.45551 -0.503229 77.5419 -0.660509 -0.308742 -0.684402 88.3081 0.156384 0.834979 -0.527594 -56.5474 0 0 0 1 
				18
				0.784595 -0.434783 -0.442012 79.4974 -0.619814 -0.532171 -0.576736 99.8549 0.0155297 0.72647 -0.687023 -35.5236 0 0 0 1 
				19
				0.829289 -0.412337 -0.377171 81.0982 -0.551161 -0.714884 -0.430305 107.009 -0.0922028 0.564729 -0.820109 -10.7477 0 0 0 1 
		</Joint>
			11
				-1
				-0.939693 -1.26141e-06 -0.342019 -7.6771 -7.67859e-07 1 -1.57845e-06 -0.118942 0.342019 -1.22063e-06 -0.939693 -151.705 0 0 0 1 
				0
				-0.939693 -1.19437e-06 -0.342019 -7.67709 0.0163825 0.998852 -0.0450141 -7.05092 0.341626 -0.0479026 -0.938614 -150.472 0 0 0 1 
				1
				-0.939693 -1.12736e-06 -0.342019 -7.67709 0.0351385 0.994708 -0.0965459 -15.3276 0.340209 -0.102741 -0.93472 -149.144 0 0 0 1 
				2
				-0.939693 -1.17924e-06 -0.342019 -7.67708 0.0553738 0.986806 -0.152142 -24.4811 0.337506 -0.161906 -0.927295 -147.646 0 0 0 1 
				3
				-0.939693 -1.22608e-06 -0.342019 -7.67708 0.0761826 0.974877 -0.209314 -34.041 0.333426 -0.222747 -0.916085 -145.931 0 0 0 1 
				4
				-0.939693 -1.00399e-06 -0.342019 -7.67707 0.0966988 0.959199 -0.265682 -43.554 0.328064 -0.282732 -0.901353 -143.989 0 0 0 1 
				5
				-0.939693 -7.936e-07 -0.342019 -7.67707 0.1161 0.940621 -0.318986 -52.5738 0.32171 -0.339457 -0.883895 -141.848 0 0 0 1 
				6
				-0.939693 -9.50134e-07 -0.342019 -7.67706 0.13361 0.920538 -0.367096 -60.6522 0.314841 -0.390655 -0.865023 -139.571 0 0 0 1 
				7
				-0.939693 -7.34525e-07 -0.342019 -7.67706 0.148538 0.900768 -0.40811 -67.3549 0.30808 -0.434301 -0.846445 -137.249 0 0 0 1 
				8
				-0.939693 -6.63771e-07 -0.342018 -7.67706 0.160294 0.883371 -0.440409 -72.2743 0.30213 -0.468673 -0.830098 -134.986 0 0 0 1 
				9
				-0.939693 -4.78703e-07 -0.342018 -7.67706 0.16834 0.870484 -0.462514 -75.0104 0.297722 -0.492196 -0.817988 -132.89 0 0 0 1 
				10
				-0.939693 -5.39993e-07 -0.342019 -7.67706 0.172117 0.864147 -0.472891 -75.1483 0.295555 -0.503239 -0.812033 -131.054 0 0 0 1 
				11
				-0.939693 -3.92756e-07 -0.342019 -7.67707 0.171009 0.866025 -0.469848 -72.2613 0.296197 -0.500001 -0.813798 -129.538 0 0 0 1 
				12
				-0.939693 -5.61431e-07 -0.342019 -7.67707 0.148194 0.901253 -0.407162 -53.1063 0.308246 -0.433293 -0.846901 -129.202 0 0 0 1 
				13
				-0.939693 -6.82662e-07 -0.342019 -7.67709 0.0924185 0.962799 -0.253921 -13.0104 0.329296 -0.270216 -0.904736 -128.808 0 0 0 1 
				14
				-0.939693 -7.71815e-07 -0.342019 -7.67711 0.0144552 0.999107 -0.0397178 34.167 0.341713 -0.0422666 -0.938853 -125.045 0 0 0 1 
				15
				-0.939693 -8.23027e-07 -0.342019 -7.67714 -0.0691627 0.979341 0.190021 73.4702 0.334953 0.202216 -0.92028 -116.334 0 0 0 1 
				16
				-0.939693 -8.50827e-07 -0.34202 -7.67717 -0.154555 0.892075 0.424636 100.584 0.305107 0.451888 -0.838276 -101.699 0 0 0 1 
				17
				-0.939693 -4.54875e-07 -0.34202 -7.67718 -0.238302 0.717317 0.654728 120.419 0.245336 0.696747 -0.674058 -79.4327 0 0 0 1 
				18
				-0.939693 -3.35748e-07 -0.34202 -7.67722 -0.302827 0.464818 0.83201 132.793 0.158977 0.885406 -0.436786 -50.9805 0 0 0 1 
				19
				-0.939693 4.5937e-08 -0.34202 -7.67724 -0.336824 0.173649 0.925416 139.118 0.0593917 0.984808 -0.163177 -19.9638 0 0 0 1 
		</Joint>
			12
				-1
				-0.513063 -0.66133 -0.547183 -25.3577 -0.0983758 0.678586 -0.727904 -0.118957 0.852695 -0.319631 -0.413216 -145.27 0 0 0 1 
				0
				-0.531654 -0.645904 -0.547862 -25.3577 -0.0861827 0.684754 -0.723661 -6.74268 0.842565 -0.337521 -0.419718 -144.044 0 0 0 1 
				1
				-0.548718 -0.631113 -0.548275 -25.3577 -0.0705099 0.688425 -0.721872 -14.6665 0.833028 -0.357445 -0.422251 -142.743 0 0 0 1 
				2
				-0.564705 -0.616678 -0.548468 -25.3577 -0.052642 0.690135 -0.721763 -23.4392 0.823612 -0.378711 -0.422186 -141.296 0 0 0 1 
				3
				-0.580031 -0.602286 -0.548468 -25.3577 -0.033791 0.690512 -0.722532 -32.6076 0.813894 -0.400557 -0.42087 -139.657 0 0 0 1 
				4
				-0.595075 -0.5876 -0.548281 -25.3577 -0.0150687 0.690259 -0.723405 -41.7345 0.803529 -0.422218 -0.41961 -137.816 0 0 0 1 
				5
				-0.610192 -0.572257 -0.547894 -25.3577 0.00247534 0.690183 -0.723631 -50.3893 0.79225 -0.44291 -0.419728 -135.795 0 0 0 1 
				6
				-0.62571 -0.555855 -0.547277 -25.3577 0.0178333 0.691211 -0.722433 -58.1383 0.779852 -0.461794 -0.422585 -133.647 0 0 0 1 
				7
				-0.641922 -0.53796 -0.546384 -25.3577 0.0300938 0.694354 -0.719004 -64.5601 0.766179 -0.477987 -0.429532 -131.452 0 0 0 1 
				8
				-0.659074 -0.518121 -0.545135 -25.3577 0.0385064 0.70064 -0.712475 -69.2583 0.751091 -0.490565 -0.441823 -129.301 0 0 0 1 
				9
				-0.677365 -0.49585 -0.543424 -25.3577 0.0424815 0.711103 -0.701803 -71.843 0.73442 -0.498462 -0.460612 -127.288 0 0 0 1 
				10
				-0.696926 -0.470619 -0.54112 -25.3577 0.041603 0.726748 -0.685644 -71.9099 0.715935 -0.500355 -0.48691 -125.493 0 0 0 1 
				11
				-0.717814 -0.441861 -0.538054 -25.3577 0.0357232 0.748414 -0.66227 -69.0437 0.695318 -0.494607 -0.521437 -123.965 0 0 0 1 
				12
				-0.747589 -0.397105 -0.532371 -25.3577 0.00913315 0.795345 -0.606088 -50.318 0.664099 -0.457967 -0.590964 -123.403 0 0 0 1 
				13
				-0.786266 -0.330355 -0.522159 -25.3577 -0.0382918 0.869499 -0.492447 -11.2715 0.6167 -0.3672 -0.696308 -122.613 0 0 0 1 
				14
				-0.823501 -0.252783 -0.507885 -25.3577 -0.086143 0.94058 -0.328467 34.439 0.560736 -0.226742 -0.796344 -118.616 0 0 0 1 
				15
				-0.852442 -0.177461 -0.491783 -25.3578 -0.12511 0.982542 -0.137691 72.1689 0.507632 -0.0558462 -0.859762 -110.032 0 0 0 1 
				16
				-0.873538 -0.107143 -0.474818 -25.3578 -0.161496 0.984015 0.0750667 97.6763 0.459185 0.142255 -0.876877 -95.9585 0 0 0 1 
				17
				-0.889301 -0.0359321 -0.45591 -25.3578 -0.196156 0.930519 0.309286 115.935 0.413119 0.364478 -0.834559 -74.8166 0 0 0 1 
				18
				-0.899655 0.0357486 -0.435134 -25.3578 -0.225198 0.815838 0.53263 127.095 0.37404 0.577175 -0.725922 -47.9893 0 0 0 1 
				19
				-0.904532 0.107487 -0.412637 -25.3578 -0.248662 0.65316 0.715227 132.78 0.346396 0.749552 -0.564076 -18.8464 0 0 0 1 
		</Joint>
			13
				-1
				-0.0196517 -0.836783 -0.547182 -41.7679 -0.482371 0.487314 -0.727904 -3.26549 0.875746 0.24964 -0.413216 -117.997 0 0 0 1 
				0
				-0.0458144 -0.835314 -0.547861 -42.3626 -0.475006 0.500684 -0.723661 -9.49922 0.878789 0.227084 -0.419718 -117.095 0 0 0 1 
				1
				-0.0702297 -0.833344 -0.548274 -42.9084 -0.463379 0.513985 -0.721872 -16.9217 0.883373 0.203362 -0.422251 -116.099 0 0 0 1 
				2
				-0.093467 -0.830931 -0.548468 -43.4197 -0.44882 0.526895 -0.721763 -25.1229 0.888721 0.178702 -0.422186 -114.953 0 0 0 1 
				3
				-0.11609 -0.828074 -0.548468 -43.9098 -0.432657 0.539218 -0.722532 -33.6884 0.894054 0.153419 -0.42087 -113.625 0 0 0 1 
				4
				-0.138646 -0.824721 -0.548281 -44.391 -0.416179 0.55089 -0.723406 -42.2165 0.898651 0.127886 -0.41961 -112.115 0 0 0 1 
				5
				-0.161672 -0.820777 -0.547894 -44.8745 -0.400684 0.561971 -0.723631 -50.3102 0.901839 0.102542 -0.419728 -110.455 0 0 0 1 
				6
				-0.185712 -0.816088 -0.547277 -45.3709 -0.387503 0.572653 -0.722433 -57.5679 0.902969 0.0779071 -0.422585 -108.704 0 0 0 1 
				7
				-0.21129 -0.810445 -0.546384 -45.8894 -0.377932 0.583267 -0.719005 -63.5975 0.901401 0.0545773 -0.429532 -106.946 0 0 0 1 
				8
				-0.238903 -0.803587 -0.545135 -46.438 -0.373142 0.59426 -0.712475 -68.0267 0.896488 0.0332002 -0.441823 -105.278 0 0 0 1 
				9
				-0.269021 -0.795185 -0.543424 -47.0231 -0.374169 0.606193 -0.701803 -70.4843 0.887483 0.0145328 -0.460612 -103.798 0 0 0 1 
				10
				-0.302078 -0.784817 -0.54112 -47.6487 -0.381878 0.619727 -0.685644 -70.5792 0.873452 -0.000475655 -0.48691 -102.594 0 0 0 1 
				11
				-0.338456 -0.771975 -0.538054 -48.3168 -0.396808 0.635564 -0.66227 -67.9011 0.853224 -0.010645 -0.521437 -101.725 0 0 0 1 
				12
				-0.392527 -0.750003 -0.532371 -49.2692 -0.441779 0.661429 -0.606088 -50.0259 0.806693 -0.00271595 -0.590964 -102.161 0 0 0 1 
				13
				-0.467783 -0.713112 -0.522159 -50.5063 -0.517305 0.699922 -0.492447 -12.4963 0.716641 0.0397576 -0.696308 -102.888 0 0 0 1 
				14
				-0.547881 -0.664741 -0.507885 -51.6972 -0.590204 0.737407 -0.328467 31.6837 0.592863 0.119795 -0.796344 -100.681 0 0 0 1 
				15
				-0.618664 -0.612703 -0.491783 -52.6229 -0.639566 0.756305 -0.137691 68.1673 0.456302 0.229343 -0.859762 -93.7951 0 0 0 1 
				16
				-0.678915 -0.56002 -0.474818 -53.2977 -0.665249 0.742839 0.0750667 92.5109 0.310674 0.366836 -0.876877 -81.2716 0 0 0 1 
				17
				-0.734351 -0.502867 -0.45591 -53.8019 -0.660509 0.684156 0.309286 109.661 0.156384 0.528257 -0.834559 -61.6031 0 0 0 1 
				18
