<?xml version='1.0' encoding='UTF-8' ?>
<itpanim>
	<skeleton count>
		37
			0 -1
			1.37091e-06 -1 -6.12323e-17 1e-06 1 1.37091e-06 -6.12323e-17 -1.37225e-12 6.12323e-17 -6.12323e-17 1 21.9617 0 0 0 1 
			1 0
			1.3868e-06 -2.28068e-12 -1 -21.9617 2.75771e-06 -1 6.10495e-12 1.00008e-06 -1 -2.75771e-06 -1.3868e-06 -3.04564e-05 0 0 0 1 
			2 1
			-0.000205999 -0.000823318 -1 -24.8731 -1.2413e-06 -1 0.000823318 0.0257198 -1 1.41091e-06 0.000205998 0.00512379 0 0 0 1 
			3 2
			-0.000383999 -0.00100932 -0.999999 -31.4555 -1.03656e-06 -0.999999 0.00100932 0.036812 -1 1.42414e-06 0.000383997 0.0107229 0 0 0 1 
			4 3
			-0.000383999 -0.00100932 -0.999999 -38.038 -1.03656e-06 -0.999999 0.00100932 0.0388247 -1 1.42414e-06 0.000383997 0.0107229 0 0 0 1 
			5 4
			1.34309e-06 9.82436e-13 -1 -40.5657 -1.40269e-06 -1 -2.86637e-12 -0.00211895 -1 1.40269e-06 -1.34309e-06 -0.00490874 0 0 0 1 
			6 5
			1 -0 0 0 0 1 0 0 -0 -0 1 -0 0 0 0 1 
			7 4
			0.950432 6.75818e-05 0.310933 10.539 -1.42282e-06 1 -0.000213002 -0.00652172 -0.310933 0.000202002 0.950432 36.5745 0 0 0 1 
			8 7
			0.476976 0.0235788 0.8786 28.6752 0.0457762 0.997617 -0.0516239 -2.17945 -0.877723 0.0648423 0.47476 23.1227 0 0 0 1 
			9 8
			0.476835 0.0205561 0.878752 22.2236 0.0472212 0.997684 -0.0489616 -2.11213 -0.877724 0.0648423 0.47476 23.1227 0 0 0 1 
			10 9
			0.476835 0.0205561 0.878752 15.4032 -0.877686 0.0656367 0.474721 23.121 -0.04792 -0.997632 0.0493396 2.13054 0 0 0 1 
			11 10
			1 -0 0 0 0 1 0 0 -0 -0 1 -0 0 0 0 1 
			12 11
			1 -0 0 0 0 1 0 0 -0 -0 1 -0 0 0 0 1 
			13 12
			1 -0 0 0 0 1 0 0 -0 -0 1 -0 0 0 0 1 
			14 10
			1 -0 0 0 0 1 0 0 -0 -0 1 -0 0 0 0 1 
			15 14
			1 -0 0 0 0 1 0 0 -0 -0 1 -0 0 0 0 1 
			16 15
			1 -0 0 0 0 1 0 0 -0 -0 1 -0 0 0 0 1 
			17 4
			-0.950193 6.50589e-05 0.311663 10.5594 -1.39561e-06 1 -0.000213002 -0.00652172 -0.311663 -0.000202828 -0.950193 -36.5678 0 0 0 1 
			18 17
			-0.476976 0.0235775 0.8786 28.6676 -0.045779 0.997617 -0.0516239 -2.17948 -0.877723 -0.0648447 -0.47476 -23.1259 0 0 0 1 
			19 18
			-0.476835 0.0205548 0.878752 22.216 -0.0472239 0.997684 -0.0489616 -2.11218 -0.877723 -0.0648447 -0.47476 -23.1259 0 0 0 1 
			20 19
			-0.476835 0.0205547 0.878752 15.3956 0.877685 0.0656391 0.474721 23.1242 -0.0479228 0.997632 -0.0493396 -2.13059 0 0 0 1 
			21 20
			1 -0 0 0 0 1 0 0 -0 -0 1 -0 0 0 0 1 
			22 21
			1 -0 0 0 0 1 0 0 -0 -0 1 -0 0 0 0 1 
			23 22
			1 -0 0 0 0 1 0 0 -0 -0 1 -0 0 0 0 1 
			24 20
			1 -0 0 0 0 1 0 0 -0 -0 1 -0 0 0 0 1 
			25 24
			1 -0 0 0 0 1 0 0 -0 -0 1 -0 0 0 0 1 
			26 25
			1 -0 0 0 0 1 0 0 -0 -0 1 -0 0 0 0 1 
			27 2
			1.37369e-06 -0.0998331 0.995004 21.852 0 -0.995004 -0.0998331 -2.1925 1 1.3714e-07 -1.36683e-06 -4.26131 0 0 0 1 
			28 27
			1.37369e-06 0.0998335 0.995004 12.303 0 -0.995004 0.0998335 0.256849 1 -1.3714e-07 -1.36683e-06 -4.26131 0 0 0 1 
			29 28
			1.3716e-06 -6.00745e-14 1 2.57273 0 -1 -6.00745e-14 4.22662e-06 1 8.23984e-20 -1.3716e-06 -4.26131 0 0 0 1 
			30 29
			1.3723e-06 -1 -6.00133e-14 -5.50713 0 6.00133e-14 -1 -0.331805 1 1.3723e-06 8.23562e-20 -4.26131 0 0 0 1 
			31 30
			1 -0 0 0 0 1 0 0 -0 -0 1 -0 0 0 0 1 
			32 2
			1.37369e-06 -0.0998331 0.995004 21.852 0 -0.995004 -0.0998331 -2.1925 1 1.3714e-07 -1.36683e-06 4.26131 0 0 0 1 
			33 32
			1.37369e-06 0.0998335 0.995004 12.303 0 -0.995004 0.0998335 0.256849 1 -1.3714e-07 -1.36683e-06 4.26131 0 0 0 1 
			34 33
			1.3716e-06 -6.00745e-14 1 2.57273 0 -1 -6.00745e-14 4.22662e-06 1 8.23984e-20 -1.3716e-06 4.26131 0 0 0 1 
			35 34
			1.3723e-06 -1 -6.00133e-14 -5.50713 0 6.00133e-14 -1 -0.331804 1 1.3723e-06 8.23562e-20 4.26131 0 0 0 1 
			36 35
			1 -0 0 0 0 1 0 0 -0 -0 1 -0 0 0 0 1 
	</skeleton>
		<animations>
			33
			0
				-1
				-0.573575 0.819153 -2.02144e-33 0 -0.819153 -0.573575 -1.36318e-32 8.9233e-07 -1.2326e-32 -6.16298e-33 1 -20.3382 0 0 0 1 
				0
				-0.573575 0.819153 -2.02144e-33 0 -0.819153 -0.573575 -1.36318e-32 8.9233e-07 -1.2326e-32 -6.16298e-33 1 -20.3732 0 0 0 1 
				1
				-0.573575 0.819153 -2.02144e-33 0 -0.819153 -0.573575 -1.36318e-32 8.9233e-07 -1.2326e-32 -6.16298e-33 1 -20.4116 0 0 0 1 
				2
				-0.573575 0.819153 -2.02144e-33 0 -0.819153 -0.573575 -1.36318e-32 8.9233e-07 -1.2326e-32 -6.16298e-33 1 -20.4525 0 0 0 1 
				3
				-0.573575 0.819153 -2.02144e-33 0 -0.819153 -0.573575 -1.36318e-32 8.9233e-07 -1.2326e-32 -6.16298e-33 1 -20.4953 0 0 0 1 
				4
				-0.573575 0.819153 -2.02144e-33 0 -0.819153 -0.573575 -1.36318e-32 8.9233e-07 -1.2326e-32 -6.16298e-33 1 -20.5391 0 0 0 1 
				5
				-0.573575 0.819153 -2.02144e-33 0 -0.819153 -0.573575 -1.36318e-32 8.9233e-07 -1.2326e-32 -6.16298e-33 1 -20.5831 0 0 0 1 
				6
				-0.573575 0.819153 -2.02144e-33 0 -0.819153 -0.573575 -1.36318e-32 8.9233e-07 -1.2326e-32 -6.16298e-33 1 -20.6267 0 0 0 1 
				7
				-0.573575 0.819153 -2.02144e-33 0 -0.819153 -0.573575 -1.36318e-32 8.9233e-07 -1.2326e-32 -6.16298e-33 1 -20.6689 0 0 0 1 
				8
				-0.573575 0.819153 -2.02144e-33 0 -0.819153 -0.573575 -1.36318e-32 8.9233e-07 -1.2326e-32 -6.16298e-33 1 -20.7091 0 0 0 1 
				9
				-0.573575 0.819153 -2.02144e-33 0 -0.819153 -0.573575 -1.36318e-32 8.9233e-07 -1.2326e-32 -6.16298e-33 1 -20.7464 0 0 0 1 
				10
				-0.573575 0.819153 -2.02144e-33 0 -0.819153 -0.573575 -1.36318e-32 8.9233e-07 -1.2326e-32 -6.16298e-33 1 -20.7801 0 0 0 1 
				11
				-0.573575 0.819153 -2.02144e-33 0 -0.819153 -0.573575 -1.36318e-32 8.9233e-07 -1.2326e-32 -6.16298e-33 1 -20.8095 0 0 0 1 
				12
				-0.573575 0.819153 -2.02144e-33 0 -0.819153 -0.573575 -1.36318e-32 8.9233e-07 -1.2326e-32 -6.16298e-33 1 -20.8336 0 0 0 1 
				13
				-0.573575 0.819153 -3.53493e-33 0 -0.819153 -0.573575 -5.04842e-33 8.9233e-07 -6.16298e-33 -0 1 -20.8518 0 0 0 1 
				14
				-0.573575 0.819153 -2.02144e-33 0 -0.819153 -0.573575 -1.36318e-32 8.9233e-07 -1.2326e-32 -6.16298e-33 1 -20.8633 0 0 0 1 
				15
				-0.573575 0.819153 -2.02144e-33 0 -0.819153 -0.573575 -1.36318e-32 8.9233e-07 -1.2326e-32 -6.16298e-33 1 -20.8673 0 0 0 1 
				16
				-0.573575 0.819153 -2.02144e-33 0 -0.819153 -0.573575 -1.36318e-32 8.9233e-07 -1.2326e-32 -6.16298e-33 1 -20.8633 0 0 0 1 
				17
				-0.573575 0.819153 -3.53493e-33 0 -0.819153 -0.573575 -5.04842e-33 8.9233e-07 -6.16298e-33 -0 1 -20.8518 0 0 0 1 
				18
				-0.573575 0.819153 -2.02144e-33 0 -0.819153 -0.573575 -1.36318e-32 8.9233e-07 -1.2326e-32 -6.16298e-33 1 -20.8336 0 0 0 1 
				19
				-0.573575 0.819153 -2.02144e-33 0 -0.819153 -0.573575 -1.36318e-32 8.9233e-07 -1.2326e-32 -6.16298e-33 1 -20.8095 0 0 0 1 
				20
				-0.573575 0.819153 -2.02144e-33 0 -0.819153 -0.573575 -1.36318e-32 8.9233e-07 -1.2326e-32 -6.16298e-33 1 -20.7801 0 0 0 1 
				21
				-0.573575 0.819153 -2.02144e-33 0 -0.819153 -0.573575 -1.36318e-32 8.9233e-07 -1.2326e-32 -6.16298e-33 1 -20.7464 0 0 0 1 
				22
				-0.573575 0.819153 -2.02144e-33 0 -0.819153 -0.573575 -1.36318e-32 8.9233e-07 -1.2326e-32 -6.16298e-33 1 -20.7091 0 0 0 1 
				23
				-0.573575 0.819153 -2.02144e-33 0 -0.819153 -0.573575 -1.36318e-32 8.9233e-07 -1.2326e-32 -6.16298e-33 1 -20.6689 0 0 0 1 
				24
				-0.573575 0.819153 -2.02144e-33 0 -0.819153 -0.573575 -1.36318e-32 8.9233e-07 -1.2326e-32 -6.16298e-33 1 -20.6267 0 0 0 1 
				25
				-0.573575 0.819153 -2.02144e-33 0 -0.819153 -0.573575 -1.36318e-32 8.9233e-07 -1.2326e-32 -6.16298e-33 1 -20.5831 0 0 0 1 
				26
				-0.573575 0.819153 -2.02144e-33 0 -0.819153 -0.573575 -1.36318e-32 8.9233e-07 -1.2326e-32 -6.16298e-33 1 -20.5391 0 0 0 1 
				27
				-0.573575 0.819153 -2.02144e-33 0 -0.819153 -0.573575 -1.36318e-32 8.9233e-07 -1.2326e-32 -6.16298e-33 1 -20.4953 0 0 0 1 
				28
				-0.573575 0.819153 -2.02144e-33 0 -0.819153 -0.573575 -1.36318e-32 8.9233e-07 -1.2326e-32 -6.16298e-33 1 -20.4525 0 0 0 1 
				29
				-0.573575 0.819153 -3.53493e-33 0 -0.819153 -0.573575 -5.04842e-33 8.9233e-07 -6.16298e-33 -0 1 -20.4116 0 0 0 1 
				30
				-0.573575 0.819153 -2.02144e-33 0 -0.819153 -0.573575 -1.36318e-32 8.9233e-07 -1.2326e-32 -6.16298e-33 1 -20.3732 0 0 0 1 
				31
				-0.573575 0.819153 -2.02144e-33 0 -0.819153 -0.573575 -1.36318e-32 8.9233e-07 -1.2326e-32 -6.16298e-33 1 -20.3382 0 0 0 1 
		</Joint>
			1
				-1
				1.33158e-06 -0.573574 -0.819154 0 0 -0.819154 0.573574 8.9233e-07 -1 -7.6376e-07 -1.09077e-06 -20.3382 0 0 0 1 
				0
				1.33158e-06 -0.573574 -0.819154 0 0 -0.819154 0.573574 8.9233e-07 -1 -7.6376e-07 -1.09077e-06 -20.3732 0 0 0 1 
				1
				1.33158e-06 -0.573574 -0.819154 0 0 -0.819154 0.573574 8.9233e-07 -1 -7.6376e-07 -1.09077e-06 -20.4116 0 0 0 1 
				2
				1.33158e-06 -0.573574 -0.819154 0 0 -0.819154 0.573574 8.9233e-07 -1 -7.6376e-07 -1.09077e-06 -20.4525 0 0 0 1 
				3
				1.33158e-06 -0.573574 -0.819154 0 0 -0.819154 0.573574 8.9233e-07 -1 -7.6376e-07 -1.09077e-06 -20.4953 0 0 0 1 
				4
				1.33158e-06 -0.573574 -0.819154 0 0 -0.819154 0.573574 8.9233e-07 -1 -7.6376e-07 -1.09077e-06 -20.5391 0 0 0 1 
				5
				1.33158e-06 -0.573574 -0.819154 0 0 -0.819154 0.573574 8.9233e-07 -1 -7.6376e-07 -1.09077e-06 -20.5831 0 0 0 1 
				6
				1.33158e-06 -0.573574 -0.819154 0 0 -0.819154 0.573574 8.9233e-07 -1 -7.6376e-07 -1.09077e-06 -20.6267 0 0 0 1 
				7
				1.33158e-06 -0.573574 -0.819154 0 0 -0.819154 0.573574 8.9233e-07 -1 -7.6376e-07 -1.09077e-06 -20.6689 0 0 0 1 
				8
				1.33158e-06 -0.573574 -0.819154 0 0 -0.819154 0.573574 8.9233e-07 -1 -7.6376e-07 -1.09077e-06 -20.7091 0 0 0 1 
				9
				1.33158e-06 -0.573574 -0.819154 0 0 -0.819154 0.573574 8.9233e-07 -1 -7.6376e-07 -1.09077e-06 -20.7464 0 0 0 1 
				10
				1.33158e-06 -0.573574 -0.819154 0 0 -0.819154 0.573574 8.9233e-07 -1 -7.6376e-07 -1.09077e-06 -20.7801 0 0 0 1 
				11
				1.33158e-06 -0.573574 -0.819154 0 0 -0.819154 0.573574 8.9233e-07 -1 -7.6376e-07 -1.09077e-06 -20.8095 0 0 0 1 
				12
				1.33158e-06 -0.573574 -0.819154 0 0 -0.819154 0.573574 8.9233e-07 -1 -7.6376e-07 -1.09077e-06 -20.8336 0 0 0 1 
				13
				1.33158e-06 -0.573574 -0.819153 0 0 -0.819153 0.573574 8.9233e-07 -1 -7.6376e-07 -1.09077e-06 -20.8518 0 0 0 1 
				14
				1.33158e-06 -0.573574 -0.819154 0 0 -0.819154 0.573574 8.9233e-07 -1 -7.6376e-07 -1.09077e-06 -20.8633 0 0 0 1 
				15
				1.33158e-06 -0.573574 -0.819154 0 0 -0.819154 0.573574 8.9233e-07 -1 -7.6376e-07 -1.09077e-06 -20.8673 0 0 0 1 
				16
				1.33158e-06 -0.573574 -0.819154 0 0 -0.819154 0.573574 8.9233e-07 -1 -7.6376e-07 -1.09077e-06 -20.8633 0 0 0 1 
				17
				1.33158e-06 -0.573574 -0.819153 0 0 -0.819153 0.573574 8.9233e-07 -1 -7.6376e-07 -1.09077e-06 -20.8518 0 0 0 1 
				18
				1.33158e-06 -0.573574 -0.819154 0 0 -0.819154 0.573574 8.9233e-07 -1 -7.6376e-07 -1.09077e-06 -20.8336 0 0 0 1 
				19
				1.33158e-06 -0.573574 -0.819154 0 0 -0.819154 0.573574 8.9233e-07 -1 -7.6376e-07 -1.09077e-06 -20.8095 0 0 0 1 
				20
				1.33158e-06 -0.573574 -0.819154 0 0 -0.819154 0.573574 8.9233e-07 -1 -7.6376e-07 -1.09077e-06 -20.7801 0 0 0 1 
				21
				1.33158e-06 -0.573574 -0.819154 0 0 -0.819154 0.573574 8.9233e-07 -1 -7.6376e-07 -1.09077e-06 -20.7464 0 0 0 1 
				22
				1.33158e-06 -0.573574 -0.819154 0 0 -0.819154 0.573574 8.9233e-07 -1 -7.6376e-07 -1.09077e-06 -20.7091 0 0 0 1 
				23
				1.33158e-06 -0.573574 -0.819154 0 0 -0.819154 0.573574 8.9233e-07 -1 -7.6376e-07 -1.09077e-06 -20.6689 0 0 0 1 
				24
				1.33158e-06 -0.573574 -0.819154 0 0 -0.819154 0.573574 8.9233e-07 -1 -7.6376e-07 -1.09077e-06 -20.6267 0 0 0 1 
				25
				1.33158e-06 -0.573574 -0.819154 0 0 -0.819154 0.573574 8.9233e-07 -1 -7.6376e-07 -1.09077e-06 -20.5831 0 0 0 1 
				26
				1.33158e-06 -0.573574 -0.819154 0 0 -0.819154 0.573574 8.9233e-07 -1 -7.6376e-07 -1.09077e-06 -20.5391 0 0 0 1 
				27
				1.33158e-06 -0.573574 -0.819154 0 0 -0.819154 0.573574 8.9233e-07 -1 -7.6376e-07 -1.09077e-06 -20.4953 0 0 0 1 
				28
				1.33158e-06 -0.573574 -0.819154 0 0 -0.819154 0.573574 8.9233e-07 -1 -7.6376e-07 -1.09077e-06 -20.4525 0 0 0 1 
				29
				1.33158e-06 -0.573574 -0.819153 0 0 -0.819153 0.573574 8.9233e-07 -1 -7.6376e-07 -1.09077e-06 -20.4116 0 0 0 1 
				30
				1.33158e-06 -0.573574 -0.819154 0 0 -0.819154 0.573574 8.9233e-07 -1 -7.6376e-07 -1.09077e-06 -20.3732 0 0 0 1 
				31
				1.33158e-06 -0.573574 -0.819154 0 0 -0.819154 0.573574 8.9233e-07 -1 -7.6376e-07 -1.09077e-06 -20.3382 0 0 0 1 
		</Joint>
			2
				-1
				-0.000271969 -0.342021 -0.939692 0.00179375 -0.000750183 -0.939692 0.342021 0.00491972 -1 0.00079796 -1.01208e-06 -23.2497 0 0 0 1 
				0
				0.0017024 -0.342017 -0.939692 0.00179372 0.00467437 -0.93968 0.342021 0.00491965 -0.999988 -0.00497473 -9.96403e-07 -23.2846 0 0 0 1 
				1
				0.00386686 -0.342 -0.939692 0.00179362 0.0106212 -0.939632 0.342021 0.00491939 -0.999936 -0.0113032 -9.7882e-07 -23.323 0 0 0 1 
				2
				0.00617687 -0.341966 -0.939692 0.00179344 0.0169679 -0.939539 0.342021 0.00491886 -0.999837 -0.0180573 -9.58325e-07 -23.3639 0 0 0 1 
				3
				0.00858789 -0.341914 -0.939692 0.00179316 0.0235922 -0.939396 0.342021 0.00491814 -0.999685 -0.0251066 -9.4006e-07 -23.4066 0 0 0 1 
				4
				0.0110567 -0.341843 -0.939692 0.00179278 0.0303753 -0.939201 0.342021 0.00491708 -0.999477 -0.0323251 -9.22932e-07 -23.4504 0 0 0 1 
				5
				0.0135403 -0.341753 -0.939692 0.00179231 0.0371988 -0.938956 0.342021 0.00491578 -0.999216 -0.0395865 -8.99491e-07 -23.4944 0 0 0 1 
				6
				0.015994 -0.341647 -0.939692 0.00179176 0.0439404 -0.938664 0.342021 0.00491425 -0.998906 -0.0467607 -8.80104e-07 -23.5379 0 0 0 1 
				7
				0.0183734 -0.341528 -0.939692 0.00179111 0.0504778 -0.938335 0.342021 0.00491246 -0.998556 -0.0537177 -8.60671e-07 -23.5801 0 0 0 1 
				8
				0.0206356 -0.341398 -0.939692 0.00179043 0.0566931 -0.93798 0.342021 0.00491061 -0.998178 -0.0603318 -8.43666e-07 -23.6202 0 0 0 1 
				9
				0.0227376 -0.341265 -0.939692 0.00178973 0.0624683 -0.937613 0.342021 0.00490866 -0.997788 -0.0664777 -8.23729e-07 -23.6575 0 0 0 1 
				10
				0.0246352 -0.341133 -0.939692 0.00178906 0.067682 -0.937252 0.342021 0.00490677 -0.997403 -0.072026 -8.04806e-07 -23.6912 0 0 0 1 
				11
				0.0262844 -0.34101 -0.939692 0.00178836 0.0722131 -0.936913 0.342021 0.00490494 -0.997043 -0.0768479 -7.99922e-07 -23.7205 0 0 0 1 
				12
				0.0276424 -0.340903 -0.939692 0.00178782 0.0759443 -0.936618 0.342021 0.00490339 -0.996729 -0.0808186 -7.91722e-07 -23.7446 0 0 0 1 
				13
				0.0286667 -0.340818 -0.939692 0.00178738 0.0787585 -0.936386 0.342021 0.00490216 -0.996481 -0.0838134 -7.74554e-07 -23.7629 0 0 0 1 
				14
				0.0293133 -0.340763 -0.939692 0.00178709 0.0805349 -0.936235 0.342021 0.00490132 -0.996321 -0.0857038 -7.68339e-07 -23.7743 0 0 0 1 
				15
				0.029538 -0.340744 -0.939692 0.00178697 0.0811523 -0.936181 0.342021 0.00490115 -0.996264 -0.0863608 -7.76202e-07 -23.7783 0 0 0 1 
				16
				0.0293133 -0.340763 -0.939692 0.00178709 0.0805349 -0.936235 0.342021 0.00490137 -0.996321 -0.0857038 -7.68764e-07 -23.7744 0 0 0 1 
				17
				0.0286667 -0.340818 -0.939692 0.00178737 0.0787586 -0.936386 0.342021 0.00490216 -0.996481 -0.0838134 -7.78862e-07 -23.7629 0 0 0 1 
				18
				0.0276424 -0.340903 -0.939692 0.00178782 0.0759443 -0.936618 0.342021 0.00490339 -0.996729 -0.0808186 -7.91722e-07 -23.7446 0 0 0 1 
				19
				0.0262844 -0.34101 -0.939692 0.00178836 0.0722131 -0.936913 0.342021 0.00490494 -0.997043 -0.0768479 -7.99922e-07 -23.7205 0 0 0 1 
				20
				0.0246352 -0.341133 -0.939692 0.00178903 0.067682 -0.937252 0.342022 0.00490677 -0.997403 -0.072026 -8.06953e-07 -23.6912 0 0 0 1 
				21
				0.0227376 -0.341265 -0.939692 0.00178973 0.0624683 -0.937613 0.342021 0.00490866 -0.997788 -0.0664777 -8.2696e-07 -23.6575 0 0 0 1 
				22
				0.0206356 -0.341398 -0.939692 0.00179043 0.0566931 -0.93798 0.342021 0.00491061 -0.998178 -0.0603318 -8.4582e-07 -23.6202 0 0 0 1 
				23
				0.0183734 -0.341528 -0.939692 0.00179114 0.0504778 -0.938335 0.342021 0.00491251 -0.998556 -0.0537177 -8.60671e-07 -23.5801 0 0 0 1 
				24
				0.015994 -0.341647 -0.939692 0.00179176 0.0439404 -0.938664 0.342021 0.00491425 -0.998906 -0.0467607 -8.81108e-07 -23.5379 0 0 0 1 
				25
				0.0135403 -0.341753 -0.939692 0.00179231 0.0371988 -0.938955 0.342021 0.00491577 -0.999216 -0.0395865 -9.01299e-07 -23.4944 0 0 0 1 
				26
				0.0110567 -0.341843 -0.939692 0.00179278 0.0303753 -0.939201 0.342021 0.00491707 -0.999477 -0.0323251 -9.20385e-07 -23.4504 0 0 0 1 
				27
				0.00858789 -0.341914 -0.939692 0.00179316 0.0235922 -0.939396 0.342021 0.00491812 -0.999685 -0.0251066 -9.40096e-07 -23.4066 0 0 0 1 
				28
				0.00617687 -0.341966 -0.939692 0.00179344 0.0169679 -0.939539 0.342021 0.00491888 -0.999837 -0.0180573 -9.59356e-07 -23.3639 0 0 0 1 
				29
				0.00386686 -0.342 -0.939692 0.00179362 0.0106212 -0.939632 0.342021 0.00491938 -0.999936 -0.0113032 -9.7872e-07 -23.323 0 0 0 1 
				30
				0.0017024 -0.342017 -0.939692 0.00179372 0.00467437 -0.93968 0.342021 0.00491965 -0.999988 -0.00497473 -9.96421e-07 -23.2846 0 0 0 1 
				31
				-0.000271969 -0.342021 -0.939692 0.00179375 -0.000750183 -0.939692 0.342021 0.00491972 -1 0.00079796 -1.01208e-06 -23.2497 0 0 0 1 
		</Joint>
			3
				-1
				-6.90265e-05 -0.0871571 -0.996195 0.000460345 -0.000795174 -0.996194 0.0871571 0.00520317 -1 0.000798165 -5.41232e-07 -29.8321 0 0 0 1 
				0
				0.0024084 -0.0871409 -0.996193 0.0134564 0.01038 -0.99614 0.0871613 0.0409095 -0.999943 -0.0105504 -0.00149459 -29.8669 0 0 0 1 
				1
				0.00512391 -0.0870805 -0.996188 0.0277033 0.0226298 -0.995936 0.0871749 0.0800527 -0.999731 -0.0229902 -0.00313247 -29.9048 0 0 0 1 
				2
				0.00802097 -0.0869677 -0.996179 0.042908 0.0357005 -0.995551 0.0872003 0.121827 -0.99933 -0.0362635 -0.00488049 -29.945 0 0 0 1 
				3
				0.0110429 -0.0867964 -0.996165 0.0587772 0.0493376 -0.994965 0.0872388 0.165427 -0.998721 -0.0501118 -0.00670493 -29.9867 0 0 0 1 
				4
				0.0141346 -0.0865642 -0.996146 0.0750266 0.0632946 -0.99417 0.0872906 0.210071 -0.997895 -0.0642845 -0.00857313 -30.029 0 0 0 1 
				5
				0.0172412 -0.0862727 -0.996122 0.0913723 0.077325 -0.993172 0.0873555 0.25498 -0.996857 -0.0785313 -0.0104524 -30.0712 0 0 0 1 
				6
				0.0203063 -0.0859278 -0.996094 0.107521 0.0911753 -0.991989 0.0874323 0.299348 -0.995628 -0.0925947 -0.0123091 -30.1126 0 0 0 1 
				7
				0.0232739 -0.0855391 -0.996063 0.123181 0.104593 -0.990657 0.0875187 0.342371 -0.994243 -0.106219 -0.0141096 -30.1524 0 0 0 1 
				8
				0.0260904 -0.0851202 -0.996029 0.138069 0.117337 -0.98922 0.0876118 0.383273 -0.99275 -0.119157 -0.0158214 -30.19 0 0 0 1 
				9
				0.0287026 -0.0846879 -0.995994 0.151902 0.129165 -0.987737 0.0877081 0.421278 -0.991208 -0.131165 -0.0174119 -30.2247 0 0 0 1 
				10
				0.0310565 -0.0842619 -0.99596 0.16439 0.139831 -0.986275 0.0878028 0.455588 -0.989688 -0.141993 -0.0188478 -30.2558 0 0 0 1 
				11
				0.0330985 -0.0838642 -0.995927 0.175243 0.14909 -0.98491 0.0878912 0.485404 -0.98827 -0.151392 -0.0200957 -30.2827 0 0 0 1 
				12
				0.0347773 -0.0835174 -0.995899 0.18418 0.156707 -0.98372 0.0879683 0.509957 -0.987032 -0.159124 -0.0211233 -30.3047 0 0 0 1 
				13
				0.0360418 -0.0832447 -0.995877 0.19092 0.162448 -0.982782 0.0880292 0.528475 -0.986059 -0.164951 -0.0218984 -30.3213 0 0 0 1 
				14
				0.0368392 -0.0830672 -0.995863 0.195175 0.166069 -0.982174 0.0880686 0.540164 -0.985426 -0.168626 -0.0223876 -30.3317 0 0 0 1 
				15
				0.0371162 -0.0830046 -0.995858 0.196654 0.167327 -0.981959 0.0880825 0.544227 -0.985203 -0.169903 -0.0225576 -30.3353 0 0 0 1 
				16
				0.0368392 -0.0830672 -0.995863 0.195175 0.166069 -0.982174 0.0880686 0.540164 -0.985426 -0.168626 -0.0223876 -30.3317 0 0 0 1 
				17
				0.0360418 -0.0832447 -0.995877 0.19092 0.162448 -0.982782 0.0880292 0.528475 -0.986059 -0.164951 -0.0218984 -30.3213 0 0 0 1 
				18
				0.0347773 -0.0835174 -0.995899 0.18418 0.156707 -0.98372 0.0879683 0.509957 -0.987032 -0.159124 -0.0211233 -30.3047 0 0 0 1 
				19
				0.0330985 -0.0838642 -0.995927 0.175243 0.14909 -0.98491 0.0878912 0.485404 -0.98827 -0.151392 -0.0200957 -30.2827 0 0 0 1 
				20
				0.0310565 -0.084262 -0.995959 0.16439 0.139831 -0.986275 0.0878029 0.455588 -0.989688 -0.141992 -0.0188478 -30.2558 0 0 0 1 
				21
				0.0287026 -0.0846879 -0.995994 0.151902 0.129165 -0.987737 0.087708 0.421278 -0.991208 -0.131165 -0.0174119 -30.2247 0 0 0 1 
				22
				0.0260904 -0.0851201 -0.996029 0.138069 0.117337 -0.98922 0.0876118 0.383273 -0.99275 -0.119157 -0.0158214 -30.19 0 0 0 1 
				23
				0.0232739 -0.0855391 -0.996063 0.123181 0.104594 -0.990657 0.0875187 0.342371 -0.994243 -0.106219 -0.0141096 -30.1524 0 0 0 1 
				24
				0.0203063 -0.0859278 -0.996094 0.107521 0.0911753 -0.991989 0.0874323 0.299348 -0.995628 -0.0925947 -0.0123091 -30.1126 0 0 0 1 
				25
				0.0172412 -0.0862727 -0.996122 0.0913724 0.077325 -0.993171 0.0873555 0.25498 -0.996857 -0.0785312 -0.0104524 -30.0712 0 0 0 1 
				26
				0.0141346 -0.0865642 -0.996146 0.0750266 0.0632946 -0.99417 0.0872906 0.210071 -0.997895 -0.0642845 -0.00857313 -30.029 0 0 0 1 
				27
				0.0110429 -0.0867965 -0.996165 0.0587772 0.0493376 -0.994965 0.0872388 0.165427 -0.998721 -0.0501118 -0.00670493 -29.9867 0 0 0 1 
				28
				0.00802097 -0.0869677 -0.996179 0.042908 0.0357005 -0.995551 0.0872003 0.121827 -0.99933 -0.0362635 -0.00488049 -29.945 0 0 0 1 
				29
				0.00512391 -0.0870807 -0.996188 0.0277033 0.0226298 -0.995936 0.087175 0.0800527 -0.999731 -0.0229902 -0.00313247 -29.9048 0 0 0 1 
				30
				0.0024084 -0.0871409 -0.996193 0.0134564 0.01038 -0.99614 0.0871613 0.0409095 -0.999943 -0.0105504 -0.00149459 -29.8669 0 0 0 1 
				31
				-6.90265e-05 -0.0871571 -0.996195 0.000460345 -0.000795174 -0.996194 0.0871571 0.00520317 -1 0.000798165 -5.41232e-07 -29.8321 0 0 0 1 
		</Joint>
			4
				-1
				-6.90265e-05 -0.0871571 -0.996195 0.000181402 -0.000795174 -0.996194 0.0871571 0.00197407 -1 0.000798165 -5.4124e-07 -36.4145 0 0 0 1 
				0
				0.0024084 -0.0871409 -0.996193 0.0294849 0.01038 -0.99614 0.0871613 0.11124 -0.999943 -0.0105504 -0.00149459 -36.4489 0 0 0 1 
				1
				0.00512391 -0.0870805 -0.996188 0.0616064 0.0226298 -0.995936 0.0871749 0.231016 -0.999731 -0.0229902 -0.00313247 -36.4855 0 0 0 1 
				2
				0.00802097 -0.0869677 -0.996179 0.0958805 0.0357005 -0.995551 0.0872003 0.358827 -0.999331 -0.0362635 -0.00488049 -36.523 0 0 0 1 
				3
				0.0110429 -0.0867964 -0.996165 0.131641 0.0493376 -0.994965 0.0872388 0.492191 -0.998721 -0.0501118 -0.00670493 -36.5606 0 0 0 1 
				4
				0.0141346 -0.0865642 -0.996146 0.168241 0.0632946 -0.99417 0.0872906 0.628704 -0.997895 -0.0642845 -0.00857313 -36.5974 0 0 0 1 
				5
				0.0172412 -0.0862727 -0.996122 0.205035 0.077325 -0.993172 0.0873555 0.765965 -0.996857 -0.0785313 -0.0104524 -36.6328 0 0 0 1 
				6
				0.0203063 -0.0859278 -0.996094 0.241359 0.0911753 -0.991989 0.0874323 0.901499 -0.995628 -0.0925947 -0.0123091 -36.6661 0 0 0 1 
				7
				0.0232739 -0.085539 -0.996063 0.276552 0.104593 -0.990657 0.0875187 1.03284 -0.994243 -0.106219 -0.0141096 -36.6968 0 0 0 1 
				8
				0.0260904 -0.0851202 -0.996029 0.309978 0.117337 -0.98922 0.0876118 1.15763 -0.99275 -0.119157 -0.0158214 -36.7245 0 0 0 1 
				9
				0.0287026 -0.0846879 -0.995994 0.341005 0.129165 -0.987737 0.0877081 1.27348 -0.991208 -0.131165 -0.0174119 -36.749 0 0 0 1 
				10
				0.0310565 -0.0842619 -0.99596 0.368987 0.139831 -0.986275 0.0878028 1.378 -0.989688 -0.141992 -0.0188478 -36.7701 0 0 0 1 
				11
				0.0330985 -0.0838642 -0.995927 0.39328 0.14909 -0.98491 0.0878912 1.46876 -0.98827 -0.151392 -0.0200957 -36.7876 0 0 0 1 
				12
				0.0347773 -0.0835174 -0.995899 0.413267 0.156707 -0.98372 0.0879683 1.54345 -0.987032 -0.159124 -0.0211233 -36.8014 0 0 0 1 
				13
				0.0360418 -0.0832447 -0.995877 0.42833 0.162448 -0.982782 0.0880292 1.59975 -0.986059 -0.164951 -0.0218984 -36.8116 0 0 0 1 
				14
				0.0368392 -0.0830672 -0.995863 0.437833 0.166069 -0.982174 0.0880686 1.63528 -0.985426 -0.168627 -0.0223876 -36.8178 0 0 0 1 
				15
				0.0371162 -0.0830046 -0.995858 0.441135 0.167327 -0.981959 0.0880825 1.64762 -0.985203 -0.169903 -0.0225576 -36.82 0 0 0 1 
				16
				0.0368392 -0.0830672 -0.995863 0.437833 0.166069 -0.982174 0.0880686 1.63528 -0.985426 -0.168627 -0.0223876 -36.8178 0 0 0 1 
				17
				0.0360418 -0.0832447 -0.995877 0.42833 0.162448 -0.982782 0.0880292 1.59975 -0.986059 -0.164951 -0.0218984 -36.8116 0 0 0 1 
				18
				0.0347773 -0.0835174 -0.995899 0.413267 0.156707 -0.98372 0.0879683 1.54345 -0.987032 -0.159124 -0.0211233 -36.8014 0 0 0 1 
				19
				0.0330985 -0.0838642 -0.995927 0.39328 0.14909 -0.98491 0.0878912 1.46876 -0.98827 -0.151392 -0.0200957 -36.7876 0 0 0 1 
				20
				0.0310565 -0.084262 -0.995959 0.368986 0.139831 -0.986275 0.0878029 1.378 -0.989688 -0.141992 -0.0188478 -36.7701 0 0 0 1 
				21
				0.0287026 -0.0846879 -0.995994 0.341005 0.129165 -0.987737 0.087708 1.27348 -0.991208 -0.131165 -0.0174119 -36.749 0 0 0 1 
				22
				0.0260904 -0.0851201 -0.996029 0.309978 0.117337 -0.98922 0.0876118 1.15763 -0.992749 -0.119157 -0.0158214 -36.7245 0 0 0 1 
				23
				0.0232739 -0.085539 -0.996063 0.276552 0.104593 -0.990657 0.0875187 1.03284 -0.994243 -0.106219 -0.0141096 -36.6968 0 0 0 1 
				24
				0.0203063 -0.0859278 -0.996094 0.241359 0.0911753 -0.991989 0.0874323 0.901499 -0.995628 -0.0925947 -0.0123091 -36.6661 0 0 0 1 
				25
				0.0172412 -0.0862727 -0.996122 0.205035 0.077325 -0.993171 0.0873555 0.765965 -0.996857 -0.0785312 -0.0104524 -36.6328 0 0 0 1 
				26
				0.0141346 -0.0865642 -0.996146 0.168241 0.0632946 -0.99417 0.0872906 0.628704 -0.997895 -0.0642845 -0.00857313 -36.5974 0 0 0 1 
				27
				0.0110429 -0.0867964 -0.996165 0.131641 0.0493376 -0.994965 0.0872388 0.492191 -0.998721 -0.0501118 -0.00670493 -36.5606 0 0 0 1 
				28
				0.00802097 -0.0869677 -0.996179 0.0958805 0.0357005 -0.995551 0.0872003 0.358827 -0.99933 -0.0362635 -0.00488049 -36.523 0 0 0 1 
				29
				0.00512391 -0.0870807 -0.996188 0.0616064 0.0226298 -0.995936 0.087175 0.231016 -0.999731 -0.0229902 -0.00313247 -36.4855 0 0 0 1 
				30
				0.0024084 -0.0871409 -0.996193 0.0294849 0.01038 -0.99614 0.0871613 0.11124 -0.999943 -0.0105504 -0.00149459 -36.4489 0 0 0 1 
				31
				-6.90265e-05 -0.0871571 -0.996195 0.000181402 -0.000795174 -0.996194 0.0871571 0.00197407 -1 0.000798165 -5.4124e-07 -36.4145 0 0 0 1 
		</Joint>
			5
				-1
				6.58427e-07 -1.34472e-06 -1 6.92415e-06 0 -1 1.34472e-06 -3.58877e-05 -1 -8.85398e-13 -6.58427e-07 -38.9422 0 0 0 1 
				0
				3.94597e-07 -1.37359e-06 -1 0.0355726 -0.0115457 -0.999934 1.36894e-06 0.137477 -0.999933 0.0115457 -4.1043e-07 -38.9765 0 0 0 1 
				1
				4.05632e-07 -1.38537e-06 -1 0.074558 -0.024201 -0.999707 1.37514e-06 0.288217 -0.999707 0.024201 -4.3904e-07 -39.0125 0 0 0 1 
				2
				4.09897e-07 -1.31606e-06 -1 0.116155 -0.037704 -0.999289 1.29966e-06 0.449067 -0.999289 0.037704 -4.59226e-07 -39.049 0 0 0 1 
				3
				4.42728e-07 -1.34296e-06 -1 0.159554 -0.0517918 -0.998658 1.31823e-06 0.616901 -0.998658 0.0517918 -5.11688e-07 -39.0851 0 0 0 1 
				4
				4.80873e-07 -1.31661e-06 -1 0.203968 -0.0662094 -0.997806 1.28188e-06 0.788693 -0.997806 0.0662094 -5.6699e-07 -39.1198 0 0 0 1 
				5
				4.90323e-07 -1.26419e-06 -1 0.248615 -0.0807023 -0.996738 1.2205e-06 0.961419 -0.996738 0.0807023 -5.90746e-07 -39.1526 0 0 0 1 
				6
				4.95818e-07 -1.47739e-06 -1 0.292687 -0.0950085 -0.995476 1.4236e-06 1.13196 -0.995476 0.0950085 -6.3394e-07 -39.1827 0 0 0 1 
				7
				5.31358e-07 -1.35212e-06 -1 0.335381 -0.108867 -0.994056 1.28623e-06 1.29722 -0.994056 0.108867 -6.75401e-07 -39.2099 0 0 0 1 
				8
				5.47158e-07 -1.52459e-06 -1 0.375926 -0.122029 -0.992527 1.44643e-06 1.45422 -0.992527 0.122029 -7.29112e-07 -39.2339 0 0 0 1 
				9
				5.77302e-07 -1.39227e-06 -1 0.413556 -0.134243 -0.990948 1.30217e-06 1.59997 -0.990949 0.134243 -7.5898e-07 -39.2545 0 0 0 1 
				10
				5.97444e-07 -1.41791e-06 -1 0.447488 -0.145258 -0.989394 1.31609e-06 1.73145 -0.989394 0.145258 -7.9707e-07 -39.2717 0 0 0 1 
				11
				5.83642e-07 -1.39732e-06 -1 0.476943 -0.154819 -0.987943 1.29012e-06 1.84561 -0.987943 0.154819 -7.92937e-07 -39.2856 0 0 0 1 
				12
				5.96627e-07 -1.44352e-06 -1 0.501173 -0.162684 -0.986678 1.32723e-06 1.93956 -0.986678 0.162684 -8.23515e-07 -39.2964 0 0 0 1 
				13
				5.78094e-07 -1.57826e-06 -1 0.519433 -0.168611 -0.985683 1.45819e-06 2.01037 -0.985683 0.168611 -8.35929e-07 -39.304 0 0 0 1 
				14
				6.02051e-07 -1.51784e-06 -1 0.530951 -0.17235 -0.985036 1.39136e-06 2.05505 -0.985036 0.17235 -8.5464e-07 -39.3087 0 0 0 1 
				15
				6.26804e-07 -1.21669e-06 -1 0.534954 -0.173649 -0.984808 1.08937e-06 2.07057 -0.984808 0.173649 -8.28559e-07 -39.3103 0 0 0 1 
				16
				6.22968e-07 -1.43583e-06 -1 0.530951 -0.17235 -0.985036 1.30698e-06 2.05505 -0.985036 0.17235 -8.61111e-07 -39.3087 0 0 0 1 
				17
				5.60598e-07 -1.65728e-06 -1 0.519433 -0.168611 -0.985683 1.53903e-06 2.01037 -0.985683 0.168611 -8.32006e-07 -39.304 0 0 0 1 
				18
				5.93048e-07 -1.48741e-06 -1 0.501173 -0.162684 -0.986678 1.37112e-06 1.93956 -0.986678 0.162684 -8.27125e-07 -39.2964 0 0 0 1 
				19
				5.91009e-07 -1.33095e-06 -1 0.476943 -0.154819 -0.987943 1.2234e-06 1.84561 -0.987943 0.154819 -7.89939e-07 -39.2856 0 0 0 1 
				20
				5.9719e-07 -1.40925e-06 -1 0.447488 -0.145258 -0.989394 1.30756e-06 1.73145 -0.989394 0.145258 -7.95561e-07 -39.2717 0 0 0 1 
				21
				5.67344e-07 -1.44393e-06 -1 0.413557 -0.134243 -0.990948 1.35469e-06 1.59997 -0.990949 0.134243 -7.56046e-07 -39.2545 0 0 0 1 
				22
				5.51125e-07 -1.51446e-06 -1 0.375927 -0.122029 -0.992527 1.43589e-06 1.45422 -0.992527 0.122029 -7.31814e-07 -39.2339 0 0 0 1 
				23
				5.29539e-07 -1.3545e-06 -1 0.335382 -0.108867 -0.994056 1.2888e-06 1.29722 -0.994056 0.108867 -6.73853e-07 -39.2099 0 0 0 1 
				24
				5.07586e-07 -1.37759e-06 -1 0.292687 -0.0950085 -0.995476 1.32314e-06 1.13196 -0.995477 0.0950085 -6.36173e-07 -39.1827 0 0 0 1 
				25
				4.92159e-07 -1.45694e-06 -1 0.248615 -0.0807023 -0.996738 1.41247e-06 0.961418 -0.996738 0.0807023 -6.08132e-07 -39.1526 0 0 0 1 
				26
				4.7666e-07 -1.32678e-06 -1 0.203968 -0.0662094 -0.997806 1.29231e-06 0.788693 -0.997806 0.0662094 -5.6346e-07 -39.1198 0 0 0 1 
				27
				4.42837e-07 -1.40591e-06 -1 0.159554 -0.0517918 -0.998658 1.38109e-06 0.616901 -0.998658 0.0517918 -5.15057e-07 -39.0851 0 0 0 1 
				28
				4.10842e-07 -1.24291e-06 -1 0.116155 -0.037704 -0.999289 1.22653e-06 0.449066 -0.999289 0.037704 -4.57413e-07 -39.049 0 0 0 1 
				29
				3.97732e-07 -1.52625e-06 -1 0.074558 -0.024201 -0.999707 1.51618e-06 0.288217 -0.999707 0.024201 -4.34552e-07 -39.0125 0 0 0 1 
				30
				3.94987e-07 -1.37324e-06 -1 0.0355726 -0.0115457 -0.999934 1.36859e-06 0.137477 -0.999933 0.0115457 -4.10816e-07 -38.9765 0 0 0 1 
				31
				6.58427e-07 -1.34472e-06 -1 6.92415e-06 0 -1 1.34472e-06 -3.58877e-05 -1 -8.85398e-13 -6.58427e-07 -38.9422 0 0 0 1 
		</Joint>
			6
		</Joint>
			7
				-1
				0.946696 0.0871543 -0.310114 1.3543 -0.0828232 0.996195 0.0271328 -0.118515 0.311299 -1.87231e-06 0.950312 -36.4145 0 0 0 1 
				0
				0.945923 0.0871361 -0.312468 1.38361 -0.086306 0.996132 0.0165143 -0.00925472 0.312698 0.0113466 0.949785 -36.4469 0 0 0 1 
				1
				0.945073 0.0870736 -0.315047 1.41572 -0.0901322 0.995918 0.00487753 0.110504 0.314186 0.0237863 0.949063 -36.4812 0 0 0 1 
				2
				0.944163 0.0869585 -0.317797 1.44998 -0.0942252 0.995523 -0.00753552 0.238281 0.315719 0.0370593 0.948129 -36.5164 0 0 0 1 
				3
				0.943209 0.0867848 -0.320664 1.48572 -0.0985068 0.994926 -0.0204826 0.371593 0.31726 0.050907 0.946971 -36.5516 0 0 0 1 
				4
				0.942228 0.0865501 -0.323597 1.5223 -0.102901 0.994119 -0.0337294 0.508038 0.318774 0.0650791 0.945594 -36.5859 0 0 0 1 
				5
				0.941239 0.0862562 -0.326541 1.55906 -0.10733 0.99311 -0.0470416 0.645212 0.320234 0.079325 0.944012 -36.6188 0 0 0 1 
				6
				0.940258 0.0859088 -0.329445 1.59535 -0.111714 0.991916 -0.060179 0.780644 0.321612 0.0933874 0.942255 -36.6495 0 0 0 1 
				7
				0.939305 0.0855177 -0.332255 1.6305 -0.115973 0.990573 -0.0729025 0.911874 0.322889 0.10701 0.940368 -36.6778 0 0 0 1 
				8
				0.938396 0.0850966 -0.334921 1.66388 -0.120028 0.989127 -0.0849826 1.03653 0.324047 0.119947 0.938406 -36.7032 0 0 0 1 
				9
				0.937549 0.0846622 -0.337392 1.69486 -0.123801 0.987634 -0.0961917 1.15226 0.325076 0.131954 0.936437 -36.7256 0 0 0 1 
				10
				0.936784 0.0842343 -0.339618 1.7228 -0.127211 0.986163 -0.106297 1.25665 0.325965 0.14278 0.934538 -36.7447 0 0 0 1 
				11
				0.936118 0.083835 -0.341548 1.74705 -0.130177 0.984791 -0.115068 1.3473 0.326707 0.152179 0.932794 -36.7606 0 0 0 1 
				12
				0.935569 0.0834869 -0.343134 1.767 -0.132621 0.983595 -0.122282 1.42188 0.327296 0.15991 0.931293 -36.7731 0 0 0 1 
				13
				0.935154 0.0832131 -0.344329 1.78203 -0.134466 0.982653 -0.127717 1.47811 0.327728 0.165736 0.930121 -36.7821 0 0 0 1 
				14
				0.934892 0.083035 -0.345082 1.79151 -0.135631 0.982042 -0.131146 1.51358 0.327995 0.169411 0.929365 -36.7877 0 0 0 1 
				15
				0.934801 0.0829722 -0.345344 1.79481 -0.136035 0.981825 -0.132337 1.5259 0.328087 0.170688 0.929099 -36.7896 0 0 0 1 
				16
				0.934892 0.083035 -0.345082 1.79151 -0.135631 0.982042 -0.131146 1.51358 0.327995 0.169411 0.929365 -36.7877 0 0 0 1 
				17
				0.935154 0.0832131 -0.344329 1.78203 -0.134466 0.982653 -0.127717 1.47811 0.327728 0.165736 0.930121 -36.7821 0 0 0 1 
				18
				0.935569 0.0834869 -0.343134 1.767 -0.132621 0.983595 -0.122282 1.42188 0.327296 0.15991 0.931293 -36.7731 0 0 0 1 
				19
				0.936118 0.083835 -0.341548 1.74705 -0.130177 0.984791 -0.115068 1.3473 0.326707 0.152179 0.932794 -36.7606 0 0 0 1 
				20
				0.936784 0.0842344 -0.339618 1.7228 -0.127211 0.986163 -0.106297 1.25665 0.325965 0.14278 0.934538 -36.7447 0 0 0 1 
				21
				0.937549 0.0846622 -0.337392 1.69486 -0.123801 0.987634 -0.0961917 1.15226 0.325076 0.131954 0.936437 -36.7256 0 0 0 1 
				22
				0.938396 0.0850965 -0.334921 1.66388 -0.120028 0.989127 -0.0849826 1.03653 0.324047 0.119947 0.938406 -36.7032 0 0 0 1 
				23
				0.939305 0.0855177 -0.332255 1.6305 -0.115973 0.990573 -0.0729025 0.911875 0.322889 0.10701 0.940368 -36.6778 0 0 0 1 
				24
				0.940258 0.0859088 -0.329445 1.59535 -0.111714 0.991916 -0.060179 0.780644 0.321612 0.0933874 0.942255 -36.6495 0 0 0 1 
				25
				0.941239 0.0862562 -0.326541 1.55906 -0.10733 0.99311 -0.0470416 0.645212 0.320234 0.079325 0.944012 -36.6188 0 0 0 1 
				26
				0.942228 0.0865501 -0.323597 1.5223 -0.102901 0.994119 -0.0337294 0.508038 0.318774 0.065079 0.945594 -36.5859 0 0 0 1 
				27
				0.943209 0.0867848 -0.320664 1.48572 -0.0985068 0.994925 -0.0204826 0.371593 0.31726 0.050907 0.946971 -36.5516 0 0 0 1 
				28
				0.944163 0.0869585 -0.317797 1.44998 -0.0942252 0.995522 -0.0075355 0.23828 0.315719 0.0370592 0.948129 -36.5164 0 0 0 1 
				29
				0.945073 0.0870738 -0.315047 1.41572 -0.0901323 0.995918 0.00487761 0.110504 0.314186 0.0237862 0.949064 -36.4812 0 0 0 1 
				30
				0.945923 0.0871361 -0.312468 1.38361 -0.086306 0.996132 0.0165143 -0.00925468 0.312698 0.0113466 0.949785 -36.4469 0 0 0 1 
				31
				0.946696 0.0871543 -0.310114 1.3543 -0.0828232 0.996195 0.0271328 -0.118515 0.311299 -1.87231e-06 0.950312 -36.4145 0 0 0 1 
		</Joint>
			8
				-1
				0.112918 -0.0327972 -0.993063 6.69534 0.148165 0.988837 -0.0158102 -0.585784 0.982495 -0.145352 0.116517 -34.6582 0 0 0 1 
				0
				0.124376 -0.0327971 -0.991693 6.72028 0.148337 0.988837 -0.0140985 -0.496173 0.981085 -0.145351 0.127853 -34.6828 0 0 0 1 
				1
				0.136918 -0.032797 -0.990039 6.7476 0.148504 0.988836 -0.0122197 -0.398001 0.979388 -0.145351 0.14026 -34.7087 0 0 0 1 
				2
				0.15028 -0.0327977 -0.9881 6.77673 0.148656 0.988837 -0.0102131 -0.293316 0.977404 -0.145352 0.153478 -34.7352 0 0 0 1 
				3
				0.164199 -0.0327972 -0.985882 6.80709 0.148785 0.988836 -0.00811529 -0.184159 0.975142 -0.145352 0.167245 -34.7617 0 0 0 1 
				4
				0.17842 -0.0327969 -0.983408 6.83813 0.148887 0.988836 -0.00596531 -0.0725036 0.972625 -0.145352 0.181311 -34.7875 0 0 0 1 
				5
				0.192692 -0.032797 -0.980711 6.86931 0.148957 0.988836 -0.0038013 0.039683 0.969888 -0.145352 0.195426 -34.8121 0 0 0 1 
				6
				0.206757 -0.0327967 -0.977842 6.90006 0.148996 0.988836 -0.00166147 0.15038 0.966981 -0.145351 0.209335 -34.8351 0 0 0 1 
				7
				0.220359 -0.0327969 -0.974867 6.92984 0.149005 0.988836 0.00041434 0.257583 0.963971 -0.145352 0.222786 -34.8561 0 0 0 1 
				8
				0.233256 -0.0327975 -0.971862 6.95809 0.148988 0.988836 0.00238805 0.359363 0.960934 -0.145353 0.235538 -34.875 0 0 0 1 
				9
				0.245208 -0.0327967 -0.968916 6.9843 0.148946 0.988836 0.00422342 0.453806 0.95796 -0.145352 0.247355 -34.8916 0 0 0 1 
				10
				0.255971 -0.0327967 -0.966128 7.00791 0.148889 0.988836 0.00587986 0.538956 0.95515 -0.145351 0.257996 -34.9057 0 0 0 1 
				11
				0.265301 -0.0327976 -0.963608 7.0284 0.148826 0.988837 0.00731863 0.612866 0.95261 -0.145352 0.26722 -34.9174 0 0 0 1 
				12
				0.272968 -0.0327972 -0.961464 7.04526 0.148764 0.988836 0.0085045 0.673665 0.950451 -0.145353 0.2748 -34.9265 0 0 0 1 
				13
				0.278742 -0.0327971 -0.959806 7.05795 0.148709 0.988836 0.0093984 0.719481 0.948783 -0.145352 0.280508 -34.9332 0 0 0 1 
				14
				0.282382 -0.0327974 -0.958741 7.06596 0.148673 0.988837 0.00996224 0.748383 0.947712 -0.145352 0.284106 -34.9373 0 0 0 1 
				15
				0.283646 -0.0327968 -0.958368 7.06874 0.148659 0.988836 0.0101589 0.758424 0.947336 -0.145352 0.285355 -34.9386 0 0 0 1 
				16
				0.282382 -0.0327972 -0.958741 7.06596 0.148673 0.988837 0.00996241 0.748383 0.947711 -0.145352 0.284106 -34.9373 0 0 0 1 
				17
				0.278742 -0.0327971 -0.959806 7.05795 0.148709 0.988836 0.00939844 0.719481 0.948783 -0.145352 0.280508 -34.9332 0 0 0 1 
				18
				0.272968 -0.0327972 -0.961464 7.04526 0.148764 0.988836 0.00850449 0.673665 0.950451 -0.145353 0.2748 -34.9265 0 0 0 1 
				19
				0.265301 -0.0327976 -0.963608 7.0284 0.148826 0.988837 0.00731863 0.612866 0.95261 -0.145352 0.26722 -34.9174 0 0 0 1 
				20
				0.255971 -0.0327967 -0.966128 7.00791 0.148889 0.988836 0.00587989 0.538956 0.95515 -0.145351 0.257996 -34.9057 0 0 0 1 
				21
				0.245208 -0.032797 -0.968916 6.9843 0.148946 0.988836 0.0042232 0.453806 0.957961 -0.145352 0.247355 -34.8916 0 0 0 1 
				22
				0.233256 -0.0327974 -0.971862 6.95809 0.148988 0.988836 0.00238815 0.359363 0.960934 -0.145353 0.235538 -34.875 0 0 0 1 
				23
				0.220359 -0.0327968 -0.974867 6.92984 0.149005 0.988836 0.000414383 0.257583 0.96397 -0.145352 0.222786 -34.8561 0 0 0 1 
				24
				0.206757 -0.032797 -0.977842 6.90006 0.148996 0.988836 -0.00166171 0.15038 0.966981 -0.145351 0.209335 -34.8351 0 0 0 1 
				25
				0.192692 -0.0327969 -0.980711 6.86931 0.148957 0.988836 -0.00380118 0.0396827 0.969887 -0.145352 0.195426 -34.8121 0 0 0 1 
				26
				0.17842 -0.0327968 -0.983408 6.83813 0.148887 0.988836 -0.00596523 -0.072503 0.972625 -0.145352 0.181311 -34.7875 0 0 0 1 
				27
				0.164199 -0.0327968 -0.985882 6.80709 0.148785 0.988836 -0.00811496 -0.184159 0.975142 -0.145352 0.167245 -34.7617 0 0 0 1 
				28
				0.15028 -0.0327973 -0.988099 6.77673 0.148656 0.988836 -0.0102127 -0.293316 0.977403 -0.145352 0.153478 -34.7352 0 0 0 1 
				29
				0.136918 -0.0327968 -0.990039 6.7476 0.148504 0.988836 -0.0122196 -0.398002 0.979388 -0.145351 0.14026 -34.7087 0 0 0 1 
				30
				0.124376 -0.032797 -0.991693 6.72028 0.148337 0.988837 -0.0140984 -0.496173 0.981085 -0.145351 0.127853 -34.6828 0 0 0 1 
				31
				0.112918 -0.0327972 -0.993063 6.69534 0.148165 0.988837 -0.0158102 -0.585784 0.982495 -0.145352 0.116517 -34.6582 0 0 0 1 
		</Joint>
			9
				-1
				-0.0189847 0.116042 -0.993063 7.42458 -0.956361 -0.291761 -0.0158101 0.371085 -0.291572 0.949426 0.116517 -28.3131 0 0 0 1 
				0
				-0.0239155 0.126385 -0.991693 7.52352 -0.956435 -0.291607 -0.0140983 0.461805 -0.290966 0.948152 0.127853 -28.3468 0 0 0 1 
				1
				-0.0293121 0.137706 -0.990039 7.63184 -0.956506 -0.291456 -0.0122198 0.561056 -0.290235 0.946621 0.14026 -28.3837 0 0 0 1 
				2
				-0.0350617 0.149768 -0.9881 7.74726 -0.956572 -0.291319 -0.0102128 0.666723 -0.289381 0.94483 0.153478 -28.423 0 0 0 1 
				3
