<?xml version='1.0' encoding='UTF-8' ?>
<itpanim>
	<skeleton count>
		37
			0 -1
			1.37091e-06 -1 -6.12323e-17 1e-06 1 1.37091e-06 -6.12323e-17 -1.37225e-12 6.12323e-17 -6.12323e-17 1 21.9617 0 0 0 1 
			1 0
			1.3868e-06 -2.28068e-12 -1 -21.9617 2.75771e-06 -1 6.10495e-12 1.00008e-06 -1 -2.75771e-06 -1.3868e-06 -3.04564e-05 0 0 0 1 
			2 1
			-0.000205999 -0.000823318 -1 -24.8731 -1.2413e-06 -1 0.000823318 0.0257198 -1 1.41091e-06 0.000205998 0.00512379 0 0 0 1 
			3 2
			-0.000383999 -0.00100932 -0.999999 -31.4555 -1.03656e-06 -0.999999 0.00100932 0.036812 -1 1.42414e-06 0.000383997 0.0107229 0 0 0 1 
			4 3
			-0.000383999 -0.00100932 -0.999999 -38.038 -1.03656e-06 -0.999999 0.00100932 0.0388247 -1 1.42414e-06 0.000383997 0.0107229 0 0 0 1 
			5 4
			1.34309e-06 9.82436e-13 -1 -40.5657 -1.40269e-06 -1 -2.86637e-12 -0.00211895 -1 1.40269e-06 -1.34309e-06 -0.00490874 0 0 0 1 
			6 5
			1 -0 0 0 0 1 0 0 -0 -0 1 -0 0 0 0 1 
			7 4
			0.950432 6.75818e-05 0.310933 10.539 -1.42282e-06 1 -0.000213002 -0.00652172 -0.310933 0.000202002 0.950432 36.5745 0 0 0 1 
			8 7
			0.476976 0.0235788 0.8786 28.6752 0.0457762 0.997617 -0.0516239 -2.17945 -0.877723 0.0648423 0.47476 23.1227 0 0 0 1 
			9 8
			0.476835 0.0205561 0.878752 22.2236 0.0472212 0.997684 -0.0489616 -2.11213 -0.877724 0.0648423 0.47476 23.1227 0 0 0 1 
			10 9
			0.476835 0.0205561 0.878752 15.4032 -0.877686 0.0656367 0.474721 23.121 -0.04792 -0.997632 0.0493396 2.13054 0 0 0 1 
			11 10
			1 -0 0 0 0 1 0 0 -0 -0 1 -0 0 0 0 1 
			12 11
			1 -0 0 0 0 1 0 0 -0 -0 1 -0 0 0 0 1 
			13 12
			1 -0 0 0 0 1 0 0 -0 -0 1 -0 0 0 0 1 
			14 10
			1 -0 0 0 0 1 0 0 -0 -0 1 -0 0 0 0 1 
			15 14
			1 -0 0 0 0 1 0 0 -0 -0 1 -0 0 0 0 1 
			16 15
			1 -0 0 0 0 1 0 0 -0 -0 1 -0 0 0 0 1 
			17 4
			-0.950193 6.50589e-05 0.311663 10.5594 -1.39561e-06 1 -0.000213002 -0.00652172 -0.311663 -0.000202828 -0.950193 -36.5678 0 0 0 1 
			18 17
			-0.476976 0.0235775 0.8786 28.6676 -0.045779 0.997617 -0.0516239 -2.17948 -0.877723 -0.0648447 -0.47476 -23.1259 0 0 0 1 
			19 18
			-0.476835 0.0205548 0.878752 22.216 -0.0472239 0.997684 -0.0489616 -2.11218 -0.877723 -0.0648447 -0.47476 -23.1259 0 0 0 1 
			20 19
			-0.476835 0.0205547 0.878752 15.3956 0.877685 0.0656391 0.474721 23.1242 -0.0479228 0.997632 -0.0493396 -2.13059 0 0 0 1 
			21 20
			1 -0 0 0 0 1 0 0 -0 -0 1 -0 0 0 0 1 
			22 21
			1 -0 0 0 0 1 0 0 -0 -0 1 -0 0 0 0 1 
			23 22
			1 -0 0 0 0 1 0 0 -0 -0 1 -0 0 0 0 1 
			24 20
			1 -0 0 0 0 1 0 0 -0 -0 1 -0 0 0 0 1 
			25 24
			1 -0 0 0 0 1 0 0 -0 -0 1 -0 0 0 0 1 
			26 25
			1 -0 0 0 0 1 0 0 -0 -0 1 -0 0 0 0 1 
			27 2
			1.37369e-06 -0.0998331 0.995004 21.852 0 -0.995004 -0.0998331 -2.1925 1 1.3714e-07 -1.36683e-06 -4.26131 0 0 0 1 
			28 27
			1.37369e-06 0.0998335 0.995004 12.303 0 -0.995004 0.0998335 0.256849 1 -1.3714e-07 -1.36683e-06 -4.26131 0 0 0 1 
			29 28
			1.3716e-06 -6.00745e-14 1 2.57273 0 -1 -6.00745e-14 4.22662e-06 1 8.23984e-20 -1.3716e-06 -4.26131 0 0 0 1 
			30 29
			1.3723e-06 -1 -6.00133e-14 -5.50713 0 6.00133e-14 -1 -0.331805 1 1.3723e-06 8.23562e-20 -4.26131 0 0 0 1 
			31 30
			1 -0 0 0 0 1 0 0 -0 -0 1 -0 0 0 0 1 
			32 2
			1.37369e-06 -0.0998331 0.995004 21.852 0 -0.995004 -0.0998331 -2.1925 1 1.3714e-07 -1.36683e-06 4.26131 0 0 0 1 
			33 32
			1.37369e-06 0.0998335 0.995004 12.303 0 -0.995004 0.0998335 0.256849 1 -1.3714e-07 -1.36683e-06 4.26131 0 0 0 1 
			34 33
			1.3716e-06 -6.00745e-14 1 2.57273 0 -1 -6.00745e-14 4.22662e-06 1 8.23984e-20 -1.3716e-06 4.26131 0 0 0 1 
			35 34
			1.3723e-06 -1 -6.00133e-14 -5.50713 0 6.00133e-14 -1 -0.331804 1 1.3723e-06 8.23562e-20 4.26131 0 0 0 1 
			36 35
			1 -0 0 0 0 1 0 0 -0 -0 1 -0 0 0 0 1 
	</skeleton>
		<animations>
			25
			0
				-1
				1.46474e-06 1 0 0 -1 1.46474e-06 0 8.9233e-07 -0 -0 1 -20.6658 0 0 0 1 
				0
				1.32883e-06 1 8.87788e-08 0 -0.997934 1.33179e-06 -0.0642422 4.82573 -0.0642422 -3.22846e-09 0.997934 -22.5369 0 0 0 1 
				1
				1.32275e-06 1 1.52393e-07 0 -0.993368 1.3315e-06 -0.114978 9.59608 -0.114978 7.04957e-10 0.993368 -24.8739 0 0 0 1 
				2
				1.43792e-06 1 2.86703e-07 0 -0.981694 1.46621e-06 -0.190466 14.4721 -0.190466 -7.57849e-09 0.981694 -26.3217 0 0 0 1 
				3
				1.25874e-06 1 4.18621e-07 0 -0.945295 1.32644e-06 -0.326217 19.6149 -0.326217 1.49012e-08 0.945295 -25.5252 0 0 0 1 
				4
				1.12716e-06 1 7.04344e-07 0 -0.846482 1.32912e-06 -0.532418 25.5791 -0.532418 3.90512e-09 0.846482 -21.0462 0 0 0 1 
				5
				8.73942e-07 1 1.02827e-06 0 -0.656319 1.3494e-06 -0.754484 32.1325 -0.754484 -1.54973e-08 0.656319 -13.9027 0 0 0 1 
				6
				5.66425e-07 1 1.37277e-06 0 -0.386708 1.48501e-06 -0.922202 38.1763 -0.922202 -8.50252e-09 0.386708 -6.67192 0 0 0 1 
				7
				1.21707e-07 1 9.99943e-07 0 -0.0914003 1.00688e-06 -0.995814 42.6119 -0.995814 2.98023e-08 0.0914003 -1.93116 0 0 0 1 
				8
				1.21707e-07 1 9.99943e-07 0 -0.0914003 1.00688e-06 -0.995814 44.8351 -0.995814 2.98023e-08 0.0914003 -0.752933 0 0 0 1 
				9
				1.21707e-07 1 9.99943e-07 0 -0.0914003 1.00688e-06 -0.995814 45.5083 -0.995814 2.98023e-08 0.0914003 -1.68313 0 0 0 1 
				10
				1.21707e-07 1 9.99943e-07 0 -0.0914003 1.00688e-06 -0.995814 45.5608 -0.995814 2.98023e-08 0.0914003 -3.25428 0 0 0 1 
				11
				1.21707e-07 1 9.99943e-07 0 -0.0914003 1.00688e-06 -0.995814 45.9217 -0.995814 2.98023e-08 0.0914003 -3.9989 0 0 0 1 
				12
				1.21707e-07 1 9.99943e-07 0 -0.0914003 1.00688e-06 -0.995814 46.7175 -0.995814 2.98023e-08 0.0914003 -3.59215 0 0 0 1 
				13
				1.21707e-07 1 9.99943e-07 0 -0.0914003 1.00688e-06 -0.995814 47.4993 -0.995814 2.98023e-08 0.0914003 -2.77908 0 0 0 1 
				14
				1.21707e-07 1 9.99943e-07 0 -0.0914003 1.00688e-06 -0.995814 48.2756 -0.995814 2.98023e-08 0.0914003 -1.80504 0 0 0 1 
				15
				1.21707e-07 1 9.99943e-07 0 -0.0914003 1.00688e-06 -0.995814 49.0547 -0.995814 2.98023e-08 0.0914003 -0.915351 0 0 0 1 
				16
				1.21707e-07 1 9.99943e-07 0 -0.0914003 1.00688e-06 -0.995814 49.0547 -0.995814 2.98023e-08 0.0914003 -0.915351 0 0 0 1 
				17
				1.21707e-07 1 9.99943e-07 0 -0.0914003 1.00688e-06 -0.995814 49.0547 -0.995814 2.98023e-08 0.0914003 -0.915351 0 0 0 1 
				18
				1.21707e-07 1 9.99943e-07 0 -0.0914003 1.00688e-06 -0.995814 49.0547 -0.995814 2.98023e-08 0.0914003 -0.915351 0 0 0 1 
				19
				1.21707e-07 1 9.99943e-07 0 -0.0914003 1.00688e-06 -0.995814 49.0547 -0.995814 2.98023e-08 0.0914003 -0.915351 0 0 0 1 
				20
				1.21707e-07 1 9.99943e-07 0 -0.0914003 1.00688e-06 -0.995814 49.0547 -0.995814 2.98023e-08 0.0914003 -0.915351 0 0 0 1 
				21
				1.21707e-07 1 9.99943e-07 0 -0.0914003 1.00688e-06 -0.995814 49.0547 -0.995814 2.98023e-08 0.0914003 -0.915351 0 0 0 1 
				22
				1.21707e-07 1 9.99943e-07 0 -0.0914003 1.00688e-06 -0.995814 49.0547 -0.995814 2.98023e-08 0.0914003 -0.915351 0 0 0 1 
				23
				1.21707e-07 1 9.99943e-07 0 -0.0914003 1.00688e-06 -0.995814 49.0547 -0.995814 2.98023e-08 0.0914003 -0.915351 0 0 0 1 
		</Joint>
			1
				-1
				1.33158e-06 2.79632e-06 -1 0 0 -1 -2.79632e-06 8.9233e-07 -1 3.72352e-12 -1.33158e-06 -20.6658 0 0 0 1 
				0
				-8.8777e-08 2.66041e-06 -1 0 0.0642408 -0.997934 -2.66062e-06 4.82573 -0.997934 -0.0642408 -8.23134e-08 -22.5369 0 0 0 1 
				1
				-1.52391e-07 2.65433e-06 -1 0 0.114976 -0.993368 -2.65425e-06 9.59608 -0.993368 -0.114976 -1.53805e-07 -24.8739 0 0 0 1 
				2
				-2.86701e-07 2.76951e-06 -1 0 0.190465 -0.981694 -2.77341e-06 14.4721 -0.981694 -0.190465 -2.46041e-07 -26.3217 0 0 0 1 
				3
				-4.18619e-07 2.59032e-06 -1 0 0.326216 -0.945295 -2.58518e-06 19.6149 -0.945295 -0.326216 -4.49284e-07 -25.5252 0 0 0 1 
				4
				-7.04342e-07 2.45874e-06 -1 0 0.532417 -0.846482 -2.45628e-06 25.5791 -0.846482 -0.532417 -7.12861e-07 -21.0462 0 0 0 1 
				5
				-1.02827e-06 2.20552e-06 -1 0 0.754483 -0.65632 -2.22334e-06 32.1325 -0.65632 -0.754483 -9.89157e-07 -13.9027 0 0 0 1 
				6
				-1.37277e-06 1.89801e-06 -1 0 0.922202 -0.386709 -1.99995e-06 38.1763 -0.386709 -0.922202 -1.21948e-06 -6.67192 0 0 0 1 
				7
				-9.99943e-07 1.45329e-06 -1 0 0.995814 -0.0914016 -1.12859e-06 42.6119 -0.0914016 -0.995814 -1.35581e-06 -1.93116 0 0 0 1 
				8
				-9.99943e-07 1.45329e-06 -1 0 0.995814 -0.0914016 -1.12859e-06 44.8351 -0.0914016 -0.995814 -1.35581e-06 -0.752933 0 0 0 1 
				9
				-9.99943e-07 1.45329e-06 -1 0 0.995814 -0.0914016 -1.12859e-06 45.5083 -0.0914016 -0.995814 -1.35581e-06 -1.68313 0 0 0 1 
				10
				-9.99943e-07 1.45329e-06 -1 0 0.995814 -0.0914016 -1.12859e-06 45.5608 -0.0914016 -0.995814 -1.35581e-06 -3.25428 0 0 0 1 
				11
				-9.99943e-07 1.45329e-06 -1 0 0.995814 -0.0914016 -1.12859e-06 45.9217 -0.0914016 -0.995814 -1.35581e-06 -3.9989 0 0 0 1 
				12
				-9.99943e-07 1.45329e-06 -1 0 0.995814 -0.0914016 -1.12859e-06 46.7175 -0.0914016 -0.995814 -1.35581e-06 -3.59215 0 0 0 1 
				13
				-9.99943e-07 1.45329e-06 -1 0 0.995814 -0.0914016 -1.12859e-06 47.4993 -0.0914016 -0.995814 -1.35581e-06 -2.77908 0 0 0 1 
				14
				-9.99943e-07 1.45329e-06 -1 0 0.995814 -0.0914016 -1.12859e-06 48.2756 -0.0914016 -0.995814 -1.35581e-06 -1.80504 0 0 0 1 
				15
				-9.99943e-07 1.45329e-06 -1 0 0.995814 -0.0914016 -1.12859e-06 49.0547 -0.0914016 -0.995814 -1.35581e-06 -0.915351 0 0 0 1 
				16
				-9.99943e-07 1.45329e-06 -1 0 0.995814 -0.0914016 -1.12859e-06 49.0547 -0.0914016 -0.995814 -1.35581e-06 -0.915351 0 0 0 1 
				17
				-9.99943e-07 1.45329e-06 -1 0 0.995814 -0.0914016 -1.12859e-06 49.0547 -0.0914016 -0.995814 -1.35581e-06 -0.915351 0 0 0 1 
				18
				-9.99943e-07 1.45329e-06 -1 0 0.995814 -0.0914016 -1.12859e-06 49.0547 -0.0914016 -0.995814 -1.35581e-06 -0.915351 0 0 0 1 
				19
				-9.99943e-07 1.45329e-06 -1 0 0.995814 -0.0914016 -1.12859e-06 49.0547 -0.0914016 -0.995814 -1.35581e-06 -0.915351 0 0 0 1 
				20
				-9.99943e-07 1.45329e-06 -1 0 0.995814 -0.0914016 -1.12859e-06 49.0547 -0.0914016 -0.995814 -1.35581e-06 -0.915351 0 0 0 1 
				21
				-9.99943e-07 1.45329e-06 -1 0 0.995814 -0.0914016 -1.12859e-06 49.0547 -0.0914016 -0.995814 -1.35581e-06 -0.915351 0 0 0 1 
				22
				-9.99943e-07 1.45329e-06 -1 0 0.995814 -0.0914016 -1.12859e-06 49.0547 -0.0914016 -0.995814 -1.35581e-06 -0.915351 0 0 0 1 
				23
				-9.99943e-07 1.45329e-06 -1 0 0.995814 -0.0914016 -1.12859e-06 49.0547 -0.0914016 -0.995814 -1.35581e-06 -0.915351 0 0 0 1 
		</Joint>
			2
				-1
				-0.000204612 -1.20115e-06 -1 4.02977e-06 -0.00082465 -1 1.36988e-06 0.00523741 -1 0.00082465 0.000204611 -23.5773 0 0 0 1 
				0
				-0.000203571 5.45193e-06 -1 3.73642e-06 0.178206 -0.983993 -4.16424e-05 5.01792 -0.983993 -0.178206 0.000199341 -25.4414 0 0 0 1 
				1
				-0.000203462 1.18843e-05 -1 3.51757e-06 0.349342 -0.936995 -8.22131e-05 9.93573 -0.936996 -0.349341 0.000186491 -27.7642 0 0 0 1 
				2
				-0.000203933 1.92013e-05 -1 3.08823e-06 0.513218 -0.858258 -0.000121142 15.0311 -0.858258 -0.513218 0.000165173 -29.1771 0 0 0 1 
				3
				-0.000204031 2.82679e-05 -1 2.65666e-06 0.668352 -0.743845 -0.000157391 20.5686 -0.743845 -0.668353 0.000132874 -28.2739 0 0 0 1 
				4
				-0.000202904 4.02965e-05 -1 1.76171e-06 0.807344 -0.590081 -0.000187591 27.1323 -0.590081 -0.807344 8.71966e-05 -23.5065 0 0 0 1 
				5
				-0.00019973 5.42213e-05 -1 7.45641e-07 0.915955 -0.401282 -0.000204702 34.3312 -0.401282 -0.915955 3.04839e-05 -15.8087 0 0 0 1 
				6
				-0.000194707 6.83421e-05 -1 -3.31461e-07 0.982089 -0.188418 -0.000204096 40.8622 -0.188418 -0.982089 -3.04318e-05 -7.79266 0 0 0 1 
				7
				-0.000188395 8.12494e-05 -1 6.86306e-07 0.999441 0.0334528 -0.000185572 45.511 0.0334527 -0.99944 -8.75062e-05 -2.19204 0 0 0 1 
				8
				-0.000181711 9.48509e-05 -1 6.15036e-07 0.999199 -0.0400193 -0.000185361 47.7346 -0.0400193 -0.999199 -8.7503e-05 -1.01381 0 0 0 1 
				9
				-0.00017354 0.000108728 -1 5.42185e-07 0.993032 -0.117846 -0.000185144 48.4082 -0.117846 -0.993032 -8.75195e-05 -1.94404 0 0 0 1 
				10
				-0.000165948 0.000119743 -1 4.84477e-07 0.983305 -0.181966 -0.000184966 48.461 -0.181966 -0.983305 -8.75469e-05 -3.51524 0 0 0 1 
				11
				-0.000161718 0.000125289 -1 4.55349e-07 0.976591 -0.215106 -0.000184882 48.8221 -0.215106 -0.976591 -8.75696e-05 -4.2599 0 0 0 1 
				12
				-0.000163427 0.00012309 -1 4.66875e-07 0.979406 -0.2019 -0.000184913 49.6178 -0.2019 -0.979406 -8.75589e-05 -3.85313 0 0 0 1 
				13
				-0.000169297 0.000115067 -1 5.0895e-07 0.987996 -0.15448 -0.00018504 50.3994 -0.15448 -0.987996 -8.7533e-05 -3.04002 0 0 0 1 
				14
				-0.000175463 0.000105677 -1 5.58352e-07 0.994941 -0.100461 -0.000185192 51.1753 -0.100461 -0.994941 -8.75147e-05 -2.06594 0 0 0 1 
				15
				-0.000178884 9.99538e-05 -1 5.88245e-07 0.997668 -0.0682538 -0.000185289 51.9544 -0.0682538 -0.997668 -8.75112e-05 -1.17624 0 0 0 1 
				16
				-0.000179851 9.82529e-05 -1 5.97095e-07 0.998271 -0.0587895 -0.000185316 51.9543 -0.0587895 -0.998271 -8.75096e-05 -1.17623 0 0 0 1 
				17
				-0.000180297 9.74537e-05 -1 6.01385e-07 0.998522 -0.0543589 -0.000185328 51.9543 -0.0543589 -0.998521 -8.75089e-05 -1.17623 0 0 0 1 
				18
				-0.000180354 9.73507e-05 -1 6.01866e-07 0.998553 -0.0537889 -0.00018533 51.9543 -0.053789 -0.998552 -8.75087e-05 -1.17623 0 0 0 1 
				19
				-0.000180142 9.77324e-05 -1 5.99882e-07 0.998436 -0.0559033 -0.000185324 51.9543 -0.0559033 -0.998436 -8.7509e-05 -1.17623 0 0 0 1 
				20
				-0.000179772 9.83918e-05 -1 5.96406e-07 0.998225 -0.0595616 -0.000185314 51.9543 -0.0595616 -0.998225 -8.75096e-05 -1.17623 0 0 0 1 
				21
				-0.000179359 9.91226e-05 -1 5.92703e-07 0.997974 -0.0636235 -0.000185302 51.9543 -0.0636235 -0.997974 -8.75103e-05 -1.17623 0 0 0 1 
				22
				-0.000179022 9.97133e-05 -1 5.89381e-07 0.997759 -0.0669127 -0.000185293 51.9544 -0.0669127 -0.997759 -8.75109e-05 -1.17624 0 0 0 1 
				23
				-0.000178884 9.99538e-05 -1 5.88245e-07 0.997668 -0.0682538 -0.000185289 51.9544 -0.0682538 -0.997668 -8.75112e-05 -1.17624 0 0 0 1 
		</Joint>
			3
				-1
				-0.000382612 -9.80783e-07 -1 -0.00134282 -0.00101065 -0.999999 1.36747e-06 0.00505063 -0.999999 0.00101065 0.00038261 -30.1597 0 0 0 1 
				0
				-0.000381621 -8.26851e-06 -1 -0.00133623 0.213738 -0.976891 -7.34894e-05 6.19607 -0.976891 -0.213738 0.00037457 -31.9173 0 0 0 1 
				1
				-0.000381496 -1.6571e-05 -1 -0.00133568 0.418425 -0.908251 -0.000144577 12.24 -0.908252 -0.418425 0.000353428 -33.9297 0 0 0 1 
				2
				-0.000382062 -2.24762e-05 -1 -0.00133918 0.603761 -0.797166 -0.000212756 18.4135 -0.797166 -0.603761 0.000318136 -34.8234 0 0 0 1 
				3
				-0.000382784 -2.26344e-05 -1 -0.00134025 0.761218 -0.648496 -0.000276703 24.9714 -0.648496 -0.761218 0.000265463 -33.1662 0 0 0 1 
				4
				-0.000383128 -1.56347e-05 -1 -0.00133377 0.884802 -0.465967 -0.000331707 32.449 -0.465967 -0.884802 0.000192359 -27.386 0 0 0 1 
				5
				-0.000382022 -3.46547e-06 -1 -0.00131396 0.966115 -0.25811 -0.000368183 40.3618 -0.25811 -0.966115 0.000101952 -18.4451 0 0 0 1 
				6
				-0.000379135 1.27348e-05 -1 -0.00128205 0.999134 -0.0415976 -0.000379336 47.327 -0.0415976 -0.999134 3.04727e-06 -9.02767 0 0 0 1 
				7
				-0.000374323 3.19542e-05 -1 -0.00123959 0.986145 0.165886 -0.000363836 52.0889 0.165886 -0.986145 -9.36063e-05 -1.96667 0 0 0 1 
				8
				-0.000367653 5.86371e-05 -1 -0.0011958 0.998215 0.0597263 -0.000363495 54.3114 0.0597262 -0.998215 -8.0491e-05 -1.272 0 0 0 1 
				9
				-0.000356736 9.08909e-05 -1 -0.00114226 0.997726 -0.0674052 -0.000362051 54.9451 -0.0674053 -0.997726 -6.66383e-05 -2.71452 0 0 0 1 
				10
				-0.000344131 0.000119323 -1 -0.00109249 0.983583 -0.180456 -0.000360014 54.9345 -0.180456 -0.983583 -5.52637e-05 -4.70786 0 0 0 1 
				11
				-0.000335461 0.000136157 -1 -0.00106476 0.969241 -0.246114 -0.000358653 55.2517 -0.246114 -0.969241 -4.94073e-05 -5.67074 0 0 0 1 
				12
				-0.000335621 0.000137939 -1 -0.00107601 0.969691 -0.244336 -0.000359152 56.0659 -0.244336 -0.969691 -5.17539e-05 -5.17704 0 0 0 1 
				13
				-0.000342014 0.000129718 -1 -0.00111457 0.980602 -0.196009 -0.000360805 56.9038 -0.196009 -0.980602 -6.01634e-05 -4.05173 0 0 0 1 
				14
				-0.000349366 0.000118323 -1 -0.00115505 0.990725 -0.135885 -0.000362204 57.7252 -0.135885 -0.990725 -6.97524e-05 -2.72203 0 0 0 1 
				15
				-0.000353426 0.000111382 -1 -0.0011775 0.994987 -0.100008 -0.000362794 58.522 -0.100008 -0.994987 -7.54778e-05 -1.6203 0 0 0 1 
				16
				-0.000354447 0.000109713 -1 -0.00118385 0.99589 -0.0905682 -0.000362926 58.5258 -0.0905682 -0.99589 -7.71601e-05 -1.55799 0 0 0 1 
				17
				-0.000354918 0.000108928 -1 -0.00118678 0.996282 -0.0861478 -0.000362983 58.5274 -0.0861478 -0.996282 -7.79476e-05 -1.52882 0 0 0 1 
				18
				-0.000354979 0.000108827 -1 -0.00118715 0.996332 -0.0855791 -0.00036299 58.5276 -0.0855791 -0.996332 -7.80489e-05 -1.52507 0 0 0 1 
				19
				-0.000354754 0.000109202 -1 -0.00118576 0.996148 -0.0876887 -0.000362963 58.5269 -0.0876887 -0.996148 -7.7673e-05 -1.53899 0 0 0 1 
				20
				-0.000354364 0.000109849 -1 -0.00118333 0.99582 -0.0913384 -0.000362916 58.5255 -0.0913384 -0.99582 -7.70228e-05 -1.56307 0 0 0 1 
				21
				-0.000353927 0.000110566 -1 -0.00118062 0.99544 -0.0953902 -0.00036286 58.5239 -0.0953903 -0.99544 -7.63008e-05 -1.58981 0 0 0 1 
				22
				-0.000353572 0.000111146 -1 -0.00117841 0.99512 -0.0986709 -0.000362813 58.5225 -0.098671 -0.99512 -7.57162e-05 -1.61147 0 0 0 1 
				23
				-0.000353426 0.000111382 -1 -0.0011775 0.994987 -0.100008 -0.000362794 58.522 -0.100008 -0.994987 -7.54778e-05 -1.6203 0 0 0 1 
		</Joint>
			4
				-1
				-0.000382612 -9.80783e-07 -1 -0.00386134 -0.00101065 -0.999999 1.36747e-06 0.000410845 -0.999999 0.00101065 0.00038261 -36.7421 0 0 0 1 
				0
				-0.000381621 -8.26851e-06 -1 -0.00384821 0.213738 -0.976891 -7.34894e-05 7.60495 -0.976891 -0.213738 0.00037457 -38.3472 0 0 0 1 
				1
				-0.000381496 -1.65711e-05 -1 -0.00384682 0.418425 -0.908251 -0.000144577 14.9961 -0.908252 -0.418425 0.000353428 -39.9073 0 0 0 1 
				2
				-0.000382062 -2.24763e-05 -1 -0.00385403 0.603761 -0.797166 -0.000212756 22.3894 -0.797166 -0.603761 0.000318136 -40.0695 0 0 0 1 
				3
				-0.000382784 -2.26344e-05 -1 -0.00385986 0.761218 -0.648496 -0.000276703 29.9833 -0.648496 -0.761218 0.000265463 -37.4334 0 0 0 1 
				4
				-0.000383128 -1.56347e-05 -1 -0.00385565 0.884802 -0.465967 -0.000331707 38.2741 -0.465967 -0.884802 0.000192358 -30.4514 0 0 0 1 
				5
				-0.000382022 -3.46548e-06 -1 -0.00382859 0.966115 -0.25811 -0.000368183 46.7217 -0.25811 -0.966115 0.000101952 -20.1421 0 0 0 1 
				6
				-0.000379135 1.27348e-05 -1 -0.00377771 0.999134 -0.0415976 -0.000379336 53.9038 -0.0415976 -0.999134 3.04727e-06 -9.29947 0 0 0 1 
				7
				-0.000374323 3.19542e-05 -1 -0.00370361 0.986145 0.165886 -0.000363836 58.5798 0.165886 -0.986145 -9.36063e-05 -0.872757 0 0 0 1 
				8
				-0.000367653 5.86371e-05 -1 -0.00361598 0.998215 0.0597263 -0.000363495 60.8819 0.0597262 -0.998215 -8.0491e-05 -0.87685 0 0 0 1 
				9
				-0.000356736 9.08909e-05 -1 -0.00349064 0.997726 -0.0674053 -0.000362051 61.5127 -0.0674053 -0.997726 -6.66383e-05 -3.1562 0 0 0 1 
				10
				-0.000344131 0.000119323 -1 -0.00335795 0.983583 -0.180456 -0.000360014 61.4092 -0.180456 -0.983583 -5.52637e-05 -5.89372 0 0 0 1 
				11
				-0.000335461 0.000136157 -1 -0.00327319 0.969241 -0.246114 -0.000358653 61.6322 -0.246114 -0.969241 -4.94073e-05 -7.28881 0 0 0 1 
				12
				-0.000335621 0.000137939 -1 -0.0032855 0.969691 -0.244336 -0.000359152 62.4494 -0.244336 -0.969691 -5.17539e-05 -6.78341 0 0 0 1 
				13
				-0.000342014 0.000129718 -1 -0.00336612 0.980602 -0.196009 -0.000360805 63.3589 -0.196009 -0.980602 -6.01634e-05 -5.33998 0 0 0 1 
				14
				-0.000349366 0.000118323 -1 -0.00345496 0.990725 -0.135885 -0.000362204 64.2468 -0.135885 -0.990725 -6.97524e-05 -3.61449 0 0 0 1 
				15
				-0.000353427 0.000111382 -1 -0.00350413 0.994987 -0.100008 -0.000362794 65.0716 -0.100008 -0.994987 -7.54778e-05 -2.27659 0 0 0 1 
				16
				-0.000354447 0.000109713 -1 -0.00351719 0.99589 -0.0905682 -0.000362926 65.0814 -0.0905682 -0.99589 -7.71601e-05 -2.15214 0 0 0 1 
				17
				-0.000354918 0.000108928 -1 -0.00352322 0.996282 -0.0861478 -0.000362983 65.0856 -0.0861478 -0.996282 -7.79477e-05 -2.09388 0 0 0 1 
				18
				-0.000354979 0.000108827 -1 -0.00352399 0.996332 -0.0855791 -0.000362989 65.0861 -0.0855791 -0.996332 -7.80489e-05 -2.08638 0 0 0 1 
				19
				-0.000354754 0.000109202 -1 -0.00352113 0.996148 -0.0876887 -0.000362963 65.0841 -0.0876888 -0.996148 -7.76731e-05 -2.11419 0 0 0 1 
				20
				-0.000354364 0.000109849 -1 -0.00351613 0.99582 -0.0913384 -0.000362916 65.0806 -0.0913384 -0.99582 -7.70227e-05 -2.1623 0 0 0 1 
				21
				-0.000353927 0.000110566 -1 -0.00351055 0.99544 -0.0953902 -0.00036286 65.0765 -0.0953903 -0.99544 -7.63008e-05 -2.21571 0 0 0 1 
				22
				-0.000353572 0.000111146 -1 -0.003506 0.99512 -0.0986709 -0.000362813 65.073 -0.098671 -0.99512 -7.57162e-05 -2.25896 0 0 0 1 
				23
				-0.000353427 0.000111382 -1 -0.00350413 0.994987 -0.100008 -0.000362794 65.0716 -0.100008 -0.994987 -7.54778e-05 -2.27659 0 0 0 1 
		</Joint>
			5
				-1
				1.38682e-06 -1.36408e-06 -1 -0.00482846 0 -1 1.36408e-06 -0.00214377 -1 -1.89173e-12 -1.38682e-06 -39.2698 0 0 0 1 
				0
				9.30112e-07 -1.34183e-06 -1 -0.00481283 0.207718 -0.978189 1.50576e-06 8.14521 -0.978189 -0.207718 -6.31103e-07 -40.8165 0 0 0 1 
				1
				4.52804e-07 -1.25514e-06 -1 -0.00481113 0.410756 -0.911745 1.33036e-06 16.0537 -0.911745 -0.410756 1.02716e-07 -42.2031 0 0 0 1 
				2
				-5.72459e-08 -1.17559e-06 -1 -0.00481977 0.587661 -0.809107 9.1754e-07 23.9155 -0.809107 -0.587661 7.37169e-07 -42.0845 0 0 0 1 
				3
				-2.83362e-07 -1.40332e-06 -1 -0.00482742 0.724238 -0.689551 7.62439e-07 31.9074 -0.689551 -0.724238 1.21173e-06 -39.0726 0 0 0 1 
				4
				-5.02714e-07 -1.60286e-06 -1 -0.00482408 0.814074 -0.580762 5.21631e-07 40.5106 -0.580762 -0.814074 1.5968e-06 -31.6292 0 0 0 1 
				5
				-5.50566e-07 -1.85055e-06 -1 -0.00479422 0.873831 -0.48623 4.18689e-07 49.1637 -0.48623 -0.873831 1.88477e-06 -20.7945 0 0 0 1 
				6
				-6.67055e-07 -2.08077e-06 -1 -0.00473605 0.92368 -0.383165 1.81132e-07 56.4293 -0.383165 -0.92368 2.17755e-06 -9.40462 0 0 0 1 
				7
				-1.68837e-07 -2.53509e-06 -1 -0.00464979 0.970368 -0.241635 4.48732e-07 61.0724 -0.241635 -0.970368 2.50077e-06 -0.453448 0 0 0 1 
				8
				-1.25097e-07 -2.52802e-06 -1 -0.00454529 0.939416 -0.34278 7.49037e-07 63.4051 -0.34278 -0.939416 2.41774e-06 -0.72588 0 0 0 1 
				9
				-1.07508e-07 -2.51429e-06 -1 -0.00439236 0.9059 -0.423492 9.67391e-07 64.0346 -0.423492 -0.9059 2.32322e-06 -3.32658 0 0 0 1 
				10
				-9.46135e-08 -2.50866e-06 -1 -0.00422781 0.881809 -0.471606 1.09967e-06 63.8954 -0.471606 -0.881809 2.25678e-06 -6.34985 0 0 0 1 
				11
				-1.04044e-07 -2.50046e-06 -1 -0.00412114 0.879439 -0.476012 1.09875e-06 64.0821 -0.476012 -0.879439 2.24852e-06 -7.91092 0 0 0 1 
				12
				0.00284424 0.0156545 -0.999873 -0.00413385 0.912885 -0.4082 -0.00379417 64.9004 -0.408208 -0.912758 -0.0154517 -7.40101 0 0 0 1 
				13
				0.00479929 0.0426241 -0.99908 -0.00423062 0.961016 -0.2764 -0.00717572 65.8376 -0.276452 -0.960097 -0.0422889 -5.83543 0 0 0 1 
				14
				0.00200775 0.0480945 -0.998841 -0.00433805 0.990714 -0.135889 -0.00455167 66.7511 -0.13595 -0.989556 -0.0479207 -3.95796 0 0 0 1 
				15
				-2.11481e-07 -2.57193e-06 -1 -0.00439749 0.998708 -0.0508132 -8.05197e-08 67.5866 -0.0508132 -0.998708 2.57935e-06 -2.52938 0 0 0 1 
				16
				0.00134548 -0.0941352 -0.995558 -0.00441312 0.999756 -0.0218232 0.00341464 67.5987 -0.0220477 -0.99532 0.0940828 -2.38107 0 0 0 1 
				17
				0.00439511 -0.204306 -0.978897 -0.00442035 0.999956 -0.0071799 0.00598818 67.6039 -0.00825181 -0.978881 0.204266 -2.31163 0 0 0 1 
				18
				0.00741321 -0.324399 -0.945891 -0.00442127 0.999952 -0.00368522 0.00910076 67.6045 -0.0064381 -0.945913 0.324356 -2.3027 0 0 0 1 
				19
				0.0089131 -0.447655 -0.894162 -0.00441783 0.999874 -0.00774823 0.0138459 67.6021 -0.0131264 -0.894173 0.447529 -2.33584 0 0 0 1 
				20
				0.00814497 -0.567249 -0.823506 -0.00441185 0.999664 -0.0156591 0.0206736 67.5978 -0.0246224 -0.823398 0.56693 -2.39317 0 0 0 1 
				21
				0.00532608 -0.67689 -0.736065 -0.00440517 0.999296 -0.0237343 0.029057 67.5927 -0.0371383 -0.735702 0.676287 -2.45683 0 0 0 1 
				22
				0.00180575 -0.77152 -0.636203 -0.00439972 0.998896 -0.0284805 0.0373734 67.5884 -0.0469536 -0.635567 0.770617 -2.50837 0 0 0 1 
				23
				9.63888e-07 -0.848053 -0.529912 -0.00439749 0.998708 -0.0269261 0.0430934 67.5866 -0.0508139 -0.529228 0.846957 -2.52938 0 0 0 1 
		</Joint>
			6
		</Joint>
			7
				-1
				0.950431 -1.46115e-06 -0.310935 1.35561 6.80463e-05 1 0.000203297 -0.00160004 0.310935 -0.000214378 0.950431 -36.7427 0 0 0 1 
				0
				0.950431 5.77624e-06 -0.310936 1.35562 -0.0667059 0.97672 -0.20388 7.60309 0.303696 0.214515 0.928306 -38.3482 0 0 0 1 
				1
				0.950431 1.40856e-05 -0.310936 1.35562 -0.13034 0.907918 -0.398367 14.9945 0.282299 0.419148 0.862915 -39.9087 0 0 0 1 
				2
				0.950431 1.99823e-05 -0.310935 1.35562 -0.187943 0.796684 -0.574431 22.388 0.247706 0.604395 0.757198 -40.0711 0 0 0 1 
				3
				0.950431 2.01651e-05 -0.310935 1.35561 -0.236862 0.64789 -0.723972 29.9824 0.201437 0.761734 0.61578 -37.4352 0 0 0 1 
				4
				0.950431 1.31554e-05 -0.310934 1.35562 -0.275236 0.465262 -0.841294 38.2736 0.144655 0.885173 0.442203 -30.4534 0 0 0 1 
				5
				0.950431 9.81614e-07 -0.310935 1.35564 -0.300463 0.257341 -0.918421 46.7217 0.0800155 0.966321 0.244585 -20.1442 0 0 0 1 
				6
				0.95043 -1.52197e-05 -0.310938 1.35569 -0.310679 0.040802 -0.949639 53.9042 0.0127013 0.999167 0.0387747 -9.30148 0 0 0 1 
				7
				0.950429 -3.4446e-05 -0.310943 1.35577 -0.306599 -0.166671 -0.937133 58.5806 -0.0517928 0.986013 -0.158419 -0.874611 0 0 0 1 
				8
				0.950427 -6.1132e-05 -0.310949 1.35586 -0.310383 -0.0605211 -0.948684 60.8826 -0.018761 0.998167 -0.0575398 -0.878745 0 0 0 1 
				9
				0.950423 -9.33938e-05 -0.310959 1.35598 -0.310263 0.0666108 -0.948314 61.5131 0.0208018 0.997779 0.0632794 -3.15812 0 0 0 1 
				10
				0.950419 -0.000121837 -0.310971 1.35611 -0.30589 0.179672 -0.934959 61.4093 0.0559868 0.983726 0.170727 -5.89562 0 0 0 1 
				11
				0.950417 -0.000138675 -0.31098 1.3562 -0.301443 0.245342 -0.921379 61.6322 0.0764242 0.969437 0.233136 -7.29069 0 0 0 1 
				12
				0.950417 -0.000140457 -0.310979 1.35619 -0.301582 0.243563 -0.921806 62.4494 0.0758727 0.969885 0.231444 -6.78529 0 0 0 1 
				13
				0.950419 -0.000132229 -0.310973 1.35611 -0.304965 0.195229 -0.932139 63.359 0.0608341 0.980758 0.185509 -5.34186 0 0 0 1 
				14
				0.950421 -0.000120831 -0.310966 1.35602 -0.3081 0.135096 -0.941713 64.247 0.0421242 0.990832 0.128361 -3.61638 0 0 0 1 
				15
				0.950422 -0.000113887 -0.310963 1.35597 -0.309417 0.0992161 -0.945736 65.0719 0.0309602 0.995066 0.094262 -2.27849 0 0 0 1 
				16
				0.950422 -0.000112217 -0.310962 1.35595 -0.309696 0.0897752 -0.946588 65.0817 0.0280228 0.995962 0.0852896 -2.15404 0 0 0 1 
				17
				0.950423 -0.000111432 -0.310961 1.35595 -0.309817 0.0853544 -0.946957 65.0859 0.0266474 0.996351 0.0810883 -2.09577 0 0 0 1 
				18
				0.950423 -0.00011133 -0.310961 1.35595 -0.309832 0.0847857 -0.947004 65.0864 0.0264705 0.996399 0.0805478 -2.08828 0 0 0 1 
				19
				0.950423 -0.000111705 -0.310961 1.35595 -0.309776 0.0868955 -0.946831 65.0845 0.0271269 0.996218 0.0825528 -2.11609 0 0 0 1 
				20
				0.950422 -0.000112353 -0.310962 1.35595 -0.309675 0.0905454 -0.946522 65.0809 0.0282625 0.995892 0.0860216 -2.16419 0 0 0 1 
				21
				0.950422 -0.000113072 -0.310962 1.35596 -0.309557 0.0945976 -0.946164 65.0768 0.0295232 0.995516 0.0898726 -2.21761 0 0 0 1 
				22
				0.950422 -0.000113651 -0.310962 1.35597 -0.309459 0.0978785 -0.945862 65.0733 0.030544 0.995199 0.0929907 -2.26086 0 0 0 1 
				23
				0.950422 -0.000113887 -0.310963 1.35597 -0.309417 0.0992161 -0.945736 65.0719 0.0309602 0.995066 0.094262 -2.27849 0 0 0 1 
		</Joint>
			8
				-1
				0.649637 -0.0572631 -0.758085 6.71772 0.0993357 0.995004 0.00996611 -0.00121614 0.753727 -0.0817792 0.65208 -34.9884 0 0 0 1 
				0
				0.895232 -0.115104 -0.430479 6.71773 -0.0675231 0.919864 -0.386381 7.22675 0.440456 0.374968 0.815719 -36.6348 0 0 0 1 
				1
				0.999794 0.0083303 -0.0185344 6.71773 -0.0194344 0.658383 -0.752432 14.2591 0.00593474 0.752637 0.658409 -38.316 0 0 0 1 
				2
				0.928769 0.237321 0.284722 6.71773 0.202627 0.31813 -0.92614 21.3277 -0.310371 0.917863 0.247382 -38.6736 0 0 0 1 
				3
				0.813408 0.414993 0.407613 6.71772 0.445378 0.00643455 -0.89532 28.6461 -0.374174 0.909802 -0.179595 -36.2988 0 0 0 1 
				4
				0.787232 0.452457 0.418985 6.71773 0.569019 -0.271132 -0.776341 36.7208 -0.237661 0.849571 -0.470901 -29.6373 0 0 0 1 
				5
				0.842234 0.378748 0.383655 6.71775 0.537793 -0.540526 -0.647 45.0265 -0.0376749 0.751253 -0.658938 -19.6928 0 0 0 1 
				6
				0.912339 0.257737 0.318133 6.7178 0.392899 -0.769706 -0.503173 52.1515 0.115182 0.584059 -0.803498 -9.22983 0 0 0 1 
				7
				0.953175 0.160224 0.25649 6.71787 0.237364 -0.921898 -0.306209 56.8508 0.187395 0.352752 -0.916761 -1.16681 0 0 0 1 
				8
				0.971661 0.0988674 0.214708 6.71794 0.169128 -0.925353 -0.33929 59.1315 0.165136 0.365988 -0.915851 -0.98459 0 0 0 1 
				9
				0.984421 0.0407937 0.17103 6.71804 0.103463 -0.920878 -0.375872 59.7626 0.142164 0.387711 -0.910752 -3.04076 0 0 0 1 
				10
				0.992148 -0.0160215 0.124036 6.71816 0.0369263 -0.91002 -0.412916 59.6836 0.11949 0.414255 -0.902283 -5.57975 0 0 0 1 
				11
				0.994596 -0.0740884 0.0727254 6.71823 -0.0339058 -0.893909 -0.446965 59.9315 0.0981248 0.442084 -0.89159 -6.85953 0 0 0 1 
				12
				0.990902 -0.133581 0.0164239 6.71821 -0.109626 -0.871882 -0.477289 60.7479 0.0780766 0.471146 -0.878593 -6.35723 0 0 0 1 
				13
				0.980407 -0.191965 -0.0441852 6.71815 -0.18776 -0.842846 -0.504339 61.6385 0.0595741 0.502753 -0.862375 -4.99865 0 0 0 1 
				14
				0.962821 -0.247798 -0.107573 6.71807 -0.26659 -0.807231 -0.526601 62.5088 0.0436545 0.535701 -0.843279 -3.37873 0 0 0 1 
				15
				0.938368 -0.299651 -0.172267 6.71803 -0.34427 -0.765974 -0.542921 63.3262 0.0307344 0.568766 -0.821926 -2.10382 0 0 0 1 
				16
				0.90735 -0.347026 -0.237253 6.71801 -0.419842 -0.71964 -0.553038 63.3345 0.0211816 0.601408 -0.798661 -1.99594 0 0 0 1 
				17
				0.869879 -0.389676 -0.30243 6.71801 -0.49304 -0.668304 -0.55703 63.338 0.0149458 0.633659 -0.773469 -1.94544 0 0 0 1 
				18
				0.826257 -0.427151 -0.367209 6.71801 -0.563164 -0.612414 -0.554793 63.3384 0.0120966 0.6652 -0.746567 -1.93894 0 0 0 1 
				19
				0.776859 -0.459067 -0.430984 6.71801 -0.629547 -0.552476 -0.546299 63.3368 0.0126798 0.695722 -0.7182 -1.96304 0 0 0 1 
				20
				0.722123 -0.485123 -0.493146 6.71802 -0.691562 -0.489043 -0.531582 63.3338 0.0167132 0.724909 -0.688642 -2.00474 0 0 0 1 
				21
				0.662548 -0.505078 -0.553106 6.71802 -0.74863 -0.422717 -0.510748 63.3304 0.0241608 0.752467 -0.658187 -2.05104 0 0 0 1 
				22
				0.598688 -0.518755 -0.6103 6.71803 -0.80022 -0.354125 -0.483988 63.3275 0.0349487 0.778132 -0.627128 -2.08853 0 0 0 1 
				23
				0.53115 -0.526055 -0.664188 6.71803 -0.845861 -0.283904 -0.451574 63.3262 0.0489873 0.801664 -0.595765 -2.10382 0 0 0 1 
		</Joint>
			9
				-1
				0.406673 0.509828 -0.758085 10.9132 -0.774442 0.632567 0.0099662 0.640307 0.48462 0.583039 0.65208 -30.1208 0 0 0 1 
				0
				0.738374 0.519126 -0.430479 12.4993 -0.670531 0.633323 -0.386381 6.79067 0.0720515 0.573943 0.815719 -33.7902 0 0 0 1 
				1
				0.881677 0.47149 -0.0185344 13.1745 -0.32284 0.574126 -0.752432 14.1336 -0.344123 0.669385 0.658409 -38.2777 0 0 0 1 
				2
				0.841201 0.459689 0.284722 12.7158 0.117636 0.358366 -0.92614 22.6363 -0.527771 0.812564 0.247382 -40.678 0 0 0 1 
				3
				0.777349 0.479145 0.407613 11.9708 0.443414 0.0422778 -0.89532 31.5224 -0.446221 0.876717 -0.179595 -38.7153 0 0 0 1 
				4
				0.78901 0.44935 0.418985 11.8018 0.567946 -0.273374 -0.776341 40.3956 -0.234309 0.850501 -0.470901 -31.1722 0 0 0 1 
				5
				0.852113 0.355967 0.383655 12.157 0.523066 -0.55479 -0.647 48.4997 -0.0174628 0.751994 -0.658938 -19.9361 0 0 0 1 
				6
				0.917602 0.238322 0.318133 12.6098 0.37648 -0.777868 -0.503173 54.6888 0.127548 0.581484 -0.803498 -8.48596 0 0 0 1 
				7
				0.956177 0.141207 0.25649 12.8736 0.218955 -0.926443 -0.306209 58.3838 0.194384 0.348949 -0.916761 0.043408 0 0 0 1 
				8
				0.973862 0.0741189 0.214708 12.9931 0.145535 -0.929356 -0.33929 60.2237 0.174393 0.361669 -0.915851 0.0818834 0 0 0 1 
				9
				0.985088 0.018696 0.17103 13.0756 0.0827754 -0.922967 -0.375872 60.4308 0.150828 0.384424 -0.910752 -2.12264 0 0 0 1 
				10
				0.991783 -0.0313267 0.124035 13.1256 0.022882 -0.910482 -0.412916 59.9221 0.125867 0.412362 -0.902283 -4.80807 0 0 0 1 
				11
				0.993896 -0.0829604 0.0727254 13.1415 -0.0418809 -0.893571 -0.446965 59.7125 0.102066 0.441191 -0.89159 -6.22582 0 0 0 1 
				12
				0.99046 -0.136818 0.0164239 13.1176 -0.112473 -0.871519 -0.477289 60.0399 0.0796153 0.470888 -0.878593 -5.853 0 0 0 1 
				13
				0.981099 -0.188392 -0.0441852 13.0497 -0.184688 -0.843524 -0.504339 60.4259 0.0577421 0.502967 -0.862375 -4.61392 0 0 0 1 
				14
				0.965538 -0.236992 -0.107573 12.9361 -0.257526 -0.810168 -0.526601 60.7871 0.0376479 0.536157 -0.843279 -3.0968 0 0 0 1 
				15
				0.943843 -0.281931 -0.172267 12.7781 -0.329788 -0.772319 -0.542921 61.1029 0.0200209 0.569243 -0.821926 -1.90533 0 0 0 1 
				16
				0.916178 -0.322999 -0.237253 12.5778 -0.400735 -0.730452 -0.553038 60.6231 0.00532862 0.601758 -0.798661 -1.85915 0 0 0 1 
				17
				0.882615 -0.359898 -0.30243 12.3358 -0.47005 -0.684668 -0.55703 60.1538 -0.00659032 0.633801 -0.773469 -1.84892 0 0 0 1 
				18
				0.843342 -0.392343 -0.367209 12.0541 -0.53715 -0.635354 -0.554793 59.7014 -0.0156382 0.665127 -0.746567 -1.86081 0 0 0 1 
				19
				0.798605 -0.420099 -0.430984 11.7351 -0.601463 -0.582924 -0.546298 59.2711 -0.0217312 0.695497 -0.7182 -1.88116 0 0 0 1 
				20
				0.748703 -0.443003 -0.493146 11.3816 -0.662442 -0.527818 -0.531582 58.8676 -0.0247992 0.724677 -0.688642 -1.89681 0 0 0 1 
				21
				0.693987 -0.460929 -0.553106 10.9968 -0.71956 -0.4705 -0.510748 58.4956 -0.0248176 0.752446 -0.658187 -1.89501 0 0 0 1 
				22
				0.634863 -0.473796 -0.6103 10.5844 -0.772317 -0.411438 -0.483988 58.1595 -0.0217892 0.778612 -0.627128 -1.86283 0 0 0 1 
				23
				0.571786 -0.481576 -0.664188 10.1483 -0.820252 -0.351095 -0.451574 57.8635 -0.0157261 0.803006 -0.595765 -1.78745 0 0 0 1 
		</Joint>
			10
				-1
				0.406674 -0.757678 -0.510431 13.6868 -0.774442 0.0104699 -0.632559 -4.64167 0.48462 0.652544 -0.58252 -26.8155 0 0 0 1 
				0
				0.738374 -0.430065 -0.519468 17.5352 -0.670531 -0.385877 -0.63363 2.2174 0.0720515 0.816176 -0.573293 -33.2988 0 0 0 1 
				1
				0.881677 -0.0181589 -0.471504 19.1879 -0.32284 -0.751975 -0.574725 11.9317 -0.344123 0.658942 -0.668861 -40.6247 0 0 0 1 
				2
				0.841201 0.285088 -0.459462 18.4531 0.117636 -0.925855 -0.359103 23.4386 -0.527771 0.248029 -0.812367 -44.2776 0 0 0 1 
				3
				0.777349 0.407995 -0.47882 17.2726 0.443413 -0.895286 -0.0429907 34.5466 -0.446221 -0.178896 -0.87686 -41.7586 0 0 0 1 
				4
				0.78901 0.419342 -0.449016 17.1831 0.567946 -0.776558 0.272755 44.2692 -0.234309 -0.470224 -0.850876 -32.7702 0 0 0 1 
				5
				0.852113 0.383938 -0.355661 17.9687 0.523066 -0.647442 0.554275 52.0672 -0.0174628 -0.658339 -0.752519 -20.0552 0 0 0 1 
				6
				0.917602 0.318322 -0.238069 18.8682 0.37648 -0.503792 0.777468 57.2566 0.127548 -0.803035 -0.582123 -7.61604 0 0 0 1 
				7
				0.956177 0.256602 -0.141003 19.3951 0.218955 -0.306946 0.926199 59.8771 0.194384 -0.916483 -0.349679 1.36918 0 0 0 1 
				8
				0.973862 0.214767 -0.0739479 19.6352 0.145535 -0.34003 0.929085 61.2163 0.174393 -0.915563 -0.362398 1.27131 0 0 0 1 
				9
				0.985088 0.171045 -0.0185598 19.7942 0.0827754 -0.376607 0.922668 60.9954 0.150828 -0.910446 -0.385149 -1.09394 0 0 0 1 
				10
				0.991783 0.124011 0.0314254 19.8899 0.022882 -0.413641 0.910152 60.0781 0.125867 -0.901955 -0.41308 -3.94961 0 0 0 1 
				11
				0.993896 0.0726593 0.0830183 19.9202 -0.0418809 -0.447677 0.893214 59.4269 0.102066 -0.891239 -0.441901 -5.5297 0 0 0 1 
				12
				0.99046 0.0163149 0.136831 19.8729 -0.112473 -0.477983 0.871139 59.2728 0.0796153 -0.878218 -0.471588 -5.30999 0 0 0 1 
				13
				0.981099 -0.0443352 0.188357 19.7412 -0.184688 -0.50501 0.843122 59.1663 0.0577422 -0.861974 -0.503654 -4.22009 0 0 0 1 
				14
				0.965538 -0.107762 0.236906 19.5214 -0.257526 -0.527246 0.809748 59.0307 0.0376479 -0.842852 -0.536828 -2.84003 0 0 0 1 
				15
				0.943843 -0.172492 0.281794 19.2155 -0.329788 -0.543535 0.771887 58.8536 0.0200209 -0.821472 -0.569898 -1.76879 0 0 0 1 
				16
				0.916178 -0.23751 0.32281 18.8265 -0.400735 -0.55362 0.730011 57.8899 0.00532862 -0.798182 -0.602393 -1.82281 0 0 0 1 
				17
				0.882615 -0.302717 0.359657 18.3556 -0.47005 -0.557575 0.684224 56.9479 -0.00659031 -0.772964 -0.634416 -1.89387 0 0 0 1 
				18
				0.843342 -0.367521 0.39205 17.806 -0.53715 -0.555299 0.634912 56.0379 -0.0156382 -0.746037 -0.665721 -1.96747 0 0 0 1 
				19
				0.798605 -0.431318 0.419756 17.1819 -0.601463 -0.546763 0.582489 55.1689 -0.0217313 -0.717646 -0.696069 -2.02937 0 0 0 1 
				20
				0.748703 -0.493499 0.44261 16.488 -0.662442 -0.532002 0.527394 54.3495 -0.0247992 -0.688065 -0.725226 -2.06595 0 0 0 1 
				21
				0.693987 -0.553473 0.460488 15.7301 -0.719559 -0.511123 0.470093 53.588 -0.0248177 -0.657587 -0.75297 -2.06428 0 0 0 1 
				22
				0.634863 -0.610677 0.47331 14.9144 -0.772317 -0.484316 0.411053 52.892 -0.0217892 -0.626508 -0.779111 -2.01143 0 0 0 1 
				23
				0.571786 -0.664571 0.481047 14.0481 -0.820252 -0.451853 0.350735 52.2691 -0.0157261 -0.595125 -0.80348 -1.89471 0 0 0 1 
		</Joint>
			11
		</Joint>
			12
		</Joint>
			13
		</Joint>
			14
		</Joint>
			15
		</Joint>
			16
		</Joint>
			17
				-1
				-0.950193 -1.43389e-06 -0.311662 -1.36333 6.54167e-05 1 -0.000204043 -0.00160375 0.311662 -0.000214268 -0.950193 -36.7416 0 0 0 1 
				0
				-0.950193 5.82096e-06 -0.311661 -1.36332 -0.0668507 0.97672 0.203833 7.60288 0.304407 0.214516 -0.928073 -38.3471 0 0 0 1 
				1
				-0.950193 1.41168e-05 -0.311661 -1.36332 -0.13062 0.907918 0.398276 14.9941 0.282968 0.419148 -0.862696 -39.9077 0 0 0 1 
				2
				-0.950193 2.00312e-05 -0.311662 -1.36332 -0.188352 0.796684 0.574297 22.3875 0.248307 0.604395 -0.757 -40.0703 0 0 0 1 
				3
				-0.950193 2.01663e-05 -0.311662 -1.36333 -0.237391 0.64789 0.723798 29.9816 0.201937 0.761734 -0.615616 -37.4345 0 0 0 1 
				4
				-0.950193 1.31769e-05 -0.311663 -1.36333 -0.275869 0.465262 0.841087 38.2727 0.145016 0.885173 -0.442085 -30.4529 0 0 0 1 
				5
				-0.950193 1.01058e-06 -0.311661 -1.3633 -0.301165 0.257341 0.918191 46.7207 0.0802041 0.966321 -0.244523 -20.1439 0 0 0 1 
				6
				-0.950194 -1.51933e-05 -0.311659 -1.36325 -0.3114 0.0408018 0.949403 53.9032 0.0127018 0.999167 -0.0387744 -9.30148 0 0 0 1 
				7
				-0.950196 -3.44134e-05 -0.311654 -1.36317 -0.30729 -0.166671 0.936907 58.5796 -0.051976 0.986013 0.15836 -0.874872 0 0 0 1 
				8
				-0.950198 -6.11038e-05 -0.311648 -1.36309 -0.311073 -0.0605212 0.948457 60.8816 -0.0189193 0.998167 0.0574881 -0.878972 0 0 0 1 
				9
				-0.950201 -9.3367e-05 -0.311638 -1.36296 -0.310951 0.0666107 0.948089 61.5121 0.0206699 0.997779 -0.0633226 -3.1583 0 0 0 1 
				10
				-0.950205 -0.000121808 -0.311625 -1.36283 -0.306575 0.179672 0.934735 61.4084 0.0558766 0.983726 -0.170763 -5.89578 0 0 0 1 
				11
				-0.950208 -0.000138652 -0.311617 -1.36274 -0.302126 0.245342 0.921156 61.6312 0.0763252 0.969437 -0.233168 -7.29083 0 0 0 1 
				12
				-0.950208 -0.000140434 -0.311618 -1.36276 -0.302266 0.243563 0.921582 62.4484 0.0757692 0.969885 -0.231478 -6.78543 0 0 0 1 
				13
				-0.950206 -0.000132208 -0.311624 -1.36284 -0.305652 0.195228 0.931914 63.358 0.0607146 0.980758 -0.185548 -5.34204 0 0 0 1 
				14
				-0.950203 -0.000120807 -0.311631 -1.36293 -0.308789 0.135096 0.941487 64.2461 0.0419863 0.990832 -0.128406 -3.61658 0 0 0 1 
				15
				-0.950202 -0.000113861 -0.311634 -1.36298 -0.310108 0.099216 0.94551 65.0709 0.0308115 0.995066 -0.0943106 -2.2787 0 0 0 1 
				16
