<?xml version='1.0' encoding='UTF-8' ?>
<itpanim>
	<skeleton count>
		37
			0 -1
			1.37091e-06 -1 -6.12323e-17 1e-06 1 1.37091e-06 -6.12323e-17 -1.37225e-12 6.12323e-17 -6.12323e-17 1 21.9617 0 0 0 1 
			1 0
			1.3868e-06 -2.28068e-12 -1 -21.9617 2.75771e-06 -1 6.10495e-12 1.00008e-06 -1 -2.75771e-06 -1.3868e-06 -3.04564e-05 0 0 0 1 
			2 1
			-0.000205999 -0.000823318 -1 -24.8731 -1.2413e-06 -1 0.000823318 0.0257198 -1 1.41091e-06 0.000205998 0.00512379 0 0 0 1 
			3 2
			-0.000383999 -0.00100932 -0.999999 -31.4555 -1.03656e-06 -0.999999 0.00100932 0.036812 -1 1.42414e-06 0.000383997 0.0107229 0 0 0 1 
			4 3
			-0.000383999 -0.00100932 -0.999999 -38.038 -1.03656e-06 -0.999999 0.00100932 0.0388247 -1 1.42414e-06 0.000383997 0.0107229 0 0 0 1 
			5 4
			1.34309e-06 9.82436e-13 -1 -40.5657 -1.40269e-06 -1 -2.86637e-12 -0.00211895 -1 1.40269e-06 -1.34309e-06 -0.00490874 0 0 0 1 
			6 5
			1 -0 0 0 0 1 0 0 -0 -0 1 -0 0 0 0 1 
			7 4
			0.950432 6.75818e-05 0.310933 10.539 -1.42282e-06 1 -0.000213002 -0.00652172 -0.310933 0.000202002 0.950432 36.5745 0 0 0 1 
			8 7
			0.476976 0.0235788 0.8786 28.6752 0.0457762 0.997617 -0.0516239 -2.17945 -0.877723 0.0648423 0.47476 23.1227 0 0 0 1 
			9 8
			0.476835 0.0205561 0.878752 22.2236 0.0472212 0.997684 -0.0489616 -2.11213 -0.877724 0.0648423 0.47476 23.1227 0 0 0 1 
			10 9
			0.476835 0.0205561 0.878752 15.4032 -0.877686 0.0656367 0.474721 23.121 -0.04792 -0.997632 0.0493396 2.13054 0 0 0 1 
			11 10
			1 -0 0 0 0 1 0 0 -0 -0 1 -0 0 0 0 1 
			12 11
			1 -0 0 0 0 1 0 0 -0 -0 1 -0 0 0 0 1 
			13 12
			1 -0 0 0 0 1 0 0 -0 -0 1 -0 0 0 0 1 
			14 10
			1 -0 0 0 0 1 0 0 -0 -0 1 -0 0 0 0 1 
			15 14
			1 -0 0 0 0 1 0 0 -0 -0 1 -0 0 0 0 1 
			16 15
			1 -0 0 0 0 1 0 0 -0 -0 1 -0 0 0 0 1 
			17 4
			-0.950193 6.50589e-05 0.311663 10.5594 -1.39561e-06 1 -0.000213002 -0.00652172 -0.311663 -0.000202828 -0.950193 -36.5678 0 0 0 1 
			18 17
			-0.476976 0.0235775 0.8786 28.6676 -0.045779 0.997617 -0.0516239 -2.17948 -0.877723 -0.0648447 -0.47476 -23.1259 0 0 0 1 
			19 18
			-0.476835 0.0205548 0.878752 22.216 -0.0472239 0.997684 -0.0489616 -2.11218 -0.877723 -0.0648447 -0.47476 -23.1259 0 0 0 1 
			20 19
			-0.476835 0.0205547 0.878752 15.3956 0.877685 0.0656391 0.474721 23.1242 -0.0479228 0.997632 -0.0493396 -2.13059 0 0 0 1 
			21 20
			1 -0 0 0 0 1 0 0 -0 -0 1 -0 0 0 0 1 
			22 21
			1 -0 0 0 0 1 0 0 -0 -0 1 -0 0 0 0 1 
			23 22
			1 -0 0 0 0 1 0 0 -0 -0 1 -0 0 0 0 1 
			24 20
			1 -0 0 0 0 1 0 0 -0 -0 1 -0 0 0 0 1 
			25 24
			1 -0 0 0 0 1 0 0 -0 -0 1 -0 0 0 0 1 
			26 25
			1 -0 0 0 0 1 0 0 -0 -0 1 -0 0 0 0 1 
			27 2
			1.37369e-06 -0.0998331 0.995004 21.852 0 -0.995004 -0.0998331 -2.1925 1 1.3714e-07 -1.36683e-06 -4.26131 0 0 0 1 
			28 27
			1.37369e-06 0.0998335 0.995004 12.303 0 -0.995004 0.0998335 0.256849 1 -1.3714e-07 -1.36683e-06 -4.26131 0 0 0 1 
			29 28
			1.3716e-06 -6.00745e-14 1 2.57273 0 -1 -6.00745e-14 4.22662e-06 1 8.23984e-20 -1.3716e-06 -4.26131 0 0 0 1 
			30 29
			1.3723e-06 -1 -6.00133e-14 -5.50713 0 6.00133e-14 -1 -0.331805 1 1.3723e-06 8.23562e-20 -4.26131 0 0 0 1 
			31 30
			1 -0 0 0 0 1 0 0 -0 -0 1 -0 0 0 0 1 
			32 2
			1.37369e-06 -0.0998331 0.995004 21.852 0 -0.995004 -0.0998331 -2.1925 1 1.3714e-07 -1.36683e-06 4.26131 0 0 0 1 
			33 32
			1.37369e-06 0.0998335 0.995004 12.303 0 -0.995004 0.0998335 0.256849 1 -1.3714e-07 -1.36683e-06 4.26131 0 0 0 1 
			34 33
			1.3716e-06 -6.00745e-14 1 2.57273 0 -1 -6.00745e-14 4.22662e-06 1 8.23984e-20 -1.3716e-06 4.26131 0 0 0 1 
			35 34
			1.3723e-06 -1 -6.00133e-14 -5.50713 0 6.00133e-14 -1 -0.331804 1 1.3723e-06 8.23562e-20 4.26131 0 0 0 1 
			36 35
			1 -0 0 0 0 1 0 0 -0 -0 1 -0 0 0 0 1 
	</skeleton>
		<animations>
			33
			0
				-1
				1.33158e-06 1 0 0 -1 1.33158e-06 0 9.75445e-07 -0 -0 1 -19.326 0 0 0 1 
				0
				1.46474e-06 1 0 0 -1 1.46474e-06 0 9.59147e-07 -0 -0 1 -19.6285 0 0 0 1 
				1
				1.33158e-06 1 0 0 -1 1.33158e-06 0 9.41631e-07 -0 -0 1 -19.9741 0 0 0 1 
				2
				1.46474e-06 1 0 0 -1 1.46474e-06 0 9.23631e-07 -0 -0 1 -20.3368 0 0 0 1 
				3
				1.33158e-06 1 0 0 -1 1.33158e-06 0 9.05884e-07 -0 -0 1 -20.6906 0 0 0 1 
				4
				1.33158e-06 1 0 0 -1 1.33158e-06 0 8.89103e-07 -0 -0 1 -21.0102 0 0 0 1 
				5
				1.46474e-06 1 0 0 -1 1.46474e-06 0 8.74002e-07 -0 -0 1 -21.2705 0 0 0 1 
				6
				1.46474e-06 1 0 0 -1 1.46474e-06 0 8.61315e-07 -0 -0 1 -21.4456 0 0 0 1 
				7
				1.46474e-06 1 0 0 -1 1.46474e-06 0 8.51781e-07 -0 -0 1 -21.5093 0 0 0 1 
				8
				1.46474e-06 1 0 0 -1 1.46474e-06 0 8.45903e-07 -0 -0 1 -21.4149 0 0 0 1 
				9
				1.46474e-06 1 0 0 -1 1.46474e-06 0 8.43243e-07 -0 -0 1 -21.1646 0 0 0 1 
				10
				1.33158e-06 1 0 0 -1 1.33158e-06 0 8.43024e-07 -0 -0 1 -20.8113 0 0 0 1 
				11
				1.46474e-06 1 0 0 -1 1.46474e-06 0 8.44471e-07 -0 -0 1 -20.4081 0 0 0 1 
				12
				1.33158e-06 1 0 0 -1 1.33158e-06 0 8.46831e-07 -0 -0 1 -20.006 0 0 0 1 
				13
				1.46474e-06 1 0 0 -1 1.46474e-06 0 8.49354e-07 -0 -0 1 -19.6563 0 0 0 1 
				14
				1.46474e-06 1 0 0 -1 1.46474e-06 0 8.51262e-07 -0 -0 1 -19.412 0 0 0 1 
				15
				1.46474e-06 1 0 0 -1 1.46474e-06 0 8.51781e-07 -0 -0 1 -19.326 0 0 0 1 
				16
				1.46474e-06 1 0 0 -1 1.46474e-06 0 8.50333e-07 -0 -0 1 -19.4333 0 0 0 1 
				17
				1.46474e-06 1 0 0 -1 1.46474e-06 0 8.47364e-07 -0 -0 1 -19.7018 0 0 0 1 
				18
				1.46474e-06 1 0 0 -1 1.46474e-06 0 8.43728e-07 -0 -0 1 -20.077 0 0 0 1 
				19
				1.46474e-06 1 0 0 -1 1.46474e-06 0 8.40282e-07 -0 -0 1 -20.5039 0 0 0 1 
				20
				1.46474e-06 1 0 0 -1 1.46474e-06 0 8.37855e-07 -0 -0 1 -20.9296 0 0 0 1 
				21
				1.46474e-06 1 0 0 -1 1.46474e-06 0 8.37274e-07 -0 -0 1 -21.3011 0 0 0 1 
				22
				1.46474e-06 1 0 0 -1 1.46474e-06 0 8.39397e-07 -0 -0 1 -21.5637 0 0 0 1 
				23
				1.46474e-06 1 0 0 -1 1.46474e-06 0 8.45079e-07 -0 -0 1 -21.6626 0 0 0 1 
				24
				1.46474e-06 1 0 0 -1 1.46474e-06 0 8.5481e-07 -0 -0 1 -21.5944 0 0 0 1 
				25
				1.33158e-06 1 0 0 -1 1.33158e-06 0 8.68033e-07 -0 -0 1 -21.4071 0 0 0 1 
				26
				1.33158e-06 1 0 0 -1 1.33158e-06 0 8.83934e-07 -0 -0 1 -21.1284 0 0 0 1 
				27
				1.33158e-06 1 0 0 -1 1.33158e-06 0 9.01695e-07 -0 -0 1 -20.7864 0 0 0 1 
				28
				1.33158e-06 1 0 0 -1 1.33158e-06 0 9.20528e-07 -0 -0 1 -20.4078 0 0 0 1 
				29
				1.33158e-06 1 0 0 -1 1.33158e-06 0 9.39641e-07 -0 -0 1 -20.0197 0 0 0 1 
				30
				1.33158e-06 1 0 0 -1 1.33158e-06 0 9.58219e-07 -0 -0 1 -19.6498 0 0 0 1 
				31
				1.33158e-06 1 0 0 -1 1.33158e-06 0 9.75445e-07 -0 -0 1 -19.326 0 0 0 1 
		</Joint>
			1
				-1
				1.33158e-06 2.66316e-06 -1 0 0 -1 -2.66316e-06 9.75445e-07 -1 3.54621e-12 -1.33158e-06 -19.326 0 0 0 1 
				0
				1.33158e-06 2.79632e-06 -1 0 0 -1 -2.79632e-06 9.59147e-07 -1 3.72352e-12 -1.33158e-06 -19.6285 0 0 0 1 
				1
				1.33158e-06 2.66316e-06 -1 0 0 -1 -2.66316e-06 9.41631e-07 -1 3.54621e-12 -1.33158e-06 -19.9741 0 0 0 1 
				2
				1.33158e-06 2.79632e-06 -1 0 0 -1 -2.79632e-06 9.23631e-07 -1 3.72352e-12 -1.33158e-06 -20.3368 0 0 0 1 
				3
				1.33158e-06 2.66316e-06 -1 0 0 -1 -2.66316e-06 9.05884e-07 -1 3.54621e-12 -1.33158e-06 -20.6906 0 0 0 1 
				4
				1.33158e-06 2.66316e-06 -1 0 0 -1 -2.66316e-06 8.89103e-07 -1 3.54621e-12 -1.33158e-06 -21.0102 0 0 0 1 
				5
				1.33158e-06 2.79632e-06 -1 0 0 -1 -2.79632e-06 8.74002e-07 -1 3.72352e-12 -1.33158e-06 -21.2705 0 0 0 1 
				6
				1.33158e-06 2.79632e-06 -1 0 0 -1 -2.79632e-06 8.61315e-07 -1 3.72352e-12 -1.33158e-06 -21.4456 0 0 0 1 
				7
				1.33158e-06 2.79632e-06 -1 0 0 -1 -2.79632e-06 8.51781e-07 -1 3.72352e-12 -1.33158e-06 -21.5093 0 0 0 1 
				8
				1.33158e-06 2.79632e-06 -1 0 0 -1 -2.79632e-06 8.45903e-07 -1 3.72352e-12 -1.33158e-06 -21.4149 0 0 0 1 
				9
				1.33158e-06 2.79632e-06 -1 0 0 -1 -2.79632e-06 8.43243e-07 -1 3.72352e-12 -1.33158e-06 -21.1646 0 0 0 1 
				10
				1.33158e-06 2.66316e-06 -1 0 0 -1 -2.66316e-06 8.43024e-07 -1 3.54621e-12 -1.33158e-06 -20.8113 0 0 0 1 
				11
				1.33158e-06 2.79632e-06 -1 0 0 -1 -2.79632e-06 8.44471e-07 -1 3.72352e-12 -1.33158e-06 -20.4081 0 0 0 1 
				12
				1.33158e-06 2.66316e-06 -1 0 0 -1 -2.66316e-06 8.46831e-07 -1 3.54621e-12 -1.33158e-06 -20.006 0 0 0 1 
				13
				1.33158e-06 2.79632e-06 -1 0 0 -1 -2.79632e-06 8.49354e-07 -1 3.72352e-12 -1.33158e-06 -19.6563 0 0 0 1 
				14
				1.33158e-06 2.79632e-06 -1 0 0 -1 -2.79632e-06 8.51262e-07 -1 3.72352e-12 -1.33158e-06 -19.412 0 0 0 1 
				15
				1.33158e-06 2.79632e-06 -1 0 0 -1 -2.79632e-06 8.51781e-07 -1 3.72352e-12 -1.33158e-06 -19.326 0 0 0 1 
				16
				1.33158e-06 2.79632e-06 -1 0 0 -1 -2.79632e-06 8.50333e-07 -1 3.72352e-12 -1.33158e-06 -19.4333 0 0 0 1 
				17
				1.33158e-06 2.79632e-06 -1 0 0 -1 -2.79632e-06 8.47364e-07 -1 3.72352e-12 -1.33158e-06 -19.7018 0 0 0 1 
				18
				1.33158e-06 2.79632e-06 -1 0 0 -1 -2.79632e-06 8.43728e-07 -1 3.72352e-12 -1.33158e-06 -20.077 0 0 0 1 
				19
				1.33158e-06 2.79632e-06 -1 0 0 -1 -2.79632e-06 8.40282e-07 -1 3.72352e-12 -1.33158e-06 -20.5039 0 0 0 1 
				20
				1.33158e-06 2.79632e-06 -1 0 0 -1 -2.79632e-06 8.37855e-07 -1 3.72352e-12 -1.33158e-06 -20.9296 0 0 0 1 
				21
				1.33158e-06 2.79632e-06 -1 0 0 -1 -2.79632e-06 8.37274e-07 -1 3.72352e-12 -1.33158e-06 -21.3011 0 0 0 1 
				22
				1.33158e-06 2.79632e-06 -1 0 0 -1 -2.79632e-06 8.39397e-07 -1 3.72352e-12 -1.33158e-06 -21.5637 0 0 0 1 
				23
				1.33158e-06 2.79632e-06 -1 0 0 -1 -2.79632e-06 8.45079e-07 -1 3.72352e-12 -1.33158e-06 -21.6626 0 0 0 1 
				24
				1.33158e-06 2.79632e-06 -1 0 0 -1 -2.79632e-06 8.5481e-07 -1 3.72352e-12 -1.33158e-06 -21.5944 0 0 0 1 
				25
				1.33158e-06 2.66316e-06 -1 0 0 -1 -2.66316e-06 8.68033e-07 -1 3.54621e-12 -1.33158e-06 -21.4071 0 0 0 1 
				26
				1.33158e-06 2.66316e-06 -1 0 0 -1 -2.66316e-06 8.83934e-07 -1 3.54621e-12 -1.33158e-06 -21.1284 0 0 0 1 
				27
				1.33158e-06 2.66316e-06 -1 0 0 -1 -2.66316e-06 9.01695e-07 -1 3.54621e-12 -1.33158e-06 -20.7864 0 0 0 1 
				28
				1.33158e-06 2.66316e-06 -1 0 0 -1 -2.66316e-06 9.20528e-07 -1 3.54621e-12 -1.33158e-06 -20.4078 0 0 0 1 
				29
				1.33158e-06 2.66316e-06 -1 0 0 -1 -2.66316e-06 9.39641e-07 -1 3.54621e-12 -1.33158e-06 -20.0197 0 0 0 1 
				30
				1.33158e-06 2.66316e-06 -1 0 0 -1 -2.66316e-06 9.58219e-07 -1 3.54621e-12 -1.33158e-06 -19.6498 0 0 0 1 
				31
				1.33158e-06 2.66316e-06 -1 0 0 -1 -2.66316e-06 9.75445e-07 -1 3.54621e-12 -1.33158e-06 -19.326 0 0 0 1 
		</Joint>
			2
				-1
				1.38779e-06 -1.52815e-06 -1 4.03108e-06 -0.00079765 -1 1.52704e-06 0.00523756 -1 0.00079765 -1.38901e-06 -22.2374 0 0 0 1 
				0
				1.3879e-06 -1.39105e-06 -1 4.03036e-06 -0.000797649 -1 1.38994e-06 0.00523753 -1 0.000797649 -1.38901e-06 -22.54 0 0 0 1 
				1
				1.3878e-06 -1.51988e-06 -1 4.03104e-06 -0.00079765 -1 1.51877e-06 0.00523749 -1 0.00079765 -1.38901e-06 -22.8856 0 0 0 1 
				2
				1.38791e-06 -1.38211e-06 -1 4.03031e-06 -0.000797649 -1 1.381e-06 0.00523746 -1 0.000797649 -1.38901e-06 -23.2483 0 0 0 1 
				3
				1.38781e-06 -1.51045e-06 -1 4.03098e-06 -0.00079765 -1 1.50934e-06 0.00523743 -1 0.00079765 -1.38901e-06 -23.602 0 0 0 1 
				4
				1.38781e-06 -1.50552e-06 -1 4.03097e-06 -0.00079765 -1 1.50441e-06 0.0052374 -1 0.00079765 -1.38901e-06 -23.9216 0 0 0 1 
				5
				1.38792e-06 -1.3674e-06 -1 4.03024e-06 -0.000797649 -1 1.36629e-06 0.00523737 -1 0.000797649 -1.38901e-06 -24.182 0 0 0 1 
				6
				1.38793e-06 -1.36249e-06 -1 4.03021e-06 -0.000797649 -1 1.36139e-06 0.00523735 -1 0.000797649 -1.38901e-06 -24.357 0 0 0 1 
				7
				1.38793e-06 -1.35774e-06 -1 4.03019e-06 -0.000797649 -1 1.35663e-06 0.00523734 -1 0.000797649 -1.38901e-06 -24.4208 0 0 0 1 
				8
				1.38793e-06 -1.35321e-06 -1 4.03016e-06 -0.000797649 -1 1.3521e-06 0.00523733 -1 0.000797649 -1.38901e-06 -24.3263 0 0 0 1 
				9
				1.38794e-06 -1.349e-06 -1 4.03014e-06 -0.000797649 -1 1.3479e-06 0.00523734 -1 0.000797649 -1.38901e-06 -24.076 0 0 0 1 
				10
				1.38783e-06 -1.47836e-06 -1 4.03082e-06 -0.00079765 -1 1.47726e-06 0.00523736 -1 0.00079765 -1.38901e-06 -23.7228 0 0 0 1 
				11
				1.38794e-06 -1.3419e-06 -1 4.0301e-06 -0.000797649 -1 1.3408e-06 0.00523738 -1 0.000797649 -1.38901e-06 -23.3195 0 0 0 1 
				12
				1.38784e-06 -1.47234e-06 -1 4.03079e-06 -0.00079765 -1 1.47123e-06 0.0052374 -1 0.00079765 -1.38901e-06 -22.9174 0 0 0 1 
				13
				1.38795e-06 -1.33713e-06 -1 4.03008e-06 -0.000797649 -1 1.33602e-06 0.00523742 -1 0.000797649 -1.38901e-06 -22.5678 0 0 0 1 
				14
				1.38795e-06 -1.33583e-06 -1 4.03007e-06 -0.000797649 -1 1.33473e-06 0.00523743 -1 0.000797649 -1.38901e-06 -22.3235 0 0 0 1 
				15
				1.38795e-06 -1.33538e-06 -1 4.03007e-06 -0.000797649 -1 1.33428e-06 0.00523743 -1 0.000797649 -1.38901e-06 -22.2374 0 0 0 1 
				16
				1.38795e-06 -1.33583e-06 -1 4.03007e-06 -0.00079765 -1 1.33473e-06 0.00523743 -1 0.00079765 -1.38901e-06 -22.3447 0 0 0 1 
				17
				1.38795e-06 -1.33713e-06 -1 4.03008e-06 -0.000797649 -1 1.33602e-06 0.00523741 -1 0.000797649 -1.38901e-06 -22.6133 0 0 0 1 
				18
				1.38794e-06 -1.33918e-06 -1 4.03009e-06 -0.00079765 -1 1.33807e-06 0.00523739 -1 0.00079765 -1.38901e-06 -22.9884 0 0 0 1 
				19
				1.38794e-06 -1.3419e-06 -1 4.03011e-06 -0.000797649 -1 1.3408e-06 0.00523737 -1 0.000797649 -1.38901e-06 -23.4153 0 0 0 1 
				20
				1.38794e-06 -1.34521e-06 -1 4.03012e-06 -0.00079765 -1 1.3441e-06 0.00523735 -1 0.00079765 -1.38901e-06 -23.8411 0 0 0 1 
				21
				1.38794e-06 -1.349e-06 -1 4.03015e-06 -0.000797649 -1 1.3479e-06 0.00523733 -1 0.000797649 -1.38901e-06 -24.2126 0 0 0 1 
				22
				1.38793e-06 -1.35321e-06 -1 4.03017e-06 -0.00079765 -1 1.3521e-06 0.00523732 -1 0.00079765 -1.38901e-06 -24.4752 0 0 0 1 
				23
				1.38793e-06 -1.35774e-06 -1 4.03019e-06 -0.000797649 -1 1.35663e-06 0.00523732 -1 0.000797649 -1.38901e-06 -24.5741 0 0 0 1 
				24
				1.38793e-06 -1.36249e-06 -1 4.03021e-06 -0.00079765 -1 1.36139e-06 0.00523734 -1 0.00079765 -1.38901e-06 -24.5058 0 0 0 1 
				25
				1.38782e-06 -1.50056e-06 -1 4.03094e-06 -0.00079765 -1 1.49945e-06 0.00523736 -1 0.00079765 -1.38901e-06 -24.3185 0 0 0 1 
				26
				1.38781e-06 -1.50552e-06 -1 4.03097e-06 -0.00079765 -1 1.50441e-06 0.00523739 -1 0.00079765 -1.38901e-06 -24.0399 0 0 0 1 
				27
				1.38781e-06 -1.51045e-06 -1 4.03099e-06 -0.00079765 -1 1.50934e-06 0.00523742 -1 0.00079765 -1.38901e-06 -23.6978 0 0 0 1 
				28
				1.3878e-06 -1.51527e-06 -1 4.03101e-06 -0.00079765 -1 1.51416e-06 0.00523745 -1 0.00079765 -1.38901e-06 -23.3193 0 0 0 1 
				29
				1.3878e-06 -1.51988e-06 -1 4.03104e-06 -0.00079765 -1 1.51877e-06 0.00523749 -1 0.00079765 -1.38901e-06 -22.9311 0 0 0 1 
				30
				1.3878e-06 -1.5242e-06 -1 4.03106e-06 -0.00079765 -1 1.5231e-06 0.00523753 -1 0.00079765 -1.38901e-06 -22.5612 0 0 0 1 
				31
				1.38779e-06 -1.52815e-06 -1 4.03108e-06 -0.00079765 -1 1.52704e-06 0.00523756 -1 0.00079765 -1.38901e-06 -22.2374 0 0 0 1 
		</Joint>
			3
				-1
				1.38777e-06 -1.55795e-06 -1 1.31598e-05 -0.00079765 -1 1.55684e-06 0.0052285 -1 0.00079765 -1.38901e-06 -28.8198 0 0 0 1 
				0
				1.38788e-06 -1.41691e-06 -1 1.3159e-05 -0.000797649 -1 1.4158e-06 0.00522847 -1 0.000797649 -1.38901e-06 -29.1224 0 0 0 1 
				1
				1.38778e-06 -1.54142e-06 -1 1.31597e-05 -0.00079765 -1 1.54031e-06 0.00522844 -1 0.00079765 -1.38901e-06 -29.468 0 0 0 1 
				2
				1.3879e-06 -1.39903e-06 -1 1.31589e-05 -0.000797649 -1 1.39792e-06 0.00522841 -1 0.000797649 -1.38901e-06 -29.8307 0 0 0 1 
				3
				1.3878e-06 -1.52256e-06 -1 1.31596e-05 -0.00079765 -1 1.52145e-06 0.00522837 -1 0.00079765 -1.38901e-06 -30.1844 0 0 0 1 
				4
				1.38781e-06 -1.51269e-06 -1 1.31595e-05 -0.00079765 -1 1.51159e-06 0.00522834 -1 0.00079765 -1.38901e-06 -30.5041 0 0 0 1 
				5
				1.38792e-06 -1.36961e-06 -1 1.31588e-05 -0.000797649 -1 1.3685e-06 0.00522832 -1 0.000797649 -1.38901e-06 -30.7644 0 0 0 1 
				6
				1.38793e-06 -1.3598e-06 -1 1.31587e-05 -0.000797649 -1 1.35869e-06 0.0052283 -1 0.000797649 -1.38901e-06 -30.9394 0 0 0 1 
				7
				1.38794e-06 -1.35028e-06 -1 1.31587e-05 -0.000797649 -1 1.34918e-06 0.00522828 -1 0.000797649 -1.38901e-06 -31.0032 0 0 0 1 
				8
				1.38794e-06 -1.34123e-06 -1 1.31586e-05 -0.000797649 -1 1.34013e-06 0.00522828 -1 0.000797649 -1.38901e-06 -30.9088 0 0 0 1 
				9
				1.38795e-06 -1.33282e-06 -1 1.31586e-05 -0.000797649 -1 1.33171e-06 0.00522829 -1 0.000797649 -1.38901e-06 -30.6585 0 0 0 1 
				10
				1.38785e-06 -1.45838e-06 -1 1.31592e-05 -0.00079765 -1 1.45728e-06 0.00522831 -1 0.00079765 -1.38901e-06 -30.3052 0 0 0 1 
				11
				1.38796e-06 -1.31862e-06 -1 1.31585e-05 -0.000797649 -1 1.31751e-06 0.00522832 -1 0.000797649 -1.38901e-06 -29.9019 0 0 0 1 
				12
				1.38786e-06 -1.44634e-06 -1 1.31592e-05 -0.00079765 -1 1.44523e-06 0.00522834 -1 0.00079765 -1.38901e-06 -29.4999 0 0 0 1 
				13
				1.38797e-06 -1.30907e-06 -1 1.31584e-05 -0.000797649 -1 1.30797e-06 0.00522836 -1 0.000797649 -1.38901e-06 -29.1502 0 0 0 1 
				14
				1.38797e-06 -1.30648e-06 -1 1.31584e-05 -0.000797649 -1 1.30537e-06 0.00522837 -1 0.000797649 -1.38901e-06 -28.9059 0 0 0 1 
				15
				1.38797e-06 -1.30558e-06 -1 1.31584e-05 -0.000797649 -1 1.30447e-06 0.00522838 -1 0.000797649 -1.38901e-06 -28.8198 0 0 0 1 
				16
				1.38797e-06 -1.30648e-06 -1 1.31584e-05 -0.00079765 -1 1.30537e-06 0.00522838 -1 0.00079765 -1.38901e-06 -28.9272 0 0 0 1 
				17
				1.38797e-06 -1.30907e-06 -1 1.31585e-05 -0.000797649 -1 1.30797e-06 0.00522836 -1 0.000797649 -1.38901e-06 -29.1957 0 0 0 1 
				18
				1.38797e-06 -1.31318e-06 -1 1.31585e-05 -0.00079765 -1 1.31207e-06 0.00522834 -1 0.00079765 -1.38901e-06 -29.5708 0 0 0 1 
				19
				1.38796e-06 -1.31862e-06 -1 1.31585e-05 -0.000797649 -1 1.31751e-06 0.00522832 -1 0.000797649 -1.38901e-06 -29.9978 0 0 0 1 
				20
				1.38796e-06 -1.32522e-06 -1 1.31585e-05 -0.00079765 -1 1.32412e-06 0.0052283 -1 0.00079765 -1.38901e-06 -30.4235 0 0 0 1 
				21
				1.38795e-06 -1.33282e-06 -1 1.31586e-05 -0.000797649 -1 1.33171e-06 0.00522828 -1 0.000797649 -1.38901e-06 -30.795 0 0 0 1 
				22
				1.38794e-06 -1.34123e-06 -1 1.31586e-05 -0.00079765 -1 1.34013e-06 0.00522827 -1 0.00079765 -1.38901e-06 -31.0576 0 0 0 1 
				23
				1.38794e-06 -1.35028e-06 -1 1.31587e-05 -0.000797649 -1 1.34918e-06 0.00522827 -1 0.000797649 -1.38901e-06 -31.1565 0 0 0 1 
				24
				1.38793e-06 -1.3598e-06 -1 1.31587e-05 -0.00079765 -1 1.35869e-06 0.00522828 -1 0.00079765 -1.38901e-06 -31.0883 0 0 0 1 
				25
				1.38781e-06 -1.50277e-06 -1 1.31595e-05 -0.00079765 -1 1.50166e-06 0.00522831 -1 0.00079765 -1.38901e-06 -30.9009 0 0 0 1 
				26
				1.38781e-06 -1.51269e-06 -1 1.31595e-05 -0.00079765 -1 1.51159e-06 0.00522833 -1 0.00079765 -1.38901e-06 -30.6223 0 0 0 1 
				27
				1.3878e-06 -1.52256e-06 -1 1.31596e-05 -0.00079765 -1 1.52145e-06 0.00522837 -1 0.00079765 -1.38901e-06 -30.2803 0 0 0 1 
				28
				1.38779e-06 -1.53219e-06 -1 1.31596e-05 -0.00079765 -1 1.53108e-06 0.0052284 -1 0.00079765 -1.38901e-06 -29.9017 0 0 0 1 
				29
				1.38778e-06 -1.54142e-06 -1 1.31597e-05 -0.00079765 -1 1.54031e-06 0.00522844 -1 0.00079765 -1.38901e-06 -29.5135 0 0 0 1 
				30
				1.38778e-06 -1.55006e-06 -1 1.31597e-05 -0.00079765 -1 1.54895e-06 0.00522847 -1 0.00079765 -1.38901e-06 -29.1437 0 0 0 1 
				31
				1.38777e-06 -1.55795e-06 -1 1.31598e-05 -0.00079765 -1 1.55684e-06 0.0052285 -1 0.00079765 -1.38901e-06 -28.8198 0 0 0 1 
		</Joint>
			4
				-1
				1.38777e-06 -1.55795e-06 -1 2.22922e-05 -0.00079765 -1 1.55684e-06 0.00199077 -1 0.00079765 -1.38901e-06 -35.4023 0 0 0 1 
				0
				1.38788e-06 -1.41691e-06 -1 2.22919e-05 -0.000797649 -1 1.4158e-06 0.00199074 -1 0.000797649 -1.38901e-06 -35.7048 0 0 0 1 
				1
				1.38778e-06 -1.54142e-06 -1 2.22922e-05 -0.00079765 -1 1.54031e-06 0.00199071 -1 0.00079765 -1.38901e-06 -36.0505 0 0 0 1 
				2
				1.3879e-06 -1.39903e-06 -1 2.22919e-05 -0.000797649 -1 1.39792e-06 0.00199068 -1 0.000797649 -1.38901e-06 -36.4131 0 0 0 1 
				3
				1.3878e-06 -1.52256e-06 -1 2.22921e-05 -0.00079765 -1 1.52145e-06 0.00199064 -1 0.00079765 -1.38901e-06 -36.7669 0 0 0 1 
				4
				1.38781e-06 -1.51269e-06 -1 2.22921e-05 -0.00079765 -1 1.51159e-06 0.00199061 -1 0.00079765 -1.38901e-06 -37.0865 0 0 0 1 
				5
				1.38792e-06 -1.36961e-06 -1 2.22918e-05 -0.000797649 -1 1.3685e-06 0.00199059 -1 0.000797649 -1.38901e-06 -37.3468 0 0 0 1 
				6
				1.38793e-06 -1.3598e-06 -1 2.22918e-05 -0.000797649 -1 1.35869e-06 0.00199057 -1 0.000797649 -1.38901e-06 -37.5219 0 0 0 1 
				7
				1.38794e-06 -1.35028e-06 -1 2.22918e-05 -0.000797649 -1 1.34918e-06 0.00199055 -1 0.000797649 -1.38901e-06 -37.5856 0 0 0 1 
				8
				1.38794e-06 -1.34123e-06 -1 2.22918e-05 -0.000797649 -1 1.34013e-06 0.00199055 -1 0.000797649 -1.38901e-06 -37.4912 0 0 0 1 
				9
				1.38795e-06 -1.33282e-06 -1 2.22917e-05 -0.000797649 -1 1.33171e-06 0.00199056 -1 0.000797649 -1.38901e-06 -37.2409 0 0 0 1 
				10
				1.38785e-06 -1.45838e-06 -1 2.2292e-05 -0.00079765 -1 1.45728e-06 0.00199057 -1 0.00079765 -1.38901e-06 -36.8876 0 0 0 1 
				11
				1.38796e-06 -1.31862e-06 -1 2.22917e-05 -0.000797649 -1 1.31751e-06 0.00199059 -1 0.000797649 -1.38901e-06 -36.4844 0 0 0 1 
				12
				1.38786e-06 -1.44634e-06 -1 2.2292e-05 -0.00079765 -1 1.44523e-06 0.00199061 -1 0.00079765 -1.38901e-06 -36.0823 0 0 0 1 
				13
				1.38797e-06 -1.30907e-06 -1 2.22917e-05 -0.000797649 -1 1.30797e-06 0.00199063 -1 0.000797649 -1.38901e-06 -35.7326 0 0 0 1 
				14
				1.38797e-06 -1.30648e-06 -1 2.22917e-05 -0.000797649 -1 1.30537e-06 0.00199065 -1 0.000797649 -1.38901e-06 -35.4883 0 0 0 1 
				15
				1.38797e-06 -1.30558e-06 -1 2.22917e-05 -0.000797649 -1 1.30447e-06 0.00199065 -1 0.000797649 -1.38901e-06 -35.4023 0 0 0 1 
				16
				1.38797e-06 -1.30648e-06 -1 2.22917e-05 -0.00079765 -1 1.30537e-06 0.00199064 -1 0.00079765 -1.38901e-06 -35.5096 0 0 0 1 
				17
				1.38797e-06 -1.30907e-06 -1 2.22917e-05 -0.000797649 -1 1.30797e-06 0.00199063 -1 0.000797649 -1.38901e-06 -35.7781 0 0 0 1 
				18
				1.38797e-06 -1.31318e-06 -1 2.22917e-05 -0.00079765 -1 1.31207e-06 0.00199061 -1 0.00079765 -1.38901e-06 -36.1533 0 0 0 1 
				19
				1.38796e-06 -1.31862e-06 -1 2.22917e-05 -0.000797649 -1 1.31751e-06 0.00199059 -1 0.000797649 -1.38901e-06 -36.5802 0 0 0 1 
				20
				1.38796e-06 -1.32522e-06 -1 2.22917e-05 -0.00079765 -1 1.32412e-06 0.00199056 -1 0.00079765 -1.38901e-06 -37.0059 0 0 0 1 
				21
				1.38795e-06 -1.33282e-06 -1 2.22918e-05 -0.000797649 -1 1.33171e-06 0.00199055 -1 0.000797649 -1.38901e-06 -37.3774 0 0 0 1 
				22
				1.38794e-06 -1.34123e-06 -1 2.22918e-05 -0.00079765 -1 1.34013e-06 0.00199054 -1 0.00079765 -1.38901e-06 -37.64 0 0 0 1 
				23
				1.38794e-06 -1.35028e-06 -1 2.22918e-05 -0.000797649 -1 1.34918e-06 0.00199054 -1 0.000797649 -1.38901e-06 -37.7389 0 0 0 1 
				24
				1.38793e-06 -1.3598e-06 -1 2.22918e-05 -0.00079765 -1 1.35869e-06 0.00199055 -1 0.00079765 -1.38901e-06 -37.6707 0 0 0 1 
				25
				1.38781e-06 -1.50277e-06 -1 2.22921e-05 -0.00079765 -1 1.50166e-06 0.00199057 -1 0.00079765 -1.38901e-06 -37.4834 0 0 0 1 
				26
				1.38781e-06 -1.51269e-06 -1 2.22921e-05 -0.00079765 -1 1.51159e-06 0.0019906 -1 0.00079765 -1.38901e-06 -37.2048 0 0 0 1 
				27
				1.3878e-06 -1.52256e-06 -1 2.22921e-05 -0.00079765 -1 1.52145e-06 0.00199064 -1 0.00079765 -1.38901e-06 -36.8627 0 0 0 1 
				28
				1.38779e-06 -1.53219e-06 -1 2.22922e-05 -0.00079765 -1 1.53108e-06 0.00199067 -1 0.00079765 -1.38901e-06 -36.4841 0 0 0 1 
				29
				1.38778e-06 -1.54142e-06 -1 2.22922e-05 -0.00079765 -1 1.54031e-06 0.00199071 -1 0.00079765 -1.38901e-06 -36.096 0 0 0 1 
				30
				1.38778e-06 -1.55006e-06 -1 2.22922e-05 -0.00079765 -1 1.54895e-06 0.00199074 -1 0.00079765 -1.38901e-06 -35.7261 0 0 0 1 
				31
				1.38777e-06 -1.55795e-06 -1 2.22922e-05 -0.00079765 -1 1.55684e-06 0.00199077 -1 0.00079765 -1.38901e-06 -35.4023 0 0 0 1 
		</Joint>
			5
				-1
				1.38685e-06 -1.55684e-06 -1 2.58001e-05 0 -1 1.55684e-06 -2.54399e-05 -1 -2.15911e-12 -1.38685e-06 -37.93 0 0 0 1 
				0
				1.38685e-06 -1.4158e-06 -1 2.58001e-05 0 -1 1.4158e-06 -2.54692e-05 -1 -1.9635e-12 -1.38685e-06 -38.2325 0 0 0 1 
				1
				1.38685e-06 -1.54031e-06 -1 2.58001e-05 0 -1 1.54031e-06 -2.55039e-05 -1 -2.13618e-12 -1.38685e-06 -38.5781 0 0 0 1 
				2
				1.38685e-06 -1.39793e-06 -1 2.58001e-05 0 -1 1.39793e-06 -2.55369e-05 -1 -1.93871e-12 -1.38685e-06 -38.9408 0 0 0 1 
				3
				1.38685e-06 -1.52145e-06 -1 2.58001e-05 0 -1 1.52145e-06 -2.55694e-05 -1 -2.11003e-12 -1.38685e-06 -39.2946 0 0 0 1 
				4
				1.38685e-06 -1.51159e-06 -1 2.58001e-05 0 -1 1.51159e-06 -2.56022e-05 -1 -2.09635e-12 -1.38685e-06 -39.6142 0 0 0 1 
				5
				1.38685e-06 -1.3685e-06 -1 2.58001e-05 0 -1 1.3685e-06 -2.56282e-05 -1 -1.89791e-12 -1.38685e-06 -39.8745 0 0 0 1 
				6
				1.38685e-06 -1.35869e-06 -1 2.58001e-05 0 -1 1.35869e-06 -2.56481e-05 -1 -1.88431e-12 -1.38685e-06 -40.0496 0 0 0 1 
				7
				1.38685e-06 -1.34918e-06 -1 2.58001e-05 0 -1 1.34918e-06 -2.56611e-05 -1 -1.87111e-12 -1.38685e-06 -40.1133 0 0 0 1 
				8
				1.38685e-06 -1.34013e-06 -1 2.58001e-05 0 -1 1.34013e-06 -2.5663e-05 -1 -1.85856e-12 -1.38685e-06 -40.0189 0 0 0 1 
				9
				1.38685e-06 -1.33172e-06 -1 2.58001e-05 0 -1 1.33172e-06 -2.56545e-05 -1 -1.84689e-12 -1.38685e-06 -39.7686 0 0 0 1 
				10
				1.38685e-06 -1.45728e-06 -1 2.58001e-05 0 -1 1.45728e-06 -2.56401e-05 -1 -2.02103e-12 -1.38685e-06 -39.4153 0 0 0 1 
				11
				1.38685e-06 -1.31751e-06 -1 2.58001e-05 0 -1 1.31751e-06 -2.56182e-05 -1 -1.8272e-12 -1.38685e-06 -39.0121 0 0 0 1 
				12
				1.38685e-06 -1.44523e-06 -1 2.58001e-05 0 -1 1.44523e-06 -2.56013e-05 -1 -2.00432e-12 -1.38685e-06 -38.61 0 0 0 1 
				13
				1.38685e-06 -1.30797e-06 -1 2.58001e-05 0 -1 1.30797e-06 -2.55801e-05 -1 -1.81396e-12 -1.38685e-06 -38.2603 0 0 0 1 
				14
				1.38685e-06 -1.30538e-06 -1 2.58001e-05 0 -1 1.30538e-06 -2.55687e-05 -1 -1.81036e-12 -1.38685e-06 -38.016 0 0 0 1 
				15
				1.38685e-06 -1.30447e-06 -1 2.58001e-05 0 -1 1.30447e-06 -2.55635e-05 -1 -1.80911e-12 -1.38685e-06 -37.93 0 0 0 1 
				16
				1.38685e-06 -1.30538e-06 -1 2.58001e-05 0 -1 1.30538e-06 -2.55704e-05 -1 -1.81036e-12 -1.38685e-06 -38.0373 0 0 0 1 
				17
				1.38685e-06 -1.30797e-06 -1 2.58001e-05 0 -1 1.30797e-06 -2.55847e-05 -1 -1.81396e-12 -1.38685e-06 -38.3058 0 0 0 1 
				18
				1.38685e-06 -1.31207e-06 -1 2.58001e-05 0 -1 1.31207e-06 -2.5606e-05 -1 -1.81965e-12 -1.38685e-06 -38.681 0 0 0 1 
				19
				1.38685e-06 -1.31751e-06 -1 2.58001e-05 0 -1 1.31751e-06 -2.56265e-05 -1 -1.8272e-12 -1.38685e-06 -39.1079 0 0 0 1 
				20
				1.38685e-06 -1.32412e-06 -1 2.58001e-05 0 -1 1.32412e-06 -2.56484e-05 -1 -1.83635e-12 -1.38685e-06 -39.5336 0 0 0 1 
				21
				1.38685e-06 -1.33172e-06 -1 2.58001e-05 0 -1 1.33172e-06 -2.5666e-05 -1 -1.84689e-12 -1.38685e-06 -39.9051 0 0 0 1 
				22
				1.38685e-06 -1.34013e-06 -1 2.58001e-05 0 -1 1.34013e-06 -2.56721e-05 -1 -1.85856e-12 -1.38685e-06 -40.1677 0 0 0 1 
				23
				1.38685e-06 -1.34918e-06 -1 2.58001e-05 0 -1 1.34918e-06 -2.56744e-05 -1 -1.87111e-12 -1.38685e-06 -40.2666 0 0 0 1 
				24
				1.38685e-06 -1.35869e-06 -1 2.58001e-05 0 -1 1.35869e-06 -2.56609e-05 -1 -1.88431e-12 -1.38685e-06 -40.1984 0 0 0 1 
				25
				1.38685e-06 -1.50166e-06 -1 2.58001e-05 0 -1 1.50166e-06 -2.56396e-05 -1 -2.08258e-12 -1.38685e-06 -40.0111 0 0 0 1 
				26
				1.38685e-06 -1.51159e-06 -1 2.58001e-05 0 -1 1.51159e-06 -2.56116e-05 -1 -2.09635e-12 -1.38685e-06 -39.7324 0 0 0 1 
				27
				1.38685e-06 -1.52145e-06 -1 2.58001e-05 0 -1 1.52145e-06 -2.55778e-05 -1 -2.11003e-12 -1.38685e-06 -39.3904 0 0 0 1 
				28
				1.38685e-06 -1.53108e-06 -1 2.58001e-05 0 -1 1.53108e-06 -2.55444e-05 -1 -2.12339e-12 -1.38685e-06 -39.0118 0 0 0 1 
				29
				1.38685e-06 -1.54031e-06 -1 2.58001e-05 0 -1 1.54031e-06 -2.55075e-05 -1 -2.13618e-12 -1.38685e-06 -38.6237 0 0 0 1 
				30
				1.38685e-06 -1.54896e-06 -1 2.58001e-05 0 -1 1.54896e-06 -2.54711e-05 -1 -2.14817e-12 -1.38685e-06 -38.2538 0 0 0 1 
				31
				1.38685e-06 -1.55684e-06 -1 2.58001e-05 0 -1 1.55684e-06 -2.54399e-05 -1 -2.15911e-12 -1.38685e-06 -37.93 0 0 0 1 
		</Joint>
			6
		</Joint>
			7
				-1
				0.950312 -1.23036e-06 -0.3113 1.35949 1.5982e-06 1 9.26503e-07 -2.03083e-05 0.3113 -1.37798e-06 0.950312 -35.4023 0 0 0 1 
				0
				0.950312 -1.37144e-06 -0.3113 1.35949 1.73223e-06 1 8.82479e-07 -2.01474e-05 0.3113 -1.37787e-06 0.950312 -35.7048 0 0 0 1 
				1
				0.950312 -1.24689e-06 -0.3113 1.35949 1.61391e-06 1 9.21357e-07 -2.03509e-05 0.3113 -1.37798e-06 0.950312 -36.0504 0 0 0 1 
				2
				0.950312 -1.38931e-06 -0.3113 1.35949 1.74921e-06 1 8.76915e-07 -2.01895e-05 0.3113 -1.37787e-06 0.950312 -36.4131 0 0 0 1 
				3
				0.950312 -1.26575e-06 -0.3113 1.35949 1.63183e-06 1 9.15486e-07 -2.03897e-05 0.3113 -1.37798e-06 0.950312 -36.7669 0 0 0 1 
				4
				0.950312 -1.27562e-06 -0.3113 1.35949 1.6412e-06 1 9.12415e-07 -2.04089e-05 0.3113 -1.37798e-06 0.950312 -37.0865 0 0 0 1 
				5
				0.950312 -1.41873e-06 -0.3113 1.35949 1.77717e-06 1 8.67756e-07 -2.02406e-05 0.3113 -1.37787e-06 0.950312 -37.3468 0 0 0 1 
				6
				0.950312 -1.42854e-06 -0.3113 1.35949 1.78649e-06 1 8.64703e-07 -2.02455e-05 0.3113 -1.37787e-06 0.950312 -37.5219 0 0 0 1 
				7
				0.950312 -1.43806e-06 -0.3113 1.35949 1.79554e-06 1 8.6174e-07 -2.02491e-05 0.3113 -1.37787e-06 0.950312 -37.5856 0 0 0 1 
				8
				0.950312 -1.44711e-06 -0.3113 1.35949 1.80414e-06 1 8.58923e-07 -2.02348e-05 0.3113 -1.37787e-06 0.950312 -37.4912 0 0 0 1 
				9
				0.950312 -1.45552e-06 -0.3113 1.35949 1.81213e-06 1 8.56304e-07 -2.02158e-05 0.3113 -1.37787e-06 0.950312 -37.2409 0 0 0 1 
				10
				0.950312 -1.32993e-06 -0.3113 1.35949 1.69281e-06 1 8.95508e-07 -2.03731e-05 0.3113 -1.37798e-06 0.950312 -36.8876 0 0 0 1 
				11
				0.950312 -1.46972e-06 -0.3113 1.35949 1.82563e-06 1 8.51883e-07 -2.01631e-05 0.3113 -1.37787e-06 0.950312 -36.4844 0 0 0 1 
				12
				0.950312 -1.34198e-06 -0.3113 1.35949 1.70426e-06 1 8.91758e-07 -2.03179e-05 0.3113 -1.37798e-06 0.950312 -36.0823 0 0 0 1 
				13
				0.950312 -1.47927e-06 -0.3113 1.35949 1.8347e-06 1 8.48911e-07 -2.01103e-05 0.3113 -1.37787e-06 0.950312 -35.7326 0 0 0 1 
				14
				0.950312 -1.48186e-06 -0.3113 1.35949 1.83716e-06 1 8.48105e-07 -2.00951e-05 0.3113 -1.37787e-06 0.950312 -35.4883 0 0 0 1 
				15
				0.950312 -1.48276e-06 -0.3113 1.35949 1.83802e-06 1 8.47824e-07 -2.00907e-05 0.3113 -1.37787e-06 0.950312 -35.4023 0 0 0 1 
				16
				0.950312 -1.48183e-06 -0.3113 1.35949 1.83717e-06 1 8.48221e-07 -2.00983e-05 0.3113 -1.37798e-06 0.950312 -35.5096 0 0 0 1 
				17
				0.950312 -1.47927e-06 -0.3113 1.35949 1.8347e-06 1 8.48911e-07 -2.01157e-05 0.3113 -1.37787e-06 0.950312 -35.7781 0 0 0 1 
				18
				0.950312 -1.47513e-06 -0.3113 1.35949 1.8308e-06 1 8.50306e-07 -2.01435e-05 0.3113 -1.37798e-06 0.950312 -36.1533 0 0 0 1 
				19
				0.950312 -1.46972e-06 -0.3113 1.35949 1.82563e-06 1 8.51883e-07 -2.01696e-05 0.3113 -1.37787e-06 0.950312 -36.5802 0 0 0 1 
				20
				0.950312 -1.46309e-06 -0.3113 1.35949 1.81936e-06 1 8.54056e-07 -2.02004e-05 0.3113 -1.37798e-06 0.950312 -37.0059 0 0 0 1 
				21
				0.950312 -1.45552e-06 -0.3113 1.35949 1.81213e-06 1 8.56304e-07 -2.02292e-05 0.3113 -1.37787e-06 0.950312 -37.3774 0 0 0 1 
				22
				0.950312 -1.44708e-06 -0.3113 1.35949 1.80414e-06 1 8.5904e-07 -2.02497e-05 0.3113 -1.37798e-06 0.950312 -37.64 0 0 0 1 
				23
				0.950312 -1.43806e-06 -0.3113 1.35949 1.79554e-06 1 8.6174e-07 -2.02586e-05 0.3113 -1.37787e-06 0.950312 -37.7389 0 0 0 1 
				24
				0.950312 -1.42851e-06 -0.3113 1.35949 1.7865e-06 1 8.64819e-07 -2.02607e-05 0.3113 -1.37798e-06 0.950312 -37.6707 0 0 0 1 
				25
				0.950312 -1.28555e-06 -0.3113 1.35949 1.65063e-06 1 9.09325e-07 -2.04348e-05 0.3113 -1.37798e-06 0.950312 -37.4834 0 0 0 1 
				26
				0.950312 -1.27562e-06 -0.3113 1.35949 1.6412e-06 1 9.12415e-07 -2.04199e-05 0.3113 -1.37798e-06 0.950312 -37.2047 0 0 0 1 
				27
				0.950312 -1.26575e-06 -0.3113 1.35949 1.63183e-06 1 9.15486e-07 -2.03981e-05 0.3113 -1.37798e-06 0.950312 -36.8627 0 0 0 1 
				28
				0.950312 -1.25612e-06 -0.3113 1.35949 1.62267e-06 1 9.18484e-07 -2.03793e-05 0.3113 -1.37798e-06 0.950312 -36.4841 0 0 0 1 
				29
				0.950312 -1.24689e-06 -0.3113 1.35949 1.6139e-06 1 9.21357e-07 -2.03533e-05 0.3113 -1.37798e-06 0.950312 -36.096 0 0 0 1 
				30
				0.950312 -1.23825e-06 -0.3113 1.35949 1.60569e-06 1 9.24048e-07 -2.03287e-05 0.3113 -1.37798e-06 0.950312 -35.7261 0 0 0 1 
				31
				0.950312 -1.23036e-06 -0.3113 1.35949 1.5982e-06 1 9.26503e-07 -2.03083e-05 0.3113 -1.37798e-06 0.950312 -35.4023 0 0 0 1 
		</Joint>
			8
				-1
				0.131636 -0.0719999 -0.98868 6.72093 -0.688527 0.710883 -0.143442 -1.12917e-05 0.713163 0.699615 0.0440036 -33.646 0 0 0 1 
				0
				0.128439 -0.0762493 -0.988782 6.72093 -0.599943 0.78793 -0.138691 -1.03746e-05 0.789665 0.611026 0.0554558 -33.9485 0 0 0 1 
				1
				0.124224 -0.0804919 -0.988984 6.72093 -0.493314 0.859786 -0.131941 -1.12456e-05 0.860935 0.50427 0.0670987 -34.2942 0 0 0 1 
				2
				0.11918 -0.084379 -0.989281 6.72093 -0.370418 0.920665 -0.123151 -1.03209e-05 0.921188 0.381124 0.0784695 -34.6568 0 0 0 1 
				3
				0.11367 -0.087624 -0.989647 6.72093 -0.234588 0.965571 -0.112437 -1.11833e-05 0.965426 0.24494 0.0892004 -35.0106 0 0 0 1 
				4
				0.107607 -0.0901033 -0.990102 6.72093 -0.090488 0.990864 -0.100007 -1.11496e-05 0.990067 0.100354 0.0984707 -35.3302 0 0 0 1 
				5
				0.101086 -0.0916592 -0.990646 6.72093 0.0566314 0.994662 -0.0862521 -1.02142e-05 0.993265 -0.0473828 0.105738 -35.5905 0 0 0 1 
				6
				0.0944532 -0.0922192 -0.991249 6.72093 0.200996 0.976962 -0.0717377 -1.01666e-05 0.975028 -0.192461 0.110813 -35.7656 0 0 0 1 
				7
				0.0878331 -0.0918088 -0.991895 6.72093 0.336992 0.939772 -0.0571434 -1.01191e-05 0.937402 -0.329242 0.113482 -35.8293 0 0 0 1 
				8
				0.0816737 -0.0905547 -0.992537 6.72093 0.460156 0.886794 -0.0430419 -1.00563e-05 0.884073 -0.453207 0.114097 -35.7349 0 0 0 1 
				9
				0.0763935 -0.0887269 -0.993122 6.72093 0.567215 0.823027 -0.0298988 -9.99214e-06 0.820019 -0.56103 0.113201 -35.4846 0 0 0 1 
				10
				0.0718548 -0.0865166 -0.993656 6.72093 0.656333 0.754251 -0.0182101 -1.08227e-05 0.751042 -0.650861 0.11098 -35.1314 0 0 0 1 
				11
				0.0680151 -0.084131 -0.994131 6.72093 0.727067 0.686516 -0.00835481 -9.86333e-06 0.68319 -0.722231 0.107862 -34.7281 0 0 0 1 
				12
				0.0650399 -0.0818869 -0.994517 6.72093 0.780089 0.625668 -0.000499739 -1.07029e-05 0.622278 -0.77578 0.104573 -34.326 0 0 0 1 
				13
				0.0629732 -0.0800671 -0.994798 6.72093 0.81672 0.57701 0.0052593 -9.75932e-06 0.573588 -0.812803 0.101729 -33.9764 0 0 0 1 
				14
				0.0617261 -0.0788534 -0.994973 6.72093 0.838285 0.54516 0.00880062 -9.73024e-06 0.541726 -0.834615 0.0997523 -33.7321 0 0 0 1 
				15
				0.0612959 -0.0784147 -0.995035 6.72093 0.845492 0.533894 0.0100097 -9.72101e-06 0.530458 -0.841907 0.0990245 -33.646 0 0 0 1 
				16
				0.0617262 -0.0788533 -0.994974 6.72093 0.838285 0.54516 0.00880076 -9.73343e-06 0.541726 -0.834615 0.0997523 -33.7533 0 0 0 1 
				17
				0.0629732 -0.0800671 -0.994798 6.72093 0.81672 0.57701 0.0052593 -9.76478e-06 0.573588 -0.812803 0.101729 -34.0219 0 0 0 1 
				18
				0.0650398 -0.081887 -0.994517 6.72093 0.78009 0.625668 -0.000499913 -9.81451e-06 0.622278 -0.77578 0.104573 -34.397 0 0 0 1 
				19
				0.0680151 -0.084131 -0.994131 6.72093 0.727067 0.686516 -0.00835481 -9.86985e-06 0.68319 -0.722231 0.107862 -34.8239 0 0 0 1 
				20
				0.0718547 -0.0865168 -0.993656 6.72093 0.656333 0.754251 -0.0182103 -9.93603e-06 0.751041 -0.650861 0.11098 -35.2496 0 0 0 1 
				21
				0.0763935 -0.088727 -0.993122 6.72093 0.567215 0.823027 -0.0298989 -1.00056e-05 0.820019 -0.56103 0.113201 -35.6211 0 0 0 1 
				22
				0.0816738 -0.0905547 -0.992537 6.72093 0.460157 0.886794 -0.0430418 -1.00712e-05 0.884073 -0.453207 0.114097 -35.8837 0 0 0 1 
				23
				0.0878331 -0.0918088 -0.991895 6.72093 0.336992 0.939772 -0.0571434 -1.01286e-05 0.937402 -0.329242 0.113482 -35.9826 0 0 0 1 
				24
				0.0944533 -0.0922193 -0.991249 6.72093 0.200996 0.976962 -0.0717378 -1.01817e-05 0.975028 -0.192461 0.110813 -35.9144 0 0 0 1 
				25
				0.101086 -0.0916591 -0.990646 6.72093 0.0566314 0.994663 -0.0862519 -1.11223e-05 0.993265 -0.0473828 0.105738 -35.7271 0 0 0 1 
				26
				0.107607 -0.0901033 -0.990102 6.72093 -0.090488 0.990864 -0.100007 -1.11606e-05 0.990067 0.100354 0.0984708 -35.4485 0 0 0 1 
				27
				0.11367 -0.087624 -0.989647 6.72093 -0.234588 0.965571 -0.112437 -1.11917e-05 0.965426 0.24494 0.0892004 -35.1064 0 0 0 1 
				28
				0.11918 -0.0843787 -0.989281 6.72093 -0.370418 0.920665 -0.123151 -1.12246e-05 0.921188 0.381125 0.0784695 -34.7278 0 0 0 1 
				29
				0.124225 -0.080492 -0.988984 6.72093 -0.493314 0.859786 -0.131941 -1.1248e-05 0.860935 0.50427 0.0670987 -34.3397 0 0 0 1 
				30
				0.128439 -0.076249 -0.988782 6.72093 -0.599943 0.78793 -0.138691 -1.12698e-05 0.789665 0.611026 0.0554559 -33.9698 0 0 0 1 
				31
				0.131636 -0.0719999 -0.98868 6.72093 -0.688527 0.710883 -0.143442 -1.12917e-05 0.713163 0.699615 0.0440036 -33.646 0 0 0 1 
		</Joint>
			9
				-1
				0.0770685 0.128734 -0.98868 7.57105 -0.737141 -0.660339 -0.143442 -4.44662 -0.67133 0.739851 0.0440036 -29.0403 0 0 0 1 
				0
				0.0765875 0.128238 -0.988782 7.55041 -0.789508 -0.597864 -0.138691 -3.87452 -0.608943 0.791273 0.0554558 -28.8488 0 0 0 1 
				1
				0.0758222 0.127129 -0.988984 7.52319 -0.840869 -0.52491 -0.131941 -3.1859 -0.535901 0.84161 0.0670987 -28.7341 0 0 0 1 
				2
				0.0746326 0.125514 -0.989281 7.49061 -0.888287 -0.44247 -0.123151 -2.39222 -0.453185 0.887956 0.0784695 -28.7077 0 0 0 1 
				3
				0.0728985 0.123631 -0.989647 7.45502 -0.92916 -0.352164 -0.112437 -1.51501 -0.362418 0.927737 0.0892004 -28.7757 0 0 0 1 
				4
				0.0706779 0.121254 -0.990102 7.41587 -0.961437 -0.256196 -0.100007 -0.584395 -0.265787 0.958989 0.0984707 -28.9362 0 0 0 1 
				5
				0.0679784 0.118317 -0.990646 7.37376 -0.983838 -0.156914 -0.0862521 0.365723 -0.165651 0.9805 0.105738 -29.1759 0 0 0 1 
				6
				0.064817 0.114998 -0.991249 7.33092 -0.995788 -0.0570958 -0.0717377 1.29805 -0.0648458 0.991724 0.110813 -29.4687 0 0 0 1 
				7
				0.0613102 0.111286 -0.991895 7.28817 -0.997554 0.0402561 -0.0571434 2.17633 0.0335705 0.992973 0.113482 -29.7755 0 0 0 1 
				8
				0.05753 0.107522 -0.992537 7.24839 -0.990246 0.132514 -0.0430419 2.97174 0.126897 0.985332 0.114097 -30.0254 0 0 0 1 
				9
				0.0536103 0.104088 -0.993122 7.21429 -0.97566 0.217242 -0.0298987 3.66314 0.212636 0.970552 0.113201 -30.1888 0 0 0 1 
				10
				0.0497677 0.100853 -0.993656 7.18498 -0.956123 0.292399 -0.0182101 4.23868 0.288708 0.950963 0.11098 -30.281 0 0 0 1 
				11
				0.0462 0.0978245 -0.994131 7.16018 -0.934316 0.356349 -0.00835478 4.69548 0.35344 0.929218 0.107862 -30.3159 0 0 0 1 
				12
				0.0431002 0.0952787 -0.994517 7.14097 -0.913064 0.407816 -0.00049974 5.03791 0.405533 0.908079 0.104573 -30.3072 0 0 0 1 
				13
				0.0406692 0.0933937 -0.994798 7.12762 -0.895114 0.445807 0.00525933 5.27448 0.443979 0.890244 0.101729 -30.272 0 0 0 1 
				14
				0.0390945 0.0921932 -0.994973 7.11957 -0.882946 0.469392 0.00880065 5.41375 0.467843 0.878164 0.0997523 -30.2335 0 0 0 1 
				15
				0.0385389 0.0917649 -0.995035 7.11679 -0.878567 0.477515 0.0100098 5.46029 0.476062 0.873819 0.0990245 -30.2202 0 0 0 1 
				16
				0.0390944 0.0921933 -0.994974 7.11957 -0.882946 0.469392 0.00880076 5.41375 0.467844 0.878164 0.0997523 -30.2547 0 0 0 1 
				17
				0.0406693 0.0933937 -0.994798 7.12762 -0.895114 0.445807 0.00525933 5.27448 0.443979 0.890244 0.101729 -30.3176 0 0 0 1 
				18
				0.0431003 0.0952787 -0.994517 7.14097 -0.913064 0.407816 -0.000499913 5.03791 0.405532 0.908079 0.104573 -30.3782 0 0 0 1 
				19
				0.0462 0.0978245 -0.994131 7.16018 -0.934316 0.356349 -0.00835478 4.69548 0.35344 0.929218 0.107862 -30.4118 0 0 0 1 
				20
				0.0497679 0.100853 -0.993656 7.18498 -0.956123 0.2924 -0.0182103 4.23868 0.288708 0.950963 0.11098 -30.3993 0 0 0 1 
				21
				0.0536104 0.104088 -0.993122 7.21429 -0.97566 0.217242 -0.0298988 3.66314 0.212636 0.970552 0.113201 -30.3253 0 0 0 1 
				22
				0.05753 0.107522 -0.992537 7.24839 -0.990246 0.132514 -0.0430418 2.97174 0.126897 0.985332 0.114097 -30.1743 0 0 0 1 
				23
