<?xml version='1.0' encoding='UTF-8' ?>
<itpanim>
	<skeleton count>
		37
			0 -1
			1.37091e-06 -1 -6.12323e-17 1e-06 1 1.37091e-06 -6.12323e-17 -1.37225e-12 6.12323e-17 -6.12323e-17 1 21.9617 0 0 0 1 
			1 0
			1.3868e-06 -2.28068e-12 -1 -21.9617 2.75771e-06 -1 6.10495e-12 1.00008e-06 -1 -2.75771e-06 -1.3868e-06 -3.04564e-05 0 0 0 1 
			2 1
			-0.000205999 -0.000823318 -1 -24.8731 -1.2413e-06 -1 0.000823318 0.0257198 -1 1.41091e-06 0.000205998 0.00512379 0 0 0 1 
			3 2
			-0.000383999 -0.00100932 -0.999999 -31.4555 -1.03656e-06 -0.999999 0.00100932 0.036812 -1 1.42414e-06 0.000383997 0.0107229 0 0 0 1 
			4 3
			-0.000383999 -0.00100932 -0.999999 -38.038 -1.03656e-06 -0.999999 0.00100932 0.0388247 -1 1.42414e-06 0.000383997 0.0107229 0 0 0 1 
			5 4
			1.34309e-06 9.82436e-13 -1 -40.5657 -1.40269e-06 -1 -2.86637e-12 -0.00211895 -1 1.40269e-06 -1.34309e-06 -0.00490874 0 0 0 1 
			6 5
			1 -0 0 0 0 1 0 0 -0 -0 1 -0 0 0 0 1 
			7 4
			0.950432 6.75818e-05 0.310933 10.539 -1.42282e-06 1 -0.000213002 -0.00652172 -0.310933 0.000202002 0.950432 36.5745 0 0 0 1 
			8 7
			0.476976 0.0235788 0.8786 28.6752 0.0457762 0.997617 -0.0516239 -2.17945 -0.877723 0.0648423 0.47476 23.1227 0 0 0 1 
			9 8
			0.476835 0.0205561 0.878752 22.2236 0.0472212 0.997684 -0.0489616 -2.11213 -0.877724 0.0648423 0.47476 23.1227 0 0 0 1 
			10 9
			0.476835 0.0205561 0.878752 15.4032 -0.877686 0.0656367 0.474721 23.121 -0.04792 -0.997632 0.0493396 2.13054 0 0 0 1 
			11 10
			1 -0 0 0 0 1 0 0 -0 -0 1 -0 0 0 0 1 
			12 11
			1 -0 0 0 0 1 0 0 -0 -0 1 -0 0 0 0 1 
			13 12
			1 -0 0 0 0 1 0 0 -0 -0 1 -0 0 0 0 1 
			14 10
			1 -0 0 0 0 1 0 0 -0 -0 1 -0 0 0 0 1 
			15 14
			1 -0 0 0 0 1 0 0 -0 -0 1 -0 0 0 0 1 
			16 15
			1 -0 0 0 0 1 0 0 -0 -0 1 -0 0 0 0 1 
			17 4
			-0.950193 6.50589e-05 0.311663 10.5594 -1.39561e-06 1 -0.000213002 -0.00652172 -0.311663 -0.000202828 -0.950193 -36.5678 0 0 0 1 
			18 17
			-0.476976 0.0235775 0.8786 28.6676 -0.045779 0.997617 -0.0516239 -2.17948 -0.877723 -0.0648447 -0.47476 -23.1259 0 0 0 1 
			19 18
			-0.476835 0.0205548 0.878752 22.216 -0.0472239 0.997684 -0.0489616 -2.11218 -0.877723 -0.0648447 -0.47476 -23.1259 0 0 0 1 
			20 19
			-0.476835 0.0205547 0.878752 15.3956 0.877685 0.0656391 0.474721 23.1242 -0.0479228 0.997632 -0.0493396 -2.13059 0 0 0 1 
			21 20
			1 -0 0 0 0 1 0 0 -0 -0 1 -0 0 0 0 1 
			22 21
			1 -0 0 0 0 1 0 0 -0 -0 1 -0 0 0 0 1 
			23 22
			1 -0 0 0 0 1 0 0 -0 -0 1 -0 0 0 0 1 
			24 20
			1 -0 0 0 0 1 0 0 -0 -0 1 -0 0 0 0 1 
			25 24
			1 -0 0 0 0 1 0 0 -0 -0 1 -0 0 0 0 1 
			26 25
			1 -0 0 0 0 1 0 0 -0 -0 1 -0 0 0 0 1 
			27 2
			1.37369e-06 -0.0998331 0.995004 21.852 0 -0.995004 -0.0998331 -2.1925 1 1.3714e-07 -1.36683e-06 -4.26131 0 0 0 1 
			28 27
			1.37369e-06 0.0998335 0.995004 12.303 0 -0.995004 0.0998335 0.256849 1 -1.3714e-07 -1.36683e-06 -4.26131 0 0 0 1 
			29 28
			1.3716e-06 -6.00745e-14 1 2.57273 0 -1 -6.00745e-14 4.22662e-06 1 8.23984e-20 -1.3716e-06 -4.26131 0 0 0 1 
			30 29
			1.3723e-06 -1 -6.00133e-14 -5.50713 0 6.00133e-14 -1 -0.331805 1 1.3723e-06 8.23562e-20 -4.26131 0 0 0 1 
			31 30
			1 -0 0 0 0 1 0 0 -0 -0 1 -0 0 0 0 1 
			32 2
			1.37369e-06 -0.0998331 0.995004 21.852 0 -0.995004 -0.0998331 -2.1925 1 1.3714e-07 -1.36683e-06 4.26131 0 0 0 1 
			33 32
			1.37369e-06 0.0998335 0.995004 12.303 0 -0.995004 0.0998335 0.256849 1 -1.3714e-07 -1.36683e-06 4.26131 0 0 0 1 
			34 33
			1.3716e-06 -6.00745e-14 1 2.57273 0 -1 -6.00745e-14 4.22662e-06 1 8.23984e-20 -1.3716e-06 4.26131 0 0 0 1 
			35 34
			1.3723e-06 -1 -6.00133e-14 -5.50713 0 6.00133e-14 -1 -0.331804 1 1.3723e-06 8.23562e-20 4.26131 0 0 0 1 
			36 35
			1 -0 0 0 0 1 0 0 -0 -0 1 -0 0 0 0 1 
	</skeleton>
		<animations>
			17
			0
				-1
				-0.573575 0.819153 -2.02144e-33 0 -0.819153 -0.573575 -1.36318e-32 9.75445e-07 -1.2326e-32 -6.16298e-33 1 -20.1323 0 0 0 1 
				0
				-0.505843 0.862626 0 0 -0.862626 -0.505843 -0 9.57379e-07 -0 -0 1 -20.4261 0 0 0 1 
				1
				-0.429402 0.903114 0 0 -0.903114 -0.429402 -0 9.36743e-07 -0 -0 1 -20.7696 0 0 0 1 
				2
				-0.347512 0.937676 0 0 -0.937676 -0.347512 -0 9.15088e-07 -0 -0 1 -21.133 0 0 0 1 
				3
				-0.264082 0.9645 0 0 -0.9645 -0.264082 -0 8.93967e-07 -0 -0 1 -21.4859 0 0 0 1 
				4
				-0.183318 0.983054 3.02927e-33 0 -0.983054 -0.183318 -5.64892e-34 8.74882e-07 -0 -3.08149e-33 1 -21.7994 0 0 0 1 
				5
				-0.109543 0.993982 5.84489e-34 0 -0.993982 -0.109543 1.23362e-32 8.59338e-07 1.2326e-32 7.70372e-34 1 -22.0442 0 0 0 1 
				6
				-0.0470798 0.998891 -1.95544e-34 0 -0.998891 -0.0470798 -1.23304e-32 8.48886e-07 -1.2326e-32 -3.85186e-34 1 -22.1902 0 0 0 1 
				7
				1.46474e-06 1 0 0 -1 1.46474e-06 0 8.45079e-07 -0 -0 1 -22.2073 0 0 0 1 
				8
				0.0292568 0.999572 -2.44035e-35 0 -0.999572 0.0292568 -1.23319e-32 8.48886e-07 -1.2326e-32 3.85186e-34 1 -22.0768 0 0 0 1 
				9
				0.0429396 0.999078 3.84831e-34 0 -0.999078 0.0429396 1.65397e-35 8.59338e-07 -0 -3.85186e-34 1 -21.8173 0 0 0 1 
				10
				0.0446992 0.999 1.66159e-34 0 -0.999 0.0446992 -1.23308e-32 8.74882e-07 -1.2326e-32 3.85186e-34 1 -21.4591 0 0 0 1 
				11
				0.0381711 0.999271 6.8422e-34 0 -0.999271 0.0381711 1.23611e-32 8.93967e-07 1.2326e-32 -1.15556e-33 1 -21.0322 0 0 0 1 
				12
				0.0268715 0.999639 3.31217e-34 0 -0.999639 0.0268715 -1.23215e-32 9.15088e-07 -1.2326e-32 -0 1 -20.5658 0 0 0 1 
				13
				0.0143181 0.999897 -1.76485e-34 0 -0.999897 0.0143181 1.23247e-32 9.36743e-07 1.2326e-32 -0 1 -20.0891 0 0 0 1 
				14
				0.00414853 0.999992 0 0 -0.999992 0.00414853 0 9.57379e-07 -0 -0 1 -19.6321 0 0 0 1 
				15
				1.46474e-06 1 0 0 -1 1.46474e-06 0 9.75445e-07 -0 -0 1 -19.2249 0 0 0 1 
		</Joint>
			1
				-1
				1.33158e-06 -0.573574 -0.819154 0 0 -0.819154 0.573574 9.75445e-07 -1 -7.6376e-07 -1.09077e-06 -20.1323 0 0 0 1 
				0
				1.33158e-06 -0.505841 -0.862627 0 0 -0.862627 0.505841 9.57379e-07 -1 -6.73569e-07 -1.14866e-06 -20.4261 0 0 0 1 
				1
				1.33158e-06 -0.4294 -0.903114 0 0 -0.903114 0.4294 9.36743e-07 -1 -5.71781e-07 -1.20257e-06 -20.7696 0 0 0 1 
				2
				1.33158e-06 -0.34751 -0.937676 0 0 -0.937676 0.34751 9.15088e-07 -1 -4.62738e-07 -1.24859e-06 -21.133 0 0 0 1 
				3
				1.33158e-06 -0.264081 -0.964501 0 0 -0.964501 0.264081 8.93967e-07 -1 -3.51645e-07 -1.28431e-06 -21.4859 0 0 0 1 
				4
				1.33158e-06 -0.183317 -0.983054 0 0 -0.983054 0.183317 8.74882e-07 -1 -2.44101e-07 -1.30902e-06 -21.7994 0 0 0 1 
				5
				1.33158e-06 -0.109542 -0.993982 0 0 -0.993982 0.109542 8.59338e-07 -1 -1.45864e-07 -1.32357e-06 -22.0442 0 0 0 1 
				6
				1.33158e-06 -0.0470785 -0.998891 0 0 -0.998891 0.0470785 8.48886e-07 -1 -6.26888e-08 -1.3301e-06 -22.1902 0 0 0 1 
				7
				1.33158e-06 2.79632e-06 -1 0 0 -1 -2.79632e-06 8.45079e-07 -1 3.72352e-12 -1.33158e-06 -22.2073 0 0 0 1 
				8
				1.33158e-06 0.0292581 -0.999572 0 0 -0.999572 -0.0292581 8.48886e-07 -1 3.89595e-08 -1.33101e-06 -22.0768 0 0 0 1 
				9
				1.33158e-06 0.0429409 -0.999078 0 0 -0.999078 -0.0429409 8.59338e-07 -1 5.71793e-08 -1.33035e-06 -21.8173 0 0 0 1 
				10
				1.33158e-06 0.0447005 -0.999 0 0 -0.999 -0.0447005 8.74882e-07 -1 5.95223e-08 -1.33025e-06 -21.4591 0 0 0 1 
				11
				1.33158e-06 0.0381725 -0.999271 0 0 -0.999271 -0.0381725 8.93967e-07 -1 5.08297e-08 -1.33061e-06 -21.0322 0 0 0 1 
				12
				1.33158e-06 0.0268729 -0.999639 0 0 -0.999639 -0.0268729 9.15088e-07 -1 3.57834e-08 -1.3311e-06 -20.5658 0 0 0 1 
				13
				1.33158e-06 0.0143195 -0.999897 0 0 -0.999897 -0.0143195 9.36743e-07 -1 1.90675e-08 -1.33144e-06 -20.0891 0 0 0 1 
				14
				1.33158e-06 0.00414986 -0.999992 0 0 -0.999992 -0.00414986 9.57379e-07 -1 5.52587e-09 -1.33157e-06 -19.6321 0 0 0 1 
				15
				1.33158e-06 2.79632e-06 -1 0 0 -1 -2.79632e-06 9.75445e-07 -1 3.72352e-12 -1.33158e-06 -19.2249 0 0 0 1 
		</Joint>
			2
				-1
				-0.000271969 -0.342021 -0.939692 0.00179375 -0.000750183 -0.939692 0.342021 0.00491981 -1 0.00079796 -1.01208e-06 -23.0438 0 0 0 1 
				0
				-0.000235769 -0.296749 -0.954956 0.00155689 -0.000762301 -0.954955 0.296749 0.00499989 -1 0.000797928 -1.06361e-06 -23.3375 0 0 0 1 
				1
				-0.000194376 -0.244965 -0.969532 0.00128593 -0.000773856 -0.969532 0.244965 0.0050764 -1 0.000797893 -1.11329e-06 -23.6811 0 0 0 1 
				2
				-0.000150556 -0.19013 -0.981759 0.000998974 -0.000783524 -0.981759 0.19013 0.00514065 -1 0.000797857 -1.16168e-06 -24.0444 0 0 0 1 
				3
				-0.000107252 -0.135933 -0.990718 0.000715338 -0.000790578 -0.990718 0.135933 0.0051878 -1 0.000797819 -1.20929e-06 -24.3974 0 0 0 1 
				4
				-6.74231e-05 -0.0860818 -0.996288 0.000454433 -0.000794926 -0.996288 0.0860818 0.00521722 -1 0.000797779 -1.25581e-06 -24.7109 0 0 0 1 
				5
				-3.40418e-05 -0.044302 -0.999018 0.000235779 -0.000797012 -0.999018 0.044302 0.00523176 -1 0.000797737 -1.30089e-06 -24.9557 0 0 0 1 
				6
				-1.01216e-05 -0.0143746 -0.999897 7.9181e-05 -0.000797631 -0.999896 0.0143746 0.00523658 -1 0.000797694 -1.3451e-06 -25.1017 0 0 0 1 
				7
				1.3879e-06 -1.39499e-06 -1 4.03038e-06 -0.000797649 -1 1.39388e-06 0.0052373 -1 0.000797649 -1.38901e-06 -25.1188 0 0 0 1 
				8
				2.47215e-05 0.0292539 -0.999572 -0.000149197 -0.000797268 -0.999572 -0.0292539 0.00523519 -1 0.00079765 -1.38773e-06 -24.9882 0 0 0 1 
				9
				3.56343e-05 0.0429367 -0.999078 -0.000220863 -0.000796854 -0.999077 -0.0429367 0.00523267 -1 0.000797649 -1.38714e-06 -24.7288 0 0 0 1 
				10
				3.70377e-05 0.0446963 -0.999001 -0.00023008 -0.00079679 -0.999 -0.0446963 0.00523231 -1 0.00079765 -1.38706e-06 -24.3706 0 0 0 1 
				11
				3.18312e-05 0.0381683 -0.999271 -0.000195888 -0.000797015 -0.999271 -0.0381683 0.00523374 -1 0.000797649 -1.38734e-06 -23.9437 0 0 0 1 
				12
				2.28191e-05 0.0268687 -0.999639 -0.000136704 -0.000797324 -0.999639 -0.0268687 0.00523566 -1 0.00079765 -1.38784e-06 -23.4773 0 0 0 1 
				13
				1.28068e-05 0.0143153 -0.999898 -7.09541e-05 -0.000797548 -0.999897 -0.0143153 0.00523701 -1 0.000797649 -1.38839e-06 -23.0005 0 0 0 1 
				14
				4.69561e-06 0.00414567 -0.999991 -1.76901e-05 -0.000797637 -0.999991 -0.00414567 0.0052375 -1 0.00079765 -1.38883e-06 -22.5435 0 0 0 1 
				15
				1.3879e-06 -1.39499e-06 -1 4.03038e-06 -0.000797649 -1 1.39388e-06 0.00523756 -1 0.000797649 -1.38901e-06 -22.1364 0 0 0 1 
		</Joint>
			3
				-1
				-6.90265e-05 -0.0871571 -0.996195 0.000460347 -0.000795174 -0.996194 0.0871571 0.00520326 -1 0.000798165 -5.41232e-07 -29.6262 0 0 0 1 
				0
				-5.69255e-05 -0.0721496 -0.997394 0.000383113 -0.000796093 -0.997394 0.0721496 0.00520986 -1 0.000798126 -6.60656e-07 -29.9199 0 0 0 1 
				1
				-4.00159e-05 -0.0511115 -0.998693 0.000274344 -0.000797075 -0.998693 0.0511115 0.00521712 -1 0.000798079 -7.7611e-07 -30.2635 0 0 0 1 
				2
				-2.11903e-05 -0.027666 -0.999617 0.000152948 -0.000797744 -0.999617 0.027666 0.00522257 -1 0.000798025 -8.88169e-07 -30.6268 0 0 0 1 
				3
				-3.35593e-06 -0.00545554 -0.999985 3.79403e-05 -0.000797957 -0.999985 0.00545554 0.00522522 -1 0.000797963 -9.97408e-07 -30.9798 0 0 0 1 
				4
				1.0666e-05 0.011986 -0.999928 -5.22142e-05 -0.000797824 -0.999928 -0.011986 0.00522572 -1 0.000797895 -1.1025e-06 -31.2933 0 0 0 1 
				5
				1.80615e-05 0.0211317 -0.999777 -9.90726e-05 -0.000797616 -0.999776 -0.0211317 0.00522573 -1 0.000797819 -1.20243e-06 -31.5381 0 0 0 1 
				6
				1.5935e-05 0.0183487 -0.999832 -8.36302e-05 -0.000797579 -0.999831 -0.0183487 0.00522676 -1 0.000797738 -1.29771e-06 -31.6841 0 0 0 1 
				7
				1.38788e-06 -1.42479e-06 -1 1.31591e-05 -0.000797649 -1 1.42368e-06 0.00522825 -1 0.000797649 -1.38901e-06 -31.7012 0 0 0 1 
				8
				2.47215e-05 0.0292539 -0.999572 -0.000139816 -0.000797268 -0.999572 -0.0292539 0.0052264 -1 0.00079765 -1.38774e-06 -31.5707 0 0 0 1 
				9
				3.56343e-05 0.0429367 -0.999078 -0.000211367 -0.000796854 -0.999077 -0.0429367 0.00522402 -1 0.000797649 -1.38714e-06 -31.3112 0 0 0 1 
				10
				3.70377e-05 0.0446963 -0.999001 -0.000220568 -0.00079679 -0.999 -0.0446963 0.00522367 -1 0.00079765 -1.38706e-06 -30.953 0 0 0 1 
				11
				3.18312e-05 0.0381682 -0.999271 -0.000186431 -0.000797015 -0.999271 -0.0381682 0.00522504 -1 0.000797649 -1.38734e-06 -30.5261 0 0 0 1 
				12
				2.28191e-05 0.0268686 -0.999639 -0.000127343 -0.000797324 -0.999639 -0.0268686 0.00522685 -1 0.000797649 -1.38784e-06 -30.0597 0 0 0 1 
				13
				1.28068e-05 0.0143152 -0.999898 -6.17009e-05 -0.000797548 -0.999897 -0.0143152 0.00522809 -1 0.000797649 -1.38839e-06 -29.5829 0 0 0 1 
				14
				4.69559e-06 0.00414564 -0.999991 -8.52511e-06 -0.000797637 -0.999991 -0.00414564 0.00522848 -1 0.00079765 -1.38883e-06 -29.1259 0 0 0 1 
				15
				1.38788e-06 -1.42479e-06 -1 1.31591e-05 -0.000797649 -1 1.42368e-06 0.00522851 -1 0.000797649 -1.38901e-06 -28.7188 0 0 0 1 
		</Joint>
			4
				-1
				-6.90265e-05 -0.0871571 -0.996195 0.000181403 -0.000795174 -0.996194 0.0871571 0.00197416 -1 0.000798165 -5.4124e-07 -36.2087 0 0 0 1 
				0
				-5.69255e-05 -0.0721496 -0.997394 0.000153618 -0.000796093 -0.997394 0.0721496 0.00197712 -1 0.000798126 -6.60658e-07 -36.5024 0 0 0 1 
				1
				-4.00159e-05 -0.0511115 -0.998693 0.000113811 -0.000797075 -0.998693 0.0511115 0.00198054 -1 0.000798079 -7.76111e-07 -36.8459 0 0 0 1 
				2
				-2.11903e-05 -0.027666 -0.999617 6.91435e-05 -0.000797744 -0.999617 0.027666 0.00198345 -1 0.000798025 -8.8817e-07 -37.2093 0 0 0 1 
				3
				-3.35593e-06 -0.00545554 -0.999985 2.68251e-05 -0.000797957 -0.999985 0.00545554 0.00198544 -1 0.000797963 -9.97409e-07 -37.5622 0 0 0 1 
				4
				1.0666e-05 0.011986 -0.999928 -6.13634e-06 -0.000797824 -0.999928 -0.011986 0.00198669 -1 0.000797895 -1.1025e-06 -37.8757 0 0 0 1 
				5
				1.80615e-05 0.0211317 -0.999777 -2.27226e-05 -0.000797616 -0.999776 -0.0211317 0.00198777 -1 0.000797819 -1.20243e-06 -38.1205 0 0 0 1 
				6
				1.5935e-05 0.0183487 -0.999832 -1.56762e-05 -0.000797579 -0.999831 -0.0183487 0.00198916 -1 0.000797738 -1.29771e-06 -38.2665 0 0 0 1 
				7
				1.38788e-06 -1.42479e-06 -1 2.22919e-05 -0.000797649 -1 1.42368e-06 0.00199052 -1 0.000797649 -1.38901e-06 -38.2836 0 0 0 1 
				8
				2.47215e-05 0.0292539 -0.999572 -3.59745e-05 -0.000797268 -0.999572 -0.0292539 0.00199032 -1 0.00079765 -1.38773e-06 -38.1531 0 0 0 1 
				9
				3.56343e-05 0.0429367 -0.999078 -6.32326e-05 -0.000796854 -0.999077 -0.0429367 0.00198967 -1 0.000797649 -1.38714e-06 -37.8936 0 0 0 1 
				10
				3.70377e-05 0.0446963 -0.999001 -6.67381e-05 -0.00079679 -0.999 -0.0446963 0.00198958 -1 0.00079765 -1.38706e-06 -37.5354 0 0 0 1 
				11
				3.18312e-05 0.0381682 -0.999271 -5.37327e-05 -0.000797015 -0.999271 -0.0381682 0.00199002 -1 0.000797649 -1.38734e-06 -37.1085 0 0 0 1 
				12
				2.28191e-05 0.0268686 -0.999639 -3.12233e-05 -0.000797324 -0.999639 -0.0268686 0.00199054 -1 0.000797649 -1.38784e-06 -36.6421 0 0 0 1 
				13
				1.28068e-05 0.0143152 -0.999898 -6.21956e-06 -0.000797548 -0.999897 -0.0143152 0.00199082 -1 0.000797649 -1.38839e-06 -36.1654 0 0 0 1 
				14
				4.69559e-06 0.00414564 -0.999991 1.40336e-05 -0.000797637 -0.999991 -0.00414564 0.00199081 -1 0.00079765 -1.38883e-06 -35.7084 0 0 0 1 
				15
				1.38788e-06 -1.42479e-06 -1 2.22919e-05 -0.000797649 -1 1.42368e-06 0.00199078 -1 0.000797649 -1.38901e-06 -35.3012 0 0 0 1 
		</Joint>
			5
				-1
				6.58427e-07 -1.34472e-06 -1 6.92566e-06 0 -1 1.34472e-06 -3.579e-05 -1 -8.85398e-13 -6.58427e-07 -38.7363 0 0 0 1 
				0
				7.24478e-07 0.00414582 -0.999992 9.72768e-06 0 -0.999991 -0.00414582 -3.5154e-05 -1 3.00355e-09 -7.24472e-07 -39.0301 0 0 0 1 
				1
				8.02301e-07 0.0143155 -0.999898 1.26631e-05 0 -0.999898 -0.0143155 -3.42203e-05 -1 1.14853e-08 -8.02219e-07 -39.3736 0 0 0 1 
				2
				8.89014e-07 0.0268688 -0.999639 1.55809e-05 0 -0.999639 -0.0268688 -3.30011e-05 -1 2.38867e-08 -8.88693e-07 -39.737 0 0 0 1 
				3
				9.82643e-07 0.0381684 -0.999271 1.83423e-05 0 -0.999271 -0.0381684 -3.15532e-05 -1 3.75059e-08 -9.81928e-07 -40.0899 0 0 0 1 
				4
				1.08063e-06 0.0446963 -0.999001 2.0824e-05 0 -0.999001 -0.0446963 -2.99623e-05 -1 4.83e-08 -1.07955e-06 -40.4034 0 0 0 1 
				5
				1.18063e-06 0.0429367 -0.999078 2.29313e-05 0 -0.999078 -0.0429367 -2.83539e-05 -1 5.06924e-08 -1.17954e-06 -40.6482 0 0 0 1 
				6
				1.28265e-06 0.0292539 -0.999572 2.46025e-05 0 -0.999572 -0.0292539 -2.6877e-05 -1 3.75224e-08 -1.2821e-06 -40.7942 0 0 0 1 
				7
				1.38685e-06 -1.42368e-06 -1 2.58001e-05 0 -1 1.42368e-06 -2.56962e-05 -1 -1.97444e-12 -1.38685e-06 -40.8113 0 0 0 1 
				8
				1.38557e-06 0.0292539 -0.999572 2.65137e-05 0 -0.999572 -0.0292539 -2.49216e-05 -1 4.05333e-08 -1.38498e-06 -40.6808 0 0 0 1 
				9
				1.38498e-06 0.0429367 -0.999078 2.68398e-05 0 -0.999078 -0.0429367 -2.45319e-05 -1 5.94665e-08 -1.3837e-06 -40.4213 0 0 0 1 
				10
				1.3849e-06 0.0446963 -0.999001 2.68816e-05 0 -0.999001 -0.0446963 -2.44554e-05 -1 6.19e-08 -1.38352e-06 -40.0631 0 0 0 1 
				11
				1.38518e-06 0.0381682 -0.999271 2.67267e-05 0 -0.999271 -0.0381683 -2.4592e-05 -1 5.28698e-08 -1.38417e-06 -39.6362 0 0 0 1 
				12
				1.38568e-06 0.0268686 -0.999639 2.64564e-05 0 -0.999639 -0.0268686 -2.48532e-05 -1 3.72313e-08 -1.38518e-06 -39.1698 0 0 0 1 
				13
				1.38623e-06 0.0143152 -0.999898 2.61521e-05 0 -0.999898 -0.0143152 -2.51396e-05 -1 1.98442e-08 -1.38609e-06 -38.6931 0 0 0 1 
				14
				1.38667e-06 0.00414564 -0.999991 2.59026e-05 0 -0.999991 -0.00414564 -2.53654e-05 -1 5.74864e-09 -1.38666e-06 -38.2361 0 0 0 1 
				15
				1.38685e-06 -1.42368e-06 -1 2.58001e-05 0 -1 1.42368e-06 -2.54352e-05 -1 -1.97444e-12 -1.38685e-06 -37.8289 0 0 0 1 
		</Joint>
			6
		</Joint>
			7
				-1
				0.946696 0.0871543 -0.310114 1.3543 -0.0828232 0.996195 0.0271328 -0.118515 0.311299 -1.87231e-06 0.950312 -36.2087 0 0 0 1 
				0
				0.947836 0.0721468 -0.310488 1.35594 -0.0685614 0.997394 0.022461 -0.0981119 0.311299 -1.85788e-06 0.950312 -36.5024 0 0 0 1 
				1
				0.94907 0.0511087 -0.310892 1.35771 -0.0485687 0.998693 0.0159118 -0.0695104 0.311299 -1.8029e-06 0.950312 -36.8459 0 0 0 1 
				2
				0.949948 0.0276632 -0.31118 1.35896 -0.0262881 0.999617 0.0086132 -0.0376359 0.311299 -1.75252e-06 0.950312 -37.2093 0 0 0 1 
				3
				0.950298 0.00545274 -0.311295 1.35947 -0.00518128 0.999985 0.00169904 -0.00744013 0.311299 -1.69218e-06 0.950312 -37.5622 0 0 0 1 
				4
				0.950244 -0.0119888 -0.311277 1.35939 0.0113936 0.999928 -0.00373056 0.0162725 0.311299 -1.61893e-06 0.950312 -37.8757 0 0 0 1 
				5
				0.9501 -0.0211345 -0.31123 1.35919 0.0200849 0.999777 -0.00657769 0.0287072 0.3113 -1.54753e-06 0.950312 -38.1205 0 0 0 1 
				6
				0.950152 -0.0183515 -0.311247 1.35926 0.0174401 0.999832 -0.00571144 0.0249251 0.3113 -1.45845e-06 0.950312 -38.2665 0 0 0 1 
				7
				0.950312 -1.36355e-06 -0.3113 1.35949 1.72473e-06 1 8.84934e-07 -2.03855e-05 0.3113 -1.37787e-06 0.950312 -38.2836 0 0 0 1 
				8
				0.949905 -0.0292567 -0.311166 1.35891 0.0278034 0.999572 -0.00910629 0.039752 0.3113 -1.37315e-06 0.950312 -38.1531 0 0 0 1 
				9
				0.949435 -0.0429395 -0.311013 1.35824 0.0408063 0.999078 -0.0133657 0.0583537 0.3113 -1.36901e-06 0.950312 -37.8936 0 0 0 1 
				10
				0.949362 -0.0446991 -0.310989 1.35814 0.0424785 0.999 -0.0139135 0.060746 0.3113 -1.35888e-06 0.950312 -37.5354 0 0 0 1 
				11
				0.949619 -0.038171 -0.311073 1.3585 0.0362748 0.999271 -0.0118813 0.0518711 0.3113 -1.36865e-06 0.950312 -37.1085 0 0 0 1 
				12
				0.949969 -0.0268714 -0.311187 1.359 0.0255367 0.999639 -0.00836376 0.0365094 0.3113 -1.37599e-06 0.950312 -36.6421 0 0 0 1 
				13
				0.950214 -0.014318 -0.311268 1.35935 0.013607 0.999897 -0.00445589 0.0194432 0.3113 -1.37897e-06 0.950312 -36.1654 0 0 0 1 
				14
				0.950304 -0.00414843 -0.311297 1.35948 0.00394273 0.999991 -0.0012901 0.00561774 0.3113 -1.37702e-06 0.950312 -35.7084 0 0 0 1 
				15
				0.950312 -1.36355e-06 -0.3113 1.35949 1.72473e-06 1 8.84934e-07 -2.01244e-05 0.3113 -1.37787e-06 0.950312 -35.3012 0 0 0 1 
		</Joint>
			8
				-1
				0.112918 -0.0327972 -0.993063 6.69534 0.148165 0.988837 -0.0158102 -0.585784 0.982495 -0.145352 0.116517 -34.4524 0 0 0 1 
				0
				0.0923309 -0.0784966 -0.99263 6.7034 0.0973907 0.99282 -0.0694528 -0.484919 0.990954 -0.0902603 0.0993129 -34.7461 0 0 0 1 
				1
				0.0783933 -0.131348 -0.988232 6.71214 0.0448479 0.990743 -0.128124 -0.343524 0.995913 -0.034276 0.0835583 -35.0897 0 0 0 1 
				2
				0.072305 -0.186869 -0.97972 6.71835 -0.00890889 0.982131 -0.187987 -0.185947 0.997343 0.0223206 0.0693482 -35.453 0 0 0 1 
				3
				0.07434 -0.240533 -0.96779 6.72082 -0.0630065 0.967403 -0.245277 -0.0366717 0.995241 0.079211 0.0567617 -35.806 0 0 0 1 
				4
				0.0838506 -0.288142 -0.95391 6.72045 -0.116728 0.94785 -0.296573 0.0805523 0.989618 0.136216 0.0458434 -36.1194 0 0 0 1 
				5
				0.0993253 -0.32589 -0.940176 6.71943 -0.169626 0.925473 -0.338714 0.142021 0.98049 0.193121 0.0366435 -36.3642 0 0 0 1 
				6
				0.11839 -0.350367 -0.9291 6.7198 -0.221687 0.902737 -0.368674 0.123318 0.967904 0.249616 0.0292034 -36.5102 0 0 0 1 
				7
				0.137906 -0.358683 -0.923216 6.72093 -0.273551 0.882072 -0.383559 -1.0655e-05 0.95192 0.305442 0.0235248 -36.5274 0 0 0 1 
				8
				0.154547 -0.349514 -0.924097 6.71806 -0.326134 0.864858 -0.381652 0.196612 0.932605 0.360362 0.0196725 -36.3968 0 0 0 1 
				9
				0.166227 -0.325572 -0.930791 6.71473 -0.379717 0.849999 -0.365125 0.288574 0.910046 0.414131 0.0176671 -36.1374 0 0 0 1 
				10
				0.171931 -0.290608 -0.941269 6.71421 -0.434023 0.835414 -0.337205 0.3004 0.884344 0.466508 0.0175027 -35.7791 0 0 0 1 
				11
				0.171455 -0.248275 -0.953395 6.71603 -0.488395 0.819024 -0.301115 0.256525 0.855613 0.517261 0.0191689 -35.3522 0 0 0 1 
				12
				0.165386 -0.202047 -0.965311 6.7185 -0.541942 0.799148 -0.260118 0.180581 0.823982 0.566162 0.0226702 -34.8858 0 0 0 1 
				13
				0.155122 -0.155249 -0.97562 6.72024 -0.593701 0.774686 -0.217672 0.0962108 0.789592 0.612993 0.0279991 -34.4091 0 0 0 1 
				14
				0.142889 -0.111012 -0.983493 6.72087 -0.64279 0.745194 -0.177504 0.0278617 0.752598 0.657543 0.0351227 -33.9521 0 0 0 1 
				15
				0.131636 -0.0720001 -0.98868 6.72093 -0.688527 0.710883 -0.143442 -1.03939e-05 0.713163 0.699615 0.0440035 -33.5449 0 0 0 1 
		</Joint>
			9
				-1
				-0.0189847 0.116042 -0.993063 7.42458 -0.956361 -0.291761 -0.0158101 0.371086 -0.291572 0.949426 0.116517 -28.1073 0 0 0 1 
				0
				0.0346533 0.116129 -0.99263 7.29969 -0.947936 -0.310794 -0.0694532 0.144043 -0.316568 0.943356 0.0993128 -28.3464 0 0 0 1 
				1
				0.0923693 0.121925 -0.988232 7.21841 -0.935272 -0.329925 -0.128124 -0.0538899 -0.341664 0.9361 0.0835583 -28.6579 0 0 0 1 
				2
				0.1502 0.13262 -0.97972 7.18531 -0.918099 -0.348935 -0.187987 -0.243482 -0.366789 0.927716 0.0693481 -29.012 0 0 0 1 
				3
				0.204366 0.147027 -0.96779 7.20092 -0.897048 -0.367618 -0.245277 -0.443576 -0.39184 0.918281 0.0567616 -29.3786 0 0 0 1 
				4
				0.251536 0.163666 -0.95391 7.26196 -0.873485 -0.386094 -0.296572 -0.673295 -0.416837 0.907825 0.0458433 -29.7283 0 0 0 1 
				5
				0.288785 0.180757 -0.940176 7.36088 -0.849379 -0.404757 -0.338714 -0.953447 -0.441768 0.896381 0.0366435 -30.0321 0 0 0 1 
				6
				0.313526 0.196149 -0.9291 7.48438 -0.827076 -0.424293 -0.368673 -1.30836 -0.466526 0.884025 0.0292034 -30.2594 0 0 0 1 
				7
				0.323524 0.207373 -0.923216 7.61154 -0.80883 -0.44573 -0.383559 -1.76664 -0.491045 0.870816 0.0235248 -30.3797 0 0 0 1 
				8
				0.317753 0.212315 -0.924097 7.71614 -0.79594 -0.469917 -0.381652 -1.9096 -0.515279 0.856797 0.0196725 -30.3739 0 0 0 1 
				9
				0.298668 0.210774 -0.930791 7.78825 -0.787465 -0.496571 -0.365125 -2.16369 -0.539162 0.842016 0.0176671 -30.2602 0 0 0 1 
				10
				0.269521 0.203401 -0.941269 7.82457 -0.781541 -0.524868 -0.337205 -2.50258 -0.56263 0.826524 0.0175027 -30.0679 0 0 0 1 
				11
				0.233395 0.191217 -0.953395 7.82331 -0.776261 -0.553849 -0.301114 -2.8976 -0.585615 0.810362 0.0191689 -29.8266 0 0 0 1 
				12
				0.193217 0.175621 -0.965311 7.78659 -0.770029 -0.582575 -0.260118 -3.31936 -0.608048 0.793576 0.0226702 -29.5645 0 0 0 1 
				13
				0.151872 0.15843 -0.97562 7.72204 -0.761717 -0.61025 -0.217672 -3.73799 -0.629858 0.776205 0.0279991 -29.3098 0 0 0 1 
				14
				0.11225 0.141919 -0.983493 7.64367 -0.750753 -0.636287 -0.177504 -4.12336 -0.650975 0.758286 0.0351227 -29.0917 0 0 0 1 
				15
				0.0770687 0.128734 -0.98868 7.57105 -0.737141 -0.660339 -0.143442 -4.44662 -0.67133 0.739851 0.0440035 -28.9392 0 0 0 1 
		</Joint>
			10
				-1
				-0.0189847 -0.99297 -0.116833 7.2951 -0.956361 -0.0160424 0.291749 -6.15165 -0.291572 0.117273 -0.949333 -30.0959 0 0 0 1 
				0
				0.0346533 -0.992537 -0.116919 7.53604 -0.947936 -0.0697007 0.310738 -6.32124 -0.316568 0.100064 -0.943277 -30.5055 0 0 0 1 
				1
				0.0923693 -0.988134 -0.122712 7.8484 -0.935272 -0.128387 0.329823 -6.43279 -0.341664 0.0843037 -0.936033 -30.9882 0 0 0 1 
				2
				0.1502 -0.979615 -0.1334 8.20973 -0.918099 -0.188264 0.348785 -6.50526 -0.366789 0.0700868 -0.92766 -31.5137 0 0 0 1 
				3
				0.204366 -0.967673 -0.147798 8.59478 -0.897049 -0.245569 0.367423 -6.56178 -0.39184 0.0574929 -0.918235 -32.0511 0 0 0 1 
				4
				0.251536 -0.953779 -0.164425 8.97753 -0.873485 -0.29688 0.385858 -6.63079 -0.416837 0.0465662 -0.907788 -32.5713 0 0 0 1 
				5
				0.288785 -0.940032 -0.181506 9.3305 -0.849379 -0.339036 0.404487 -6.74653 -0.441768 0.0373572 -0.896351 -33.0451 0 0 0 1 
				6
				0.313526 -0.928944 -0.196889 9.62274 -0.827076 -0.369011 0.423999 -6.94933 -0.466526 0.0299073 -0.884002 -33.4413 0 0 0 1 
				7
				0.323524 -0.923051 -0.208108 9.8181 -0.80883 -0.383914 0.445425 -7.28316 -0.491045 0.0242182 -0.870798 -33.7288 0 0 0 1 
				8
				0.317753 -0.923928 -0.213051 9.88334 -0.79594 -0.382026 0.469612 -7.33821 -0.515279 0.0203547 -0.856781 -33.8883 0 0 0 1 
				9
				0.298668 -0.930623 -0.211515 9.82528 -0.787465 -0.36552 0.49628 -7.5345 -0.539162 0.0183376 -0.842002 -33.9374 0 0 0 1 
				10
				0.269521 -0.941106 -0.20415 9.6628 -0.781541 -0.337623 0.5246 -7.83298 -0.56263 0.0181608 -0.82651 -33.9053 0 0 0 1 
				11
				0.233395 -0.953243 -0.191976 9.41515 -0.776261 -0.301555 0.553609 -8.19199 -0.585615 0.0198142 -0.810347 -33.8207 0 0 0 1 
				12
				0.193217 -0.965171 -0.17639 9.1044 -0.770029 -0.260582 0.582368 -8.57124 -0.608048 0.0233021 -0.793558 -33.7116 0 0 0 1 
				13
				0.151872 -0.975494 -0.159207 8.75786 -0.761717 -0.218158 0.610077 -8.93319 -0.629858 0.0286172 -0.776182 -33.6057 0 0 0 1 
				14
				0.11225 -0.98338 -0.142702 8.40926 -0.750754 -0.17801 0.636146 -9.24378 -0.650975 0.0357265 -0.758257 -33.5316 0 0 0 1 
				15
				0.0770687 -0.988577 -0.129521 8.09669 -0.737141 -0.143968 0.660225 -9.47419 -0.67133 0.0445926 -0.739816 -33.518 0 0 0 1 
		</Joint>
			11
		</Joint>
			12
		</Joint>
			13
		</Joint>
			14
		</Joint>
			15
		</Joint>
			16
		</Joint>
			17
				-1
				-0.946696 0.0871544 -0.310114 -1.35429 0.0828244 0.996195 0.0271293 0.118453 0.311298 -1.7956e-06 -0.950312 -36.2087 0 0 0 1 
				0
				-0.947836 0.0721469 -0.310487 -1.35592 0.0685626 0.997394 0.0224575 0.0980512 0.311298 -1.73194e-06 -0.950312 -36.5024 0 0 0 1 
				1
				-0.94907 0.0511088 -0.310891 -1.35768 0.0485698 0.998693 0.0159084 0.0694513 0.311298 -1.69278e-06 -0.950312 -36.8459 0 0 0 1 
				2
				-0.949949 0.0276632 -0.311179 -1.35894 0.0262892 0.999617 0.00860993 0.0375788 0.311298 -1.64453e-06 -0.950312 -37.2093 0 0 0 1 
				3
				-0.950298 0.00545277 -0.311293 -1.35943 0.00518232 0.999985 0.00169593 0.00738559 0.311297 -1.58135e-06 -0.950312 -37.5622 0 0 0 1 
				4
				-0.950244 -0.0119887 -0.311275 -1.35936 -0.0113926 0.999928 -0.0037335 -0.0163243 0.311297 -1.51561e-06 -0.950313 -37.8757 0 0 0 1 
				5
				-0.9501 -0.0211345 -0.311228 -1.35915 -0.0200839 0.999777 -0.00658048 -0.0287562 0.311297 -1.44132e-06 -0.950313 -38.1205 0 0 0 1 
				6
				-0.950153 -0.0183515 -0.311245 -1.35922 -0.0174392 0.999832 -0.00571407 -0.0249716 0.311297 -1.36703e-06 -0.950313 -38.2665 0 0 0 1 
				7
				-0.950312 -1.33628e-06 -0.311297 -1.35945 -8.75224e-07 1 -1.62077e-06 -2.40546e-05 0.311297 -1.26778e-06 -0.950313 -38.2836 0 0 0 1 
				8
				-0.949906 -0.0292567 -0.311164 -1.35887 -0.0278026 0.999572 -0.00910872 -0.0397951 0.311297 -1.27445e-06 -0.950313 -38.1531 0 0 0 1 
				9
				-0.949436 -0.0429394 -0.31101 -1.35819 -0.0408055 0.999078 -0.0133681 -0.0583962 0.311297 -1.26813e-06 -0.950313 -37.8936 0 0 0 1 
				10
				-0.949363 -0.0446991 -0.310986 -1.35809 -0.0424777 0.999 -0.0139159 -0.0607882 0.311297 -1.27915e-06 -0.950313 -37.5354 0 0 0 1 
				11
				-0.94962 -0.038171 -0.31107 -1.35846 -0.036274 0.999271 -0.0118837 -0.0519136 0.311297 -1.26919e-06 -0.950312 -37.1085 0 0 0 1 
				12
				-0.949969 -0.0268714 -0.311185 -1.35896 -0.0255358 0.999639 -0.0083662 -0.0365524 0.311297 -1.27422e-06 -0.950313 -36.6421 0 0 0 1 
				13
				-0.950215 -0.014318 -0.311265 -1.35931 -0.0136062 0.999897 -0.00445836 -0.0194866 0.311297 -1.26725e-06 -0.950313 -36.1654 0 0 0 1 
				14
				-0.950304 -0.0041484 -0.311294 -1.35944 -0.00394188 0.999991 -0.00129259 -0.00566155 0.311297 -1.2686e-06 -0.950313 -35.7084 0 0 0 1 
				15
				-0.950312 -1.33628e-06 -0.311297 -1.35945 -8.75224e-07 1 -1.62077e-06 -2.37935e-05 0.311297 -1.26778e-06 -0.950313 -35.3012 0 0 0 1 
		</Joint>
			18
				-1
				0.237444 0.519483 -0.820827 -6.69533 0.493742 0.663161 0.562526 0.585729 0.836564 -0.538846 -0.0990272 -34.4524 0 0 0 1 
				0
				0.209563 0.458925 -0.863407 -6.70339 0.530211 0.688588 0.494695 0.484865 0.821559 -0.561457 -0.0990245 -34.7461 0 0 0 1 
				1
				0.17374 0.39311 -0.902928 -6.71212 0.565922 0.710505 0.418228 0.343471 0.805945 -0.583649 -0.0990267 -35.0897 0 0 0 1 
				2
				0.13171 0.324997 -0.936498 -6.71833 0.599148 0.726539 0.336398 0.185896 0.789731 -0.605408 -0.0990288 -35.453 0 0 0 1 
				3
				0.0858134 0.257895 -0.962355 -6.7208 0.628663 0.735334 0.253115 0.036623 0.772929 -0.626717 -0.0990272 -35.806 0 0 0 1 
				4
				0.0388043 0.19514 -0.980008 -6.72041 0.653938 0.736605 0.172566 -0.0805985 0.755553 -0.64756 -0.0990256 -36.1194 0 0 0 1 
				5
				-0.00622821 0.139922 -0.990143 -6.71939 0.675194 0.730961 0.0990486 -0.142065 0.737615 -0.667921 -0.099027 -36.3642 0 0 0 1 
				6
				-0.0459235 0.0951591 -0.994402 -6.71976 0.693359 0.71965 0.0368461 -0.12336 0.719128 -0.687785 -0.0990283 -36.5103 0 0 0 1 
				7
				-0.0768189 0.063289 -0.995034 -6.72089 0.709894 0.704237 -0.0100126 -2.89924e-05 0.700106 -0.707138 -0.0990272 -36.5274 0 0 0 1 
				8
				-0.0963544 0.0453033 -0.994316 -6.71801 0.726325 0.686237 -0.0391182 -0.196651 0.680564 -0.725966 -0.0990269 -36.3968 0 0 0 1 
				9
				-0.105272 0.0387884 -0.993687 -6.71469 0.743395 0.666771 -0.0527283 -0.288611 0.660516 -0.744253 -0.0990271 -36.1374 0 0 0 1 
				10
				-0.105516 0.0405065 -0.993592 -6.71417 0.761115 0.646325 -0.0544783 -0.300437 0.639977 -0.761987 -0.0990276 -35.7792 0 0 0 1 
				11
				-0.0992833 0.0474531 -0.993927 -6.71599 0.779121 0.625034 -0.0479853 -0.256563 0.618961 -0.779154 -0.0990272 -35.3523 0 0 0 1 
				12
				-0.0889482 0.056963 -0.994406 -6.71846 0.796931 0.602952 -0.0367452 -0.18062 0.597486 -0.795742 -0.099027 -34.8859 0 0 0 1 
				13
				-0.0771466 0.0666573 -0.994789 -6.7202 0.814109 0.580206 -0.0242571 -0.0962496 0.575565 -0.811738 -0.0990272 -34.4091 0 0 0 1 
				14
				-0.0668594 0.0744055 -0.994984 -6.72083 0.830349 0.557064 -0.014139 -0.0279007 0.553218 -0.82713 -0.0990275 -33.9521 0 0 0 1 
				15
				-0.0612997 0.0784155 -0.995034 -6.72089 0.845492 0.533895 -0.0100125 -2.87313e-05 0.530458 -0.841907 -0.0990273 -33.545 0 0 0 1 
		</Joint>
			19
				-1
				-0.535494 0.198718 -0.820827 -5.16189 -0.697576 0.443793 0.562526 3.77439 0.476062 0.873819 -0.0990272 -29.0497 0 0 0 1 
				0
				-0.47766 0.162388 -0.863406 -5.35 -0.73838 0.458336 0.494695 3.90904 0.476063 0.873818 -0.0990245 -29.4404 0 0 0 1 
				1
				-0.412063 0.122169 -0.902928 -5.59008 -0.776897 0.470655 0.418228 3.99827 0.476062 0.873819 -0.0990267 -29.8848 0 0 0 1 
				2
				-0.34145 0.0798916 -0.936498 -5.86772 -0.810418 0.479644 0.336399 4.05527 0.476061 0.873819 -0.0990288 -30.3528 0 0 0 1 
				3
				-0.269185 0.0375928 -0.962355 -6.1666 -0.8372 0.484797 0.253115 4.09661 0.476062 0.873819 -0.0990272 -30.8143 0 0 0 1 
				4
				-0.198942 -0.00267436 -0.980008 -6.46981 -0.856614 0.486245 0.172566 4.14262 0.476062 0.873819 -0.0990256 -31.24 0 0 0 1 
				5
				-0.134548 -0.038907 -0.990143 -6.75961 -0.869058 0.484693 0.0990486 4.21843 0.476062 0.873819 -0.099027 -31.6006 0 0 0 1 
				6
				-0.0798597 -0.0691858 -0.994402 -7.01634 -0.875778 0.481305 0.0368461 4.35444 0.476062 0.873818 -0.0990283 -31.866 0 0 0 1 
				7
				-0.0385377 -0.0917687 -0.995034 -7.217 -0.878567 0.477514 -0.0100126 4.58456 0.476062 0.873819 -0.0990272 -32.006 0 0 0 1 
				8
				-0.0128185 -0.105699 -0.994316 -7.34028 -0.879319 0.474625 -0.0391182 4.49406 0.476062 0.873819 -0.0990269 -32.0016 0 0 0 1 
				9
				-0.000778215 -0.112187 -0.993687 -7.39455 -0.879411 0.473134 -0.0527282 4.51234 0.476062 0.873818 -0.0990271 -31.8717 0 0 0 1 
				10
				0.000770577 -0.113021 -0.993592 -7.39561 -0.879412 0.472935 -0.0544783 4.61495 0.476062 0.873819 -0.0990276 -31.6461 0 0 0 1 
				11
				-0.00497517 -0.109928 -0.993927 -7.35718 -0.879398 0.473663 -0.0479852 4.77511 0.476062 0.873818 -0.0990272 -31.3549 0 0 0 1 
				12
				-0.0149169 -0.104566 -0.994406 -7.2929 -0.879285 0.474876 -0.0367452 4.96607 0.476062 0.873819 -0.099027 -31.0272 0 0 0 1 
				13
				-0.0259556 -0.0985957 -0.994789 -7.21842 -0.879029 0.476151 -0.0242571 5.16137 0.476062 0.873819 -0.0990272 -30.692 0 0 0 1 
				14
				-0.0348941 -0.0937484 -0.994984 -7.15262 -0.878719 0.47713 -0.014139 5.33461 0.476062 0.873818 -0.0990275 -30.3793 0 0 0 1 
				15
				-0.0385378 -0.0917686 -0.995034 -7.11677 -0.878567 0.477514 -0.0100125 5.46027 0.476062 0.873818 -0.0990272 -30.1192 0 0 0 1 
		</Joint>
			20
				-1
				-0.535494 0.820986 0.198065 -8.81415 -0.697576 -0.562173 0.444241 -0.983342 0.476062 0.099723 0.87374 -25.8028 0 0 0 1 
				0
				-0.470122 0.863552 0.182382 -8.60782 -0.717685 -0.494305 0.490501 -1.12699 0.513725 0.099703 0.852142 -26.1934 0 0 0 1 
				1
				-0.399847 0.903053 0.156899 -8.40051 -0.73292 -0.417801 0.536908 -1.30046 0.550409 0.0996868 0.828923 -26.6379 0 0 0 1 
				2
				-0.328101 0.936597 0.12303 -8.19654 -0.740879 -0.335935 0.581589 -1.47208 0.586045 0.0996691 0.804125 -27.1059 0 0 0 1 
				3
				-0.258567 0.962421 0.0829988 -8.00254 -0.740297 -0.252619 0.623012 -1.61341 0.620566 0.0996466 0.777797 -27.5674 0 0 0 1 
				4
				-0.194806 0.98004 0.0396677 -7.82667 -0.731066 -0.172041 0.660261 -1.69981 0.653907 0.0996229 0.749988 -27.9931 0 0 0 1 
				5
				-0.140033 0.99014 -0.00354602 -7.67728 -0.713998 -0.0984966 0.693185 -1.70887 0.686002 0.099601 0.720751 -28.3537 0 0 0 1 
				6
				-0.0969681 0.994368 -0.0427611 -7.56101 -0.690513 -0.0362709 0.72241 -1.61869 0.71679 0.0995778 0.690142 -28.6191 0 0 0 1 
				7
				-0.0676003 0.994976 -0.0738459 -7.47984 -0.662263 0.0106092 0.749196 -1.40759 0.746215 0.0995513 0.658219 -28.7591 0 0 0 1 
				8
				-0.0522919 0.994242 -0.0935393 -7.42771 -0.630753 0.0397353 0.774966 -1.50322 0.77422 0.0995246 0.625043 -28.7547 0 0 0 1 
				9
				-0.0481178 0.993606 -0.102139 -7.39986 -0.597062 0.0533654 0.800418 -1.48558 0.80075 0.0994975 0.590677 -28.6248 0 0 0 1 
				10
				-0.0515038 0.993512 -0.101398 -7.39035 -0.56167 0.0551357 0.825522 -1.38297 0.825756 0.0994697 0.555187 -28.3992 0 0 0 1 
				11
				-0.0592728 0.993853 -0.0935044 -7.39111 -0.524749 0.0486619 0.849865 -1.22271 0.849191 0.0994402 0.518639 -28.108 0 0 0 1 
				12
				-0.068764 0.994342 -0.080967 -7.39464 -0.486431 0.0374403 0.872917 -1.03098 0.871009 0.0994101 0.481104 -27.7803 0 0 0 1 
				13
				-0.0778138 0.994736 -0.0666693 -7.39545 -0.446949 0.0249691 0.894211 -0.833931 0.891169 0.0993797 0.442653 -27.4451 0 0 0 1 
				14
				-0.0847537 0.994942 -0.0539257 -7.39061 -0.406677 0.0148663 0.913451 -0.658585 0.909632 0.0993487 0.40336 -27.1324 0 0 0 1 
				15
				-0.0885094 0.994998 -0.0463197 -7.37961 -0.366081 0.0107536 0.930521 -0.531884 0.926364 0.0993166 0.363298 -26.8723 0 0 0 1 
		</Joint>
			21
		</Joint>
			22
		</Joint>
			23
		</Joint>
			24
		</Joint>
			25
		</Joint>
			26
		</Joint>
			27
				-1
				0.202202 -0.303987 0.930971 3.49067 -0.408258 -0.890234 -0.202013 -2.44418 0.890191 -0.339229 -0.304112 -20.1323 0 0 0 1 
				0
				0.205401 -0.210638 0.955742 3.67592 -0.373204 -0.91963 -0.122473 -2.15555 0.904726 -0.33153 -0.267504 -20.426 0 0 0 1 
				1
				0.201644 -0.106447 0.973657 3.84845 -0.341966 -0.939172 -0.0318557 -1.82981 0.917823 -0.326534 -0.22578 -20.7696 0 0 0 1 
				2
				0.192848 0.00251534 0.981225 3.99573 -0.315345 -0.946789 0.0644045 -1.48085 0.929175 -0.321845 -0.181793 -21.133 0 0 0 1 
				3
				0.181092 0.109804 0.977317 4.11003 -0.292943 -0.942616 0.160185 -1.12534 0.938824 -0.315307 -0.138534 -21.4859 0 0 0 1 
				4
				0.168107 0.209334 0.963286 4.1891 -0.273181 -0.929027 0.249563 -0.781176 0.94716 -0.305105 -0.0989898 -21.7994 0 0 0 1 
				5
				0.155042 0.295738 0.942604 4.23567 -0.253461 -0.910296 0.327291 -0.466798 0.95484 -0.289657 -0.0661762 -22.0442 0 0 0 1 
				6
				0.142479 0.364451 0.920258 4.25659 -0.230371 -0.892 0.388928 -0.200621 0.962616 -0.267414 -0.0431327 -22.1902 0 0 0 1 
				7
				0.130827 0.411718 0.901872 4.26131 -0.20005 -0.880015 0.430759 5.89444e-06 0.971012 -0.236775 -0.0327655 -22.2073 0 0 0 1 
				8
				0.120778 0.435762 0.891922 4.25949 -0.159338 -0.878339 0.450702 0.124672 0.979808 -0.196552 -0.0366502 -22.0768 0 0 0 1 
				9
				0.113105 0.440029 0.890832 4.25738 -0.108365 -0.885774 0.451289 0.182979 0.987656 -0.147578 -0.0525017 -21.8173 0 0 0 1 
				10
				0.108997 0.429096 0.896658 4.25705 -0.0489863 -0.898618 0.435989 0.190477 0.992834 -0.0914452 -0.0769265 -21.4591 0 0 0 1 
				11
				0.109436 0.407436 0.906653 4.2582 0.0162671 -0.912744 0.408209 0.162659 0.993861 -0.0299243 -0.106515 -21.0322 0 0 0 1 
				12
				0.114607 0.379539 0.91805 4.25977 0.0845233 -0.924513 0.37166 0.114508 0.989809 0.0350018 -0.138035 -20.5658 0 0 0 1 
				13
				0.123467 0.350095 0.928542 4.26087 0.152835 -0.931245 0.330792 0.0610138 0.980509 0.101072 -0.168485 -20.0891 0 0 0 1 
				14
				0.133515 0.323937 0.93661 4.26127 0.218481 -0.931441 0.291004 0.017678 0.966664 0.165778 -0.195135 -19.6321 0 0 0 1 
				15
				0.14095 0.305598 0.94167 4.26131 0.279284 -0.924808 0.258322 6.15578e-06 0.949807 0.226582 -0.215701 -19.2249 0 0 0 1 
		</Joint>
			28
				-1
				0.34424 -0.121623 0.930971 5.46074 0.208217 -0.956993 -0.202014 -6.4219 0.915502 0.263385 -0.304112 -11.4591 0 0 0 1 
				0
				0.290071 -0.0491607 0.955742 5.67717 0.240335 -0.962933 -0.122473 -5.79173 0.926336 0.265224 -0.267504 -11.6112 0 0 0 1 
				1
				0.226193 0.0287783 0.973657 5.8131 0.259914 -0.965106 -0.0318557 -5.16164 0.938766 0.260273 -0.22578 -11.8271 0 0 0 1 
				2
				0.158523 0.109851 0.981225 5.87468 0.267559 -0.961387 0.0644046 -4.55331 0.950412 0.252326 -0.181793 -12.0799 0 0 0 1 
				3
				0.0923687 0.190576 0.977317 5.87444 0.266228 -0.950507 0.160186 -3.97952 0.959474 0.245393 -0.138534 -12.3388 0 0 0 1 
				4
				0.0315494 0.266618 0.963286 5.82699 0.26093 -0.932542 0.249563 -3.44282 0.964842 0.243477 -0.0989898 -12.5711 0 0 0 1 
				5
				-0.0218547 0.333198 0.942603 5.74627 0.258228 -0.908955 0.327291 -2.93631 0.965837 0.250559 -0.0661762 -12.741 0 0 0 1 
				6
				-0.0672096 0.385497 0.920258 5.64478 0.265683 -0.882127 0.388928 -2.44515 0.961715 0.270637 -0.0431327 -12.8113 0 0 0 1 
				7
				-0.104437 0.41919 0.901872 5.53598 0.290995 -0.854265 0.430759 -1.94912 0.951007 0.307428 -0.0327656 -12.7466 0 0 0 1 
				8
				-0.133221 0.43212 0.891922 5.43624 0.339361 -0.825652 0.450702 -1.42778 0.931174 0.362727 -0.0366503 -12.5304 0 0 0 1 
				9
				-0.153678 0.427552 0.890832 5.35938 0.408052 -0.793619 0.451289 -0.872836 0.899931 0.432859 -0.0525017 -12.1945 0 0 0 1 
				10
				-0.165243 0.410729 0.896658 5.31902 0.49078 -0.754353 0.435989 -0.286803 0.855471 0.512106 -0.0769265 -11.7858 0 0 0 1 
				11
				-0.167616 0.38715 0.906653 5.32446 0.580248 -0.704753 0.408209 0.321152 0.797005 0.594506 -0.106515 -11.3489 0 0 0 1 
				12
