<?xml version='1.0' encoding='UTF-8' ?>
<itpanim>
	<skeleton count>
		37
			0 -1
			1.37091e-06 -1 -6.12323e-17 1e-06 1 1.37091e-06 -6.12323e-17 -1.37225e-12 6.12323e-17 -6.12323e-17 1 21.9617 0 0 0 1 
			1 0
			1.3868e-06 -2.28068e-12 -1 -21.9617 2.75771e-06 -1 6.10495e-12 1.00008e-06 -1 -2.75771e-06 -1.3868e-06 -3.04564e-05 0 0 0 1 
			2 1
			-0.000205999 -0.000823318 -1 -24.8731 -1.2413e-06 -1 0.000823318 0.0257198 -1 1.41091e-06 0.000205998 0.00512379 0 0 0 1 
			3 2
			-0.000383999 -0.00100932 -0.999999 -31.4555 -1.03656e-06 -0.999999 0.00100932 0.036812 -1 1.42414e-06 0.000383997 0.0107229 0 0 0 1 
			4 3
			-0.000383999 -0.00100932 -0.999999 -38.038 -1.03656e-06 -0.999999 0.00100932 0.0388247 -1 1.42414e-06 0.000383997 0.0107229 0 0 0 1 
			5 4
			1.34309e-06 9.82436e-13 -1 -40.5657 -1.40269e-06 -1 -2.86637e-12 -0.00211895 -1 1.40269e-06 -1.34309e-06 -0.00490874 0 0 0 1 
			6 5
			1 -0 0 0 0 1 0 0 -0 -0 1 -0 0 0 0 1 
			7 4
			0.950432 6.75818e-05 0.310933 10.539 -1.42282e-06 1 -0.000213002 -0.00652172 -0.310933 0.000202002 0.950432 36.5745 0 0 0 1 
			8 7
			0.476976 0.0235788 0.8786 28.6752 0.0457762 0.997617 -0.0516239 -2.17945 -0.877723 0.0648423 0.47476 23.1227 0 0 0 1 
			9 8
			0.476835 0.0205561 0.878752 22.2236 0.0472212 0.997684 -0.0489616 -2.11213 -0.877724 0.0648423 0.47476 23.1227 0 0 0 1 
			10 9
			0.476835 0.0205561 0.878752 15.4032 -0.877686 0.0656367 0.474721 23.121 -0.04792 -0.997632 0.0493396 2.13054 0 0 0 1 
			11 10
			1 -0 0 0 0 1 0 0 -0 -0 1 -0 0 0 0 1 
			12 11
			1 -0 0 0 0 1 0 0 -0 -0 1 -0 0 0 0 1 
			13 12
			1 -0 0 0 0 1 0 0 -0 -0 1 -0 0 0 0 1 
			14 10
			1 -0 0 0 0 1 0 0 -0 -0 1 -0 0 0 0 1 
			15 14
			1 -0 0 0 0 1 0 0 -0 -0 1 -0 0 0 0 1 
			16 15
			1 -0 0 0 0 1 0 0 -0 -0 1 -0 0 0 0 1 
			17 4
			-0.950193 6.50589e-05 0.311663 10.5594 -1.39561e-06 1 -0.000213002 -0.00652172 -0.311663 -0.000202828 -0.950193 -36.5678 0 0 0 1 
			18 17
			-0.476976 0.0235775 0.8786 28.6676 -0.045779 0.997617 -0.0516239 -2.17948 -0.877723 -0.0648447 -0.47476 -23.1259 0 0 0 1 
			19 18
			-0.476835 0.0205548 0.878752 22.216 -0.0472239 0.997684 -0.0489616 -2.11218 -0.877723 -0.0648447 -0.47476 -23.1259 0 0 0 1 
			20 19
			-0.476835 0.0205547 0.878752 15.3956 0.877685 0.0656391 0.474721 23.1242 -0.0479228 0.997632 -0.0493396 -2.13059 0 0 0 1 
			21 20
			1 -0 0 0 0 1 0 0 -0 -0 1 -0 0 0 0 1 
			22 21
			1 -0 0 0 0 1 0 0 -0 -0 1 -0 0 0 0 1 
			23 22
			1 -0 0 0 0 1 0 0 -0 -0 1 -0 0 0 0 1 
			24 20
			1 -0 0 0 0 1 0 0 -0 -0 1 -0 0 0 0 1 
			25 24
			1 -0 0 0 0 1 0 0 -0 -0 1 -0 0 0 0 1 
			26 25
			1 -0 0 0 0 1 0 0 -0 -0 1 -0 0 0 0 1 
			27 2
			1.37369e-06 -0.0998331 0.995004 21.852 0 -0.995004 -0.0998331 -2.1925 1 1.3714e-07 -1.36683e-06 -4.26131 0 0 0 1 
			28 27
			1.37369e-06 0.0998335 0.995004 12.303 0 -0.995004 0.0998335 0.256849 1 -1.3714e-07 -1.36683e-06 -4.26131 0 0 0 1 
			29 28
			1.3716e-06 -6.00745e-14 1 2.57273 0 -1 -6.00745e-14 4.22662e-06 1 8.23984e-20 -1.3716e-06 -4.26131 0 0 0 1 
			30 29
			1.3723e-06 -1 -6.00133e-14 -5.50713 0 6.00133e-14 -1 -0.331805 1 1.3723e-06 8.23562e-20 -4.26131 0 0 0 1 
			31 30
			1 -0 0 0 0 1 0 0 -0 -0 1 -0 0 0 0 1 
			32 2
			1.37369e-06 -0.0998331 0.995004 21.852 0 -0.995004 -0.0998331 -2.1925 1 1.3714e-07 -1.36683e-06 4.26131 0 0 0 1 
			33 32
			1.37369e-06 0.0998335 0.995004 12.303 0 -0.995004 0.0998335 0.256849 1 -1.3714e-07 -1.36683e-06 4.26131 0 0 0 1 
			34 33
			1.3716e-06 -6.00745e-14 1 2.57273 0 -1 -6.00745e-14 4.22662e-06 1 8.23984e-20 -1.3716e-06 4.26131 0 0 0 1 
			35 34
			1.3723e-06 -1 -6.00133e-14 -5.50713 0 6.00133e-14 -1 -0.331804 1 1.3723e-06 8.23562e-20 4.26131 0 0 0 1 
			36 35
			1 -0 0 0 0 1 0 0 -0 -0 1 -0 0 0 0 1 
	</skeleton>
		<animations>
			49
			0
				-1
				0.573578 0.819151 -5.04841e-33 -2.08697e-07 -0.819151 0.573578 -3.53494e-33 -5.65 -0 6.16298e-33 1 -18.212 0 0 0 1 
				0
				0.563311 0.826245 0 0.00423883 -0.826245 0.563311 0 -5.47047 -0 -0 1 -18.5176 0 0 0 1 
				1
				0.553318 0.83297 0 0.0158763 -0.83297 0.553318 0 -5.29679 -0 -0 1 -18.8414 0 0 0 1 
				2
				0.543522 0.839395 -1.52625e-33 0.033184 -0.839395 0.543522 1.36961e-32 -5.12759 1.2326e-32 -6.16298e-33 1 -19.1792 0 0 0 1 
				3
				0.533846 0.845581 -1.36887e-33 0.0544336 -0.845581 0.533846 1.37127e-32 -4.9615 1.2326e-32 -6.16298e-33 1 -19.5267 0 0 0 1 
				4
				0.524213 0.851587 0 0.0779513 -0.851587 0.524213 0 -4.79721 -0 -0 1 -19.8798 0 0 0 1 
				5
				0.514543 0.857465 0 0.102063 -0.857465 0.514543 0 -4.63338 -0 -0 1 -20.2343 0 0 0 1 
				6
				0.504749 0.863266 0 0.125041 -0.863266 0.504749 0 -4.46866 -0 -0 1 -20.5861 0 0 0 1 
				7
				0.494744 0.869039 -2.30677e-33 0.145157 -0.869039 0.494744 -8.40496e-33 -4.30167 -6.16298e-33 6.16298e-33 1 -20.9308 0 0 0 1 
				8
				0.484441 0.874824 0 0.160736 -0.874824 0.484441 0 -4.13111 -0 -0 1 -21.2643 0 0 0 1 
				9
				0.473751 0.880659 -2.50776e-33 0.170105 -0.880659 0.473751 -8.3472e-33 -3.95563 -6.16298e-33 6.16298e-33 1 -21.5825 0 0 0 1 
				10
				0.46258 0.886578 0 0.171537 -0.886578 0.46258 0 -3.77389 -0 -0 1 -21.8812 0 0 0 1 
				11
				0.45083 0.89261 0 0.163301 -0.89261 0.45083 0 -3.58451 -0 -0 1 -22.156 0 0 0 1 
				12
				0.438406 0.898777 2.70189e-33 0.143726 -0.898777 0.438406 -5.53914e-33 -3.38617 -6.16298e-33 -0 1 -22.4029 0 0 0 1 
				13
				0.42521 0.905095 -3.126e-33 0.111136 -0.905095 0.42521 -1.5087e-32 -3.17755 -1.2326e-32 9.24446e-33 1 -22.6176 0 0 0 1 
				14
				0.411137 0.911574 -5.61801e-33 0.0638031 -0.911574 0.411137 -2.53383e-33 -2.95728 -0 6.16298e-33 1 -22.7961 0 0 0 1 
				15
				0.396081 0.918216 0 -1.1907e-07 -0.918216 0.396081 0 -2.72401 -0 -0 1 -22.9339 0 0 0 1 
				16
				0.37925 0.925294 3.64667e-33 -0.130142 -0.925294 0.37925 -2.51476e-32 -2.4277 -2.46519e-32 6.16298e-33 1 -22.9454 0 0 0 1 
				17
				0.360002 0.932951 0 -0.35382 -0.932951 0.360002 0 -2.04209 -0 -0 1 -22.7802 0 0 0 1 
				18
				0.338481 0.940973 2.8996e-33 -0.636467 -0.940973 0.338481 1.04302e-33 -1.60378 -0 -3.08149e-33 1 -22.4911 0 0 0 1 
				19
				0.314834 0.949147 9.55843e-34 -0.943519 -0.949147 0.314834 -1.26693e-32 -1.1494 -1.2326e-32 3.08149e-33 1 -22.1306 0 0 0 1 
				20
				0.289214 0.957265 2.9498e-33 -1.2415 -0.957265 0.289214 8.91208e-34 -0.714397 -0 -3.08149e-33 1 -21.7497 0 0 0 1 
				21
				0.261783 0.965127 0 -1.49693 -0.965127 0.261783 0 -0.334246 -0 -0 1 -21.3994 0 0 0 1 
				22
				0.232721 0.972544 0 -1.67525 -0.972544 0.232721 0 -0.0455613 -0 -0 1 -21.1322 0 0 0 1 
				23
				0.202219 0.97934 0 -1.74188 -0.97934 0.202219 0 0.115042 -0 -0 1 -21.0008 0 0 0 1 
				24
				0.170793 0.985307 -1.51811e-33 -1.73597 -0.985307 0.170793 -2.63148e-34 0.192837 -0 1.54074e-33 1 -20.959 0 0 0 1 
				25
				0.138864 0.990311 1.52582e-33 -1.7187 -0.990311 0.138864 2.13953e-34 0.256568 -0 -1.54074e-33 1 -20.9273 0 0 0 1 
				26
				0.106482 0.994315 5.46495e-34 -1.69084 -0.994315 0.106482 -1.23379e-32 0.307186 -1.2326e-32 7.70372e-34 1 -20.9051 0 0 0 1 
				27
				0.0737001 0.99728 1.40148e-34 -1.65317 -0.99728 0.0737001 -1.23492e-32 0.345642 -1.2326e-32 7.70372e-34 1 -20.8917 0 0 0 1 
				28
				0.0405741 0.999177 -3.84869e-34 -1.60643 -0.999177 0.0405741 -1.56286e-35 0.372858 -0 3.85186e-34 1 -20.8864 0 0 0 1 
				29
				0.00715985 0.999974 0 -1.55136 -0.999974 0.00715985 0 0.389757 -0 -0 1 -20.8885 0 0 0 1 
				30
				-0.026483 0.999649 1.92525e-34 -1.48873 -0.999649 -0.026483 -5.10043e-36 0.397288 -0 -1.92593e-34 1 -20.8974 0 0 0 1 
				31
				-0.0602941 0.998181 0 -1.41931 -0.998181 -0.0602941 -0 0.396405 -0 -0 1 -20.9124 0 0 0 1 
				32
				-0.0942125 0.995552 -7.66945e-34 -1.34384 -0.995552 -0.0942125 7.25787e-35 0.388029 -0 7.70372e-34 1 -20.9327 0 0 0 1 
				33
				-0.128175 0.991752 -1.52804e-33 -1.26307 -0.991752 -0.128175 1.97485e-34 0.373081 -0 1.54074e-33 1 -20.9578 0 0 0 1 
				34
				-0.162119 0.986771 1.52036e-33 -1.17775 -0.986771 -0.162119 -2.49784e-34 0.352513 -0 -1.54074e-33 1 -20.987 0 0 0 1 
				35
				-0.195981 0.980608 0 -1.08868 -0.980608 -0.195981 -0 0.327277 -0 -0 1 -21.0195 0 0 0 1 
				36
				-0.229695 0.973263 0 -0.996573 -0.973263 -0.229695 -0 0.298294 -0 -0 1 -21.0547 0 0 0 1 
				37
				-0.263201 0.964741 0 -0.90219 -0.964741 -0.263201 -0 0.266486 -0 -0 1 -21.092 0 0 0 1 
				38
				-0.296434 0.955053 2.94299e-33 -0.806295 -0.955053 -0.296434 -9.13459e-34 0.232805 -0 -3.08149e-33 1 -21.1306 0 0 0 1 
				39
				-0.329333 0.944214 -4.05935e-33 -0.709655 -0.944214 -0.329333 -1.16383e-32 0.198202 -1.2326e-32 -0 1 -21.1699 0 0 0 1 
				40
				-0.361837 0.932241 -1.58729e-33 -0.613016 -0.932241 -0.361837 -1.26058e-32 0.1636 -1.2326e-32 -3.08149e-33 1 -21.2092 0 0 0 1 
				41
				-0.393886 0.919159 -2.02265e-33 -0.517121 -0.919159 -0.393886 -1.25433e-32 0.129919 -1.2326e-32 -3.08149e-33 1 -21.2478 0 0 0 1 
				42
				-0.425424 0.904994 0 -0.422738 -0.904994 -0.425424 -0 0.0981112 -0 -0 1 -21.285 0 0 0 1 
				43
				-0.456393 0.889778 5.48368e-33 -0.330635 -0.889778 -0.456393 -2.81274e-33 0.0691284 -0 -6.16298e-33 1 -21.3202 0 0 0 1 
				44
				-0.486743 0.873546 0 -0.241556 -0.873546 -0.486743 -0 0.0438922 -0 -0 1 -21.3528 0 0 0 1 
				45
				-0.516421 0.856335 0 -0.156245 -0.856335 -0.516421 -0 0.0233243 -0 -0 1 -21.3819 0 0 0 1 
				46
				-0.54538 0.838189 -8.5269e-33 -0.0754703 -0.838189 -0.54538 -1.80458e-33 0.0083764 -6.16298e-33 6.16298e-33 1 -21.407 0 0 0 1 
				47
				-0.573575 0.819153 -2.02144e-33 3.83636e-08 -0.819153 -0.573575 -1.36318e-32 1.31205e-15 -1.2326e-32 -6.16298e-33 1 -21.4274 0 0 0 1 
		</Joint>
			1
				-1
				1.33158e-06 0.573579 -0.819151 -2.08697e-07 0 -0.819151 -0.573579 -5.65 -1 7.63766e-07 -1.09077e-06 -18.212 0 0 0 1 
				0
				1.33158e-06 0.563313 -0.826244 0.00423883 0 -0.826244 -0.563313 -5.47047 -1 7.50096e-07 -1.10021e-06 -18.5176 0 0 0 1 
				1
				1.33158e-06 0.553319 -0.83297 0.0158763 0 -0.83297 -0.553319 -5.29679 -1 7.36789e-07 -1.10917e-06 -18.8414 0 0 0 1 
				2
				1.33158e-06 0.543523 -0.839394 0.033184 0 -0.839394 -0.543523 -5.12759 -1 7.23745e-07 -1.11772e-06 -19.1792 0 0 0 1 
				3
				1.33158e-06 0.533847 -0.845581 0.0544336 0 -0.845581 -0.533847 -4.9615 -1 7.10861e-07 -1.12596e-06 -19.5267 0 0 0 1 
				4
				1.33158e-06 0.524215 -0.851586 0.0779513 0 -0.851586 -0.524215 -4.79721 -1 6.98034e-07 -1.13396e-06 -19.8798 0 0 0 1 
				5
				1.33158e-06 0.514544 -0.857464 0.102063 0 -0.857464 -0.514544 -4.63338 -1 6.85156e-07 -1.14178e-06 -20.2343 0 0 0 1 
				6
				1.33158e-06 0.50475 -0.863266 0.125041 0 -0.863266 -0.50475 -4.46866 -1 6.72115e-07 -1.14951e-06 -20.5861 0 0 0 1 
				7
				1.33158e-06 0.494745 -0.869038 0.145157 0 -0.869038 -0.494745 -4.30167 -1 6.58793e-07 -1.15719e-06 -20.9308 0 0 0 1 
				8
				1.33158e-06 0.484443 -0.874823 0.160736 0 -0.874823 -0.484443 -4.13111 -1 6.45075e-07 -1.1649e-06 -21.2643 0 0 0 1 
				9
				1.33158e-06 0.473753 -0.880658 0.170105 0 -0.880658 -0.473753 -3.95563 -1 6.3084e-07 -1.17267e-06 -21.5825 0 0 0 1 
				10
				1.33158e-06 0.462581 -0.886577 0.171537 0 -0.886577 -0.462581 -3.77389 -1 6.15964e-07 -1.18055e-06 -21.8812 0 0 0 1 
				11
				1.33158e-06 0.450832 -0.892609 0.163301 0 -0.892609 -0.450832 -3.58451 -1 6.00319e-07 -1.18858e-06 -22.156 0 0 0 1 
				12
				1.33158e-06 0.438408 -0.898776 0.143726 0 -0.898776 -0.438408 -3.38617 -1 5.83775e-07 -1.19679e-06 -22.4029 0 0 0 1 
				13
				1.33158e-06 0.425211 -0.905094 0.111136 0 -0.905094 -0.425211 -3.17755 -1 5.66203e-07 -1.20521e-06 -22.6176 0 0 0 1 
				14
				1.33158e-06 0.411138 -0.911573 0.0638031 0 -0.911573 -0.411138 -2.95728 -1 5.47463e-07 -1.21383e-06 -22.7961 0 0 0 1 
				15
				1.33158e-06 0.396083 -0.918215 -1.1907e-07 0 -0.918215 -0.396083 -2.72401 -1 5.27416e-07 -1.22268e-06 -22.9339 0 0 0 1 
				16
				1.33158e-06 0.379251 -0.925294 -0.130142 0 -0.925294 -0.379251 -2.4277 -1 5.05004e-07 -1.2321e-06 -22.9454 0 0 0 1 
				17
				1.33158e-06 0.360004 -0.932951 -0.35382 0 -0.932951 -0.360004 -2.04209 -1 4.79374e-07 -1.2423e-06 -22.7802 0 0 0 1 
				18
				1.33158e-06 0.338482 -0.940973 -0.636467 0 -0.940973 -0.338482 -1.60378 -1 4.50716e-07 -1.25298e-06 -22.4911 0 0 0 1 
				19
				1.33158e-06 0.314835 -0.949146 -0.943519 0 -0.949146 -0.314835 -1.1494 -1 4.19228e-07 -1.26386e-06 -22.1306 0 0 0 1 
				20
				1.33158e-06 0.289215 -0.957264 -1.2415 0 -0.957264 -0.289215 -0.714397 -1 3.85113e-07 -1.27467e-06 -21.7497 0 0 0 1 
				21
				1.33158e-06 0.261784 -0.965127 -1.49693 0 -0.965127 -0.261784 -0.334246 -1 3.48586e-07 -1.28514e-06 -21.3994 0 0 0 1 
				22
				1.33158e-06 0.232722 -0.972543 -1.67525 0 -0.972543 -0.232722 -0.0455613 -1 3.09888e-07 -1.29502e-06 -21.1322 0 0 0 1 
				23
				1.33158e-06 0.20222 -0.97934 -1.74188 0 -0.97934 -0.20222 0.115042 -1 2.69273e-07 -1.30407e-06 -21.0008 0 0 0 1 
				24
				1.33158e-06 0.170794 -0.985307 -1.73597 0 -0.985307 -0.170794 0.192837 -1 2.27427e-07 -1.31202e-06 -20.959 0 0 0 1 
				25
				1.33158e-06 0.138865 -0.990311 -1.7187 0 -0.990311 -0.138865 0.256568 -1 1.8491e-07 -1.31868e-06 -20.9273 0 0 0 1 
				26
				1.33158e-06 0.106483 -0.994315 -1.69084 0 -0.994315 -0.106483 0.307186 -1 1.41791e-07 -1.32401e-06 -20.9051 0 0 0 1 
				27
				1.33158e-06 0.0737015 -0.99728 -1.65317 0 -0.99728 -0.0737015 0.345642 -1 9.81394e-08 -1.32796e-06 -20.8917 0 0 0 1 
				28
				1.33158e-06 0.0405754 -0.999176 -1.60643 0 -0.999176 -0.0405754 0.372858 -1 5.40295e-08 -1.33048e-06 -20.8864 0 0 0 1 
				29
				1.33158e-06 0.00716118 -0.999974 -1.55136 0 -0.999974 -0.00716118 0.389757 -1 9.53569e-09 -1.33155e-06 -20.8885 0 0 0 1 
				30
				1.33158e-06 -0.0264816 -0.999649 -1.48873 0 -0.999649 0.0264816 0.397288 -1 -3.52624e-08 -1.33111e-06 -20.8974 0 0 0 1 
				31
				1.33158e-06 -0.0602928 -0.998181 -1.41931 0 -0.998181 0.0602928 0.396405 -1 -8.02847e-08 -1.32916e-06 -20.9124 0 0 0 1 
				32
				1.33158e-06 -0.0942112 -0.995552 -1.34384 0 -0.995552 0.0942112 0.388029 -1 -1.2545e-07 -1.32566e-06 -20.9327 0 0 0 1 
				33
				1.33158e-06 -0.128174 -0.991752 -1.26307 0 -0.991752 0.128174 0.373081 -1 -1.70674e-07 -1.3206e-06 -20.9578 0 0 0 1 
				34
				1.33158e-06 -0.162118 -0.986771 -1.17775 0 -0.986771 0.162118 0.352513 -1 -2.15873e-07 -1.31397e-06 -20.987 0 0 0 1 
				35
				1.33158e-06 -0.195979 -0.980608 -1.08868 0 -0.980608 0.195979 0.327277 -1 -2.60962e-07 -1.30576e-06 -21.0195 0 0 0 1 
				36
				1.33158e-06 -0.229694 -0.973263 -0.996573 0 -0.973263 0.229694 0.298294 -1 -3.05856e-07 -1.29598e-06 -21.0547 0 0 0 1 
				37
				1.33158e-06 -0.2632 -0.964741 -0.90219 0 -0.964741 0.2632 0.266486 -1 -3.50472e-07 -1.28463e-06 -21.092 0 0 0 1 
				38
				1.33158e-06 -0.296433 -0.955054 -0.806295 0 -0.955054 0.296433 0.232805 -1 -3.94724e-07 -1.27173e-06 -21.1306 0 0 0 1 
				39
				1.33158e-06 -0.329332 -0.944214 -0.709655 0 -0.944214 0.329332 0.198202 -1 -4.38532e-07 -1.2573e-06 -21.1699 0 0 0 1 
				40
				1.33158e-06 -0.361836 -0.932242 -0.613016 0 -0.932242 0.361836 0.1636 -1 -4.81813e-07 -1.24136e-06 -21.2092 0 0 0 1 
				41
				1.33158e-06 -0.393885 -0.91916 -0.517121 0 -0.91916 0.393885 0.129919 -1 -5.2449e-07 -1.22394e-06 -21.2478 0 0 0 1 
				42
				1.33158e-06 -0.425422 -0.904995 -0.422738 0 -0.904995 0.425422 0.0981112 -1 -5.66484e-07 -1.20507e-06 -21.285 0 0 0 1 
				43
				1.33158e-06 -0.456392 -0.889779 -0.330635 0 -0.889779 0.456392 0.0691284 -1 -6.07723e-07 -1.18481e-06 -21.3202 0 0 0 1 
				44
				1.33158e-06 -0.486742 -0.873546 -0.241556 0 -0.873546 0.486742 0.0438922 -1 -6.48136e-07 -1.1632e-06 -21.3528 0 0 0 1 
				45
				1.33158e-06 -0.51642 -0.856336 -0.156245 0 -0.856336 0.51642 0.0233243 -1 -6.87654e-07 -1.14028e-06 -21.3819 0 0 0 1 
				46
				1.33158e-06 -0.545379 -0.83819 -0.0754703 0 -0.83819 0.545379 0.0083764 -1 -7.26216e-07 -1.11612e-06 -21.407 0 0 0 1 
				47
				1.33158e-06 -0.573574 -0.819154 3.83636e-08 0 -0.819154 0.573574 1.31205e-15 -1 -7.6376e-07 -1.09077e-06 -21.4274 0 0 0 1 
		</Joint>
			2
				-1
				0.100159 0.698444 -0.708621 -0.0036556 -0.142798 -0.694739 -0.704945 -5.64636 -0.984671 0.171796 0.0301521 -21.1243 0 0 0 1 
				0
				0.0902525 0.700587 -0.707837 0.000572319 -0.133412 -0.695827 -0.70571 -5.46683 -0.986943 0.158126 0.0306667 -21.4298 0 0 0 1 
				1
				0.0798384 0.705035 -0.704664 0.0121866 -0.122494 -0.694624 -0.708867 -5.29315 -0.989253 0.142912 0.0309046 -21.7536 0 0 0 1 
				2
				0.0690079 0.711155 -0.69964 0.0294618 -0.110404 -0.69156 -0.713831 -5.12397 -0.991488 0.126503 0.0307916 -22.0913 0 0 0 1 
				3
				0.0578639 0.718321 -0.693301 0.0506737 -0.0974998 -0.687079 -0.720012 -4.9579 -0.993552 0.109259 0.0302791 -22.4387 0 0 0 1 
				4
				0.0465245 0.725948 -0.686174 0.0741517 -0.0841133 -0.681631 -0.726845 -4.79364 -0.995369 0.0915325 0.0293493 -22.7917 0 0 0 1 
				5
				0.0351295 0.733479 -0.678804 0.098224 -0.0705657 -0.675707 -0.733785 -4.62984 -0.996888 0.0736778 0.0280212 -23.1462 0 0 0 1 
				6
				0.0238475 0.740375 -0.671771 0.121166 -0.0571732 -0.669853 -0.74029 -4.46515 -0.998079 0.0560614 0.0263552 -23.4978 0 0 0 1 
				7
				0.0128718 0.746132 -0.665674 0.141251 -0.0442342 -0.664653 -0.745842 -4.29819 -0.998938 0.0390459 0.0244493 -23.8425 0 0 0 1 
				8
				0.00240756 0.750293 -0.661101 0.156809 -0.0320231 -0.660707 -0.749961 -4.12765 -0.999484 0.0229761 0.022436 -24.1759 0 0 0 1 
				9
				-0.00732756 0.752419 -0.658644 0.166167 -0.0208016 -0.658634 -0.752176 -3.95218 -0.999757 0.00818921 0.0204777 -24.494 0 0 0 1 
				10
				-0.0161032 0.752058 -0.6589 0.1676 -0.0108311 -0.659078 -0.751997 -3.77044 -0.999812 -0.00497294 0.0187588 -24.7926 0 0 0 1 
				11
				-0.0236938 0.748739 -0.662441 0.159382 -0.00237128 -0.662667 -0.74891 -3.58104 -0.999717 -0.0161737 0.0174766 -25.0674 0 0 0 1 
				12
				-0.0298997 0.741961 -0.669776 0.139842 0.00431793 -0.669973 -0.742372 -3.38266 -0.999544 -0.0250887 0.0168282 -25.3142 0 0 0 1 
				13
				-0.0345516 0.731147 -0.681344 0.107309 0.00895893 -0.681497 -0.731766 -3.17398 -0.999363 -0.0313878 0.0169965 -25.5289 0 0 0 1 
				14
				-0.037522 0.715599 -0.697503 0.0600577 0.0112369 -0.697648 -0.716352 -2.95363 -0.999233 -0.0347167 0.0181361 -25.7073 0 0 0 1 
				15
				-0.0387548 0.694476 -0.718472 -0.00363483 0.0107951 -0.718679 -0.695258 -2.72024 -0.99919 -0.0347006 0.0203554 -25.8452 0 0 0 1 
				16
				-0.0348607 0.653448 -0.756168 -0.133562 -0.000119957 -0.756631 -0.653843 -2.42374 -0.999392 -0.0227027 0.026455 -25.8567 0 0 0 1 
				17
				-0.0258185 0.58106 -0.813451 -0.35686 -0.0266225 -0.813834 -0.580488 -2.03783 -0.999312 0.00666883 0.0364812 -25.6917 0 0 0 1 
				18
				-0.0170996 0.482249 -0.875867 -0.63899 -0.0644751 -0.874704 -0.480349 -1.5992 -0.997773 0.0482579 0.0460501 -25.4028 0 0 0 1 
				19
				-0.0130685 0.365374 -0.930769 -0.945429 -0.108386 -0.925882 -0.361933 -1.14455 -0.994023 0.096152 0.0517012 -25.0426 0 0 0 1 
				20
				-0.015722 0.242321 -0.970069 -1.24276 -0.152307 -0.959447 -0.237199 -0.709372 -0.988208 0.144019 0.0519917 -24.6619 0 0 0 1 
				21
				-0.0243093 0.127326 -0.991563 -1.49759 -0.190032 -0.97436 -0.120458 -0.329143 -0.981477 0.1855 0.0478819 -24.3118 0 0 0 1 
				22
				-0.03553 0.0351313 -0.998751 -1.67542 -0.215825 -0.976068 -0.0266556 -0.0404489 -0.975785 0.214609 0.0422619 -24.0448 0 0 0 1 
				23
				-0.0446762 -0.0209207 -0.998783 -1.74177 -0.224889 -0.973908 0.0304592 0.120143 -0.97336 0.225976 0.0388057 -23.9134 0 0 0 1 
				24
				-0.0509763 -0.053361 -0.997273 -1.73568 -0.223376 -0.972664 0.0634622 0.197932 -0.973399 0.226002 0.0376633 -23.8716 0 0 0 1 
				25
				-0.0566503 -0.0824783 -0.994981 -1.71826 -0.220254 -0.970996 0.0930305 0.261653 -0.973796 0.224418 0.0368411 -23.84 0 0 0 1 
				26
				-0.0616086 -0.108517 -0.992184 -1.69027 -0.215667 -0.969141 0.119388 0.312262 -0.974522 0.221336 0.036304 -23.8178 0 0 0 1 
				27
				-0.0657861 -0.131724 -0.989101 -1.65248 -0.209756 -0.967274 0.142768 0.350708 -0.975538 0.216862 0.0360033 -23.8043 0 0 0 1 
				28
				-0.069136 -0.152341 -0.985907 -1.60563 -0.202656 -0.965521 0.163402 0.377915 -0.976806 0.211097 0.0358794 -23.799 0 0 0 1 
				29
				-0.0716292 -0.170606 -0.982732 -1.55046 -0.194497 -0.963961 0.181523 0.394805 -0.978284 0.204141 0.0358654 -23.8011 0 0 0 1 
				30
				-0.0732543 -0.186757 -0.979671 -1.48775 -0.185406 -0.962636 0.197373 0.402329 -0.979928 0.196095 0.0358915 -23.8099 0 0 0 1 
				31
				-0.0740138 -0.201026 -0.976786 -1.41825 -0.175508 -0.961559 0.211191 0.40144 -0.981692 0.187065 0.035887 -23.8248 0 0 0 1 
				32
				-0.0739182 -0.213633 -0.974114 -1.34272 -0.164923 -0.960717 0.223209 0.393059 -0.983533 0.177153 0.0357816 -23.8451 0 0 0 1 
				33
				-0.0729875 -0.224789 -0.97167 -1.26188 -0.153767 -0.960083 0.233658 0.378108 -0.985408 0.166465 0.0355091 -23.8702 0 0 0 1 
				34
				-0.0712538 -0.234707 -0.969451 -1.17652 -0.142158 -0.959611 0.242773 0.357537 -0.987276 0.155113 0.0350104 -23.8993 0 0 0 1 
				35
				-0.068756 -0.243597 -0.967436 -1.0874 -0.130211 -0.959245 0.250788 0.332299 -0.989099 0.143214 0.0342348 -23.9317 0 0 0 1 
				36
				-0.0655371 -0.251656 -0.965595 -0.995251 -0.11804 -0.958926 0.257929 0.303315 -0.990844 0.130883 0.0331398 -23.9669 0 0 0 1 
				37
				-0.0616455 -0.259079 -0.963887 -0.900829 -0.105755 -0.958592 0.264419 0.271505 -0.99248 0.118236 0.031694 -24.0041 0 0 0 1 
				38
				-0.0571381 -0.266066 -0.96226 -0.804898 -0.0934706 -0.958175 0.270487 0.237822 -0.993981 0.105398 0.0298789 -24.0426 0 0 0 1 
				39
				-0.0520758 -0.272819 -0.960655 -0.708223 -0.0812987 -0.957609 0.276361 0.203216 -0.995329 0.0924917 0.0276885 -24.0818 0 0 0 1 
				40
				-0.0465223 -0.279529 -0.959009 -0.611549 -0.0693484 -0.956829 0.282258 0.168609 -0.996507 0.079637 0.025129 -24.121 0 0 0 1 
				41
				-0.0405456 -0.286391 -0.957254 -0.515618 -0.0577269 -0.95577 0.288393 0.134922 -0.997509 0.0669524 0.0222198 -24.1596 0 0 0 1 
				42
				-0.0342201 -0.293607 -0.955314 -0.421197 -0.0465432 -0.954368 0.294984 0.103107 -0.99833 0.0545577 0.0189932 -24.1968 0 0 0 1 
				43
				-0.0276246 -0.30138 -0.953104 -0.329054 -0.035904 -0.952553 0.302247 0.0741149 -0.998973 0.0425697 0.0154932 -24.2319 0 0 0 1 
				44
				-0.0208411 -0.309908 -0.950538 -0.23993 -0.0259096 -0.950258 0.310385 0.0488665 -0.999447 0.0310968 0.0117749 -24.2644 0 0 0 1 
				45
				-0.0139572 -0.319388 -0.947521 -0.154569 -0.0166563 -0.947408 0.319595 0.0282837 -0.999764 0.0202429 0.00790331 -24.2935 0 0 0 1 
				46
				-0.00706718 -0.330025 -0.943946 -0.0737393 -0.00823986 -0.943918 0.330077 0.0133174 -0.999941 0.0101107 0.00395148 -24.3185 0 0 0 1 
				47
				-0.000271969 -0.342021 -0.939692 0.00179379 -0.000750183 -0.939692 0.342021 0.00491878 -1 0.00079796 -1.01208e-06 -24.3388 0 0 0 1 
		</Joint>
			3
				-1
				0.220011 0.783304 -0.581404 0.651525 -0.261163 -0.526954 -0.808773 -6.58355 -0.939888 0.32978 0.0886339 -27.6076 0 0 0 1 
				0
				0.200966 0.797444 -0.568943 0.590472 -0.243629 -0.521857 -0.817503 -6.34227 -0.948819 0.302901 0.0894048 -27.9279 0 0 0 1 
				1
				0.180617 0.814702 -0.551034 0.533446 -0.223108 -0.511707 -0.829686 -6.09678 -0.957915 0.272796 0.0893438 -28.2667 0 0 0 1 
				2
				0.158986 0.833762 -0.528739 0.47933 -0.200444 -0.497138 -0.844201 -5.84809 -0.966719 0.240199 0.0880844 -28.6189 0 0 0 1 
				3
				0.136173 0.853386 -0.50318 0.427085 -0.176453 -0.478897 -0.859955 -5.59718 -0.974844 0.20589 0.08537 -28.9798 0 0 0 1 
				4
				0.11237 0.872497 -0.475523 0.375823 -0.151891 -0.457848 -0.875959 -5.34491 -0.981989 0.170659 0.0810755 -29.3445 0 0 0 1 
				5
				0.0878779 0.890192 -0.447031 0.324795 -0.127453 -0.435031 -0.891349 -5.09205 -0.987944 0.135305 0.0752281 -29.7088 0 0 0 1 
				6
				0.0631099 0.905751 -0.419085 0.273393 -0.103781 -0.41169 -0.905396 -4.83933 -0.992596 0.100632 0.068018 -30.0681 0 0 0 1 
				7
				0.0385753 0.918673 -0.393132 0.221164 -0.0814223 -0.389227 -0.917536 -4.58732 -0.995933 0.067404 0.0597859 -30.4182 0 0 0 1 
				8
				0.0148381 0.928671 -0.370607 0.167789 -0.0608163 -0.369124 -0.927388 -4.3365 -0.998039 0.0362997 0.0510013 -30.7551 0 0 0 1 
				9
				-0.00749615 0.935612 -0.352951 0.11303 -0.0423181 -0.352942 -0.934688 -4.08726 -0.999076 0.00792967 0.042239 -31.0749 0 0 0 1 
				10
				-0.0277893 0.939426 -0.341623 0.0566785 -0.0262276 -0.342322 -0.939217 -3.83994 -0.99927 -0.0171403 0.0341518 -31.3737 0 0 0 1 
				11
				-0.0454164 0.940038 -0.338032 -0.00150752 -0.0128069 -0.338901 -0.940735 -3.59487 -0.998886 -0.0383956 0.0274307 -31.6477 0 0 0 1 
				12
				-0.0598143 0.937254 -0.343479 -0.0618825 -0.00231337 -0.344224 -0.938885 -3.35243 -0.998207 -0.0553642 0.0227577 -31.8933 0 0 0 1 
				13
				-0.070495 0.930611 -0.359157 -0.125003 0.00493703 -0.359723 -0.933046 -3.11312 -0.9975 -0.0675482 0.0207642 -32.1068 0 0 0 1 
				14
				-0.0770682 0.919208 -0.386156 -0.191746 0.00849882 -0.386688 -0.922171 -2.87764 -0.99699 -0.0743519 0.0219891 -32.2843 0 0 0 1 
				15
				-0.0793162 0.90156 -0.425323 -0.263461 0.00774504 -0.426097 -0.904645 -2.64695 -0.99682 -0.0750471 0.0268137 -32.4219 0 0 0 1 
				16
				-0.0683533 0.858812 -0.507711 -0.36753 -0.0107187 -0.509504 -0.860402 -2.42186 -0.997604 -0.0533693 0.0440316 -32.4348 0 0 0 1 
				17
				-0.0446241 0.76553 -0.641851 -0.53082 -0.0581518 -0.643392 -0.763325 -2.2097 -0.99731 0.00326218 0.0732277 -32.2696 0 0 0 1 
				18
				-0.0241881 0.614612 -0.788459 -0.754768 -0.129856 -0.783939 -0.607105 -2.01949 -0.991238 0.0877011 0.0987728 -31.971 0 0 0 1 
				19
				-0.0205043 0.415863 -0.909196 -1.03363 -0.215292 -0.88989 -0.402176 -1.85332 -0.976334 0.187496 0.107778 -31.5866 0 0 0 1 
				20
				-0.0388326 0.197666 -0.9795 -1.34729 -0.299314 -0.937531 -0.177331 -1.70701 -0.953364 0.286292 0.0955711 -31.1682 0 0 0 1 
				21
				-0.074012 -0.00257874 -0.997254 -1.65759 -0.367096 -0.92971 0.0296484 -1.57514 -0.927234 0.368282 0.067863 -30.7742 0 0 0 1 
				22
				-0.112295 -0.1515 -0.982058 -1.9085 -0.40894 -0.893689 0.184629 -1.45642 -0.905626 0.422335 0.0384028 -30.47 0 0 0 1 
				23
				-0.137018 -0.226971 -0.964215 -2.03465 -0.421159 -0.867686 0.264097 -1.35562 -0.896577 0.442274 0.0232977 -30.3228 0 0 0 1 
				24
				-0.149005 -0.257283 -0.954779 -2.06988 -0.416716 -0.859293 0.296586 -1.26792 -0.896741 0.442065 0.0208252 -30.2813 0 0 0 1 
				25
				-0.158705 -0.281136 -0.946454 -2.08968 -0.409855 -0.853348 0.322205 -1.18368 -0.898238 0.439045 0.0202057 -30.2522 0 0 0 1 
				26
				-0.166089 -0.299188 -0.939628 -2.09424 -0.400865 -0.850094 0.341537 -1.10289 -0.900956 0.433389 0.0212571 -30.2347 0 0 0 1 
				27
				-0.171185 -0.312036 -0.934521 -2.08388 -0.389984 -0.849592 0.355115 -1.02554 -0.90477 0.425238 0.023748 -30.228 0 0 0 1 
				28
				-0.174058 -0.3202 -0.931223 -2.05903 -0.377404 -0.851759 0.363418 -0.951591 -0.909544 0.414703 0.0274106 -30.2309 0 0 0 1 
				29
				-0.174805 -0.32414 -0.929718 -2.02026 -0.363284 -0.8564 0.366883 -0.880967 -0.915133 0.401885 0.0319483 -30.2427 0 0 0 1 
				30
				-0.173555 -0.324278 -0.929904 -1.96824 -0.347759 -0.863226 0.36593 -0.813566 -0.921381 0.386891 0.037047 -30.2622 0 0 0 1 
				31
				-0.170455 -0.320994 -0.931616 -1.90376 -0.330944 -0.871883 0.360964 -0.749258 -0.928128 0.369841 0.0423858 -30.2887 0 0 0 1 
				32
				-0.165657 -0.314626 -0.934649 -1.82763 -0.312947 -0.881988 0.352365 -0.687908 -0.935212 0.350868 0.0476462 -30.321 0 0 0 1 
				33
				-0.159323 -0.305492 -0.938771 -1.74072 -0.293872 -0.893134 0.340516 -0.629368 -0.942473 0.330131 0.0525209 -30.3583 0 0 0 1 
				34
				-0.151628 -0.293917 -0.943728 -1.644 -0.273832 -0.904907 0.325822 -0.573461 -0.94975 0.307826 0.0567253 -30.3995 0 0 0 1 
				35
				-0.142749 -0.280222 -0.949262 -1.53851 -0.252948 -0.916906 0.308709 -0.519998 -0.956891 0.284182 0.0600054 -30.4439 0 0 0 1 
				36
				-0.132855 -0.264728 -0.955128 -1.42526 -0.231355 -0.928766 0.289603 -0.468805 -0.963755 0.259448 0.0621452 -30.4904 0 0 0 1 
				37
				-0.122115 -0.247769 -0.961092 -1.30531 -0.2092 -0.940159 0.268953 -0.419692 -0.970218 0.233904 0.0629741 -30.5382 0 0 0 1 
				38
				-0.110695 -0.229708 -0.966944 -1.1798 -0.186655 -0.950806 0.247242 -0.372457 -0.976169 0.207854 0.0623737 -30.5865 0 0 0 1 
				39
				-0.0987575 -0.210934 -0.972499 -1.0499 -0.163907 -0.96048 0.224972 -0.326892 -0.98152 0.181617 0.060281 -30.6344 0 0 0 1 
				40
				-0.0864467 -0.191841 -0.977611 -0.916773 -0.141156 -0.969027 0.202639 -0.282792 -0.986206 0.155513 0.0566896 -30.6813 0 0 0 1 
				41
				-0.0738988 -0.172847 -0.982172 -0.7816 -0.118612 -0.976351 0.180747 -0.239943 -0.990187 0.129855 0.0516494 -30.7263 0 0 0 1 
				42
				-0.0612428 -0.154403 -0.986108 -0.645639 -0.0965057 -0.982418 0.159819 -0.19811 -0.993447 0.104953 0.0452652 -30.7688 0 0 0 1 
				43
				-0.0485953 -0.13698 -0.989381 -0.510172 -0.0750729 -0.987249 0.140372 -0.157045 -0.995993 0.0810971 0.0376921 -30.808 0 0 0 1 
				44
				-0.03606 -0.121049 -0.991991 -0.37648 -0.0545486 -0.990919 0.122901 -0.116487 -0.99786 0.0585435 0.0291295 -30.8435 0 0 0 1 
				45
				-0.0237329 -0.107093 -0.993966 -0.24588 -0.0351679 -0.993541 0.107887 -0.0761476 -0.9991 0.0375162 0.0198133 -30.8746 0 0 0 1 
				46
				-0.0117059 -0.0956238 -0.995349 -0.119757 -0.0171715 -0.995251 0.0958163 -0.0357043 -0.999784 0.0182133 0.0100083 -30.9007 0 0 0 1 
				47
				-6.90265e-05 -0.0871571 -0.996195 0.000460385 -0.000795174 -0.996194 0.0871571 0.00520223 -1 0.000798165 -5.41232e-07 -30.9213 0 0 0 1 
		</Joint>
			4
				-1
				0.220011 0.783304 -0.581404 2.09815 -0.261163 -0.526954 -0.808773 -8.30158 -0.939888 0.32978 0.0886339 -33.795 0 0 0 1 
				0
				0.200966 0.797444 -0.568943 1.91171 -0.243629 -0.521857 -0.817503 -7.94489 -0.948819 0.302901 0.0894048 -34.1741 0 0 0 1 
				1
				0.180617 0.814702 -0.551034 1.7207 -0.223108 -0.511707 -0.829686 -7.56434 -0.957915 0.272796 0.0893438 -34.5726 0 0 0 1 
				2
				0.158986 0.833762 -0.528739 1.52417 -0.200444 -0.497138 -0.844201 -7.1665 -0.966719 0.240199 0.0880845 -34.9828 0 0 0 1 
				3
				0.136173 0.853386 -0.50318 1.32171 -0.176453 -0.478897 -0.859955 -6.7577 -0.974844 0.20589 0.08537 -35.397 0 0 0 1 
				4
				0.11237 0.872497 -0.475523 1.11374 -0.151891 -0.457848 -0.875959 -6.34379 -0.981989 0.170659 0.0810755 -35.8087 0 0 0 1 
				5
				0.0878779 0.890192 -0.447031 0.901452 -0.127453 -0.435031 -0.891349 -5.93013 -0.987944 0.135305 0.0752281 -36.2121 0 0 0 1 
				6
				0.0631098 0.905751 -0.419085 0.686987 -0.103781 -0.41169 -0.905396 -5.52163 -0.992596 0.100632 0.068018 -36.602 0 0 0 1 
				7
				0.0385753 0.918673 -0.393132 0.473233 -0.0814223 -0.389227 -0.917536 -5.12249 -0.995933 0.067404 0.0597859 -36.974 0 0 0 1 
				8
				0.0148381 0.928671 -0.370607 0.26359 -0.0608163 -0.369124 -0.927388 -4.73608 -0.998039 0.0362997 0.0510013 -37.3247 0 0 0 1 
				9
				-0.00749615 0.935611 -0.352951 0.0618043 -0.0423181 -0.352942 -0.934688 -4.3651 -0.999076 0.00792967 0.042239 -37.6513 0 0 0 1 
				10
				-0.0277893 0.939426 -0.341623 -0.128134 -0.0262276 -0.342322 -0.939217 -4.01189 -0.99927 -0.0171403 0.0341518 -37.9513 0 0 0 1 
				11
				-0.0454164 0.940038 -0.338032 -0.30235 -0.0128069 -0.338901 -0.940735 -3.67849 -0.998886 -0.0383956 0.0274307 -38.2227 0 0 0 1 
				12
				-0.0598143 0.937254 -0.343479 -0.457492 -0.00231337 -0.344224 -0.938885 -3.36697 -0.998207 -0.0553642 0.0227577 -38.4638 0 0 0 1 
				13
				-0.070495 0.930611 -0.359157 -0.590904 0.00493702 -0.359723 -0.933046 -3.0799 -0.9975 -0.0675482 0.0207642 -38.6726 0 0 0 1 
				14
				-0.0770682 0.919208 -0.386156 -0.700892 0.00849882 -0.386688 -0.922171 -2.82092 -0.99699 -0.0743519 0.0219891 -38.8468 0 0 0 1 
				15
				-0.0793162 0.90156 -0.425323 -0.787368 0.00774504 -0.426097 -0.904645 -2.59511 -0.99682 -0.0750471 0.0268137 -38.9832 0 0 0 1 
				16
				-0.0683533 0.858812 -0.507711 -0.819189 -0.0107187 -0.509504 -0.860402 -2.49139 -0.997604 -0.0533693 0.0440316 -39.0014 0 0 0 1 
				17
				-0.044624 0.76553 -0.641851 -0.826096 -0.0581518 -0.643392 -0.763325 -2.59118 -0.99731 0.00326218 0.0732277 -38.8344 0 0 0 1 
				18
				-0.0241881 0.614612 -0.788459 -0.915221 -0.129856 -0.783939 -0.607105 -2.87268 -0.991238 0.0877012 0.0987728 -38.496 0 0 0 1 
				19
				-0.0205043 0.415863 -0.909196 -1.16944 -0.215292 -0.88989 -0.402176 -3.26867 -0.976334 0.187496 0.107778 -38.0137 0 0 0 1 
				20
				-0.0388326 0.197666 -0.9795 -1.6033 -0.299314 -0.937531 -0.177331 -3.67533 -0.953364 0.286292 0.0955711 -37.4443 0 0 0 1 
				21
				-0.0740119 -0.00257874 -0.997254 -2.14477 -0.367096 -0.92971 0.0296484 -3.98965 -0.927234 0.368282 0.067863 -36.8784 0 0 0 1 
				22
				-0.112295 -0.1515 -0.982058 -2.64738 -0.40894 -0.893689 0.184629 -4.14644 -0.905626 0.422336 0.0384028 -36.4321 0 0 0 1 
				23
				-0.137018 -0.226971 -0.964215 -2.93611 -0.421159 -0.867686 0.264096 -4.12612 -0.896577 0.442274 0.0232977 -36.2253 0 0 0 1 
				24
				-0.149005 -0.257283 -0.954779 -3.05018 -0.416716 -0.859293 0.296586 -4.00919 -0.896741 0.442065 0.0208252 -36.1849 0 0 0 1 
				25
				-0.158705 -0.281136 -0.946454 -3.13378 -0.409855 -0.853348 0.322205 -3.8798 -0.898238 0.439045 0.0202057 -36.1657 0 0 0 1 
				26
				-0.166089 -0.299188 -0.939628 -3.1869 -0.400865 -0.850094 0.341537 -3.73984 -0.900956 0.433389 0.0212571 -36.1661 0 0 0 1 
				27
				-0.171185 -0.312036 -0.934521 -3.21006 -0.389984 -0.849592 0.355115 -3.59087 -0.90477 0.425238 0.023748 -36.1844 0 0 0 1 
				28
				-0.174058 -0.3202 -0.931223 -3.20411 -0.377404 -0.851759 0.363418 -3.43411 -0.909544 0.414703 0.0274106 -36.2187 0 0 0 1 
				29
				-0.174805 -0.32414 -0.929718 -3.17025 -0.363284 -0.8564 0.366883 -3.27054 -0.915133 0.401885 0.0319483 -36.2673 0 0 0 1 
				30
				-0.173555 -0.324278 -0.929904 -3.11 -0.347759 -0.863226 0.36593 -3.10092 -0.921381 0.386892 0.037047 -36.3279 0 0 0 1 
				31
				-0.170455 -0.320994 -0.931616 -3.02512 -0.330944 -0.871883 0.360964 -2.92592 -0.928128 0.369841 0.0423858 -36.3988 0 0 0 1 
				32
				-0.165657 -0.314626 -0.934649 -2.91742 -0.312947 -0.881988 0.352366 -2.74609 -0.935212 0.350868 0.0476462 -36.4777 0 0 0 1 
				33
				-0.159323 -0.305492 -0.938771 -2.78883 -0.293872 -0.893134 0.340516 -2.56196 -0.942473 0.330131 0.0525209 -36.5627 0 0 0 1 
				34
				-0.151628 -0.293917 -0.943728 -2.64149 -0.273832 -0.904907 0.325822 -2.37412 -0.94975 0.307826 0.0567253 -36.6518 0 0 0 1 
				35
				-0.142749 -0.280222 -0.949262 -2.47758 -0.252948 -0.916906 0.308709 -2.18316 -0.956891 0.284182 0.0600054 -36.7431 0 0 0 1 
				36
				-0.132855 -0.264728 -0.955128 -2.29923 -0.231355 -0.928766 0.289603 -1.98981 -0.963755 0.259448 0.0621452 -36.8348 0 0 0 1 
				37
				-0.122115 -0.247769 -0.961092 -2.10862 -0.2092 -0.940159 0.268953 -1.79484 -0.970218 0.233904 0.0629741 -36.9251 0 0 0 1 
				38
				-0.110695 -0.229708 -0.966944 -1.90798 -0.186655 -0.950806 0.247242 -1.59919 -0.976169 0.207854 0.0623737 -37.0125 0 0 0 1 
				39
				-0.0987575 -0.210934 -0.972499 -1.69954 -0.163907 -0.96048 0.224972 -1.40387 -0.98152 0.181617 0.060281 -37.0956 0 0 0 1 
				40
				-0.0864467 -0.191841 -0.977611 -1.48542 -0.141156 -0.969027 0.202639 -1.20999 -0.986206 0.155513 0.0566896 -37.1732 0 0 0 1 
				41
				-0.0738988 -0.172847 -0.982172 -1.26769 -0.118612 -0.976351 0.180747 -1.01873 -0.990187 0.129855 0.0516494 -37.2444 0 0 0 1 
				42
				-0.0612428 -0.154403 -0.986108 -1.04845 -0.0965057 -0.982418 0.159819 -0.831375 -0.993447 0.104953 0.0452652 -37.3083 0 0 0 1 
				43
				-0.0485952 -0.13698 -0.989381 -0.829771 -0.0750729 -0.987249 0.140372 -0.64922 -0.995993 0.0810971 0.0376921 -37.3642 0 0 0 1 
				44
				-0.03606 -0.121049 -0.991991 -0.613599 -0.0545486 -0.990919 0.122901 -0.473555 -0.99786 0.0585435 0.0291295 -37.4119 0 0 0 1 
				45
				-0.0237329 -0.107093 -0.993966 -0.401884 -0.0351679 -0.993541 0.107887 -0.305638 -0.9991 0.0375162 0.0198133 -37.4511 0 0 0 1 
				46
				-0.0117059 -0.0956238 -0.995349 -0.196618 -0.0171715 -0.995251 0.0958163 -0.146731 -0.999784 0.0182133 0.0100083 -37.4817 0 0 0 1 
				47
				-6.90265e-05 -0.0871571 -0.996195 0.000181441 -0.000795174 -0.996194 0.0871571 0.00197313 -1 0.000798165 -5.4124e-07 -37.5037 0 0 0 1 
		</Joint>
			5
				-1
				-0.0818977 -0.00122426 -0.99664 2.65427 0.0298099 -0.999555 -0.00122176 -8.96171 -0.996195 -0.0298098 0.0818978 -36.1707 0 0 0 1 
				0
				-0.0810073 -0.00170171 -0.996712 2.41969 0.0300765 -0.999547 -0.0007379 -8.56071 -0.99626 -0.0300374 0.0810218 -36.5724 0 0 0 1 
				1
				-0.0801775 -0.00304416 -0.996776 2.17725 0.0303845 -0.999538 0.000608561 -8.12829 -0.996317 -0.0302378 0.0802329 -36.9939 0 0 0 1 
				2
				-0.0793982 -0.00505193 -0.99683 1.92603 0.0307175 -0.999525 0.00261892 -7.67316 -0.99637 -0.0304122 0.0795156 -37.4263 0 0 0 1 
				3
				-0.0786571 -0.00751998 -0.996874 1.66592 0.0310618 -0.999505 0.00508894 -7.20372 -0.996418 -0.0305644 0.0788518 -37.8611 0 0 0 1 
				4
				-0.0779345 -0.0102529 -0.996906 1.39777 0.0314113 -0.999476 0.00782372 -6.72773 -0.996464 -0.0307043 0.0782158 -38.2909 0 0 0 1 
				5
				-0.0772136 -0.013057 -0.996929 1.12358 0.0317559 -0.999439 0.0106303 -6.25229 -0.996508 -0.0308376 0.077585 -38.7094 0 0 0 1 
				6
				-0.0764802 -0.0157274 -0.996947 0.846509 0.0320833 -0.999396 0.0133048 -5.78396 -0.996555 -0.0309678 0.0769387 -39.111 0 0 0 1 
				7
				-0.0757155 -0.0180617 -0.996966 0.57074 0.0323864 -0.999353 0.0156454 -5.3283 -0.996603 -0.0311035 0.0762514 -39.4914 0 0 0 1 
				8
				-0.0749063 -0.0198649 -0.996993 0.301096 0.0326495 -0.999315 0.0174581 -4.8898 -0.996656 -0.0312436 0.0755035 -39.8474 0 0 0 1 
				9
				-0.074042 -0.0209405 -0.997035 0.0428564 0.0328543 -0.999288 0.018548 -4.47207 -0.996714 -0.0313835 0.0746773 -40.1766 0 0 0 1 
				10
				-0.073102 -0.0210866 -0.997102 -0.198377 0.0329942 -0.99928 0.0187137 -4.07819 -0.996778 -0.0315306 0.0737451 -40.4771 0 0 0 1 
				11
				-0.0720641 -0.0201004 -0.997198 -0.417149 0.033063 -0.999296 0.0177534 -3.71086 -0.996852 -0.0316909 0.072678 -40.7476 0 0 0 1 
				12
				-0.0709188 -0.0177861 -0.997324 -0.608685 0.0330399 -0.999334 0.0154725 -3.37282 -0.996935 -0.0318542 0.0714593 -40.987 0 0 0 1 
				13
				-0.069653 -0.0139465 -0.997474 -0.769093 0.0329073 -0.99939 0.0116754 -3.06742 -0.997028 -0.032011 0.0700695 -41.194 0 0 0 1 
				14
				-0.0682439 -0.00837938 -0.997633 -0.895697 0.0326577 -0.999447 0.00616065 -2.79943 -0.997134 -0.03216 0.0684798 -41.3669 0 0 0 1 
				15
				-0.0666782 -0.000881929 -0.997774 -0.987856 0.0322747 -0.999478 -0.00127339 -2.57554 -0.997253 -0.0322878 0.0666719 -41.5029 0 0 0 1 
				16
				-0.0650502 0.0067557 -0.997859 -0.991965 0.0318252 -0.999455 -0.00884117 -2.51848 -0.997374 -0.0323321 0.0647997 -41.523 0 0 0 1 
				17
				-0.0631957 0.0126883 -0.99792 -0.938891 0.0315483 -0.999394 -0.0147049 -2.73817 -0.997502 -0.032412 0.0627571 -41.3553 0 0 0 1 
				18
				-0.0612064 0.0170904 -0.997979 -0.976361 0.0313338 -0.999328 -0.0190352 -3.20092 -0.997633 -0.0324356 0.0606297 -41.0015 0 0 0 1 
				19
				-0.0591617 0.0201112 -0.998046 -1.22127 0.0310896 -0.999275 -0.0219789 -3.81287 -0.997764 -0.0323291 0.0584936 -40.4815 0 0 0 1 
				20
				-0.0570049 0.0219296 -0.998133 -1.70146 0.0308744 -0.999242 -0.0237173 -4.43191 -0.997896 -0.0321688 0.0562846 -39.8541 0 0 0 1 
				21
				-0.0548782 0.0227023 -0.998235 -2.33185 0.0306736 -0.999231 -0.0244112 -4.91756 -0.998022 -0.0319591 0.0541396 -39.2222 0 0 0 1 
				22
				-0.0526611 0.0225875 -0.998357 -2.93122 0.0304721 -0.999242 -0.0242149 -5.18011 -0.998148 -0.0316972 0.0519329 -38.7212 0 0 0 1 
				23
				-0.050276 0.0217749 -0.998498 -3.28245 0.0302341 -0.999271 -0.0233141 -5.19068 -0.998277 -0.0313608 0.049581 -38.4916 0 0 0 1 
				24
				-0.0479283 0.0207032 -0.998636 -3.42682 0.0299135 -0.999307 -0.0221528 -5.06252 -0.998403 -0.0309345 0.0472758 -38.4516 0 0 0 1 
				25
				-0.0455627 0.0197606 -0.998766 -3.53494 0.0295032 -0.999342 -0.0211179 -4.91579 -0.998526 -0.030429 0.0449497 -38.4362 0 0 0 1 
				26
				-0.0431847 0.0189273 -0.998888 -3.60672 0.0290026 -0.999375 -0.0201904 -4.7531 -0.998646 -0.0298422 0.0426088 -38.4434 0 0 0 1 
				27
				-0.0408039 0.0181902 -0.999002 -3.64276 0.0284118 -0.999409 -0.019358 -4.57663 -0.998763 -0.0291733 0.040263 -38.4714 0 0 0 1 
				28
				-0.0384226 0.0175363 -0.999108 -3.64408 0.0277305 -0.999442 -0.0186086 -4.38807 -0.998877 -0.0284207 0.0379149 -38.5178 0 0 0 1 
				29
