<?xml version='1.0' encoding='UTF-8' ?>
<itpanim>
	<skeleton count>
		25
			0 -1
			1.37091e-06 -1 -6.12323e-17 1e-06 1 1.37091e-06 -6.12323e-17 -1.37225e-12 6.12323e-17 -6.12323e-17 1 21.9617 0 0 0 1 
			1 0
			1.3868e-06 -2.28068e-12 -1 -21.9617 2.75771e-06 -1 6.10495e-12 1.00008e-06 -1 -2.75771e-06 -1.3868e-06 -3.04564e-05 0 0 0 1 
			2 1
			-0.000205999 -0.000823318 -1 -24.8731 -1.2413e-06 -1 0.000823318 0.0257198 -1 1.41091e-06 0.000205998 0.00512379 0 0 0 1 
			3 2
			-0.000383999 -0.00100932 -0.999999 -31.4555 -1.03656e-06 -0.999999 0.00100932 0.036812 -1 1.42414e-06 0.000383997 0.0107229 0 0 0 1 
			4 3
			-0.000383999 -0.00100932 -0.999999 -38.038 -1.03656e-06 -0.999999 0.00100932 0.0388247 -1 1.42414e-06 0.000383997 0.0107228 0 0 0 1 
			5 4
			1.34309e-06 9.82436e-13 -1 -40.5657 -1.40269e-06 -1 -2.86637e-12 -0.00211895 -1 1.40269e-06 -1.34309e-06 -0.00490874 0 0 0 1 
			6 5
			1 -0 0 0 0 1 0 0 -0 -0 1 -0 0 0 0 1 
			7 4
			0.950432 6.75818e-05 0.310933 10.539 -1.42282e-06 1 -0.000213002 -0.00652172 -0.310933 0.000202002 0.950432 36.5745 0 0 0 1 
			8 7
			0.476976 0.0235788 0.8786 28.6752 0.0457762 0.997617 -0.0516239 -2.17945 -0.877723 0.0648423 0.47476 23.1227 0 0 0 1 
			9 8
			0.476835 0.0205561 0.878752 22.2236 0.0472212 0.997684 -0.0489616 -2.11213 -0.877724 0.0648423 0.47476 23.1227 0 0 0 1 
			10 9
			0.476835 0.0205561 0.878752 15.4032 -0.877686 0.0656367 0.474721 23.121 -0.04792 -0.997632 0.0493396 2.13054 0 0 0 1 
			11 4
			-0.950193 6.50589e-05 0.311663 10.5594 -1.39561e-06 1 -0.000213002 -0.00652172 -0.311663 -0.000202828 -0.950193 -36.5678 0 0 0 1 
			12 11
			-0.476976 0.0235775 0.8786 28.6676 -0.045779 0.997617 -0.0516239 -2.17948 -0.877723 -0.0648447 -0.47476 -23.1259 0 0 0 1 
			13 12
			-0.476835 0.0205548 0.878752 22.216 -0.0472239 0.997684 -0.0489616 -2.11218 -0.877723 -0.0648447 -0.47476 -23.1259 0 0 0 1 
			14 13
			-0.476835 0.0205547 0.878752 15.3956 0.877685 0.0656391 0.474721 23.1242 -0.0479228 0.997632 -0.0493396 -2.13059 0 0 0 1 
			15 2
			1.37369e-06 -0.0998331 0.995004 21.852 0 -0.995004 -0.0998331 -2.1925 1 1.3714e-07 -1.36683e-06 -4.26131 0 0 0 1 
			16 15
			1.37369e-06 0.0998335 0.995004 12.303 0 -0.995004 0.0998335 0.256849 1 -1.3714e-07 -1.36683e-06 -4.26131 0 0 0 1 
			17 16
			1.3716e-06 -6.00745e-14 1 2.57273 0 -1 -6.00745e-14 4.22662e-06 1 8.23984e-20 -1.3716e-06 -4.26131 0 0 0 1 
			18 17
			1.3723e-06 -1 -6.00133e-14 -5.50713 0 6.00133e-14 -1 -0.331805 1 1.3723e-06 8.23562e-20 -4.26131 0 0 0 1 
			19 18
			1 -0 0 0 0 1 0 0 -0 -0 1 -0 0 0 0 1 
			20 2
			1.37369e-06 -0.0998331 0.995004 21.852 0 -0.995004 -0.0998331 -2.1925 1 1.3714e-07 -1.36683e-06 4.26131 0 0 0 1 
			21 20
			1.37369e-06 0.0998335 0.995004 12.303 0 -0.995004 0.0998335 0.256849 1 -1.3714e-07 -1.36683e-06 4.26131 0 0 0 1 
			22 21
			1.3716e-06 -6.00745e-14 1 2.57273 0 -1 -6.00745e-14 4.22662e-06 1 8.23984e-20 -1.3716e-06 4.26131 0 0 0 1 
			23 22
			1.3723e-06 -1 -6.00133e-14 -5.50713 0 6.00133e-14 -1 -0.331804 1 1.3723e-06 8.23562e-20 4.26131 0 0 0 1 
			24 23
			1 -0 0 0 0 1 0 0 -0 -0 1 -0 0 0 0 1 
	</skeleton>
		<animations>
			33
			0
				-1
				1.33158e-06 1 0 0 -1 1.33158e-06 0 9.75445e-07 -0 -0 1 -19.2572 0 0 0 1 
				0
				1.46474e-06 1 0 0 -1 1.46474e-06 0 9.59147e-07 -0 -0 1 -19.6468 0 0 0 1 
				1
				1.33158e-06 1 0 0 -1 1.33158e-06 0 9.41631e-07 -0 -0 1 -20.0888 0 0 0 1 
				2
				1.46474e-06 1 0 0 -1 1.46474e-06 0 9.23631e-07 -0 -0 1 -20.5514 0 0 0 1 
				3
				1.33158e-06 1 0 0 -1 1.33158e-06 0 9.05884e-07 -0 -0 1 -21.0032 0 0 0 1 
				4
				1.33158e-06 1 0 0 -1 1.33158e-06 0 8.89103e-07 -0 -0 1 -21.4136 0 0 0 1 
				5
				1.46474e-06 1 0 0 -1 1.46474e-06 0 8.74002e-07 -0 -0 1 -21.7519 0 0 0 1 
				6
				1.46474e-06 1 0 0 -1 1.46474e-06 0 8.61315e-07 -0 -0 1 -21.9867 0 0 0 1 
				7
				1.46474e-06 1 0 0 -1 1.46474e-06 0 8.51781e-07 -0 -0 1 -22.0863 0 0 0 1 
				8
				1.46474e-06 1 0 0 -1 1.46474e-06 0 8.45903e-07 -0 -0 1 -21.9963 0 0 0 1 
				9
				1.46474e-06 1 0 0 -1 1.46474e-06 0 8.43243e-07 -0 -0 1 -21.7209 0 0 0 1 
				10
				1.33158e-06 1 0 0 -1 1.33158e-06 0 8.43024e-07 -0 -0 1 -21.3219 0 0 0 1 
				11
				1.46474e-06 1 0 0 -1 1.46474e-06 0 8.44471e-07 -0 -0 1 -20.8613 0 0 0 1 
				12
				1.33158e-06 1 0 0 -1 1.33158e-06 0 8.46831e-07 -0 -0 1 -20.3992 0 0 0 1 
				13
				1.46474e-06 1 0 0 -1 1.46474e-06 0 8.49354e-07 -0 -0 1 -19.9956 0 0 0 1 
				14
				1.46474e-06 1 0 0 -1 1.46474e-06 0 8.51262e-07 -0 -0 1 -19.7123 0 0 0 1 
				15
				1.46474e-06 1 0 0 -1 1.46474e-06 0 8.51781e-07 -0 -0 1 -19.6113 0 0 0 1 
				16
				1.46474e-06 1 0 0 -1 1.46474e-06 0 8.50333e-07 -0 -0 1 -19.7335 0 0 0 1 
				17
				1.46474e-06 1 0 0 -1 1.46474e-06 0 8.47364e-07 -0 -0 1 -20.0411 0 0 0 1 
				18
				1.46474e-06 1 0 0 -1 1.46474e-06 0 8.43728e-07 -0 -0 1 -20.4702 0 0 0 1 
				19
				1.46474e-06 1 0 0 -1 1.46474e-06 0 8.40282e-07 -0 -0 1 -20.9572 0 0 0 1 
				20
				1.46474e-06 1 0 0 -1 1.46474e-06 0 8.37855e-07 -0 -0 1 -21.4402 0 0 0 1 
				21
				1.46474e-06 1 0 0 -1 1.46474e-06 0 8.37274e-07 -0 -0 1 -21.8574 0 0 0 1 
				22
				1.46474e-06 1 0 0 -1 1.46474e-06 0 8.39397e-07 -0 -0 1 -22.1451 0 0 0 1 
				23
				1.46474e-06 1 0 0 -1 1.46474e-06 0 8.45079e-07 -0 -0 1 -22.2396 0 0 0 1 
				24
				1.46474e-06 1 0 0 -1 1.46474e-06 0 8.5481e-07 -0 -0 1 -22.1355 0 0 0 1 
				25
				1.46474e-06 1 0 0 -1 1.46474e-06 0 8.68033e-07 -0 -0 1 -21.8885 0 0 0 1 
				26
				1.46474e-06 1 0 0 -1 1.46474e-06 0 8.83934e-07 -0 -0 1 -21.5318 0 0 0 1 
				27
				1.46474e-06 1 0 0 -1 1.46474e-06 0 9.01695e-07 -0 -0 1 -21.099 0 0 0 1 
				28
				1.46474e-06 1 0 0 -1 1.46474e-06 0 9.20528e-07 -0 -0 1 -20.6224 0 0 0 1 
				29
				1.46474e-06 1 0 0 -1 1.46474e-06 0 9.39641e-07 -0 -0 1 -20.1343 0 0 0 1 
				30
				1.46474e-06 1 0 0 -1 1.46474e-06 0 9.58219e-07 -0 -0 1 -19.6681 0 0 0 1 
				31
				1.46474e-06 1 0 0 -1 1.46474e-06 0 9.75445e-07 -0 -0 1 -19.2572 0 0 0 1 
		</Joint>
			1
				-1
				1.33158e-06 2.66316e-06 -1 0 0 -1 -2.66316e-06 9.75445e-07 -1 3.54621e-12 -1.33158e-06 -19.2572 0 0 0 1 
				0
				1.33158e-06 2.79632e-06 -1 0 0 -1 -2.79632e-06 9.59147e-07 -1 3.72352e-12 -1.33158e-06 -19.6468 0 0 0 1 
				1
				1.33158e-06 2.66316e-06 -1 0 0 -1 -2.66316e-06 9.41631e-07 -1 3.54621e-12 -1.33158e-06 -20.0888 0 0 0 1 
				2
				1.33158e-06 2.79632e-06 -1 0 0 -1 -2.79632e-06 9.23631e-07 -1 3.72352e-12 -1.33158e-06 -20.5514 0 0 0 1 
				3
				1.33158e-06 2.66316e-06 -1 0 0 -1 -2.66316e-06 9.05884e-07 -1 3.54621e-12 -1.33158e-06 -21.0032 0 0 0 1 
				4
				1.33158e-06 2.66316e-06 -1 0 0 -1 -2.66316e-06 8.89103e-07 -1 3.54621e-12 -1.33158e-06 -21.4136 0 0 0 1 
				5
				1.33158e-06 2.79632e-06 -1 0 0 -1 -2.79632e-06 8.74002e-07 -1 3.72352e-12 -1.33158e-06 -21.7519 0 0 0 1 
				6
				1.33158e-06 2.79632e-06 -1 0 0 -1 -2.79632e-06 8.61315e-07 -1 3.72352e-12 -1.33158e-06 -21.9867 0 0 0 1 
				7
				1.33158e-06 2.79632e-06 -1 0 0 -1 -2.79632e-06 8.51781e-07 -1 3.72352e-12 -1.33158e-06 -22.0863 0 0 0 1 
				8
				1.33158e-06 2.79632e-06 -1 0 0 -1 -2.79632e-06 8.45903e-07 -1 3.72352e-12 -1.33158e-06 -21.9963 0 0 0 1 
				9
				1.33158e-06 2.79632e-06 -1 0 0 -1 -2.79632e-06 8.43243e-07 -1 3.72352e-12 -1.33158e-06 -21.7209 0 0 0 1 
				10
				1.33158e-06 2.66316e-06 -1 0 0 -1 -2.66316e-06 8.43024e-07 -1 3.54621e-12 -1.33158e-06 -21.3219 0 0 0 1 
				11
				1.33158e-06 2.79632e-06 -1 0 0 -1 -2.79632e-06 8.44471e-07 -1 3.72352e-12 -1.33158e-06 -20.8613 0 0 0 1 
				12
				1.33158e-06 2.66316e-06 -1 0 0 -1 -2.66316e-06 8.46831e-07 -1 3.54621e-12 -1.33158e-06 -20.3992 0 0 0 1 
				13
				1.33158e-06 2.79632e-06 -1 0 0 -1 -2.79632e-06 8.49354e-07 -1 3.72352e-12 -1.33158e-06 -19.9956 0 0 0 1 
				14
				1.33158e-06 2.79632e-06 -1 0 0 -1 -2.79632e-06 8.51262e-07 -1 3.72352e-12 -1.33158e-06 -19.7123 0 0 0 1 
				15
				1.33158e-06 2.79632e-06 -1 0 0 -1 -2.79632e-06 8.51781e-07 -1 3.72352e-12 -1.33158e-06 -19.6113 0 0 0 1 
				16
				1.33158e-06 2.79632e-06 -1 0 0 -1 -2.79632e-06 8.50333e-07 -1 3.72352e-12 -1.33158e-06 -19.7335 0 0 0 1 
				17
				1.33158e-06 2.79632e-06 -1 0 0 -1 -2.79632e-06 8.47364e-07 -1 3.72352e-12 -1.33158e-06 -20.0411 0 0 0 1 
				18
				1.33158e-06 2.79632e-06 -1 0 0 -1 -2.79632e-06 8.43728e-07 -1 3.72352e-12 -1.33158e-06 -20.4702 0 0 0 1 
				19
				1.33158e-06 2.79632e-06 -1 0 0 -1 -2.79632e-06 8.40282e-07 -1 3.72352e-12 -1.33158e-06 -20.9572 0 0 0 1 
				20
				1.33158e-06 2.79632e-06 -1 0 0 -1 -2.79632e-06 8.37855e-07 -1 3.72352e-12 -1.33158e-06 -21.4402 0 0 0 1 
				21
				1.33158e-06 2.79632e-06 -1 0 0 -1 -2.79632e-06 8.37274e-07 -1 3.72352e-12 -1.33158e-06 -21.8574 0 0 0 1 
				22
				1.33158e-06 2.79632e-06 -1 0 0 -1 -2.79632e-06 8.39397e-07 -1 3.72352e-12 -1.33158e-06 -22.1451 0 0 0 1 
				23
				1.33158e-06 2.79632e-06 -1 0 0 -1 -2.79632e-06 8.45079e-07 -1 3.72352e-12 -1.33158e-06 -22.2396 0 0 0 1 
				24
				1.33158e-06 2.79632e-06 -1 0 0 -1 -2.79632e-06 8.5481e-07 -1 3.72352e-12 -1.33158e-06 -22.1355 0 0 0 1 
				25
				1.33158e-06 2.79632e-06 -1 0 0 -1 -2.79632e-06 8.68033e-07 -1 3.72352e-12 -1.33158e-06 -21.8885 0 0 0 1 
				26
				1.33158e-06 2.79632e-06 -1 0 0 -1 -2.79632e-06 8.83934e-07 -1 3.72352e-12 -1.33158e-06 -21.5318 0 0 0 1 
				27
				1.33158e-06 2.79632e-06 -1 0 0 -1 -2.79632e-06 9.01695e-07 -1 3.72352e-12 -1.33158e-06 -21.099 0 0 0 1 
				28
				1.33158e-06 2.79632e-06 -1 0 0 -1 -2.79632e-06 9.20528e-07 -1 3.72352e-12 -1.33158e-06 -20.6224 0 0 0 1 
				29
				1.33158e-06 2.79632e-06 -1 0 0 -1 -2.79632e-06 9.39641e-07 -1 3.72352e-12 -1.33158e-06 -20.1343 0 0 0 1 
				30
				1.33158e-06 2.79632e-06 -1 0 0 -1 -2.79632e-06 9.58219e-07 -1 3.72352e-12 -1.33158e-06 -19.6681 0 0 0 1 
				31
				1.33158e-06 2.79632e-06 -1 0 0 -1 -2.79632e-06 9.75445e-07 -1 3.72352e-12 -1.33158e-06 -19.2572 0 0 0 1 
		</Joint>
			2
				-1
				1.38779e-06 -1.52815e-06 -1 4.03108e-06 -0.00079765 -1 1.52704e-06 0.00523756 -1 0.00079765 -1.38901e-06 -22.1686 0 0 0 1 
				0
				1.3879e-06 -1.39499e-06 -1 4.03038e-06 -0.000797649 -1 1.39388e-06 0.00523753 -1 0.000797649 -1.38901e-06 -22.5583 0 0 0 1 
				1
				1.38779e-06 -1.52815e-06 -1 4.03108e-06 -0.00079765 -1 1.52704e-06 0.00523749 -1 0.00079765 -1.38901e-06 -23.0002 0 0 0 1 
				2
				1.3879e-06 -1.39499e-06 -1 4.03039e-06 -0.000797649 -1 1.39388e-06 0.00523745 -1 0.000797649 -1.38901e-06 -23.4629 0 0 0 1 
				3
				1.38779e-06 -1.52815e-06 -1 4.03108e-06 -0.00079765 -1 1.52704e-06 0.00523741 -1 0.00079765 -1.38901e-06 -23.9147 0 0 0 1 
				4
				1.38779e-06 -1.52815e-06 -1 4.03108e-06 -0.00079765 -1 1.52704e-06 0.00523738 -1 0.00079765 -1.38901e-06 -24.325 0 0 0 1 
				5
				1.3879e-06 -1.39499e-06 -1 4.03038e-06 -0.000797649 -1 1.39388e-06 0.00523735 -1 0.000797649 -1.38901e-06 -24.6634 0 0 0 1 
				6
				1.3879e-06 -1.39499e-06 -1 4.03038e-06 -0.000797649 -1 1.39388e-06 0.00523733 -1 0.000797649 -1.38901e-06 -24.8981 0 0 0 1 
				7
				1.3879e-06 -1.39499e-06 -1 4.03039e-06 -0.000797649 -1 1.39388e-06 0.00523731 -1 0.000797649 -1.38901e-06 -24.9977 0 0 0 1 
				8
				1.3879e-06 -1.39499e-06 -1 4.03038e-06 -0.000797649 -1 1.39388e-06 0.00523731 -1 0.000797649 -1.38901e-06 -24.9078 0 0 0 1 
				9
				1.3879e-06 -1.39499e-06 -1 4.03038e-06 -0.000797649 -1 1.39388e-06 0.00523732 -1 0.000797649 -1.38901e-06 -24.6323 0 0 0 1 
				10
				1.38779e-06 -1.52815e-06 -1 4.03108e-06 -0.00079765 -1 1.52704e-06 0.00523734 -1 0.00079765 -1.38901e-06 -24.2334 0 0 0 1 
				11
				1.3879e-06 -1.39499e-06 -1 4.03039e-06 -0.000797649 -1 1.39388e-06 0.00523736 -1 0.000797649 -1.38901e-06 -23.7728 0 0 0 1 
				12
				1.38779e-06 -1.52815e-06 -1 4.03108e-06 -0.00079765 -1 1.52704e-06 0.00523738 -1 0.00079765 -1.38901e-06 -23.3107 0 0 0 1 
				13
				1.3879e-06 -1.39499e-06 -1 4.03039e-06 -0.000797649 -1 1.39388e-06 0.0052374 -1 0.000797649 -1.38901e-06 -22.907 0 0 0 1 
				14
				1.3879e-06 -1.39499e-06 -1 4.03039e-06 -0.000797649 -1 1.39388e-06 0.00523741 -1 0.000797649 -1.38901e-06 -22.6237 0 0 0 1 
				15
				1.3879e-06 -1.39499e-06 -1 4.03039e-06 -0.000797649 -1 1.39388e-06 0.00523742 -1 0.000797649 -1.38901e-06 -22.5228 0 0 0 1 
				16
				1.3879e-06 -1.39499e-06 -1 4.03038e-06 -0.00079765 -1 1.39388e-06 0.00523741 -1 0.00079765 -1.38901e-06 -22.645 0 0 0 1 
				17
				1.3879e-06 -1.39499e-06 -1 4.03038e-06 -0.000797649 -1 1.39388e-06 0.0052374 -1 0.000797649 -1.38901e-06 -22.9525 0 0 0 1 
				18
				1.3879e-06 -1.39499e-06 -1 4.03039e-06 -0.00079765 -1 1.39388e-06 0.00523738 -1 0.00079765 -1.38901e-06 -23.3817 0 0 0 1 
				19
				1.3879e-06 -1.39499e-06 -1 4.03039e-06 -0.000797649 -1 1.39388e-06 0.00523735 -1 0.000797649 -1.38901e-06 -23.8686 0 0 0 1 
				20
				1.3879e-06 -1.39499e-06 -1 4.03038e-06 -0.00079765 -1 1.39388e-06 0.00523733 -1 0.00079765 -1.38901e-06 -24.3516 0 0 0 1 
				21
				1.3879e-06 -1.39499e-06 -1 4.03038e-06 -0.000797649 -1 1.39388e-06 0.00523731 -1 0.000797649 -1.38901e-06 -24.7689 0 0 0 1 
				22
				1.3879e-06 -1.39499e-06 -1 4.03039e-06 -0.00079765 -1 1.39388e-06 0.0052373 -1 0.00079765 -1.38901e-06 -25.0566 0 0 0 1 
				23
				1.3879e-06 -1.39499e-06 -1 4.03038e-06 -0.000797649 -1 1.39388e-06 0.0052373 -1 0.000797649 -1.38901e-06 -25.151 0 0 0 1 
				24
				1.3879e-06 -1.39499e-06 -1 4.03039e-06 -0.00079765 -1 1.39388e-06 0.00523731 -1 0.00079765 -1.38901e-06 -25.047 0 0 0 1 
				25
				1.3879e-06 -1.39499e-06 -1 4.03038e-06 -0.000797649 -1 1.39388e-06 0.00523734 -1 0.000797649 -1.38901e-06 -24.7999 0 0 0 1 
				26
				1.3879e-06 -1.39499e-06 -1 4.03039e-06 -0.00079765 -1 1.39388e-06 0.00523737 -1 0.00079765 -1.38901e-06 -24.4433 0 0 0 1 
				27
				1.3879e-06 -1.39499e-06 -1 4.03038e-06 -0.000797649 -1 1.39388e-06 0.0052374 -1 0.000797649 -1.38901e-06 -24.0105 0 0 0 1 
				28
				1.3879e-06 -1.39499e-06 -1 4.03039e-06 -0.00079765 -1 1.39388e-06 0.00523744 -1 0.00079765 -1.38901e-06 -23.5339 0 0 0 1 
				29
				1.3879e-06 -1.39499e-06 -1 4.03038e-06 -0.000797649 -1 1.39388e-06 0.00523748 -1 0.000797649 -1.38901e-06 -23.0457 0 0 0 1 
				30
				1.3879e-06 -1.39499e-06 -1 4.03038e-06 -0.00079765 -1 1.39388e-06 0.00523752 -1 0.00079765 -1.38901e-06 -22.5795 0 0 0 1 
				31
				1.3879e-06 -1.39499e-06 -1 4.03039e-06 -0.000797649 -1 1.39388e-06 0.00523756 -1 0.000797649 -1.38901e-06 -22.1686 0 0 0 1 
		</Joint>
			3
				-1
				1.38777e-06 -1.55795e-06 -1 1.31598e-05 -0.00079765 -1 1.55684e-06 0.00522851 -1 0.00079765 -1.38901e-06 -28.751 0 0 0 1 
				0
				1.38788e-06 -1.42479e-06 -1 1.31591e-05 -0.000797649 -1 1.42368e-06 0.00522847 -1 0.000797649 -1.38901e-06 -29.1407 0 0 0 1 
				1
				1.38777e-06 -1.55795e-06 -1 1.31598e-05 -0.00079765 -1 1.55684e-06 0.00522844 -1 0.00079765 -1.38901e-06 -29.5826 0 0 0 1 
				2
				1.38788e-06 -1.42479e-06 -1 1.31591e-05 -0.000797649 -1 1.42368e-06 0.0052284 -1 0.000797649 -1.38901e-06 -30.0453 0 0 0 1 
				3
				1.38777e-06 -1.55795e-06 -1 1.31598e-05 -0.00079765 -1 1.55684e-06 0.00522836 -1 0.00079765 -1.38901e-06 -30.4971 0 0 0 1 
				4
				1.38777e-06 -1.55795e-06 -1 1.31598e-05 -0.00079765 -1 1.55684e-06 0.00522833 -1 0.00079765 -1.38901e-06 -30.9075 0 0 0 1 
				5
				1.38788e-06 -1.42479e-06 -1 1.31591e-05 -0.000797649 -1 1.42368e-06 0.0052283 -1 0.000797649 -1.38901e-06 -31.2458 0 0 0 1 
				6
				1.38788e-06 -1.42479e-06 -1 1.31591e-05 -0.000797649 -1 1.42368e-06 0.00522827 -1 0.000797649 -1.38901e-06 -31.4806 0 0 0 1 
				7
				1.38788e-06 -1.42479e-06 -1 1.31591e-05 -0.000797649 -1 1.42368e-06 0.00522826 -1 0.000797649 -1.38901e-06 -31.5802 0 0 0 1 
				8
				1.38788e-06 -1.42479e-06 -1 1.31591e-05 -0.000797649 -1 1.42368e-06 0.00522826 -1 0.000797649 -1.38901e-06 -31.4902 0 0 0 1 
				9
				1.38788e-06 -1.42479e-06 -1 1.31591e-05 -0.000797649 -1 1.42368e-06 0.00522827 -1 0.000797649 -1.38901e-06 -31.2147 0 0 0 1 
				10
				1.38777e-06 -1.55795e-06 -1 1.31598e-05 -0.00079765 -1 1.55684e-06 0.00522828 -1 0.00079765 -1.38901e-06 -30.8158 0 0 0 1 
				11
				1.38788e-06 -1.42479e-06 -1 1.31591e-05 -0.000797649 -1 1.42368e-06 0.0052283 -1 0.000797649 -1.38901e-06 -30.3552 0 0 0 1 
				12
				1.38777e-06 -1.55795e-06 -1 1.31598e-05 -0.00079765 -1 1.55684e-06 0.00522833 -1 0.00079765 -1.38901e-06 -29.8931 0 0 0 1 
				13
				1.38788e-06 -1.42479e-06 -1 1.31591e-05 -0.000797649 -1 1.42368e-06 0.00522835 -1 0.000797649 -1.38901e-06 -29.4894 0 0 0 1 
				14
				1.38788e-06 -1.42479e-06 -1 1.31591e-05 -0.000797649 -1 1.42368e-06 0.00522836 -1 0.000797649 -1.38901e-06 -29.2061 0 0 0 1 
				15
				1.38788e-06 -1.42479e-06 -1 1.31591e-05 -0.000797649 -1 1.42368e-06 0.00522837 -1 0.000797649 -1.38901e-06 -29.1052 0 0 0 1 
				16
				1.38788e-06 -1.42479e-06 -1 1.31591e-05 -0.00079765 -1 1.42368e-06 0.00522836 -1 0.00079765 -1.38901e-06 -29.2274 0 0 0 1 
				17
				1.38788e-06 -1.42479e-06 -1 1.31591e-05 -0.000797649 -1 1.42368e-06 0.00522834 -1 0.000797649 -1.38901e-06 -29.5349 0 0 0 1 
				18
				1.38788e-06 -1.42479e-06 -1 1.31591e-05 -0.00079765 -1 1.42368e-06 0.00522832 -1 0.00079765 -1.38901e-06 -29.9641 0 0 0 1 
				19
				1.38788e-06 -1.42479e-06 -1 1.31591e-05 -0.000797649 -1 1.42368e-06 0.0052283 -1 0.000797649 -1.38901e-06 -30.4511 0 0 0 1 
				20
				1.38788e-06 -1.42479e-06 -1 1.31591e-05 -0.00079765 -1 1.42368e-06 0.00522827 -1 0.00079765 -1.38901e-06 -30.934 0 0 0 1 
				21
				1.38788e-06 -1.42479e-06 -1 1.31591e-05 -0.000797649 -1 1.42368e-06 0.00522825 -1 0.000797649 -1.38901e-06 -31.3513 0 0 0 1 
				22
				1.38788e-06 -1.42479e-06 -1 1.31591e-05 -0.00079765 -1 1.42368e-06 0.00522824 -1 0.00079765 -1.38901e-06 -31.639 0 0 0 1 
				23
				1.38788e-06 -1.42479e-06 -1 1.31591e-05 -0.000797649 -1 1.42368e-06 0.00522825 -1 0.000797649 -1.38901e-06 -31.7335 0 0 0 1 
				24
				1.38788e-06 -1.42479e-06 -1 1.31591e-05 -0.00079765 -1 1.42368e-06 0.00522826 -1 0.00079765 -1.38901e-06 -31.6294 0 0 0 1 
				25
				1.38788e-06 -1.42479e-06 -1 1.31591e-05 -0.000797649 -1 1.42368e-06 0.00522828 -1 0.000797649 -1.38901e-06 -31.3824 0 0 0 1 
				26
				1.38788e-06 -1.42479e-06 -1 1.31591e-05 -0.00079765 -1 1.42368e-06 0.00522832 -1 0.00079765 -1.38901e-06 -31.0257 0 0 0 1 
				27
				1.38788e-06 -1.42479e-06 -1 1.31591e-05 -0.000797649 -1 1.42368e-06 0.00522835 -1 0.000797649 -1.38901e-06 -30.5929 0 0 0 1 
				28
				1.38788e-06 -1.42479e-06 -1 1.31591e-05 -0.00079765 -1 1.42368e-06 0.00522839 -1 0.00079765 -1.38901e-06 -30.1163 0 0 0 1 
				29
				1.38788e-06 -1.42479e-06 -1 1.31591e-05 -0.000797649 -1 1.42368e-06 0.00522843 -1 0.000797649 -1.38901e-06 -29.6281 0 0 0 1 
				30
				1.38788e-06 -1.42479e-06 -1 1.31591e-05 -0.00079765 -1 1.42368e-06 0.00522847 -1 0.00079765 -1.38901e-06 -29.1619 0 0 0 1 
				31
				1.38788e-06 -1.42479e-06 -1 1.31591e-05 -0.000797649 -1 1.42368e-06 0.00522851 -1 0.000797649 -1.38901e-06 -28.751 0 0 0 1 
		</Joint>
			4
				-1
				1.38777e-06 -1.55795e-06 -1 2.22922e-05 -0.00079765 -1 1.55684e-06 0.00199078 -1 0.00079765 -1.38901e-06 -35.3335 0 0 0 1 
				0
				1.38788e-06 -1.42479e-06 -1 2.22919e-05 -0.000797649 -1 1.42368e-06 0.00199074 -1 0.000797649 -1.38901e-06 -35.7231 0 0 0 1 
				1
				1.38777e-06 -1.55795e-06 -1 2.22922e-05 -0.00079765 -1 1.55684e-06 0.0019907 -1 0.00079765 -1.38901e-06 -36.1651 0 0 0 1 
				2
				1.38788e-06 -1.42479e-06 -1 2.22919e-05 -0.000797649 -1 1.42368e-06 0.00199067 -1 0.000797649 -1.38901e-06 -36.6277 0 0 0 1 
				3
				1.38777e-06 -1.55795e-06 -1 2.22922e-05 -0.00079765 -1 1.55684e-06 0.00199063 -1 0.00079765 -1.38901e-06 -37.0795 0 0 0 1 
				4
				1.38777e-06 -1.55795e-06 -1 2.22922e-05 -0.00079765 -1 1.55684e-06 0.00199059 -1 0.00079765 -1.38901e-06 -37.4899 0 0 0 1 
				5
				1.38788e-06 -1.42479e-06 -1 2.22919e-05 -0.000797649 -1 1.42368e-06 0.00199056 -1 0.000797649 -1.38901e-06 -37.8282 0 0 0 1 
				6
				1.38788e-06 -1.42479e-06 -1 2.22919e-05 -0.000797649 -1 1.42368e-06 0.00199054 -1 0.000797649 -1.38901e-06 -38.063 0 0 0 1 
				7
				1.38788e-06 -1.42479e-06 -1 2.22919e-05 -0.000797649 -1 1.42368e-06 0.00199053 -1 0.000797649 -1.38901e-06 -38.1626 0 0 0 1 
				8
				1.38788e-06 -1.42479e-06 -1 2.22919e-05 -0.000797649 -1 1.42368e-06 0.00199053 -1 0.000797649 -1.38901e-06 -38.0726 0 0 0 1 
				9
				1.38788e-06 -1.42479e-06 -1 2.22919e-05 -0.000797649 -1 1.42368e-06 0.00199054 -1 0.000797649 -1.38901e-06 -37.7972 0 0 0 1 
				10
				1.38777e-06 -1.55795e-06 -1 2.22922e-05 -0.00079765 -1 1.55684e-06 0.00199055 -1 0.00079765 -1.38901e-06 -37.3982 0 0 0 1 
				11
				1.38788e-06 -1.42479e-06 -1 2.22919e-05 -0.000797649 -1 1.42368e-06 0.00199057 -1 0.000797649 -1.38901e-06 -36.9377 0 0 0 1 
				12
				1.38777e-06 -1.55795e-06 -1 2.22922e-05 -0.00079765 -1 1.55684e-06 0.0019906 -1 0.00079765 -1.38901e-06 -36.4755 0 0 0 1 
				13
				1.38788e-06 -1.42479e-06 -1 2.22919e-05 -0.000797649 -1 1.42368e-06 0.00199062 -1 0.000797649 -1.38901e-06 -36.0719 0 0 0 1 
				14
				1.38788e-06 -1.42479e-06 -1 2.22919e-05 -0.000797649 -1 1.42368e-06 0.00199063 -1 0.000797649 -1.38901e-06 -35.7886 0 0 0 1 
				15
				1.38788e-06 -1.42479e-06 -1 2.22919e-05 -0.000797649 -1 1.42368e-06 0.00199064 -1 0.000797649 -1.38901e-06 -35.6876 0 0 0 1 
				16
				1.38788e-06 -1.42479e-06 -1 2.22919e-05 -0.00079765 -1 1.42368e-06 0.00199063 -1 0.00079765 -1.38901e-06 -35.8098 0 0 0 1 
				17
				1.38788e-06 -1.42479e-06 -1 2.22919e-05 -0.000797649 -1 1.42368e-06 0.00199061 -1 0.000797649 -1.38901e-06 -36.1174 0 0 0 1 
				18
				1.38788e-06 -1.42479e-06 -1 2.22919e-05 -0.00079765 -1 1.42368e-06 0.00199059 -1 0.00079765 -1.38901e-06 -36.5465 0 0 0 1 
				19
				1.38788e-06 -1.42479e-06 -1 2.22919e-05 -0.000797649 -1 1.42368e-06 0.00199057 -1 0.000797649 -1.38901e-06 -37.0335 0 0 0 1 
				20
				1.38788e-06 -1.42479e-06 -1 2.22919e-05 -0.00079765 -1 1.42368e-06 0.00199054 -1 0.00079765 -1.38901e-06 -37.5165 0 0 0 1 
				21
				1.38788e-06 -1.42479e-06 -1 2.22919e-05 -0.000797649 -1 1.42368e-06 0.00199052 -1 0.000797649 -1.38901e-06 -37.9337 0 0 0 1 
				22
				1.38788e-06 -1.42479e-06 -1 2.22919e-05 -0.00079765 -1 1.42368e-06 0.00199051 -1 0.00079765 -1.38901e-06 -38.2215 0 0 0 1 
				23
				1.38788e-06 -1.42479e-06 -1 2.22919e-05 -0.000797649 -1 1.42368e-06 0.00199051 -1 0.000797649 -1.38901e-06 -38.3159 0 0 0 1 
				24
				1.38788e-06 -1.42479e-06 -1 2.22919e-05 -0.00079765 -1 1.42368e-06 0.00199053 -1 0.00079765 -1.38901e-06 -38.2118 0 0 0 1 
				25
				1.38788e-06 -1.42479e-06 -1 2.22919e-05 -0.000797649 -1 1.42368e-06 0.00199055 -1 0.000797649 -1.38901e-06 -37.9648 0 0 0 1 
				26
				1.38788e-06 -1.42479e-06 -1 2.22919e-05 -0.00079765 -1 1.42368e-06 0.00199058 -1 0.00079765 -1.38901e-06 -37.6082 0 0 0 1 
				27
				1.38788e-06 -1.42479e-06 -1 2.22919e-05 -0.000797649 -1 1.42368e-06 0.00199062 -1 0.000797649 -1.38901e-06 -37.1753 0 0 0 1 
				28
				1.38788e-06 -1.42479e-06 -1 2.22919e-05 -0.00079765 -1 1.42368e-06 0.00199066 -1 0.00079765 -1.38901e-06 -36.6987 0 0 0 1 
				29
				1.38788e-06 -1.42479e-06 -1 2.22919e-05 -0.000797649 -1 1.42368e-06 0.0019907 -1 0.000797649 -1.38901e-06 -36.2106 0 0 0 1 
				30
				1.38788e-06 -1.42479e-06 -1 2.22919e-05 -0.00079765 -1 1.42368e-06 0.00199074 -1 0.00079765 -1.38901e-06 -35.7444 0 0 0 1 
				31
				1.38788e-06 -1.42479e-06 -1 2.22919e-05 -0.000797649 -1 1.42368e-06 0.00199078 -1 0.000797649 -1.38901e-06 -35.3335 0 0 0 1 
		</Joint>
			5
				-1
				1.38685e-06 -1.49724e-06 -1 2.58001e-05 0 -1 1.49724e-06 -2.54374e-05 -1 -2.07645e-12 -1.38685e-06 -37.8612 0 0 0 1 
				0
				1.38685e-06 -1.36408e-06 -1 2.58001e-05 0 -1 1.36408e-06 -2.54703e-05 -1 -1.89178e-12 -1.38685e-06 -38.2508 0 0 0 1 
				1
				1.38685e-06 -1.49724e-06 -1 2.58001e-05 0 -1 1.49724e-06 -2.55101e-05 -1 -2.07645e-12 -1.38685e-06 -38.6928 0 0 0 1 
				2
				1.38685e-06 -1.36408e-06 -1 2.58001e-05 0 -1 1.36408e-06 -2.55458e-05 -1 -1.89178e-12 -1.38685e-06 -39.1554 0 0 0 1 
				3
				1.38685e-06 -1.49724e-06 -1 2.58001e-05 0 -1 1.49724e-06 -2.5586e-05 -1 -2.07645e-12 -1.38685e-06 -39.6072 0 0 0 1 
				4
				1.38685e-06 -1.49724e-06 -1 2.58001e-05 0 -1 1.49724e-06 -2.56164e-05 -1 -2.07645e-12 -1.38685e-06 -40.0176 0 0 0 1 
				5
				1.38685e-06 -1.36408e-06 -1 2.58001e-05 0 -1 1.36408e-06 -2.56499e-05 -1 -1.89178e-12 -1.38685e-06 -40.3559 0 0 0 1 
				6
				1.38685e-06 -1.36408e-06 -1 2.58001e-05 0 -1 1.36408e-06 -2.56728e-05 -1 -1.89178e-12 -1.38685e-06 -40.5907 0 0 0 1 
				7
				1.38685e-06 -1.36408e-06 -1 2.58001e-05 0 -1 1.36408e-06 -2.56844e-05 -1 -1.89178e-12 -1.38685e-06 -40.6903 0 0 0 1 
				8
				1.38685e-06 -1.36408e-06 -1 2.58001e-05 0 -1 1.36408e-06 -2.56871e-05 -1 -1.89178e-12 -1.38685e-06 -40.6003 0 0 0 1 
				9
				1.38685e-06 -1.36408e-06 -1 2.58001e-05 0 -1 1.36408e-06 -2.56748e-05 -1 -1.89178e-12 -1.38685e-06 -40.3249 0 0 0 1 
				10
				1.38685e-06 -1.49724e-06 -1 2.58001e-05 0 -1 1.49724e-06 -2.56615e-05 -1 -2.07645e-12 -1.38685e-06 -39.9259 0 0 0 1 
				11
				1.38685e-06 -1.36408e-06 -1 2.58001e-05 0 -1 1.36408e-06 -2.56382e-05 -1 -1.89178e-12 -1.38685e-06 -39.4653 0 0 0 1 
				12
				1.38685e-06 -1.49724e-06 -1 2.58001e-05 0 -1 1.49724e-06 -2.56157e-05 -1 -2.07645e-12 -1.38685e-06 -39.0032 0 0 0 1 
				13
				1.38685e-06 -1.36408e-06 -1 2.58001e-05 0 -1 1.36408e-06 -2.55963e-05 -1 -1.89178e-12 -1.38685e-06 -38.5996 0 0 0 1 
				14
				1.38685e-06 -1.36408e-06 -1 2.58001e-05 0 -1 1.36408e-06 -2.5582e-05 -1 -1.89178e-12 -1.38685e-06 -38.3163 0 0 0 1 
				15
				1.38685e-06 -1.36408e-06 -1 2.58001e-05 0 -1 1.36408e-06 -2.5576e-05 -1 -1.89178e-12 -1.38685e-06 -38.2153 0 0 0 1 
				16
				1.38685e-06 -1.36408e-06 -1 2.58001e-05 0 -1 1.36408e-06 -2.55837e-05 -1 -1.89178e-12 -1.38685e-06 -38.3375 0 0 0 1 
				17
				1.38685e-06 -1.36408e-06 -1 2.58001e-05 0 -1 1.36408e-06 -2.55999e-05 -1 -1.89178e-12 -1.38685e-06 -38.6451 0 0 0 1 
				18
				1.38685e-06 -1.36408e-06 -1 2.58001e-05 0 -1 1.36408e-06 -2.56236e-05 -1 -1.89178e-12 -1.38685e-06 -39.0742 0 0 0 1 
				19
				1.38685e-06 -1.36408e-06 -1 2.58001e-05 0 -1 1.36408e-06 -2.56484e-05 -1 -1.89178e-12 -1.38685e-06 -39.5612 0 0 0 1 
				20
				1.38685e-06 -1.36408e-06 -1 2.58001e-05 0 -1 1.36408e-06 -2.56724e-05 -1 -1.89178e-12 -1.38685e-06 -40.0442 0 0 0 1 
				21
				1.38685e-06 -1.36408e-06 -1 2.58001e-05 0 -1 1.36408e-06 -2.56892e-05 -1 -1.89178e-12 -1.38685e-06 -40.4614 0 0 0 1 
				22
				1.38685e-06 -1.36408e-06 -1 2.58001e-05 0 -1 1.36408e-06 -2.57015e-05 -1 -1.89178e-12 -1.38685e-06 -40.7491 0 0 0 1 
				23
				1.38685e-06 -1.36408e-06 -1 2.58001e-05 0 -1 1.36408e-06 -2.57007e-05 -1 -1.89178e-12 -1.38685e-06 -40.8436 0 0 0 1 
				24
				1.38685e-06 -1.36408e-06 -1 2.58001e-05 0 -1 1.36408e-06 -2.56858e-05 -1 -1.89178e-12 -1.38685e-06 -40.7395 0 0 0 1 
				25
				1.38685e-06 -1.36408e-06 -1 2.58001e-05 0 -1 1.36408e-06 -2.56607e-05 -1 -1.89178e-12 -1.38685e-06 -40.4925 0 0 0 1 
				26
				1.38685e-06 -1.36408e-06 -1 2.58001e-05 0 -1 1.36408e-06 -2.56294e-05 -1 -1.89178e-12 -1.38685e-06 -40.1358 0 0 0 1 
				27
				1.38685e-06 -1.36408e-06 -1 2.58001e-05 0 -1 1.36408e-06 -2.55905e-05 -1 -1.89178e-12 -1.38685e-06 -39.703 0 0 0 1 
				28
				1.38685e-06 -1.36408e-06 -1 2.58001e-05 0 -1 1.36408e-06 -2.55542e-05 -1 -1.89178e-12 -1.38685e-06 -39.2264 0 0 0 1 
				29
				1.38685e-06 -1.36408e-06 -1 2.58001e-05 0 -1 1.36408e-06 -2.55124e-05 -1 -1.89178e-12 -1.38685e-06 -38.7383 0 0 0 1 
				30
				1.38685e-06 -1.36408e-06 -1 2.58001e-05 0 -1 1.36408e-06 -2.54716e-05 -1 -1.89178e-12 -1.38685e-06 -38.2721 0 0 0 1 
				31
				1.38685e-06 -1.36408e-06 -1 2.58001e-05 0 -1 1.36408e-06 -2.54372e-05 -1 -1.89178e-12 -1.38685e-06 -37.8612 0 0 0 1 
		</Joint>
			6
		</Joint>
			7
				-1
				0.950312 -1.23036e-06 -0.3113 1.35949 1.5982e-06 1 9.26503e-07 -2.03057e-05 0.3113 -1.37798e-06 0.950312 -35.3335 0 0 0 1 
				0
				0.950312 -1.36355e-06 -0.3113 1.35949 1.72473e-06 1 8.84934e-07 -2.01591e-05 0.3113 -1.37787e-06 0.950312 -35.7231 0 0 0 1 
				1
				0.950312 -1.23036e-06 -0.3113 1.35949 1.5982e-06 1 9.26503e-07 -2.03783e-05 0.3113 -1.37798e-06 0.950312 -36.1651 0 0 0 1 
				2
				0.950312 -1.36355e-06 -0.3113 1.35949 1.72473e-06 1 8.84934e-07 -2.02348e-05 0.3113 -1.37787e-06 0.950312 -36.6277 0 0 0 1 
				3
				0.950312 -1.23036e-06 -0.3113 1.35949 1.5982e-06 1 9.26503e-07 -2.04544e-05 0.3113 -1.37798e-06 0.950312 -37.0795 0 0 0 1 
				4
				0.950312 -1.23036e-06 -0.3113 1.35949 1.5982e-06 1 9.26503e-07 -2.04875e-05 0.3113 -1.37798e-06 0.950312 -37.4899 0 0 0 1 
				5
				0.950312 -1.36355e-06 -0.3113 1.35949 1.72473e-06 1 8.84934e-07 -2.03361e-05 0.3113 -1.37787e-06 0.950312 -37.8282 0 0 0 1 
				6
				0.950312 -1.36355e-06 -0.3113 1.35949 1.72473e-06 1 8.84934e-07 -2.03602e-05 0.3113 -1.37787e-06 0.950312 -38.063 0 0 0 1 
				7
				0.950312 -1.36355e-06 -0.3113 1.35949 1.72473e-06 1 8.84934e-07 -2.03718e-05 0.3113 -1.37787e-06 0.950312 -38.1626 0 0 0 1 
				8
				0.950312 -1.36355e-06 -0.3113 1.35949 1.72473e-06 1 8.84934e-07 -2.03752e-05 0.3113 -1.37787e-06 0.950312 -38.0726 0 0 0 1 
				9
				0.950312 -1.36355e-06 -0.3113 1.35949 1.72473e-06 1 8.84934e-07 -2.03664e-05 0.3113 -1.37787e-06 0.950312 -37.7972 0 0 0 1 
				10
				0.950312 -1.23036e-06 -0.3113 1.35949 1.5982e-06 1 9.26503e-07 -2.05305e-05 0.3113 -1.37798e-06 0.950312 -37.3982 0 0 0 1 
				11
				0.950312 -1.36355e-06 -0.3113 1.35949 1.72473e-06 1 8.84934e-07 -2.03256e-05 0.3113 -1.37787e-06 0.950312 -36.9377 0 0 0 1 
				12
				0.950312 -1.23036e-06 -0.3113 1.35949 1.5982e-06 1 9.26503e-07 -2.0486e-05 0.3113 -1.37798e-06 0.950312 -36.4755 0 0 0 1 
				13
				0.950312 -1.36355e-06 -0.3113 1.35949 1.72473e-06 1 8.84934e-07 -2.02846e-05 0.3113 -1.37787e-06 0.950312 -36.0719 0 0 0 1 
				14
				0.950312 -1.36355e-06 -0.3113 1.35949 1.72473e-06 1 8.84934e-07 -2.02692e-05 0.3113 -1.37787e-06 0.950312 -35.7886 0 0 0 1 
				15
				0.950312 -1.36355e-06 -0.3113 1.35949 1.72473e-06 1 8.84934e-07 -2.02635e-05 0.3113 -1.37787e-06 0.950312 -35.6876 0 0 0 1 
				16
				0.950312 -1.36352e-06 -0.3113 1.35949 1.72474e-06 1 8.8505e-07 -2.02729e-05 0.3113 -1.37798e-06 0.950312 -35.8098 0 0 0 1 
				17
				0.950312 -1.36355e-06 -0.3113 1.35949 1.72473e-06 1 8.84934e-07 -2.02882e-05 0.3113 -1.37787e-06 0.950312 -36.1174 0 0 0 1 
				18
				0.950312 -1.36352e-06 -0.3113 1.35949 1.72474e-06 1 8.8505e-07 -2.0311e-05 0.3113 -1.37798e-06 0.950312 -36.5465 0 0 0 1 
				19
				0.950312 -1.36355e-06 -0.3113 1.35949 1.72473e-06 1 8.84934e-07 -2.03358e-05 0.3113 -1.37787e-06 0.950312 -37.0335 0 0 0 1 
				20
				0.950312 -1.36352e-06 -0.3113 1.35949 1.72474e-06 1 8.8505e-07 -2.03587e-05 0.3113 -1.37798e-06 0.950312 -37.5165 0 0 0 1 
				21
				0.950312 -1.36355e-06 -0.3113 1.35949 1.72473e-06 1 8.84934e-07 -2.03775e-05 0.3113 -1.37787e-06 0.950312 -37.9337 0 0 0 1 
				22
				0.950312 -1.36352e-06 -0.3113 1.35949 1.72474e-06 1 8.8505e-07 -2.03906e-05 0.3113 -1.37798e-06 0.950312 -38.2214 0 0 0 1 
				23
				0.950312 -1.36355e-06 -0.3113 1.35949 1.72473e-06 1 8.84934e-07 -2.03862e-05 0.3113 -1.37787e-06 0.950312 -38.3159 0 0 0 1 
				24
				0.950312 -1.36352e-06 -0.3113 1.35949 1.72474e-06 1 8.8505e-07 -2.03747e-05 0.3113 -1.37798e-06 0.950312 -38.2118 0 0 0 1 
				25
				0.950312 -1.36355e-06 -0.3113 1.35949 1.72473e-06 1 8.84934e-07 -2.035e-05 0.3113 -1.37787e-06 0.950312 -37.9648 0 0 0 1 
				26
				0.950312 -1.36352e-06 -0.3113 1.35949 1.72474e-06 1 8.8505e-07 -2.03176e-05 0.3113 -1.37798e-06 0.950312 -37.6082 0 0 0 1 
				27
				0.950312 -1.36355e-06 -0.3113 1.35949 1.72473e-06 1 8.84934e-07 -2.02779e-05 0.3113 -1.37787e-06 0.950312 -37.1753 0 0 0 1 
				28
				0.950312 -1.36352e-06 -0.3113 1.35949 1.72474e-06 1 8.8505e-07 -2.02415e-05 0.3113 -1.37798e-06 0.950312 -36.6987 0 0 0 1 
				29
				0.950312 -1.36355e-06 -0.3113 1.35949 1.72473e-06 1 8.84934e-07 -2.02006e-05 0.3113 -1.37787e-06 0.950312 -36.2106 0 0 0 1 
				30
				0.950312 -1.36352e-06 -0.3113 1.35949 1.72474e-06 1 8.8505e-07 -2.01595e-05 0.3113 -1.37798e-06 0.950312 -35.7444 0 0 0 1 
				31
				0.950312 -1.36355e-06 -0.3113 1.35949 1.72473e-06 1 8.84934e-07 -2.01246e-05 0.3113 -1.37787e-06 0.950312 -35.3335 0 0 0 1 
		</Joint>
			8
				-1
				0.131636 -0.0719999 -0.98868 6.72093 -0.688527 0.710883 -0.143442 -1.12891e-05 0.713163 0.699615 0.0440036 -33.5772 0 0 0 1 
				0
				0.128439 -0.0762492 -0.988782 6.72093 -0.599943 0.78793 -0.138691 -1.04286e-05 0.789665 0.611026 0.0554558 -33.9668 0 0 0 1 
				1
				0.124224 -0.080492 -0.988984 6.72093 -0.493314 0.859786 -0.131941 -1.13617e-05 0.860935 0.50427 0.0670986 -34.4088 0 0 0 1 
				2
				0.11918 -0.084379 -0.989281 6.72093 -0.370418 0.920665 -0.123151 -1.05043e-05 0.921188 0.381124 0.0784694 -34.8714 0 0 0 1 
				3
				0.113669 -0.087624 -0.989647 6.72093 -0.234588 0.965571 -0.112437 -1.14377e-05 0.965426 0.24494 0.0892004 -35.3232 0 0 0 1 
				4
				0.107607 -0.0901033 -0.990102 6.72093 -0.090488 0.990864 -0.100007 -1.14709e-05 0.990067 0.100354 0.0984707 -35.7336 0 0 0 1 
				5
				0.101086 -0.0916592 -0.990646 6.72093 0.0566315 0.994663 -0.0862521 -1.06056e-05 0.993265 -0.0473828 0.105738 -36.072 0 0 0 1 
				6
				0.0944532 -0.0922192 -0.991249 6.72093 0.200996 0.976962 -0.0717377 -1.06297e-05 0.975028 -0.192461 0.110813 -36.3067 0 0 0 1 
				7
				0.0878331 -0.0918088 -0.991895 6.72093 0.336992 0.939772 -0.0571434 -1.06413e-05 0.937402 -0.329242 0.113482 -36.4063 0 0 0 1 
				8
				0.0816738 -0.0905547 -0.992537 6.72093 0.460157 0.886794 -0.0430419 -1.06447e-05 0.884073 -0.453207 0.114097 -36.3163 0 0 0 1 
				9
				0.0763935 -0.088727 -0.993122 6.72093 0.567215 0.823027 -0.0298988 -1.06359e-05 0.820019 -0.56103 0.113201 -36.0409 0 0 0 1 
				10
				0.0718548 -0.0865166 -0.993656 6.72093 0.656333 0.754251 -0.0182101 -1.15138e-05 0.751041 -0.650861 0.11098 -35.6419 0 0 0 1 
				11
				0.0680151 -0.0841309 -0.994131 6.72093 0.727067 0.686516 -0.00835476 -1.05951e-05 0.68319 -0.722231 0.107862 -35.1814 0 0 0 1 
				12
				0.06504 -0.0818869 -0.994517 6.72093 0.780089 0.625668 -0.000499695 -1.14693e-05 0.622278 -0.77578 0.104573 -34.7193 0 0 0 1 
				13
				0.062973 -0.0800672 -0.994798 6.72093 0.81672 0.57701 0.00525912 -1.05541e-05 0.573588 -0.812803 0.101729 -34.3156 0 0 0 1 
				14
				0.0617261 -0.0788534 -0.994973 6.72093 0.838286 0.54516 0.00880062 -1.05387e-05 0.541726 -0.834615 0.0997523 -34.0323 0 0 0 1 
				15
				0.0612958 -0.0784147 -0.995035 6.72093 0.845492 0.533894 0.0100097 -1.05329e-05 0.530458 -0.841907 0.0990245 -33.9313 0 0 0 1 
				16
				0.0617262 -0.0788533 -0.994974 6.72093 0.838286 0.54516 0.00880074 -1.05423e-05 0.541726 -0.834615 0.0997523 -34.0535 0 0 0 1 
				17
				0.062973 -0.0800672 -0.994798 6.72093 0.81672 0.57701 0.00525911 -1.05577e-05 0.573588 -0.812803 0.101729 -34.3611 0 0 0 1 
				18
				0.0650399 -0.0818869 -0.994517 6.72093 0.780089 0.625668 -0.000499812 -1.05805e-05 0.622278 -0.77578 0.104572 -34.7902 0 0 0 1 
				19
				0.0680151 -0.0841309 -0.994131 6.72093 0.727067 0.686516 -0.00835476 -1.06053e-05 0.68319 -0.722231 0.107862 -35.2772 0 0 0 1 
				20
				0.0718547 -0.0865168 -0.993656 6.72093 0.656334 0.754251 -0.0182103 -1.06281e-05 0.751042 -0.650861 0.11098 -35.7602 0 0 0 1 
				21
				0.0763934 -0.0887271 -0.993122 6.72093 0.567215 0.823027 -0.0298989 -1.0647e-05 0.820019 -0.56103 0.113201 -36.1774 0 0 0 1 
				22
				0.0816738 -0.0905547 -0.992537 6.72093 0.460157 0.886794 -0.0430419 -1.066e-05 0.884073 -0.453207 0.114097 -36.4652 0 0 0 1 
				23
				0.0878331 -0.0918088 -0.991895 6.72093 0.336992 0.939772 -0.0571434 -1.06557e-05 0.937402 -0.329242 0.113482 -36.5596 0 0 0 1 
				24
				0.0944532 -0.0922192 -0.991249 6.72093 0.200996 0.976962 -0.0717377 -1.06441e-05 0.975028 -0.192461 0.110813 -36.4555 0 0 0 1 
				25
				0.101086 -0.0916592 -0.990646 6.72093 0.0566315 0.994663 -0.086252 -1.06195e-05 0.993265 -0.0473829 0.105738 -36.2085 0 0 0 1 
				26
				0.107607 -0.0901034 -0.990102 6.72093 -0.090488 0.990864 -0.100007 -1.05871e-05 0.990067 0.100354 0.0984708 -35.8519 0 0 0 1 
				27
				0.113669 -0.0876242 -0.989647 6.72093 -0.234587 0.965571 -0.112437 -1.05474e-05 0.965426 0.244939 0.0892004 -35.4191 0 0 0 1 
				28
				0.11918 -0.0843788 -0.989281 6.72093 -0.370418 0.920665 -0.123151 -1.05109e-05 0.921188 0.381125 0.0784695 -34.9424 0 0 0 1 
				29
				0.124225 -0.0804922 -0.988984 6.72093 -0.493314 0.859786 -0.131941 -1.04701e-05 0.860935 0.50427 0.0670986 -34.4543 0 0 0 1 
				30
				0.128439 -0.0762491 -0.988782 6.72093 -0.599943 0.78793 -0.138691 -1.04289e-05 0.789665 0.611026 0.0554559 -33.9881 0 0 0 1 
				31
				0.131636 -0.0720001 -0.98868 6.72093 -0.688527 0.710883 -0.143442 -1.03941e-05 0.713163 0.699615 0.0440035 -33.5772 0 0 0 1 
		</Joint>
			9
				-1
				0.0770685 0.128734 -0.98868 7.57105 -0.737141 -0.660339 -0.143442 -4.44662 -0.67133 0.739851 0.0440036 -28.9715 0 0 0 1 
				0
				0.0765875 0.128238 -0.988782 7.55041 -0.789508 -0.597864 -0.138691 -3.87452 -0.608943 0.791273 0.0554558 -28.8671 0 0 0 1 
				1
				0.0758222 0.127129 -0.988984 7.52319 -0.840869 -0.52491 -0.131941 -3.1859 -0.535901 0.84161 0.0670986 -28.8487 0 0 0 1 
				2
				0.0746326 0.125514 -0.989281 7.49061 -0.888287 -0.44247 -0.123151 -2.39222 -0.453185 0.887956 0.0784694 -28.9223 0 0 0 1 
				3
				0.0728985 0.123631 -0.989647 7.45502 -0.92916 -0.352164 -0.112437 -1.51501 -0.362418 0.927737 0.0892004 -29.0884 0 0 0 1 
				4
				0.0706779 0.121254 -0.990102 7.41587 -0.961437 -0.256196 -0.100007 -0.584395 -0.265787 0.958989 0.0984707 -29.3396 0 0 0 1 
				5
				0.0679784 0.118317 -0.990646 7.37376 -0.983839 -0.156914 -0.0862521 0.365723 -0.165651 0.9805 0.105738 -29.6573 0 0 0 1 
				6
				0.064817 0.114998 -0.991249 7.33092 -0.995788 -0.0570957 -0.0717377 1.29805 -0.0648457 0.991724 0.110813 -30.0099 0 0 0 1 
				7
				0.0613102 0.111286 -0.991895 7.28817 -0.997554 0.0402562 -0.0571434 2.17633 0.0335707 0.992973 0.113482 -30.3524 0 0 0 1 
				8
				0.0575299 0.107522 -0.992537 7.24839 -0.990246 0.132514 -0.0430418 2.97174 0.126897 0.985332 0.114097 -30.6069 0 0 0 1 
				9
				0.0536103 0.104088 -0.993122 7.21429 -0.97566 0.217242 -0.0298987 3.66314 0.212636 0.970552 0.113201 -30.7451 0 0 0 1 
				10
				0.0497677 0.100853 -0.993656 7.18498 -0.956123 0.2924 -0.0182101 4.23868 0.288708 0.950963 0.11098 -30.7916 0 0 0 1 
				11
				0.0461999 0.0978245 -0.994131 7.16018 -0.934316 0.356349 -0.00835472 4.69548 0.35344 0.929218 0.107862 -30.7692 0 0 0 1 
				12
				0.0431001 0.0952788 -0.994517 7.14097 -0.913064 0.407816 -0.000499695 5.03791 0.405532 0.908079 0.104573 -30.7005 0 0 0 1 
				13
				0.0406694 0.0933936 -0.994798 7.12762 -0.895114 0.445807 0.00525915 5.27448 0.443979 0.890244 0.101729 -30.6113 0 0 0 1 
				14
				0.0390945 0.0921932 -0.994973 7.11957 -0.882946 0.469392 0.00880065 5.41375 0.467843 0.878164 0.0997523 -30.5338 0 0 0 1 
				15
				0.038539 0.0917649 -0.995035 7.11679 -0.878567 0.477515 0.0100097 5.46029 0.476062 0.873819 0.0990245 -30.5056 0 0 0 1 
				16
				0.0390944 0.0921933 -0.994974 7.11957 -0.882946 0.469392 0.00880074 5.41375 0.467844 0.878164 0.0997523 -30.555 0 0 0 1 
				17
				0.0406694 0.0933936 -0.994798 7.12762 -0.895114 0.445807 0.00525914 5.27448 0.443979 0.890244 0.101729 -30.6568 0 0 0 1 
				18
				0.0431002 0.0952787 -0.994517 7.14097 -0.913064 0.407816 -0.000499812 5.03791 0.405533 0.908079 0.104572 -30.7715 0 0 0 1 
				19
				0.0461999 0.0978245 -0.994131 7.16018 -0.934316 0.356349 -0.00835472 4.69548 0.35344 0.929218 0.107862 -30.8651 0 0 0 1 
				20
				0.0497679 0.100853 -0.993656 7.18498 -0.956123 0.2924 -0.0182103 4.23868 0.288708 0.950963 0.11098 -30.9099 0 0 0 1 
				21
				0.0536105 0.104088 -0.993122 7.21429 -0.97566 0.217242 -0.0298989 3.66314 0.212636 0.970552 0.113201 -30.8816 0 0 0 1 
				22
				0.05753 0.107522 -0.992537 7.24839 -0.990246 0.132514 -0.0430419 2.97174 0.126897 0.985332 0.114097 -30.7557 0 0 0 1 
				23
				0.0613102 0.111286 -0.991895 7.28817 -0.997554 0.0402562 -0.0571434 2.17633 0.0335707 0.992973 0.113482 -30.5057 0 0 0 1 
				24
				0.064817 0.114998 -0.991249 7.33092 -0.995788 -0.0570957 -0.0717377 1.29805 -0.0648458 0.991724 0.110813 -30.1587 0 0 0 1 
				25
				0.0679784 0.118317 -0.990646 7.37376 -0.983839 -0.156913 -0.086252 0.365723 -0.165651 0.9805 0.105738 -29.7939 0 0 0 1 
				26
				0.070678 0.121254 -0.990102 7.41587 -0.961437 -0.256196 -0.100007 -0.584394 -0.265787 0.958989 0.0984708 -29.4579 0 0 0 1 
				27
