<?xml version='1.0' encoding='UTF-8' ?>
<itpanim>
	<skeleton count>
		25
			0 -1
			1.37091e-06 -1 -6.12323e-17 1e-06 1 1.37091e-06 -6.12323e-17 -1.37266e-12 6.12323e-17 -6.12323e-17 1 28.5847 0 0 0 1 
			1 0
			1.3868e-06 -2.28068e-12 -1 -28.5847 2.75771e-06 -1 6.10495e-12 1.00011e-06 -1 -2.75771e-06 -1.3868e-06 -3.96413e-05 0 0 0 1 
			2 1
			-0.000205999 -0.000823318 -1 -32.3694 -1.2413e-06 -1 0.000823318 0.0334634 -1 1.41091e-06 0.000205998 0.006668 0 0 0 1 
			3 2
			-0.000383998 -0.00100932 -0.999999 -40.926 -1.01137e-06 -0.999999 0.00100932 0.0478891 -1 1.39895e-06 0.000383997 0.0139528 0 0 0 1 
			4 3
			-0.000383998 -0.00100932 -0.999999 -49.4827 -1.01137e-06 -0.999999 0.00100932 0.0505055 -1 1.39895e-06 0.000383997 0.0139528 0 0 0 1 
			5 4
			1.34309e-06 9.82436e-13 -1 -52.7685 -1.40269e-06 -1 -2.86637e-12 -0.00275479 -1 1.40269e-06 -1.34309e-06 -0.00638105 0 0 0 1 
			6 5
			1 -0 0 0 0 1 0 0 -0 -0 1 -0 0 0 0 1 
			7 4
			0.950432 6.75818e-05 0.310933 13.7112 -1.42282e-06 1 -0.000213002 -0.00848516 -0.310933 0.000202002 0.950432 47.5785 0 0 0 1 
			8 7
			0.476976 0.0235792 0.8786 37.3074 0.0457757 0.997617 -0.0516241 -2.835 -0.877724 0.064842 0.47476 30.0749 0 0 0 1 
			9 8
			0.476835 0.0205565 0.878752 28.9208 0.0472206 0.997684 -0.0489619 -2.74739 -0.877724 0.064842 0.47476 30.0749 0 0 0 1 
			10 9
			0.476835 0.0205565 0.878752 20.0548 -0.877686 0.0656364 0.474721 30.0727 -0.0479195 -0.997632 0.0493399 2.77133 0 0 0 1 
			11 4
			-0.950193 6.50589e-05 0.311663 13.7378 -1.39561e-06 1 -0.000213002 -0.00848516 -0.311663 -0.000202828 -0.950193 -47.5698 0 0 0 1 
			12 11
			-0.476976 0.0235779 0.8786 37.2976 -0.0457784 0.997617 -0.0516241 -2.83503 -0.877723 -0.0648444 -0.47476 -30.0791 0 0 0 1 
			13 12
			-0.476835 0.0205552 0.878752 28.9109 -0.0472234 0.997684 -0.0489619 -2.74745 -0.877723 -0.0648444 -0.47476 -30.0791 0 0 0 1 
			14 13
			-0.476835 0.0205552 0.878752 20.045 0.877685 0.0656388 0.474721 30.0769 -0.0479222 0.997632 -0.0493399 -2.7714 0 0 0 1 
			15 2
			1.37369e-06 -0.0998331 0.995004 28.4419 0 -0.995004 -0.0998331 -2.8537 1 1.3714e-07 -1.36683e-06 -5.53938 0 0 0 1 
			16 15
			1.37369e-06 0.0998335 0.995004 16.029 0 -0.995004 0.0998335 0.337498 1 -1.3714e-07 -1.36683e-06 -5.53938 0 0 0 1 
			17 16
			1.3716e-06 -6.00745e-14 1 3.38056 0 -1 -6.00745e-14 5.01e-06 1 8.23984e-20 -1.3716e-06 -5.53938 0 0 0 1 
			18 17
			1.3716e-06 -1 -6.12323e-17 -7.15885 0 6.12323e-17 -1 -0.467524 1 1.3716e-06 8.39865e-23 -5.53938 0 0 0 1 
			19 18
			1 -0 0 0 0 1 0 0 -0 -0 1 -0 0 0 0 1 
			20 2
			1.37369e-06 -0.0998331 0.995004 28.4419 0 -0.995004 -0.0998331 -2.8537 1 1.3714e-07 -1.36683e-06 5.53939 0 0 0 1 
			21 20
			1.37369e-06 0.0998335 0.995004 16.029 0 -0.995004 0.0998335 0.337498 1 -1.3714e-07 -1.36683e-06 5.53939 0 0 0 1 
			22 21
			1.3716e-06 -6.00745e-14 1 3.38056 0 -1 -6.00745e-14 5.01e-06 1 8.23984e-20 -1.3716e-06 5.53939 0 0 0 1 
			23 22
			1.3716e-06 -1 -6.12323e-17 -7.15885 0 6.12323e-17 -1 -0.467524 1 1.3716e-06 8.39865e-23 5.53939 0 0 0 1 
			24 23
			1 -0 0 0 0 1 0 0 -0 -0 1 -0 0 0 0 1 
	</skeleton>
		<animations>
			25
			0
				-1
				1.46474e-06 1 0 0 -1 1.46474e-06 0 8.9233e-07 -0 -0 1 -26.7661 0 0 0 1 
				0
				1.32883e-06 1 8.87788e-08 0 -0.997934 1.33179e-06 -0.0642422 6.27309 -0.0642422 -3.22846e-09 0.997934 -29.1984 0 0 0 1 
				1
				1.32275e-06 1 1.52393e-07 0 -0.993368 1.3315e-06 -0.114978 12.4742 -0.114978 7.04957e-10 0.993368 -32.2363 0 0 0 1 
				2
				1.43792e-06 1 2.86703e-07 0 -0.981694 1.46621e-06 -0.190466 18.8127 -0.190466 -7.57849e-09 0.981694 -34.1183 0 0 0 1 
				3
				1.25874e-06 1 4.18621e-07 0 -0.945295 1.32644e-06 -0.326217 25.4979 -0.326217 1.49012e-08 0.945295 -33.083 0 0 0 1 
				4
				1.12716e-06 1 7.04344e-07 0 -0.846482 1.32912e-06 -0.532418 33.2509 -0.532418 3.90512e-09 0.846482 -27.2606 0 0 0 1 
				5
				8.73942e-07 1 1.02827e-06 0 -0.656319 1.3494e-06 -0.754484 41.7698 -0.754484 -1.54973e-08 0.656319 -17.9745 0 0 0 1 
				6
				5.66425e-07 1 1.37277e-06 0 -0.386708 1.48501e-06 -0.922202 49.6263 -0.922202 -8.50252e-09 0.386708 -8.57509 0 0 0 1 
				7
				1.21707e-07 1 9.99943e-07 0 -0.0914003 1.00688e-06 -0.995814 55.3923 -0.995814 2.98023e-08 0.0914003 -2.41247 0 0 0 1 
				8
				1.21707e-07 1 9.99943e-07 0 -0.0914003 1.00688e-06 -0.995814 58.2822 -0.995814 2.98023e-08 0.0914003 -0.880856 0 0 0 1 
				9
				1.21707e-07 1 9.99943e-07 0 -0.0914003 1.00688e-06 -0.995814 59.1574 -0.995814 2.98023e-08 0.0914003 -2.09004 0 0 0 1 
				10
				1.21707e-07 1 9.99943e-07 0 -0.0914003 1.00688e-06 -0.995814 59.2256 -0.995814 2.98023e-08 0.0914003 -4.13241 0 0 0 1 
				11
				1.21707e-07 1 9.99943e-07 0 -0.0914003 1.00688e-06 -0.995814 59.6948 -0.995814 2.98023e-08 0.0914003 -5.10037 0 0 0 1 
				12
				1.21707e-07 1 9.99943e-07 0 -0.0914003 1.00688e-06 -0.995814 60.7292 -0.995814 2.98023e-08 0.0914003 -4.57162 0 0 0 1 
				13
				1.21707e-07 1 9.99943e-07 0 -0.0914003 1.00688e-06 -0.995814 61.7455 -0.995814 2.98023e-08 0.0914003 -3.5147 0 0 0 1 
				14
				1.21707e-07 1 9.99943e-07 0 -0.0914003 1.00688e-06 -0.995814 62.7546 -0.995814 2.98023e-08 0.0914003 -2.24852 0 0 0 1 
				15
				1.21707e-07 1 9.99943e-07 0 -0.0914003 1.00688e-06 -0.995814 63.7675 -0.995814 2.98023e-08 0.0914003 -1.09199 0 0 0 1 
				16
				1.21707e-07 1 9.99943e-07 0 -0.0914003 1.00688e-06 -0.995814 63.7675 -0.995814 2.98023e-08 0.0914003 -1.09199 0 0 0 1 
				17
				1.21707e-07 1 9.99943e-07 0 -0.0914003 1.00688e-06 -0.995814 63.7675 -0.995814 2.98023e-08 0.0914003 -1.09199 0 0 0 1 
				18
				1.21707e-07 1 9.99943e-07 0 -0.0914003 1.00688e-06 -0.995814 63.7675 -0.995814 2.98023e-08 0.0914003 -1.09199 0 0 0 1 
				19
				1.21707e-07 1 9.99943e-07 0 -0.0914003 1.00688e-06 -0.995814 63.7675 -0.995814 2.98023e-08 0.0914003 -1.09199 0 0 0 1 
				20
				1.21707e-07 1 9.99943e-07 0 -0.0914003 1.00688e-06 -0.995814 63.7675 -0.995814 2.98023e-08 0.0914003 -1.09199 0 0 0 1 
				21
				1.21707e-07 1 9.99943e-07 0 -0.0914003 1.00688e-06 -0.995814 63.7675 -0.995814 2.98023e-08 0.0914003 -1.09199 0 0 0 1 
				22
				1.21707e-07 1 9.99943e-07 0 -0.0914003 1.00688e-06 -0.995814 63.7675 -0.995814 2.98023e-08 0.0914003 -1.09199 0 0 0 1 
				23
				1.21707e-07 1 9.99943e-07 0 -0.0914003 1.00688e-06 -0.995814 63.7675 -0.995814 2.98023e-08 0.0914003 -1.09199 0 0 0 1 
		</Joint>
			1
				-1
				1.33158e-06 2.79632e-06 -1 0 0 -1 -2.79632e-06 8.9233e-07 -1 3.72352e-12 -1.33158e-06 -26.7661 0 0 0 1 
				0
				-8.8777e-08 2.66041e-06 -1 0 0.0642408 -0.997934 -2.66062e-06 6.27309 -0.997934 -0.0642408 -8.23134e-08 -29.1984 0 0 0 1 
				1
				-1.52391e-07 2.65433e-06 -1 0 0.114976 -0.993368 -2.65425e-06 12.4742 -0.993368 -0.114976 -1.53805e-07 -32.2363 0 0 0 1 
				2
				-2.86701e-07 2.76951e-06 -1 0 0.190465 -0.981694 -2.77341e-06 18.8127 -0.981694 -0.190465 -2.46041e-07 -34.1183 0 0 0 1 
				3
				-4.18619e-07 2.59032e-06 -1 0 0.326216 -0.945295 -2.58518e-06 25.4979 -0.945295 -0.326216 -4.49284e-07 -33.083 0 0 0 1 
				4
				-7.04342e-07 2.45874e-06 -1 0 0.532417 -0.846482 -2.45628e-06 33.2509 -0.846482 -0.532417 -7.12861e-07 -27.2606 0 0 0 1 
				5
				-1.02827e-06 2.20552e-06 -1 0 0.754483 -0.65632 -2.22334e-06 41.7698 -0.65632 -0.754483 -9.89157e-07 -17.9745 0 0 0 1 
				6
				-1.37277e-06 1.89801e-06 -1 0 0.922202 -0.386709 -1.99995e-06 49.6263 -0.386709 -0.922202 -1.21948e-06 -8.57509 0 0 0 1 
				7
				-9.99943e-07 1.45329e-06 -1 0 0.995814 -0.0914016 -1.12859e-06 55.3923 -0.0914016 -0.995814 -1.35581e-06 -2.41247 0 0 0 1 
				8
				-9.99943e-07 1.45329e-06 -1 0 0.995814 -0.0914016 -1.12859e-06 58.2822 -0.0914016 -0.995814 -1.35581e-06 -0.880856 0 0 0 1 
				9
				-9.99943e-07 1.45329e-06 -1 0 0.995814 -0.0914016 -1.12859e-06 59.1574 -0.0914016 -0.995814 -1.35581e-06 -2.09004 0 0 0 1 
				10
				-9.99943e-07 1.45329e-06 -1 0 0.995814 -0.0914016 -1.12859e-06 59.2256 -0.0914016 -0.995814 -1.35581e-06 -4.13241 0 0 0 1 
				11
				-9.99943e-07 1.45329e-06 -1 0 0.995814 -0.0914016 -1.12859e-06 59.6948 -0.0914016 -0.995814 -1.35581e-06 -5.10037 0 0 0 1 
				12
				-9.99943e-07 1.45329e-06 -1 0 0.995814 -0.0914016 -1.12859e-06 60.7292 -0.0914016 -0.995814 -1.35581e-06 -4.57162 0 0 0 1 
				13
				-9.99943e-07 1.45329e-06 -1 0 0.995814 -0.0914016 -1.12859e-06 61.7455 -0.0914016 -0.995814 -1.35581e-06 -3.5147 0 0 0 1 
				14
				-9.99943e-07 1.45329e-06 -1 0 0.995814 -0.0914016 -1.12859e-06 62.7546 -0.0914016 -0.995814 -1.35581e-06 -2.24852 0 0 0 1 
				15
				-9.99943e-07 1.45329e-06 -1 0 0.995814 -0.0914016 -1.12859e-06 63.7675 -0.0914016 -0.995814 -1.35581e-06 -1.09199 0 0 0 1 
				16
				-9.99943e-07 1.45329e-06 -1 0 0.995814 -0.0914016 -1.12859e-06 63.7675 -0.0914016 -0.995814 -1.35581e-06 -1.09199 0 0 0 1 
				17
				-9.99943e-07 1.45329e-06 -1 0 0.995814 -0.0914016 -1.12859e-06 63.7675 -0.0914016 -0.995814 -1.35581e-06 -1.09199 0 0 0 1 
				18
				-9.99943e-07 1.45329e-06 -1 0 0.995814 -0.0914016 -1.12859e-06 63.7675 -0.0914016 -0.995814 -1.35581e-06 -1.09199 0 0 0 1 
				19
				-9.99943e-07 1.45329e-06 -1 0 0.995814 -0.0914016 -1.12859e-06 63.7675 -0.0914016 -0.995814 -1.35581e-06 -1.09199 0 0 0 1 
				20
				-9.99943e-07 1.45329e-06 -1 0 0.995814 -0.0914016 -1.12859e-06 63.7675 -0.0914016 -0.995814 -1.35581e-06 -1.09199 0 0 0 1 
				21
				-9.99943e-07 1.45329e-06 -1 0 0.995814 -0.0914016 -1.12859e-06 63.7675 -0.0914016 -0.995814 -1.35581e-06 -1.09199 0 0 0 1 
				22
				-9.99943e-07 1.45329e-06 -1 0 0.995814 -0.0914016 -1.12859e-06 63.7675 -0.0914016 -0.995814 -1.35581e-06 -1.09199 0 0 0 1 
				23
				-9.99943e-07 1.45329e-06 -1 0 0.995814 -0.0914016 -1.12859e-06 63.7675 -0.0914016 -0.995814 -1.35581e-06 -1.09199 0 0 0 1 
		</Joint>
			2
				-1
				-0.000204612 -1.20115e-06 -1 5.23844e-06 -0.00082465 -1 1.36988e-06 0.00680798 -1 0.00082465 0.000204611 -30.5508 0 0 0 1 
				0
				-0.000203571 5.45193e-06 -1 4.85705e-06 0.178206 -0.983993 -4.16424e-05 6.52292 -0.983993 -0.178206 0.000199341 -32.974 0 0 0 1 
				1
				-0.000203462 1.18843e-05 -1 4.57253e-06 0.349342 -0.936995 -8.22131e-05 12.9157 -0.936996 -0.349341 0.000186491 -35.9935 0 0 0 1 
				2
				-0.000203933 1.92013e-05 -1 4.01433e-06 0.513218 -0.858258 -0.000121142 19.5394 -0.858258 -0.513218 0.000165173 -37.8302 0 0 0 1 
				3
				-0.000204031 2.82679e-05 -1 3.45317e-06 0.668352 -0.743845 -0.000157391 26.7376 -0.743845 -0.668353 0.000132874 -36.6561 0 0 0 1 
				4
				-0.000202904 4.02965e-05 -1 2.28993e-06 0.807344 -0.590081 -0.000187591 35.27 -0.590081 -0.807344 8.71966e-05 -30.4587 0 0 0 1 
				5
				-0.00019973 5.42213e-05 -1 9.69084e-07 0.915955 -0.401282 -0.000204702 44.628 -0.401282 -0.915955 3.04839e-05 -20.4523 0 0 0 1 
				6
				-0.000194707 6.83421e-05 -1 -4.30962e-07 0.982089 -0.188418 -0.000204096 53.1178 -0.188418 -0.982089 -3.04318e-05 -10.032 0 0 0 1 
				7
				-0.000188395 8.12494e-05 -1 8.92094e-07 0.999441 0.0334528 -0.000185572 59.1609 0.0334527 -0.99944 -8.75062e-05 -2.75159 0 0 0 1 
				8
				-0.000181711 9.48509e-05 -1 7.9943e-07 0.999199 -0.0400193 -0.000185361 62.0513 -0.0400193 -0.999199 -8.7503e-05 -1.21998 0 0 0 1 
				9
				-0.00017354 0.000108728 -1 7.04797e-07 0.993032 -0.117846 -0.000185144 62.927 -0.117846 -0.993032 -8.75195e-05 -2.4292 0 0 0 1 
				10
				-0.000165948 0.000119743 -1 6.29663e-07 0.983305 -0.181966 -0.000184966 62.9957 -0.181966 -0.983305 -8.75469e-05 -4.47164 0 0 0 1 
				11
				-0.000161718 0.000125289 -1 5.92012e-07 0.976591 -0.215106 -0.000184882 63.4651 -0.215106 -0.976591 -8.75696e-05 -5.43965 0 0 0 1 
				12
				-0.000163427 0.00012309 -1 6.06829e-07 0.979406 -0.2019 -0.000184913 64.4994 -0.2019 -0.979406 -8.75589e-05 -4.91088 0 0 0 1 
				13
				-0.000169297 0.000115067 -1 6.61563e-07 0.987996 -0.15448 -0.00018504 65.5154 -0.15448 -0.987996 -8.7533e-05 -3.85389 0 0 0 1 
				14
				-0.000175463 0.000105677 -1 7.25512e-07 0.994941 -0.100461 -0.000185192 66.5241 -0.100461 -0.994941 -8.75147e-05 -2.58767 0 0 0 1 
				15
				-0.000178884 9.99538e-05 -1 7.64643e-07 0.997668 -0.0682538 -0.000185289 67.5368 -0.0682538 -0.997668 -8.75112e-05 -1.43112 0 0 0 1 
				16
				-0.000179851 9.82529e-05 -1 7.76295e-07 0.998271 -0.0587895 -0.000185316 67.5367 -0.0587895 -0.998271 -8.75096e-05 -1.43111 0 0 0 1 
				17
				-0.000180297 9.74537e-05 -1 7.81585e-07 0.998522 -0.0543589 -0.000185328 67.5367 -0.0543589 -0.998521 -8.75089e-05 -1.43111 0 0 0 1 
				18
				-0.000180354 9.73507e-05 -1 7.82289e-07 0.998553 -0.0537889 -0.00018533 67.5367 -0.053789 -0.998552 -8.75087e-05 -1.43111 0 0 0 1 
				19
				-0.000180142 9.77324e-05 -1 7.79714e-07 0.998436 -0.0559033 -0.000185324 67.5367 -0.0559033 -0.998436 -8.7509e-05 -1.43111 0 0 0 1 
				20
				-0.000179772 9.83918e-05 -1 7.75307e-07 0.998225 -0.0595616 -0.000185314 67.5367 -0.0595616 -0.998225 -8.75096e-05 -1.43111 0 0 0 1 
				21
				-0.000179359 9.91226e-05 -1 7.70377e-07 0.997974 -0.0636235 -0.000185302 67.5367 -0.0636235 -0.997974 -8.75103e-05 -1.43111 0 0 0 1 
				22
				-0.000179022 9.97133e-05 -1 7.6634e-07 0.997759 -0.0669127 -0.000185293 67.5368 -0.0669127 -0.997759 -8.75109e-05 -1.43112 0 0 0 1 
				23
				-0.000178884 9.99538e-05 -1 7.64643e-07 0.997668 -0.0682538 -0.000185289 67.5368 -0.0682538 -0.997668 -8.75112e-05 -1.43112 0 0 0 1 
		</Joint>
			3
				-1
				-0.000382612 -9.80783e-07 -1 -0.00174557 -0.00101065 -0.999999 1.36747e-06 0.00656518 -0.999999 0.00101065 0.00038261 -39.1075 0 0 0 1 
				0
				-0.000381621 -8.26851e-06 -1 -0.001737 0.213738 -0.976891 -7.34894e-05 8.05443 -0.976891 -0.213738 0.00037457 -41.3922 0 0 0 1 
				1
				-0.000381496 -1.6571e-05 -1 -0.00173628 0.418425 -0.908251 -0.000144577 15.9111 -0.908252 -0.418425 0.000353428 -44.0081 0 0 0 1 
				2
				-0.000382062 -2.24762e-05 -1 -0.00174084 0.603761 -0.797166 -0.000212756 23.9362 -0.797166 -0.603761 0.000318136 -45.1699 0 0 0 1 
				3
				-0.000382784 -2.26344e-05 -1 -0.00174223 0.761218 -0.648496 -0.000276703 32.4609 -0.648496 -0.761218 0.000265463 -43.0157 0 0 0 1 
				4
				-0.000383128 -1.56347e-05 -1 -0.0017338 0.884802 -0.465967 -0.000331707 42.1813 -0.465967 -0.884802 0.000192359 -35.5018 0 0 0 1 
				5
				-0.000382022 -3.46547e-06 -1 -0.00170805 0.966115 -0.25811 -0.000368183 52.4673 -0.25811 -0.966115 0.000101952 -23.8793 0 0 0 1 
				6
				-0.000379135 1.27348e-05 -1 -0.00166657 0.999134 -0.0415976 -0.000379336 61.5215 -0.0415976 -0.999134 3.04727e-06 -11.6374 0 0 0 1 
				7
				-0.000374323 3.19542e-05 -1 -0.00161138 0.986145 0.165886 -0.000363836 67.7116 0.165886 -0.986145 -9.36063e-05 -2.45863 0 0 0 1 
				8
				-0.000367653 5.86371e-05 -1 -0.00155446 0.998215 0.0597263 -0.000363495 70.6007 0.0597262 -0.998215 -8.0491e-05 -1.55561 0 0 0 1 
				9
				-0.000356736 9.08909e-05 -1 -0.00148486 0.997726 -0.0674052 -0.000362051 71.4245 -0.0674053 -0.997726 -6.66383e-05 -3.43077 0 0 0 1 
				10
				-0.000344131 0.000119323 -1 -0.00142016 0.983583 -0.180456 -0.000360014 71.4107 -0.180456 -0.983583 -5.52637e-05 -6.02197 0 0 0 1 
				11
				-0.000335461 0.000136157 -1 -0.00138412 0.969241 -0.246114 -0.000358653 71.8231 -0.246114 -0.969241 -4.94073e-05 -7.27363 0 0 0 1 
				12
				-0.000335621 0.000137939 -1 -0.00139874 0.969691 -0.244336 -0.000359152 72.8815 -0.244336 -0.969691 -5.17539e-05 -6.63186 0 0 0 1 
				13
				-0.000342014 0.000129718 -1 -0.00144886 0.980602 -0.196009 -0.000360805 73.9707 -0.196009 -0.980602 -6.01634e-05 -5.16905 0 0 0 1 
				14
				-0.000349366 0.000118323 -1 -0.00150148 0.990725 -0.135885 -0.000362204 75.0384 -0.135885 -0.990725 -6.97524e-05 -3.44053 0 0 0 1 
				15
				-0.000353426 0.000111382 -1 -0.00153066 0.994987 -0.100008 -0.000362794 76.0741 -0.100008 -0.994987 -7.54778e-05 -2.00836 0 0 0 1 
				16
				-0.000354447 0.000109713 -1 -0.00153891 0.99589 -0.0905682 -0.000362926 76.0792 -0.0905682 -0.99589 -7.71601e-05 -1.92737 0 0 0 1 
				17
				-0.000354918 0.000108928 -1 -0.00154272 0.996282 -0.0861478 -0.000362983 76.0813 -0.0861478 -0.996282 -7.79476e-05 -1.88945 0 0 0 1 
				18
				-0.000354979 0.000108827 -1 -0.00154321 0.996332 -0.0855791 -0.00036299 76.0815 -0.0855791 -0.996332 -7.80489e-05 -1.88458 0 0 0 1 
				19
				-0.000354754 0.000109202 -1 -0.00154139 0.996148 -0.0876887 -0.000362963 76.0806 -0.0876887 -0.996148 -7.7673e-05 -1.90267 0 0 0 1 
				20
				-0.000354364 0.000109849 -1 -0.00153824 0.99582 -0.0913384 -0.000362916 76.0788 -0.0913384 -0.99582 -7.70228e-05 -1.93398 0 0 0 1 
				21
				-0.000353927 0.000110566 -1 -0.00153472 0.99544 -0.0953902 -0.00036286 76.0767 -0.0953903 -0.99544 -7.63008e-05 -1.96874 0 0 0 1 
				22
				-0.000353572 0.000111146 -1 -0.00153184 0.99512 -0.0986709 -0.000362813 76.0749 -0.098671 -0.99512 -7.57162e-05 -1.99689 0 0 0 1 
				23
				-0.000353426 0.000111382 -1 -0.00153066 0.994987 -0.100008 -0.000362794 76.0741 -0.100008 -0.994987 -7.54778e-05 -2.00836 0 0 0 1 
		</Joint>
			4
				-1
				-0.000382612 -9.80783e-07 -1 -0.00501945 -0.00101065 -0.999999 1.36747e-06 0.0005338 -0.999999 0.00101065 0.00038261 -47.6641 0 0 0 1 
				0
				-0.000381621 -8.26851e-06 -1 -0.00500239 0.213738 -0.976891 -7.34894e-05 9.88586 -0.976891 -0.213738 0.00037457 -49.7506 0 0 0 1 
				1
				-0.000381496 -1.65711e-05 -1 -0.00500058 0.418425 -0.908251 -0.000144577 19.4938 -0.908252 -0.418425 0.000353428 -51.7786 0 0 0 1 
				2
				-0.000382062 -2.24763e-05 -1 -0.00500995 0.603761 -0.797166 -0.000212756 29.1045 -0.797166 -0.603761 0.000318136 -51.9894 0 0 0 1 
				3
				-0.000382784 -2.26344e-05 -1 -0.00501753 0.761218 -0.648496 -0.000276703 38.9761 -0.648496 -0.761218 0.000265463 -48.5627 0 0 0 1 
				4
				-0.000383128 -1.56347e-05 -1 -0.00501206 0.884802 -0.465967 -0.000331707 49.7535 -0.465967 -0.884802 0.000192358 -39.4866 0 0 0 1 
				5
				-0.000382022 -3.46548e-06 -1 -0.00497688 0.966115 -0.25811 -0.000368183 60.7347 -0.25811 -0.966115 0.000101952 -26.0853 0 0 0 1 
				6
				-0.000379135 1.27348e-05 -1 -0.00491074 0.999134 -0.0415976 -0.000379336 70.0709 -0.0415976 -0.999134 3.04727e-06 -11.9907 0 0 0 1 
				7
				-0.000374323 3.19542e-05 -1 -0.00481441 0.986145 0.165886 -0.000363836 76.1493 0.165886 -0.986145 -9.36063e-05 -1.03662 0 0 0 1 
				8
				-0.000367653 5.86371e-05 -1 -0.0047005 0.998215 0.0597263 -0.000363495 79.142 0.0597262 -0.998215 -8.0491e-05 -1.04194 0 0 0 1 
				9
				-0.000356736 9.08909e-05 -1 -0.00453757 0.997726 -0.0674053 -0.000362051 79.9619 -0.0674053 -0.997726 -6.66383e-05 -4.00493 0 0 0 1 
				10
				-0.000344131 0.000119323 -1 -0.00436508 0.983583 -0.180456 -0.000360014 79.8274 -0.180456 -0.983583 -5.52637e-05 -7.56349 0 0 0 1 
				11
				-0.000335461 0.000136157 -1 -0.00425491 0.969241 -0.246114 -0.000358653 80.1172 -0.246114 -0.969241 -4.94073e-05 -9.37701 0 0 0 1 
				12
				-0.000335621 0.000137939 -1 -0.0042709 0.969691 -0.244336 -0.000359152 81.1795 -0.244336 -0.969691 -5.17539e-05 -8.72002 0 0 0 1 
				13
				-0.000342014 0.000129718 -1 -0.0043757 0.980602 -0.196009 -0.000360805 82.3618 -0.196009 -0.980602 -6.01634e-05 -6.84367 0 0 0 1 
				14
				-0.000349366 0.000118323 -1 -0.00449119 0.990725 -0.135885 -0.000362204 83.5161 -0.135885 -0.990725 -6.97524e-05 -4.60066 0 0 0 1 
				15
				-0.000353427 0.000111382 -1 -0.00455511 0.994987 -0.100008 -0.000362794 84.5882 -0.100008 -0.994987 -7.54778e-05 -2.8615 0 0 0 1 
				16
				-0.000354447 0.000109713 -1 -0.00457208 0.99589 -0.0905682 -0.000362926 84.6009 -0.0905682 -0.99589 -7.71601e-05 -2.69973 0 0 0 1 
				17
				-0.000354918 0.000108928 -1 -0.00457992 0.996282 -0.0861478 -0.000362983 84.6063 -0.0861478 -0.996282 -7.79477e-05 -2.62398 0 0 0 1 
				18
				-0.000354979 0.000108827 -1 -0.00458093 0.996332 -0.0855791 -0.000362989 84.607 -0.0855791 -0.996332 -7.80489e-05 -2.61424 0 0 0 1 
				19
				-0.000354754 0.000109202 -1 -0.0045772 0.996148 -0.0876887 -0.000362963 84.6045 -0.0876888 -0.996148 -7.76731e-05 -2.65039 0 0 0 1 
				20
				-0.000354364 0.000109849 -1 -0.00457071 0.99582 -0.0913384 -0.000362916 84.5999 -0.0913384 -0.99582 -7.70227e-05 -2.71292 0 0 0 1 
				21
				-0.000353927 0.000110566 -1 -0.00456345 0.99544 -0.0953902 -0.00036286 84.5946 -0.0953903 -0.99544 -7.63008e-05 -2.78235 0 0 0 1 
				22
				-0.000353572 0.000111146 -1 -0.00455754 0.99512 -0.0986709 -0.000362813 84.5901 -0.098671 -0.99512 -7.57162e-05 -2.83858 0 0 0 1 
				23
				-0.000353427 0.000111382 -1 -0.00455511 0.994987 -0.100008 -0.000362794 84.5882 -0.100008 -0.994987 -7.54778e-05 -2.8615 0 0 0 1 
		</Joint>
			5
				-1
				1.38682e-06 -1.36408e-06 -1 -0.00627664 0 -1 1.36408e-06 -0.00278701 -1 -1.89173e-12 -1.38682e-06 -50.9499 0 0 0 1 
				0
				9.30112e-07 -1.34183e-06 -1 -0.00625632 0.207718 -0.978189 1.50576e-06 10.5882 -0.978189 -0.207718 -6.31103e-07 -52.9605 0 0 0 1 
				1
				4.52804e-07 -1.25514e-06 -1 -0.00625411 0.410756 -0.911745 1.33036e-06 20.8687 -0.911745 -0.410756 1.02716e-07 -54.763 0 0 0 1 
				2
				-5.72459e-08 -1.17559e-06 -1 -0.00626534 0.587661 -0.809107 9.1754e-07 31.0883 -0.809107 -0.587661 7.37169e-07 -54.6087 0 0 0 1 
				3
				-2.83362e-07 -1.40332e-06 -1 -0.00627528 0.724238 -0.689551 7.62439e-07 41.4773 -0.689551 -0.724238 1.21173e-06 -50.6935 0 0 0 1 
				4
				-5.02714e-07 -1.60286e-06 -1 -0.00627095 0.814074 -0.580762 5.21631e-07 52.6608 -0.580762 -0.814074 1.5968e-06 -41.0177 0 0 0 1 
				5
				-5.50566e-07 -1.85055e-06 -1 -0.00623213 0.873831 -0.48623 4.18689e-07 63.9091 -0.48623 -0.873831 1.88477e-06 -26.9334 0 0 0 1 
				6
				-6.67055e-07 -2.08077e-06 -1 -0.00615651 0.92368 -0.383165 1.81132e-07 73.3538 -0.383165 -0.92368 2.17755e-06 -12.1274 0 0 0 1 
				7
				-1.68837e-07 -2.53509e-06 -1 -0.00604437 0.970368 -0.241635 4.48732e-07 79.3896 -0.241635 -0.970368 2.50077e-06 -0.491547 0 0 0 1 
				8
				-1.25097e-07 -2.52802e-06 -1 -0.00590855 0.939416 -0.34278 7.49037e-07 82.4219 -0.34278 -0.939416 2.41774e-06 -0.845689 0 0 0 1 
				9
				-1.07508e-07 -2.51429e-06 -1 -0.00570974 0.9059 -0.423492 9.67391e-07 83.2402 -0.423492 -0.9059 2.32322e-06 -4.22641 0 0 0 1 
				10
				-9.46135e-08 -2.50866e-06 -1 -0.00549583 0.881809 -0.471606 1.09967e-06 83.0592 -0.471606 -0.881809 2.25678e-06 -8.15643 0 0 0 1 
				11
				-1.04044e-07 -2.50046e-06 -1 -0.00535717 0.879439 -0.476012 1.09875e-06 83.302 -0.476012 -0.879439 2.24852e-06 -10.1857 0 0 0 1 
				12
				0.00284424 0.0156545 -0.999873 -0.00537369 0.912885 -0.4082 -0.00379417 84.3657 -0.408208 -0.912758 -0.0154517 -9.52286 0 0 0 1 
				13
				0.00479929 0.0426241 -0.99908 -0.00549949 0.961016 -0.2764 -0.00717572 85.5839 -0.276452 -0.960097 -0.0422889 -7.48772 0 0 0 1 
				14
				0.00200775 0.0480945 -0.998841 -0.00563915 0.990714 -0.135889 -0.00455167 86.7714 -0.13595 -0.989556 -0.0479207 -5.04715 0 0 0 1 
				15
				-2.11481e-07 -2.57193e-06 -1 -0.00571641 0.998708 -0.0508132 -8.05197e-08 87.8575 -0.0508132 -0.998708 2.57935e-06 -3.19011 0 0 0 1 
				16
				0.00134548 -0.0941352 -0.995558 -0.00573673 0.999756 -0.0218232 0.00341464 87.8732 -0.0220477 -0.99532 0.0940828 -2.99732 0 0 0 1 
				17
				0.00439511 -0.204306 -0.978897 -0.00574612 0.999956 -0.0071799 0.00598818 87.8799 -0.00825181 -0.978881 0.204266 -2.90705 0 0 0 1 
				18
				0.00741321 -0.324399 -0.945891 -0.00574733 0.999952 -0.00368522 0.00910076 87.8808 -0.0064381 -0.945913 0.324356 -2.89544 0 0 0 1 
				19
				0.0089131 -0.447655 -0.894162 -0.00574285 0.999874 -0.00774823 0.0138459 87.8776 -0.0131264 -0.894173 0.447529 -2.93852 0 0 0 1 
				20
				0.00814497 -0.567249 -0.823506 -0.00573508 0.999664 -0.0156591 0.0206736 87.872 -0.0246224 -0.823398 0.56693 -3.01304 0 0 0 1 
				21
				0.00532608 -0.67689 -0.736065 -0.00572639 0.999296 -0.0237343 0.029057 87.8654 -0.0371383 -0.735702 0.676287 -3.09579 0 0 0 1 
				22
				0.00180575 -0.77152 -0.636203 -0.00571931 0.998896 -0.0284805 0.0373734 87.8599 -0.0469536 -0.635567 0.770617 -3.16279 0 0 0 1 
				23
				9.63888e-07 -0.848053 -0.529912 -0.00571641 0.998708 -0.0269261 0.0430934 87.8575 -0.0508139 -0.529228 0.846957 -3.19011 0 0 0 1 
		</Joint>
			6
		</Joint>
			7
				-1
				0.950431 -1.46115e-06 -0.310935 1.76219 6.80463e-05 1 0.000203297 -0.00208019 0.310935 -0.000214378 0.950431 -47.6648 0 0 0 1 
				0
				0.950431 5.77624e-06 -0.310936 1.76221 -0.0667059 0.97672 -0.20388 9.88344 0.303696 0.214515 0.928306 -49.7518 0 0 0 1 
				1
				0.950431 1.40856e-05 -0.310936 1.76221 -0.13034 0.907918 -0.398367 19.4917 0.282299 0.419148 0.862915 -51.7804 0 0 0 1 
				2
				0.950431 1.99823e-05 -0.310935 1.7622 -0.187943 0.796684 -0.574431 29.1028 0.247706 0.604395 0.757198 -51.9915 0 0 0 1 
				3
				0.950431 2.01651e-05 -0.310935 1.76219 -0.236862 0.64789 -0.723972 38.9749 0.201437 0.761734 0.61578 -48.5651 0 0 0 1 
				4
				0.950431 1.31554e-05 -0.310934 1.7622 -0.275236 0.465262 -0.841294 49.7529 0.144655 0.885173 0.442203 -39.4893 0 0 0 1 
				5
				0.950431 9.81614e-07 -0.310935 1.76223 -0.300463 0.257341 -0.918421 60.7347 0.0800155 0.966321 0.244585 -26.088 0 0 0 1 
				6
				0.95043 -1.52197e-05 -0.310938 1.7623 -0.310679 0.040802 -0.949639 70.0714 0.0127013 0.999167 0.0387747 -11.9933 0 0 0 1 
				7
				0.950429 -3.4446e-05 -0.310943 1.7624 -0.306599 -0.166671 -0.937133 76.1504 -0.0517928 0.986013 -0.158419 -1.03903 0 0 0 1 
				8
				0.950427 -6.1132e-05 -0.310949 1.76251 -0.310383 -0.0605211 -0.948684 79.1428 -0.018761 0.998167 -0.0575398 -1.0444 0 0 0 1 
				9
				0.950423 -9.33938e-05 -0.310959 1.76267 -0.310263 0.0666108 -0.948314 79.9624 0.0208018 0.997779 0.0632794 -4.00741 0 0 0 1 
				10
				0.950419 -0.000121837 -0.310971 1.76285 -0.30589 0.179672 -0.934959 79.8275 0.0559868 0.983726 0.170727 -7.56596 0 0 0 1 
				11
				0.950417 -0.000138675 -0.31098 1.76296 -0.301443 0.245342 -0.921379 80.1172 0.0764242 0.969437 0.233136 -9.37945 0 0 0 1 
				12
				0.950417 -0.000140457 -0.310979 1.76294 -0.301582 0.243563 -0.921806 81.1795 0.0758727 0.969885 0.231444 -8.72246 0 0 0 1 
				13
				0.950419 -0.000132229 -0.310973 1.76283 -0.304965 0.195229 -0.932139 82.362 0.0608341 0.980758 0.185509 -6.84612 0 0 0 1 
				14
				0.950421 -0.000120831 -0.310966 1.76272 -0.3081 0.135096 -0.941713 83.5164 0.0421242 0.990832 0.128361 -4.60312 0 0 0 1 
				15
				0.950422 -0.000113887 -0.310963 1.76266 -0.309417 0.0992161 -0.945736 84.5885 0.0309602 0.995066 0.094262 -2.86396 0 0 0 1 
				16
				0.950422 -0.000112217 -0.310962 1.76264 -0.309696 0.0897752 -0.946588 84.6013 0.0280228 0.995962 0.0852896 -2.70219 0 0 0 1 
				17
				0.950423 -0.000111432 -0.310961 1.76263 -0.309817 0.0853544 -0.946957 84.6068 0.0266474 0.996351 0.0810883 -2.62645 0 0 0 1 
				18
				0.950423 -0.00011133 -0.310961 1.76263 -0.309832 0.0847857 -0.947004 84.6074 0.0264705 0.996399 0.0805478 -2.61671 0 0 0 1 
				19
				0.950423 -0.000111705 -0.310961 1.76263 -0.309776 0.0868955 -0.946831 84.6049 0.0271269 0.996218 0.0825528 -2.65285 0 0 0 1 
				20
				0.950422 -0.000112353 -0.310962 1.76264 -0.309675 0.0905454 -0.946522 84.6003 0.0282625 0.995892 0.0860216 -2.71539 0 0 0 1 
				21
				0.950422 -0.000113072 -0.310962 1.76265 -0.309557 0.0945976 -0.946164 84.595 0.0295232 0.995516 0.0898726 -2.78482 0 0 0 1 
				22
				0.950422 -0.000113651 -0.310962 1.76265 -0.309459 0.0978785 -0.945862 84.5905 0.030544 0.995199 0.0929907 -2.84104 0 0 0 1 
				23
				0.950422 -0.000113887 -0.310963 1.76266 -0.309417 0.0992161 -0.945736 84.5885 0.0309602 0.995066 0.094262 -2.86396 0 0 0 1 
		</Joint>
			8
				-1
				0.649637 -0.0572631 -0.758085 8.73253 0.0993357 0.995004 0.0099661 -0.00158115 0.753726 -0.0817792 0.65208 -45.3844 0 0 0 1 
				0
				0.895231 -0.115104 -0.430479 8.73255 -0.0675231 0.919864 -0.386381 9.39423 0.440456 0.374968 0.815719 -47.5245 0 0 0 1 
				1
				0.999794 0.0083303 -0.0185344 8.73255 -0.0194344 0.658383 -0.752432 18.5358 0.00593474 0.752637 0.658409 -49.71 0 0 0 1 
				2
				0.928769 0.237321 0.284722 8.73254 0.202627 0.31813 -0.92614 27.7244 -0.310371 0.917863 0.247382 -50.1749 0 0 0 1 
				3
				0.813408 0.414993 0.407613 8.73254 0.445378 0.0064345 -0.89532 37.2377 -0.374174 0.909802 -0.179595 -47.0878 0 0 0 1 
				4
				0.787232 0.452457 0.418985 8.73254 0.569019 -0.271132 -0.776341 47.7343 -0.237661 0.849571 -0.470901 -38.4284 0 0 0 1 
				5
				0.842234 0.378748 0.383655 8.73257 0.537793 -0.540526 -0.647 58.5311 -0.0376749 0.751253 -0.658938 -25.5012 0 0 0 1 
				6
				0.91234 0.257737 0.318133 8.73264 0.392899 -0.769706 -0.503173 67.793 0.115182 0.584059 -0.803498 -11.9002 0 0 0 1 
				7
				0.953175 0.160224 0.25649 8.73272 0.237364 -0.921898 -0.306209 73.9018 0.187395 0.352752 -0.916761 -1.41887 0 0 0 1 
				8
				0.971661 0.0988675 0.214708 8.73282 0.169128 -0.925353 -0.33929 76.8664 0.165136 0.365988 -0.915851 -1.18199 0 0 0 1 
				9
				0.984421 0.0407937 0.17103 8.73296 0.103463 -0.920878 -0.375872 77.6869 0.142164 0.387711 -0.910752 -3.85486 0 0 0 1 
				10
				0.992148 -0.0160215 0.124036 8.7331 0.0369264 -0.91002 -0.412916 77.5842 0.11949 0.414255 -0.902283 -7.15536 0 0 0 1 
				11
				0.994596 -0.0740884 0.0727254 8.73319 -0.0339057 -0.893909 -0.446965 77.9065 0.0981248 0.442084 -0.89159 -8.81897 0 0 0 1 
				12
				0.990902 -0.133581 0.0164239 8.73318 -0.109626 -0.871882 -0.477289 78.9677 0.0780766 0.471146 -0.878593 -8.16602 0 0 0 1 
				13
				0.980406 -0.191965 -0.0441852 8.73309 -0.18776 -0.842846 -0.504339 80.1254 0.0595741 0.502753 -0.862375 -6.39997 0 0 0 1 
				14
				0.962821 -0.247798 -0.107573 8.73298 -0.26659 -0.807231 -0.526601 81.2568 0.0436545 0.535701 -0.843279 -4.29419 0 0 0 1 
				15
				0.938368 -0.299651 -0.172267 8.73293 -0.34427 -0.765974 -0.542921 82.3193 0.0307344 0.568766 -0.821926 -2.6369 0 0 0 1 
				16
				0.90735 -0.347026 -0.237253 8.73292 -0.419842 -0.71964 -0.553038 82.33 0.0211816 0.601408 -0.798661 -2.49667 0 0 0 1 
				17
				0.869879 -0.389676 -0.30243 8.73291 -0.49304 -0.668304 -0.55703 82.3346 0.0149458 0.633659 -0.773469 -2.43102 0 0 0 1 
				18
				0.826257 -0.427151 -0.367209 8.73291 -0.563164 -0.612414 -0.554793 82.3352 0.0120966 0.6652 -0.746567 -2.42257 0 0 0 1 
				19
				0.776859 -0.459067 -0.430984 8.73291 -0.629547 -0.552476 -0.546298 82.333 0.0126798 0.695722 -0.7182 -2.45391 0 0 0 1 
				20
				0.722123 -0.485124 -0.493146 8.73292 -0.691562 -0.489042 -0.531582 82.3292 0.0167132 0.724909 -0.688642 -2.50811 0 0 0 1 
				21
				0.662548 -0.505078 -0.553106 8.73292 -0.74863 -0.422717 -0.510748 82.3247 0.0241608 0.752467 -0.658187 -2.5683 0 0 0 1 
				22
				0.598688 -0.518755 -0.6103 8.73293 -0.80022 -0.354125 -0.483988 82.3209 0.0349487 0.778132 -0.627128 -2.61704 0 0 0 1 
				23
				0.53115 -0.526055 -0.664188 8.73293 -0.845861 -0.283904 -0.451574 82.3193 0.0489873 0.801664 -0.595765 -2.6369 0 0 0 1 
		</Joint>
			9
				-1
				0.406673 0.509828 -0.758084 14.1863 -0.774442 0.632567 0.00996624 0.832351 0.48462 0.583039 0.65208 -39.0568 0 0 0 1 
				0
				0.738374 0.519126 -0.430479 16.2481 -0.670531 0.633323 -0.386381 8.82736 0.0720515 0.573943 0.815719 -43.8269 0 0 0 1 
				1
				0.881677 0.47149 -0.0185344 17.1259 -0.32284 0.574126 -0.752432 18.3726 -0.344123 0.669385 0.658409 -49.6602 0 0 0 1 
				2
				0.841201 0.459689 0.284722 16.5296 0.117636 0.358366 -0.92614 29.4255 -0.527771 0.812564 0.247382 -52.7805 0 0 0 1 
				3
				0.777349 0.479145 0.407613 15.5612 0.443414 0.0422778 -0.89532 40.9767 -0.446221 0.876717 -0.179595 -50.229 0 0 0 1 
				4
				0.78901 0.44935 0.418985 15.3414 0.567946 -0.273374 -0.776341 52.5113 -0.234309 0.850501 -0.470901 -40.4236 0 0 0 1 
				5
				0.852113 0.355967 0.383655 15.8032 0.523066 -0.55479 -0.647 63.0459 -0.0174628 0.751994 -0.658938 -25.8175 0 0 0 1 
				6
				0.917602 0.238322 0.318133 16.3918 0.37648 -0.777869 -0.503173 71.0914 0.127548 0.581484 -0.803498 -10.9332 0 0 0 1 
				7
				0.956177 0.141207 0.25649 16.7347 0.218955 -0.926443 -0.306209 75.8945 0.194384 0.348949 -0.916761 0.154333 0 0 0 1 
				8
				0.973862 0.0741189 0.214708 16.89 0.145535 -0.929356 -0.33929 78.2863 0.174393 0.361669 -0.915851 0.204343 0 0 0 1 
				9
				0.985088 0.018696 0.17103 16.9973 0.0827754 -0.922967 -0.375872 78.5555 0.150828 0.384424 -0.910752 -2.66137 0 0 0 1 
				10
				0.991783 -0.0313267 0.124036 17.0623 0.022882 -0.910482 -0.412916 77.8942 0.125867 0.412362 -0.902283 -6.15223 0 0 0 1 
				11
				0.993896 -0.0829604 0.0727254 17.0829 -0.0418809 -0.893571 -0.446965 77.6218 0.102066 0.441191 -0.89159 -7.9952 0 0 0 1 
				12
				0.99046 -0.136818 0.0164239 17.0519 -0.112473 -0.871519 -0.477289 78.0474 0.0796153 0.470888 -0.878593 -7.51055 0 0 0 1 
				13
				0.981099 -0.188392 -0.0441852 16.9637 -0.184688 -0.843524 -0.504339 78.5491 0.0577421 0.502967 -0.862375 -5.89984 0 0 0 1 
				14
				0.965538 -0.236992 -0.107573 16.816 -0.257526 -0.810168 -0.526601 79.0187 0.0376479 0.536156 -0.843279 -3.9277 0 0 0 1 
				15
				0.943843 -0.281931 -0.172267 16.6106 -0.329788 -0.772319 -0.542921 79.4291 0.0200209 0.569243 -0.821926 -2.37889 0 0 0 1 
				16
				0.916178 -0.322999 -0.237253 16.3502 -0.400735 -0.730452 -0.553038 78.8054 0.00532861 0.601758 -0.798661 -2.31885 0 0 0 1 
				17
				0.882615 -0.359898 -0.30243 16.0356 -0.47005 -0.684668 -0.55703 78.1955 -0.00659038 0.633801 -0.773469 -2.30555 0 0 0 1 
				18
				0.843342 -0.392343 -0.367209 15.6694 -0.53715 -0.635354 -0.554793 77.6073 -0.0156382 0.665127 -0.746567 -2.32102 0 0 0 1 
				19
				0.798605 -0.420099 -0.430984 15.2547 -0.601463 -0.582924 -0.546298 77.0479 -0.0217312 0.695498 -0.7182 -2.34746 0 0 0 1 
				20
				0.748703 -0.443003 -0.493146 14.7952 -0.662442 -0.527818 -0.531582 76.5235 -0.0247992 0.724677 -0.688642 -2.3678 0 0 0 1 
				21
				0.693987 -0.460929 -0.553106 14.2951 -0.71956 -0.4705 -0.510748 76.0399 -0.0248176 0.752446 -0.658187 -2.36546 0 0 0 1 
				22
				0.634863 -0.473796 -0.6103 13.759 -0.772317 -0.411438 -0.483988 75.603 -0.0217892 0.778612 -0.627128 -2.32364 0 0 0 1 
				23
				0.571786 -0.481576 -0.664188 13.192 -0.820252 -0.351095 -0.451574 75.2182 -0.0157261 0.803006 -0.595765 -2.22565 0 0 0 1 
		</Joint>
			10
				-1
				0.406673 -0.757678 -0.510431 17.7919 -0.774442 0.0104699 -0.632559 -6.03383 0.48462 0.652544 -0.58252 -34.7602 0 0 0 1 
				0
				0.738374 -0.430065 -0.519469 22.7945 -0.670531 -0.385877 -0.63363 2.88245 0.0720515 0.816176 -0.573293 -43.1881 0 0 0 1 
				1
				0.881677 -0.0181589 -0.471504 24.9428 -0.32284 -0.751975 -0.574725 15.5103 -0.344123 0.658942 -0.668861 -52.7112 0 0 0 1 
				2
				0.841201 0.285088 -0.459462 23.9877 0.117636 -0.925855 -0.359103 30.4684 -0.527771 0.248029 -0.812367 -57.4597 0 0 0 1 
				3
				0.777349 0.407995 -0.47882 22.4531 0.443413 -0.895286 -0.0429908 44.908 -0.446221 -0.178896 -0.87686 -54.1852 0 0 0 1 
				4
				0.78901 0.419342 -0.449016 22.3368 0.567946 -0.776558 0.272755 57.5467 -0.234309 -0.470224 -0.850876 -42.5009 0 0 0 1 
				5
				0.852113 0.383938 -0.355661 23.358 0.523066 -0.647442 0.554275 67.6834 -0.0174628 -0.658339 -0.752519 -25.9723 0 0 0 1 
				6
				0.917602 0.318322 -0.238069 24.5272 0.37648 -0.503792 0.777468 74.4293 0.127548 -0.803035 -0.582123 -9.80238 0 0 0 1 
				7
				0.956177 0.256602 -0.141002 25.2121 0.218955 -0.306946 0.926199 77.8357 0.194384 -0.916483 -0.349679 1.87774 0 0 0 1 
				8
				0.973862 0.214767 -0.0739479 25.5242 0.145535 -0.34003 0.929085 79.5766 0.174393 -0.915563 -0.362398 1.7505 0 0 0 1 
				9
				0.985088 0.171045 -0.0185598 25.731 0.0827754 -0.376607 0.922668 79.2894 0.150828 -0.910446 -0.385149 -1.32414 0 0 0 1 
				10
				0.991783 0.124011 0.0314254 25.8554 0.022882 -0.413641 0.910152 78.097 0.125867 -0.901955 -0.41308 -5.03629 0 0 0 1 
				11
				0.993896 0.0726593 0.0830183 25.8948 -0.0418809 -0.447677 0.893215 77.2505 0.102066 -0.891239 -0.441901 -7.09029 0 0 0 1 
				12
				0.99046 0.0163149 0.136831 25.8333 -0.112473 -0.477983 0.871139 77.0502 0.0796153 -0.878218 -0.471588 -6.80469 0 0 0 1 
				13
				0.981099 -0.0443352 0.188357 25.6621 -0.184688 -0.50501 0.843122 76.9117 0.0577421 -0.861974 -0.503654 -5.3879 0 0 0 1 
				14
				0.965538 -0.107762 0.236906 25.3764 -0.257526 -0.527246 0.809748 76.7355 0.0376479 -0.842852 -0.536828 -3.59392 0 0 0 1 
				15
				0.943843 -0.172492 0.281794 24.9787 -0.329788 -0.543535 0.771887 76.5052 0.0200209 -0.821472 -0.569898 -2.20139 0 0 0 1 
				16
				0.916178 -0.23751 0.32281 24.473 -0.400735 -0.55362 0.730011 75.2525 0.00532861 -0.798182 -0.602393 -2.27161 0 0 0 1 
				17
				0.882615 -0.302717 0.359657 23.8609 -0.47005 -0.557575 0.684224 74.028 -0.00659042 -0.772964 -0.634416 -2.36398 0 0 0 1 
				18
				0.843342 -0.367521 0.39205 23.1465 -0.53715 -0.555299 0.634912 72.845 -0.0156382 -0.746037 -0.665721 -2.45966 0 0 0 1 
				19
				0.798605 -0.431318 0.419756 22.3351 -0.601463 -0.546762 0.582489 71.7154 -0.0217313 -0.717646 -0.696069 -2.54013 0 0 0 1 
				20
				0.748702 -0.493499 0.44261 21.4332 -0.662442 -0.532002 0.527394 70.6503 -0.0247992 -0.688065 -0.725225 -2.58767 0 0 0 1 
				21
				0.693987 -0.553473 0.460488 20.4479 -0.71956 -0.511123 0.470093 69.6603 -0.0248176 -0.657587 -0.75297 -2.5855 0 0 0 1 
				22
				0.634863 -0.610677 0.47331 19.3876 -0.772317 -0.484316 0.411053 68.7557 -0.0217892 -0.626508 -0.779111 -2.51682 0 0 0 1 
				23
				0.571786 -0.664571 0.481047 18.2614 -0.820252 -0.451853 0.350735 67.9459 -0.0157261 -0.595125 -0.80348 -2.36508 0 0 0 1 
		</Joint>
			11
				-1
				-0.950193 -1.43389e-06 -0.311662 -1.77223 6.54167e-05 1 -0.000204043 -0.00208502 0.311662 -0.000214268 -0.950193 -47.6634 0 0 0 1 
				0
				-0.950193 5.82096e-06 -0.311661 -1.77221 -0.0668507 0.97672 0.203833 9.88317 0.304407 0.214516 -0.928073 -49.7505 0 0 0 1 
				1
				-0.950193 1.41168e-05 -0.311661 -1.77221 -0.13062 0.907918 0.398276 19.4912 0.282968 0.419148 -0.862696 -51.7791 0 0 0 1 
				2
				-0.950193 2.00312e-05 -0.311662 -1.77222 -0.188352 0.796684 0.574297 29.102 0.248307 0.604395 -0.757 -51.9904 0 0 0 1 
				3
				-0.950193 2.01663e-05 -0.311662 -1.77223 -0.237391 0.64789 0.723798 38.9739 0.201937 0.761734 -0.615616 -48.5642 0 0 0 1 
				4
				-0.950193 1.31769e-05 -0.311663 -1.77222 -0.275869 0.465262 0.841087 49.7517 0.145016 0.885173 -0.442085 -39.4886 0 0 0 1 
				5
				-0.950193 1.01058e-06 -0.311661 -1.77219 -0.301165 0.257341 0.918191 60.7334 0.0802041 0.966321 -0.244523 -26.0877 0 0 0 1 
				6
				-0.950194 -1.51933e-05 -0.311659 -1.77212 -0.3114 0.0408018 0.949403 70.0701 0.0127018 0.999167 -0.0387744 -11.9933 0 0 0 1 
				7
				-0.950196 -3.44134e-05 -0.311654 -1.77202 -0.30729 -0.166671 0.936907 76.1491 -0.051976 0.986013 0.15836 -1.03937 0 0 0 1 
				8
				-0.950198 -6.11038e-05 -0.311648 -1.77191 -0.311073 -0.0605212 0.948457 79.1415 -0.0189193 0.998167 0.0574881 -1.0447 0 0 0 1 
				9
				-0.950201 -9.3367e-05 -0.311638 -1.77175 -0.310951 0.0666107 0.948089 79.9611 0.0206699 0.997779 -0.0633226 -4.00766 0 0 0 1 
				10
				-0.950205 -0.000121808 -0.311625 -1.77157 -0.306575 0.179672 0.934735 79.8263 0.0558766 0.983726 -0.170763 -7.56617 0 0 0 1 
				11
				-0.950208 -0.000138652 -0.311617 -1.77146 -0.302126 0.245342 0.921156 80.1159 0.0763252 0.969437 -0.233168 -9.37964 0 0 0 1 
				12
				-0.950208 -0.000140434 -0.311618 -1.77148 -0.302266 0.243563 0.921582 81.1782 0.0757692 0.969885 -0.231478 -8.72265 0 0 0 1 
				13
				-0.950206 -0.000132208 -0.311624 -1.77159 -0.305652 0.195228 0.931914 82.3607 0.0607146 0.980758 -0.185548 -6.84634 0 0 0 1 
				14
				-0.950203 -0.000120807 -0.311631 -1.7717 -0.308789 0.135096 0.941487 83.5151 0.0419863 0.990832 -0.128406 -4.60338 0 0 0 1 
				15
				-0.950202 -0.000113861 -0.311634 -1.77177 -0.310108 0.099216 0.94551 84.5873 0.0308115 0.995066 -0.0943106 -2.86424 0 0 0 1 
				16
				-0.950202 -0.000112191 -0.311635 -1.77178 -0.310387 0.089775 0.946362 84.6 0.0278709 0.995962 -0.0853392 -2.70247 0 0 0 1 
				17
				-0.950202 -0.000111406 -0.311636 -1.77179 -0.310508 0.0853543 0.946731 84.6055 0.026494 0.996351 -0.0811384 -2.62673 0 0 0 1 
				18
				-0.950202 -0.000111306 -0.311636 -1.77179 -0.310523 0.0847856 0.946777 84.6061 0.0263169 0.996399 -0.080598 -2.61699 0 0 0 1 
				19
				-0.950202 -0.00011168 -0.311636 -1.77179 -0.310466 0.0868954 0.946605 84.6036 0.026974 0.996218 -0.0826028 -2.65314 0 0 0 1 
				20
				-0.950202 -0.000112328 -0.311635 -1.77178 -0.310365 0.0905453 0.946296 84.599 0.0281108 0.995892 -0.0860712 -2.71567 0 0 0 1 
				21
