<?xml version='1.0' encoding='UTF-8' ?>
<itpanim>
	<skeleton count>
		25
			0 -1
			1.37091e-06 -1 -6.12323e-17 1e-06 1 1.37091e-06 -6.12323e-17 -1.37266e-12 6.12323e-17 -6.12323e-17 1 28.5847 0 0 0 1 
			1 0
			1.3868e-06 -2.28068e-12 -1 -28.5847 2.75771e-06 -1 6.10495e-12 1.00011e-06 -1 -2.75771e-06 -1.3868e-06 -3.96413e-05 0 0 0 1 
			2 1
			-0.000205999 -0.000823318 -1 -32.3694 -1.2413e-06 -1 0.000823318 0.0334634 -1 1.41091e-06 0.000205998 0.006668 0 0 0 1 
			3 2
			-0.000383998 -0.00100932 -0.999999 -40.926 -1.01137e-06 -0.999999 0.00100932 0.0478891 -1 1.39895e-06 0.000383997 0.0139528 0 0 0 1 
			4 3
			-0.000383998 -0.00100932 -0.999999 -49.4827 -1.01137e-06 -0.999999 0.00100932 0.0505055 -1 1.39895e-06 0.000383997 0.0139528 0 0 0 1 
			5 4
			1.34309e-06 9.82436e-13 -1 -52.7685 -1.40269e-06 -1 -2.86637e-12 -0.00275479 -1 1.40269e-06 -1.34309e-06 -0.00638105 0 0 0 1 
			6 5
			1 -0 0 0 0 1 0 0 -0 -0 1 -0 0 0 0 1 
			7 4
			0.950432 6.75818e-05 0.310933 13.7112 -1.42282e-06 1 -0.000213002 -0.00848516 -0.310933 0.000202002 0.950432 47.5785 0 0 0 1 
			8 7
			0.476976 0.0235792 0.8786 37.3074 0.0457757 0.997617 -0.0516241 -2.835 -0.877724 0.064842 0.47476 30.0749 0 0 0 1 
			9 8
			0.476835 0.0205565 0.878752 28.9208 0.0472206 0.997684 -0.0489619 -2.74739 -0.877724 0.064842 0.47476 30.0749 0 0 0 1 
			10 9
			0.476835 0.0205565 0.878752 20.0548 -0.877686 0.0656364 0.474721 30.0727 -0.0479195 -0.997632 0.0493399 2.77133 0 0 0 1 
			11 4
			-0.950193 6.50589e-05 0.311663 13.7378 -1.39561e-06 1 -0.000213002 -0.00848516 -0.311663 -0.000202828 -0.950193 -47.5698 0 0 0 1 
			12 11
			-0.476976 0.0235779 0.8786 37.2976 -0.0457784 0.997617 -0.0516241 -2.83503 -0.877723 -0.0648444 -0.47476 -30.0791 0 0 0 1 
			13 12
			-0.476835 0.0205552 0.878752 28.9109 -0.0472234 0.997684 -0.0489619 -2.74745 -0.877723 -0.0648444 -0.47476 -30.0791 0 0 0 1 
			14 13
			-0.476835 0.0205552 0.878752 20.045 0.877685 0.0656388 0.474721 30.0769 -0.0479222 0.997632 -0.0493399 -2.7714 0 0 0 1 
			15 2
			1.37369e-06 -0.0998331 0.995004 28.4419 0 -0.995004 -0.0998331 -2.8537 1 1.3714e-07 -1.36683e-06 -5.53938 0 0 0 1 
			16 15
			1.37369e-06 0.0998335 0.995004 16.029 0 -0.995004 0.0998335 0.337498 1 -1.3714e-07 -1.36683e-06 -5.53938 0 0 0 1 
			17 16
			1.3716e-06 -6.00745e-14 1 3.38056 0 -1 -6.00745e-14 5.01e-06 1 8.23984e-20 -1.3716e-06 -5.53938 0 0 0 1 
			18 17
			1.3716e-06 -1 -6.12323e-17 -7.15885 0 6.12323e-17 -1 -0.467524 1 1.3716e-06 8.39865e-23 -5.53938 0 0 0 1 
			19 18
			1 -0 0 0 0 1 0 0 -0 -0 1 -0 0 0 0 1 
			20 2
			1.37369e-06 -0.0998331 0.995004 28.4419 0 -0.995004 -0.0998331 -2.8537 1 1.3714e-07 -1.36683e-06 5.53939 0 0 0 1 
			21 20
			1.37369e-06 0.0998335 0.995004 16.029 0 -0.995004 0.0998335 0.337498 1 -1.3714e-07 -1.36683e-06 5.53939 0 0 0 1 
			22 21
			1.3716e-06 -6.00745e-14 1 3.38056 0 -1 -6.00745e-14 5.01e-06 1 8.23984e-20 -1.3716e-06 5.53939 0 0 0 1 
			23 22
			1.3716e-06 -1 -6.12323e-17 -7.15885 0 6.12323e-17 -1 -0.467524 1 1.3716e-06 8.39865e-23 5.53939 0 0 0 1 
			24 23
			1 -0 0 0 0 1 0 0 -0 -0 1 -0 0 0 0 1 
	</skeleton>
		<animations>
			33
			0
				-1
				1.33158e-06 1 0 0 -1 1.33158e-06 0 9.75445e-07 -0 -0 1 -25.0244 0 0 0 1 
				0
				1.46474e-06 1 0 0 -1 1.46474e-06 0 9.54259e-07 -0 -0 1 -25.4177 0 0 0 1 
				1
				1.33158e-06 1 0 0 -1 1.33158e-06 0 9.31489e-07 -0 -0 1 -25.867 0 0 0 1 
				2
				1.46474e-06 1 0 0 -1 1.46474e-06 0 9.0809e-07 -0 -0 1 -26.3385 0 0 0 1 
				3
				1.33158e-06 1 0 0 -1 1.33158e-06 0 8.85021e-07 -0 -0 1 -26.7983 0 0 0 1 
				4
				1.33158e-06 1 0 0 -1 1.33158e-06 0 8.63207e-07 -0 -0 1 -27.2138 0 0 0 1 
				5
				1.46474e-06 1 0 0 -1 1.46474e-06 0 8.43576e-07 -0 -0 1 -27.5522 0 0 0 1 
				6
				1.46474e-06 1 0 0 -1 1.46474e-06 0 8.27085e-07 -0 -0 1 -27.7797 0 0 0 1 
				7
				1.46474e-06 1 0 0 -1 1.46474e-06 0 8.14691e-07 -0 -0 1 -27.8626 0 0 0 1 
				8
				1.46474e-06 1 0 0 -1 1.46474e-06 0 8.0705e-07 -0 -0 1 -27.7398 0 0 0 1 
				9
				1.46474e-06 1 0 0 -1 1.46474e-06 0 8.03592e-07 -0 -0 1 -27.4145 0 0 0 1 
				10
				1.33158e-06 1 0 0 -1 1.33158e-06 0 8.03307e-07 -0 -0 1 -26.9553 0 0 0 1 
				11
				1.46474e-06 1 0 0 -1 1.46474e-06 0 8.05188e-07 -0 -0 1 -26.4311 0 0 0 1 
				12
				1.33158e-06 1 0 0 -1 1.33158e-06 0 8.08256e-07 -0 -0 1 -25.9084 0 0 0 1 
				13
				1.46474e-06 1 0 0 -1 1.46474e-06 0 8.11536e-07 -0 -0 1 -25.4539 0 0 0 1 
				14
				1.46474e-06 1 0 0 -1 1.46474e-06 0 8.14017e-07 -0 -0 1 -25.1363 0 0 0 1 
				15
				1.46474e-06 1 0 0 -1 1.46474e-06 0 8.14691e-07 -0 -0 1 -25.0244 0 0 0 1 
				16
				1.46474e-06 1 0 0 -1 1.46474e-06 0 8.12809e-07 -0 -0 1 -25.1639 0 0 0 1 
				17
				1.46474e-06 1 0 0 -1 1.46474e-06 0 8.08949e-07 -0 -0 1 -25.513 0 0 0 1 
				18
				1.46474e-06 1 0 0 -1 1.46474e-06 0 8.04223e-07 -0 -0 1 -26.0006 0 0 0 1 
				19
				1.46474e-06 1 0 0 -1 1.46474e-06 0 7.99743e-07 -0 -0 1 -26.5556 0 0 0 1 
				20
				1.46474e-06 1 0 0 -1 1.46474e-06 0 7.96588e-07 -0 -0 1 -27.109 0 0 0 1 
				21
				1.46474e-06 1 0 0 -1 1.46474e-06 0 7.95833e-07 -0 -0 1 -27.592 0 0 0 1 
				22
				1.46474e-06 1 0 0 -1 1.46474e-06 0 7.98593e-07 -0 -0 1 -27.9333 0 0 0 1 
				23
				1.46474e-06 1 0 0 -1 1.46474e-06 0 8.05979e-07 -0 -0 1 -28.0619 0 0 0 1 
				24
				1.46474e-06 1 0 0 -1 1.46474e-06 0 8.18628e-07 -0 -0 1 -27.9732 0 0 0 1 
				25
				1.33158e-06 1 0 0 -1 1.33158e-06 0 8.35818e-07 -0 -0 1 -27.7297 0 0 0 1 
				26
				1.33158e-06 1 0 0 -1 1.33158e-06 0 8.56487e-07 -0 -0 1 -27.3675 0 0 0 1 
				27
				1.33158e-06 1 0 0 -1 1.33158e-06 0 8.79576e-07 -0 -0 1 -26.9228 0 0 0 1 
				28
				1.33158e-06 1 0 0 -1 1.33158e-06 0 9.04057e-07 -0 -0 1 -26.4307 0 0 0 1 
				29
				1.33158e-06 1 0 0 -1 1.33158e-06 0 9.28903e-07 -0 -0 1 -25.9262 0 0 0 1 
				30
				1.33158e-06 1 0 0 -1 1.33158e-06 0 9.53052e-07 -0 -0 1 -25.4453 0 0 0 1 
				31
				1.33158e-06 1 0 0 -1 1.33158e-06 0 9.75445e-07 -0 -0 1 -25.0244 0 0 0 1 
		</Joint>
			1
				-1
				1.33158e-06 2.66316e-06 -1 0 0 -1 -2.66316e-06 9.75445e-07 -1 3.54621e-12 -1.33158e-06 -25.0244 0 0 0 1 
				0
				1.33158e-06 2.79632e-06 -1 0 0 -1 -2.79632e-06 9.54259e-07 -1 3.72352e-12 -1.33158e-06 -25.4177 0 0 0 1 
				1
				1.33158e-06 2.66316e-06 -1 0 0 -1 -2.66316e-06 9.31489e-07 -1 3.54621e-12 -1.33158e-06 -25.867 0 0 0 1 
				2
				1.33158e-06 2.79632e-06 -1 0 0 -1 -2.79632e-06 9.0809e-07 -1 3.72352e-12 -1.33158e-06 -26.3385 0 0 0 1 
				3
				1.33158e-06 2.66316e-06 -1 0 0 -1 -2.66316e-06 8.85021e-07 -1 3.54621e-12 -1.33158e-06 -26.7983 0 0 0 1 
				4
				1.33158e-06 2.66316e-06 -1 0 0 -1 -2.66316e-06 8.63207e-07 -1 3.54621e-12 -1.33158e-06 -27.2138 0 0 0 1 
				5
				1.33158e-06 2.79632e-06 -1 0 0 -1 -2.79632e-06 8.43576e-07 -1 3.72352e-12 -1.33158e-06 -27.5522 0 0 0 1 
				6
				1.33158e-06 2.79632e-06 -1 0 0 -1 -2.79632e-06 8.27085e-07 -1 3.72352e-12 -1.33158e-06 -27.7797 0 0 0 1 
				7
				1.33158e-06 2.79632e-06 -1 0 0 -1 -2.79632e-06 8.14691e-07 -1 3.72352e-12 -1.33158e-06 -27.8626 0 0 0 1 
				8
				1.33158e-06 2.79632e-06 -1 0 0 -1 -2.79632e-06 8.0705e-07 -1 3.72352e-12 -1.33158e-06 -27.7398 0 0 0 1 
				9
				1.33158e-06 2.79632e-06 -1 0 0 -1 -2.79632e-06 8.03592e-07 -1 3.72352e-12 -1.33158e-06 -27.4145 0 0 0 1 
				10
				1.33158e-06 2.66316e-06 -1 0 0 -1 -2.66316e-06 8.03307e-07 -1 3.54621e-12 -1.33158e-06 -26.9553 0 0 0 1 
				11
				1.33158e-06 2.79632e-06 -1 0 0 -1 -2.79632e-06 8.05188e-07 -1 3.72352e-12 -1.33158e-06 -26.4311 0 0 0 1 
				12
				1.33158e-06 2.66316e-06 -1 0 0 -1 -2.66316e-06 8.08256e-07 -1 3.54621e-12 -1.33158e-06 -25.9084 0 0 0 1 
				13
				1.33158e-06 2.79632e-06 -1 0 0 -1 -2.79632e-06 8.11536e-07 -1 3.72352e-12 -1.33158e-06 -25.4539 0 0 0 1 
				14
				1.33158e-06 2.79632e-06 -1 0 0 -1 -2.79632e-06 8.14017e-07 -1 3.72352e-12 -1.33158e-06 -25.1363 0 0 0 1 
				15
				1.33158e-06 2.79632e-06 -1 0 0 -1 -2.79632e-06 8.14691e-07 -1 3.72352e-12 -1.33158e-06 -25.0244 0 0 0 1 
				16
				1.33158e-06 2.79632e-06 -1 0 0 -1 -2.79632e-06 8.12809e-07 -1 3.72352e-12 -1.33158e-06 -25.1639 0 0 0 1 
				17
				1.33158e-06 2.79632e-06 -1 0 0 -1 -2.79632e-06 8.08949e-07 -1 3.72352e-12 -1.33158e-06 -25.513 0 0 0 1 
				18
				1.33158e-06 2.79632e-06 -1 0 0 -1 -2.79632e-06 8.04223e-07 -1 3.72352e-12 -1.33158e-06 -26.0006 0 0 0 1 
				19
				1.33158e-06 2.79632e-06 -1 0 0 -1 -2.79632e-06 7.99743e-07 -1 3.72352e-12 -1.33158e-06 -26.5556 0 0 0 1 
				20
				1.33158e-06 2.79632e-06 -1 0 0 -1 -2.79632e-06 7.96588e-07 -1 3.72352e-12 -1.33158e-06 -27.109 0 0 0 1 
				21
				1.33158e-06 2.79632e-06 -1 0 0 -1 -2.79632e-06 7.95833e-07 -1 3.72352e-12 -1.33158e-06 -27.592 0 0 0 1 
				22
				1.33158e-06 2.79632e-06 -1 0 0 -1 -2.79632e-06 7.98593e-07 -1 3.72352e-12 -1.33158e-06 -27.9333 0 0 0 1 
				23
				1.33158e-06 2.79632e-06 -1 0 0 -1 -2.79632e-06 8.05979e-07 -1 3.72352e-12 -1.33158e-06 -28.0619 0 0 0 1 
				24
				1.33158e-06 2.79632e-06 -1 0 0 -1 -2.79632e-06 8.18628e-07 -1 3.72352e-12 -1.33158e-06 -27.9732 0 0 0 1 
				25
				1.33158e-06 2.66316e-06 -1 0 0 -1 -2.66316e-06 8.35818e-07 -1 3.54621e-12 -1.33158e-06 -27.7297 0 0 0 1 
				26
				1.33158e-06 2.66316e-06 -1 0 0 -1 -2.66316e-06 8.56487e-07 -1 3.54621e-12 -1.33158e-06 -27.3675 0 0 0 1 
				27
				1.33158e-06 2.66316e-06 -1 0 0 -1 -2.66316e-06 8.79576e-07 -1 3.54621e-12 -1.33158e-06 -26.9228 0 0 0 1 
				28
				1.33158e-06 2.66316e-06 -1 0 0 -1 -2.66316e-06 9.04057e-07 -1 3.54621e-12 -1.33158e-06 -26.4307 0 0 0 1 
				29
				1.33158e-06 2.66316e-06 -1 0 0 -1 -2.66316e-06 9.28903e-07 -1 3.54621e-12 -1.33158e-06 -25.9262 0 0 0 1 
				30
				1.33158e-06 2.66316e-06 -1 0 0 -1 -2.66316e-06 9.53052e-07 -1 3.54621e-12 -1.33158e-06 -25.4453 0 0 0 1 
				31
				1.33158e-06 2.66316e-06 -1 0 0 -1 -2.66316e-06 9.75445e-07 -1 3.54621e-12 -1.33158e-06 -25.0244 0 0 0 1 
		</Joint>
			2
				-1
				1.38779e-06 -1.52815e-06 -1 5.24011e-06 -0.00079765 -1 1.52704e-06 0.00680814 -1 0.00079765 -1.38901e-06 -28.8091 0 0 0 1 
				0
				1.3879e-06 -1.39105e-06 -1 5.23917e-06 -0.000797649 -1 1.38994e-06 0.0068081 -1 0.000797649 -1.38901e-06 -29.2024 0 0 0 1 
				1
				1.3878e-06 -1.51988e-06 -1 5.24005e-06 -0.00079765 -1 1.51877e-06 0.00680806 -1 0.00079765 -1.38901e-06 -29.6517 0 0 0 1 
				2
				1.38791e-06 -1.38211e-06 -1 5.23911e-06 -0.000797649 -1 1.381e-06 0.00680801 -1 0.000797649 -1.38901e-06 -30.1231 0 0 0 1 
				3
				1.38781e-06 -1.51045e-06 -1 5.23998e-06 -0.00079765 -1 1.50934e-06 0.00680797 -1 0.00079765 -1.38901e-06 -30.583 0 0 0 1 
				4
				1.38781e-06 -1.50552e-06 -1 5.23995e-06 -0.00079765 -1 1.50441e-06 0.00680793 -1 0.00079765 -1.38901e-06 -30.9984 0 0 0 1 
				5
				1.38792e-06 -1.3674e-06 -1 5.23901e-06 -0.000797649 -1 1.36629e-06 0.0068079 -1 0.000797649 -1.38901e-06 -31.3369 0 0 0 1 
				6
				1.38793e-06 -1.36249e-06 -1 5.23898e-06 -0.000797649 -1 1.36139e-06 0.00680787 -1 0.000797649 -1.38901e-06 -31.5644 0 0 0 1 
				7
				1.38793e-06 -1.35774e-06 -1 5.23894e-06 -0.000797649 -1 1.35663e-06 0.00680785 -1 0.000797649 -1.38901e-06 -31.6473 0 0 0 1 
				8
				1.38793e-06 -1.35321e-06 -1 5.23891e-06 -0.000797649 -1 1.3521e-06 0.00680785 -1 0.000797649 -1.38901e-06 -31.5245 0 0 0 1 
				9
				1.38794e-06 -1.349e-06 -1 5.23889e-06 -0.000797649 -1 1.3479e-06 0.00680786 -1 0.000797649 -1.38901e-06 -31.1991 0 0 0 1 
				10
				1.38783e-06 -1.47836e-06 -1 5.23976e-06 -0.00079765 -1 1.47726e-06 0.00680788 -1 0.00079765 -1.38901e-06 -30.74 0 0 0 1 
				11
				1.38794e-06 -1.3419e-06 -1 5.23883e-06 -0.000797649 -1 1.3408e-06 0.00680791 -1 0.000797649 -1.38901e-06 -30.2157 0 0 0 1 
				12
				1.38784e-06 -1.47234e-06 -1 5.23973e-06 -0.00079765 -1 1.47123e-06 0.00680793 -1 0.00079765 -1.38901e-06 -29.6931 0 0 0 1 
				13
				1.38795e-06 -1.33713e-06 -1 5.2388e-06 -0.000797649 -1 1.33602e-06 0.00680795 -1 0.000797649 -1.38901e-06 -29.2385 0 0 0 1 
				14
				1.38795e-06 -1.33583e-06 -1 5.23879e-06 -0.000797649 -1 1.33473e-06 0.00680797 -1 0.000797649 -1.38901e-06 -28.921 0 0 0 1 
				15
				1.38795e-06 -1.33538e-06 -1 5.23879e-06 -0.000797649 -1 1.33428e-06 0.00680798 -1 0.000797649 -1.38901e-06 -28.8091 0 0 0 1 
				16
				1.38795e-06 -1.33583e-06 -1 5.2388e-06 -0.00079765 -1 1.33473e-06 0.00680797 -1 0.00079765 -1.38901e-06 -28.9486 0 0 0 1 
				17
				1.38795e-06 -1.33713e-06 -1 5.2388e-06 -0.000797649 -1 1.33602e-06 0.00680795 -1 0.000797649 -1.38901e-06 -29.2977 0 0 0 1 
				18
				1.38794e-06 -1.33918e-06 -1 5.23882e-06 -0.00079765 -1 1.33807e-06 0.00680792 -1 0.00079765 -1.38901e-06 -29.7853 0 0 0 1 
				19
				1.38794e-06 -1.3419e-06 -1 5.23883e-06 -0.000797649 -1 1.3408e-06 0.00680789 -1 0.000797649 -1.38901e-06 -30.3403 0 0 0 1 
				20
				1.38794e-06 -1.34521e-06 -1 5.23886e-06 -0.00079765 -1 1.3441e-06 0.00680787 -1 0.00079765 -1.38901e-06 -30.8937 0 0 0 1 
				21
				1.38794e-06 -1.349e-06 -1 5.23889e-06 -0.000797649 -1 1.3479e-06 0.00680785 -1 0.000797649 -1.38901e-06 -31.3766 0 0 0 1 
				22
				1.38793e-06 -1.35321e-06 -1 5.23892e-06 -0.00079765 -1 1.3521e-06 0.00680783 -1 0.00079765 -1.38901e-06 -31.718 0 0 0 1 
				23
				1.38793e-06 -1.35774e-06 -1 5.23895e-06 -0.000797649 -1 1.35663e-06 0.00680783 -1 0.000797649 -1.38901e-06 -31.8466 0 0 0 1 
				24
				1.38793e-06 -1.36249e-06 -1 5.23898e-06 -0.00079765 -1 1.36139e-06 0.00680785 -1 0.00079765 -1.38901e-06 -31.7579 0 0 0 1 
				25
				1.38782e-06 -1.50056e-06 -1 5.23992e-06 -0.00079765 -1 1.49945e-06 0.00680788 -1 0.00079765 -1.38901e-06 -31.5144 0 0 0 1 
				26
				1.38781e-06 -1.50552e-06 -1 5.23995e-06 -0.00079765 -1 1.50441e-06 0.00680792 -1 0.00079765 -1.38901e-06 -31.1522 0 0 0 1 
				27
				1.38781e-06 -1.51045e-06 -1 5.23998e-06 -0.00079765 -1 1.50934e-06 0.00680796 -1 0.00079765 -1.38901e-06 -30.7075 0 0 0 1 
				28
				1.3878e-06 -1.51527e-06 -1 5.24002e-06 -0.00079765 -1 1.51416e-06 0.00680801 -1 0.00079765 -1.38901e-06 -30.2154 0 0 0 1 
				29
				1.3878e-06 -1.51988e-06 -1 5.24005e-06 -0.00079765 -1 1.51877e-06 0.00680805 -1 0.00079765 -1.38901e-06 -29.7108 0 0 0 1 
				30
				1.3878e-06 -1.5242e-06 -1 5.24008e-06 -0.00079765 -1 1.5231e-06 0.0068081 -1 0.00079765 -1.38901e-06 -29.23 0 0 0 1 
				31
				1.38779e-06 -1.52815e-06 -1 5.24011e-06 -0.00079765 -1 1.52704e-06 0.00680814 -1 0.00079765 -1.38901e-06 -28.8091 0 0 0 1 
		</Joint>
			3
				-1
				1.38777e-06 -1.55795e-06 -1 1.71067e-05 -0.00079765 -1 1.55684e-06 0.00679637 -1 0.00079765 -1.38901e-06 -37.3657 0 0 0 1 
				0
				1.38788e-06 -1.41691e-06 -1 1.71057e-05 -0.000797649 -1 1.4158e-06 0.00679633 -1 0.000797649 -1.38901e-06 -37.7591 0 0 0 1 
				1
				1.38778e-06 -1.54142e-06 -1 1.71066e-05 -0.00079765 -1 1.54031e-06 0.00679629 -1 0.00079765 -1.38901e-06 -38.2083 0 0 0 1 
				2
				1.3879e-06 -1.39903e-06 -1 1.71056e-05 -0.000797649 -1 1.39792e-06 0.00679624 -1 0.000797649 -1.38901e-06 -38.6798 0 0 0 1 
				3
				1.3878e-06 -1.52256e-06 -1 1.71065e-05 -0.00079765 -1 1.52145e-06 0.0067962 -1 0.00079765 -1.38901e-06 -39.1396 0 0 0 1 
				4
				1.38781e-06 -1.51269e-06 -1 1.71064e-05 -0.00079765 -1 1.51159e-06 0.00679616 -1 0.00079765 -1.38901e-06 -39.5551 0 0 0 1 
				5
				1.38792e-06 -1.36961e-06 -1 1.71054e-05 -0.000797649 -1 1.3685e-06 0.00679612 -1 0.000797649 -1.38901e-06 -39.8935 0 0 0 1 
				6
				1.38793e-06 -1.3598e-06 -1 1.71053e-05 -0.000797649 -1 1.35869e-06 0.0067961 -1 0.000797649 -1.38901e-06 -40.1211 0 0 0 1 
				7
				1.38794e-06 -1.35028e-06 -1 1.71053e-05 -0.000797649 -1 1.34918e-06 0.00679608 -1 0.000797649 -1.38901e-06 -40.2039 0 0 0 1 
				8
				1.38794e-06 -1.34123e-06 -1 1.71052e-05 -0.000797649 -1 1.34013e-06 0.00679608 -1 0.000797649 -1.38901e-06 -40.0812 0 0 0 1 
				9
				1.38795e-06 -1.33282e-06 -1 1.71052e-05 -0.000797649 -1 1.33171e-06 0.00679609 -1 0.000797649 -1.38901e-06 -39.7558 0 0 0 1 
				10
				1.38785e-06 -1.45838e-06 -1 1.7106e-05 -0.00079765 -1 1.45728e-06 0.00679611 -1 0.00079765 -1.38901e-06 -39.2966 0 0 0 1 
				11
				1.38796e-06 -1.31862e-06 -1 1.71051e-05 -0.000797649 -1 1.31751e-06 0.00679614 -1 0.000797649 -1.38901e-06 -38.7724 0 0 0 1 
				12
				1.38786e-06 -1.44634e-06 -1 1.71059e-05 -0.00079765 -1 1.44523e-06 0.00679616 -1 0.00079765 -1.38901e-06 -38.2497 0 0 0 1 
				13
				1.38797e-06 -1.30907e-06 -1 1.7105e-05 -0.000797649 -1 1.30797e-06 0.00679619 -1 0.000797649 -1.38901e-06 -37.7952 0 0 0 1 
				14
				1.38797e-06 -1.30648e-06 -1 1.7105e-05 -0.000797649 -1 1.30537e-06 0.0067962 -1 0.000797649 -1.38901e-06 -37.4776 0 0 0 1 
				15
				1.38797e-06 -1.30558e-06 -1 1.7105e-05 -0.000797649 -1 1.30447e-06 0.00679621 -1 0.000797649 -1.38901e-06 -37.3657 0 0 0 1 
				16
				1.38797e-06 -1.30648e-06 -1 1.7105e-05 -0.00079765 -1 1.30537e-06 0.0067962 -1 0.00079765 -1.38901e-06 -37.5052 0 0 0 1 
				17
				1.38797e-06 -1.30907e-06 -1 1.7105e-05 -0.000797649 -1 1.30797e-06 0.00679618 -1 0.000797649 -1.38901e-06 -37.8544 0 0 0 1 
				18
				1.38797e-06 -1.31318e-06 -1 1.7105e-05 -0.00079765 -1 1.31207e-06 0.00679616 -1 0.00079765 -1.38901e-06 -38.342 0 0 0 1 
				19
				1.38796e-06 -1.31862e-06 -1 1.71051e-05 -0.000797649 -1 1.31751e-06 0.00679612 -1 0.000797649 -1.38901e-06 -38.897 0 0 0 1 
				20
				1.38796e-06 -1.32522e-06 -1 1.71051e-05 -0.00079765 -1 1.32412e-06 0.0067961 -1 0.00079765 -1.38901e-06 -39.4504 0 0 0 1 
				21
				1.38795e-06 -1.33282e-06 -1 1.71052e-05 -0.000797649 -1 1.33171e-06 0.00679608 -1 0.000797649 -1.38901e-06 -39.9333 0 0 0 1 
				22
				1.38794e-06 -1.34123e-06 -1 1.71052e-05 -0.00079765 -1 1.34013e-06 0.00679607 -1 0.00079765 -1.38901e-06 -40.2746 0 0 0 1 
				23
				1.38794e-06 -1.35028e-06 -1 1.71053e-05 -0.000797649 -1 1.34918e-06 0.00679606 -1 0.000797649 -1.38901e-06 -40.4032 0 0 0 1 
				24
				1.38793e-06 -1.3598e-06 -1 1.71054e-05 -0.00079765 -1 1.35869e-06 0.00679608 -1 0.00079765 -1.38901e-06 -40.3145 0 0 0 1 
				25
				1.38781e-06 -1.50277e-06 -1 1.71063e-05 -0.00079765 -1 1.50166e-06 0.00679611 -1 0.00079765 -1.38901e-06 -40.071 0 0 0 1 
				26
				1.38781e-06 -1.51269e-06 -1 1.71064e-05 -0.00079765 -1 1.51159e-06 0.00679615 -1 0.00079765 -1.38901e-06 -39.7088 0 0 0 1 
				27
				1.3878e-06 -1.52256e-06 -1 1.71065e-05 -0.00079765 -1 1.52145e-06 0.00679619 -1 0.00079765 -1.38901e-06 -39.2642 0 0 0 1 
				28
				1.38779e-06 -1.53219e-06 -1 1.71065e-05 -0.00079765 -1 1.53108e-06 0.00679624 -1 0.00079765 -1.38901e-06 -38.7721 0 0 0 1 
				29
				1.38778e-06 -1.54142e-06 -1 1.71066e-05 -0.00079765 -1 1.54031e-06 0.00679628 -1 0.00079765 -1.38901e-06 -38.2675 0 0 0 1 
				30
				1.38778e-06 -1.55006e-06 -1 1.71066e-05 -0.00079765 -1 1.54895e-06 0.00679633 -1 0.00079765 -1.38901e-06 -37.7867 0 0 0 1 
				31
				1.38777e-06 -1.55795e-06 -1 1.71067e-05 -0.00079765 -1 1.55684e-06 0.00679637 -1 0.00079765 -1.38901e-06 -37.3657 0 0 0 1 
		</Joint>
			4
				-1
				1.38777e-06 -1.55795e-06 -1 2.89782e-05 -0.00079765 -1 1.55684e-06 0.00258757 -1 0.00079765 -1.38901e-06 -45.9224 0 0 0 1 
				0
				1.38788e-06 -1.41691e-06 -1 2.89778e-05 -0.000797649 -1 1.4158e-06 0.00258753 -1 0.000797649 -1.38901e-06 -46.3157 0 0 0 1 
				1
				1.38778e-06 -1.54142e-06 -1 2.89781e-05 -0.00079765 -1 1.54031e-06 0.00258748 -1 0.00079765 -1.38901e-06 -46.765 0 0 0 1 
				2
				1.3879e-06 -1.39903e-06 -1 2.89778e-05 -0.000797649 -1 1.39792e-06 0.00258744 -1 0.000797649 -1.38901e-06 -47.2364 0 0 0 1 
				3
				1.3878e-06 -1.52256e-06 -1 2.89781e-05 -0.00079765 -1 1.52145e-06 0.00258739 -1 0.00079765 -1.38901e-06 -47.6963 0 0 0 1 
				4
				1.38781e-06 -1.51269e-06 -1 2.89781e-05 -0.00079765 -1 1.51159e-06 0.00258736 -1 0.00079765 -1.38901e-06 -48.1118 0 0 0 1 
				5
				1.38792e-06 -1.36961e-06 -1 2.89777e-05 -0.000797649 -1 1.3685e-06 0.00258732 -1 0.000797649 -1.38901e-06 -48.4502 0 0 0 1 
				6
				1.38793e-06 -1.3598e-06 -1 2.89777e-05 -0.000797649 -1 1.35869e-06 0.0025873 -1 0.000797649 -1.38901e-06 -48.6777 0 0 0 1 
				7
				1.38794e-06 -1.35028e-06 -1 2.89776e-05 -0.000797649 -1 1.34918e-06 0.00258728 -1 0.000797649 -1.38901e-06 -48.7606 0 0 0 1 
				8
				1.38794e-06 -1.34123e-06 -1 2.89776e-05 -0.000797649 -1 1.34013e-06 0.00258728 -1 0.000797649 -1.38901e-06 -48.6378 0 0 0 1 
				9
				1.38795e-06 -1.33282e-06 -1 2.89776e-05 -0.000797649 -1 1.33171e-06 0.00258729 -1 0.000797649 -1.38901e-06 -48.3125 0 0 0 1 
				10
				1.38785e-06 -1.45838e-06 -1 2.89779e-05 -0.00079765 -1 1.45728e-06 0.00258731 -1 0.00079765 -1.38901e-06 -47.8533 0 0 0 1 
				11
				1.38796e-06 -1.31862e-06 -1 2.89776e-05 -0.000797649 -1 1.31751e-06 0.00258733 -1 0.000797649 -1.38901e-06 -47.329 0 0 0 1 
				12
				1.38786e-06 -1.44634e-06 -1 2.89779e-05 -0.00079765 -1 1.44523e-06 0.00258736 -1 0.00079765 -1.38901e-06 -46.8064 0 0 0 1 
				13
				1.38797e-06 -1.30907e-06 -1 2.89775e-05 -0.000797649 -1 1.30797e-06 0.00258738 -1 0.000797649 -1.38901e-06 -46.3519 0 0 0 1 
				14
				1.38797e-06 -1.30648e-06 -1 2.89775e-05 -0.000797649 -1 1.30537e-06 0.0025874 -1 0.000797649 -1.38901e-06 -46.0343 0 0 0 1 
				15
				1.38797e-06 -1.30558e-06 -1 2.89775e-05 -0.000797649 -1 1.30447e-06 0.0025874 -1 0.000797649 -1.38901e-06 -45.9224 0 0 0 1 
				16
				1.38797e-06 -1.30648e-06 -1 2.89775e-05 -0.00079765 -1 1.30537e-06 0.0025874 -1 0.00079765 -1.38901e-06 -46.0619 0 0 0 1 
				17
				1.38797e-06 -1.30907e-06 -1 2.89775e-05 -0.000797649 -1 1.30797e-06 0.00258738 -1 0.000797649 -1.38901e-06 -46.411 0 0 0 1 
				18
				1.38797e-06 -1.31318e-06 -1 2.89776e-05 -0.00079765 -1 1.31207e-06 0.00258735 -1 0.00079765 -1.38901e-06 -46.8986 0 0 0 1 
				19
				1.38796e-06 -1.31862e-06 -1 2.89776e-05 -0.000797649 -1 1.31751e-06 0.00258732 -1 0.000797649 -1.38901e-06 -47.4536 0 0 0 1 
				20
				1.38796e-06 -1.32522e-06 -1 2.89776e-05 -0.00079765 -1 1.32412e-06 0.00258729 -1 0.00079765 -1.38901e-06 -48.007 0 0 0 1 
				21
				1.38795e-06 -1.33282e-06 -1 2.89776e-05 -0.000797649 -1 1.33171e-06 0.00258727 -1 0.000797649 -1.38901e-06 -48.49 0 0 0 1 
				22
				1.38794e-06 -1.34123e-06 -1 2.89776e-05 -0.00079765 -1 1.34013e-06 0.00258726 -1 0.00079765 -1.38901e-06 -48.8313 0 0 0 1 
				23
				1.38794e-06 -1.35028e-06 -1 2.89776e-05 -0.000797649 -1 1.34918e-06 0.00258726 -1 0.000797649 -1.38901e-06 -48.9599 0 0 0 1 
				24
				1.38793e-06 -1.3598e-06 -1 2.89777e-05 -0.00079765 -1 1.35869e-06 0.00258728 -1 0.00079765 -1.38901e-06 -48.8712 0 0 0 1 
				25
				1.38781e-06 -1.50277e-06 -1 2.8978e-05 -0.00079765 -1 1.50166e-06 0.00258731 -1 0.00079765 -1.38901e-06 -48.6277 0 0 0 1 
				26
				1.38781e-06 -1.51269e-06 -1 2.89781e-05 -0.00079765 -1 1.51159e-06 0.00258734 -1 0.00079765 -1.38901e-06 -48.2655 0 0 0 1 
				27
				1.3878e-06 -1.52256e-06 -1 2.89781e-05 -0.00079765 -1 1.52145e-06 0.00258738 -1 0.00079765 -1.38901e-06 -47.8208 0 0 0 1 
				28
				1.38779e-06 -1.53219e-06 -1 2.89781e-05 -0.00079765 -1 1.53108e-06 0.00258743 -1 0.00079765 -1.38901e-06 -47.3287 0 0 0 1 
				29
				1.38778e-06 -1.54142e-06 -1 2.89781e-05 -0.00079765 -1 1.54031e-06 0.00258748 -1 0.00079765 -1.38901e-06 -46.8242 0 0 0 1 
				30
				1.38778e-06 -1.55006e-06 -1 2.89782e-05 -0.00079765 -1 1.54895e-06 0.00258752 -1 0.00079765 -1.38901e-06 -46.3433 0 0 0 1 
				31
				1.38777e-06 -1.55795e-06 -1 2.89782e-05 -0.00079765 -1 1.55684e-06 0.00258757 -1 0.00079765 -1.38901e-06 -45.9224 0 0 0 1 
		</Joint>
			5
				-1
				1.38685e-06 -1.55684e-06 -1 3.35381e-05 0 -1 1.55684e-06 -3.3366e-05 -1 -2.15911e-12 -1.38685e-06 -49.2082 0 0 0 1 
				0
				1.38685e-06 -1.4158e-06 -1 3.35381e-05 0 -1 1.4158e-06 -3.34036e-05 -1 -1.9635e-12 -1.38685e-06 -49.6015 0 0 0 1 
				1
				1.38685e-06 -1.54031e-06 -1 3.35381e-05 0 -1 1.54031e-06 -3.34466e-05 -1 -2.13618e-12 -1.38685e-06 -50.0508 0 0 0 1 
				2
				1.38685e-06 -1.39793e-06 -1 3.35381e-05 0 -1 1.39793e-06 -3.3489e-05 -1 -1.93871e-12 -1.38685e-06 -50.5223 0 0 0 1 
				3
				1.38685e-06 -1.52145e-06 -1 3.35381e-05 0 -1 1.52145e-06 -3.35353e-05 -1 -2.11003e-12 -1.38685e-06 -50.9821 0 0 0 1 
				4
				1.38685e-06 -1.51159e-06 -1 3.35381e-05 0 -1 1.51159e-06 -3.3571e-05 -1 -2.09635e-12 -1.38685e-06 -51.3976 0 0 0 1 
				5
				1.38685e-06 -1.3685e-06 -1 3.35381e-05 0 -1 1.3685e-06 -3.36088e-05 -1 -1.89791e-12 -1.38685e-06 -51.736 0 0 0 1 
				6
				1.38685e-06 -1.35869e-06 -1 3.35381e-05 0 -1 1.35869e-06 -3.3632e-05 -1 -1.88431e-12 -1.38685e-06 -51.9635 0 0 0 1 
				7
				1.38685e-06 -1.34918e-06 -1 3.35381e-05 0 -1 1.34918e-06 -3.36481e-05 -1 -1.87111e-12 -1.38685e-06 -52.0464 0 0 0 1 
				8
				1.38685e-06 -1.34013e-06 -1 3.35381e-05 0 -1 1.34013e-06 -3.36528e-05 -1 -1.85856e-12 -1.38685e-06 -51.9236 0 0 0 1 
				9
				1.38685e-06 -1.33172e-06 -1 3.35381e-05 0 -1 1.33172e-06 -3.36406e-05 -1 -1.84689e-12 -1.38685e-06 -51.5983 0 0 0 1 
				10
				1.38685e-06 -1.45728e-06 -1 3.35381e-05 0 -1 1.45728e-06 -3.362e-05 -1 -2.02103e-12 -1.38685e-06 -51.1391 0 0 0 1 
				11
				1.38685e-06 -1.31751e-06 -1 3.35381e-05 0 -1 1.31751e-06 -3.35983e-05 -1 -1.8272e-12 -1.38685e-06 -50.6149 0 0 0 1 
				12
				1.38685e-06 -1.44523e-06 -1 3.35381e-05 0 -1 1.44523e-06 -3.35693e-05 -1 -2.00432e-12 -1.38685e-06 -50.0922 0 0 0 1 
				13
				1.38685e-06 -1.30797e-06 -1 3.35381e-05 0 -1 1.30797e-06 -3.35467e-05 -1 -1.81396e-12 -1.38685e-06 -49.6377 0 0 0 1 
				14
				1.38685e-06 -1.30538e-06 -1 3.35381e-05 0 -1 1.30538e-06 -3.35289e-05 -1 -1.81036e-12 -1.38685e-06 -49.3201 0 0 0 1 
				15
				1.38685e-06 -1.30447e-06 -1 3.35381e-05 0 -1 1.30447e-06 -3.35265e-05 -1 -1.80911e-12 -1.38685e-06 -49.2082 0 0 0 1 
				16
				1.38685e-06 -1.30538e-06 -1 3.35381e-05 0 -1 1.30538e-06 -3.35295e-05 -1 -1.81036e-12 -1.38685e-06 -49.3477 0 0 0 1 
				17
				1.38685e-06 -1.30797e-06 -1 3.35381e-05 0 -1 1.30797e-06 -3.35521e-05 -1 -1.81396e-12 -1.38685e-06 -49.6968 0 0 0 1 
				18
				1.38685e-06 -1.31207e-06 -1 3.35381e-05 0 -1 1.31207e-06 -3.35785e-05 -1 -1.81965e-12 -1.38685e-06 -50.1845 0 0 0 1 
				19
				1.38685e-06 -1.31751e-06 -1 3.35381e-05 0 -1 1.31751e-06 -3.3607e-05 -1 -1.8272e-12 -1.38685e-06 -50.7394 0 0 0 1 
				20
				1.38685e-06 -1.32412e-06 -1 3.35381e-05 0 -1 1.32412e-06 -3.36338e-05 -1 -1.83635e-12 -1.38685e-06 -51.2928 0 0 0 1 
				21
				1.38685e-06 -1.33172e-06 -1 3.35381e-05 0 -1 1.33172e-06 -3.36584e-05 -1 -1.84689e-12 -1.38685e-06 -51.7758 0 0 0 1 
				22
				1.38685e-06 -1.34013e-06 -1 3.35381e-05 0 -1 1.34013e-06 -3.36705e-05 -1 -1.85856e-12 -1.38685e-06 -52.1171 0 0 0 1 
				23
				1.38685e-06 -1.34918e-06 -1 3.35381e-05 0 -1 1.34918e-06 -3.36694e-05 -1 -1.87111e-12 -1.38685e-06 -52.2457 0 0 0 1 
				24
				1.38685e-06 -1.35869e-06 -1 3.35382e-05 0 -1 1.35869e-06 -3.36513e-05 -1 -1.88431e-12 -1.38685e-06 -52.157 0 0 0 1 
				25
				1.38685e-06 -1.50166e-06 -1 3.35381e-05 0 -1 1.50166e-06 -3.36236e-05 -1 -2.08258e-12 -1.38685e-06 -51.9135 0 0 0 1 
				26
				1.38685e-06 -1.51159e-06 -1 3.35381e-05 0 -1 1.51159e-06 -3.3586e-05 -1 -2.09635e-12 -1.38685e-06 -51.5513 0 0 0 1 
				27
				1.38685e-06 -1.52145e-06 -1 3.35381e-05 0 -1 1.52145e-06 -3.35437e-05 -1 -2.11003e-12 -1.38685e-06 -51.1066 0 0 0 1 
				28
				1.38685e-06 -1.53108e-06 -1 3.35382e-05 0 -1 1.53108e-06 -3.35e-05 -1 -2.12339e-12 -1.38685e-06 -50.6145 0 0 0 1 
				29
				1.38685e-06 -1.54031e-06 -1 3.35381e-05 0 -1 1.54031e-06 -3.34524e-05 -1 -2.13618e-12 -1.38685e-06 -50.11 0 0 0 1 
				30
				1.38685e-06 -1.54896e-06 -1 3.35381e-05 0 -1 1.54896e-06 -3.34048e-05 -1 -2.14817e-12 -1.38685e-06 -49.6291 0 0 0 1 
				31
				1.38685e-06 -1.55684e-06 -1 3.35381e-05 0 -1 1.55684e-06 -3.3366e-05 -1 -2.15911e-12 -1.38685e-06 -49.2082 0 0 0 1 
		</Joint>
			6
		</Joint>
			7
				-1
				0.950312 -1.23036e-06 -0.3113 1.76724 1.5982e-06 1 9.26503e-07 -2.66927e-05 0.3113 -1.37798e-06 0.950312 -45.9224 0 0 0 1 
				0
				0.950312 -1.37144e-06 -0.3113 1.76724 1.73223e-06 1 8.82479e-07 -2.64842e-05 0.3113 -1.37787e-06 0.950312 -46.3157 0 0 0 1 
				1
				0.950312 -1.24689e-06 -0.3113 1.76724 1.61391e-06 1 9.21357e-07 -2.67457e-05 0.3113 -1.37798e-06 0.950312 -46.765 0 0 0 1 
				2
				0.950312 -1.38931e-06 -0.3113 1.76724 1.74921e-06 1 8.76915e-07 -2.65354e-05 0.3113 -1.37787e-06 0.950312 -47.2364 0 0 0 1 
				3
				0.950312 -1.26575e-06 -0.3113 1.76724 1.63183e-06 1 9.15486e-07 -2.68031e-05 0.3113 -1.37798e-06 0.950312 -47.6963 0 0 0 1 
				4
				0.950312 -1.27562e-06 -0.3113 1.76724 1.6412e-06 1 9.12415e-07 -2.68214e-05 0.3113 -1.37798e-06 0.950312 -48.1118 0 0 0 1 
				5
				0.950312 -1.41873e-06 -0.3113 1.76724 1.77717e-06 1 8.67756e-07 -2.66064e-05 0.3113 -1.37787e-06 0.950312 -48.4502 0 0 0 1 
				6
				0.950312 -1.42854e-06 -0.3113 1.76724 1.78649e-06 1 8.64703e-07 -2.66123e-05 0.3113 -1.37787e-06 0.950312 -48.6777 0 0 0 1 
				7
				0.950312 -1.43806e-06 -0.3113 1.76724 1.79554e-06 1 8.6174e-07 -2.66116e-05 0.3113 -1.37787e-06 0.950312 -48.7606 0 0 0 1 
				8
				0.950312 -1.44711e-06 -0.3113 1.76724 1.80414e-06 1 8.58923e-07 -2.66002e-05 0.3113 -1.37787e-06 0.950312 -48.6378 0 0 0 1 
				9
				0.950312 -1.45552e-06 -0.3113 1.76724 1.81213e-06 1 8.56304e-07 -2.6573e-05 0.3113 -1.37787e-06 0.950312 -48.3125 0 0 0 1 
				10
				0.950312 -1.32993e-06 -0.3113 1.76724 1.69281e-06 1 8.95508e-07 -2.67777e-05 0.3113 -1.37798e-06 0.950312 -47.8533 0 0 0 1 
				11
				0.950312 -1.46972e-06 -0.3113 1.76724 1.82563e-06 1 8.51883e-07 -2.65058e-05 0.3113 -1.37787e-06 0.950312 -47.329 0 0 0 1 
				12
				0.950312 -1.34198e-06 -0.3113 1.76724 1.70426e-06 1 8.91758e-07 -2.67023e-05 0.3113 -1.37798e-06 0.950312 -46.8064 0 0 0 1 
				13
				0.950312 -1.47927e-06 -0.3113 1.76724 1.8347e-06 1 8.48911e-07 -2.64371e-05 0.3113 -1.37787e-06 0.950312 -46.3519 0 0 0 1 
				14
				0.950312 -1.48186e-06 -0.3113 1.76724 1.83716e-06 1 8.48105e-07 -2.64148e-05 0.3113 -1.37787e-06 0.950312 -46.0343 0 0 0 1 
				15
				0.950312 -1.48276e-06 -0.3113 1.76724 1.83802e-06 1 8.47824e-07 -2.64109e-05 0.3113 -1.37787e-06 0.950312 -45.9224 0 0 0 1 
				16
				0.950312 -1.48183e-06 -0.3113 1.76724 1.83717e-06 1 8.48221e-07 -2.64196e-05 0.3113 -1.37798e-06 0.950312 -46.0619 0 0 0 1 
				17
				0.950312 -1.47927e-06 -0.3113 1.76724 1.8347e-06 1 8.48911e-07 -2.64428e-05 0.3113 -1.37787e-06 0.950312 -46.411 0 0 0 1 
				18
				0.950312 -1.47513e-06 -0.3113 1.76724 1.8308e-06 1 8.50306e-07 -2.64717e-05 0.3113 -1.37798e-06 0.950312 -46.8986 0 0 0 1 
				19
				0.950312 -1.46972e-06 -0.3113 1.76724 1.82563e-06 1 8.51883e-07 -2.65182e-05 0.3113 -1.37787e-06 0.950312 -47.4536 0 0 0 1 
				20
				0.950312 -1.46309e-06 -0.3113 1.76724 1.81936e-06 1 8.54056e-07 -2.65558e-05 0.3113 -1.37798e-06 0.950312 -48.007 0 0 0 1 
				21
				0.950312 -1.45552e-06 -0.3113 1.76724 1.81213e-06 1 8.56304e-07 -2.65886e-05 0.3113 -1.37787e-06 0.950312 -48.49 0 0 0 1 
				22
				0.950312 -1.44708e-06 -0.3113 1.76724 1.80414e-06 1 8.5904e-07 -2.66138e-05 0.3113 -1.37798e-06 0.950312 -48.8313 0 0 0 1 
				23
				0.950312 -1.43806e-06 -0.3113 1.76724 1.79554e-06 1 8.6174e-07 -2.66329e-05 0.3113 -1.37787e-06 0.950312 -48.9599 0 0 0 1 
				24
				0.950312 -1.42851e-06 -0.3113 1.76724 1.7865e-06 1 8.64819e-07 -2.66315e-05 0.3113 -1.37798e-06 0.950312 -48.8712 0 0 0 1 
				25
				0.950312 -1.28555e-06 -0.3113 1.76724 1.65063e-06 1 9.09325e-07 -2.68563e-05 0.3113 -1.37798e-06 0.950312 -48.6277 0 0 0 1 
				26
				0.950312 -1.27562e-06 -0.3113 1.76724 1.6412e-06 1 9.12415e-07 -2.68396e-05 0.3113 -1.37798e-06 0.950312 -48.2655 0 0 0 1 
				27
				0.950312 -1.26575e-06 -0.3113 1.76724 1.63183e-06 1 9.15486e-07 -2.68116e-05 0.3113 -1.37798e-06 0.950312 -47.8208 0 0 0 1 
				28
				0.950312 -1.25612e-06 -0.3113 1.76724 1.62267e-06 1 9.18484e-07 -2.67848e-05 0.3113 -1.37798e-06 0.950312 -47.3287 0 0 0 1 
				29
				0.950312 -1.24689e-06 -0.3113 1.76724 1.6139e-06 1 9.21357e-07 -2.67535e-05 0.3113 -1.37798e-06 0.950312 -46.8242 0 0 0 1 
				30
				0.950312 -1.23825e-06 -0.3113 1.76724 1.60569e-06 1 9.24048e-07 -2.67215e-05 0.3113 -1.37798e-06 0.950312 -46.3433 0 0 0 1 
				31
				0.950312 -1.23036e-06 -0.3113 1.76724 1.5982e-06 1 9.26503e-07 -2.66927e-05 0.3113 -1.37798e-06 0.950312 -45.9224 0 0 0 1 
		</Joint>
			8
				-1
				0.131636 -0.072 -0.98868 8.73671 -0.688528 0.710883 -0.143442 -1.49717e-05 0.713163 0.699616 0.0440035 -43.6394 0 0 0 1 
				0
				0.128439 -0.0762493 -0.988782 8.73671 -0.599943 0.78793 -0.138691 -1.37802e-05 0.789665 0.611026 0.0554558 -44.0327 0 0 0 1 
				1
				0.124224 -0.080492 -0.988984 8.73671 -0.493314 0.859786 -0.131941 -1.49095e-05 0.860935 0.50427 0.0670986 -44.482 0 0 0 1 
				2
				0.11918 -0.084379 -0.989281 8.7367 -0.370418 0.920665 -0.123151 -1.37069e-05 0.921188 0.381124 0.0784695 -44.9534 0 0 0 1 
				3
				0.113669 -0.087624 -0.989647 8.7367 -0.234588 0.965571 -0.112437 -1.48355e-05 0.965426 0.24494 0.0892004 -45.4132 0 0 0 1 
				4
				0.107607 -0.0901032 -0.990102 8.7367 -0.090488 0.990864 -0.100007 -1.47851e-05 0.990067 0.100354 0.0984707 -45.8287 0 0 0 1 
				5
				0.101086 -0.0916592 -0.990646 8.7367 0.0566314 0.994662 -0.0862521 -1.35728e-05 0.993265 -0.0473828 0.105738 -46.1671 0 0 0 1 
				6
				0.0944532 -0.0922192 -0.991249 8.73671 0.200996 0.976962 -0.0717377 -1.35104e-05 0.975028 -0.192461 0.110813 -46.3947 0 0 0 1 
				7
				0.0878331 -0.0918088 -0.991895 8.73671 0.336992 0.939772 -0.0571434 -1.34433e-05 0.937402 -0.329242 0.113482 -46.4776 0 0 0 1 
				8
				0.0816737 -0.0905547 -0.992537 8.7367 0.460156 0.886794 -0.0430419 -1.33689e-05 0.884073 -0.453207 0.114097 -46.3548 0 0 0 1 
				9
				0.0763935 -0.0887269 -0.993122 8.73671 0.567215 0.823027 -0.0298988 -1.3283e-05 0.820019 -0.56103 0.113201 -46.0294 0 0 0 1 
				10
				0.0718548 -0.0865166 -0.993656 8.7367 0.656333 0.754251 -0.0182101 -1.43628e-05 0.751042 -0.650861 0.11098 -45.5702 0 0 0 1 
				11
				0.0680151 -0.084131 -0.994131 8.7367 0.727067 0.686516 -0.00835481 -1.31168e-05 0.68319 -0.722231 0.107862 -45.046 0 0 0 1 
				12
				0.0650399 -0.0818869 -0.994517 8.7367 0.780089 0.625668 -0.000499739 -1.42035e-05 0.622278 -0.77578 0.104573 -44.5233 0 0 0 1 
				13
				0.0629732 -0.0800671 -0.994798 8.73671 0.81672 0.57701 0.0052593 -1.29816e-05 0.573588 -0.812803 0.101729 -44.0688 0 0 0 1 
				14
				0.0617261 -0.0788534 -0.994973 8.73671 0.838285 0.54516 0.00880062 -1.29413e-05 0.541726 -0.834615 0.0997523 -43.7512 0 0 0 1 
				15
				0.0612959 -0.0784147 -0.995035 8.73671 0.845492 0.533894 0.0100097 -1.29311e-05 0.530458 -0.841907 0.0990245 -43.6394 0 0 0 1 
				16
				0.0617262 -0.0788534 -0.994973 8.73671 0.838285 0.54516 0.00880071 -1.2946e-05 0.541726 -0.834615 0.0997523 -43.7789 0 0 0 1 
				17
				0.0629732 -0.0800671 -0.994798 8.7367 0.81672 0.57701 0.0052593 -1.29873e-05 0.573588 -0.812803 0.101729 -44.128 0 0 0 1 
				18
				0.0650398 -0.081887 -0.994517 8.73671 0.78009 0.625668 -0.000499913 -1.30449e-05 0.622278 -0.77578 0.104573 -44.6156 0 0 0 1 
				19
				0.0680151 -0.084131 -0.994131 8.73671 0.727067 0.686516 -0.00835481 -1.31293e-05 0.68319 -0.722231 0.107862 -45.1706 0 0 0 1 
				20
				0.0718546 -0.0865168 -0.993656 8.73671 0.656333 0.754251 -0.0182104 -1.32129e-05 0.751042 -0.650861 0.11098 -45.724 0 0 0 1 
				21
				0.0763934 -0.088727 -0.993122 8.7367 0.567215 0.823027 -0.0298988 -1.32987e-05 0.820019 -0.56103 0.113201 -46.2069 0 0 0 1 
				22
				0.0816738 -0.0905548 -0.992537 8.73671 0.460157 0.886794 -0.0430419 -1.33824e-05 0.884073 -0.453207 0.114097 -46.5483 0 0 0 1 
				23
				0.0878331 -0.0918088 -0.991895 8.73671 0.336992 0.939772 -0.0571434 -1.34646e-05 0.937402 -0.329242 0.113482 -46.6769 0 0 0 1 
				24
				0.0944533 -0.0922193 -0.991249 8.73671 0.200996 0.976962 -0.0717377 -1.35295e-05 0.975028 -0.192461 0.110813 -46.5882 0 0 0 1 
				25
				0.101086 -0.091659 -0.990646 8.73671 0.0566314 0.994663 -0.0862519 -1.47507e-05 0.993265 -0.0473828 0.105738 -46.3446 0 0 0 1 
				26
				0.107607 -0.0901033 -0.990102 8.73671 -0.090488 0.990864 -0.100007 -1.48032e-05 0.990067 0.100354 0.0984708 -45.9825 0 0 0 1 
				27
				0.113669 -0.087624 -0.989647 8.73671 -0.234588 0.965571 -0.112437 -1.4844e-05 0.965426 0.24494 0.0892004 -45.5378 0 0 0 1 
				28
				0.11918 -0.0843788 -0.989281 8.73671 -0.370418 0.920665 -0.123151 -1.48843e-05 0.921188 0.381125 0.0784695 -45.0457 0 0 0 1 
				29
				0.124225 -0.080492 -0.988984 8.73671 -0.493314 0.859786 -0.131941 -1.49174e-05 0.860935 0.50427 0.0670987 -44.5411 0 0 0 1 
				30
				0.128439 -0.076249 -0.988782 8.73671 -0.599943 0.78793 -0.138691 -1.49456e-05 0.789665 0.611026 0.0554559 -44.0603 0 0 0 1 
				31
				0.131636 -0.072 -0.98868 8.73671 -0.688528 0.710883 -0.143442 -1.49717e-05 0.713163 0.699616 0.0440035 -43.6394 0 0 0 1 
		</Joint>
			9
				-1
				0.0770685 0.128734 -0.98868 9.8418 -0.737141 -0.660339 -0.143442 -5.78027 -0.67133 0.739851 0.0440035 -37.6523 0 0 0 1 
				0
				0.0765875 0.128238 -0.988782 9.81496 -0.789508 -0.597864 -0.138691 -5.03659 -0.608943 0.791273 0.0554558 -37.4034 0 0 0 1 
				1
				0.0758223 0.127129 -0.988984 9.77958 -0.840869 -0.52491 -0.131941 -4.14143 -0.535901 0.841611 0.0670986 -37.2543 0 0 0 1 
				2
				0.0746326 0.125514 -0.989281 9.73723 -0.888287 -0.44247 -0.123151 -3.10971 -0.453184 0.887956 0.0784695 -37.22 0 0 0 1 
				3
				0.0728985 0.123631 -0.989647 9.69097 -0.92916 -0.352164 -0.112437 -1.9694 -0.362418 0.927737 0.0892004 -37.3084 0 0 0 1 
				4
				0.0706779 0.121254 -0.990102 9.64008 -0.961437 -0.256196 -0.100007 -0.75967 -0.265787 0.958989 0.0984707 -37.517 0 0 0 1 
				5
				0.0679784 0.118317 -0.990646 9.58533 -0.983839 -0.156914 -0.0862521 0.475412 -0.165651 0.9805 0.105738 -37.8286 0 0 0 1 
				6
				0.064817 0.114998 -0.991249 9.52965 -0.995788 -0.0570958 -0.0717377 1.68737 -0.0648458 0.991724 0.110813 -38.2092 0 0 0 1 
				7
				0.0613102 0.111286 -0.991895 9.47407 -0.997554 0.0402563 -0.0571434 2.82907 0.0335708 0.992973 0.113482 -38.608 0 0 0 1 
				8
				0.05753 0.107522 -0.992537 9.42236 -0.990246 0.132514 -0.0430419 3.86304 0.126897 0.985332 0.114097 -38.9329 0 0 0 1 
				9
				0.0536103 0.104088 -0.993122 9.37803 -0.97566 0.217242 -0.0298987 4.76181 0.212636 0.970552 0.113201 -39.1453 0 0 0 1 
				10
				0.0497677 0.100853 -0.993656 9.33993 -0.956123 0.292399 -0.0182101 5.50996 0.288708 0.950963 0.11098 -39.2652 0 0 0 1 
				11
				0.0462 0.0978245 -0.994131 9.3077 -0.934316 0.356349 -0.00835478 6.10378 0.35344 0.929218 0.107862 -39.3106 0 0 0 1 
				12
				0.0431002 0.0952787 -0.994517 9.28272 -0.913064 0.407816 -0.000499741 6.54891 0.405533 0.908079 0.104573 -39.2993 0 0 0 1 
				13
				0.0406692 0.0933937 -0.994798 9.26537 -0.895114 0.445807 0.00525933 6.85642 0.443979 0.890244 0.101729 -39.2535 0 0 0 1 
				14
				0.0390945 0.0921932 -0.994973 9.2549 -0.882946 0.469392 0.00880065 7.03747 0.467844 0.878164 0.0997523 -39.2034 0 0 0 1 
				15
				0.0385389 0.0917649 -0.995035 9.25129 -0.878567 0.477515 0.0100098 7.09797 0.476062 0.873819 0.0990245 -39.1861 0 0 0 1 
				16
				0.0390944 0.0921933 -0.994973 9.2549 -0.882946 0.469392 0.00880071 7.03747 0.467843 0.878164 0.0997523 -39.231 0 0 0 1 
				17
				0.0406693 0.0933937 -0.994798 9.26537 -0.895113 0.445807 0.00525933 6.85643 0.44398 0.890244 0.101729 -39.3127 0 0 0 1 
				18
				0.0431004 0.0952787 -0.994517 9.28272 -0.913064 0.407816 -0.000499914 6.54891 0.405533 0.908079 0.104573 -39.3915 0 0 0 1 
				19
				0.0462 0.0978245 -0.994131 9.3077 -0.934316 0.356349 -0.00835478 6.10378 0.35344 0.929218 0.107862 -39.4351 0 0 0 1 
				20
				0.049768 0.100853 -0.993656 9.33993 -0.956123 0.292399 -0.0182104 5.50996 0.288708 0.950963 0.11098 -39.4189 0 0 0 1 
				21
				0.0536104 0.104088 -0.993122 9.37803 -0.97566 0.217242 -0.0298988 4.76181 0.212636 0.970552 0.113201 -39.3228 0 0 0 1 
				22
				0.05753 0.107522 -0.992537 9.42236 -0.990246 0.132514 -0.0430419 3.86304 0.126897 0.985332 0.114097 -39.1264 0 0 0 1 
				23
				0.0613102 0.111286 -0.991895 9.47407 -0.997554 0.0402563 -0.0571434 2.82907 0.0335708 0.992973 0.113482 -38.8073 0 0 0 1 
				24
				0.0648171 0.114998 -0.991249 9.52965 -0.995788 -0.0570956 -0.0717377 1.68737 -0.0648456 0.991723 0.110813 -38.4027 0 0 0 1 
				25
				0.0679783 0.118317 -0.990646 9.58534 -0.983839 -0.156914 -0.0862519 0.475411 -0.165651 0.9805 0.105738 -38.0061 0 0 0 1 
				26
				0.0706779 0.121254 -0.990102 9.64008 -0.961437 -0.256196 -0.100007 -0.759669 -0.265787 0.958989 0.0984708 -37.6708 0 0 0 1 
				27
				0.0728985 0.123631 -0.989647 9.69097 -0.92916 -0.352164 -0.112437 -1.9694 -0.362419 0.927737 0.0892004 -37.433 0 0 0 1 
				28
