<?xml version='1.0' encoding='UTF-8' ?>
<itpanim>
	<skeleton count>
		25
			0 -1
			1.37091e-06 -1 -6.12323e-17 1.4e-05 1 1.37091e-06 -6.12323e-17 -1.91963e-11 6.12323e-17 -6.12323e-17 1 58.5533 0 0 0 1 
			1 0
			1.3868e-06 -2.28068e-12 -1 -58.5533 2.75771e-06 -1 6.10495e-12 1.40002e-05 -1 -2.75771e-06 -1.3868e-06 -8.12017e-05 0 0 0 1 
			2 1
			1.40269e-06 -0.000796318 -1 -67.8882 0 -1 0.000796318 0.0803988 -1 -1.11699e-09 -1.40269e-06 -2.22975e-07 0 0 0 1 
			3 2
			1.40269e-06 -0.000796318 -1 -100.951 0 -1 0.000796318 0.125537 -1 -1.11699e-09 -1.40269e-06 -3.4817e-07 0 0 0 1 
			4 3
			1.40269e-06 -0.000796318 -1 -157.638 0 -1 0.000796318 0.130385 -1 -1.11699e-09 -1.40269e-06 -3.61616e-07 0 0 0 1 
			5 4
			1.34309e-06 9.82436e-13 -1 -163.726 -1.40269e-06 -1 -2.86637e-12 6.843e-06 -1 1.40269e-06 -1.34309e-06 -0.000219899 0 0 0 1 
			6 5
			1 -0 0 0 0 1 0 0 -0 -0 1 -0 0 0 0 1 
			7 4
			0.939693 1.30318e-06 0.34202 43.7151 -1.38586e-06 1 -2.63612e-09 -3.76881e-06 -0.34202 -4.71514e-07 0.939693 142.553 0 0 0 1 
			8 7
			0.64989 0.118088 0.750799 90.4882 -0.0275106 0.990863 -0.132033 -18.1135 -0.759531 0.065152 0.647201 111.468 0 0 0 1 
			9 8
			0.642057 -0.0844314 0.761994 60.9558 0.104289 0.994297 0.0222969 -5.92664 -0.75953 0.065152 0.647201 111.468 0 0 0 1 
			10 9
			0.642057 -0.0844314 0.761994 28.628 -0.759447 0.0659437 0.647218 111.463 -0.104894 -0.994245 -0.0217816 6.0154 0 0 0 1 
			11 4
			-0.939693 -1.27328e-06 0.34202 43.7151 -1.35596e-06 1 -2.63613e-09 -3.76881e-06 -0.34202 -4.66242e-07 -0.939693 -142.553 0 0 0 1 
			12 11
			-0.64989 0.118086 0.750799 90.4882 0.0275078 0.990863 -0.132033 -18.1135 -0.75953 -0.0651541 -0.647201 -111.468 0 0 0 1 
			13 12
			-0.642057 -0.0844331 0.761994 60.9559 -0.104292 0.994297 0.0222969 -5.92664 -0.75953 -0.065154 -0.647201 -111.468 0 0 0 1 
			14 13
			-0.642057 -0.0844331 0.761993 28.628 0.759447 0.0659458 0.647218 111.463 -0.104897 0.994244 0.0217816 -6.0154 0 0 0 1 
			15 2
			0.0553766 -0.0626594 0.996497 57.2683 -0.0485968 -0.997015 -0.0599913 -2.56494 0.997282 -0.0451045 -0.0582563 -22.8596 0 0 0 1 
			16 15
			0.0622516 0.0929321 0.993725 21.563 -0.0394076 -0.99465 0.0954874 0.793302 0.997282 -0.0451045 -0.0582563 -22.8596 0 0 0 1 
			17 16
			1.3716e-06 -6.00745e-14 1 7.62276 0 -1 -6.00745e-14 -0.82329 1 8.23984e-20 -1.3716e-06 -22.4394 0 0 0 1 
			18 17
			1.3716e-06 -1 -6.12323e-17 -13.0552 0 6.12323e-17 -1 0.670089 1 1.3716e-06 8.39865e-23 -22.4394 0 0 0 1 
			19 18
			1 -0 0 0 0 1 0 0 -0 -0 1 -0 0 0 0 1 
			20 2
			-0.0553766 -0.0626595 0.996497 57.2683 0.0485995 -0.997015 -0.0599913 -2.56494 0.997282 0.0451072 0.0582565 22.8596 0 0 0 1 
			21 20
			-0.062252 0.0929319 0.993724 21.563 0.0394103 -0.99465 0.0954874 0.793303 0.997282 0.0451072 0.0582565 22.8596 0 0 0 1 
			22 21
			1.3716e-06 -6.00745e-14 1 7.62277 0 -1 -6.00745e-14 -0.82329 1 8.23984e-20 -1.3716e-06 22.4394 0 0 0 1 
			23 22
			1.3716e-06 -1 -6.12323e-17 -13.0552 0 6.12323e-17 -1 0.670089 1 1.3716e-06 8.39865e-23 22.4394 0 0 0 1 
			24 23
			1 -0 0 0 0 1 0 0 -0 -0 1 -0 0 0 0 1 
	</skeleton>
		<animations>
			33
			0
				-1
				1.33158e-06 1 0 -5.19361e-09 -1 1.33158e-06 0 -0.118802 -0 -0 1 -59.4445 0 0 0 1 
				0
				1.33158e-06 1 0 1.18183e-08 -1 1.33158e-06 0 0.270385 -0 -0 1 -59.2809 0 0 0 1 
				1
				1.33158e-06 1 0 3.04686e-08 -1 1.33158e-06 0 0.697055 -0 -0 1 -59.1016 0 0 0 1 
				2
				1.5979e-06 1 0 5.03747e-08 -1 1.5979e-06 0 1.15245 -0 -0 1 -58.9102 0 0 0 1 
				3
				1.33158e-06 1 0 7.11537e-08 -1 1.33158e-06 0 1.62782 -0 -0 1 -58.7105 0 0 0 1 
				4
				1.33158e-06 1 0 9.2435e-08 -1 1.33158e-06 0 2.11468 -0 -0 1 -58.5059 0 0 0 1 
				5
				1.46474e-06 1 0 1.13848e-07 -1 1.46474e-06 0 2.60455 -0 -0 1 -58.3 0 0 0 1 
				6
				1.33158e-06 1 0 1.3501e-07 -1 1.33158e-06 0 3.08868 -0 -0 1 -58.0965 0 0 0 1 
				7
				1.33158e-06 1 0 1.55538e-07 -1 1.33158e-06 0 3.5583 -0 -0 1 -57.8992 0 0 0 1 
				8
				1.33158e-06 1 0 1.75061e-07 -1 1.33158e-06 0 4.00494 -0 -0 1 -57.7115 0 0 0 1 
				9
				1.33158e-06 1 0 1.93209e-07 -1 1.33158e-06 0 4.42012 -0 -0 1 -57.537 0 0 0 1 
				10
				1.33158e-06 1 0 2.09599e-07 -1 1.33158e-06 0 4.79508 -0 -0 1 -57.3794 0 0 0 1 
				11
				1.33158e-06 1 0 2.23848e-07 -1 1.33158e-06 0 5.12107 -0 -0 1 -57.2424 0 0 0 1 
				12
				1.33158e-06 1 0 2.35586e-07 -1 1.33158e-06 0 5.3896 -0 -0 1 -57.1296 0 0 0 1 
				13
				1.33158e-06 1 0 2.44442e-07 -1 1.33158e-06 0 5.59219 -0 -0 1 -57.0444 0 0 0 1 
				14
				1.5979e-06 1 0 2.50033e-07 -1 1.5979e-06 0 5.7201 -0 -0 1 -56.9907 0 0 0 1 
				15
				1.33158e-06 1 0 2.51976e-07 -1 1.33158e-06 0 5.76456 -0 -0 1 -56.972 0 0 0 1 
				16
				1.33158e-06 1 0 2.49827e-07 -1 1.33158e-06 0 5.71538 -0 -0 1 -56.9926 0 0 0 1 
				17
				1.33158e-06 1 0 2.43657e-07 -1 1.33158e-06 0 5.57424 -0 -0 1 -57.052 0 0 0 1 
				18
				1.5979e-06 1 0 2.33914e-07 -1 1.5979e-06 0 5.35135 -0 -0 1 -57.1456 0 0 0 1 
				19
				1.33158e-06 1 0 2.21044e-07 -1 1.33158e-06 0 5.05691 -0 -0 1 -57.2694 0 0 0 1 
				20
				1.33158e-06 1 0 2.05479e-07 -1 1.33158e-06 0 4.70082 -0 -0 1 -57.419 0 0 0 1 
				21
				1.33158e-06 1 0 1.87651e-07 -1 1.33158e-06 0 4.29297 -0 -0 1 -57.5904 0 0 0 1 
				22
				1.33158e-06 1 0 1.68007e-07 -1 1.33158e-06 0 3.84357 -0 -0 1 -57.7793 0 0 0 1 
				23
				1.33158e-06 1 0 1.46994e-07 -1 1.33158e-06 0 3.36284 -0 -0 1 -57.9813 0 0 0 1 
				24
				1.33158e-06 1 0 1.25043e-07 -1 1.33158e-06 0 2.86066 -0 -0 1 -58.1924 0 0 0 1 
				25
				1.33158e-06 1 0 1.02587e-07 -1 1.33158e-06 0 2.34693 -0 -0 1 -58.4083 0 0 0 1 
				26
				1.33158e-06 1 0 8.00725e-08 -1 1.33158e-06 0 1.83186 -0 -0 1 -58.6247 0 0 0 1 
				27
				1.33158e-06 1 0 5.79459e-08 -1 1.33158e-06 0 1.32566 -0 -0 1 -58.8375 0 0 0 1 
				28
				1.33158e-06 1 0 3.66395e-08 -1 1.33158e-06 0 0.838229 -0 -0 1 -59.0423 0 0 0 1 
				29
				1.33158e-06 1 0 1.65856e-08 -1 1.33158e-06 0 0.379449 -0 -0 1 -59.2351 0 0 0 1 
				30
				1.33158e-06 1 0 -2.66835e-09 -1 1.33158e-06 0 -0.0610301 -0 -0 1 -59.4202 0 0 0 1 
				31
				1.33158e-06 1 0 -5.19361e-09 -1 1.33158e-06 0 -0.118802 -0 -0 1 -59.4445 0 0 0 1 
		</Joint>
			1
				-1
				1.33158e-06 2.66316e-06 -1 -5.19361e-09 0 -1 -2.66316e-06 -0.118802 -1 3.54621e-12 -1.33158e-06 -59.4445 0 0 0 1 
				0
				1.33158e-06 2.66316e-06 -1 1.18183e-08 0 -1 -2.66316e-06 0.270385 -1 3.54621e-12 -1.33158e-06 -59.2809 0 0 0 1 
				1
				1.33158e-06 2.66316e-06 -1 3.04686e-08 0 -1 -2.66316e-06 0.697055 -1 3.54621e-12 -1.33158e-06 -59.1016 0 0 0 1 
				2
				1.33158e-06 2.92948e-06 -1 5.03747e-08 0 -1 -2.92948e-06 1.15245 -1 3.90083e-12 -1.33158e-06 -58.9102 0 0 0 1 
				3
				1.33158e-06 2.66316e-06 -1 7.11537e-08 0 -1 -2.66316e-06 1.62782 -1 3.54621e-12 -1.33158e-06 -58.7105 0 0 0 1 
				4
				1.33158e-06 2.66316e-06 -1 9.2435e-08 0 -1 -2.66316e-06 2.11468 -1 3.54621e-12 -1.33158e-06 -58.5059 0 0 0 1 
				5
				1.33158e-06 2.79632e-06 -1 1.13848e-07 0 -1 -2.79632e-06 2.60455 -1 3.72352e-12 -1.33158e-06 -58.3 0 0 0 1 
				6
				1.33158e-06 2.66316e-06 -1 1.3501e-07 0 -1 -2.66316e-06 3.08868 -1 3.54621e-12 -1.33158e-06 -58.0965 0 0 0 1 
				7
				1.33158e-06 2.66316e-06 -1 1.55538e-07 0 -1 -2.66316e-06 3.5583 -1 3.54621e-12 -1.33158e-06 -57.8992 0 0 0 1 
				8
				1.33158e-06 2.66316e-06 -1 1.75061e-07 0 -1 -2.66316e-06 4.00494 -1 3.54621e-12 -1.33158e-06 -57.7115 0 0 0 1 
				9
				1.33158e-06 2.66316e-06 -1 1.93209e-07 0 -1 -2.66316e-06 4.42012 -1 3.54621e-12 -1.33158e-06 -57.537 0 0 0 1 
				10
				1.33158e-06 2.66316e-06 -1 2.09599e-07 0 -1 -2.66316e-06 4.79508 -1 3.54621e-12 -1.33158e-06 -57.3794 0 0 0 1 
				11
				1.33158e-06 2.66316e-06 -1 2.23848e-07 0 -1 -2.66316e-06 5.12107 -1 3.54621e-12 -1.33158e-06 -57.2424 0 0 0 1 
				12
				1.33158e-06 2.66316e-06 -1 2.35586e-07 0 -1 -2.66316e-06 5.3896 -1 3.54621e-12 -1.33158e-06 -57.1296 0 0 0 1 
				13
				1.33158e-06 2.66316e-06 -1 2.44442e-07 0 -1 -2.66316e-06 5.59219 -1 3.54621e-12 -1.33158e-06 -57.0444 0 0 0 1 
				14
				1.33158e-06 2.92948e-06 -1 2.50033e-07 0 -1 -2.92948e-06 5.7201 -1 3.90083e-12 -1.33158e-06 -56.9907 0 0 0 1 
				15
				1.33158e-06 2.66316e-06 -1 2.51976e-07 0 -1 -2.66316e-06 5.76456 -1 3.54621e-12 -1.33158e-06 -56.972 0 0 0 1 
				16
				1.33158e-06 2.66316e-06 -1 2.49827e-07 0 -1 -2.66316e-06 5.71538 -1 3.54621e-12 -1.33158e-06 -56.9926 0 0 0 1 
				17
				1.33158e-06 2.66316e-06 -1 2.43657e-07 0 -1 -2.66316e-06 5.57424 -1 3.54621e-12 -1.33158e-06 -57.052 0 0 0 1 
				18
				1.33158e-06 2.92948e-06 -1 2.33914e-07 0 -1 -2.92948e-06 5.35135 -1 3.90083e-12 -1.33158e-06 -57.1456 0 0 0 1 
				19
				1.33158e-06 2.66316e-06 -1 2.21044e-07 0 -1 -2.66316e-06 5.05691 -1 3.54621e-12 -1.33158e-06 -57.2694 0 0 0 1 
				20
				1.33158e-06 2.66316e-06 -1 2.05479e-07 0 -1 -2.66316e-06 4.70082 -1 3.54621e-12 -1.33158e-06 -57.419 0 0 0 1 
				21
				1.33158e-06 2.66316e-06 -1 1.87651e-07 0 -1 -2.66316e-06 4.29297 -1 3.54621e-12 -1.33158e-06 -57.5904 0 0 0 1 
				22
				1.33158e-06 2.66316e-06 -1 1.68007e-07 0 -1 -2.66316e-06 3.84357 -1 3.54621e-12 -1.33158e-06 -57.7793 0 0 0 1 
				23
				1.33158e-06 2.66316e-06 -1 1.46994e-07 0 -1 -2.66316e-06 3.36284 -1 3.54621e-12 -1.33158e-06 -57.9813 0 0 0 1 
				24
				1.33158e-06 2.66316e-06 -1 1.25043e-07 0 -1 -2.66316e-06 2.86066 -1 3.54621e-12 -1.33158e-06 -58.1924 0 0 0 1 
				25
				1.33158e-06 2.66316e-06 -1 1.02587e-07 0 -1 -2.66316e-06 2.34693 -1 3.54621e-12 -1.33158e-06 -58.4083 0 0 0 1 
				26
				1.33158e-06 2.66316e-06 -1 8.00725e-08 0 -1 -2.66316e-06 1.83186 -1 3.54621e-12 -1.33158e-06 -58.6247 0 0 0 1 
				27
				1.33158e-06 2.66316e-06 -1 5.79459e-08 0 -1 -2.66316e-06 1.32566 -1 3.54621e-12 -1.33158e-06 -58.8375 0 0 0 1 
				28
				1.33158e-06 2.66316e-06 -1 3.66395e-08 0 -1 -2.66316e-06 0.838229 -1 3.54621e-12 -1.33158e-06 -59.0423 0 0 0 1 
				29
				1.33158e-06 2.66316e-06 -1 1.65856e-08 0 -1 -2.66316e-06 0.379449 -1 3.54621e-12 -1.33158e-06 -59.2351 0 0 0 1 
				30
				1.33158e-06 2.66316e-06 -1 -2.66835e-09 0 -1 -2.66316e-06 -0.0610301 -1 3.54621e-12 -1.33158e-06 -59.4202 0 0 0 1 
				31
				1.33158e-06 2.66316e-06 -1 -5.19361e-09 0 -1 -2.66316e-06 -0.118802 -1 3.54621e-12 -1.33158e-06 -59.4445 0 0 0 1 
		</Joint>
			2
				-1
				1.38782e-06 -1.49834e-06 -1 1.29069e-05 -0.00079765 -1 1.49724e-06 -0.0924898 -1 0.00079765 -1.38901e-06 -68.7794 0 0 0 1 
				0
				1.38782e-06 -1.49834e-06 -1 1.29239e-05 -0.000797649 -1 1.49724e-06 0.296697 -1 0.000797649 -1.38901e-06 -68.6158 0 0 0 1 
				1
				1.38782e-06 -1.49834e-06 -1 1.29425e-05 -0.00079765 -1 1.49724e-06 0.723367 -1 0.00079765 -1.38901e-06 -68.4365 0 0 0 1 
				2
				1.38803e-06 -1.23203e-06 -1 1.29554e-05 -0.000797649 -1 1.23092e-06 1.17876 -1 0.000797649 -1.38901e-06 -68.2452 0 0 0 1 
				3
				1.38782e-06 -1.49834e-06 -1 1.29832e-05 -0.00079765 -1 1.49724e-06 1.65413 -1 0.00079765 -1.38901e-06 -68.0454 0 0 0 1 
				4
				1.38782e-06 -1.49834e-06 -1 1.30045e-05 -0.00079765 -1 1.49724e-06 2.14099 -1 0.00079765 -1.38901e-06 -67.8408 0 0 0 1 
				5
				1.38792e-06 -1.36519e-06 -1 1.30224e-05 -0.00079765 -1 1.36408e-06 2.63086 -1 0.00079765 -1.38901e-06 -67.6349 0 0 0 1 
				6
				1.38782e-06 -1.49834e-06 -1 1.30471e-05 -0.00079765 -1 1.49724e-06 3.11499 -1 0.00079765 -1.38901e-06 -67.4315 0 0 0 1 
				7
				1.38782e-06 -1.49834e-06 -1 1.30676e-05 -0.00079765 -1 1.49724e-06 3.58461 -1 0.00079765 -1.38901e-06 -67.2341 0 0 0 1 
				8
				1.38782e-06 -1.49834e-06 -1 1.30871e-05 -0.00079765 -1 1.49724e-06 4.03125 -1 0.00079765 -1.38901e-06 -67.0464 0 0 0 1 
				9
				1.38782e-06 -1.49834e-06 -1 1.31053e-05 -0.000797649 -1 1.49724e-06 4.44643 -1 0.000797649 -1.38901e-06 -66.8719 0 0 0 1 
				10
				1.38782e-06 -1.49834e-06 -1 1.31217e-05 -0.00079765 -1 1.49724e-06 4.82139 -1 0.00079765 -1.38901e-06 -66.7143 0 0 0 1 
				11
				1.38782e-06 -1.49834e-06 -1 1.31359e-05 -0.00079765 -1 1.49724e-06 5.14738 -1 0.00079765 -1.38901e-06 -66.5773 0 0 0 1 
				12
				1.38782e-06 -1.49834e-06 -1 1.31477e-05 -0.00079765 -1 1.49724e-06 5.41591 -1 0.00079765 -1.38901e-06 -66.4645 0 0 0 1 
				13
				1.38782e-06 -1.49834e-06 -1 1.31565e-05 -0.00079765 -1 1.49724e-06 5.61851 -1 0.00079765 -1.38901e-06 -66.3793 0 0 0 1 
				14
				1.38803e-06 -1.23203e-06 -1 1.31551e-05 -0.000797649 -1 1.23092e-06 5.74641 -1 0.000797649 -1.38901e-06 -66.3256 0 0 0 1 
				15
				1.38782e-06 -1.49834e-06 -1 1.31641e-05 -0.00079765 -1 1.49724e-06 5.79087 -1 0.00079765 -1.38901e-06 -66.3069 0 0 0 1 
				16
				1.38782e-06 -1.49834e-06 -1 1.31619e-05 -0.00079765 -1 1.49724e-06 5.7417 -1 0.00079765 -1.38901e-06 -66.3276 0 0 0 1 
				17
				1.38782e-06 -1.49834e-06 -1 1.31557e-05 -0.000797649 -1 1.49724e-06 5.60056 -1 0.000797649 -1.38901e-06 -66.3869 0 0 0 1 
				18
				1.38803e-06 -1.23203e-06 -1 1.3139e-05 -0.000797649 -1 1.23092e-06 5.37766 -1 0.000797649 -1.38901e-06 -66.4806 0 0 0 1 
				19
				1.38782e-06 -1.49834e-06 -1 1.31331e-05 -0.00079765 -1 1.49724e-06 5.08322 -1 0.00079765 -1.38901e-06 -66.6043 0 0 0 1 
				20
				1.38782e-06 -1.49834e-06 -1 1.31176e-05 -0.00079765 -1 1.49724e-06 4.72713 -1 0.00079765 -1.38901e-06 -66.7539 0 0 0 1 
				21
				1.38782e-06 -1.49834e-06 -1 1.30997e-05 -0.00079765 -1 1.49724e-06 4.31928 -1 0.00079765 -1.38901e-06 -66.9253 0 0 0 1 
				22
				1.38782e-06 -1.49834e-06 -1 1.30801e-05 -0.00079765 -1 1.49724e-06 3.86988 -1 0.00079765 -1.38901e-06 -67.1142 0 0 0 1 
				23
				1.38782e-06 -1.49834e-06 -1 1.30591e-05 -0.00079765 -1 1.49724e-06 3.38915 -1 0.00079765 -1.38901e-06 -67.3162 0 0 0 1 
				24
				1.38782e-06 -1.49834e-06 -1 1.30371e-05 -0.00079765 -1 1.49724e-06 2.88697 -1 0.00079765 -1.38901e-06 -67.5273 0 0 0 1 
				25
				1.38782e-06 -1.49834e-06 -1 1.30147e-05 -0.00079765 -1 1.49724e-06 2.37324 -1 0.00079765 -1.38901e-06 -67.7432 0 0 0 1 
				26
				1.38782e-06 -1.49834e-06 -1 1.29921e-05 -0.00079765 -1 1.49724e-06 1.85817 -1 0.00079765 -1.38901e-06 -67.9596 0 0 0 1 
				27
				1.38782e-06 -1.49834e-06 -1 1.297e-05 -0.00079765 -1 1.49724e-06 1.35197 -1 0.00079765 -1.38901e-06 -68.1724 0 0 0 1 
				28
				1.38782e-06 -1.49834e-06 -1 1.29487e-05 -0.000797649 -1 1.49724e-06 0.86454 -1 0.000797649 -1.38901e-06 -68.3772 0 0 0 1 
				29
				1.38782e-06 -1.49834e-06 -1 1.29287e-05 -0.00079765 -1 1.49724e-06 0.405761 -1 0.00079765 -1.38901e-06 -68.57 0 0 0 1 
				30
				1.38782e-06 -1.49834e-06 -1 1.29094e-05 -0.00079765 -1 1.49724e-06 -0.0347184 -1 0.00079765 -1.38901e-06 -68.7551 0 0 0 1 
				31
				1.38782e-06 -1.49834e-06 -1 1.29069e-05 -0.00079765 -1 1.49724e-06 -0.0924898 -1 0.00079765 -1.38901e-06 -68.7794 0 0 0 1 
		</Joint>
			3
				-1
				1.38782e-06 -1.49834e-06 -1 5.87346e-05 -0.00079765 -1 1.49724e-06 -0.0737242 -1 0.00079765 -1.38901e-06 -101.842 0 0 0 1 
				0
				1.38782e-06 -1.49834e-06 -1 5.87516e-05 -0.000797649 -1 1.49724e-06 0.315462 -1 0.000797649 -1.38901e-06 -101.679 0 0 0 1 
				1
				1.38782e-06 -1.49834e-06 -1 5.87702e-05 -0.00079765 -1 1.49724e-06 0.742133 -1 0.00079765 -1.38901e-06 -101.499 0 0 0 1 
				2
				1.38803e-06 -1.23203e-06 -1 5.87781e-05 -0.000797649 -1 1.23092e-06 1.19753 -1 0.000797649 -1.38901e-06 -101.308 0 0 0 1 
				3
				1.38782e-06 -1.49834e-06 -1 5.88109e-05 -0.00079765 -1 1.49724e-06 1.6729 -1 0.00079765 -1.38901e-06 -101.108 0 0 0 1 
				4
				1.38782e-06 -1.49834e-06 -1 5.88322e-05 -0.00079765 -1 1.49724e-06 2.15976 -1 0.00079765 -1.38901e-06 -100.904 0 0 0 1 
				5
				1.38792e-06 -1.36519e-06 -1 5.88476e-05 -0.00079765 -1 1.36408e-06 2.64963 -1 0.00079765 -1.38901e-06 -100.698 0 0 0 1 
				6
				1.38782e-06 -1.49834e-06 -1 5.88748e-05 -0.00079765 -1 1.49724e-06 3.13375 -1 0.00079765 -1.38901e-06 -100.494 0 0 0 1 
				7
				1.38782e-06 -1.49834e-06 -1 5.88953e-05 -0.00079765 -1 1.49724e-06 3.60338 -1 0.00079765 -1.38901e-06 -100.297 0 0 0 1 
				8
				1.38782e-06 -1.49834e-06 -1 5.89148e-05 -0.00079765 -1 1.49724e-06 4.05002 -1 0.00079765 -1.38901e-06 -100.109 0 0 0 1 
				9
				1.38782e-06 -1.49834e-06 -1 5.8933e-05 -0.000797649 -1 1.49724e-06 4.4652 -1 0.000797649 -1.38901e-06 -99.9348 0 0 0 1 
				10
				1.38782e-06 -1.49834e-06 -1 5.89494e-05 -0.00079765 -1 1.49724e-06 4.84016 -1 0.00079765 -1.38901e-06 -99.7772 0 0 0 1 
				11
				1.38782e-06 -1.49834e-06 -1 5.89636e-05 -0.00079765 -1 1.49724e-06 5.16614 -1 0.00079765 -1.38901e-06 -99.6402 0 0 0 1 
				12
				1.38782e-06 -1.49834e-06 -1 5.89753e-05 -0.00079765 -1 1.49724e-06 5.43468 -1 0.00079765 -1.38901e-06 -99.5274 0 0 0 1 
				13
				1.38782e-06 -1.49834e-06 -1 5.89842e-05 -0.00079765 -1 1.49724e-06 5.63727 -1 0.00079765 -1.38901e-06 -99.4423 0 0 0 1 
				14
				1.38803e-06 -1.23203e-06 -1 5.89778e-05 -0.000797649 -1 1.23092e-06 5.76518 -1 0.000797649 -1.38901e-06 -99.3885 0 0 0 1 
				15
				1.38782e-06 -1.49834e-06 -1 5.89917e-05 -0.00079765 -1 1.49724e-06 5.80964 -1 0.00079765 -1.38901e-06 -99.3698 0 0 0 1 
				16
				1.38782e-06 -1.49834e-06 -1 5.89896e-05 -0.00079765 -1 1.49724e-06 5.76046 -1 0.00079765 -1.38901e-06 -99.3905 0 0 0 1 
				17
				1.38782e-06 -1.49834e-06 -1 5.89834e-05 -0.000797649 -1 1.49724e-06 5.61932 -1 0.000797649 -1.38901e-06 -99.4498 0 0 0 1 
				18
				1.38803e-06 -1.23203e-06 -1 5.89617e-05 -0.000797649 -1 1.23092e-06 5.39642 -1 0.000797649 -1.38901e-06 -99.5435 0 0 0 1 
				19
				1.38782e-06 -1.49834e-06 -1 5.89608e-05 -0.00079765 -1 1.49724e-06 5.10199 -1 0.00079765 -1.38901e-06 -99.6672 0 0 0 1 
				20
				1.38782e-06 -1.49834e-06 -1 5.89453e-05 -0.00079765 -1 1.49724e-06 4.7459 -1 0.00079765 -1.38901e-06 -99.8169 0 0 0 1 
				21
				1.38782e-06 -1.49834e-06 -1 5.89274e-05 -0.00079765 -1 1.49724e-06 4.33805 -1 0.00079765 -1.38901e-06 -99.9883 0 0 0 1 
				22
				1.38782e-06 -1.49834e-06 -1 5.89078e-05 -0.00079765 -1 1.49724e-06 3.88865 -1 0.00079765 -1.38901e-06 -100.177 0 0 0 1 
				23
				1.38782e-06 -1.49834e-06 -1 5.88868e-05 -0.00079765 -1 1.49724e-06 3.40791 -1 0.00079765 -1.38901e-06 -100.379 0 0 0 1 
				24
				1.38782e-06 -1.49834e-06 -1 5.88648e-05 -0.00079765 -1 1.49724e-06 2.90574 -1 0.00079765 -1.38901e-06 -100.59 0 0 0 1 
				25
				1.38782e-06 -1.49834e-06 -1 5.88424e-05 -0.00079765 -1 1.49724e-06 2.39201 -1 0.00079765 -1.38901e-06 -100.806 0 0 0 1 
				26
				1.38782e-06 -1.49834e-06 -1 5.88198e-05 -0.00079765 -1 1.49724e-06 1.87694 -1 0.00079765 -1.38901e-06 -101.023 0 0 0 1 
				27
				1.38782e-06 -1.49834e-06 -1 5.87977e-05 -0.00079765 -1 1.49724e-06 1.37074 -1 0.00079765 -1.38901e-06 -101.235 0 0 0 1 
				28
				1.38782e-06 -1.49834e-06 -1 5.87764e-05 -0.000797649 -1 1.49724e-06 0.883306 -1 0.000797649 -1.38901e-06 -101.44 0 0 0 1 
				29
				1.38782e-06 -1.49834e-06 -1 5.87564e-05 -0.00079765 -1 1.49724e-06 0.424526 -1 0.00079765 -1.38901e-06 -101.633 0 0 0 1 
				30
				1.38782e-06 -1.49834e-06 -1 5.87371e-05 -0.00079765 -1 1.49724e-06 -0.0159528 -1 0.00079765 -1.38901e-06 -101.818 0 0 0 1 
				31
				1.38782e-06 -1.49834e-06 -1 5.87346e-05 -0.00079765 -1 1.49724e-06 -0.0737242 -1 0.00079765 -1.38901e-06 -101.842 0 0 0 1 
		</Joint>
			4
				-1
				1.38782e-06 -1.49834e-06 -1 0.000137399 -0.00079765 -1 1.49724e-06 -0.114093 -1 0.00079765 -1.38901e-06 -158.529 0 0 0 1 
				0
				1.38782e-06 -1.49834e-06 -1 0.000137416 -0.000797649 -1 1.49724e-06 0.275094 -1 0.000797649 -1.38901e-06 -158.366 0 0 0 1 
				1
				1.38782e-06 -1.49834e-06 -1 0.000137435 -0.00079765 -1 1.49724e-06 0.701764 -1 0.00079765 -1.38901e-06 -158.186 0 0 0 1 
				2
				1.38803e-06 -1.23203e-06 -1 0.000137454 -0.000797649 -1 1.23092e-06 1.15716 -1 0.000797649 -1.38901e-06 -157.995 0 0 0 1 
				3
				1.38782e-06 -1.49834e-06 -1 0.000137476 -0.00079765 -1 1.49724e-06 1.63253 -1 0.00079765 -1.38901e-06 -157.795 0 0 0 1 
				4
				1.38782e-06 -1.49834e-06 -1 0.000137497 -0.00079765 -1 1.49724e-06 2.11939 -1 0.00079765 -1.38901e-06 -157.59 0 0 0 1 
				5
				1.38792e-06 -1.36519e-06 -1 0.000137518 -0.00079765 -1 1.36408e-06 2.60926 -1 0.00079765 -1.38901e-06 -157.385 0 0 0 1 
				6
				1.38782e-06 -1.49834e-06 -1 0.00013754 -0.00079765 -1 1.49724e-06 3.09338 -1 0.00079765 -1.38901e-06 -157.181 0 0 0 1 
				7
				1.38782e-06 -1.49834e-06 -1 0.00013756 -0.00079765 -1 1.49724e-06 3.56301 -1 0.00079765 -1.38901e-06 -156.984 0 0 0 1 
				8
				1.38782e-06 -1.49834e-06 -1 0.00013758 -0.00079765 -1 1.49724e-06 4.00965 -1 0.00079765 -1.38901e-06 -156.796 0 0 0 1 
				9
				1.38782e-06 -1.49834e-06 -1 0.000137598 -0.000797649 -1 1.49724e-06 4.42483 -1 0.000797649 -1.38901e-06 -156.622 0 0 0 1 
				10
				1.38782e-06 -1.49834e-06 -1 0.000137614 -0.00079765 -1 1.49724e-06 4.79979 -1 0.00079765 -1.38901e-06 -156.464 0 0 0 1 
				11
				1.38782e-06 -1.49834e-06 -1 0.000137628 -0.00079765 -1 1.49724e-06 5.12578 -1 0.00079765 -1.38901e-06 -156.327 0 0 0 1 
				12
				1.38782e-06 -1.49834e-06 -1 0.00013764 -0.00079765 -1 1.49724e-06 5.39431 -1 0.00079765 -1.38901e-06 -156.214 0 0 0 1 
				13
				1.38782e-06 -1.49834e-06 -1 0.000137649 -0.00079765 -1 1.49724e-06 5.5969 -1 0.00079765 -1.38901e-06 -156.129 0 0 0 1 
				14
				1.38803e-06 -1.23203e-06 -1 0.000137653 -0.000797649 -1 1.23092e-06 5.72481 -1 0.000797649 -1.38901e-06 -156.075 0 0 0 1 
				15
				1.38782e-06 -1.49834e-06 -1 0.000137657 -0.00079765 -1 1.49724e-06 5.76927 -1 0.00079765 -1.38901e-06 -156.057 0 0 0 1 
				16
				1.38782e-06 -1.49834e-06 -1 0.000137654 -0.00079765 -1 1.49724e-06 5.72009 -1 0.00079765 -1.38901e-06 -156.077 0 0 0 1 
				17
				1.38782e-06 -1.49834e-06 -1 0.000137648 -0.000797649 -1 1.49724e-06 5.57895 -1 0.000797649 -1.38901e-06 -156.137 0 0 0 1 
				18
				1.38803e-06 -1.23203e-06 -1 0.000137637 -0.000797649 -1 1.23092e-06 5.35606 -1 0.000797649 -1.38901e-06 -156.23 0 0 0 1 
				19
				1.38782e-06 -1.49834e-06 -1 0.000137626 -0.00079765 -1 1.49724e-06 5.06162 -1 0.00079765 -1.38901e-06 -156.354 0 0 0 1 
				20
				1.38782e-06 -1.49834e-06 -1 0.00013761 -0.00079765 -1 1.49724e-06 4.70553 -1 0.00079765 -1.38901e-06 -156.504 0 0 0 1 
				21
				1.38782e-06 -1.49834e-06 -1 0.000137592 -0.00079765 -1 1.49724e-06 4.29768 -1 0.00079765 -1.38901e-06 -156.675 0 0 0 1 
				22
				1.38782e-06 -1.49834e-06 -1 0.000137573 -0.00079765 -1 1.49724e-06 3.84828 -1 0.00079765 -1.38901e-06 -156.864 0 0 0 1 
				23
				1.38782e-06 -1.49834e-06 -1 0.000137552 -0.00079765 -1 1.49724e-06 3.36755 -1 0.00079765 -1.38901e-06 -157.066 0 0 0 1 
				24
				1.38782e-06 -1.49834e-06 -1 0.00013753 -0.00079765 -1 1.49724e-06 2.86537 -1 0.00079765 -1.38901e-06 -157.277 0 0 0 1 
				25
				1.38782e-06 -1.49834e-06 -1 0.000137507 -0.00079765 -1 1.49724e-06 2.35164 -1 0.00079765 -1.38901e-06 -157.493 0 0 0 1 
				26
				1.38782e-06 -1.49834e-06 -1 0.000137485 -0.00079765 -1 1.49724e-06 1.83657 -1 0.00079765 -1.38901e-06 -157.709 0 0 0 1 
				27
				1.38782e-06 -1.49834e-06 -1 0.000137463 -0.00079765 -1 1.49724e-06 1.33037 -1 0.00079765 -1.38901e-06 -157.922 0 0 0 1 
				28
				1.38782e-06 -1.49834e-06 -1 0.000137441 -0.000797649 -1 1.49724e-06 0.842937 -1 0.000797649 -1.38901e-06 -158.127 0 0 0 1 
				29
				1.38782e-06 -1.49834e-06 -1 0.000137421 -0.00079765 -1 1.49724e-06 0.384158 -1 0.00079765 -1.38901e-06 -158.32 0 0 0 1 
				30
				1.38782e-06 -1.49834e-06 -1 0.000137402 -0.00079765 -1 1.49724e-06 -0.0563213 -1 0.00079765 -1.38901e-06 -158.505 0 0 0 1 
				31
				1.38782e-06 -1.49834e-06 -1 0.000137399 -0.00079765 -1 1.49724e-06 -0.114093 -1 0.00079765 -1.38901e-06 -158.529 0 0 0 1 
		</Joint>
			5
				-1
				1.38685e-06 -1.49724e-06 -1 0.000145848 0 -1 1.49724e-06 -0.118949 -1 -2.07645e-12 -1.38685e-06 -164.617 0 0 0 1 
				0
				1.38685e-06 -1.49724e-06 -1 0.000145865 0 -1 1.49724e-06 0.270238 -1 -2.07645e-12 -1.38685e-06 -164.454 0 0 0 1 
				1
				1.38685e-06 -1.49724e-06 -1 0.000145884 0 -1 1.49724e-06 0.696908 -1 -2.07645e-12 -1.38685e-06 -164.274 0 0 0 1 
				2
				1.38685e-06 -1.23092e-06 -1 0.000145904 0 -1 1.23092e-06 1.15231 -1 -1.70711e-12 -1.38685e-06 -164.083 0 0 0 1 
				3
				1.38685e-06 -1.49724e-06 -1 0.000145925 0 -1 1.49724e-06 1.62767 -1 -2.07645e-12 -1.38685e-06 -163.883 0 0 0 1 
				4
				1.38685e-06 -1.49724e-06 -1 0.000145946 0 -1 1.49724e-06 2.11453 -1 -2.07645e-12 -1.38685e-06 -163.678 0 0 0 1 
				5
				1.38685e-06 -1.36408e-06 -1 0.000145967 0 -1 1.36408e-06 2.6044 -1 -1.89178e-12 -1.38685e-06 -163.473 0 0 0 1 
				6
				1.38685e-06 -1.49724e-06 -1 0.000145989 0 -1 1.49724e-06 3.08853 -1 -2.07645e-12 -1.38685e-06 -163.269 0 0 0 1 
				7
				1.38685e-06 -1.49724e-06 -1 0.000146009 0 -1 1.49724e-06 3.55815 -1 -2.07645e-12 -1.38685e-06 -163.072 0 0 0 1 
				8
				1.38685e-06 -1.49724e-06 -1 0.000146029 0 -1 1.49724e-06 4.00479 -1 -2.07645e-12 -1.38685e-06 -162.884 0 0 0 1 
				9
				1.38685e-06 -1.49724e-06 -1 0.000146047 0 -1 1.49724e-06 4.41997 -1 -2.07645e-12 -1.38685e-06 -162.71 0 0 0 1 
				10
				1.38685e-06 -1.49724e-06 -1 0.000146063 0 -1 1.49724e-06 4.79493 -1 -2.07645e-12 -1.38685e-06 -162.552 0 0 0 1 
				11
				1.38685e-06 -1.49724e-06 -1 0.000146077 0 -1 1.49724e-06 5.12092 -1 -2.07645e-12 -1.38685e-06 -162.415 0 0 0 1 
				12
				1.38685e-06 -1.49724e-06 -1 0.000146089 0 -1 1.49724e-06 5.38945 -1 -2.07645e-12 -1.38685e-06 -162.302 0 0 0 1 
				13
				1.38685e-06 -1.49724e-06 -1 0.000146098 0 -1 1.49724e-06 5.59205 -1 -2.07645e-12 -1.38685e-06 -162.217 0 0 0 1 
				14
				1.38685e-06 -1.23092e-06 -1 0.000146104 0 -1 1.23092e-06 5.71995 -1 -1.70711e-12 -1.38685e-06 -162.163 0 0 0 1 
				15
				1.38685e-06 -1.49724e-06 -1 0.000146106 0 -1 1.49724e-06 5.76441 -1 -2.07645e-12 -1.38685e-06 -162.145 0 0 0 1 
				16
				1.38685e-06 -1.49724e-06 -1 0.000146103 0 -1 1.49724e-06 5.71524 -1 -2.07645e-12 -1.38685e-06 -162.165 0 0 0 1 
				17
				1.38685e-06 -1.49724e-06 -1 0.000146097 0 -1 1.49724e-06 5.5741 -1 -2.07645e-12 -1.38685e-06 -162.225 0 0 0 1 
				18
				1.38685e-06 -1.23092e-06 -1 0.000146088 0 -1 1.23092e-06 5.3512 -1 -1.70711e-12 -1.38685e-06 -162.318 0 0 0 1 
				19
				1.38685e-06 -1.49724e-06 -1 0.000146075 0 -1 1.49724e-06 5.05676 -1 -2.07645e-12 -1.38685e-06 -162.442 0 0 0 1 
				20
				1.38685e-06 -1.49724e-06 -1 0.000146059 0 -1 1.49724e-06 4.70067 -1 -2.07645e-12 -1.38685e-06 -162.592 0 0 0 1 
				21
				1.38685e-06 -1.49724e-06 -1 0.000146041 0 -1 1.49724e-06 4.29282 -1 -2.07645e-12 -1.38685e-06 -162.763 0 0 0 1 
				22
				1.38685e-06 -1.49724e-06 -1 0.000146022 0 -1 1.49724e-06 3.84342 -1 -2.07645e-12 -1.38685e-06 -162.952 0 0 0 1 
				23
				1.38685e-06 -1.49724e-06 -1 0.000146001 0 -1 1.49724e-06 3.36269 -1 -2.07645e-12 -1.38685e-06 -163.154 0 0 0 1 
				24
				1.38685e-06 -1.49724e-06 -1 0.000145979 0 -1 1.49724e-06 2.86051 -1 -2.07645e-12 -1.38685e-06 -163.365 0 0 0 1 
				25
				1.38685e-06 -1.49724e-06 -1 0.000145956 0 -1 1.49724e-06 2.34678 -1 -2.07645e-12 -1.38685e-06 -163.581 0 0 0 1 
				26
				1.38685e-06 -1.49724e-06 -1 0.000145934 0 -1 1.49724e-06 1.83171 -1 -2.07645e-12 -1.38685e-06 -163.797 0 0 0 1 
				27
				1.38685e-06 -1.49724e-06 -1 0.000145912 0 -1 1.49724e-06 1.32551 -1 -2.07645e-12 -1.38685e-06 -164.01 0 0 0 1 
				28
				1.38685e-06 -1.49724e-06 -1 0.00014589 0 -1 1.49724e-06 0.838081 -1 -2.07645e-12 -1.38685e-06 -164.215 0 0 0 1 
				29
				1.38685e-06 -1.49724e-06 -1 0.00014587 0 -1 1.49724e-06 0.379302 -1 -2.07645e-12 -1.38685e-06 -164.408 0 0 0 1 
				30
				1.38685e-06 -1.49724e-06 -1 0.000145851 0 -1 1.49724e-06 -0.0611774 -1 -2.07645e-12 -1.38685e-06 -164.593 0 0 0 1 
				31
				1.38685e-06 -1.49724e-06 -1 0.000145848 0 -1 1.49724e-06 -0.118949 -1 -2.07645e-12 -1.38685e-06 -164.617 0 0 0 1 
		</Joint>
			6
		</Joint>
			7
				-1
				0.939692 -1.29131e-06 -0.342022 7.67735 1.70122e-06 1 8.98507e-07 -0.118923 0.342022 -1.42617e-06 0.939692 -149.799 0 0 0 1 
				0
				0.939692 -1.29134e-06 -0.342022 7.67735 1.70121e-06 1 8.9839e-07 0.270264 0.342022 -1.42606e-06 0.939692 -149.635 0 0 0 1 
				1
				0.939692 -1.29131e-06 -0.342022 7.67735 1.70122e-06 1 8.98507e-07 0.696934 0.342022 -1.42617e-06 0.939692 -149.456 0 0 0 1 
				2
				0.939692 -1.55766e-06 -0.342022 7.67735 1.95147e-06 1 8.07304e-07 1.15233 0.342022 -1.42606e-06 0.939692 -149.264 0 0 0 1 
				3
				0.939692 -1.29131e-06 -0.342022 7.67735 1.70122e-06 1 8.98507e-07 1.6277 0.342022 -1.42617e-06 0.939692 -149.065 0 0 0 1 
				4
				0.939692 -1.29131e-06 -0.342022 7.67735 1.70122e-06 1 8.98507e-07 2.11456 0.342022 -1.42617e-06 0.939692 -148.86 0 0 0 1 
				5
				0.939692 -1.42447e-06 -0.342022 7.67735 1.82634e-06 1 8.52964e-07 2.60443 0.342022 -1.42617e-06 0.939692 -148.654 0 0 0 1 
				6
				0.939692 -1.29131e-06 -0.342022 7.67735 1.70122e-06 1 8.98507e-07 3.08855 0.342022 -1.42617e-06 0.939692 -148.451 0 0 0 1 
				7
				0.939692 -1.29131e-06 -0.342022 7.67735 1.70122e-06 1 8.98507e-07 3.55818 0.342022 -1.42617e-06 0.939692 -148.253 0 0 0 1 
				8
				0.939692 -1.29131e-06 -0.342022 7.67735 1.70122e-06 1 8.98507e-07 4.00482 0.342022 -1.42617e-06 0.939692 -148.066 0 0 0 1 
				9
				0.939692 -1.29134e-06 -0.342022 7.67735 1.70121e-06 1 8.9839e-07 4.42 0.342022 -1.42606e-06 0.939692 -147.891 0 0 0 1 
				10
				0.939692 -1.29131e-06 -0.342022 7.67735 1.70122e-06 1 8.98507e-07 4.79496 0.342022 -1.42617e-06 0.939692 -147.733 0 0 0 1 
				11
				0.939692 -1.29131e-06 -0.342022 7.67735 1.70122e-06 1 8.98507e-07 5.12095 0.342022 -1.42617e-06 0.939692 -147.597 0 0 0 1 
				12
				0.939692 -1.29131e-06 -0.342022 7.67735 1.70122e-06 1 8.98507e-07 5.38948 0.342022 -1.42617e-06 0.939692 -147.484 0 0 0 1 
				13
				0.939692 -1.29131e-06 -0.342022 7.67735 1.70122e-06 1 8.98507e-07 5.59207 0.342022 -1.42617e-06 0.939692 -147.399 0 0 0 1 
				14
				0.939692 -1.55766e-06 -0.342022 7.67735 1.95147e-06 1 8.07304e-07 5.71998 0.342022 -1.42606e-06 0.939692 -147.345 0 0 0 1 
				15
				0.939692 -1.29131e-06 -0.342022 7.67735 1.70122e-06 1 8.98507e-07 5.76444 0.342022 -1.42617e-06 0.939692 -147.326 0 0 0 1 
				16
				0.939692 -1.29131e-06 -0.342022 7.67735 1.70122e-06 1 8.98507e-07 5.71526 0.342022 -1.42617e-06 0.939692 -147.347 0 0 0 1 
				17
				0.939692 -1.29134e-06 -0.342022 7.67735 1.70121e-06 1 8.9839e-07 5.57412 0.342022 -1.42606e-06 0.939692 -147.406 0 0 0 1 
				18
				0.939692 -1.55766e-06 -0.342022 7.67735 1.95147e-06 1 8.07304e-07 5.35123 0.342022 -1.42606e-06 0.939692 -147.5 0 0 0 1 
				19
				0.939692 -1.29131e-06 -0.342022 7.67735 1.70122e-06 1 8.98507e-07 5.05679 0.342022 -1.42617e-06 0.939692 -147.623 0 0 0 1 
				20
				0.939692 -1.29131e-06 -0.342022 7.67735 1.70122e-06 1 8.98507e-07 4.7007 0.342022 -1.42617e-06 0.939692 -147.773 0 0 0 1 
				21
				0.939692 -1.29131e-06 -0.342022 7.67735 1.70122e-06 1 8.98507e-07 4.29285 0.342022 -1.42617e-06 0.939692 -147.945 0 0 0 1 
				22
				0.939692 -1.29131e-06 -0.342022 7.67735 1.70122e-06 1 8.98507e-07 3.84345 0.342022 -1.42617e-06 0.939692 -148.133 0 0 0 1 
				23
				0.939692 -1.29131e-06 -0.342022 7.67735 1.70122e-06 1 8.98507e-07 3.36272 0.342022 -1.42617e-06 0.939692 -148.335 0 0 0 1 
				24
				0.939692 -1.29131e-06 -0.342022 7.67735 1.70122e-06 1 8.98507e-07 2.86054 0.342022 -1.42617e-06 0.939692 -148.546 0 0 0 1 
				25
				0.939692 -1.29131e-06 -0.342022 7.67735 1.70122e-06 1 8.98507e-07 2.34681 0.342022 -1.42617e-06 0.939692 -148.762 0 0 0 1 
				26
				0.939692 -1.29131e-06 -0.342022 7.67735 1.70122e-06 1 8.98507e-07 1.83174 0.342022 -1.42617e-06 0.939692 -148.979 0 0 0 1 
				27
				0.939692 -1.29131e-06 -0.342022 7.67735 1.70122e-06 1 8.98507e-07 1.32554 0.342022 -1.42617e-06 0.939692 -149.192 0 0 0 1 
				28
				0.939692 -1.29134e-06 -0.342022 7.67735 1.70121e-06 1 8.9839e-07 0.838107 0.342022 -1.42606e-06 0.939692 -149.396 0 0 0 1 
				29
				0.939692 -1.29131e-06 -0.342022 7.67735 1.70122e-06 1 8.98507e-07 0.379328 0.342022 -1.42617e-06 0.939692 -149.589 0 0 0 1 
				30
				0.939692 -1.29131e-06 -0.342022 7.67735 1.70122e-06 1 8.98507e-07 -0.0611512 0.342022 -1.42617e-06 0.939692 -149.774 0 0 0 1 
				31
				0.939692 -1.29131e-06 -0.342022 7.67735 1.70122e-06 1 8.98507e-07 -0.118923 0.342022 -1.42617e-06 0.939692 -149.799 0 0 0 1 
		</Joint>
			8
				-1
				0.513061 0.661329 -0.547186 25.3579 -0.0983743 0.678587 0.727902 -0.118891 0.852696 -0.319629 0.413214 -143.363 0 0 0 1 
				0
				0.52246 0.661329 -0.538218 25.3579 -0.110964 0.678587 0.72609 0.270296 0.845412 -0.31963 0.427919 -143.2 0 0 0 1 
				1
				0.532584 0.661329 -0.528203 25.358 -0.124729 0.678587 0.723852 0.696966 0.837136 -0.31963 0.443892 -143.02 0 0 0 1 
				2
				0.543177 0.661329 -0.517303 25.3579 -0.139371 0.678587 0.721176 1.15237 0.82797 -0.319629 0.460763 -142.829 0 0 0 1 
				3
				0.553998 0.661329 -0.505698 25.358 -0.154594 0.678587 0.718067 1.62773 0.818039 -0.319629 0.478173 -142.629 0 0 0 1 
				4
				0.564822 0.661329 -0.493578 25.3579 -0.170113 0.678587 0.714549 2.11459 0.807488 -0.319629 0.495782 -142.425 0 0 0 1 
				5
				0.575447 0.661329 -0.48115 25.358 -0.185647 0.678587 0.710672 2.60447 0.79649 -0.319629 0.513265 -142.219 0 0 0 1 
				6
				0.585678 0.661329 -0.468642 25.3579 -0.200913 0.678587 0.706508 3.08859 0.785249 -0.31963 0.530303 -142.015 0 0 0 1 
				7
				0.595342 0.661329 -0.456302 25.3579 -0.215632 0.678587 0.702155 3.55821 0.773996 -0.319629 0.546596 -141.818 0 0 0 1 
				8
				0.604293 0.661329 -0.44438 25.358 -0.229544 0.678588 0.697731 4.00485 0.762981 -0.319629 0.56187 -141.63 0 0 0 1 
				9
				0.612399 0.661329 -0.433141 25.3579 -0.242394 0.678587 0.693371 4.42003 0.752471 -0.319629 0.575869 -141.456 0 0 0 1 
				10
				0.619541 0.661329 -0.422863 25.3579 -0.253929 0.678587 0.689231 4.79499 0.742758 -0.31963 0.588343 -141.298 0 0 0 1 
				11
				0.625609 0.661329 -0.413832 25.3579 -0.2639 0.678587 0.685475 5.12098 0.734146 -0.319629 0.599055 -141.161 0 0 0 1 
				12
				0.630509 0.661329 -0.406327 25.3579 -0.272072 0.678587 0.682272 5.38951 0.726935 -0.319629 0.607785 -141.048 0 0 0 1 
				13
				0.634147 0.661329 -0.400626 25.358 -0.278212 0.678587 0.679792 5.59211 0.721427 -0.319629 0.614313 -140.963 0 0 0 1 
				14
				0.636417 0.661329 -0.397011 25.3579 -0.282076 0.678587 0.678198 5.72002 0.717918 -0.319629 0.618409 -140.91 0 0 0 1 
				15
				0.637201 0.661329 -0.395751 25.358 -0.283417 0.678587 0.677638 5.76447 0.716693 -0.319629 0.619829 -140.891 0 0 0 1 
				16
				0.636333 0.661329 -0.397144 25.358 -0.281934 0.678587 0.678257 5.7153 0.718048 -0.319629 0.618259 -140.911 0 0 0 1 
				17
				0.633826 0.661329 -0.401133 25.3579 -0.277669 0.678587 0.680014 5.57416 0.721917 -0.319629 0.613737 -140.971 0 0 0 1 
				18
				0.629816 0.661329 -0.4074 25.3579 -0.27091 0.678588 0.682734 5.35126 0.727969 -0.319628 0.606547 -141.064 0 0 0 1 
				19
				0.624425 0.661329 -0.415616 25.358 -0.261942 0.678587 0.686226 5.05682 0.735853 -0.319629 0.596957 -141.188 0 0 0 1 
				20
				0.617762 0.661329 -0.425458 25.3579 -0.251036 0.678587 0.69029 4.70073 0.745219 -0.31963 0.585222 -141.338 0 0 0 1 
				21
				0.609939 0.661329 -0.436599 25.358 -0.238468 0.678587 0.694732 4.29288 0.755717 -0.319629 0.571602 -141.509 0 0 0 1 
				22
				0.601086 0.661329 -0.448708 25.358 -0.224528 0.678587 0.699361 3.84348 0.766996 -0.319629 0.556377 -141.698 0 0 0 1 
				23
				0.591351 0.661329 -0.461463 25.358 -0.209517 0.678587 0.704004 3.36275 0.778721 -0.319629 0.539843 -141.9 0 0 0 1 
				24
				0.580893 0.661329 -0.47456 25.3579 -0.193734 0.678587 0.70851 2.86057 0.790589 -0.31963 0.522308 -142.111 0 0 0 1 
				25
				0.569893 0.661329 -0.487715 25.358 -0.177488 0.678587 0.712753 2.34684 0.802321 -0.31963 0.504101 -142.327 0 0 0 1 
				26
				0.558566 0.661329 -0.500647 25.3579 -0.161107 0.678587 0.716634 1.83177 0.813663 -0.319629 0.485581 -142.544 0 0 0 1 
				27
				0.547148 0.661329 -0.513101 25.3579 -0.144926 0.678587 0.72008 1.32557 0.824394 -0.319629 0.467131 -142.756 0 0 0 1 
				28
				0.535891 0.661329 -0.524847 25.358 -0.129274 0.678587 0.723054 0.838139 0.834331 -0.319629 0.449142 -142.961 0 0 0 1 
				29
				0.525066 0.661329 -0.535677 25.3579 -0.114487 0.678587 0.725543 0.37936 0.843326 -0.31963 0.432017 -143.154 0 0 0 1 
				30
				0.51447 0.661328 -0.545863 25.3579 -0.100238 0.678585 0.727651 -0.0611192 0.85163 -0.319638 0.415401 -143.339 0 0 0 1 
				31
				0.513061 0.661329 -0.547186 25.3579 -0.0983743 0.678587 0.727902 -0.118891 0.852696 -0.319629 0.413214 -143.363 0 0 0 1 
		</Joint>
			9
				-1
				0.0196505 0.836781 -0.547185 41.7681 -0.482371 0.487316 0.727902 -3.26537 0.875747 0.249643 0.413214 -116.09 0 0 0 1 
				0
				0.0174829 0.842624 -0.538219 42.0687 -0.498003 0.474116 0.72609 -3.27887 0.866999 0.255341 0.427919 -116.159 0 0 0 1 
				1
				0.0148109 0.848989 -0.528203 42.3925 -0.514834 0.45933 0.723852 -3.29248 0.857162 0.261216 0.443892 -116.245 0 0 0 1 
				2
				0.011617 0.855724 -0.517303 42.7314 -0.532432 0.443194 0.721176 -3.30538 0.846393 0.267051 0.460764 -116.347 0 0 0 1 
				3
				0.00790664 0.862674 -0.505698 43.0775 -0.550388 0.425974 0.718067 -3.31693 0.834872 0.272652 0.478173 -116.465 0 0 0 1 
				4
				0.00370806 0.869694 -0.493578 43.4237 -0.568326 0.407952 0.714549 -3.32645 0.822795 0.277864 0.495782 -116.597 0 0 0 1 
				5
				-0.000923075 0.876638 -0.48115 43.7635 -0.585902 0.389441 0.710672 -3.33343 0.810381 0.282563 0.513265 -116.743 0 0 0 1 
				6
				-0.00589861 0.883369 -0.468642 44.0907 -0.602795 0.37079 0.706508 -3.33756 0.797874 0.286663 0.530303 -116.899 0 0 0 1 
				7
				-0.011103 0.889756 -0.456302 44.3998 -0.618718 0.352372 0.702155 -3.33875 0.785535 0.290118 0.546596 -117.062 0 0 0 1 
				8
				-0.0163954 0.895688 -0.44438 44.6861 -0.63343 0.334572 0.697731 -3.33708 0.773627 0.292923 0.56187 -117.227 0 0 0 1 
				9
				-0.0216111 0.901067 -0.433141 44.9454 -0.646718 0.317791 0.693371 -3.33291 0.762423 0.295105 0.575869 -117.388 0 0 0 1 
				10
				-0.0265659 0.905804 -0.422863 45.1738 -0.658396 0.302449 0.689231 -3.32687 0.752203 0.296721 0.588343 -117.541 0 0 0 1 
				11
				-0.0310608 0.909823 -0.413832 45.3679 -0.668296 0.288972 0.685475 -3.31981 0.743247 0.297853 0.599055 -117.68 0 0 0 1 
				12
				-0.0348927 0.913061 -0.406327 45.5247 -0.676272 0.277779 0.682272 -3.31267 0.735825 0.298594 0.607785 -117.798 0 0 0 1 
				13
				-0.0378602 0.915459 -0.400626 45.641 -0.682181 0.26928 0.679792 -3.30643 0.730203 0.299037 0.614313 -117.889 0 0 0 1 
				14
				-0.0397674 0.916952 -0.397011 45.7136 -0.685863 0.263893 0.678198 -3.30211 0.726643 0.299265 0.618409 -117.947 0 0 0 1 
				15
				-0.0404368 0.917467 -0.395751 45.7387 -0.687135 0.262015 0.677638 -3.30057 0.725404 0.299336 0.619829 -117.968 0 0 0 1 
				16
				-0.0396969 0.916897 -0.397144 45.7109 -0.685728 0.264091 0.678257 -3.3023 0.726774 0.299258 0.618259 -117.945 0 0 0 1 
				17
				-0.0375948 0.915248 -0.401133 45.6308 -0.681661 0.270035 0.680014 -3.30702 0.730702 0.299002 0.613737 -117.88 0 0 0 1 
				18
				-0.0343398 0.912604 -0.4074 45.5025 -0.675145 0.279378 0.682734 -3.31374 0.736885 0.298499 0.606547 -117.781 0 0 0 1 
				19
				-0.0301625 0.90904 -0.415616 45.3301 -0.666366 0.291634 0.686226 -3.32134 0.745014 0.297651 0.596957 -117.652 0 0 0 1 
				20
				-0.0252983 0.904625 -0.425457 45.1169 -0.655489 0.306322 0.69029 -3.32859 0.754781 0.296346 0.585222 -117.502 0 0 0 1 
				21
				-0.0199836 0.899434 -0.436599 44.8667 -0.642688 0.322954 0.694732 -3.33445 0.765867 0.29448 0.571602 -117.338 0 0 0 1 
				22
				-0.0144448 0.893562 -0.448708 44.5836 -0.628164 0.341034 0.699361 -3.33801 0.777947 0.291964 0.556377 -117.166 0 0 0 1 
				23
				-0.00889206 0.887115 -0.461462 44.2722 -0.612147 0.360075 0.704004 -3.33861 0.790694 0.288743 0.539843 -116.993 0 0 0 1 
				24
				-0.00350594 0.880216 -0.47456 43.9377 -0.594898 0.379617 0.70851 -3.33597 0.803793 0.284799 0.522308 -116.824 0 0 0 1 
				25
				0.00156331 0.873002 -0.487715 43.5859 -0.576719 0.399222 0.712753 -3.33009 0.816941 0.28016 0.504101 -116.665 0 0 0 1 
				26
				0.00619613 0.865629 -0.500647 43.2236 -0.557962 0.418467 0.716634 -3.32121 0.829844 0.274901 0.485581 -116.519 0 0 0 1 
				27
				0.0103096 0.858267 -0.513101 42.8584 -0.539024 0.436963 0.72008 -3.30984 0.842227 0.26915 0.467131 -116.388 0 0 0 1 
				28
				0.0138582 0.851084 -0.524847 42.4983 -0.520331 0.454366 0.723054 -3.29668 0.853852 0.263074 0.449142 -116.275 0 0 0 1 
				29
				0.0168293 0.844255 -0.535677 42.1521 -0.502337 0.470367 0.725543 -3.28249 0.864508 0.25688 0.432017 -116.18 0 0 0 1 
				30
