<?xml version='1.0' encoding='UTF-8' ?>
<itpanim>
	<skeleton count>
		25
			0 -1
			1.37091e-06 -1 -6.12323e-17 1.5e-05 1 1.37091e-06 -6.12323e-17 -2.05656e-11 6.12323e-17 -6.12323e-17 1 32.529 0 0 0 1 
			1 0
			1.3868e-06 -2.28084e-12 -1 -32.529 2.75771e-06 -1 6.10517e-12 1.50001e-05 -1 -2.75771e-06 -1.3868e-06 -4.51111e-05 0 0 0 1 
			2 1
			1.40269e-06 -0.000796318 -1 -37.7063 0 -1 0.000796318 0.0446412 -1 -1.11699e-09 -1.40269e-06 -1.23796e-07 0 0 0 1 
			3 2
			1.40269e-06 -0.000796318 -1 -56.0438 0 -1 0.000796318 0.069676 -1 -1.11699e-09 -1.40269e-06 -1.93233e-07 0 0 0 1 
			4 3
			1.40269e-06 -0.000796318 -1 -87.4836 0 -1 0.000796318 0.0723646 -1 -1.11699e-09 -1.40269e-06 -2.0069e-07 0 0 0 1 
			5 4
			1.34309e-06 9.80604e-13 -1 -90.8602 -1.40269e-06 -1 -2.8646e-12 1.10282e-05 -1 1.40269e-06 -1.34309e-06 -0.000122033 0 0 0 1 
			6 5
			1 -0 0 0 0 1 0 0 -0 -0 1 -0 0 0 0 1 
			7 4
			0.939693 1.30318e-06 0.34202 24.2639 -1.38586e-06 1 -2.63612e-09 -9.54182e-06 -0.34202 -4.71514e-07 0.939693 79.1139 0 0 0 1 
			8 7
			0.64989 0.118088 0.750799 50.2273 -0.0275106 0.990863 -0.132032 -10.0532 -0.759531 0.0651516 0.647201 61.8577 0 0 0 1 
			9 8
			0.642057 -0.0844318 0.761994 33.8486 0.104289 0.994297 0.0222974 -3.28582 -0.75953 0.0651516 0.647201 61.8577 0 0 0 1 
			10 9
			0.642057 -0.0844318 0.761994 15.9188 -0.759447 0.0659433 0.647218 61.8551 -0.104894 -0.994245 -0.0217821 3.33507 0 0 0 1 
			11 4
			-0.939693 -1.27328e-06 0.34202 24.2639 -1.35596e-06 1 -2.63613e-09 -9.54182e-06 -0.34202 -4.66242e-07 -0.939693 -79.1139 0 0 0 1 
			12 11
			-0.64989 0.118086 0.750799 50.2273 0.0275079 0.990864 -0.132032 -10.0532 -0.75953 -0.0651537 -0.647201 -61.8577 0 0 0 1 
			13 12
			-0.642057 -0.0844335 0.761994 33.8486 -0.104292 0.994297 0.0222974 -3.28582 -0.75953 -0.0651537 -0.647201 -61.8577 0 0 0 1 
			14 13
			-0.642057 -0.0844335 0.761993 15.9188 0.759447 0.0659454 0.647218 61.8551 -0.104897 0.994244 0.0217821 -3.33507 0 0 0 1 
			15 2
			0.0553766 -0.0626591 0.996498 31.8161 -0.0485968 -0.997015 -0.0599911 -1.4258 0.997282 -0.0451045 -0.0582563 -12.6816 0 0 0 1 
			16 15
			0.0622516 0.0929321 0.993725 12.0129 -0.0394075 -0.99465 0.0954874 0.44514 0.997282 -0.0451045 -0.0582563 -12.6816 0 0 0 1 
			17 16
			1.3716e-06 -6.00745e-14 1 4.28168 0 -1 -6.00745e-14 -0.456609 1 8.23984e-20 -1.3716e-06 -12.4454 0 0 0 1 
			18 17
			1.3716e-06 -1 -6.12323e-17 -7.24071 0 6.12323e-17 -1 0.317726 1 1.3716e-06 8.39865e-23 -12.4454 0 0 0 1 
			19 18
			1 -0 0 0 0 1 0 0 -0 -0 1 -0 0 0 0 1 
			20 2
			-0.0553766 -0.0626593 0.996498 31.8161 0.0485995 -0.997015 -0.0599911 -1.4258 0.997282 0.0451072 0.0582565 12.6816 0 0 0 1 
			21 20
			-0.062252 0.0929319 0.993724 12.0129 0.0394102 -0.99465 0.0954874 0.44514 0.997282 0.0451072 0.0582565 12.6816 0 0 0 1 
			22 21
			1.3716e-06 -6.00745e-14 1 4.28169 0 -1 -6.00745e-14 -0.456609 1 8.23984e-20 -1.3716e-06 12.4454 0 0 0 1 
			23 22
			1.3716e-06 -1 -6.12323e-17 -7.24071 0 6.12323e-17 -1 0.317726 1 1.3716e-06 8.39865e-23 12.4454 0 0 0 1 
			24 23
			1 -0 0 0 0 1 0 0 -0 -0 1 -0 0 0 0 1 
	</skeleton>
		<animations>
			33
			0
				-1
				1.33158e-06 1 0 -5.19361e-09 -1 1.33158e-06 0 -0.118801 -0 -0 1 -34.0269 0 0 0 1 
				0
				1.33158e-06 1 0 -5.19361e-09 -1 1.33158e-06 0 -3.0138 -0 -0 1 -32.9586 0 0 0 1 
				1
				1.33158e-06 1 0 -5.19361e-09 -1 1.33158e-06 0 -6.12538 -0 -0 1 -31.8103 0 0 0 1 
				2
				1.33158e-06 1 0 -5.19361e-09 -1 1.33158e-06 0 -9.32277 -0 -0 1 -30.6304 0 0 0 1 
				3
				1.33158e-06 1 0 -5.19361e-09 -1 1.33158e-06 0 -12.4752 -0 -0 1 -29.4671 0 0 0 1 
				4
				1.33158e-06 1 0 -5.19361e-09 -1 1.33158e-06 0 -15.456 -0 -0 1 -28.367 0 0 0 1 
				5
				1.33158e-06 1 0 -5.19361e-09 -1 1.33158e-06 0 -18.1385 -0 -0 1 -27.3771 0 0 0 1 
				6
				1.33158e-06 1 0 -5.19361e-09 -1 1.33158e-06 0 -20.392 -0 -0 1 -26.5455 0 0 0 1 
				7
				1.33158e-06 1 0 -5.19361e-09 -1 1.33158e-06 0 -22.0857 -0 -0 1 -25.9205 0 0 0 1 
				8
				1.3315e-06 1 -1.38308e-08 -5.19361e-09 -0.999943 1.33158e-06 0.010664 -23.4743 0.010664 -3.69252e-10 0.999943 -25.6752 0 0 0 1 
				9
				1.33068e-06 1 -4.74533e-08 -5.19361e-09 -0.999322 1.33152e-06 0.0368072 -24.7916 0.0368072 -1.55745e-09 0.999322 -25.8442 0 0 0 1 
				10
				1.3284e-06 1 -9.12788e-08 -5.19361e-09 -0.997613 1.33153e-06 0.0690478 -25.8735 0.0690478 -6.62305e-10 0.997613 -26.2538 0 0 0 1 
				11
				1.32517e-06 1 -1.34261e-07 -5.19361e-09 -0.995185 1.33195e-06 0.0980171 -26.5557 0.0980171 3.72529e-09 0.995185 -26.7304 0 0 0 1 
				12
				1.32279e-06 1 -1.55075e-07 -5.19361e-09 -0.993398 1.33185e-06 0.114722 -26.6791 0.114722 2.29866e-09 0.993398 -27.1057 0 0 0 1 
				13
				1.45581e-06 1 -1.54891e-07 -5.19361e-09 -0.993907 1.46402e-06 0.110222 -26.0847 0.110222 -6.51612e-09 0.993907 -27.2116 0 0 0 1 
				14
				1.32781e-06 1 -9.84832e-08 -5.19361e-09 -0.997171 1.33146e-06 0.0751678 -24.6083 0.0751678 -1.60414e-09 0.997171 -26.8744 0 0 0 1 
				15
				1.33158e-06 1 0 -5.19361e-09 -1 1.33158e-06 0 -22.0857 -0 -0 1 -25.9205 0 0 0 1 
				16
				1.32183e-06 1 1.63747e-07 -5.19361e-09 -0.992675 1.33193e-06 -0.120815 -18.2652 -0.120815 -2.85107e-09 0.992675 -24.2963 0 0 0 1 
				17
				1.27889e-06 1 3.8279e-07 -5.19361e-09 -0.96043 1.3349e-06 -0.27852 -13.1818 -0.27852 -1.14472e-08 0.960431 -22.1354 0 0 0 1 
				18
				1.18473e-06 1 5.66938e-07 -5.19361e-09 -0.889716 1.31289e-06 -0.456515 -7.13064 -0.456515 3.64321e-08 0.889716 -19.563 0 0 0 1 
				19
				1.02933e-06 1 8.44746e-07 -5.19361e-09 -0.77301 1.33158e-06 -0.634393 -0.406651 -0.634393 -1.34338e-22 0.77301 -16.7045 0 0 0 1 
				20
				8.14468e-07 1 9.50617e-07 -5.19361e-09 -0.611655 1.25023e-06 -0.791124 6.70447 -0.791124 6.28958e-08 0.611655 -13.6816 0 0 0 1 
				21
				6.65411e-07 1 1.31318e-06 -5.19361e-09 -0.41643 1.471e-06 -0.909168 13.917 -0.909168 5.81234e-08 0.41643 -10.6154 0 0 0 1 
				22
				3.83167e-07 1 1.4972e-06 -5.19361e-09 -0.205538 1.54399e-06 -0.978649 20.936 -0.978649 6.72536e-08 0.205538 -7.63162 0 0 0 1 
				23
				6.12323e-17 1 1.4821e-06 -5.19361e-09 0 1.4821e-06 -1 27.4664 -1 6.12323e-17 9.07525e-23 -4.85549 0 0 0 1 
				24
				6.12323e-17 1 1.4821e-06 -5.19361e-09 0 1.4821e-06 -1 27.4664 -1 6.12323e-17 9.07525e-23 -4.85549 0 0 0 1 
				25
				6.12323e-17 1 1.4821e-06 -5.19361e-09 0 1.4821e-06 -1 27.4664 -1 6.12323e-17 9.07525e-23 -4.85549 0 0 0 1 
				26
				6.12323e-17 1 1.4821e-06 -5.19361e-09 0 1.4821e-06 -1 27.4664 -1 6.12323e-17 9.07525e-23 -4.85549 0 0 0 1 
				27
				6.12323e-17 1 1.4821e-06 -5.19361e-09 0 1.4821e-06 -1 27.4664 -1 6.12323e-17 9.07525e-23 -4.85549 0 0 0 1 
				28
				6.12323e-17 1 1.4821e-06 -5.19361e-09 0 1.4821e-06 -1 27.4664 -1 6.12323e-17 9.07525e-23 -4.85549 0 0 0 1 
				29
				6.12323e-17 1 1.4821e-06 -5.19361e-09 0 1.4821e-06 -1 27.4664 -1 6.12323e-17 9.07525e-23 -4.85549 0 0 0 1 
				30
				6.12323e-17 1 1.4821e-06 -5.19361e-09 0 1.4821e-06 -1 27.4664 -1 6.12323e-17 9.07525e-23 -4.85549 0 0 0 1 
				31
				6.12323e-17 1 1.4821e-06 -5.19361e-09 0 1.4821e-06 -1 27.4664 -1 6.12323e-17 9.07525e-23 -4.85549 0 0 0 1 
		</Joint>
			1
				-1
				1.33158e-06 2.66316e-06 -1 -5.19361e-09 0 -1 -2.66316e-06 -0.118801 -1 3.54621e-12 -1.33158e-06 -34.0269 0 0 0 1 
				0
				1.33158e-06 2.66316e-06 -1 -5.19361e-09 0 -1 -2.66316e-06 -3.0138 -1 3.54621e-12 -1.33158e-06 -32.9586 0 0 0 1 
				1
				1.33158e-06 2.66316e-06 -1 -5.19361e-09 0 -1 -2.66316e-06 -6.12538 -1 3.54621e-12 -1.33158e-06 -31.8103 0 0 0 1 
				2
				1.33158e-06 2.66316e-06 -1 -5.19361e-09 0 -1 -2.66316e-06 -9.32277 -1 3.54621e-12 -1.33158e-06 -30.6304 0 0 0 1 
				3
				1.33158e-06 2.66316e-06 -1 -5.19361e-09 0 -1 -2.66316e-06 -12.4752 -1 3.54621e-12 -1.33158e-06 -29.4671 0 0 0 1 
				4
				1.33158e-06 2.66316e-06 -1 -5.19361e-09 0 -1 -2.66316e-06 -15.456 -1 3.54621e-12 -1.33158e-06 -28.367 0 0 0 1 
				5
				1.33158e-06 2.66316e-06 -1 -5.19361e-09 0 -1 -2.66316e-06 -18.1385 -1 3.54621e-12 -1.33158e-06 -27.3771 0 0 0 1 
				6
				1.33158e-06 2.66316e-06 -1 -5.19361e-09 0 -1 -2.66316e-06 -20.392 -1 3.54621e-12 -1.33158e-06 -26.5455 0 0 0 1 
				7
				1.33158e-06 2.66316e-06 -1 -5.19361e-09 0 -1 -2.66316e-06 -22.0857 -1 3.54621e-12 -1.33158e-06 -25.9205 0 0 0 1 
				8
				1.38325e-08 2.66308e-06 -1 -5.19361e-09 -0.0106654 -0.999943 -2.66308e-06 -23.4743 -0.999943 0.0106654 1.45711e-08 -25.6752 0 0 0 1 
				9
				4.74551e-08 2.66226e-06 -1 -5.19361e-09 -0.0368086 -0.999322 -2.6622e-06 -24.7916 -0.999322 0.0368086 5.0571e-08 -25.8442 0 0 0 1 
				10
				9.12806e-08 2.65998e-06 -1 -5.19361e-09 -0.0690491 -0.997613 -2.65994e-06 -25.8735 -0.997613 0.0690491 9.26068e-08 -26.2538 0 0 0 1 
				11
				1.34263e-07 2.65675e-06 -1 -5.19361e-09 -0.0980185 -0.995185 -2.65712e-06 -26.5557 -0.995185 0.0980185 1.26794e-07 -26.7304 0 0 0 1 
				12
				1.55077e-07 2.65437e-06 -1 -5.19361e-09 -0.114723 -0.993397 -2.65463e-06 -26.6791 -0.993398 0.114723 1.50464e-07 -27.1057 0 0 0 1 
				13
				1.54893e-07 2.78739e-06 -1 -5.19361e-09 -0.110224 -0.993907 -2.78748e-06 -26.0847 -0.993907 0.110224 1.53288e-07 -27.2116 0 0 0 1 
				14
				9.8485e-08 2.65939e-06 -1 -5.19361e-09 -0.0751691 -0.997171 -2.65927e-06 -24.6083 -0.997171 0.0751691 1.01698e-07 -26.8744 0 0 0 1 
				15
				1.33158e-06 2.66316e-06 -1 -5.19361e-09 0 -1 -2.66316e-06 -22.0857 -1 3.54621e-12 -1.33158e-06 -25.9205 0 0 0 1 
				16
				-1.63745e-07 2.65341e-06 -1 -5.19361e-09 0.120814 -0.992675 -2.65375e-06 -18.2652 -0.992675 -0.120814 -1.58022e-07 -24.2963 0 0 0 1 
				17
				-3.82789e-07 2.61047e-06 -1 -5.19361e-09 0.278518 -0.960431 -2.61379e-06 -13.1818 -0.960431 -0.278518 -3.59423e-07 -22.1354 0 0 0 1 
				18
				-5.66937e-07 2.51631e-06 -1 -5.19361e-09 0.456513 -0.889716 -2.49762e-06 -7.13064 -0.889716 -0.456513 -6.44317e-07 -19.563 0 0 0 1 
				19
				-8.44744e-07 2.36091e-06 -1 -5.19361e-09 0.634392 -0.773011 -2.36091e-06 -0.406651 -0.773011 -0.634392 -8.44744e-07 -16.7045 0 0 0 1 
				20
				-9.50616e-07 2.14605e-06 -1 -5.19361e-09 0.791123 -0.611656 -2.0647e-06 6.70447 -0.611656 -0.791123 -1.11634e-06 -13.6816 0 0 0 1 
				21
				-1.31318e-06 1.99699e-06 -1 -5.19361e-09 0.909167 -0.416431 -2.02551e-06 13.917 -0.416431 -0.909167 -1.26875e-06 -10.6154 0 0 0 1 
				22
				-1.4972e-06 1.71475e-06 -1 -5.19361e-09 0.978649 -0.20554 -1.81768e-06 20.936 -0.20554 -0.978649 -1.3704e-06 -7.63162 0 0 0 1 
				23
				-1.4821e-06 1.33158e-06 -1 -5.19361e-09 1 -1.33158e-06 -1.4821e-06 27.4664 -1.33158e-06 -1 -1.33158e-06 -4.85549 0 0 0 1 
				24
				-1.4821e-06 1.33158e-06 -1 -5.19361e-09 1 -1.33158e-06 -1.4821e-06 27.4664 -1.33158e-06 -1 -1.33158e-06 -4.85549 0 0 0 1 
				25
				-1.4821e-06 1.33158e-06 -1 -5.19361e-09 1 -1.33158e-06 -1.4821e-06 27.4664 -1.33158e-06 -1 -1.33158e-06 -4.85549 0 0 0 1 
				26
				-1.4821e-06 1.33158e-06 -1 -5.19361e-09 1 -1.33158e-06 -1.4821e-06 27.4664 -1.33158e-06 -1 -1.33158e-06 -4.85549 0 0 0 1 
				27
				-1.4821e-06 1.33158e-06 -1 -5.19361e-09 1 -1.33158e-06 -1.4821e-06 27.4664 -1.33158e-06 -1 -1.33158e-06 -4.85549 0 0 0 1 
				28
				-1.4821e-06 1.33158e-06 -1 -5.19361e-09 1 -1.33158e-06 -1.4821e-06 27.4664 -1.33158e-06 -1 -1.33158e-06 -4.85549 0 0 0 1 
				29
				-1.4821e-06 1.33158e-06 -1 -5.19361e-09 1 -1.33158e-06 -1.4821e-06 27.4664 -1.33158e-06 -1 -1.33158e-06 -4.85549 0 0 0 1 
				30
				-1.4821e-06 1.33158e-06 -1 -5.19361e-09 1 -1.33158e-06 -1.4821e-06 27.4664 -1.33158e-06 -1 -1.33158e-06 -4.85549 0 0 0 1 
				31
				-1.4821e-06 1.33158e-06 -1 -5.19361e-09 1 -1.33158e-06 -1.4821e-06 27.4664 -1.33158e-06 -1 -1.33158e-06 -4.85549 0 0 0 1 
		</Joint>
			2
				-1
				1.38782e-06 -1.49834e-06 -1 7.15614e-06 -0.000797649 -1 1.49724e-06 -0.104208 -1 0.000797649 -1.38901e-06 -39.2043 0 0 0 1 
				0
				1.43098e-06 -1.54697e-06 -1 7.15685e-06 -0.0352926 -0.999377 1.4955e-06 -2.99922 -0.999377 0.0352926 -1.48468e-06 -38.1364 0 0 0 1 
				1
				1.47547e-06 -1.60087e-06 -1 7.15764e-06 -0.0723202 -0.997381 1.48997e-06 -6.11083 -0.997381 0.0723202 -1.58738e-06 -36.9887 0 0 0 1 
				2
				1.51908e-06 -1.65793e-06 -1 7.15848e-06 -0.110265 -0.993902 1.48032e-06 -9.30826 -0.993902 0.110265 -1.69263e-06 -35.8094 0 0 0 1 
				3
				1.55992e-06 -1.71578e-06 -1 7.15932e-06 -0.147519 -0.989059 1.46689e-06 -12.4608 -0.989059 0.147519 -1.79596e-06 -34.6466 0 0 0 1 
				4
				1.5965e-06 -1.77185e-06 -1 7.16013e-06 -0.182555 -0.983195 1.45063e-06 -15.4417 -0.983196 0.182555 -1.89314e-06 -33.5471 0 0 0 1 
				5
				1.62771e-06 -1.82339e-06 -1 7.1609e-06 -0.21389 -0.976858 1.43305e-06 -18.1243 -0.976858 0.213889 -1.98004e-06 -32.5576 0 0 0 1 
				6
				1.65263e-06 -1.86744e-06 -1 7.16153e-06 -0.240045 -0.970762 1.41614e-06 -20.3779 -0.970762 0.240045 -2.05258e-06 -31.7264 0 0 0 1 
				7
				1.67059e-06 -1.90099e-06 -1 7.16202e-06 -0.259589 -0.965719 1.40216e-06 -22.0716 -0.965719 0.259589 -2.1068e-06 -31.1016 0 0 0 1 
				8
				1.6957e-06 -1.92785e-06 -1 7.23403e-06 -0.283063 -0.959101 1.36902e-06 -23.5155 -0.959101 0.283063 -2.17205e-06 -30.8564 0 0 0 1 
				9
				1.73508e-06 -1.95301e-06 -1 7.40846e-06 -0.31638 -0.948632 1.30374e-06 -24.9684 -0.948632 0.31638 -2.26385e-06 -31.0227 0 0 0 1 
				10
				1.77998e-06 -1.97524e-06 -1 7.63568e-06 -0.350908 -0.93641 1.22502e-06 -26.2173 -0.93641 0.350908 -2.35992e-06 -31.4239 0 0 0 1 
				11
				1.82059e-06 -1.99139e-06 -1 7.85846e-06 -0.378377 -0.925652 1.15446e-06 -27.0496 -0.925652 0.378377 -2.43873e-06 -31.8883 0 0 0 1 
				12
				1.83754e-06 -1.99414e-06 -1 7.96625e-06 -0.391134 -0.920334 1.11655e-06 -27.2596 -0.920334 0.391134 -2.47113e-06 -32.2546 0 0 0 1 
				13
				1.86964e-06 -1.85548e-06 -1 7.96327e-06 -0.38153 -0.924356 1.00181e-06 -26.6419 -0.924356 0.38153 -2.43613e-06 -32.363 0 0 0 1 
				14
				1.77318e-06 -1.94813e-06 -1 7.6726e-06 -0.340993 -0.940066 1.22673e-06 -24.9838 -0.940066 0.340993 -2.3312e-06 -32.0421 0 0 0 1 
				15
				1.67059e-06 -1.90099e-06 -1 7.16202e-06 -0.259589 -0.965719 1.40216e-06 -22.0716 -0.965719 0.259589 -2.1068e-06 -31.1016 0 0 0 1 
				16
				1.4976e-06 -1.84766e-06 -1 6.31347e-06 -0.12768 -0.991815 1.64133e-06 -17.6252 -0.991815 0.12768 -1.72125e-06 -29.4376 0 0 0 1 
				17
				1.25773e-06 -1.81258e-06 -1 5.1789e-06 0.0509948 -0.998699 1.87436e-06 -11.7252 -0.998699 -0.0509948 -1.16366e-06 -27.1071 0 0 0 1 
				18
				1.03724e-06 -1.83973e-06 -1 4.22589e-06 0.261091 -0.965314 2.04673e-06 -4.75302 -0.965314 -0.261091 -5.20922e-07 -24.1655 0 0 0 1 
				19
				7.13051e-07 -1.91671e-06 -1 2.78871e-06 0.480289 -0.87711 2.02363e-06 2.89063 -0.87711 -0.480289 2.95149e-07 -20.6997 0 0 0 1 
				20
				5.52384e-07 -2.0942e-06 -1 2.24316e-06 0.682701 -0.730698 1.90734e-06 10.8111 -0.730698 -0.682701 1.02608e-06 -16.8384 0 0 0 1 
				21
				1.55543e-07 -2.17899e-06 -1 3.67278e-07 0.844427 -0.535671 1.29857e-06 18.6319 -0.535671 -0.844427 1.75667e-06 -12.7591 0 0 0 1 
				22
				-7.33744e-08 -2.43543e-06 -1 -5.81719e-07 0.949838 -0.312743 6.91971e-07 26.0074 -0.312743 -0.949838 2.33621e-06 -8.6819 0 0 0 1 
				23
				-9.97871e-08 -2.82022e-06 -1 -4.97914e-07 0.996125 -0.0879504 1.48639e-07 32.6451 -0.0879504 -0.996125 2.81807e-06 -4.84095 0 0 0 1 
				24
				-9.97871e-08 -2.82022e-06 -1 -4.97914e-07 0.996125 -0.0879504 1.48639e-07 32.6451 -0.0879504 -0.996125 2.81807e-06 -4.84095 0 0 0 1 
				25
				-9.97871e-08 -2.82022e-06 -1 -4.97914e-07 0.996125 -0.0879504 1.48639e-07 32.6451 -0.0879504 -0.996125 2.81807e-06 -4.84095 0 0 0 1 
				26
				-9.97871e-08 -2.82022e-06 -1 -4.97914e-07 0.996125 -0.0879504 1.48639e-07 32.6451 -0.0879504 -0.996125 2.81807e-06 -4.84095 0 0 0 1 
				27
				-9.97871e-08 -2.82022e-06 -1 -4.97914e-07 0.996125 -0.0879504 1.48639e-07 32.6451 -0.0879504 -0.996125 2.81807e-06 -4.84095 0 0 0 1 
				28
				-9.97871e-08 -2.82022e-06 -1 -4.97914e-07 0.996125 -0.0879504 1.48639e-07 32.6451 -0.0879504 -0.996125 2.81807e-06 -4.84095 0 0 0 1 
				29
				-9.97871e-08 -2.82022e-06 -1 -4.97914e-07 0.996125 -0.0879504 1.48639e-07 32.6451 -0.0879504 -0.996125 2.81807e-06 -4.84095 0 0 0 1 
				30
				-9.97871e-08 -2.82022e-06 -1 -4.97914e-07 0.996125 -0.0879504 1.48639e-07 32.6451 -0.0879504 -0.996125 2.81807e-06 -4.84095 0 0 0 1 
				31
				-9.97871e-08 -2.82022e-06 -1 -4.97914e-07 0.996125 -0.0879504 1.48639e-07 32.6451 -0.0879504 -0.996125 2.81807e-06 -4.84095 0 0 0 1 
		</Joint>
			3
				-1
				1.38782e-06 -1.49834e-06 -1 3.25733e-05 -0.000797649 -1 1.49724e-06 -0.0938006 -1 0.000797649 -1.38901e-06 -57.5418 0 0 0 1 
				0
				1.47244e-06 -1.59707e-06 -1 3.33679e-05 -0.0697455 -0.997564 1.49049e-06 -3.62142 -0.997565 0.0697455 -1.58024e-06 -56.4642 0 0 0 1 
				1
				1.55557e-06 -1.70941e-06 -1 3.41874e-05 -0.143472 -0.989654 1.46855e-06 -7.41222 -0.989654 0.143472 -1.78473e-06 -55.2817 0 0 0 1 
				2
				1.63208e-06 -1.83094e-06 -1 3.49909e-05 -0.218407 -0.975858 1.43028e-06 -11.3058 -0.975858 0.218407 -1.99257e-06 -54.0405 0 0 0 1 
				3
				1.69825e-06 -1.95612e-06 -1 3.57437e-05 -0.291048 -0.956708 1.37716e-06 -15.1419 -0.956708 0.291048 -2.19405e-06 -52.7907 0 0 0 1 
				4
				1.752e-06 -2.07874e-06 -1 3.64186e-05 -0.35823 -0.933633 1.31316e-06 -18.7659 -0.933633 0.35823 -2.38039e-06 -51.5853 0 0 0 1 
				5
				1.79281e-06 -2.19211e-06 -1 3.69943e-05 -0.417154 -0.908835 1.24438e-06 -22.0237 -0.908836 0.417154 -2.54382e-06 -50.4811 0 0 0 1 
				6
				1.82144e-06 -2.2892e-06 -1 3.74545e-05 -0.465347 -0.885129 1.17864e-06 -24.7575 -0.885129 0.465347 -2.67748e-06 -49.5393 0 0 0 1 
				7
				1.83951e-06 -2.3631e-06 -1 3.77861e-05 -0.500691 -0.865626 1.12454e-06 -26.8102 -0.865626 0.500691 -2.77552e-06 -48.823 0 0 0 1 
				8
				1.86183e-06 -2.42106e-06 -1 3.83199e-05 -0.533311 -0.845919 1.05509e-06 -28.685 -0.845919 0.533311 -2.86613e-06 -48.4572 0 0 0 1 
				9
				1.8956e-06 -2.47261e-06 -1 3.92179e-05 -0.569755 -0.821814 9.51995e-07 -30.7494 -0.821814 0.569756 -2.96661e-06 -48.4324 0 0 0 1 
				10
				1.9336e-06 -2.51493e-06 -1 4.02695e-05 -0.602939 -0.797787 8.40539e-07 -32.6321 -0.797787 0.602939 -3.05895e-06 -48.6104 0 0 0 1 
				11
				1.96803e-06 -2.54282e-06 -1 4.12376e-05 -0.626545 -0.779385 7.48777e-07 -33.9686 -0.779385 0.626545 -3.12705e-06 -48.8781 0 0 0 1 
				12
				1.98282e-06 -2.54438e-06 -1 4.16563e-05 -0.634959 -0.772546 7.06646e-07 -34.4127 -0.772546 0.634959 -3.1474e-06 -49.1471 0 0 0 1 
				13
				2.05063e-06 -2.40835e-06 -1 4.22385e-05 -0.622285 -0.782791 6.09159e-07 -33.6186 -0.782791 0.622285 -3.10389e-06 -49.3289 0 0 0 1 
				14
				1.92974e-06 -2.45473e-06 -1 4.01802e-05 -0.580962 -0.813931 8.76879e-07 -31.2163 -0.813931 0.580962 -2.99678e-06 -49.295 0 0 0 1 
				15
				1.83951e-06 -2.3631e-06 -1 3.77861e-05 -0.500691 -0.865626 1.12454e-06 -26.8102 -0.865626 0.500691 -2.77551e-06 -48.823 0 0 0 1 
				16
				1.67925e-06 -2.24418e-06 -1 3.37623e-05 -0.367549 -0.930004 1.46989e-06 -19.9432 -0.930004 0.367549 -2.38655e-06 -47.6342 0 0 0 1 
				17
				1.44398e-06 -2.12527e-06 -1 2.82262e-05 -0.17846 -0.983947 1.83346e-06 -10.7655 -0.983947 0.17846 -1.80007e-06 -45.4252 0 0 0 1 
				18
				1.20851e-06 -2.07541e-06 -1 2.32287e-05 0.0549996 -0.998486 2.13874e-06 0.0597196 -0.998486 -0.0549996 -1.09254e-06 -41.8656 0 0 0 1 
				19
				8.5882e-07 -2.06287e-06 -1 1.58465e-05 0.310333 -0.950628 2.22754e-06 11.7217 -0.950628 -0.310333 -1.76242e-07 -36.7759 0 0 0 1 
				20
				6.53799e-07 -2.19114e-06 -1 1.23579e-05 0.55724 -0.830351 2.18374e-06 23.3508 -0.830351 -0.55724 6.78108e-07 -30.2235 0 0 0 1 
				21
				2.34151e-07 -2.20533e-06 -1 3.2053e-06 0.764653 -0.644442 1.60025e-06 34.1327 -0.644442 -0.764653 1.53542e-06 -22.5628 0 0 0 1 
				22
				-3.5716e-08 -2.42942e-06 -1 -1.93584e-06 0.909653 -0.415368 9.76613e-07 43.4354 -0.415368 -0.909653 2.22476e-06 -14.394 0 0 0 1 
				23
				-1.03471e-07 -2.81135e-06 -1 -2.32681e-06 0.984669 -0.174434 3.88509e-07 50.9158 -0.174434 -0.984669 2.7863e-06 -6.42908 0 0 0 1 
				24
				-1.03471e-07 -2.81135e-06 -1 -2.32681e-06 0.984669 -0.174434 3.88509e-07 50.9158 -0.174434 -0.984669 2.7863e-06 -6.42908 0 0 0 1 
				25
				-1.03471e-07 -2.81135e-06 -1 -2.32681e-06 0.984669 -0.174434 3.88509e-07 50.9158 -0.174434 -0.984669 2.7863e-06 -6.42908 0 0 0 1 
				26
				-1.03471e-07 -2.81135e-06 -1 -2.32681e-06 0.984669 -0.174434 3.88509e-07 50.9158 -0.174434 -0.984669 2.7863e-06 -6.42908 0 0 0 1 
				27
				-1.03471e-07 -2.81135e-06 -1 -2.32681e-06 0.984669 -0.174434 3.88509e-07 50.9158 -0.174434 -0.984669 2.7863e-06 -6.42908 0 0 0 1 
				28
				-1.03471e-07 -2.81135e-06 -1 -2.32681e-06 0.984669 -0.174434 3.88509e-07 50.9158 -0.174434 -0.984669 2.7863e-06 -6.42908 0 0 0 1 
				29
				-1.03471e-07 -2.81135e-06 -1 -2.32681e-06 0.984669 -0.174434 3.88509e-07 50.9158 -0.174434 -0.984669 2.7863e-06 -6.42908 0 0 0 1 
				30
				-1.03471e-07 -2.81135e-06 -1 -2.32681e-06 0.984669 -0.174434 3.88509e-07 50.9158 -0.174434 -0.984669 2.7863e-06 -6.42908 0 0 0 1 
				31
				-1.03471e-07 -2.81135e-06 -1 -2.32681e-06 0.984669 -0.174434 3.88509e-07 50.9158 -0.174434 -0.984669 2.7863e-06 -6.42908 0 0 0 1 
		</Joint>
			4
				-1
				1.38782e-06 -1.49834e-06 -1 7.62026e-05 -0.000797649 -1 1.49724e-06 -0.11619 -1 0.000797649 -1.38901e-06 -88.9816 0 0 0 1 
				0
				1.47244e-06 -1.59707e-06 -1 7.9658e-05 -0.0697455 -0.997564 1.49049e-06 -5.81153 -0.997565 0.0697455 -1.58024e-06 -87.8277 0 0 0 1 
				1
				1.55557e-06 -1.70941e-06 -1 8.30915e-05 -0.143472 -0.989654 1.46855e-06 -11.9203 -0.989654 0.143472 -1.78473e-06 -86.3967 0 0 0 1 
				2
				1.63208e-06 -1.83094e-06 -1 8.63008e-05 -0.218407 -0.975858 1.43028e-06 -18.1699 -0.975858 0.218407 -1.99257e-06 -84.7219 0 0 0 1 
				3
				1.69825e-06 -1.95612e-06 -1 8.91341e-05 -0.291048 -0.956708 1.37716e-06 -24.2899 -0.956708 0.291048 -2.19405e-06 -82.8702 0 0 0 1 
				4
				1.752e-06 -2.07874e-06 -1 9.14992e-05 -0.35823 -0.933633 1.31316e-06 -30.0261 -0.933633 0.35823 -2.38039e-06 -80.9396 0 0 0 1 
				5
				1.79281e-06 -2.19211e-06 -1 9.33585e-05 -0.417155 -0.908835 1.24438e-06 -35.1365 -0.908836 0.417154 -2.54382e-06 -79.0559 0 0 0 1 
				6
				1.82144e-06 -2.2892e-06 -1 9.4719e-05 -0.465347 -0.885129 1.17864e-06 -39.3855 -0.885129 0.465347 -2.67748e-06 -77.3689 0 0 0 1 
				7
				1.83951e-06 -2.3631e-06 -1 9.5619e-05 -0.500691 -0.865626 1.12454e-06 -42.5495 -0.865626 0.500691 -2.77552e-06 -76.0395 0 0 0 1 
				8
				1.86183e-06 -2.42106e-06 -1 9.68545e-05 -0.533311 -0.845919 1.05509e-06 -45.4499 -0.845919 0.533311 -2.86613e-06 -75.0542 0 0 0 1 
				9
				1.8956e-06 -2.47261e-06 -1 9.88144e-05 -0.569755 -0.821814 9.51995e-07 -48.6602 -0.821814 0.569756 -2.96661e-06 -74.2717 0 0 0 1 
				10
				1.9336e-06 -2.51493e-06 -1 0.000101061 -0.602939 -0.797787 8.40539e-07 -51.5863 -0.797787 0.602939 -3.05895e-06 -73.6943 0 0 0 1 
				11
				1.96803e-06 -2.54282e-06 -1 0.000103112 -0.626545 -0.779385 7.48777e-07 -53.665 -0.779385 0.626545 -3.12705e-06 -73.3836 0 0 0 1 
				12
				1.98282e-06 -2.54438e-06 -1 0.000103995 -0.634959 -0.772546 7.06646e-07 -54.3736 -0.772546 0.634959 -3.1474e-06 -73.4375 0 0 0 1 
				13
				2.05063e-06 -2.40835e-06 -1 0.000106709 -0.622285 -0.782791 6.09159e-07 -53.181 -0.782791 0.622285 -3.10389e-06 -73.9414 0 0 0 1 
				14
				1.92974e-06 -2.45473e-06 -1 0.00010085 -0.580962 -0.813931 8.76879e-07 -49.4795 -0.813931 0.580962 -2.99678e-06 -74.8865 0 0 0 1 
				15
				1.83951e-06 -2.3631e-06 -1 9.5619e-05 -0.500691 -0.865626 1.12454e-06 -42.5495 -0.865626 0.500691 -2.77551e-06 -76.0395 0 0 0 1 
				16
				1.67925e-06 -2.24418e-06 -1 8.65561e-05 -0.367549 -0.930004 1.46989e-06 -31.4964 -0.930004 0.367549 -2.38655e-06 -76.8744 0 0 0 1 
				17
				1.44398e-06 -2.12527e-06 -1 7.36229e-05 -0.17846 -0.983947 1.83346e-06 -16.3736 -0.983947 0.17846 -1.80007e-06 -76.3608 0 0 0 1 
				18
				1.20851e-06 -2.07541e-06 -1 6.12222e-05 0.0549996 -0.998486 2.13874e-06 1.79158 -0.998486 -0.0549996 -1.09254e-06 -73.2577 0 0 0 1 
				19
				8.5882e-07 -2.06287e-06 -1 4.28457e-05 0.310333 -0.950628 2.22754e-06 21.4811 -0.950628 -0.310333 -1.76242e-07 -66.6626 0 0 0 1 
				20
				6.53799e-07 -2.19114e-06 -1 3.29117e-05 0.55724 -0.830351 2.18374e-06 40.8726 -0.830351 -0.55724 6.78108e-07 -56.3282 0 0 0 1 
				21
				2.34151e-07 -2.20533e-06 -1 1.05655e-05 0.764653 -0.644442 1.60025e-06 58.175 -0.644442 -0.764653 1.53542e-06 -42.8219 0 0 0 1 
				22
				-3.5716e-08 -2.42942e-06 -1 -3.05967e-06 0.909653 -0.415368 9.76613e-07 72.0359 -0.415368 -0.909653 2.22476e-06 -27.4507 0 0 0 1 
				23
				-1.03471e-07 -2.81135e-06 -1 -5.57981e-06 0.984669 -0.174434 3.88509e-07 81.8741 -0.174434 -0.984669 2.7863e-06 -11.9106 0 0 0 1 
				24
				-1.03471e-07 -2.81135e-06 -1 -5.57981e-06 0.984669 -0.174434 3.88509e-07 81.8741 -0.174434 -0.984669 2.7863e-06 -11.9106 0 0 0 1 
				25
				-1.03471e-07 -2.81135e-06 -1 -5.57981e-06 0.984669 -0.174434 3.88509e-07 81.8741 -0.174434 -0.984669 2.7863e-06 -11.9106 0 0 0 1 
				26
				-1.03471e-07 -2.81135e-06 -1 -5.57981e-06 0.984669 -0.174434 3.88509e-07 81.8741 -0.174434 -0.984669 2.7863e-06 -11.9106 0 0 0 1 
				27
				-1.03471e-07 -2.81135e-06 -1 -5.57981e-06 0.984669 -0.174434 3.88509e-07 81.8741 -0.174434 -0.984669 2.7863e-06 -11.9106 0 0 0 1 
				28
				-1.03471e-07 -2.81135e-06 -1 -5.57981e-06 0.984669 -0.174434 3.88509e-07 81.8741 -0.174434 -0.984669 2.7863e-06 -11.9106 0 0 0 1 
				29
				-1.03471e-07 -2.81135e-06 -1 -5.57981e-06 0.984669 -0.174434 3.88509e-07 81.8741 -0.174434 -0.984669 2.7863e-06 -11.9106 0 0 0 1 
				30
				-1.03471e-07 -2.81135e-06 -1 -5.57981e-06 0.984669 -0.174434 3.88509e-07 81.8741 -0.174434 -0.984669 2.7863e-06 -11.9106 0 0 0 1 
				31
				-1.03471e-07 -2.81135e-06 -1 -5.57981e-06 0.984669 -0.174434 3.88509e-07 81.8741 -0.174434 -0.984669 2.7863e-06 -11.9106 0 0 0 1 
		</Joint>
			5
				-1
				1.38685e-06 -1.49724e-06 -1 8.08886e-05 0 -1 1.49724e-06 -0.118883 -1 -2.07645e-12 -1.38685e-06 -92.3581 0 0 0 1 
				0
				1.45786e-06 -1.57905e-06 -0.999999 8.46297e-05 -0.0574721 -0.998347 1.49266e-06 -6.04702 -0.998347 0.0574721 -1.5462e-06 -91.196 0 0 0 1 
				1
				1.52886e-06 -1.67138e-06 -1 8.83439e-05 -0.119027 -0.992891 1.47752e-06 -12.4047 -0.992891 0.119027 -1.71693e-06 -89.7383 0 0 0 1 
				2
				1.59574e-06 -1.77064e-06 -1 9.18116e-05 -0.181803 -0.983335 1.45102e-06 -18.9073 -0.983335 0.181803 -1.89105e-06 -88.0169 0 0 0 1 
				3
				1.65537e-06 -1.87245e-06 -1 9.48683e-05 -0.24298 -0.970031 1.41411e-06 -25.2726 -0.970031 0.24298 -2.06073e-06 -86.1006 0 0 0 1 
				4
				1.7058e-06 -1.97198e-06 -1 9.74149e-05 -0.299955 -0.953953 1.36952e-06 -31.2356 -0.953953 0.299954 -2.21876e-06 -84.092 0 0 0 1 
				5
				1.74607e-06 -2.06397e-06 -1 9.9412e-05 -0.350335 -0.936624 1.32146e-06 -36.5451 -0.936624 0.350335 -2.35849e-06 -82.1246 0 0 0 1 
				6
				1.77607e-06 -2.14282e-06 -1 0.000100869 -0.391895 -0.92001 1.27538e-06 -40.9568 -0.92001 0.391895 -2.47376e-06 -80.3575 0 0 0 1 
				7
				1.79629e-06 -2.20291e-06 -1 0.00010183 -0.422618 -0.906308 1.23737e-06 -44.2401 -0.906308 0.422618 -2.55898e-06 -78.9623 0 0 0 1 
				8
				1.82175e-06 -2.25214e-06 -1 0.000103141 -0.453651 -0.891179 1.18062e-06 -47.2507 -0.891179 0.453651 -2.64519e-06 -77.9105 0 0 0 1 
				9
				1.85986e-06 -2.29944e-06 -1 0.000105215 -0.491711 -0.870758 1.08774e-06 -50.584 -0.870758 0.491711 -2.75015e-06 -77.0465 0 0 0 1 
				10
				1.90226e-06 -2.34103e-06 -1 0.00010759 -0.528275 -0.849073 9.82784e-07 -53.6221 -0.849073 0.528275 -2.85187e-06 -76.3881 0 0 0 1 
				11
				1.94011e-06 -2.37063e-06 -1 0.000109757 -0.55557 -0.83147 8.93236e-07 -55.7805 -0.83147 0.55557 -2.93019e-06 -76.0152 0 0 0 1 
				12
				1.956e-06 -2.37587e-06 -1 0.00011069 -0.566654 -0.823955 8.49233e-07 -56.5175 -0.823955 0.566654 -2.95795e-06 -76.046 0 0 0 1 
				13
				2.01277e-06 -2.23764e-06 -1 0.000113633 -0.554436 -0.832226 7.46272e-07 -55.2822 -0.832226 0.554436 -2.91571e-06 -76.5845 0 0 0 1 
				14
				1.89596e-06 -2.29304e-06 -1 0.000107366 -0.510213 -0.860048 1.00479e-06 -51.4411 -0.860048 0.510213 -2.80055e-06 -77.6348 0 0 0 1 
				15
				1.79629e-06 -2.20291e-06 -1 0.00010183 -0.422618 -0.906308 1.23737e-06 -44.2401 -0.906308 0.422618 -2.55898e-06 -78.9623 0 0 0 1 
				16
				1.6216e-06 -2.08762e-06 -1 9.22262e-05 -0.277873 -0.960618 1.5548e-06 -32.7375 -0.960618 0.277873 -2.13783e-06 -80.0146 0 0 0 1 
				17
				1.36908e-06 -1.97921e-06 -1 7.84986e-05 -0.0756041 -0.997138 1.87004e-06 -16.9762 -0.997138 0.0756041 -1.5148e-06 -79.6831 0 0 0 1 
				18
				1.12092e-06 -1.94202e-06 -1 6.53028e-05 0.168619 -0.985681 2.10322e-06 1.97729 -0.985681 -0.168619 -7.77404e-07 -76.6291 0 0 0 1 
				19
				7.62503e-07 -1.96039e-06 -1 4.57455e-05 0.427555 -0.903989 2.09819e-06 22.5289 -0.903989 -0.427555 1.48882e-07 -69.8725 0 0 0 1 
				20
				5.66952e-07 -2.1063e-06 -1 3.51193e-05 0.666739 -0.745291 1.94782e-06 42.7542 -0.745291 -0.666739 9.81812e-07 -59.1319 0 0 0 1 
				21
				1.45728e-07 -2.17651e-06 -1 1.13561e-05 0.853138 -0.521684 1.25978e-06 60.7569 -0.521684 -0.853138 1.78084e-06 -44.9979 0 0 0 1 
				22
				-9.13693e-08 -2.43985e-06 -1 -3.18026e-06 0.965219 -0.261444 5.49692e-07 75.1073 -0.261444 -0.965219 2.37888e-06 -28.8532 0 0 0 1 
				23
				-9.5296e-08 -2.82882e-06 -1 -5.92918e-06 1 7.49033e-08 -9.52962e-08 85.1989 7.49036e-08 -1 2.82882e-06 -12.4996 0 0 0 1 
				24
				-9.5296e-08 -2.82882e-06 -1 -5.92918e-06 1 7.49033e-08 -9.52962e-08 85.1989 7.49036e-08 -1 2.82882e-06 -12.4996 0 0 0 1 
				25
				-9.5296e-08 -2.82882e-06 -1 -5.92918e-06 1 7.49033e-08 -9.52962e-08 85.1989 7.49036e-08 -1 2.82882e-06 -12.4996 0 0 0 1 
				26
				-9.5296e-08 -2.82882e-06 -1 -5.92918e-06 1 7.49033e-08 -9.52962e-08 85.1989 7.49036e-08 -1 2.82882e-06 -12.4996 0 0 0 1 
				27
				-9.5296e-08 -2.82882e-06 -1 -5.92918e-06 1 7.49033e-08 -9.52962e-08 85.1989 7.49036e-08 -1 2.82882e-06 -12.4996 0 0 0 1 
				28
				-9.5296e-08 -2.82882e-06 -1 -5.92918e-06 1 7.49033e-08 -9.52962e-08 85.1989 7.49036e-08 -1 2.82882e-06 -12.4996 0 0 0 1 
				29
				-9.5296e-08 -2.82882e-06 -1 -5.92918e-06 1 7.49033e-08 -9.52962e-08 85.1989 7.49036e-08 -1 2.82882e-06 -12.4996 0 0 0 1 
				30
				-9.5296e-08 -2.82882e-06 -1 -5.92918e-06 1 7.49033e-08 -9.52962e-08 85.1989 7.49036e-08 -1 2.82882e-06 -12.4996 0 0 0 1 
				31
				-9.5296e-08 -2.82882e-06 -1 -5.92918e-06 1 7.49033e-08 -9.52962e-08 85.1989 7.49036e-08 -1 2.82882e-06 -12.4996 0 0 0 1 
		</Joint>
			6
		</Joint>
			7
				-1
				0.939692 -1.29131e-06 -0.342022 4.25804 1.61011e-06 1 6.4819e-07 -0.118868 0.342022 -1.15979e-06 0.939692 -84.1394 0 0 0 1 
				0
				0.939692 -1.18286e-06 -0.342022 4.25804 0.0235838 0.99762 0.0647923 -5.48033 0.341208 -0.068951 0.937455 -82.9969 0 0 0 1 
				1
				0.939692 -1.05838e-06 -0.342022 4.25804 0.048802 0.989768 0.134079 -11.2321 0.338522 -0.142684 0.930077 -81.6037 0 0 0 1 
				2
				0.939692 -9.21332e-07 -0.342022 4.25804 0.0744348 0.976031 0.204504 -17.1187 0.333824 -0.217629 0.917169 -79.9952 0 0 0 1 
				3
				0.939692 -8.33784e-07 -0.342022 4.25805 0.0992848 0.95694 0.272779 -22.8868 0.327294 -0.290286 0.899229 -78.2358 0 0 0 1 
				4
				0.939692 -6.70659e-07 -0.342022 4.25805 0.122269 0.933918 0.335927 -28.2976 0.31942 -0.357487 0.877595 -76.4164 0 0 0 1 
				5
				0.939692 -5.47386e-07 -0.342022 4.25805 0.142429 0.909167 0.391316 -33.1226 0.310955 -0.416431 0.854337 -74.6524 0 0 0 1 
				6
				0.939692 -5.00799e-07 -0.342022 4.25805 0.158918 0.885499 0.43662 -37.1381 0.30286 -0.464641 0.832096 -73.0799 0 0 0 1 
				7
				0.939692 -4.26911e-07 -0.342022 4.25805 0.171012 0.866025 0.469847 -40.1307 0.296199 -0.500001 0.813797 -71.8447 0 0 0 1 
				8
				0.939692 -3.32218e-07 -0.342022 4.25805 0.182174 0.846343 0.500515 -42.8731 0.289468 -0.532637 0.795302 -70.9547 0 0 0 1 
				9
				0.939692 -3.06287e-07 -0.342022 4.25806 0.194645 0.822268 0.534779 -45.9067 0.281234 -0.569101 0.772678 -70.2886 0 0 0 1 
				10
				0.939692 -2.70499e-07 -0.342022 4.25806 0.206001 0.798267 0.565979 -48.6719 0.273025 -0.602303 0.750125 -69.8274 0 0 0 1 
				11
				0.939692 -2.47297e-07 -0.342022 4.25806 0.21408 0.779884 0.588176 -50.6362 0.266737 -0.625924 0.732851 -69.6055 0 0 0 1 
				12
				0.939692 -2.26672e-07 -0.342022 4.25806 0.21696 0.773051 0.596087 -51.3041 0.264401 -0.634343 0.72643 -69.6926 0 0 0 1 
				13
				0.939692 -3.76351e-07 -0.342022 4.25806 0.212622 0.783286 0.58417 -50.1729 0.267901 -0.621661 0.736048 -70.1469 0 0 0 1 
				14
				0.939692 -3.49134e-07 -0.342022 4.25806 0.19848 0.814393 0.545315 -46.6717 0.27854 -0.580313 0.765279 -70.9415 0 0 0 1 
				15
				0.939692 -4.26911e-07 -0.342022 4.25805 0.171012 0.866025 0.469847 -40.1307 0.296199 -0.500001 0.813797 -71.8447 0 0 0 1 
				16
				0.939692 -5.42303e-07 -0.342022 4.25805 0.125457 0.930297 0.344686 -29.7228 0.318182 -0.366808 0.874192 -72.3687 0 0 0 1 
				17
				0.939692 -6.47588e-07 -0.342022 4.25803 0.0607697 0.984089 0.166961 -15.5159 0.33658 -0.177676 0.924741 -71.5952 0 0 0 1 
				18
				0.939692 -7.15233e-07 -0.342021 4.25802 -0.0190824 0.998442 -0.0524303 1.51873 0.341489 0.0557949 0.938228 -68.4232 0 0 0 1 
				19
				0.939692 -7.30778e-07 -0.342021 4.25801 -0.106399 0.95038 -0.292329 19.9722 0.32505 0.31109 0.893065 -62.0616 0 0 0 1 
				20
				0.939692 -5.97933e-07 -0.342021 4.258 -0.190814 0.829907 -0.524256 38.1689 0.283846 0.557901 0.779857 -52.3111 0 0 0 1 
				21
				0.939692 -5.85738e-07 -0.34202 4.25798 -0.261702 0.643832 -0.719021 54.4682 0.220204 0.765166 0.605004 -39.7064 0 0 0 1 
				22
				0.939693 -3.59105e-07 -0.34202 4.25797 -0.311233 0.414643 -0.855105 67.6285 0.141817 0.909984 0.389637 -25.4454 0 0 0 1 
				23
				0.939692 2.28776e-08 -0.34202 4.25796 -0.336824 0.173649 -0.925416 77.1051 0.0593916 0.984808 0.163177 -11.0724 0 0 0 1 
				24
				0.939692 2.28776e-08 -0.34202 4.25796 -0.336824 0.173649 -0.925416 77.1051 0.0593916 0.984808 0.163177 -11.0724 0 0 0 1 
				25
				0.939692 2.28776e-08 -0.34202 4.25796 -0.336824 0.173649 -0.925416 77.1051 0.0593916 0.984808 0.163177 -11.0724 0 0 0 1 
				26
				0.939692 2.28776e-08 -0.34202 4.25796 -0.336824 0.173649 -0.925416 77.1051 0.0593916 0.984808 0.163177 -11.0724 0 0 0 1 
				27
				0.939692 2.28776e-08 -0.34202 4.25796 -0.336824 0.173649 -0.925416 77.1051 0.0593916 0.984808 0.163177 -11.0724 0 0 0 1 
				28
				0.939692 2.28776e-08 -0.34202 4.25796 -0.336824 0.173649 -0.925416 77.1051 0.0593916 0.984808 0.163177 -11.0724 0 0 0 1 
				29
				0.939692 2.28776e-08 -0.34202 4.25796 -0.336824 0.173649 -0.925416 77.1051 0.0593916 0.984808 0.163177 -11.0724 0 0 0 1 
				30
				0.939692 2.28776e-08 -0.34202 4.25796 -0.336824 0.173649 -0.925416 77.1051 0.0593916 0.984808 0.163177 -11.0724 0 0 0 1 
				31
				0.939692 2.28776e-08 -0.34202 4.25796 -0.336824 0.173649 -0.925416 77.1051 0.0593916 0.984808 0.163177 -11.0724 0 0 0 1 
		</Joint>
			8
				-1
				0.513061 0.661329 -0.547185 14.0641 -0.0983745 0.678587 0.727902 -0.118852 0.852696 -0.319629 0.413215 -80.5703 0 0 0 1 
				0
				0.543441 0.635744 -0.54818 14.0641 -0.0822339 0.690202 0.718929 -5.23422 0.835409 -0.345617 0.427364 -79.4362 0 0 0 1 
				1
				0.575039 0.607028 -0.548494 14.0641 -0.0643215 0.701897 0.709368 -10.7228 0.815593 -0.372634 0.442663 -78.0711 0 0 0 1 
				2
				0.606309 0.576253 -0.548016 14.0641 -0.0453212 0.713049 0.699647 -16.3419 0.793936 -0.399366 0.458445 -76.5116 0 0 0 1 
				3
				0.63588 0.544718 -0.546752 14.0641 -0.0260472 0.723166 0.690183 -21.8507 0.771348 -0.424632 0.474035 -74.8203 0 0 0 1 
				4
				0.662649 0.513862 -0.544833 14.0641 -0.00735351 0.73191 0.681361 -27.0216 0.748894 -0.447497 0.488778 -73.0831 0 0 0 1 
				5
				0.685716 0.485259 -0.542509 14.0641 0.00985265 0.739083 0.673542 -31.6363 0.727802 -0.467204 0.50202 -71.4075 0 0 0 1 
				6
				0.704316 0.46066 -0.540122 14.0641 0.0245555 0.744592 0.667068 -35.4797 0.709462 -0.48309 0.513116 -69.9194 0 0 0 1 
				7
				0.717812 0.44186 -0.538058 14.0641 0.035725 0.748415 0.662268 -38.3461 0.69532 -0.494606 0.521435 -68.7537 0 0 0 1 
				8
				0.723687 0.433407 -0.537062 14.0641 0.0480734 0.744657 0.665714 -40.972 0.688452 -0.507587 0.518063 -67.9339 0 0 0 1 
				9
				0.721833 0.436091 -0.537384 14.0641 0.0645479 0.730683 0.679658 -43.8755 0.689051 -0.525286 0.499282 -67.3538 0 0 0 1 
				10
				0.715256 0.44549 -0.538467 14.0641 0.0816877 0.711916 0.697497 -46.5222 0.694072 -0.542875 0.472811 -66.9783 0 0 0 1 
				11
				0.706903 0.457128 -0.539743 14.0641 0.0958027 0.694178 0.713399 -48.4022 0.700793 -0.556012 0.446922 -66.822 0 0 0 1 
				12
				0.699796 0.46678 -0.540743 14.0641 0.102679 0.68339 0.722796 -49.04 0.706925 -0.561333 0.430305 -66.9334 0 0 0 1 
				13
				0.697132 0.470337 -0.5411 14.0641 0.0976628 0.685398 0.721589 -47.9541 0.71026 -0.555888 0.431878 -67.3513 0 0 0 1 
				14
				0.702188 0.463547 -0.540421 14.0641 0.0762651 0.705691 0.704402 -44.6005 0.707894 -0.535839 0.460176 -68.0348 0 0 0 1 
				15
				0.717812 0.44186 -0.538057 14.0641 0.0357249 0.748415 0.662268 -38.3461 0.69532 -0.494606 0.521435 -68.7538 0 0 0 1 
				16
				0.74355 0.403447 -0.533258 14.0641 -0.0225039 0.812124 0.58305 -28.4136 0.668302 -0.421526 0.612934 -69.0484 0 0 0 1 
				17
				0.775071 0.350809 -0.525545 14.0641 -0.0885262 0.883808 0.459397 -14.8818 0.625642 -0.309541 0.71607 -68.0828 0 0 0 1 
				18
				0.808416 0.286148 -0.514375 14.0641 -0.149699 0.945097 0.290486 1.3196 0.569257 -0.157832 0.806868 -64.8596 0 0 0 1 
				19
				0.839941 0.212162 -0.499486 14.0641 -0.196508 0.976856 0.0844799 18.8619 0.505849 0.0271948 0.862193 -58.6695 0 0 0 1 
				20
				0.866707 0.132009 -0.481032 14.0641 -0.225285 0.963983 -0.141365 36.1777 0.445045 0.230891 0.865231 -49.349 0 0 0 1 
				21
				0.886749 0.0493298 -0.459611 14.0641 -0.23877 0.900254 -0.364047 51.7372 0.395809 0.43256 0.810078 -37.4085 0 0 0 1 
				22
				0.899233 -0.0318521 -0.436309 14.064 -0.244033 0.791231 -0.560715 64.3806 0.363081 0.610687 0.703728 -23.9655 0 0 0 1 
				23
				0.904531 -0.107487 -0.412637 14.064 -0.248662 0.65316 -0.715226 73.5902 0.346395 0.749552 0.564076 -10.4526 0 0 0 1 
				24
				0.904531 -0.107487 -0.412637 14.064 -0.248662 0.65316 -0.715226 73.5902 0.346395 0.749552 0.564076 -10.4526 0 0 0 1 
				25
				0.904531 -0.107487 -0.412637 14.064 -0.248662 0.65316 -0.715226 73.5902 0.346395 0.749552 0.564076 -10.4526 0 0 0 1 
				26
				0.904531 -0.107487 -0.412637 14.064 -0.248662 0.65316 -0.715226 73.5902 0.346395 0.749552 0.564076 -10.4526 0 0 0 1 
				27
				0.904531 -0.107487 -0.412637 14.064 -0.248662 0.65316 -0.715226 73.5902 0.346395 0.749552 0.564076 -10.4526 0 0 0 1 
				28
				0.904531 -0.107487 -0.412637 14.064 -0.248662 0.65316 -0.715226 73.5902 0.346395 0.749552 0.564076 -10.4526 0 0 0 1 
				29
				0.904531 -0.107487 -0.412637 14.064 -0.248662 0.65316 -0.715226 73.5902 0.346395 0.749552 0.564076 -10.4526 0 0 0 1 
				30
				0.904531 -0.107487 -0.412637 14.064 -0.248662 0.65316 -0.715226 73.5902 0.346395 0.749552 0.564076 -10.4526 0 0 0 1 
				31
				0.904531 -0.107487 -0.412637 14.064 -0.248662 0.65316 -0.715226 73.5902 0.346395 0.749552 0.564076 -10.4526 0 0 0 1 
		</Joint>
			9
				-1
				0.0196507 0.836781 -0.547185 23.1656 -0.482371 0.487316 0.727902 -1.86397 0.875747 0.249643 0.413215 -65.4439 0 0 0 1 
				0
				0.062643 0.834011 -0.548179 23.7045 -0.474252 0.508159 0.718929 -6.69301 0.878157 0.214939 0.427364 -64.6165 0 0 0 1 
				1
				0.108687 0.82906 -0.548494 24.265 -0.464427 0.530192 0.709368 -11.8638 0.878916 0.177637 0.442663 -63.6029 0 0 0 1 
				2
				0.155724 0.821844 -0.548016 24.8197 -0.453155 0.552398 0.699647 -17.1459 0.877724 0.139384 0.458445 -62.4275 0 0 0 1 
				3
				0.201704 0.812636 -0.546752 25.3443 -0.440908 0.573801 0.690183 -22.3128 0.874595 0.101855 0.474035 -61.137 0 0 0 1 
				4
				0.244734 0.802036 -0.544832 25.8192 -0.428305 0.593549 0.681361 -27.1521 0.869862 0.0666025 0.488778 -59.7981 0 0 0 1 
				5
				0.283026 0.790936 -0.542509 26.2284 -0.416117 0.61089 0.673542 -31.4615 0.864143 0.0351173 0.50202 -58.4966 0 0 0 1 
				6
				0.31482 0.780485 -0.540122 26.5584 -0.405284 0.625112 0.667068 -35.0441 0.858273 0.0088963 0.513116 -57.3339 0 0 0 1 
				7
				0.338455 0.771973 -0.538058 26.7978 -0.396808 0.635566 0.662268 -37.7124 0.853224 -0.0106427 0.521435 -56.4191 0 0 0 1 
				8
				0.348903 0.768004 -0.537062 26.902 -0.383847 0.639912 0.665713 -40.1192 0.854943 -0.0261199 0.518063 -55.7211 0 0 0 1 
				9
