<?xml version='1.0' encoding='UTF-8' ?>
<itpanim>
	<skeleton count>
		25
			0 -1
			1.37091e-06 -1 -6.12323e-17 1.5e-05 1 1.37091e-06 -6.12323e-17 -2.05656e-11 6.12323e-17 -6.12323e-17 1 32.529 0 0 0 1 
			1 0
			1.3868e-06 -2.28084e-12 -1 -32.529 2.75771e-06 -1 6.10517e-12 1.50001e-05 -1 -2.75771e-06 -1.3868e-06 -4.51111e-05 0 0 0 1 
			2 1
			1.40269e-06 -0.000796318 -1 -37.7063 0 -1 0.000796318 0.0446412 -1 -1.11699e-09 -1.40269e-06 -1.23796e-07 0 0 0 1 
			3 2
			1.40269e-06 -0.000796318 -1 -56.0438 0 -1 0.000796318 0.069676 -1 -1.11699e-09 -1.40269e-06 -1.93233e-07 0 0 0 1 
			4 3
			1.40269e-06 -0.000796318 -1 -87.4836 0 -1 0.000796318 0.0723646 -1 -1.11699e-09 -1.40269e-06 -2.0069e-07 0 0 0 1 
			5 4
			1.34309e-06 9.80604e-13 -1 -90.8602 -1.40269e-06 -1 -2.8646e-12 1.10282e-05 -1 1.40269e-06 -1.34309e-06 -0.000122033 0 0 0 1 
			6 5
			1 -0 0 0 0 1 0 0 -0 -0 1 -0 0 0 0 1 
			7 4
			0.939693 1.30318e-06 0.34202 24.2639 -1.38586e-06 1 -2.63612e-09 -9.54182e-06 -0.34202 -4.71514e-07 0.939693 79.1139 0 0 0 1 
			8 7
			0.64989 0.118088 0.750799 50.2273 -0.0275106 0.990863 -0.132032 -10.0532 -0.759531 0.0651516 0.647201 61.8577 0 0 0 1 
			9 8
			0.642057 -0.0844318 0.761994 33.8486 0.104289 0.994297 0.0222974 -3.28582 -0.75953 0.0651516 0.647201 61.8577 0 0 0 1 
			10 9
			0.642057 -0.0844318 0.761994 15.9188 -0.759447 0.0659433 0.647218 61.8551 -0.104894 -0.994245 -0.0217821 3.33507 0 0 0 1 
			11 4
			-0.939693 -1.27328e-06 0.34202 24.2639 -1.35596e-06 1 -2.63613e-09 -9.54182e-06 -0.34202 -4.66242e-07 -0.939693 -79.1139 0 0 0 1 
			12 11
			-0.64989 0.118086 0.750799 50.2273 0.0275079 0.990864 -0.132032 -10.0532 -0.75953 -0.0651537 -0.647201 -61.8577 0 0 0 1 
			13 12
			-0.642057 -0.0844335 0.761994 33.8486 -0.104292 0.994297 0.0222974 -3.28582 -0.75953 -0.0651537 -0.647201 -61.8577 0 0 0 1 
			14 13
			-0.642057 -0.0844335 0.761993 15.9188 0.759447 0.0659454 0.647218 61.8551 -0.104897 0.994244 0.0217821 -3.33507 0 0 0 1 
			15 2
			0.0553766 -0.0626591 0.996498 31.8161 -0.0485968 -0.997015 -0.0599911 -1.4258 0.997282 -0.0451045 -0.0582563 -12.6816 0 0 0 1 
			16 15
			0.0622516 0.0929321 0.993725 12.0129 -0.0394075 -0.99465 0.0954874 0.44514 0.997282 -0.0451045 -0.0582563 -12.6816 0 0 0 1 
			17 16
			1.3716e-06 -6.00745e-14 1 4.28168 0 -1 -6.00745e-14 -0.456609 1 8.23984e-20 -1.3716e-06 -12.4454 0 0 0 1 
			18 17
			1.3716e-06 -1 -6.12323e-17 -7.24071 0 6.12323e-17 -1 0.317726 1 1.3716e-06 8.39865e-23 -12.4454 0 0 0 1 
			19 18
			1 -0 0 0 0 1 0 0 -0 -0 1 -0 0 0 0 1 
			20 2
			-0.0553766 -0.0626593 0.996498 31.8161 0.0485995 -0.997015 -0.0599911 -1.4258 0.997282 0.0451072 0.0582565 12.6816 0 0 0 1 
			21 20
			-0.062252 0.0929319 0.993724 12.0129 0.0394102 -0.99465 0.0954874 0.44514 0.997282 0.0451072 0.0582565 12.6816 0 0 0 1 
			22 21
			1.3716e-06 -6.00745e-14 1 4.28169 0 -1 -6.00745e-14 -0.456609 1 8.23984e-20 -1.3716e-06 12.4454 0 0 0 1 
			23 22
			1.3716e-06 -1 -6.12323e-17 -7.24071 0 6.12323e-17 -1 0.317726 1 1.3716e-06 8.39865e-23 12.4454 0 0 0 1 
			24 23
			1 -0 0 0 0 1 0 0 -0 -0 1 -0 0 0 0 1 
	</skeleton>
		<animations>
			17
			0
				-1
				1.33158e-06 1 0 -5.19361e-09 -1 1.33158e-06 0 -0.118801 -0 -0 1 -33.4863 0 0 0 1 
				0
				-0.0574708 0.998347 0 -6.39049e-08 -0.998347 -0.0574708 -0 -0.103145 -0 -0 1 -33.1745 0 0 0 1 
				1
				-0.119025 0.992891 -1.52979e-33 -1.21398e-07 -0.992891 -0.119025 1.83388e-34 -0.0863167 -0 1.54074e-33 1 -32.8593 0 0 0 1 
				2
				-0.181801 0.983335 0 -1.78408e-07 -0.983335 -0.181801 -0 -0.0690246 -0 -0 1 -32.5428 0 0 0 1 
				3
				-0.242979 0.970032 0 -2.35671e-07 -0.970032 -0.242979 -0 -0.0519757 -0 -0 1 -32.227 0 0 0 1 
				4
				-0.299953 0.953954 -2.9396e-33 -2.939e-07 -0.953954 -0.299953 9.24302e-34 -0.0358548 -0 3.08149e-33 1 -31.9138 0 0 0 1 
				5
				-0.350334 0.936625 -2.8862e-33 -3.53806e-07 -0.936625 -0.350334 1.07955e-33 -0.0213471 -0 3.08149e-33 1 -31.6055 0 0 0 1 
				6
				-0.391893 0.920011 -1.99546e-33 -4.16126e-07 -0.920011 -0.391893 -1.25476e-32 -0.00915978 -1.2326e-32 -3.08149e-33 1 -31.3039 0 0 0 1 
				7
				-0.422617 0.906309 0 -4.81596e-07 -0.906309 -0.422617 -0 1.89889e-15 -0 -0 1 -31.0113 0 0 0 1 
				8
				-0.441464 0.897279 2.76495e-33 -5.50674e-07 -0.897279 -0.441464 -1.36037e-33 0.00569041 -0 -3.08149e-33 1 -30.7288 0 0 0 1 
				9
				-0.450219 0.892918 2.75152e-33 -6.22901e-07 -0.892918 -0.450219 -1.38734e-33 0.00835323 -0 -3.08149e-33 1 -30.4553 0 0 0 1 
				10
				-0.451341 0.892351 2.74977e-33 -6.97542e-07 -0.892351 -0.451341 -1.3908e-33 0.00869571 -0 -3.08149e-33 1 -30.1885 0 0 0 1 
				11
				-0.447172 0.894448 -2.75559e-33 -7.73861e-07 -0.894448 -0.447172 -1.24029e-32 0.00742509 -1.2326e-32 -3.08149e-33 1 -29.9265 0 0 0 1 
				12
				-0.439934 0.89803 2.76727e-33 -8.51146e-07 -0.89803 -0.439934 -1.35565e-33 0.00522634 -0 -3.08149e-33 1 -29.6673 0 0 0 1 
				13
				-0.431863 0.901939 0 -9.28683e-07 -0.901939 -0.431863 -0 0.00278441 -0 -0 1 -29.4087 0 0 0 1 
				14
				-0.425299 0.905053 0 -1.00574e-06 -0.905053 -0.425299 -0 0.000806551 -0 -0 1 -29.1488 0 0 0 1 
				15
				-0.422617 0.906309 0 -1.08157e-06 -0.906309 -0.422617 -0 1.76872e-15 -0 -0 1 -28.8854 0 0 0 1 
		</Joint>
			1
				-1
				1.33158e-06 2.66316e-06 -1 -5.19361e-09 0 -1 -2.66316e-06 -0.118801 -1 3.54621e-12 -1.33158e-06 -33.4863 0 0 0 1 
				0
				1.33158e-06 -0.0574694 -0.998347 -6.39049e-08 0 -0.998347 0.0574694 -0.103145 -1 -7.65252e-08 -1.32938e-06 -33.1745 0 0 0 1 
				1
				1.33158e-06 -0.119024 -0.992891 -1.21398e-07 0 -0.992891 0.119024 -0.0863167 -1 -1.5849e-07 -1.32211e-06 -32.8593 0 0 0 1 
				2
				1.33158e-06 -0.1818 -0.983335 -1.78408e-07 0 -0.983335 0.1818 -0.0690246 -1 -2.42082e-07 -1.30939e-06 -32.5428 0 0 0 1 
				3
				1.33158e-06 -0.242977 -0.970032 -2.35671e-07 0 -0.970032 0.242977 -0.0519757 -1 -3.23544e-07 -1.29168e-06 -32.227 0 0 0 1 
				4
				1.33158e-06 -0.299952 -0.953954 -2.939e-07 0 -0.953954 0.299952 -0.0358548 -1 -3.9941e-07 -1.27027e-06 -31.9138 0 0 0 1 
				5
				1.33158e-06 -0.350332 -0.936625 -3.53806e-07 0 -0.936625 0.350332 -0.0213471 -1 -4.66496e-07 -1.24719e-06 -31.6055 0 0 0 1 
				6
				1.33158e-06 -0.391892 -0.920011 -4.16126e-07 0 -0.920011 0.391892 -0.00915978 -1 -5.21836e-07 -1.22507e-06 -31.3039 0 0 0 1 
				7
				1.33158e-06 -0.422615 -0.906309 -4.81596e-07 0 -0.906309 0.422615 1.89889e-15 -1 -5.62747e-07 -1.20682e-06 -31.0113 0 0 0 1 
				8
				1.33158e-06 -0.441463 -0.897279 -5.50674e-07 0 -0.897279 0.441463 0.00569041 -1 -5.87844e-07 -1.1948e-06 -30.7288 0 0 0 1 
				9
				1.33158e-06 -0.450218 -0.892919 -6.22901e-07 0 -0.892919 0.450218 0.00835323 -1 -5.99501e-07 -1.18899e-06 -30.4553 0 0 0 1 
				10
				1.33158e-06 -0.45134 -0.892352 -6.97542e-07 0 -0.892352 0.45134 0.00869571 -1 -6.00996e-07 -1.18824e-06 -30.1885 0 0 0 1 
				11
				1.33158e-06 -0.447171 -0.894448 -7.73861e-07 0 -0.894448 0.447171 0.00742509 -1 -5.95444e-07 -1.19103e-06 -29.9265 0 0 0 1 
				12
				1.33158e-06 -0.439933 -0.89803 -8.51146e-07 0 -0.89803 0.439933 0.00522634 -1 -5.85807e-07 -1.1958e-06 -29.6673 0 0 0 1 
				13
				1.33158e-06 -0.431862 -0.90194 -9.28683e-07 0 -0.90194 0.431862 0.00278441 -1 -5.75059e-07 -1.20101e-06 -29.4087 0 0 0 1 
				14
				1.33158e-06 -0.425298 -0.905053 -1.00574e-06 0 -0.905053 0.425298 0.000806551 -1 -5.66319e-07 -1.20515e-06 -29.1488 0 0 0 1 
				15
				1.33158e-06 -0.422615 -0.906309 -1.08157e-06 0 -0.906309 0.422615 1.76872e-15 -1 -5.62747e-07 -1.20682e-06 -28.8854 0 0 0 1 
		</Joint>
			2
				-1
				1.38782e-06 -1.49834e-06 -1 7.15614e-06 -0.000797649 -1 1.49724e-06 -0.104208 -1 0.000797649 -1.38901e-06 -38.6636 0 0 0 1 
				0
				-1.842e-05 -0.0247778 -0.999693 0.000368468 -0.000797483 -0.999693 0.0247778 -0.0885565 -1 0.000797694 -1.34556e-06 -38.3519 0 0 0 1 
				1
				-4.16468e-05 -0.0538351 -0.99855 0.000792228 -0.000796651 -0.998549 0.0538351 -0.0717456 -1 0.000797737 -1.30131e-06 -38.0367 0 0 0 1 
				2
				-6.61971e-05 -0.0845451 -0.99642 0.00124008 -0.000795029 -0.996419 0.0845451 -0.054485 -1 0.000797779 -1.25574e-06 -37.7202 0 0 0 1 
				3
				-8.99807e-05 -0.114288 -0.993448 0.0016738 -0.00079273 -0.993447 0.114288 -0.0374798 -1 0.000797819 -1.20833e-06 -37.4043 0 0 0 1 
				4
				-0.000110995 -0.140555 -0.990073 0.00205678 -0.0007901 -0.990073 0.140555 -0.0214085 -1 0.000797857 -1.1595e-06 -37.0912 0 0 0 1 
				5
				-0.000127269 -0.160878 -0.986974 0.002353 -0.000787679 -0.986974 0.160878 -0.00694627 -1 0.000797894 -1.10963e-06 -36.7828 0 0 0 1 
				6
				-0.000136797 -0.172746 -0.984966 0.00252582 -0.000786116 -0.984966 0.172746 0.00521161 -1 0.000797929 -1.05819e-06 -36.4813 0 0 0 1 
				7
				-0.000137576 -0.173649 -0.984808 0.00253864 -0.000786014 -0.984807 0.173649 0.014369 -1 0.000797963 -1.00471e-06 -36.1886 0 0 0 1 
				8
				-0.000128331 -0.161992 -0.986792 0.00236816 -0.000787608 -0.986792 0.161992 0.0200883 -1 0.000797994 -9.49561e-07 -35.9062 0 0 0 1 
				9
				-0.000110287 -0.139309 -0.990249 0.00203679 -0.000790367 -0.990249 0.139309 0.0228016 -1 0.000798024 -8.93525e-07 -35.6326 0 0 0 1 
				10
				-8.54264e-05 -0.108085 -0.994142 0.00158077 -0.000793468 -0.994141 0.108085 0.0232009 -1 0.000798052 -8.36028e-07 -35.3659 0 0 0 1 
				11
				-5.57653e-05 -0.0708456 -0.997487 0.00103699 -0.000796129 -0.997487 0.0708456 0.0219791 -1 0.000798079 -7.77006e-07 -35.1039 0 0 0 1 
				12
				-2.33062e-05 -0.0300999 -0.999547 0.000442038 -0.000797763 -0.999547 0.0300999 0.0198105 -1 0.000798103 -7.16935e-07 -34.8446 0 0 0 1 
				13
				9.90574e-06 0.0115886 -0.999933 -0.000166683 -0.000798064 -0.999932 -0.0115886 0.0173742 -1 0.000798126 -6.56647e-07 -34.5861 0 0 0 1 
				14
				4.17435e-05 0.0515555 -0.99867 -0.000750279 -0.000797054 -0.99867 -0.0515555 0.015378 -1 0.000798146 -5.95405e-07 -34.3261 0 0 0 1 
				15
				7.00953e-05 0.0871547 -0.996195 -0.00127013 -0.000795081 -0.996194 -0.0871548 0.0145353 -1 0.000798164 -5.33536e-07 -34.0628 0 0 0 1 
		</Joint>
			3
				-1
				1.38782e-06 -1.49834e-06 -1 3.25733e-05 -0.000797649 -1 1.49724e-06 -0.0938006 -1 0.000797649 -1.38901e-06 -57.0011 0 0 0 1 
				0
				7.63575e-06 0.0079445 -0.999968 -0.000168258 -0.000797702 -0.999968 -0.00794451 -0.0781464 -1 0.000797737 -1.29816e-06 -56.6894 0 0 0 1 
				1
				1.04483e-05 0.0115885 -0.999933 -0.000261653 -0.000797752 -0.999932 -0.0115885 -0.0613211 -1 0.000797819 -1.20284e-06 -56.3742 0 0 0 1 
				2
				1.18964e-05 0.0135281 -0.999908 -0.000312552 -0.000797807 -0.999908 -0.0135281 -0.0440313 -1 0.000797894 -1.10245e-06 -56.0576 0 0 0 1 
				3
				1.40515e-05 0.0163607 -0.999866 -0.000385871 -0.00079784 -0.999866 -0.0163607 -0.026985 -1 0.000797963 -9.96383e-07 -55.7418 0 0 0 1 
				4
				1.8922e-05 0.0226012 -0.999744 -0.000544454 -0.000797801 -0.999744 -0.0226012 -0.0108686 -1 0.000798024 -8.85967e-07 -55.4287 0 0 0 1 
				5
				2.85148e-05 0.0347621 -0.999396 -0.000851109 -0.00079757 -0.999395 -0.0347621 0.00362931 -1 0.000798079 -7.7236e-07 -55.1203 0 0 0 1 
				6
				4.48933e-05 0.055429 -0.998463 -0.00137041 -0.000796862 -0.998462 -0.055429 0.0157925 -1 0.000798125 -6.5501e-07 -54.8188 0 0 0 1 
				7
				7.00954e-05 0.0871547 -0.996195 -0.00216613 -0.000795081 -0.996194 -0.0871548 0.0248949 -1 0.000798164 -5.33579e-07 -54.5261 0 0 0 1 
				8
				0.000105316 0.131434 -0.991325 -0.0032756 -0.000791217 -0.991324 -0.131434 0.0304631 -1 0.000798195 -4.09239e-07 -54.2437 0 0 0 1 
				9
				0.000149058 0.186389 -0.982476 -0.00465186 -0.000784177 -0.982476 -0.186389 0.0329042 -1 0.000798218 -2.83749e-07 -53.9701 0 0 0 1 
				10
				0.000198934 0.249029 -0.968496 -0.00622018 -0.000773046 -0.968496 -0.249029 0.0328967 -1 0.000798232 -1.56352e-07 -53.7034 0 0 0 1 
				11
				0.000252484 0.316269 -0.94867 -0.00790339 -0.000757255 -0.948669 -0.316269 0.0311298 -1 0.000798238 -2.74472e-08 -53.4414 0 0 0 1 
				12
				0.000307309 0.385103 -0.922874 -0.00962635 -0.000736709 -0.922873 -0.385103 0.0282854 -1 0.000798235 1.01871e-07 -53.1821 0 0 0 1 
				13
				0.000361113 0.452652 -0.891687 -0.0113171 -0.00071187 -0.891687 -0.452652 0.0250629 -1 0.000798224 2.29576e-07 -52.9235 0 0 0 1 
				14
				0.000411758 0.516238 -0.856445 -0.0129088 -0.000683803 -0.856445 -0.516238 0.0222029 -1 0.000798205 3.56623e-07 -52.6636 0 0 0 1 
				15
				0.000457419 0.573575 -0.819153 -0.0143441 -0.000654105 -0.819152 -0.573576 0.0204628 -1 0.000798177 4.82585e-07 -52.4003 0 0 0 1 
		</Joint>
			4
				-1
				1.38782e-06 -1.49834e-06 -1 7.62026e-05 -0.000797649 -1 1.49724e-06 -0.11619 -1 0.000797649 -1.38901e-06 -88.4409 0 0 0 1 
				0
				7.63575e-06 0.0079445 -0.999968 5.04411e-05 -0.000797702 -0.999968 -0.00794451 -0.100537 -1 0.000797737 -1.29816e-06 -88.1292 0 0 0 1 
				1
				1.04483e-05 0.0115885 -0.999933 3.5674e-05 -0.000797752 -0.999932 -0.0115885 -0.0837138 -1 0.000797819 -1.20284e-06 -87.814 0 0 0 1 
				2
				1.18964e-05 0.0135281 -0.999908 2.50875e-05 -0.000797807 -0.999908 -0.0135281 -0.0664258 -1 0.000797894 -1.10245e-06 -87.4975 0 0 0 1 
				3
				1.40515e-05 0.0163607 -0.999866 1.19105e-05 -0.00079784 -0.999866 -0.0163607 -0.0493807 -1 0.000797963 -9.96382e-07 -87.1816 0 0 0 1 
				4
				1.8922e-05 0.0226012 -0.999744 -1.03228e-05 -0.000797801 -0.999744 -0.0226012 -0.0332633 -1 0.000798024 -8.85967e-07 -86.8685 0 0 0 1 
				5
				2.85148e-05 0.0347621 -0.999396 -4.80788e-05 -0.00079757 -0.999395 -0.0347621 -0.0187591 -1 0.000798079 -7.7236e-07 -86.5601 0 0 0 1 
				6
				4.48933e-05 0.055429 -0.998463 -0.000108009 -0.000796862 -0.998462 -0.055429 -0.00657623 -1 0.000798125 -6.55014e-07 -86.2586 0 0 0 1 
				7
				7.00954e-05 0.0871547 -0.996195 -0.000196674 -0.000795081 -0.996194 -0.0871548 0.00257612 -1 0.000798164 -5.33571e-07 -85.9659 0 0 0 1 
				8
				0.000105316 0.131434 -0.991324 -0.000317873 -0.000791217 -0.991324 -0.131434 0.00825269 -0.999999 0.000798195 -4.09244e-07 -85.6835 0 0 0 1 
				9
				0.000149058 0.186389 -0.982476 -0.000466656 -0.000784177 -0.982476 -0.186389 0.0108914 -1 0.000798218 -2.83754e-07 -85.4099 0 0 0 1 
				10
				0.000198934 0.249029 -0.968496 -0.000635274 -0.000773046 -0.968496 -0.249029 0.0111962 -1 0.000798232 -1.56373e-07 -85.1432 0 0 0 1 
				11
				0.000252484 0.316269 -0.94867 -0.000815672 -0.000757255 -0.948669 -0.316269 0.00987248 -1 0.000798238 -2.74419e-08 -84.8812 0 0 0 1 
				12
				0.000307309 0.385103 -0.922874 -0.00100002 -0.000736709 -0.922873 -0.385103 0.00760467 -1 0.000798235 1.0185e-07 -84.6219 0 0 0 1 
				13
				0.000361113 0.452652 -0.891687 -0.00118082 -0.00071187 -0.891687 -0.452652 0.00507924 -1 0.000798224 2.29594e-07 -84.3634 0 0 0 1 
				14
				0.000411758 0.516238 -0.856445 -0.00135114 -0.000683803 -0.856445 -0.516238 0.00300691 -1 0.000798205 3.5663e-07 -84.1034 0 0 0 1 
				15
				0.000457419 0.573575 -0.819153 -0.00150508 -0.000654105 -0.819152 -0.573576 0.00210022 -1 0.000798177 4.82585e-07 -83.8401 0 0 0 1 
		</Joint>
			5
				-1
				1.38685e-06 -1.49724e-06 -1 8.08886e-05 0 -1 1.49724e-06 -0.118883 -1 -2.07645e-12 -1.38685e-06 -91.8175 0 0 0 1 
				0
				0.00410724 -0.00314477 -0.999987 7.62235e-05 -0.0215981 -0.999762 0.00305535 -0.103231 -0.999758 0.0215853 -0.00417419 -91.5057 0 0 0 1 
				1
				0.00671016 -0.0106346 -0.999921 7.0953e-05 -0.0434297 -0.999003 0.0103334 -0.0864075 -0.999034 0.043357 -0.00716532 -91.1905 0 0 0 1 
				2
				0.00768671 -0.0198058 -0.999774 6.5256e-05 -0.065401 -0.997673 0.0192613 -0.0691197 -0.997829 0.0652382 -0.00896414 -90.874 0 0 0 1 
				3
				0.00714784 -0.027998 -0.999582 5.93558e-05 -0.0873833 -0.995801 0.0272673 -0.0520746 -0.996149 0.087152 -0.00956439 -90.5581 0 0 0 1 
				4
				0.0054318 -0.032653 -0.999452 5.35682e-05 -0.109258 -0.993502 0.0318648 -0.0359571 -0.993998 0.109025 -0.00896409 -90.245 0 0 0 1 
				5
				0.00310221 -0.0312442 -0.999507 4.82024e-05 -0.130942 -0.990919 0.0305693 -0.0214522 -0.991385 0.130783 -0.00716521 -89.9367 0 0 0 1 
				6
				0.000954363 -0.0212004 -0.999775 4.35755e-05 -0.152403 -0.988099 0.0208073 -0.00926687 -0.988318 0.152349 -0.00417401 -89.6351 0 0 0 1 
				7
				9.72982e-07 -1.2154e-06 -1 4.00059e-05 -0.173649 -0.984808 1.02797e-06 -0.000108501 -0.984808 0.173649 -1.16925e-06 -89.3425 0 0 0 1 
				8
				-0.00362754 -0.0205818 -0.999781 3.7729e-05 -0.173611 -0.984592 0.020899 0.00558112 -0.984807 0.173649 -1.56778e-06 -89.06 0 0 0 1 
				9
				-0.00532572 -0.0302102 -0.999529 3.66423e-05 -0.173567 -0.984344 0.0306761 0.00824357 -0.984808 0.173649 -1.15492e-06 -88.7865 0 0 0 1 
				10
				-0.00554435 -0.031448 -0.99949 3.64351e-05 -0.17356 -0.984305 0.031933 0.00858601 -0.984808 0.173649 -7.74637e-07 -88.5197 0 0 0 1 
				11
				-0.00473397 -0.0268544 -0.999628 3.68486e-05 -0.173584 -0.984441 0.0272684 0.00731559 -0.984808 0.173649 -1.16743e-06 -88.2577 0 0 0 1 
				12
				-0.00333165 -0.0189036 -0.999816 3.76139e-05 -0.173617 -0.984626 0.0191949 0.00511715 -0.984807 0.173649 -1.55184e-06 -87.9985 0 0 0 1 
				13
				-0.00177487 -0.0100724 -0.999947 3.84987e-05 -0.173639 -0.984756 0.0102276 0.00267558 -0.984808 0.173649 -1.15775e-06 -87.7399 0 0 0 1 
				14
				-0.000513778 -0.00291827 -0.999996 3.91766e-05 -0.173648 -0.984803 0.00296315 0.000698023 -0.984808 0.173649 -7.81533e-07 -87.48 0 0 0 1 
				15
				9.41062e-07 -1.30127e-06 -1 3.9409e-05 -0.173649 -0.984808 1.11809e-06 -0.00010839 -0.984807 0.173649 -1.15273e-06 -87.2166 0 0 0 1 
		</Joint>
			6
		</Joint>
			7
				-1
				0.939692 -1.29131e-06 -0.342022 4.25804 1.61011e-06 1 6.4819e-07 -0.118868 0.342022 -1.15979e-06 0.939692 -83.5988 0 0 0 1 
				0
				0.939662 -0.00794729 -0.342011 4.2579 0.00746844 0.999968 -0.00271697 -0.0693817 0.342021 -1.24821e-06 0.939692 -83.287 0 0 0 1 
				1
				0.939629 -0.0115913 -0.341998 4.25774 0.0108927 0.999933 -0.00396322 -0.0370417 0.342021 -1.32833e-06 0.939692 -82.9718 0 0 0 1 
				2
				0.939606 -0.0135309 -0.34199 4.25763 0.0127154 0.999908 -0.00462655 -0.0114942 0.342021 -1.40681e-06 0.939692 -82.6553 0 0 0 1 
				3
				0.939566 -0.0163635 -0.341975 4.25745 0.0153772 0.999866 -0.00559528 0.0176123 0.342021 -1.47415e-06 0.939692 -82.3395 0 0 0 1 
				4
				0.939452 -0.022604 -0.341934 4.25692 0.0212413 0.999744 -0.00772959 0.0603019 0.342021 -1.53528e-06 0.939692 -82.0264 0 0 0 1 
				5
				0.939124 -0.0347649 -0.341814 4.25543 0.0326688 0.999395 -0.0118888 0.126588 0.342021 -1.58716e-06 0.939692 -81.718 0 0 0 1 
				6
				0.938247 -0.0554318 -0.341495 4.25146 0.0520894 0.998462 -0.0189573 0.226773 0.342021 -1.62897e-06 0.939692 -81.4164 0 0 0 1 
				7
				0.936116 -0.0871575 -0.340719 4.2418 0.0819019 0.996194 -0.0298081 0.371019 0.342021 -1.70084e-06 0.939692 -81.1238 0 0 0 1 
				8
				0.93154 -0.131437 -0.339054 4.22106 0.123511 0.991324 -0.0449527 0.565249 0.342021 -1.67311e-06 0.939692 -80.8413 0 0 0 1 
				9
				0.923225 -0.186392 -0.336027 4.18338 0.175151 0.982475 -0.0637481 0.801906 0.342021 -1.75672e-06 0.939692 -80.5678 0 0 0 1 
				10
				0.910088 -0.249032 -0.331246 4.12385 0.234014 0.968495 -0.0851723 1.06897 0.34202 -1.77855e-06 0.939692 -80.301 0 0 0 1 
				11
				0.891456 -0.316272 -0.324465 4.03943 0.297199 0.948669 -0.10817 1.354 0.342021 -1.95849e-06 0.939692 -80.039 0 0 0 1 
				12
				0.867216 -0.385106 -0.315642 3.92959 0.361882 0.922872 -0.131712 1.6449 0.34202 -1.87215e-06 0.939692 -79.7798 0 0 0 1 
				13
				0.83791 -0.452655 -0.304975 3.7968 0.425357 0.891686 -0.154816 1.93008 0.34202 -1.79115e-06 0.939693 -79.5212 0 0 0 1 
				14
				0.804794 -0.51624 -0.292922 3.64675 0.485108 0.856444 -0.176563 2.19885 0.34202 -1.53399e-06 0.939693 -79.2613 0 0 0 1 
				15
				0.76975 -0.573578 -0.280167 3.48795 0.538987 0.819151 -0.196174 2.44218 0.34202 -1.65197e-06 0.939693 -78.9979 0 0 0 1 
		</Joint>
			8
				-1
				0.513061 0.661329 -0.547185 14.0641 -0.0983745 0.678587 0.727902 -0.118852 0.852696 -0.319629 0.413215 -80.0296 0 0 0 1 
				0
				0.557764 0.592779 -0.580957 14.0637 -0.0286114 0.713265 0.70031 0.00855452 0.829506 -0.373986 0.414794 -79.7179 0 0 0 1 
				1
				0.602047 0.515196 -0.61001 14.0632 0.0415923 0.74271 0.66832 0.076628 0.797377 -0.427732 0.425718 -79.4027 0 0 0 1 
				2
				0.642175 0.430499 -0.634257 14.0628 0.111306 0.766273 0.6328 0.121196 0.758434 -0.476965 0.444164 -79.0862 0 0 0 1 
				3
				0.674938 0.341497 -0.654094 14.0622 0.179859 0.783577 0.594691 0.178079 0.715618 -0.519024 0.467445 -78.7703 0 0 0 1 
				4
				0.697962 0.251566 -0.670494 14.0605 0.246778 0.794434 0.554954 0.281963 0.672272 -0.5528 0.492404 -78.4572 0 0 0 1 
				5
				0.709663 0.16439 -0.685094 14.0556 0.31174 0.798761 0.514585 0.467501 0.63182 -0.578754 0.515605 -78.1489 0 0 0 1 
				6
				0.709105 0.0837802 -0.700108 14.0425 0.374484 0.796555 0.474618 0.770348 0.597438 -0.598733 0.533466 -77.8473 0 0 0 1 
				7
				0.695887 0.0134217 -0.718026 14.0106 0.434652 0.788034 0.435981 1.2257 0.571681 -0.615485 0.542549 -77.5546 0 0 0 1 
				8
				0.670086 -0.0441513 -0.740969 13.9421 0.492062 0.7738 0.398882 1.85414 0.555751 -0.631888 0.540238 -77.2722 0 0 0 1 
				9
				0.633372 -0.0896156 -0.768641 13.8176 0.546602 0.754915 0.362394 2.62968 0.547782 -0.649671 0.527127 -76.9987 0 0 0 1 
				10
				0.587807 -0.124738 -0.799326 13.621 0.597914 0.73255 0.325376 3.511 0.54496 -0.669187 0.505181 -76.7319 0 0 0 1 
				11
				0.535242 -0.15156 -0.83099 13.3421 0.645669 0.707713 0.2868 4.45539 0.544635 -0.690052 0.476656 -76.4699 0 0 0 1 
				12
				0.477495 -0.172328 -0.861569 12.9794 0.689605 0.68114 0.245951 5.42128 0.544465 -0.711583 0.444079 -76.2107 0 0 0 1 
				13
				0.416505 -0.189581 -0.889147 12.5407 0.72963 0.653167 0.202516 6.36885 0.542368 -0.733097 0.410371 -75.9521 0 0 0 1 
				14
				0.354399 -0.206228 -0.91207 12.0451 0.765877 0.62363 0.156585 7.26114 0.536502 -0.754026 0.37896 -75.6922 0 0 0 1 
				15
				0.293362 -0.225395 -0.929051 11.5206 0.798697 0.59185 0.108613 8.06674 0.525378 -0.773893 0.353649 -75.4288 0 0 0 1 
		</Joint>
			9
				-1
				0.0196507 0.836781 -0.547185 23.1656 -0.482371 0.487316 0.727902 -1.86397 0.875747 0.249643 0.413215 -64.9032 0 0 0 1 
				0
				0.0339241 0.813226 -0.580957 23.9581 -0.48834 0.520663 0.70031 -0.499 0.871993 0.259947 0.414794 -65.0029 0 0 0 1 
				1
				0.0569124 0.790347 -0.61001 24.7432 -0.498916 0.551753 0.66832 0.814455 0.86478 0.266308 0.425718 -65.2576 0 0 0 1 
				2
				0.0856283 0.768366 -0.634257 25.4547 -0.513474 0.579575 0.6328 2.09572 0.853822 0.271489 0.444164 -65.6319 0 0 0 1 
				3
				0.1169 0.747326 -0.654094 26.0353 -0.531076 0.603574 0.59469 3.36869 0.839221 0.277855 0.467445 -66.0756 0 0 0 1 
				4
				0.14765 0.727073 -0.670494 26.442 -0.550607 0.623584 0.554954 4.65968 0.821602 0.28724 0.492404 -66.5314 0 0 0 1 
				5
				0.174958 0.707132 -0.685094 26.6447 -0.570853 0.639788 0.514585 5.99762 0.802195 0.301057 0.515605 -66.9407 0 0 0 1 
				6
				0.196074 0.686588 -0.700108 26.6216 -0.590605 0.652628 0.474618 7.41351 0.782777 0.320427 0.533466 -67.2491 0 0 0 1 
				7
				0.208554 0.664036 -0.718026 26.3553 -0.608922 0.662672 0.435981 8.93622 0.765323 0.346296 0.542549 -67.4133 0 0 0 1 
				8
				0.211093 0.637498 -0.740969 25.8291 -0.625349 0.670694 0.398883 10.5831 0.75125 0.379163 0.540238 -67.4135 0 0 0 1 
				9
				0.20554 0.60576 -0.768641 25.0533 -0.64043 0.677141 0.362394 12.3261 0.740002 0.417774 0.527127 -67.2813 0 0 0 1 
				10
				0.194699 0.56848 -0.799326 24.0484 -0.655116 0.681875 0.325376 14.1177 0.73001 0.460301 0.505181 -67.0646 0 0 0 1 
				11
				0.181462 0.525858 -0.83099 22.8371 -0.670228 0.684499 0.2868 15.9092 0.719629 0.504909 0.476656 -66.8084 0 0 0 1 
				12
				0.168747 0.478772 -0.861569 21.4499 -0.686286 0.684485 0.245951 17.6546 0.707486 0.549779 0.444079 -66.5521 0 0 0 1 
				13
				0.159494 0.428928 -0.889147 19.9293 -0.70338 0.681354 0.202516 19.3121 0.692688 0.593109 0.410371 -66.3307 0 0 0 1 
				14
				0.156599 0.378953 -0.91207 18.332 -0.721131 0.674871 0.156584 20.8474 0.674867 0.633201 0.37896 -66.1749 0 0 0 1 
				15
				0.162621 0.332293 -0.929051 16.7247 -0.738728 0.665194 0.108613 22.2352 0.65409 0.668654 0.353649 -66.1089 0 0 0 1 
		</Joint>
			10
				-1
				0.0196506 -0.546519 -0.837216 23.5179 -0.482371 0.72829 -0.486736 -10.5128 0.875747 0.413413 -0.249313 -49.2013 0 0 0 1 
				0
				0.0339241 -0.58031 -0.813688 24.5664 -0.48834 0.700724 -0.520105 -9.25483 0.871993 0.415001 -0.259617 -49.3682 0 0 0 1 
				1
				0.0569124 -0.609381 -0.790832 25.7636 -0.498916 0.668759 -0.551221 -8.131 0.86478 0.42593 -0.265969 -49.7523 0 0 0 1 
				2
				0.0856282 -0.633645 -0.76887 26.99 -0.513474 0.633262 -0.579071 -7.11076 0.853822 0.44438 -0.271135 -50.3231 0 0 0 1 
				3
				0.1169 -0.653498 -0.747846 28.1313 -0.531076 0.595171 -0.6031 -6.15339 0.839221 0.467666 -0.277482 -51.0285 0 0 0 1 
				4
				0.14765 -0.669915 -0.727607 29.0893 -0.550607 0.555451 -0.623142 -5.21259 0.821602 0.492633 -0.286847 -51.8003 0 0 0 1 
				5
				0.174958 -0.684531 -0.707677 29.7816 -0.570853 0.515094 -0.639378 -4.23764 0.802195 0.515844 -0.300646 -52.5575 0 0 0 1 
				6
				0.196074 -0.699561 -0.687145 30.1372 -0.590605 0.475138 -0.652249 -3.17591 0.782777 0.533721 -0.320002 -53.214 0 0 0 1 
				7
				0.208554 -0.717497 -0.664608 30.0946 -0.608922 0.436508 -0.662325 -1.98162 0.765323 0.542825 -0.345864 -53.6912 0 0 0 1 
				8
				0.211093 -0.740461 -0.638088 29.6139 -0.625349 0.399416 -0.670376 -0.629291 0.75125 0.54054 -0.378733 -53.9437 0 0 0 1 
				9
				0.20554 -0.768158 -0.606371 28.7386 -0.64043 0.362933 -0.676852 0.843366 0.740002 0.527459 -0.417354 -54.0132 0 0 0 1 
				10
				0.194699 -0.798873 -0.569116 27.5393 -0.655116 0.325919 -0.681615 2.37161 0.73001 0.505547 -0.459899 -53.9757 0 0 0 1 
				11
				0.181462 -0.830571 -0.526519 26.0907 -0.670228 0.287345 -0.684271 3.89221 0.719629 0.477057 -0.50453 -53.9056 0 0 0 1 
				12
				0.168747 -0.861188 -0.479458 24.4755 -0.686286 0.246496 -0.684289 5.3496 0.707486 0.444517 -0.549425 -53.867 0 0 0 1 
				13
				0.159494 -0.888805 -0.429635 22.789 -0.70338 0.203058 -0.681192 6.70068 0.692688 0.410843 -0.592782 -53.911 0 0 0 1 
				14
				0.156599 -0.911768 -0.37968 21.1398 -0.721131 0.157122 -0.674746 7.91769 0.674867 0.379464 -0.632899 -54.0747 0 0 0 1 
				15
				0.162621 -0.928786 -0.333033 19.6405 -0.738728 0.109143 -0.665107 8.98999 0.654091 0.354181 -0.668372 -54.3812 0 0 0 1 
		</Joint>
			11
				-1
				-0.939693 -1.26141e-06 -0.342019 -4.2579 -9.50053e-07 1 -1.07788e-06 -0.118879 0.342019 -6.87937e-07 -0.939693 -83.5988 0 0 0 1 
				0
				-0.939663 -0.00794726 -0.342008 -4.25777 -0.00746772 0.999968 -0.00271884 -0.13706 0.342019 -7.75526e-07 -0.939693 -83.287 0 0 0 1 
				1
				-0.93963 -0.0115912 -0.341996 -4.25762 -0.0108919 0.999933 -0.00396524 -0.135752 0.342019 -8.59007e-07 -0.939693 -82.9719 0 0 0 1 
				2
				-0.939607 -0.0135309 -0.341988 -4.25752 -0.0127146 0.999908 -0.00462871 -0.126723 0.342019 -9.31008e-07 -0.939693 -82.6553 0 0 0 1 
				3
				-0.939567 -0.0163635 -0.341973 -4.25735 -0.0153763 0.999866 -0.00559756 -0.121738 0.342019 -1.00163e-06 -0.939693 -82.3395 0 0 0 1 
				4
				-0.939452 -0.0226039 -0.341932 -4.25683 -0.0212404 0.999744 -0.00773198 -0.132192 0.342019 -1.06253e-06 -0.939693 -82.0264 0 0 0 1 
				5
				-0.939125 -0.0347648 -0.341813 -4.25535 -0.0326679 0.999395 -0.0118913 -0.169467 0.34202 -1.11975e-06 -0.939693 -81.718 0 0 0 1 
				6
				-0.938248 -0.0554318 -0.341494 -4.25138 -0.0520885 0.998462 -0.0189599 -0.245281 0.34202 -1.17125e-06 -0.939693 -81.4165 0 0 0 1 
				7
				-0.936117 -0.0871575 -0.340718 -4.24173 -0.0819009 0.996194 -0.0298107 -0.371209 0.34202 -1.17715e-06 -0.939693 -81.1238 0 0 0 1 
				8
				-0.93154 -0.131437 -0.339052 -4.22099 -0.12351 0.991324 -0.0449553 -0.554061 0.34202 -1.26616e-06 -0.939692 -80.8413 0 0 0 1 
				9
				-0.923225 -0.186392 -0.336026 -4.18332 -0.17515 0.982475 -0.0637508 -0.785392 0.34202 -1.22279e-06 -0.939693 -80.5678 0 0 0 1 
				10
				-0.910088 -0.249032 -0.331245 -4.12379 -0.234013 0.968495 -0.085175 -1.05177 0.34202 -1.30028e-06 -0.939693 -80.301 0 0 0 1 
				11
				-0.891457 -0.316272 -0.324464 -4.03937 -0.297198 0.948669 -0.108172 -1.33935 0.34202 -1.14821e-06 -0.939692 -80.039 0 0 0 1 
				12
				-0.867217 -0.385106 -0.315641 -3.92953 -0.361881 0.922872 -0.131715 -1.63464 0.34202 -1.22947e-06 -0.939692 -79.7798 0 0 0 1 
				13
				-0.83791 -0.452655 -0.304974 -3.79673 -0.425356 0.891686 -0.154818 -1.9247 0.342021 -1.28792e-06 -0.939692 -79.5212 0 0 0 1 
				14
				-0.804794 -0.51624 -0.292921 -3.64668 -0.485107 0.856444 -0.176566 -2.19742 0.342021 -1.5067e-06 -0.939692 -79.2613 0 0 0 1 
				15
				-0.76975 -0.573578 -0.280166 -3.48788 -0.538986 0.819151 -0.196176 -2.44237 0.342021 -1.33298e-06 -0.939692 -78.9979 0 0 0 1 
		</Joint>
			12
				-1
				-0.513063 -0.66133 -0.547182 -14.064 -0.0983762 0.678586 -0.727903 -0.118889 0.852695 -0.319631 -0.413217 -80.0297 0 0 0 1 
				0
				-0.491419 -0.642362 -0.588113 -14.0635 -0.0985999 0.711969 -0.695254 -0.214989 0.865323 -0.283673 -0.413212 -79.7179 0 0 0 1 
				1
				-0.472741 -0.616198 -0.629934 -14.063 -0.0974677 0.747035 -0.6576 -0.249414 0.875795 -0.249476 -0.413213 -79.4028 0 0 0 1 
				2
				-0.455918 -0.585408 -0.6704 -14.0627 -0.0972262 0.781491 -0.616294 -0.259404 0.884695 -0.215799 -0.413213 -79.0862 0 0 0 1 
				3
				-0.440005 -0.552835 -0.70765 -14.0621 -0.100122 0.813322 -0.573135 -0.282196 0.892396 -0.181331 -0.413216 -78.7703 0 0 0 1 
				4
				-0.424228 -0.521491 -0.740323 -14.0604 -0.108328 0.840889 -0.530255 -0.353844 0.899052 -0.144751 -0.413221 -78.4572 0 0 0 1 
				5
				-0.407843 -0.494552 -0.767517 -14.0555 -0.123987 0.862817 -0.490075 -0.51037 0.904595 -0.104712 -0.413212 -78.1489 0 0 0 1 
				6
				-0.389928 -0.475327 -0.788682 -14.0424 -0.149227 0.877773 -0.455242 -0.788845 0.908673 -0.0598191 -0.4132 -77.8473 0 0 0 1 
				7
				-0.369108 -0.466992 -0.803541 -14.0105 -0.185965 0.884219 -0.428455 -1.22588 0.910591 -0.00871553 -0.413216 -77.5547 0 0 0 1 
				8
				-0.343577 -0.47128 -0.812311 -13.942 -0.23485 0.8806 -0.411567 -1.84294 0.909285 0.0493662 -0.413234 -77.2722 0 0 0 1 
				9
				-0.312399 -0.485855 -0.816304 -13.8176 -0.293254 0.866665 -0.403601 -2.61316 0.903553 0.1133 -0.413225 -76.9987 0 0 0 1 
				10
				-0.275245 -0.507002 -0.816816 -13.6209 -0.357538 0.842675 -0.402573 -3.49379 0.892416 0.181236 -0.413215 -76.7319 0 0 0 1 
				11
				-0.232323 -0.530964 -0.814925 -13.3421 -0.424129 0.809299 -0.406386 -4.44073 0.875294 0.25122 -0.413216 -76.4699 0 0 0 1 
				12
				-0.184546 -0.55428 -0.811614 -12.9793 -0.489873 0.767783 -0.412958 -5.41101 0.852037 0.321378 -0.413217 -76.2106 0 0 0 1 
				13
				-0.13373 -0.573978 -0.807877 -12.5407 -0.552154 0.7201 -0.420215 -6.36347 0.822947 0.389877 -0.413224 -75.9521 0 0 0 1 
				14
				-0.0825993 -0.587768 -0.804802 -12.045 -0.609041 0.668981 -0.426067 -7.25971 0.788826 0.454964 -0.413232 -75.6922 0 0 0 1 
				15
				-0.0344998 -0.594249 -0.803541 -11.5205 -0.659501 0.617644 -0.428455 -8.06692 0.750911 0.515154 -0.413216 -75.4288 0 0 0 1 
		</Joint>
			13
				-1
				-0.0196519 -0.836783 -0.547182 -23.1655 -0.482371 0.487314 -0.727903 -1.86404 0.875746 0.24964 -0.413217 -64.9033 0 0 0 1 
				0
				0.0315461 -0.808163 -0.588113 -22.7811 -0.53024 0.48525 -0.695254 -1.9641 0.84726 0.333774 -0.413212 -64.3675 0 0 0 1 
				1
				0.0737433 -0.77314 -0.629934 -22.4492 -0.580287 0.480447 -0.6576 -1.97844 0.811066 0.414036 -0.413213 -63.8666 0 0 0 1 
				2
				0.107912 -0.73411 -0.6704 -22.1505 -0.631951 0.469913 -0.616294 -1.98415 0.767458 0.490166 -0.413213 -63.3921 0 0 0 1 
				3
				0.135637 -0.693422 -0.70765 -21.8676 -0.684141 0.451073 -0.573135 -2.05831 0.716626 0.561871 -0.413216 -62.9397 0 0 0 1 
				4
				0.159079 -0.653158 -0.740323 -21.586 -0.735407 0.421907 -0.530255 -2.27553 0.658688 0.628791 -0.413221 -62.5085 0 0 0 1 
				5
				0.180998 -0.614945 -0.767517 -21.2904 -0.784058 0.380893 -0.490075 -2.70983 0.593711 0.69048 -0.413212 -62.1018 0 0 0 1 
				6
				0.204717 -0.579716 -0.788682 -20.9595 -0.828194 0.326877 -0.455242 -3.43606 0.521713 0.746378 -0.4132 -61.7279 0 0 0 1 
				7
				0.233887 -0.547374 -0.803541 -20.5583 -0.865617 0.259101 -0.428455 -4.52481 0.442724 0.795769 -0.413216 -61.4012 0 0 0 1 
				8
				0.271287 -0.516288 -0.812311 -20.0369 -0.893855 0.177864 -0.411567 -6.00907 0.356969 0.837741 -0.413234 -61.1419 0 0 0 1 
				9
				0.316046 -0.48349 -0.816304 -19.3594 -0.910884 0.0859981 -0.403601 -7.81535 0.265338 0.871115 -0.413225 -60.9701 0 0 0 1 
				10
				0.365545 -0.446305 -0.816816 -18.5036 -0.915297 -0.0128937 -0.402573 -9.83634 0.169138 0.894788 -0.413215 -60.9009 0 0 0 1 
				11
				0.41657 -0.402947 -0.814925 -17.4634 -0.906413 -0.115178 -0.406386 -11.9646 0.0698901 0.907947 -0.413216 -60.9426 0 0 0 1 
				12
				0.465692 -0.352724 -0.811614 -16.253 -0.88441 -0.217451 -0.412958 -14.1011 -0.0308259 0.91011 -0.413217 -61.0959 0 0 0 1 
				13
				0.509507 -0.296204 -0.807877 -14.913 -0.850382 -0.316653 -0.420215 -16.1584 -0.131347 0.901107 -0.413224 -61.3534 0 0 0 1 
				14
				0.544944 -0.235224 -0.804802 -13.5103 -0.806324 -0.410254 -0.426067 -18.0638 -0.229952 0.881114 -0.413232 -61.6988 0 0 0 1 
				15
				0.569653 -0.172677 -0.803541 -12.1326 -0.75489 -0.496554 -0.428456 -19.7661 -0.325017 0.850656 -0.413216 -62.108 0 0 0 1 
		</Joint>
			14
				-1
				-0.0196519 0.546516 -0.837218 -23.5178 -0.482371 0.728291 0.486734 -10.5129 0.875746 0.413415 0.249311 -49.2013 0 0 0 1 
				0
				0.031546 0.58747 -0.808631 -22.2155 -0.53024 0.69564 0.484696 -11.4712 0.84726 0.413478 0.333445 -49.1763 0 0 0 1 
				1
				0.0737433 0.629318 -0.773641 -21.127 -0.580287 0.657983 0.479923 -12.3829 0.811067 0.413543 0.413707 -49.3243 0 0 0 1 
				2
				0.107912 0.669815 -0.734644 -20.2156 -0.631951 0.616668 0.469423 -13.3149 0.767458 0.413603 0.489837 -49.6318 0 0 0 1 
				3
				0.135637 0.707098 -0.693985 -19.4357 -0.684141 0.573493 0.450616 -14.3248 0.716626 0.413664 0.561542 -50.0907 0 0 0 1 
				4
				0.159079 0.739802 -0.653748 -18.7338 -0.735407 0.530591 0.421485 -15.4612 0.658688 0.413721 0.628461 -50.6984 0 0 0 1 
				5
				0.180998 0.767027 -0.615556 -18.0452 -0.784058 0.490378 0.380502 -16.7678 0.593711 0.413761 0.690151 -51.4567 0 0 0 1 
				6
				0.204718 0.78822 -0.580344 -17.289 -0.828194 0.455503 0.326514 -18.2854 0.521713 0.413794 0.746049 -52.3737 0 0 0 1 
				7
				0.233887 0.803105 -0.548014 -16.3647 -0.865617 0.428662 0.258759 -20.0451 0.442724 0.41385 0.795439 -53.4633 0 0 0 1 
				8
				0.271287 0.811899 -0.516935 -15.1728 -0.893854 0.411709 0.177536 -22.0357 0.356969 0.413901 0.837411 -54.7416 0 0 0 1 
				9
				0.316046 0.815918 -0.48414 -13.6927 -0.910884 0.403669 0.0856767 -24.1473 0.265338 0.413918 0.870786 -56.2126 0 0 0 1 
				10
				0.365545 0.81646 -0.446955 -11.9495 -0.915297 0.402562 -0.0132142 -26.2474 0.169138 0.413927 0.894459 -57.8683 0 0 0 1 
				11
				0.41657 0.814604 -0.403595 -9.99437 -0.906413 0.406294 -0.115502 -28.2164 0.0698901 0.413939 0.907618 -59.6895 0 0 0 1 
				12
				0.465692 0.811333 -0.35337 -7.90327 -0.88441 0.412785 -0.21778 -29.9584 -0.0308259 0.413942 0.909781 -61.6486 0 0 0 1 
				13
				0.509507 0.807641 -0.296847 -5.77762 -0.850382 0.419963 -0.316987 -31.4056 -0.131347 0.413941 0.900778 -63.7084 0 0 0 1 
				14
				0.544944 0.804614 -0.235865 -3.73957 -0.806324 0.425741 -0.410593 -32.521 -0.229952 0.413934 0.880784 -65.8218 0 0 0 1 
				15
				0.569653 0.803403 -0.173317 -1.9188 -0.75489 0.42806 -0.496895 -33.3012 -0.325017 0.413893 0.850327 -67.9355 0 0 0 1 
		</Joint>
			15
				-1
				0.0567174 -0.0466251 0.997301 10.816 -0.0277336 -0.998597 -0.0451085 -0.118789 0.998005 -0.0251003 -0.0579309 -33.4863 0 0 0 1 
				0
				0.069087 -0.103835 0.992192 10.7981 -0.102259 -0.990067 -0.0964918 -0.724746 0.992356 -0.094794 -0.0790187 -33.1745 0 0 0 1 
				1
				0.0722327 -0.165269 0.9836 10.7391 -0.182203 -0.971767 -0.1499 -1.37369 0.980604 -0.168387 -0.100306 -32.8593 0 0 0 1 
				2
				0.0651491 -0.226854 0.971747 10.6357 -0.263327 -0.943206 -0.202536 -2.03539 0.962504 -0.242692 -0.121186 -32.5428 0 0 0 1 
				3
				0.0485386 -0.284639 0.957405 10.4918 -0.341381 -0.905538 -0.251912 -2.68003 0.938671 -0.314612 -0.141124 -32.2269 0 0 0 1 
				4
				0.0246829 -0.335412 0.941748 10.3179 -0.412729 -0.861422 -0.295986 -3.28014 0.910519 -0.381381 -0.159697 -31.9138 0 0 0 1 
				5
				-0.00287441 -0.37697 0.926221 10.1305 -0.47466 -0.814719 -0.333062 -3.81055 0.880164 -0.440598 -0.176591 -31.6055 0 0 0 1 
				6
				-0.0296895 -0.408203 0.912408 9.95081 -0.525483 -0.770118 -0.361643 -4.24787 0.850286 -0.490192 -0.191639 -31.3039 0 0 0 1 
				7
				-0.0510136 -0.429023 0.901852 9.80261 -0.564475 -0.732563 -0.38042 -4.57102 0.823872 -0.528479 -0.204802 -31.0113 0 0 0 1 
				8
				-0.063149 -0.4404 0.895578 9.70495 -0.592128 -0.705823 -0.388841 -4.76918 0.803365 -0.554852 -0.216201 -30.7288 0 0 0 1 
				9
				-0.0659854 -0.444812 0.89319 9.65778 -0.610986 -0.689695 -0.388608 -4.86121 0.788887 -0.571369 -0.226264 -30.4553 0 0 0 1 
				10
				-0.0611273 -0.44445 0.893715 9.65165 -0.623526 -0.682179 -0.381899 -4.87301 0.779409 -0.580599 -0.235426 -30.1885 0 0 0 1 
				11
				-0.0506956 -0.44093 0.896108 9.67433 -0.631711 -0.680808 -0.37073 -4.82918 0.773544 -0.584876 -0.244027 -29.9265 0 0 0 1 
				12
				-0.0369863 -0.435581 0.899389 9.71307 -0.637249 -0.682991 -0.356984 -4.7531 0.76977 -0.586338 -0.252312 -29.6672 0 0 0 1 
				13
				-0.0223557 -0.429732 0.902679 9.75535 -0.641872 -0.686068 -0.342508 -4.66824 0.766486 -0.587062 -0.260496 -29.4087 0 0 0 1 
				14
				-0.00923521 -0.424867 0.905209 9.78903 -0.647503 -0.687293 -0.329192 -4.59923 0.762006 -0.589166 -0.268756 -29.1488 0 0 0 1 
				15
				-6.56878e-05 -0.422553 0.906338 9.80261 -0.656175 -0.683912 -0.318901 -4.57101 0.754609 -0.594737 -0.277224 -28.8854 0 0 0 1 
		</Joint>
			16
				-1
				0.0591082 -0.0435544 0.997301 11.9435 0.0252174 -0.998664 -0.0451085 -0.670127 0.997933 0.0278156 -0.0579309 -13.6461 0 0 0 1 
				0
				0.0955235 -0.0801864 0.992192 12.1715 0.180591 -0.978814 -0.0964917 -2.75763 0.978908 0.188398 -0.0790188 -13.4467 0 0 0 1 
				1
				0.147331 -0.104043 0.9836 12.1751 0.346946 -0.925828 -0.1499 -4.99584 0.926241 0.363341 -0.100306 -13.3651 0 0 0 1 
				2
				0.20953 -0.108647 0.971747 11.9309 0.503921 -0.839668 -0.202536 -7.27028 0.83795 0.532121 -0.121186 -13.4084 0 0 0 1 
				3
				0.273571 -0.0923816 0.957405 11.4568 0.634996 -0.730288 -0.251912 -9.4666 0.722453 0.676864 -0.141124 -13.5664 0 0 0 1 
				4
				0.330982 -0.0596767 0.941748 10.8086 0.7314 -0.614366 -0.295986 -11.4851 0.596242 0.786761 -0.159697 -13.8129 0 0 0 1 
				5
				0.376456 -0.0198868 0.926221 10.0734 0.792464 -0.510951 -0.333062 -13.2467 0.479877 0.85938 -0.176591 -14.108 0 0 0 1 
				6
				0.409 0.0151825 0.912408 9.36059 0.823022 -0.438005 -0.361643 -14.6944 0.394148 0.898844 -0.191639 -14.4004 0 0 0 1 
				7
				0.430711 0.0339196 0.901852 8.78847 0.828854 -0.410222 -0.38042 -15.7927 0.357056 0.911355 -0.204802 -14.6329 0 0 0 1 
				8
				0.443986 0.0285689 0.895578 8.44956 0.812312 -0.434686 -0.388841 -16.5406 0.378186 0.900129 -0.216201 -14.7581 0 0 0 1 
				9
				0.449679 0.000681693 0.89319 8.34601 0.772647 -0.501996 -0.388608 -17.0075 0.448113 0.864869 -0.226264 -14.7724 0 0 0 1 
				10
				0.446498 -0.0437226 0.893716 8.43646 0.70601 -0.596408 -0.381899 -17.2686 0.549717 0.80149 -0.235427 -14.694 0 0 0 1 
				11
				0.433025 -0.0973603 0.896108 8.66651 0.609669 -0.700616 -0.37073 -17.3875 0.663922 0.706865 -0.244027 -14.5486 0 0 0 1 
				12
				0.409451 -0.15313 0.899389 8.97779 0.485743 -0.797882 -0.356984 -17.4215 0.772272 0.583039 -0.252312 -14.3644 0 0 0 1 
				13
				0.378239 -0.205194 0.902679 9.31093 0.342874 -0.874715 -0.342508 -17.4285 0.859868 0.439055 -0.260495 -14.1711 0 0 0 1 
				14
				0.343792 -0.249809 0.905209 9.60544 0.195508 -0.923801 -0.329192 -17.4715 0.918468 0.290149 -0.268756 -14.0002 0 0 0 1 
				15
				0.311419 -0.285603 0.906338 9.80131 0.0606779 -0.945843 -0.318901 -17.6156 0.948333 0.154307 -0.277224 -13.884 0 0 0 1 
		</Joint>
			17
				-1
				-1.7664e-06 1.29777e-06 1 12.4454 1.499e-06 -1 1.29778e-06 -0.456021 1 1.49901e-06 1.76639e-06 -5.17327 0 0 0 1 
				0
