<?xml version='1.0' encoding='UTF-8' ?>
<itpanim>
	<skeleton count>
		25
			0 -1
			1.37091e-06 -1 -6.12323e-17 1.5e-05 1 1.37091e-06 -6.12323e-17 -2.05656e-11 6.12323e-17 -6.12323e-17 1 32.529 0 0 0 1 
			1 0
			1.3868e-06 -2.28084e-12 -1 -32.529 2.75771e-06 -1 6.10517e-12 1.50001e-05 -1 -2.75771e-06 -1.3868e-06 -4.51111e-05 0 0 0 1 
			2 1
			1.40269e-06 -0.000796318 -1 -37.7063 0 -1 0.000796318 0.0446412 -1 -1.11699e-09 -1.40269e-06 -1.23796e-07 0 0 0 1 
			3 2
			1.40269e-06 -0.000796318 -1 -56.0438 0 -1 0.000796318 0.069676 -1 -1.11699e-09 -1.40269e-06 -1.93233e-07 0 0 0 1 
			4 3
			1.40269e-06 -0.000796318 -1 -87.4836 0 -1 0.000796318 0.0723646 -1 -1.11699e-09 -1.40269e-06 -2.0069e-07 0 0 0 1 
			5 4
			1.34309e-06 9.80604e-13 -1 -90.8602 -1.40269e-06 -1 -2.8646e-12 1.10282e-05 -1 1.40269e-06 -1.34309e-06 -0.000122033 0 0 0 1 
			6 5
			1 -0 0 0 0 1 0 0 -0 -0 1 -0 0 0 0 1 
			7 4
			0.939693 1.30318e-06 0.34202 24.2639 -1.38586e-06 1 -2.63612e-09 -9.54182e-06 -0.34202 -4.71514e-07 0.939693 79.1139 0 0 0 1 
			8 7
			0.64989 0.118088 0.750799 50.2273 -0.0275106 0.990863 -0.132032 -10.0532 -0.759531 0.0651516 0.647201 61.8577 0 0 0 1 
			9 8
			0.642057 -0.0844318 0.761994 33.8486 0.104289 0.994297 0.0222974 -3.28582 -0.75953 0.0651516 0.647201 61.8577 0 0 0 1 
			10 9
			0.642057 -0.0844318 0.761994 15.9188 -0.759447 0.0659433 0.647218 61.8551 -0.104894 -0.994245 -0.0217821 3.33507 0 0 0 1 
			11 4
			-0.939693 -1.27328e-06 0.34202 24.2639 -1.35596e-06 1 -2.63613e-09 -9.54182e-06 -0.34202 -4.66242e-07 -0.939693 -79.1139 0 0 0 1 
			12 11
			-0.64989 0.118086 0.750799 50.2273 0.0275079 0.990864 -0.132032 -10.0532 -0.75953 -0.0651537 -0.647201 -61.8577 0 0 0 1 
			13 12
			-0.642057 -0.0844335 0.761994 33.8486 -0.104292 0.994297 0.0222974 -3.28582 -0.75953 -0.0651537 -0.647201 -61.8577 0 0 0 1 
			14 13
			-0.642057 -0.0844335 0.761993 15.9188 0.759447 0.0659454 0.647218 61.8551 -0.104897 0.994244 0.0217821 -3.33507 0 0 0 1 
			15 2
			0.0553766 -0.0626591 0.996498 31.8161 -0.0485968 -0.997015 -0.0599911 -1.4258 0.997282 -0.0451045 -0.0582563 -12.6816 0 0 0 1 
			16 15
			0.0622516 0.0929321 0.993725 12.0129 -0.0394075 -0.99465 0.0954874 0.44514 0.997282 -0.0451045 -0.0582563 -12.6816 0 0 0 1 
			17 16
			1.3716e-06 -6.00745e-14 1 4.28168 0 -1 -6.00745e-14 -0.456609 1 8.23984e-20 -1.3716e-06 -12.4454 0 0 0 1 
			18 17
			1.3716e-06 -1 -6.12323e-17 -7.24071 0 6.12323e-17 -1 0.317726 1 1.3716e-06 8.39865e-23 -12.4454 0 0 0 1 
			19 18
			1 -0 0 0 0 1 0 0 -0 -0 1 -0 0 0 0 1 
			20 2
			-0.0553766 -0.0626593 0.996498 31.8161 0.0485995 -0.997015 -0.0599911 -1.4258 0.997282 0.0451072 0.0582565 12.6816 0 0 0 1 
			21 20
			-0.062252 0.0929319 0.993724 12.0129 0.0394102 -0.99465 0.0954874 0.44514 0.997282 0.0451072 0.0582565 12.6816 0 0 0 1 
			22 21
			1.3716e-06 -6.00745e-14 1 4.28169 0 -1 -6.00745e-14 -0.456609 1 8.23984e-20 -1.3716e-06 12.4454 0 0 0 1 
			23 22
			1.3716e-06 -1 -6.12323e-17 -7.24071 0 6.12323e-17 -1 0.317726 1 1.3716e-06 8.39865e-23 12.4454 0 0 0 1 
			24 23
			1 -0 0 0 0 1 0 0 -0 -0 1 -0 0 0 0 1 
	</skeleton>
		<animations>
			33
			0
				-1
				1.33158e-06 1 0 -5.19361e-09 -1 1.33158e-06 0 -0.118801 -0 -0 1 -32.9693 0 0 0 1 
				0
				1.33158e-06 1 0 4.24158e-09 -1 1.33158e-06 0 0.0970505 -0 -0 1 -32.8786 0 0 0 1 
				1
				1.33158e-06 1 0 1.45855e-08 -1 1.33158e-06 0 0.333692 -0 -0 1 -32.7791 0 0 0 1 
				2
				1.5979e-06 1 0 2.56259e-08 -1 1.5979e-06 0 0.586266 -0 -0 1 -32.673 0 0 0 1 
				3
				1.33158e-06 1 0 3.71504e-08 -1 1.33158e-06 0 0.849917 -0 -0 1 -32.5622 0 0 0 1 
				4
				1.33158e-06 1 0 4.89535e-08 -1 1.33158e-06 0 1.11994 -0 -0 1 -32.4487 0 0 0 1 
				5
				1.46474e-06 1 0 6.08296e-08 -1 1.46474e-06 0 1.39163 -0 -0 1 -32.3345 0 0 0 1 
				6
				1.33158e-06 1 0 7.25664e-08 -1 1.33158e-06 0 1.66014 -0 -0 1 -32.2217 0 0 0 1 
				7
				1.33158e-06 1 0 8.39517e-08 -1 1.33158e-06 0 1.9206 -0 -0 1 -32.1122 0 0 0 1 
				8
				1.33158e-06 1 0 9.47797e-08 -1 1.33158e-06 0 2.16832 -0 -0 1 -32.0081 0 0 0 1 
				9
				1.33158e-06 1 0 1.04845e-07 -1 1.33158e-06 0 2.39859 -0 -0 1 -31.9114 0 0 0 1 
				10
				1.33158e-06 1 0 1.13935e-07 -1 1.33158e-06 0 2.60655 -0 -0 1 -31.824 0 0 0 1 
				11
				1.33158e-06 1 0 1.21838e-07 -1 1.33158e-06 0 2.78735 -0 -0 1 -31.748 0 0 0 1 
				12
				1.33158e-06 1 0 1.28349e-07 -1 1.33158e-06 0 2.93629 -0 -0 1 -31.6854 0 0 0 1 
				13
				1.33158e-06 1 0 1.3326e-07 -1 1.33158e-06 0 3.04865 -0 -0 1 -31.6382 0 0 0 1 
				14
				1.5979e-06 1 0 1.36361e-07 -1 1.5979e-06 0 3.11959 -0 -0 1 -31.6084 0 0 0 1 
				15
				1.33158e-06 1 0 1.37439e-07 -1 1.33158e-06 0 3.14425 -0 -0 1 -31.598 0 0 0 1 
				16
				1.33158e-06 1 0 1.36247e-07 -1 1.33158e-06 0 3.11698 -0 -0 1 -31.6095 0 0 0 1 
				17
				1.33158e-06 1 0 1.32825e-07 -1 1.33158e-06 0 3.0387 -0 -0 1 -31.6424 0 0 0 1 
				18
				1.5979e-06 1 0 1.27421e-07 -1 1.5979e-06 0 2.91507 -0 -0 1 -31.6943 0 0 0 1 
				19
				1.33158e-06 1 0 1.20283e-07 -1 1.33158e-06 0 2.75177 -0 -0 1 -31.7629 0 0 0 1 
				20
				1.33158e-06 1 0 1.1165e-07 -1 1.33158e-06 0 2.55427 -0 -0 1 -31.8459 0 0 0 1 
				21
				1.33158e-06 1 0 1.01763e-07 -1 1.33158e-06 0 2.32807 -0 -0 1 -31.941 0 0 0 1 
				22
				1.33158e-06 1 0 9.08676e-08 -1 1.33158e-06 0 2.07882 -0 -0 1 -32.0457 0 0 0 1 
				23
				1.33158e-06 1 0 7.9213e-08 -1 1.33158e-06 0 1.8122 -0 -0 1 -32.1578 0 0 0 1 
				24
				1.33158e-06 1 0 6.70386e-08 -1 1.33158e-06 0 1.53368 -0 -0 1 -32.2748 0 0 0 1 
				25
				1.33158e-06 1 0 5.4584e-08 -1 1.33158e-06 0 1.24875 -0 -0 1 -32.3946 0 0 0 1 
				26
				1.33158e-06 1 0 4.2097e-08 -1 1.33158e-06 0 0.963081 -0 -0 1 -32.5146 0 0 0 1 
				27
				1.33158e-06 1 0 2.9825e-08 -1 1.33158e-06 0 0.682332 -0 -0 1 -32.6326 0 0 0 1 
				28
				1.33158e-06 1 0 1.8008e-08 -1 1.33158e-06 0 0.41199 -0 -0 1 -32.7462 0 0 0 1 
				29
				1.33158e-06 1 0 6.88565e-09 -1 1.33158e-06 0 0.15754 -0 -0 1 -32.8532 0 0 0 1 
				30
				1.33158e-06 1 0 -3.79304e-09 -1 1.33158e-06 0 -0.0867601 -0 -0 1 -32.9558 0 0 0 1 
				31
				1.33158e-06 1 0 -5.19361e-09 -1 1.33158e-06 0 -0.118801 -0 -0 1 -32.9693 0 0 0 1 
		</Joint>
			1
				-1
				1.33158e-06 2.66316e-06 -1 -5.19361e-09 0 -1 -2.66316e-06 -0.118801 -1 3.54621e-12 -1.33158e-06 -32.9693 0 0 0 1 
				0
				1.33158e-06 2.66316e-06 -1 4.24158e-09 0 -1 -2.66316e-06 0.0970505 -1 3.54621e-12 -1.33158e-06 -32.8786 0 0 0 1 
				1
				1.33158e-06 2.66316e-06 -1 1.45855e-08 0 -1 -2.66316e-06 0.333692 -1 3.54621e-12 -1.33158e-06 -32.7791 0 0 0 1 
				2
				1.33158e-06 2.92948e-06 -1 2.56259e-08 0 -1 -2.92948e-06 0.586266 -1 3.90083e-12 -1.33158e-06 -32.673 0 0 0 1 
				3
				1.33158e-06 2.66316e-06 -1 3.71504e-08 0 -1 -2.66316e-06 0.849917 -1 3.54621e-12 -1.33158e-06 -32.5622 0 0 0 1 
				4
				1.33158e-06 2.66316e-06 -1 4.89535e-08 0 -1 -2.66316e-06 1.11994 -1 3.54621e-12 -1.33158e-06 -32.4487 0 0 0 1 
				5
				1.33158e-06 2.79632e-06 -1 6.08296e-08 0 -1 -2.79632e-06 1.39163 -1 3.72352e-12 -1.33158e-06 -32.3345 0 0 0 1 
				6
				1.33158e-06 2.66316e-06 -1 7.25664e-08 0 -1 -2.66316e-06 1.66014 -1 3.54621e-12 -1.33158e-06 -32.2217 0 0 0 1 
				7
				1.33158e-06 2.66316e-06 -1 8.39517e-08 0 -1 -2.66316e-06 1.9206 -1 3.54621e-12 -1.33158e-06 -32.1122 0 0 0 1 
				8
				1.33158e-06 2.66316e-06 -1 9.47797e-08 0 -1 -2.66316e-06 2.16832 -1 3.54621e-12 -1.33158e-06 -32.0081 0 0 0 1 
				9
				1.33158e-06 2.66316e-06 -1 1.04845e-07 0 -1 -2.66316e-06 2.39859 -1 3.54621e-12 -1.33158e-06 -31.9114 0 0 0 1 
				10
				1.33158e-06 2.66316e-06 -1 1.13935e-07 0 -1 -2.66316e-06 2.60655 -1 3.54621e-12 -1.33158e-06 -31.824 0 0 0 1 
				11
				1.33158e-06 2.66316e-06 -1 1.21838e-07 0 -1 -2.66316e-06 2.78735 -1 3.54621e-12 -1.33158e-06 -31.748 0 0 0 1 
				12
				1.33158e-06 2.66316e-06 -1 1.28349e-07 0 -1 -2.66316e-06 2.93629 -1 3.54621e-12 -1.33158e-06 -31.6854 0 0 0 1 
				13
				1.33158e-06 2.66316e-06 -1 1.3326e-07 0 -1 -2.66316e-06 3.04865 -1 3.54621e-12 -1.33158e-06 -31.6382 0 0 0 1 
				14
				1.33158e-06 2.92948e-06 -1 1.36361e-07 0 -1 -2.92948e-06 3.11959 -1 3.90083e-12 -1.33158e-06 -31.6084 0 0 0 1 
				15
				1.33158e-06 2.66316e-06 -1 1.37439e-07 0 -1 -2.66316e-06 3.14425 -1 3.54621e-12 -1.33158e-06 -31.598 0 0 0 1 
				16
				1.33158e-06 2.66316e-06 -1 1.36247e-07 0 -1 -2.66316e-06 3.11698 -1 3.54621e-12 -1.33158e-06 -31.6095 0 0 0 1 
				17
				1.33158e-06 2.66316e-06 -1 1.32825e-07 0 -1 -2.66316e-06 3.0387 -1 3.54621e-12 -1.33158e-06 -31.6424 0 0 0 1 
				18
				1.33158e-06 2.92948e-06 -1 1.27421e-07 0 -1 -2.92948e-06 2.91507 -1 3.90083e-12 -1.33158e-06 -31.6943 0 0 0 1 
				19
				1.33158e-06 2.66316e-06 -1 1.20283e-07 0 -1 -2.66316e-06 2.75177 -1 3.54621e-12 -1.33158e-06 -31.7629 0 0 0 1 
				20
				1.33158e-06 2.66316e-06 -1 1.1165e-07 0 -1 -2.66316e-06 2.55427 -1 3.54621e-12 -1.33158e-06 -31.8459 0 0 0 1 
				21
				1.33158e-06 2.66316e-06 -1 1.01763e-07 0 -1 -2.66316e-06 2.32807 -1 3.54621e-12 -1.33158e-06 -31.941 0 0 0 1 
				22
				1.33158e-06 2.66316e-06 -1 9.08676e-08 0 -1 -2.66316e-06 2.07882 -1 3.54621e-12 -1.33158e-06 -32.0457 0 0 0 1 
				23
				1.33158e-06 2.66316e-06 -1 7.9213e-08 0 -1 -2.66316e-06 1.8122 -1 3.54621e-12 -1.33158e-06 -32.1578 0 0 0 1 
				24
				1.33158e-06 2.66316e-06 -1 6.70386e-08 0 -1 -2.66316e-06 1.53368 -1 3.54621e-12 -1.33158e-06 -32.2748 0 0 0 1 
				25
				1.33158e-06 2.66316e-06 -1 5.4584e-08 0 -1 -2.66316e-06 1.24875 -1 3.54621e-12 -1.33158e-06 -32.3946 0 0 0 1 
				26
				1.33158e-06 2.66316e-06 -1 4.2097e-08 0 -1 -2.66316e-06 0.963081 -1 3.54621e-12 -1.33158e-06 -32.5146 0 0 0 1 
				27
				1.33158e-06 2.66316e-06 -1 2.9825e-08 0 -1 -2.66316e-06 0.682332 -1 3.54621e-12 -1.33158e-06 -32.6326 0 0 0 1 
				28
				1.33158e-06 2.66316e-06 -1 1.8008e-08 0 -1 -2.66316e-06 0.41199 -1 3.54621e-12 -1.33158e-06 -32.7462 0 0 0 1 
				29
				1.33158e-06 2.66316e-06 -1 6.88565e-09 0 -1 -2.66316e-06 0.15754 -1 3.54621e-12 -1.33158e-06 -32.8532 0 0 0 1 
				30
				1.33158e-06 2.66316e-06 -1 -3.79304e-09 0 -1 -2.66316e-06 -0.0867601 -1 3.54621e-12 -1.33158e-06 -32.9558 0 0 0 1 
				31
				1.33158e-06 2.66316e-06 -1 -5.19361e-09 0 -1 -2.66316e-06 -0.118801 -1 3.54621e-12 -1.33158e-06 -32.9693 0 0 0 1 
		</Joint>
			2
				-1
				1.38782e-06 -1.49834e-06 -1 7.15614e-06 -0.000797649 -1 1.49724e-06 -0.104208 -1 0.000797649 -1.38901e-06 -38.1467 0 0 0 1 
				0
				1.38782e-06 -1.49834e-06 -1 7.16558e-06 -0.000797649 -0.999999 1.49724e-06 0.111644 -1 0.000797649 -1.38901e-06 -38.056 0 0 0 1 
				1
				1.38782e-06 -1.49834e-06 -1 7.17592e-06 -0.000797649 -1 1.49724e-06 0.348285 -1 0.000797649 -1.38901e-06 -37.9565 0 0 0 1 
				2
				1.38803e-06 -1.23203e-06 -1 7.18308e-06 -0.000797649 -0.999999 1.23092e-06 0.600859 -1 0.000797649 -1.38901e-06 -37.8504 0 0 0 1 
				3
				1.38782e-06 -1.49834e-06 -1 7.19849e-06 -0.000797649 -1 1.49724e-06 0.86451 -1 0.000797649 -1.38901e-06 -37.7396 0 0 0 1 
				4
				1.38782e-06 -1.49834e-06 -1 7.21029e-06 -0.000797649 -1 1.49724e-06 1.13453 -1 0.000797649 -1.38901e-06 -37.6261 0 0 0 1 
				5
				1.38792e-06 -1.36519e-06 -1 7.22022e-06 -0.000797649 -1 1.36408e-06 1.40623 -1 0.000797649 -1.38901e-06 -37.5119 0 0 0 1 
				6
				1.38782e-06 -1.49834e-06 -1 7.2339e-06 -0.000797649 -1 1.49724e-06 1.67473 -1 0.000797649 -1.38901e-06 -37.3991 0 0 0 1 
				7
				1.38782e-06 -1.49834e-06 -1 7.24529e-06 -0.000797649 -1 1.49724e-06 1.9352 -1 0.000797649 -1.38901e-06 -37.2896 0 0 0 1 
				8
				1.38782e-06 -1.49834e-06 -1 7.25611e-06 -0.000797649 -1 1.49724e-06 2.18292 -1 0.000797649 -1.38901e-06 -37.1855 0 0 0 1 
				9
				1.38782e-06 -1.49834e-06 -1 7.26618e-06 -0.000797649 -0.999999 1.49724e-06 2.41318 -1 0.000797649 -1.38901e-06 -37.0887 0 0 0 1 
				10
				1.38782e-06 -1.49834e-06 -1 7.27527e-06 -0.000797649 -1 1.49724e-06 2.62115 -1 0.000797649 -1.38901e-06 -37.0013 0 0 0 1 
				11
				1.38782e-06 -1.49834e-06 -1 7.28318e-06 -0.000797649 -1 1.49724e-06 2.80195 -1 0.000797649 -1.38901e-06 -36.9253 0 0 0 1 
				12
				1.38782e-06 -1.49834e-06 -1 7.28969e-06 -0.000797649 -1 1.49724e-06 2.95088 -1 0.000797649 -1.38901e-06 -36.8628 0 0 0 1 
				13
				1.38782e-06 -1.49834e-06 -1 7.2946e-06 -0.000797649 -1 1.49724e-06 3.06324 -1 0.000797649 -1.38901e-06 -36.8155 0 0 0 1 
				14
				1.38803e-06 -1.23203e-06 -1 7.29382e-06 -0.000797649 -0.999999 1.23092e-06 3.13418 -1 0.000797649 -1.38901e-06 -36.7857 0 0 0 1 
				15
				1.38782e-06 -1.49834e-06 -1 7.29878e-06 -0.000797649 -1 1.49724e-06 3.15884 -1 0.000797649 -1.38901e-06 -36.7754 0 0 0 1 
				16
				1.38782e-06 -1.49834e-06 -1 7.29758e-06 -0.000797649 -1 1.49724e-06 3.13157 -1 0.000797649 -1.38901e-06 -36.7868 0 0 0 1 
				17
				1.38782e-06 -1.49834e-06 -1 7.29416e-06 -0.000797649 -0.999999 1.49724e-06 3.05329 -1 0.000797649 -1.38901e-06 -36.8197 0 0 0 1 
				18
				1.38803e-06 -1.23203e-06 -1 7.28487e-06 -0.000797649 -0.999999 1.23092e-06 2.92967 -1 0.000797649 -1.38901e-06 -36.8717 0 0 0 1 
				19
				1.38782e-06 -1.49834e-06 -1 7.28162e-06 -0.000797649 -1 1.49724e-06 2.76636 -1 0.000797649 -1.38901e-06 -36.9403 0 0 0 1 
				20
				1.38782e-06 -1.49834e-06 -1 7.27299e-06 -0.000797649 -1 1.49724e-06 2.56887 -1 0.000797649 -1.38901e-06 -37.0233 0 0 0 1 
				21
				1.38782e-06 -1.49834e-06 -1 7.2631e-06 -0.000797649 -1 1.49724e-06 2.34266 -1 0.000797649 -1.38901e-06 -37.1184 0 0 0 1 
				22
				1.38782e-06 -1.49834e-06 -1 7.25221e-06 -0.000797649 -1 1.49724e-06 2.09342 -1 0.000797649 -1.38901e-06 -37.2231 0 0 0 1 
				23
				1.38782e-06 -1.49834e-06 -1 7.24055e-06 -0.000797649 -1 1.49724e-06 1.82679 -1 0.000797649 -1.38901e-06 -37.3352 0 0 0 1 
				24
				1.38782e-06 -1.49834e-06 -1 7.22838e-06 -0.000797649 -1 1.49724e-06 1.54827 -1 0.000797649 -1.38901e-06 -37.4522 0 0 0 1 
				25
				1.38782e-06 -1.49834e-06 -1 7.21592e-06 -0.000797649 -1 1.49724e-06 1.26334 -1 0.000797649 -1.38901e-06 -37.5719 0 0 0 1 
				26
				1.38782e-06 -1.49834e-06 -1 7.20344e-06 -0.000797649 -1 1.49724e-06 0.977674 -1 0.000797649 -1.38901e-06 -37.692 0 0 0 1 
				27
				1.38782e-06 -1.49834e-06 -1 7.19117e-06 -0.000797649 -1 1.49724e-06 0.696925 -1 0.000797649 -1.38901e-06 -37.81 0 0 0 1 
				28
				1.38782e-06 -1.49834e-06 -1 7.17935e-06 -0.000797649 -0.999999 1.49724e-06 0.426583 -1 0.000797649 -1.38901e-06 -37.9236 0 0 0 1 
				29
				1.38782e-06 -1.49834e-06 -1 7.16823e-06 -0.000797649 -1 1.49724e-06 0.172133 -1 0.000797649 -1.38901e-06 -38.0305 0 0 0 1 
				30
				1.38782e-06 -1.49834e-06 -1 7.15754e-06 -0.000797649 -1 1.49724e-06 -0.0721671 -1 0.000797649 -1.38901e-06 -38.1332 0 0 0 1 
				31
				1.38782e-06 -1.49834e-06 -1 7.15614e-06 -0.000797649 -1 1.49724e-06 -0.104208 -1 0.000797649 -1.38901e-06 -38.1467 0 0 0 1 
		</Joint>
			3
				-1
				1.38782e-06 -1.49834e-06 -1 3.25733e-05 -0.000797649 -1 1.49724e-06 -0.0938005 -1 0.000797649 -1.38901e-06 -56.4841 0 0 0 1 
				0
				1.38782e-06 -1.49834e-06 -1 3.25827e-05 -0.000797649 -0.999999 1.49724e-06 0.122051 -1 0.000797649 -1.38901e-06 -56.3934 0 0 0 1 
				1
				1.38782e-06 -1.49834e-06 -1 3.2593e-05 -0.000797649 -1 1.49724e-06 0.358693 -1 0.000797649 -1.38901e-06 -56.294 0 0 0 1 
				2
				1.38803e-06 -1.23203e-06 -1 3.25974e-05 -0.000797649 -0.999999 1.23092e-06 0.611267 -1 0.000797649 -1.38901e-06 -56.1878 0 0 0 1 
				3
				1.38782e-06 -1.49834e-06 -1 3.26156e-05 -0.000797649 -1 1.49724e-06 0.874918 -1 0.000797649 -1.38901e-06 -56.077 0 0 0 1 
				4
				1.38782e-06 -1.49834e-06 -1 3.26274e-05 -0.000797649 -1 1.49724e-06 1.14494 -1 0.000797649 -1.38901e-06 -55.9635 0 0 0 1 
				5
				1.38792e-06 -1.36519e-06 -1 3.2636e-05 -0.000797649 -1 1.36408e-06 1.41663 -1 0.000797649 -1.38901e-06 -55.8494 0 0 0 1 
				6
				1.38782e-06 -1.49834e-06 -1 3.2651e-05 -0.000797649 -1 1.49724e-06 1.68514 -1 0.000797649 -1.38901e-06 -55.7365 0 0 0 1 
				7
				1.38782e-06 -1.49834e-06 -1 3.26624e-05 -0.000797649 -1 1.49724e-06 1.94561 -1 0.000797649 -1.38901e-06 -55.6271 0 0 0 1 
				8
				1.38782e-06 -1.49834e-06 -1 3.26732e-05 -0.000797649 -1 1.49724e-06 2.19332 -1 0.000797649 -1.38901e-06 -55.523 0 0 0 1 
				9
				1.38782e-06 -1.49834e-06 -1 3.26833e-05 -0.000797649 -0.999999 1.49724e-06 2.42359 -1 0.000797649 -1.38901e-06 -55.4262 0 0 0 1 
				10
				1.38782e-06 -1.49834e-06 -1 3.26924e-05 -0.000797649 -1 1.49724e-06 2.63155 -1 0.000797649 -1.38901e-06 -55.3388 0 0 0 1 
				11
				1.38782e-06 -1.49834e-06 -1 3.27003e-05 -0.000797649 -1 1.49724e-06 2.81235 -1 0.000797649 -1.38901e-06 -55.2628 0 0 0 1 
				12
				1.38782e-06 -1.49834e-06 -1 3.27068e-05 -0.000797649 -1 1.49724e-06 2.96129 -1 0.000797649 -1.38901e-06 -55.2002 0 0 0 1 
				13
				1.38782e-06 -1.49834e-06 -1 3.27117e-05 -0.000797649 -1 1.49724e-06 3.07365 -1 0.000797649 -1.38901e-06 -55.153 0 0 0 1 
				14
				1.38803e-06 -1.23203e-06 -1 3.27082e-05 -0.000797649 -0.999999 1.23092e-06 3.14459 -1 0.000797649 -1.38901e-06 -55.1232 0 0 0 1 
				15
				1.38782e-06 -1.49834e-06 -1 3.27159e-05 -0.000797649 -1 1.49724e-06 3.16925 -1 0.000797649 -1.38901e-06 -55.1128 0 0 0 1 
				16
				1.38782e-06 -1.49834e-06 -1 3.27147e-05 -0.000797649 -1 1.49724e-06 3.14198 -1 0.000797649 -1.38901e-06 -55.1243 0 0 0 1 
				17
				1.38782e-06 -1.49834e-06 -1 3.27113e-05 -0.000797649 -0.999999 1.49724e-06 3.0637 -1 0.000797649 -1.38901e-06 -55.1572 0 0 0 1 
				18
				1.38803e-06 -1.23203e-06 -1 3.26992e-05 -0.000797649 -0.999999 1.23092e-06 2.94007 -1 0.000797649 -1.38901e-06 -55.2091 0 0 0 1 
				19
				1.38782e-06 -1.49834e-06 -1 3.26987e-05 -0.000797649 -1 1.49724e-06 2.77677 -1 0.000797649 -1.38901e-06 -55.2778 0 0 0 1 
				20
				1.38782e-06 -1.49834e-06 -1 3.26901e-05 -0.000797649 -1 1.49724e-06 2.57927 -1 0.000797649 -1.38901e-06 -55.3608 0 0 0 1 
				21
				1.38782e-06 -1.49834e-06 -1 3.26802e-05 -0.000797649 -1 1.49724e-06 2.35307 -1 0.000797649 -1.38901e-06 -55.4558 0 0 0 1 
				22
				1.38782e-06 -1.49834e-06 -1 3.26693e-05 -0.000797649 -1 1.49724e-06 2.10382 -1 0.000797649 -1.38901e-06 -55.5606 0 0 0 1 
				23
				1.38782e-06 -1.49834e-06 -1 3.26577e-05 -0.000797649 -1 1.49724e-06 1.8372 -1 0.000797649 -1.38901e-06 -55.6726 0 0 0 1 
				24
				1.38782e-06 -1.49834e-06 -1 3.26455e-05 -0.000797649 -1 1.49724e-06 1.55868 -1 0.000797649 -1.38901e-06 -55.7897 0 0 0 1 
				25
				1.38782e-06 -1.49834e-06 -1 3.2633e-05 -0.000797649 -1 1.49724e-06 1.27375 -1 0.000797649 -1.38901e-06 -55.9094 0 0 0 1 
				26
				1.38782e-06 -1.49834e-06 -1 3.26205e-05 -0.000797649 -1 1.49724e-06 0.988082 -1 0.000797649 -1.38901e-06 -56.0295 0 0 0 1 
				27
				1.38782e-06 -1.49834e-06 -1 3.26083e-05 -0.000797649 -1 1.49724e-06 0.707333 -1 0.000797649 -1.38901e-06 -56.1475 0 0 0 1 
				28
				1.38782e-06 -1.49834e-06 -1 3.25965e-05 -0.000797649 -0.999999 1.49724e-06 0.436991 -1 0.000797649 -1.38901e-06 -56.2611 0 0 0 1 
				29
				1.38782e-06 -1.49834e-06 -1 3.25853e-05 -0.000797649 -1 1.49724e-06 0.182541 -1 0.000797649 -1.38901e-06 -56.368 0 0 0 1 
				30
				1.38782e-06 -1.49834e-06 -1 3.25747e-05 -0.000797649 -1 1.49724e-06 -0.0617592 -1 0.000797649 -1.38901e-06 -56.4707 0 0 0 1 
				31
				1.38782e-06 -1.49834e-06 -1 3.25733e-05 -0.000797649 -1 1.49724e-06 -0.0938005 -1 0.000797649 -1.38901e-06 -56.4841 0 0 0 1 
		</Joint>
			4
				-1
				1.38782e-06 -1.49834e-06 -1 7.62026e-05 -0.000797649 -1 1.49724e-06 -0.11619 -1 0.000797649 -1.38901e-06 -87.924 0 0 0 1 
				0
				1.38782e-06 -1.49834e-06 -1 7.6212e-05 -0.000797649 -0.999999 1.49724e-06 0.0996622 -1 0.000797649 -1.38901e-06 -87.8333 0 0 0 1 
				1
				1.38782e-06 -1.49834e-06 -1 7.62224e-05 -0.000797649 -1 1.49724e-06 0.336303 -1 0.000797649 -1.38901e-06 -87.7338 0 0 0 1 
				2
				1.38803e-06 -1.23203e-06 -1 7.62327e-05 -0.000797649 -0.999999 1.23092e-06 0.588878 -1 0.000797649 -1.38901e-06 -87.6277 0 0 0 1 
				3
				1.38782e-06 -1.49834e-06 -1 7.6245e-05 -0.000797649 -1 1.49724e-06 0.852528 -1 0.000797649 -1.38901e-06 -87.5169 0 0 0 1 
				4
				1.38782e-06 -1.49834e-06 -1 7.62567e-05 -0.000797649 -1 1.49724e-06 1.12255 -1 0.000797649 -1.38901e-06 -87.4034 0 0 0 1 
				5
				1.38792e-06 -1.36519e-06 -1 7.62683e-05 -0.000797649 -1 1.36408e-06 1.39425 -1 0.000797649 -1.38901e-06 -87.2892 0 0 0 1 
				6
				1.38782e-06 -1.49834e-06 -1 7.62804e-05 -0.000797649 -1 1.49724e-06 1.66275 -1 0.000797649 -1.38901e-06 -87.1764 0 0 0 1 
				7
				1.38782e-06 -1.49834e-06 -1 7.62917e-05 -0.000797649 -1 1.49724e-06 1.92322 -1 0.000797649 -1.38901e-06 -87.0669 0 0 0 1 
				8
				1.38782e-06 -1.49834e-06 -1 7.63026e-05 -0.000797649 -1 1.49724e-06 2.17093 -1 0.000797649 -1.38901e-06 -86.9628 0 0 0 1 
				9
				1.38782e-06 -1.49834e-06 -1 7.63126e-05 -0.000797649 -0.999999 1.49724e-06 2.4012 -1 0.000797649 -1.38901e-06 -86.866 0 0 0 1 
				10
				1.38782e-06 -1.49834e-06 -1 7.63217e-05 -0.000797649 -1 1.49724e-06 2.60916 -1 0.000797649 -1.38901e-06 -86.7786 0 0 0 1 
				11
				1.38782e-06 -1.49834e-06 -1 7.63297e-05 -0.000797649 -1 1.49724e-06 2.78996 -1 0.000797649 -1.38901e-06 -86.7027 0 0 0 1 
				12
				1.38782e-06 -1.49834e-06 -1 7.63362e-05 -0.000797649 -1 1.49724e-06 2.9389 -1 0.000797649 -1.38901e-06 -86.6401 0 0 0 1 
				13
				1.38782e-06 -1.49834e-06 -1 7.63411e-05 -0.000797649 -1 1.49724e-06 3.05126 -1 0.000797649 -1.38901e-06 -86.5928 0 0 0 1 
				14
				1.38803e-06 -1.23203e-06 -1 7.63434e-05 -0.000797649 -0.999999 1.23092e-06 3.1222 -1 0.000797649 -1.38901e-06 -86.563 0 0 0 1 
				15
				1.38782e-06 -1.49834e-06 -1 7.63453e-05 -0.000797649 -1 1.49724e-06 3.14686 -1 0.000797649 -1.38901e-06 -86.5527 0 0 0 1 
				16
				1.38782e-06 -1.49834e-06 -1 7.63441e-05 -0.000797649 -1 1.49724e-06 3.11959 -1 0.000797649 -1.38901e-06 -86.5641 0 0 0 1 
				17
				1.38782e-06 -1.49834e-06 -1 7.63406e-05 -0.000797649 -0.999999 1.49724e-06 3.04131 -1 0.000797649 -1.38901e-06 -86.597 0 0 0 1 
				18
				1.38803e-06 -1.23203e-06 -1 7.63345e-05 -0.000797649 -0.999999 1.23092e-06 2.91768 -1 0.000797649 -1.38901e-06 -86.649 0 0 0 1 
				19
				1.38782e-06 -1.49834e-06 -1 7.63281e-05 -0.000797649 -1 1.49724e-06 2.75438 -1 0.000797649 -1.38901e-06 -86.7176 0 0 0 1 
				20
				1.38782e-06 -1.49834e-06 -1 7.63195e-05 -0.000797649 -1 1.49724e-06 2.55688 -1 0.000797649 -1.38901e-06 -86.8006 0 0 0 1 
				21
				1.38782e-06 -1.49834e-06 -1 7.63096e-05 -0.000797649 -1 1.49724e-06 2.33068 -1 0.000797649 -1.38901e-06 -86.8957 0 0 0 1 
				22
				1.38782e-06 -1.49834e-06 -1 7.62987e-05 -0.000797649 -1 1.49724e-06 2.08143 -1 0.000797649 -1.38901e-06 -87.0004 0 0 0 1 
				23
				1.38782e-06 -1.49834e-06 -1 7.6287e-05 -0.000797649 -1 1.49724e-06 1.81481 -1 0.000797649 -1.38901e-06 -87.1125 0 0 0 1 
				24
				1.38782e-06 -1.49834e-06 -1 7.62748e-05 -0.000797649 -1 1.49724e-06 1.53629 -1 0.000797649 -1.38901e-06 -87.2295 0 0 0 1 
				25
				1.38782e-06 -1.49834e-06 -1 7.62624e-05 -0.000797649 -1 1.49724e-06 1.25136 -1 0.000797649 -1.38901e-06 -87.3492 0 0 0 1 
				26
				1.38782e-06 -1.49834e-06 -1 7.62499e-05 -0.000797649 -1 1.49724e-06 0.965693 -1 0.000797649 -1.38901e-06 -87.4693 0 0 0 1 
				27
				1.38782e-06 -1.49834e-06 -1 7.62376e-05 -0.000797649 -1 1.49724e-06 0.684943 -1 0.000797649 -1.38901e-06 -87.5873 0 0 0 1 
				28
				1.38782e-06 -1.49834e-06 -1 7.62258e-05 -0.000797649 -0.999999 1.49724e-06 0.414601 -1 0.000797649 -1.38901e-06 -87.7009 0 0 0 1 
				29
				1.38782e-06 -1.49834e-06 -1 7.62147e-05 -0.000797649 -1 1.49724e-06 0.160152 -1 0.000797649 -1.38901e-06 -87.8078 0 0 0 1 
				30
				1.38782e-06 -1.49834e-06 -1 7.6204e-05 -0.000797649 -1 1.49724e-06 -0.0841485 -1 0.000797649 -1.38901e-06 -87.9105 0 0 0 1 
				31
				1.38782e-06 -1.49834e-06 -1 7.62026e-05 -0.000797649 -1 1.49724e-06 -0.11619 -1 0.000797649 -1.38901e-06 -87.924 0 0 0 1 
		</Joint>
			5
				-1
				1.38685e-06 -1.49724e-06 -1 8.08886e-05 0 -1 1.49724e-06 -0.118883 -1 -2.07645e-12 -1.38685e-06 -91.3005 0 0 0 1 
				0
				1.38685e-06 -1.49724e-06 -1 8.0898e-05 0 -1 1.49724e-06 0.0969689 -1 -2.07645e-12 -1.38685e-06 -91.2098 0 0 0 1 
				1
				1.38685e-06 -1.49724e-06 -1 8.09084e-05 0 -1 1.49724e-06 0.33361 -1 -2.07645e-12 -1.38685e-06 -91.1103 0 0 0 1 
				2
				1.38685e-06 -1.23092e-06 -1 8.09194e-05 0 -1 1.23092e-06 0.586184 -1 -1.7071e-12 -1.38685e-06 -91.0042 0 0 0 1 
				3
				1.38685e-06 -1.49724e-06 -1 8.0931e-05 0 -1 1.49724e-06 0.849835 -1 -2.07645e-12 -1.38685e-06 -90.8934 0 0 0 1 
				4
				1.38685e-06 -1.49724e-06 -1 8.09428e-05 0 -1 1.49724e-06 1.11986 -1 -2.07645e-12 -1.38685e-06 -90.7799 0 0 0 1 
				5
				1.38685e-06 -1.36408e-06 -1 8.09546e-05 0 -1 1.36408e-06 1.39155 -1 -1.89178e-12 -1.38685e-06 -90.6657 0 0 0 1 
				6
				1.38685e-06 -1.49724e-06 -1 8.09664e-05 0 -1 1.49724e-06 1.66006 -1 -2.07645e-12 -1.38685e-06 -90.5529 0 0 0 1 
				7
				1.38685e-06 -1.49724e-06 -1 8.09778e-05 0 -1 1.49724e-06 1.92052 -1 -2.07645e-12 -1.38685e-06 -90.4434 0 0 0 1 
				8
				1.38685e-06 -1.49724e-06 -1 8.09886e-05 0 -1 1.49724e-06 2.16824 -1 -2.07645e-12 -1.38685e-06 -90.3393 0 0 0 1 
				9
				1.38685e-06 -1.49724e-06 -1 8.09986e-05 0 -1 1.49724e-06 2.39851 -1 -2.07645e-12 -1.38685e-06 -90.2426 0 0 0 1 
				10
				1.38685e-06 -1.49724e-06 -1 8.10077e-05 0 -1 1.49724e-06 2.60647 -1 -2.07645e-12 -1.38685e-06 -90.1552 0 0 0 1 
				11
				1.38685e-06 -1.49724e-06 -1 8.10157e-05 0 -1 1.49724e-06 2.78727 -1 -2.07645e-12 -1.38685e-06 -90.0792 0 0 0 1 
				12
				1.38685e-06 -1.49724e-06 -1 8.10222e-05 0 -1 1.49724e-06 2.9362 -1 -2.07645e-12 -1.38685e-06 -90.0166 0 0 0 1 
				13
				1.38685e-06 -1.49724e-06 -1 8.10271e-05 0 -1 1.49724e-06 3.04857 -1 -2.07645e-12 -1.38685e-06 -89.9694 0 0 0 1 
				14
				1.38685e-06 -1.23092e-06 -1 8.10302e-05 0 -1 1.23092e-06 3.11951 -1 -1.7071e-12 -1.38685e-06 -89.9395 0 0 0 1 
				15
				1.38685e-06 -1.49724e-06 -1 8.10313e-05 0 -1 1.49724e-06 3.14417 -1 -2.07645e-12 -1.38685e-06 -89.9292 0 0 0 1 
				16
				1.38685e-06 -1.49724e-06 -1 8.10301e-05 0 -1 1.49724e-06 3.11689 -1 -2.07645e-12 -1.38685e-06 -89.9407 0 0 0 1 
				17
				1.38685e-06 -1.49724e-06 -1 8.10266e-05 0 -1 1.49724e-06 3.03861 -1 -2.07645e-12 -1.38685e-06 -89.9735 0 0 0 1 
				18
				1.38685e-06 -1.23092e-06 -1 8.10212e-05 0 -1 1.23092e-06 2.91499 -1 -1.7071e-12 -1.38685e-06 -90.0255 0 0 0 1 
				19
				1.38685e-06 -1.49724e-06 -1 8.10141e-05 0 -1 1.49724e-06 2.75169 -1 -2.07645e-12 -1.38685e-06 -90.0941 0 0 0 1 
				20
				1.38685e-06 -1.49724e-06 -1 8.10055e-05 0 -1 1.49724e-06 2.55419 -1 -2.07645e-12 -1.38685e-06 -90.1771 0 0 0 1 
				21
				1.38685e-06 -1.49724e-06 -1 8.09956e-05 0 -1 1.49724e-06 2.32799 -1 -2.07645e-12 -1.38685e-06 -90.2722 0 0 0 1 
				22
				1.38685e-06 -1.49724e-06 -1 8.09847e-05 0 -1 1.49724e-06 2.07874 -1 -2.07645e-12 -1.38685e-06 -90.3769 0 0 0 1 
				23
				1.38685e-06 -1.49724e-06 -1 8.0973e-05 0 -1 1.49724e-06 1.81212 -1 -2.07645e-12 -1.38685e-06 -90.489 0 0 0 1 
				24
				1.38685e-06 -1.49724e-06 -1 8.09609e-05 0 -1 1.49724e-06 1.5336 -1 -2.07645e-12 -1.38685e-06 -90.606 0 0 0 1 
				25
				1.38685e-06 -1.49724e-06 -1 8.09484e-05 0 -1 1.49724e-06 1.24867 -1 -2.07645e-12 -1.38685e-06 -90.7258 0 0 0 1 
				26
				1.38685e-06 -1.49724e-06 -1 8.09359e-05 0 -1 1.49724e-06 0.962999 -1 -2.07645e-12 -1.38685e-06 -90.8458 0 0 0 1 
				27
				1.38685e-06 -1.49724e-06 -1 8.09236e-05 0 -1 1.49724e-06 0.68225 -1 -2.07645e-12 -1.38685e-06 -90.9638 0 0 0 1 
				28
				1.38685e-06 -1.49724e-06 -1 8.09118e-05 0 -1 1.49724e-06 0.411908 -1 -2.07645e-12 -1.38685e-06 -91.0774 0 0 0 1 
				29
				1.38685e-06 -1.49724e-06 -1 8.09007e-05 0 -1 1.49724e-06 0.157458 -1 -2.07645e-12 -1.38685e-06 -91.1844 0 0 0 1 
				30
				1.38685e-06 -1.49724e-06 -1 8.089e-05 0 -1 1.49724e-06 -0.0868418 -1 -2.07645e-12 -1.38685e-06 -91.287 0 0 0 1 
				31
				1.38685e-06 -1.49724e-06 -1 8.08886e-05 0 -1 1.49724e-06 -0.118883 -1 -2.07645e-12 -1.38685e-06 -91.3005 0 0 0 1 
		</Joint>
			6
		</Joint>
			7
				-1
				0.939692 -1.29131e-06 -0.342022 4.25804 1.61011e-06 1 6.4819e-07 -0.118868 0.342022 -1.15979e-06 0.939692 -83.0818 0 0 0 1 
				0
				0.939692 -1.29138e-06 -0.342022 4.25804 1.61014e-06 1 6.48077e-07 0.0969836 0.342022 -1.1597e-06 0.939692 -82.9911 0 0 0 1 
				1
				0.939692 -1.29135e-06 -0.342022 4.25804 1.61013e-06 1 6.48134e-07 0.333625 0.342022 -1.15974e-06 0.939692 -82.8916 0 0 0 1 
				2
				0.939692 -1.5577e-06 -0.342022 4.25804 1.8604e-06 1 5.56991e-07 0.5862 0.342022 -1.1597e-06 0.939692 -82.7855 0 0 0 1 
				3
				0.939692 -1.29131e-06 -0.342022 4.25804 1.61011e-06 1 6.4819e-07 0.84985 0.342022 -1.15979e-06 0.939692 -82.6747 0 0 0 1 
				4
				0.939692 -1.29131e-06 -0.342022 4.25804 1.61011e-06 1 6.4819e-07 1.11987 0.342022 -1.15979e-06 0.939692 -82.5612 0 0 0 1 
				5
				0.939692 -1.4245e-06 -0.342022 4.25804 1.73525e-06 1 6.02591e-07 1.39157 0.342022 -1.15974e-06 0.939692 -82.447 0 0 0 1 
				6
				0.939692 -1.29131e-06 -0.342022 4.25804 1.61011e-06 1 6.4819e-07 1.66007 0.342022 -1.15979e-06 0.939692 -82.3342 0 0 0 1 
				7
				0.939692 -1.29131e-06 -0.342022 4.25804 1.61011e-06 1 6.4819e-07 1.92054 0.342022 -1.15979e-06 0.939692 -82.2247 0 0 0 1 
				8
				0.939692 -1.29131e-06 -0.342022 4.25804 1.61011e-06 1 6.4819e-07 2.16826 0.342022 -1.15979e-06 0.939692 -82.1206 0 0 0 1 
				9
				0.939692 -1.29138e-06 -0.342022 4.25804 1.61014e-06 1 6.48077e-07 2.39852 0.342022 -1.1597e-06 0.939692 -82.0239 0 0 0 1 
				10
				0.939692 -1.29131e-06 -0.342022 4.25804 1.61011e-06 1 6.4819e-07 2.60649 0.342022 -1.15979e-06 0.939692 -81.9365 0 0 0 1 
				11
				0.939692 -1.29131e-06 -0.342022 4.25804 1.61011e-06 1 6.4819e-07 2.78729 0.342022 -1.15979e-06 0.939692 -81.8605 0 0 0 1 
				12
				0.939692 -1.29131e-06 -0.342022 4.25804 1.61011e-06 1 6.4819e-07 2.93622 0.342022 -1.15979e-06 0.939692 -81.7979 0 0 0 1 
				13
				0.939692 -1.29131e-06 -0.342022 4.25804 1.61011e-06 1 6.4819e-07 3.04858 0.342022 -1.15979e-06 0.939692 -81.7507 0 0 0 1 
				14
				0.939692 -1.5577e-06 -0.342022 4.25804 1.8604e-06 1 5.56991e-07 3.11952 0.342022 -1.1597e-06 0.939692 -81.7209 0 0 0 1 
				15
				0.939692 -1.29131e-06 -0.342022 4.25804 1.61011e-06 1 6.4819e-07 3.14418 0.342022 -1.15979e-06 0.939692 -81.7105 0 0 0 1 
				16
				0.939692 -1.29131e-06 -0.342022 4.25804 1.61011e-06 1 6.4819e-07 3.11691 0.342022 -1.15979e-06 0.939692 -81.722 0 0 0 1 
				17
				0.939692 -1.29138e-06 -0.342022 4.25804 1.61014e-06 1 6.48077e-07 3.03863 0.342022 -1.1597e-06 0.939692 -81.7549 0 0 0 1 
				18
				0.939692 -1.5577e-06 -0.342022 4.25804 1.8604e-06 1 5.56991e-07 2.91501 0.342022 -1.1597e-06 0.939692 -81.8068 0 0 0 1 
				19
				0.939692 -1.29131e-06 -0.342022 4.25804 1.61011e-06 1 6.4819e-07 2.7517 0.342022 -1.15979e-06 0.939692 -81.8754 0 0 0 1 
				20
				0.939692 -1.29131e-06 -0.342022 4.25804 1.61011e-06 1 6.4819e-07 2.55421 0.342022 -1.15979e-06 0.939692 -81.9584 0 0 0 1 
				21
				0.939692 -1.29131e-06 -0.342022 4.25804 1.61011e-06 1 6.4819e-07 2.328 0.342022 -1.15979e-06 0.939692 -82.0535 0 0 0 1 
				22
				0.939692 -1.29131e-06 -0.342022 4.25804 1.61011e-06 1 6.4819e-07 2.07876 0.342022 -1.15979e-06 0.939692 -82.1583 0 0 0 1 
				23
				0.939692 -1.29131e-06 -0.342022 4.25804 1.61011e-06 1 6.4819e-07 1.81213 0.342022 -1.15979e-06 0.939692 -82.2703 0 0 0 1 
				24
				0.939692 -1.29131e-06 -0.342022 4.25804 1.61011e-06 1 6.4819e-07 1.53361 0.342022 -1.15979e-06 0.939692 -82.3873 0 0 0 1 
				25
				0.939692 -1.29131e-06 -0.342022 4.25804 1.61011e-06 1 6.4819e-07 1.24868 0.342022 -1.15979e-06 0.939692 -82.5071 0 0 0 1 
				26
				0.939692 -1.29131e-06 -0.342022 4.25804 1.61011e-06 1 6.4819e-07 0.963014 0.342022 -1.15979e-06 0.939692 -82.6271 0 0 0 1 
				27
				0.939692 -1.29131e-06 -0.342022 4.25804 1.61011e-06 1 6.4819e-07 0.682265 0.342022 -1.15979e-06 0.939692 -82.7451 0 0 0 1 
				28
				0.939692 -1.29138e-06 -0.342022 4.25804 1.61014e-06 1 6.48077e-07 0.411923 0.342022 -1.1597e-06 0.939692 -82.8587 0 0 0 1 
				29
				0.939692 -1.29131e-06 -0.342022 4.25804 1.61011e-06 1 6.4819e-07 0.157473 0.342022 -1.15979e-06 0.939692 -82.9657 0 0 0 1 
				30
				0.939692 -1.29131e-06 -0.342022 4.25804 1.61011e-06 1 6.4819e-07 -0.0868271 0.342022 -1.15979e-06 0.939692 -83.0683 0 0 0 1 
				31
				0.939692 -1.29131e-06 -0.342022 4.25804 1.61011e-06 1 6.4819e-07 -0.118868 0.342022 -1.15979e-06 0.939692 -83.0818 0 0 0 1 
		</Joint>
			8
				-1
				0.513061 0.661329 -0.547185 14.0641 -0.0983745 0.678587 0.727902 -0.118852 0.852696 -0.319629 0.413215 -79.5127 0 0 0 1 
				0
				0.52246 0.661329 -0.538218 14.0641 -0.110964 0.678587 0.72609 0.0970004 0.845413 -0.31963 0.427919 -79.422 0 0 0 1 
				1
				0.532584 0.661329 -0.528203 14.0641 -0.12473 0.678587 0.723852 0.333642 0.837136 -0.319629 0.443892 -79.3225 0 0 0 1 
				2
				0.543177 0.661329 -0.517303 14.0641 -0.139371 0.678587 0.721176 0.58622 0.82797 -0.319629 0.460764 -79.2164 0 0 0 1 
				3
				0.553998 0.661329 -0.505698 14.0641 -0.154594 0.678587 0.718067 0.849866 0.818039 -0.319629 0.478174 -79.1056 0 0 0 1 
				4
				0.564822 0.661329 -0.493578 14.0641 -0.170113 0.678587 0.714549 1.11989 0.807488 -0.319629 0.495782 -78.9921 0 0 0 1 
				5
				0.575446 0.661329 -0.48115 14.0641 -0.185648 0.678587 0.710671 1.39159 0.79649 -0.319629 0.513265 -78.8779 0 0 0 1 
				6
				0.585678 0.661329 -0.468642 14.0641 -0.200913 0.678587 0.706508 1.66009 0.785249 -0.31963 0.530303 -78.7651 0 0 0 1 
				7
				0.595342 0.661329 -0.456302 14.0641 -0.215633 0.678587 0.702155 1.92055 0.773996 -0.319629 0.546596 -78.6556 0 0 0 1 
				8
				0.604293 0.661329 -0.44438 14.0641 -0.229545 0.678588 0.697731 2.16827 0.762981 -0.319629 0.56187 -78.5515 0 0 0 1 
				9
				0.612399 0.661329 -0.433141 14.0641 -0.242394 0.678587 0.693371 2.39854 0.752471 -0.319629 0.575869 -78.4547 0 0 0 1 
				10
				0.619541 0.661329 -0.422863 14.0641 -0.253929 0.678587 0.689231 2.6065 0.742758 -0.31963 0.588343 -78.3673 0 0 0 1 
				11
				0.625609 0.661329 -0.413832 14.0641 -0.2639 0.678587 0.685475 2.7873 0.734146 -0.319629 0.599056 -78.2914 0 0 0 1 
				12
				0.630509 0.661329 -0.406327 14.0641 -0.272072 0.678588 0.682272 2.93624 0.726935 -0.319629 0.607785 -78.2288 0 0 0 1 
				13
				0.634147 0.661329 -0.400626 14.0641 -0.278212 0.678588 0.679792 3.0486 0.721426 -0.319629 0.614314 -78.1815 0 0 0 1 
				14
				0.636417 0.661329 -0.397011 14.0641 -0.282076 0.678587 0.678197 3.11954 0.717918 -0.319629 0.618409 -78.1517 0 0 0 1 
				15
				0.637201 0.661329 -0.395751 14.0641 -0.283418 0.678587 0.677638 3.1442 0.716693 -0.319629 0.619829 -78.1414 0 0 0 1 
				16
				0.636333 0.661329 -0.397144 14.0641 -0.281934 0.678587 0.678257 3.11693 0.718048 -0.319629 0.618259 -78.1528 0 0 0 1 
				17
				0.633826 0.661329 -0.401133 14.0641 -0.277669 0.678587 0.680014 3.03865 0.721917 -0.319629 0.613737 -78.1857 0 0 0 1 
				18
				0.629816 0.661329 -0.4074 14.0641 -0.27091 0.678587 0.682734 2.91503 0.727969 -0.319628 0.606547 -78.2377 0 0 0 1 
				19
				0.624425 0.661329 -0.415616 14.0641 -0.261942 0.678587 0.686225 2.75172 0.735853 -0.319629 0.596957 -78.3063 0 0 0 1 
				20
				0.617762 0.661329 -0.425457 14.0641 -0.251036 0.678587 0.69029 2.55422 0.745219 -0.31963 0.585222 -78.3893 0 0 0 1 
				21
				0.609939 0.661329 -0.436599 14.0641 -0.238468 0.678587 0.694732 2.32802 0.755717 -0.319629 0.571602 -78.4844 0 0 0 1 
				22
				0.601086 0.661329 -0.448708 14.0641 -0.224529 0.678588 0.699361 2.07877 0.766996 -0.319629 0.556377 -78.5891 0 0 0 1 
				23
				0.591351 0.661329 -0.461463 14.0641 -0.209517 0.678587 0.704004 1.81215 0.778721 -0.319629 0.539843 -78.7012 0 0 0 1 
				24
				0.580893 0.661329 -0.47456 14.0641 -0.193734 0.678587 0.70851 1.53363 0.790589 -0.31963 0.522308 -78.8182 0 0 0 1 
				25
				0.569893 0.661329 -0.487715 14.0641 -0.177489 0.678587 0.712753 1.2487 0.802321 -0.319629 0.504101 -78.9379 0 0 0 1 
				26
				0.558566 0.661329 -0.500647 14.0641 -0.161107 0.678587 0.716634 0.963031 0.813663 -0.319629 0.485581 -79.058 0 0 0 1 
				27
				0.547148 0.661329 -0.513101 14.0641 -0.144926 0.678587 0.72008 0.682282 0.824394 -0.319629 0.467131 -79.176 0 0 0 1 
				28
				0.535891 0.661329 -0.524847 14.0641 -0.129275 0.678587 0.723054 0.41194 0.834331 -0.319629 0.449142 -79.2896 0 0 0 1 
				29
				0.525066 0.661329 -0.535677 14.0641 -0.114487 0.678587 0.725543 0.15749 0.843326 -0.319629 0.432017 -79.3965 0 0 0 1 
				30
				0.51447 0.661328 -0.545863 14.0641 -0.100238 0.678585 0.727651 -0.0868103 0.85163 -0.319638 0.415402 -79.4992 0 0 0 1 
				31
				0.513061 0.661329 -0.547185 14.0641 -0.0983745 0.678587 0.727902 -0.118852 0.852696 -0.319629 0.413215 -79.5127 0 0 0 1 
		</Joint>
			9
				-1
				0.0196507 0.836781 -0.547185 23.1656 -0.482371 0.487316 0.727902 -1.86397 0.875747 0.249643 0.413215 -64.3863 0 0 0 1 
				0
				0.0174827 0.842624 -0.538218 23.3323 -0.498004 0.474116 0.72609 -1.87146 0.866999 0.255341 0.427918 -64.4247 0 0 0 1 
				1
				0.0148109 0.848989 -0.528203 23.5119 -0.514834 0.45933 0.723852 -1.879 0.857162 0.261216 0.443892 -64.4721 0 0 0 1 
				2
				0.0116171 0.855723 -0.517303 23.6998 -0.532432 0.443194 0.721176 -1.88616 0.846392 0.267051 0.460764 -64.5286 0 0 0 1 
				3
				0.00790665 0.862674 -0.505698 23.8918 -0.550388 0.425974 0.718066 -1.89256 0.834871 0.272653 0.478174 -64.594 0 0 0 1 
				4
				0.00370802 0.869694 -0.493578 24.0838 -0.568326 0.407952 0.714549 -1.89784 0.822795 0.277864 0.495782 -64.6676 0 0 0 1 
				5
				-0.000923023 0.876638 -0.481149 24.2722 -0.585902 0.389441 0.710672 -1.90171 0.810381 0.282563 0.513265 -64.7486 0 0 0 1 
				6
				-0.00589882 0.883368 -0.468642 24.4537 -0.602795 0.370789 0.706508 -1.90401 0.797874 0.286663 0.530303 -64.8351 0 0 0 1 
				7
				-0.0111029 0.889756 -0.456301 24.6252 -0.618718 0.352372 0.702155 -1.90466 0.785534 0.290118 0.546596 -64.9253 0 0 0 1 
				8
				-0.0163953 0.895688 -0.44438 24.784 -0.63343 0.334572 0.697731 -1.90373 0.773627 0.292923 0.56187 -65.0166 0 0 0 1 
				9
				-0.021611 0.901067 -0.433141 24.9278 -0.646718 0.317791 0.693371 -1.90142 0.762422 0.295104 0.575869 -65.1063 0 0 0 1 
				10
				-0.0265657 0.905804 -0.422863 25.0545 -0.658396 0.302449 0.689231 -1.89807 0.752203 0.296721 0.588343 -65.1912 0 0 0 1 
				11
				-0.0310606 0.909823 -0.413832 25.1621 -0.668296 0.288972 0.685475 -1.89416 0.743247 0.297853 0.599056 -65.268 0 0 0 1 
				12
				-0.0348927 0.913061 -0.406327 25.249 -0.676272 0.277779 0.682272 -1.89019 0.735825 0.298594 0.607785 -65.3333 0 0 0 1 
				13
				-0.0378601 0.915459 -0.400626 25.3136 -0.682181 0.26928 0.679792 -1.88674 0.730202 0.299037 0.614314 -65.3838 0 0 0 1 
				14
				-0.0397672 0.916952 -0.397011 25.3538 -0.685863 0.263893 0.678198 -1.88435 0.726643 0.299265 0.618409 -65.4162 0 0 0 1 
				15
				-0.040437 0.917467 -0.395751 25.3677 -0.687135 0.262015 0.677638 -1.88349 0.725403 0.299336 0.619829 -65.4276 0 0 0 1 
				16
				-0.0396968 0.916897 -0.397144 25.3524 -0.685728 0.264091 0.678257 -1.88444 0.726774 0.299258 0.618259 -65.415 0 0 0 1 
				17
				-0.0375948 0.915248 -0.401133 25.3079 -0.681661 0.270035 0.680014 -1.88706 0.730701 0.299002 0.613737 -65.3793 0 0 0 1 
				18
				-0.0343397 0.912604 -0.4074 25.2367 -0.675145 0.279378 0.682734 -1.89079 0.736885 0.298499 0.606547 -65.3239 0 0 0 1 
				19
				-0.0301625 0.90904 -0.415616 25.1411 -0.666366 0.291634 0.686225 -1.89501 0.745014 0.297651 0.596957 -65.2526 0 0 0 1 
				20
				-0.0252984 0.904625 -0.425457 25.0229 -0.655489 0.306322 0.69029 -1.89903 0.75478 0.296346 0.585222 -65.1695 0 0 0 1 
				21
				-0.0199836 0.899434 -0.436599 24.8841 -0.642688 0.322954 0.694732 -1.90228 0.765867 0.29448 0.571602 -65.0783 0 0 0 1 
				22
				-0.0144448 0.893562 -0.448708 24.7271 -0.628164 0.341034 0.699361 -1.90425 0.777947 0.291964 0.556377 -64.983 0 0 0 1 
				23
				-0.00889216 0.887115 -0.461463 24.5544 -0.612147 0.360075 0.704004 -1.90459 0.790694 0.288743 0.539843 -64.887 0 0 0 1 
				24
				-0.00350567 0.880216 -0.47456 24.3689 -0.594899 0.379617 0.70851 -1.90312 0.803793 0.284799 0.522308 -64.7935 0 0 0 1 
				25
				0.00156327 0.873002 -0.487714 24.1737 -0.576719 0.399222 0.712753 -1.89986 0.816941 0.28016 0.504101 -64.7052 0 0 0 1 
				26
				0.00619631 0.865629 -0.500647 23.9728 -0.557962 0.418468 0.716634 -1.89494 0.829844 0.274901 0.485581 -64.624 0 0 0 1 
				27
				0.0103095 0.858266 -0.513101 23.7703 -0.539025 0.436963 0.72008 -1.88863 0.842227 0.26915 0.467131 -64.5516 0 0 0 1 
				28
