<?xml version='1.0' encoding='UTF-8' ?>
<itpanim>
	<skeleton count>
		25
			0 -1
			1.37091e-06 -1 -6.12323e-17 1.4e-05 1 1.37091e-06 -6.12323e-17 -1.91963e-11 6.12323e-17 -6.12323e-17 1 58.5533 0 0 0 1 
			1 0
			1.3868e-06 -2.28068e-12 -1 -58.5533 2.75771e-06 -1 6.10495e-12 1.40002e-05 -1 -2.75771e-06 -1.3868e-06 -8.12017e-05 0 0 0 1 
			2 1
			1.40269e-06 -0.000796318 -1 -67.8882 0 -1 0.000796318 0.0803988 -1 -1.11699e-09 -1.40269e-06 -2.22975e-07 0 0 0 1 
			3 2
			1.40269e-06 -0.000796318 -1 -100.951 0 -1 0.000796318 0.125537 -1 -1.11699e-09 -1.40269e-06 -3.4817e-07 0 0 0 1 
			4 3
			1.40269e-06 -0.000796318 -1 -157.638 0 -1 0.000796318 0.130385 -1 -1.11699e-09 -1.40269e-06 -3.61616e-07 0 0 0 1 
			5 4
			1.34309e-06 9.82436e-13 -1 -163.726 -1.40269e-06 -1 -2.86637e-12 6.843e-06 -1 1.40269e-06 -1.34309e-06 -0.000219899 0 0 0 1 
			6 5
			1 -0 0 0 0 1 0 0 -0 -0 1 -0 0 0 0 1 
			7 4
			0.939693 1.30318e-06 0.34202 43.7151 -1.38586e-06 1 -2.63612e-09 -3.76881e-06 -0.34202 -4.71514e-07 0.939693 142.553 0 0 0 1 
			8 7
			0.64989 0.118088 0.750799 90.4882 -0.0275106 0.990863 -0.132033 -18.1135 -0.759531 0.065152 0.647201 111.468 0 0 0 1 
			9 8
			0.642057 -0.0844314 0.761994 60.9558 0.104289 0.994297 0.0222969 -5.92664 -0.75953 0.065152 0.647201 111.468 0 0 0 1 
			10 9
			0.642057 -0.0844314 0.761994 28.628 -0.759447 0.0659437 0.647218 111.463 -0.104894 -0.994245 -0.0217816 6.0154 0 0 0 1 
			11 4
			-0.939693 -1.27328e-06 0.34202 43.7151 -1.35596e-06 1 -2.63613e-09 -3.76881e-06 -0.34202 -4.66242e-07 -0.939693 -142.553 0 0 0 1 
			12 11
			-0.64989 0.118086 0.750799 90.4882 0.0275078 0.990863 -0.132033 -18.1135 -0.75953 -0.0651541 -0.647201 -111.468 0 0 0 1 
			13 12
			-0.642057 -0.0844331 0.761994 60.9559 -0.104292 0.994297 0.0222969 -5.92664 -0.75953 -0.065154 -0.647201 -111.468 0 0 0 1 
			14 13
			-0.642057 -0.0844331 0.761993 28.628 0.759447 0.0659458 0.647218 111.463 -0.104897 0.994244 0.0217816 -6.0154 0 0 0 1 
			15 2
			0.0553766 -0.0626594 0.996497 57.2683 -0.0485968 -0.997015 -0.0599913 -2.56494 0.997282 -0.0451045 -0.0582563 -22.8596 0 0 0 1 
			16 15
			0.0622516 0.0929321 0.993725 21.563 -0.0394076 -0.99465 0.0954874 0.793302 0.997282 -0.0451045 -0.0582563 -22.8596 0 0 0 1 
			17 16
			1.3716e-06 -6.00745e-14 1 7.62276 0 -1 -6.00745e-14 -0.82329 1 8.23984e-20 -1.3716e-06 -22.4394 0 0 0 1 
			18 17
			1.3716e-06 -1 -6.12323e-17 -13.0552 0 6.12323e-17 -1 0.670089 1 1.3716e-06 8.39865e-23 -22.4394 0 0 0 1 
			19 18
			1 -0 0 0 0 1 0 0 -0 -0 1 -0 0 0 0 1 
			20 2
			-0.0553766 -0.0626595 0.996497 57.2683 0.0485995 -0.997015 -0.0599913 -2.56494 0.997282 0.0451072 0.0582565 22.8596 0 0 0 1 
			21 20
			-0.062252 0.0929319 0.993724 21.563 0.0394103 -0.99465 0.0954874 0.793303 0.997282 0.0451072 0.0582565 22.8596 0 0 0 1 
			22 21
			1.3716e-06 -6.00745e-14 1 7.62277 0 -1 -6.00745e-14 -0.82329 1 8.23984e-20 -1.3716e-06 22.4394 0 0 0 1 
			23 22
			1.3716e-06 -1 -6.12323e-17 -13.0552 0 6.12323e-17 -1 0.670089 1 1.3716e-06 8.39865e-23 22.4394 0 0 0 1 
			24 23
			1 -0 0 0 0 1 0 0 -0 -0 1 -0 0 0 0 1 
	</skeleton>
		<animations>
			33
			0
				-1
				1.33158e-06 1 0 -5.19361e-09 -1 1.33158e-06 0 -0.118802 -0 -0 1 -60.6797 0 0 0 1 
				0
				1.33158e-06 1 0 2.53226e-08 -1 1.33158e-06 0 0.579328 -0 -0 1 -58.4565 0 0 0 1 
				1
				1.46474e-06 1 0 5.99133e-08 -1 1.46474e-06 0 1.37067 -0 -0 1 -55.9585 0 0 0 1 
				2
				1.5979e-06 1 0 9.61183e-08 -1 1.5979e-06 0 2.19895 -0 -0 1 -53.3517 0 0 0 1 
				3
				1.33158e-06 1 0 1.31477e-07 -1 1.33158e-06 0 3.00787 -0 -0 1 -50.8019 0 0 0 1 
				4
				1.33158e-06 1 0 1.63608e-07 -1 1.33158e-06 0 3.74293 -0 -0 1 -48.4698 0 0 0 1 
				5
				1.33158e-06 1 0 1.90127e-07 -1 1.33158e-06 0 4.34962 -0 -0 1 -46.5162 0 0 0 1 
				6
				1.33158e-06 1 0 2.08575e-07 -1 1.33158e-06 0 4.77165 -0 -0 1 -45.1068 0 0 0 1 
				7
				1.33158e-06 1 0 2.16491e-07 -1 1.33158e-06 0 4.95275 -0 -0 1 -44.4077 0 0 0 1 
				8
				1.33158e-06 1 0 2.09737e-07 -1 1.33158e-06 0 4.79824 -0 -0 1 -44.68 0 0 0 1 
				9
				1.33158e-06 1 0 1.88674e-07 -1 1.33158e-06 0 4.31636 -0 -0 1 -45.8911 0 0 0 1 
				10
				1.33158e-06 1 0 1.58042e-07 -1 1.33158e-06 0 3.6156 -0 -0 1 -47.7372 0 0 0 1 
				11
				1.33158e-06 1 0 1.22584e-07 -1 1.33158e-06 0 2.8044 -0 -0 1 -49.9142 0 0 0 1 
				12
				1.33158e-06 1 0 8.68897e-08 -1 1.33158e-06 0 1.98782 -0 -0 1 -52.1277 0 0 0 1 
				13
				1.33158e-06 1 0 5.55526e-08 -1 1.33158e-06 0 1.27091 -0 -0 1 -54.0833 0 0 0 1 
				14
				1.33158e-06 1 0 3.33133e-08 -1 1.33158e-06 0 0.762133 -0 -0 1 -55.4771 0 0 0 1 
				15
				1.33158e-06 1 0 2.49129e-08 -1 1.33158e-06 0 0.569956 -0 -0 1 -56.0049 0 0 0 1 
				16
				1.33158e-06 1 0 3.31089e-08 -1 1.33158e-06 0 0.757457 -0 -0 1 -55.5088 0 0 0 1 
				17
				1.33158e-06 1 0 5.4847e-08 -1 1.33158e-06 0 1.25477 -0 -0 1 -54.1929 0 0 0 1 
				18
				1.5979e-06 1 0 8.55653e-08 -1 1.5979e-06 0 1.95752 -0 -0 1 -52.3333 0 0 0 1 
				19
				1.33158e-06 1 0 1.20702e-07 -1 1.33158e-06 0 2.76135 -0 -0 1 -50.2063 0 0 0 1 
				20
				1.5979e-06 1 0 1.55838e-07 -1 1.5979e-06 0 3.56518 -0 -0 1 -48.0793 0 0 0 1 
				21
				1.33158e-06 1 0 1.86557e-07 -1 1.33158e-06 0 4.26794 -0 -0 1 -46.2198 0 0 0 1 
				22
				1.33158e-06 1 0 2.08295e-07 -1 1.33158e-06 0 4.76525 -0 -0 1 -44.9039 0 0 0 1 
				23
				1.33158e-06 1 0 2.16491e-07 -1 1.33158e-06 0 4.95275 -0 -0 1 -44.4077 0 0 0 1 
				24
				1.33158e-06 1 0 2.10896e-07 -1 1.33158e-06 0 4.82476 -0 -0 1 -44.7464 0 0 0 1 
				25
				1.33158e-06 1 0 1.95537e-07 -1 1.33158e-06 0 4.47338 -0 -0 1 -45.6762 0 0 0 1 
				26
				1.5979e-06 1 0 1.72694e-07 -1 1.5979e-06 0 3.9508 -0 -0 1 -47.059 0 0 0 1 
				27
				1.33158e-06 1 0 1.44649e-07 -1 1.33158e-06 0 3.3092 -0 -0 1 -48.7567 0 0 0 1 
				28
				1.5979e-06 1 0 1.1361e-07 -1 1.5979e-06 0 2.59912 -0 -0 1 -50.6356 0 0 0 1 
				29
				1.33158e-06 1 0 8.17876e-08 -1 1.33158e-06 0 1.8711 -0 -0 1 -52.562 0 0 0 1 
				30
				1.33158e-06 1 0 5.14614e-08 -1 1.33158e-06 0 1.17731 -0 -0 1 -54.3978 0 0 0 1 
				31
				1.33158e-06 1 0 2.49129e-08 -1 1.33158e-06 0 0.569956 -0 -0 1 -56.0049 0 0 0 1 
		</Joint>
			1
				-1
				1.33158e-06 2.66316e-06 -1 -5.19361e-09 0 -1 -2.66316e-06 -0.118802 -1 3.54621e-12 -1.33158e-06 -60.6797 0 0 0 1 
				0
				1.33158e-06 2.66316e-06 -1 2.53226e-08 0 -1 -2.66316e-06 0.579328 -1 3.54621e-12 -1.33158e-06 -58.4565 0 0 0 1 
				1
				1.33158e-06 2.79632e-06 -1 5.99133e-08 0 -1 -2.79632e-06 1.37067 -1 3.72352e-12 -1.33158e-06 -55.9585 0 0 0 1 
				2
				1.33158e-06 2.92948e-06 -1 9.61183e-08 0 -1 -2.92948e-06 2.19895 -1 3.90083e-12 -1.33158e-06 -53.3517 0 0 0 1 
				3
				1.33158e-06 2.66316e-06 -1 1.31477e-07 0 -1 -2.66316e-06 3.00787 -1 3.54621e-12 -1.33158e-06 -50.8019 0 0 0 1 
				4
				1.33158e-06 2.66316e-06 -1 1.63608e-07 0 -1 -2.66316e-06 3.74293 -1 3.54621e-12 -1.33158e-06 -48.4698 0 0 0 1 
				5
				1.33158e-06 2.66316e-06 -1 1.90127e-07 0 -1 -2.66316e-06 4.34962 -1 3.54621e-12 -1.33158e-06 -46.5162 0 0 0 1 
				6
				1.33158e-06 2.66316e-06 -1 2.08575e-07 0 -1 -2.66316e-06 4.77165 -1 3.54621e-12 -1.33158e-06 -45.1068 0 0 0 1 
				7
				1.33158e-06 2.66316e-06 -1 2.16491e-07 0 -1 -2.66316e-06 4.95275 -1 3.54621e-12 -1.33158e-06 -44.4077 0 0 0 1 
				8
				1.33158e-06 2.66316e-06 -1 2.09737e-07 0 -1 -2.66316e-06 4.79824 -1 3.54621e-12 -1.33158e-06 -44.68 0 0 0 1 
				9
				1.33158e-06 2.66316e-06 -1 1.88674e-07 0 -1 -2.66316e-06 4.31636 -1 3.54621e-12 -1.33158e-06 -45.8911 0 0 0 1 
				10
				1.33158e-06 2.66316e-06 -1 1.58042e-07 0 -1 -2.66316e-06 3.6156 -1 3.54621e-12 -1.33158e-06 -47.7372 0 0 0 1 
				11
				1.33158e-06 2.66316e-06 -1 1.22584e-07 0 -1 -2.66316e-06 2.8044 -1 3.54621e-12 -1.33158e-06 -49.9142 0 0 0 1 
				12
				1.33158e-06 2.66316e-06 -1 8.68897e-08 0 -1 -2.66316e-06 1.98782 -1 3.54621e-12 -1.33158e-06 -52.1277 0 0 0 1 
				13
				1.33158e-06 2.66316e-06 -1 5.55526e-08 0 -1 -2.66316e-06 1.27091 -1 3.54621e-12 -1.33158e-06 -54.0833 0 0 0 1 
				14
				1.33158e-06 2.66316e-06 -1 3.33133e-08 0 -1 -2.66316e-06 0.762133 -1 3.54621e-12 -1.33158e-06 -55.4771 0 0 0 1 
				15
				1.33158e-06 2.66316e-06 -1 2.49129e-08 0 -1 -2.66316e-06 0.569956 -1 3.54621e-12 -1.33158e-06 -56.0049 0 0 0 1 
				16
				1.33158e-06 2.66316e-06 -1 3.31089e-08 0 -1 -2.66316e-06 0.757457 -1 3.54621e-12 -1.33158e-06 -55.5088 0 0 0 1 
				17
				1.33158e-06 2.66316e-06 -1 5.4847e-08 0 -1 -2.66316e-06 1.25477 -1 3.54621e-12 -1.33158e-06 -54.1929 0 0 0 1 
				18
				1.33158e-06 2.92948e-06 -1 8.55653e-08 0 -1 -2.92948e-06 1.95752 -1 3.90083e-12 -1.33158e-06 -52.3333 0 0 0 1 
				19
				1.33158e-06 2.66316e-06 -1 1.20702e-07 0 -1 -2.66316e-06 2.76135 -1 3.54621e-12 -1.33158e-06 -50.2063 0 0 0 1 
				20
				1.33158e-06 2.92948e-06 -1 1.55838e-07 0 -1 -2.92948e-06 3.56518 -1 3.90083e-12 -1.33158e-06 -48.0793 0 0 0 1 
				21
				1.33158e-06 2.66316e-06 -1 1.86557e-07 0 -1 -2.66316e-06 4.26794 -1 3.54621e-12 -1.33158e-06 -46.2198 0 0 0 1 
				22
				1.33158e-06 2.66316e-06 -1 2.08295e-07 0 -1 -2.66316e-06 4.76525 -1 3.54621e-12 -1.33158e-06 -44.9039 0 0 0 1 
				23
				1.33158e-06 2.66316e-06 -1 2.16491e-07 0 -1 -2.66316e-06 4.95275 -1 3.54621e-12 -1.33158e-06 -44.4077 0 0 0 1 
				24
				1.33158e-06 2.66316e-06 -1 2.10896e-07 0 -1 -2.66316e-06 4.82476 -1 3.54621e-12 -1.33158e-06 -44.7464 0 0 0 1 
				25
				1.33158e-06 2.66316e-06 -1 1.95537e-07 0 -1 -2.66316e-06 4.47338 -1 3.54621e-12 -1.33158e-06 -45.6762 0 0 0 1 
				26
				1.33158e-06 2.92948e-06 -1 1.72694e-07 0 -1 -2.92948e-06 3.9508 -1 3.90083e-12 -1.33158e-06 -47.059 0 0 0 1 
				27
				1.33158e-06 2.66316e-06 -1 1.44649e-07 0 -1 -2.66316e-06 3.3092 -1 3.54621e-12 -1.33158e-06 -48.7567 0 0 0 1 
				28
				1.33158e-06 2.92948e-06 -1 1.1361e-07 0 -1 -2.92948e-06 2.59912 -1 3.90083e-12 -1.33158e-06 -50.6356 0 0 0 1 
				29
				1.33158e-06 2.66316e-06 -1 8.17876e-08 0 -1 -2.66316e-06 1.8711 -1 3.54621e-12 -1.33158e-06 -52.562 0 0 0 1 
				30
				1.33158e-06 2.66316e-06 -1 5.14614e-08 0 -1 -2.66316e-06 1.17731 -1 3.54621e-12 -1.33158e-06 -54.3978 0 0 0 1 
				31
				1.33158e-06 2.66316e-06 -1 2.49129e-08 0 -1 -2.66316e-06 0.569956 -1 3.54621e-12 -1.33158e-06 -56.0049 0 0 0 1 
		</Joint>
			2
				-1
				1.38782e-06 -1.49834e-06 -1 1.29069e-05 -0.00079765 -1 1.49724e-06 -0.0924899 -1 0.00079765 -1.38901e-06 -70.0146 0 0 0 1 
				0
				1.40314e-06 -1.51522e-06 -1 1.29378e-05 -0.0128905 -0.999917 1.49701e-06 0.605638 -0.999917 0.0128905 -1.42255e-06 -67.7917 0 0 0 1 
				1
				1.42394e-06 -1.40161e-06 -1 1.29694e-05 -0.0267017 -0.999643 1.36309e-06 1.39697 -0.999643 0.0267017 -1.46086e-06 -65.2941 0 0 0 1 
				2
				1.44916e-06 -1.28935e-06 -1 1.30027e-05 -0.041189 -0.999151 1.22857e-06 2.22524 -0.999151 0.041189 -1.50104e-06 -62.6877 0 0 0 1 
				3
				1.45527e-06 -1.5759e-06 -1 1.30456e-05 -0.0553109 -0.998469 1.49299e-06 3.03414 -0.998469 0.0553109 -1.54021e-06 -60.1382 0 0 0 1 
				4
				1.47046e-06 -1.59459e-06 -1 1.30782e-05 -0.0680615 -0.997681 1.49081e-06 3.76918 -0.997681 0.0680615 -1.57558e-06 -57.8065 0 0 0 1 
				5
				1.48264e-06 -1.60995e-06 -1 1.31051e-05 -0.0784387 -0.996919 1.48869e-06 4.37585 -0.996919 0.0784387 -1.60436e-06 -55.8531 0 0 0 1 
				6
				1.49075e-06 -1.62035e-06 -1 1.31239e-05 -0.0854115 -0.996346 1.4871e-06 4.79787 -0.996346 0.0854115 -1.6237e-06 -54.444 0 0 0 1 
				7
				1.49368e-06 -1.62415e-06 -1 1.31319e-05 -0.0879503 -0.996125 1.48649e-06 4.97896 -0.996125 0.0879503 -1.63074e-06 -53.7449 0 0 0 1 
				8
				1.48938e-06 -1.61858e-06 -1 1.3125e-05 -0.0842308 -0.996446 1.48738e-06 4.82446 -0.996446 0.0842308 -1.62042e-06 -54.0171 0 0 0 1 
				9
				1.47787e-06 -1.60389e-06 -1 1.31035e-05 -0.07436 -0.997231 1.48956e-06 4.3426 -0.997231 0.07436 -1.59304e-06 -55.228 0 0 0 1 
				10
				1.46136e-06 -1.58333e-06 -1 1.30724e-05 -0.0603993 -0.998174 1.49217e-06 3.64186 -0.998174 0.0603993 -1.55432e-06 -57.0736 0 0 0 1 
				11
				1.44212e-06 -1.56009e-06 -1 1.30363e-05 -0.0444163 -0.999013 1.4945e-06 2.83069 -0.999013 0.0444163 -1.50999e-06 -59.2502 0 0 0 1 
				12
				1.42252e-06 -1.53717e-06 -1 1.3e-05 -0.0284218 -0.999596 1.49612e-06 2.01412 -0.999596 0.0284218 -1.46563e-06 -61.4633 0 0 0 1 
				13
				1.40508e-06 -1.51738e-06 -1 1.29681e-05 -0.0144326 -0.999896 1.49695e-06 1.29722 -0.999896 0.0144326 -1.42683e-06 -63.4186 0 0 0 1 
				14
				1.39257e-06 -1.50353e-06 -1 1.29455e-05 -0.00453102 -0.99999 1.49721e-06 0.788445 -0.99999 0.00453102 -1.39937e-06 -64.8121 0 0 0 1 
				15
				1.38782e-06 -1.49834e-06 -1 1.2937e-05 -0.00079765 -1 1.49724e-06 0.596268 -1 0.00079765 -1.38901e-06 -65.3399 0 0 0 1 
				16
				1.39257e-06 -1.50353e-06 -1 1.29453e-05 -0.00453101 -0.99999 1.49721e-06 0.783769 -0.99999 0.00453101 -1.39937e-06 -64.8438 0 0 0 1 
				17
				1.40508e-06 -1.51738e-06 -1 1.29674e-05 -0.0144326 -0.999896 1.49695e-06 1.28108 -0.999896 0.0144326 -1.42683e-06 -63.5281 0 0 0 1 
				18
				1.43009e-06 -1.27096e-06 -1 1.29916e-05 -0.0284218 -0.999596 1.2298e-06 1.98382 -0.999596 0.0284218 -1.46563e-06 -61.669 0 0 0 1 
				19
				1.44212e-06 -1.56009e-06 -1 1.30344e-05 -0.0444163 -0.999013 1.4945e-06 2.78764 -0.999013 0.0444163 -1.50999e-06 -59.5424 0 0 0 1 
				20
				1.47745e-06 -1.3175e-06 -1 1.30631e-05 -0.0603993 -0.998174 1.22586e-06 3.59145 -0.998174 0.0603993 -1.55432e-06 -57.4158 0 0 0 1 
				21
				1.47787e-06 -1.60389e-06 -1 1.31014e-05 -0.07436 -0.997231 1.48956e-06 4.29418 -0.997231 0.07436 -1.59304e-06 -55.5566 0 0 0 1 
				22
				1.48938e-06 -1.61858e-06 -1 1.31235e-05 -0.0842308 -0.996446 1.48738e-06 4.79147 -0.996446 0.0842308 -1.62042e-06 -54.241 0 0 0 1 
				23
				1.49368e-06 -1.62415e-06 -1 1.31319e-05 -0.0879503 -0.996125 1.48649e-06 4.97896 -0.996125 0.0879503 -1.63074e-06 -53.7449 0 0 0 1 
				24
				1.49075e-06 -1.62035e-06 -1 1.31262e-05 -0.0854115 -0.996346 1.4871e-06 4.85097 -0.996346 0.0854115 -1.6237e-06 -54.0836 0 0 0 1 
				25
				1.48264e-06 -1.60995e-06 -1 1.31106e-05 -0.0784387 -0.996919 1.48869e-06 4.49961 -0.996919 0.0784387 -1.60436e-06 -55.0131 0 0 0 1 
				26
				1.48858e-06 -1.32889e-06 -1 1.30803e-05 -0.0680615 -0.997681 1.22449e-06 3.97705 -0.997681 0.0680615 -1.57558e-06 -56.3956 0 0 0 1 
				27
				1.45527e-06 -1.5759e-06 -1 1.30588e-05 -0.0553109 -0.998469 1.49299e-06 3.33547 -0.998469 0.0553109 -1.54021e-06 -58.093 0 0 0 1 
				28
				1.44916e-06 -1.28935e-06 -1 1.30202e-05 -0.041189 -0.999151 1.22857e-06 2.62541 -0.999151 0.041189 -1.50104e-06 -59.9716 0 0 0 1 
				29
				1.42039e-06 -1.53472e-06 -1 1.29948e-05 -0.0267017 -0.999643 1.49625e-06 1.8974 -0.999643 0.0267017 -1.46086e-06 -61.8976 0 0 0 1 
				30
				1.40314e-06 -1.51522e-06 -1 1.2964e-05 -0.0128905 -0.999917 1.49701e-06 1.20362 -0.999917 0.0128905 -1.42255e-06 -63.7331 0 0 0 1 
				31
				1.38782e-06 -1.49834e-06 -1 1.2937e-05 -0.00079765 -1 1.49724e-06 0.596268 -1 0.00079765 -1.38901e-06 -65.3399 0 0 0 1 
		</Joint>
			3
				-1
				1.38782e-06 -1.49834e-06 -1 5.87346e-05 -0.00079765 -1 1.49724e-06 -0.0737242 -1 0.00079765 -1.38901e-06 -103.078 0 0 0 1 
				0
				1.41825e-06 -1.53228e-06 -1 5.92736e-05 -0.0249815 -0.999688 1.49637e-06 0.224565 -0.999688 0.0249815 -1.45609e-06 -100.853 0 0 0 1 
				1
				1.459e-06 -1.43896e-06 -1 5.99888e-05 -0.0525878 -0.998616 1.36024e-06 0.559216 -0.998616 0.0525878 -1.53266e-06 -98.3476 0 0 0 1 
				2
				1.50793e-06 -1.3491e-06 -1 6.08519e-05 -0.0815131 -0.996672 1.22169e-06 0.908398 -0.996672 0.0815131 -1.61288e-06 -95.7262 0 0 0 1 
				3
				1.5184e-06 -1.65701e-06 -1 6.11107e-05 -0.10966 -0.993969 1.48051e-06 1.25027 -0.993969 0.10966 -1.69095e-06 -93.1555 0 0 0 1 
				4
				1.54643e-06 -1.69617e-06 -1 6.16471e-05 -0.135017 -0.990843 1.47184e-06 1.5636 -0.990843 0.135017 -1.76128e-06 -90.7988 0 0 0 1 
				5
				1.56852e-06 -1.72858e-06 -1 6.20784e-05 -0.155606 -0.987819 1.46345e-06 1.82703 -0.987819 0.155606 -1.81839e-06 -88.8212 0 0 0 1 
				6
				1.58299e-06 -1.75063e-06 -1 6.23661e-05 -0.169413 -0.985545 1.45715e-06 2.01841 -0.985545 0.169413 -1.85668e-06 -87.3937 0 0 0 1 
				7
				1.58818e-06 -1.75871e-06 -1 6.24715e-05 -0.174434 -0.984669 1.45472e-06 2.11552 -0.984669 0.174434 -1.87061e-06 -86.6876 0 0 0 1 
				8
				1.58056e-06 -1.74688e-06 -1 6.23218e-05 -0.167077 -0.985944 1.45825e-06 2.08405 -0.985944 0.167077 -1.8502e-06 -86.97 0 0 0 1 
				9
				1.55991e-06 -1.71578e-06 -1 6.19184e-05 -0.147519 -0.989059 1.46689e-06 1.9287 -0.989059 0.147519 -1.79596e-06 -88.2059 0 0 0 1 
				10
				1.52971e-06 -1.67255e-06 -1 6.13394e-05 -0.119786 -0.9928 1.47727e-06 1.6897 -0.9928 0.119786 -1.71904e-06 -90.0816 0 0 0 1 
				11
				1.49368e-06 -1.62415e-06 -1 6.06651e-05 -0.0879503 -0.996125 1.48649e-06 1.40712 -0.996125 0.0879503 -1.63074e-06 -92.2844 0 0 0 1 
				12
				1.45613e-06 -1.57693e-06 -1 5.99784e-05 -0.0560243 -0.998429 1.49288e-06 1.11948 -0.998429 0.0560243 -1.54219e-06 -94.5154 0 0 0 1 
				13
				1.42207e-06 -1.53666e-06 -1 5.93682e-05 -0.0280648 -0.999606 1.49615e-06 0.865158 -0.999606 0.0280648 -1.46464e-06 -96.4793 0 0 0 1 
				14
				1.3973e-06 -1.50874e-06 -1 5.89307e-05 -0.00826432 -0.999966 1.49714e-06 0.683773 -0.999966 0.00826432 -1.40972e-06 -97.875 0 0 0 1 
				15
				1.38782e-06 -1.49834e-06 -1 5.87647e-05 -0.00079765 -1 1.49724e-06 0.615033 -1 0.00079765 -1.38901e-06 -98.4028 0 0 0 1 
				16
				1.3973e-06 -1.50874e-06 -1 5.89305e-05 -0.00826432 -0.999966 1.49714e-06 0.679097 -0.999966 0.00826432 -1.40972e-06 -97.9067 0 0 0 1 
				17
				1.42207e-06 -1.53666e-06 -1 5.93674e-05 -0.0280648 -0.999606 1.49615e-06 0.849015 -0.999606 0.0280648 -1.46464e-06 -96.5888 0 0 0 1 
				18
				1.47105e-06 -1.31104e-06 -1 6.02083e-05 -0.0560243 -0.998429 1.22656e-06 1.08918 -0.998429 0.0560243 -1.54219e-06 -94.721 0 0 0 1 
				19
				1.49368e-06 -1.62415e-06 -1 6.06633e-05 -0.0879503 -0.996125 1.48649e-06 1.36407 -0.996125 0.0879503 -1.63074e-06 -92.5766 0 0 0 1 
				20
				1.56161e-06 -1.40815e-06 -1 6.18501e-05 -0.119786 -0.9928 1.21095e-06 1.63929 -0.9928 0.119786 -1.71904e-06 -90.4237 0 0 0 1 
				21
				1.55992e-06 -1.71578e-06 -1 6.19163e-05 -0.147519 -0.989059 1.46689e-06 1.88027 -0.989059 0.147519 -1.79596e-06 -88.5346 0 0 0 1 
				22
				1.58056e-06 -1.74688e-06 -1 6.23204e-05 -0.167077 -0.985944 1.45825e-06 2.05106 -0.985944 0.167077 -1.8502e-06 -87.1939 0 0 0 1 
				23
				1.58818e-06 -1.75871e-06 -1 6.24715e-05 -0.174434 -0.984669 1.45472e-06 2.11552 -0.984669 0.174434 -1.87061e-06 -86.6876 0 0 0 1 
				24
				1.58299e-06 -1.75063e-06 -1 6.23684e-05 -0.169413 -0.985545 1.45715e-06 2.07151 -0.985545 0.169413 -1.85668e-06 -87.0332 0 0 0 1 
				25
				1.56852e-06 -1.72858e-06 -1 6.20838e-05 -0.155606 -0.987819 1.46345e-06 1.95079 -0.987819 0.155606 -1.81839e-06 -87.9812 0 0 0 1 
				26
				1.58239e-06 -1.43229e-06 -1 6.22366e-05 -0.135017 -0.990843 1.20552e-06 1.77147 -0.990843 0.135017 -1.76128e-06 -89.3879 0 0 0 1 
				27
				1.5184e-06 -1.65701e-06 -1 6.11239e-05 -0.10966 -0.993969 1.48051e-06 1.5516 -0.993969 0.10966 -1.69095e-06 -91.1102 0 0 0 1 
				28
				1.50793e-06 -1.3491e-06 -1 6.08694e-05 -0.0815131 -0.996672 1.22169e-06 1.30857 -0.996672 0.0815131 -1.61288e-06 -93.0101 0 0 0 1 
				29
				1.452e-06 -1.57193e-06 -1 5.99026e-05 -0.0525878 -0.998616 1.4934e-06 1.05964 -0.998616 0.0525878 -1.53266e-06 -94.9511 0 0 0 1 
				30
				1.41825e-06 -1.53228e-06 -1 5.92997e-05 -0.0249815 -0.999688 1.49637e-06 0.822552 -0.999688 0.0249815 -1.45609e-06 -96.7943 0 0 0 1 
				31
				1.38782e-06 -1.49834e-06 -1 5.87647e-05 -0.00079765 -1 1.49724e-06 0.615033 -1 0.00079765 -1.38901e-06 -98.4028 0 0 0 1 
		</Joint>
			4
				-1
				1.38782e-06 -1.49834e-06 -1 0.000137399 -0.00079765 -1 1.49724e-06 -0.114093 -1 0.00079765 -1.38901e-06 -159.764 0 0 0 1 
				0
				1.41825e-06 -1.53228e-06 -1 0.000139664 -0.0249815 -0.999688 1.49637e-06 -1.18671 -0.999688 0.0249815 -1.45609e-06 -157.522 0 0 0 1 
				1
				1.459e-06 -1.43896e-06 -1 0.000142689 -0.0525878 -0.998616 1.36024e-06 -2.41698 -0.998616 0.0525878 -1.53266e-06 -154.956 0 0 0 1 
				2
				1.50793e-06 -1.3491e-06 -1 0.000146325 -0.0815131 -0.996672 1.22169e-06 -3.70749 -0.996672 0.0815131 -1.61288e-06 -152.225 0 0 0 1 
				3
				1.5184e-06 -1.65701e-06 -1 0.000147179 -0.10966 -0.993969 1.48051e-06 -4.96118 -0.993969 0.10966 -1.69095e-06 -149.501 0 0 0 1 
				4
				1.54643e-06 -1.69617e-06 -1 0.000149304 -0.135017 -0.990843 1.47184e-06 -6.08529 -0.990843 0.135017 -1.76128e-06 -146.967 0 0 0 1 
				5
				1.56852e-06 -1.72858e-06 -1 0.000150988 -0.155606 -0.987819 1.46345e-06 -6.989 -0.987819 0.155606 -1.81839e-06 -144.818 0 0 0 1 
				6
				1.58299e-06 -1.75063e-06 -1 0.000152096 -0.169413 -0.985545 1.45715e-06 -7.58028 -0.985545 0.169413 -1.85668e-06 -143.262 0 0 0 1 
				7
				1.58818e-06 -1.75871e-06 -1 0.000152495 -0.174434 -0.984669 1.45472e-06 -7.7678 -0.984669 0.174434 -1.87061e-06 -142.506 0 0 0 1 
				8
				1.58056e-06 -1.74688e-06 -1 0.000151914 -0.167077 -0.985944 1.45825e-06 -7.38221 -0.985944 0.167077 -1.8502e-06 -142.861 0 0 0 1 
				9
				1.55991e-06 -1.71578e-06 -1 0.00015034 -0.147519 -0.989059 1.46689e-06 -6.42891 -0.989059 0.147519 -1.79596e-06 -144.273 0 0 0 1 
				10
				1.52971e-06 -1.67255e-06 -1 0.000148048 -0.119786 -0.9928 1.47727e-06 -5.09578 -0.9928 0.119786 -1.71904e-06 -146.361 0 0 0 1 
				11
				1.49368e-06 -1.62415e-06 -1 0.000145332 -0.0879503 -0.996125 1.48649e-06 -3.57368 -0.996125 0.0879503 -1.63074e-06 -148.752 0 0 0 1 
				12
				1.45613e-06 -1.57693e-06 -1 0.000142516 -0.0560243 -0.998429 1.49288e-06 -2.05152 -0.998429 0.0560243 -1.54219e-06 -151.113 0 0 0 1 
				13
				1.42207e-06 -1.53666e-06 -1 0.000139975 -0.0280648 -0.999606 1.49615e-06 -0.720902 -0.999606 0.0280648 -1.46464e-06 -153.144 0 0 0 1 
				14
				1.3973e-06 -1.50874e-06 -1 0.000138133 -0.00826432 -0.999966 1.49714e-06 0.220143 -0.999966 0.00826432 -1.40972e-06 -154.56 0 0 0 1 
				15
				1.38782e-06 -1.49834e-06 -1 0.000137429 -0.00079765 -1 1.49724e-06 0.574665 -1 0.00079765 -1.38901e-06 -155.09 0 0 0 1 
				16
				1.3973e-06 -1.50874e-06 -1 0.000138133 -0.00826432 -0.999966 1.49714e-06 0.215467 -0.999966 0.00826432 -1.40972e-06 -154.592 0 0 0 1 
				17
				1.42207e-06 -1.53666e-06 -1 0.000139974 -0.0280648 -0.999606 1.49614e-06 -0.737044 -0.999606 0.0280648 -1.46464e-06 -153.253 0 0 0 1 
				18
				1.47105e-06 -1.31104e-06 -1 0.00014359 -0.0560243 -0.998429 1.22656e-06 -2.08182 -0.998429 0.0560243 -1.54219e-06 -151.319 0 0 0 1 
				19
				1.49368e-06 -1.62415e-06 -1 0.00014533 -0.0879503 -0.996125 1.48649e-06 -3.61672 -0.996125 0.0879503 -1.63074e-06 -149.044 0 0 0 1 
				20
				1.56161e-06 -1.40815e-06 -1 0.000150366 -0.119786 -0.9928 1.21095e-06 -5.1462 -0.9928 0.119786 -1.71904e-06 -146.703 0 0 0 1 
				21
				1.55992e-06 -1.71578e-06 -1 0.000150338 -0.147519 -0.989059 1.46689e-06 -6.47734 -0.989059 0.147519 -1.79596e-06 -144.602 0 0 0 1 
				22
				1.58056e-06 -1.74688e-06 -1 0.000151912 -0.167077 -0.985944 1.45825e-06 -7.4152 -0.985944 0.167077 -1.8502e-06 -143.085 0 0 0 1 
				23
				1.58818e-06 -1.75871e-06 -1 0.000152495 -0.174434 -0.984669 1.45472e-06 -7.7678 -0.984669 0.174434 -1.87061e-06 -142.506 0 0 0 1 
				24
				1.58299e-06 -1.75063e-06 -1 0.000152098 -0.169413 -0.985545 1.45715e-06 -7.52717 -0.985545 0.169413 -1.85668e-06 -142.902 0 0 0 1 
				25
				1.56852e-06 -1.72858e-06 -1 0.000150993 -0.155606 -0.987819 1.46345e-06 -6.86524 -0.987819 0.155606 -1.81839e-06 -143.978 0 0 0 1 
				26
				1.58239e-06 -1.43229e-06 -1 0.000151931 -0.135017 -0.990843 1.20552e-06 -5.87742 -0.990843 0.135017 -1.76128e-06 -145.556 0 0 0 1 
				27
				1.5184e-06 -1.65701e-06 -1 0.000147192 -0.10966 -0.993969 1.48051e-06 -4.65984 -0.993969 0.10966 -1.69095e-06 -147.456 0 0 0 1 
				28
				1.50793e-06 -1.3491e-06 -1 0.000146342 -0.0815131 -0.996672 1.22169e-06 -3.30732 -0.996672 0.0815131 -1.61288e-06 -149.509 0 0 0 1 
				29
				1.452e-06 -1.57193e-06 -1 0.000142206 -0.0525878 -0.998616 1.4934e-06 -1.91656 -0.998616 0.0525878 -1.53266e-06 -151.56 0 0 0 1 
				30
				1.41825e-06 -1.53228e-06 -1 0.00013969 -0.0249815 -0.999688 1.49637e-06 -0.588724 -0.999688 0.0249815 -1.45609e-06 -153.464 0 0 0 1 
				31
				1.38782e-06 -1.49834e-06 -1 0.000137429 -0.00079765 -1 1.49724e-06 0.574665 -1 0.00079765 -1.38901e-06 -155.09 0 0 0 1 
		</Joint>
			5
				-1
				1.38685e-06 -1.49724e-06 -1 0.000145848 0 -1 1.49724e-06 -0.118949 -1 -2.07645e-12 -1.38685e-06 -165.852 0 0 0 1 
				0
				1.38681e-06 -1.49725e-06 -1 0.000148298 0 -1 1.49725e-06 -1.3388 -1 -2.0764e-12 -1.38681e-06 -163.608 0 0 0 1 
				1
				1.38683e-06 -1.36409e-06 -1 0.000151571 0 -1 1.36409e-06 -2.73713 -1 -1.89176e-12 -1.38683e-06 -161.036 0 0 0 1 
				2
				1.38681e-06 -1.23093e-06 -1 0.000155505 0 -1 1.23093e-06 -4.20374 -1 -1.70706e-12 -1.38681e-06 -158.292 0 0 0 1 
				3
				1.38681e-06 -1.49724e-06 -1 0.000156423 0 -1 1.49724e-06 -5.62878 -1 -2.07639e-12 -1.38681e-06 -155.552 0 0 0 1 
				4
				1.38683e-06 -1.49723e-06 -1 0.000158719 0 -1 1.49723e-06 -6.90727 -1 -2.07641e-12 -1.38683e-06 -152.999 0 0 0 1 
				5
				1.38684e-06 -1.49724e-06 -1 0.000160537 0 -1 1.49724e-06 -7.93632 -1 -2.07642e-12 -1.38684e-06 -150.832 0 0 0 1 
				6
				1.38683e-06 -1.49724e-06 -1 0.000161733 0 -1 1.49724e-06 -8.61166 -1 -2.07642e-12 -1.38683e-06 -149.262 0 0 0 1 
				7
				1.3869e-06 -1.49724e-06 -1 0.000162164 0 -1 1.49724e-06 -8.82975 -1 -2.07652e-12 -1.3869e-06 -148.501 0 0 0 1 
				8
				1.38683e-06 -1.49725e-06 -1 0.000161536 0 -1 1.49725e-06 -8.39937 -1 -2.07643e-12 -1.38683e-06 -148.863 0 0 0 1 
				9
				1.38683e-06 -1.49724e-06 -1 0.000159837 0 -1 1.49724e-06 -7.32701 -1 -2.07642e-12 -1.38683e-06 -150.295 0 0 0 1 
				10
				1.3868e-06 -1.49723e-06 -1 0.000157361 0 -1 1.49723e-06 -5.82504 -1 -2.07637e-12 -1.3868e-06 -152.405 0 0 0 1 
				11
				1.38709e-06 -1.49724e-06 -1 0.000154425 0 -1 1.49724e-06 -4.10911 -1 -2.07681e-12 -1.38709e-06 -154.816 0 0 0 1 
				12
				1.38686e-06 -1.49723e-06 -1 0.000151381 0 -1 1.49723e-06 -2.39259 -1 -2.07645e-12 -1.38686e-06 -157.192 0 0 0 1 
				13
				1.38685e-06 -1.49724e-06 -1 0.000148633 0 -1 1.49724e-06 -0.891759 -1 -2.07645e-12 -1.38685e-06 -159.229 0 0 0 1 
				14
				1.38686e-06 -1.49725e-06 -1 0.00014664 0 -1 1.49725e-06 0.16983 -1 -2.07648e-12 -1.38686e-06 -160.648 0 0 0 1 
				15
				1.38685e-06 -1.49724e-06 -1 0.000145879 0 -1 1.49724e-06 0.569809 -1 -2.07645e-12 -1.38685e-06 -161.178 0 0 0 1 
				16
				1.38686e-06 -1.49725e-06 -1 0.00014664 0 -1 1.49725e-06 0.165154 -1 -2.07648e-12 -1.38686e-06 -160.679 0 0 0 1 
				17
				1.38685e-06 -1.49724e-06 -1 0.000148632 0 -1 1.49724e-06 -0.907902 -1 -2.07645e-12 -1.38685e-06 -159.339 0 0 0 1 
				18
				1.38684e-06 -1.23092e-06 -1 0.000152546 0 -1 1.23092e-06 -2.42289 -1 -1.70709e-12 -1.38684e-06 -157.397 0 0 0 1 
				19
				1.38709e-06 -1.49724e-06 -1 0.000154423 0 -1 1.49724e-06 -4.15216 -1 -2.07681e-12 -1.38709e-06 -155.109 0 0 0 1 
				20
				1.38683e-06 -1.23092e-06 -1 0.000159873 0 -1 1.23092e-06 -5.87546 -1 -1.70708e-12 -1.38683e-06 -152.747 0 0 0 1 
				21
				1.38683e-06 -1.49724e-06 -1 0.000159835 0 -1 1.49724e-06 -7.37544 -1 -2.07642e-12 -1.38683e-06 -150.623 0 0 0 1 
				22
				1.3868e-06 -1.49725e-06 -1 0.000161535 0 -1 1.49725e-06 -8.43236 -1 -2.07639e-12 -1.3868e-06 -149.087 0 0 0 1 
				23
				1.3869e-06 -1.49724e-06 -1 0.000162164 0 -1 1.49724e-06 -8.82975 -1 -2.07652e-12 -1.3869e-06 -148.501 0 0 0 1 
				24
				1.38703e-06 -1.49724e-06 -1 0.000161735 0 -1 1.49724e-06 -8.55855 -1 -2.07672e-12 -1.38703e-06 -148.901 0 0 0 1 
				25
				1.38692e-06 -1.49724e-06 -1 0.000160542 0 -1 1.49724e-06 -7.81256 -1 -2.07654e-12 -1.38692e-06 -149.992 0 0 0 1 
				26
				1.38686e-06 -1.23092e-06 -1 0.000161564 0 -1 1.23091e-06 -6.6994 -1 -1.70711e-12 -1.38686e-06 -151.589 0 0 0 1 
				27
				1.38681e-06 -1.49724e-06 -1 0.000156436 0 -1 1.49724e-06 -5.32745 -1 -2.07639e-12 -1.38681e-06 -153.507 0 0 0 1 
				28
				1.3868e-06 -1.23093e-06 -1 0.000155523 0 -1 1.23093e-06 -3.80357 -1 -1.70705e-12 -1.3868e-06 -155.576 0 0 0 1 
				29
				1.38685e-06 -1.49724e-06 -1 0.000151046 0 -1 1.49724e-06 -2.23671 -1 -2.07645e-12 -1.38685e-06 -157.639 0 0 0 1 
				30
				1.38686e-06 -1.49725e-06 -1 0.000148324 0 -1 1.49725e-06 -0.740811 -1 -2.07647e-12 -1.38686e-06 -159.55 0 0 0 1 
				31
				1.38685e-06 -1.49724e-06 -1 0.000145879 0 -1 1.49724e-06 0.569809 -1 -2.07645e-12 -1.38685e-06 -161.178 0 0 0 1 
		</Joint>
			6
		</Joint>
			7
				-1
				0.939692 -1.29131e-06 -0.342022 7.67735 1.70122e-06 1 8.98507e-07 -0.118923 0.342022 -1.42617e-06 0.939692 -151.034 0 0 0 1 
				0
				0.939692 -1.25542e-06 -0.342022 7.67735 0.00827315 0.999707 0.0227265 -0.9804 0.341922 -0.0241855 0.939417 -148.794 0 0 0 1 
				1
				0.939692 -1.35049e-06 -0.342022 7.67735 0.0177155 0.998658 0.0486687 -1.96964 0.341563 -0.0517927 0.938431 -146.237 0 0 0 1 
				2
				0.939692 -1.43364e-06 -0.342022 7.67735 0.0276092 0.996737 0.075851 -3.00759 0.340906 -0.0807195 0.936626 -143.522 0 0 0 1 
				3
				0.939692 -1.13275e-06 -0.342022 7.67736 0.0372364 0.994056 0.102302 -4.01551 0.339989 -0.108868 0.934107 -140.822 0 0 0 1 
				4
				0.939692 -1.0835e-06 -0.342022 7.67736 0.04591 0.990951 0.126133 -4.9182 0.338927 -0.134228 0.931188 -138.315 0 0 0 1 
				5
				0.939692 -1.06122e-06 -0.342022 7.67736 0.0529526 0.987943 0.145482 -5.64213 0.337898 -0.15482 0.928362 -136.192 0 0 0 1 
				6
				0.939692 -1.03918e-06 -0.342022 7.67736 0.0576754 0.98568 0.158458 -6.11284 0.337124 -0.168628 0.926236 -134.656 0 0 0 1 
				7
				0.939692 -1.03197e-06 -0.342022 7.67736 0.0593929 0.984808 0.163177 -6.25652 0.336825 -0.17365 0.925416 -133.907 0 0 0 1 
				8
				0.939692 -1.04376e-06 -0.342022 7.67736 0.0568763 0.986077 0.156262 -5.93517 0.33726 -0.166291 0.926608 -134.251 0 0 0 1 
				9
				0.939692 -1.07401e-06 -0.342022 7.67736 0.0501865 0.989176 0.137882 -5.15266 0.33832 -0.146732 0.929521 -135.637 0 0 0 1 
				10
				0.939692 -1.107e-06 -0.342022 7.67736 0.0407001 0.992895 0.111819 -4.0617 0.339591 -0.118996 0.933015 -137.692 0 0 0 1 
				11
				0.939692 -1.16647e-06 -0.342022 7.67736 0.0298107 0.996195 0.0819005 -2.81757 0.34072 -0.0871572 0.936116 -140.054 0 0 0 1 
				12
				0.939692 -1.20796e-06 -0.342022 7.67735 0.0188908 0.998473 0.0518982 -1.57417 0.3415 -0.0552293 0.938258 -142.396 0 0 0 1 
				13
				0.939692 -1.25274e-06 -0.342022 7.67735 0.00932773 0.999628 0.0256239 -0.48767 0.341894 -0.0272689 0.939343 -144.416 0 0 0 1 
				14
				0.939692 -1.281e-06 -0.342022 7.67735 0.00255546 0.999972 0.0070173 0.280501 0.342012 -0.00746812 0.939666 -145.83 0 0 0 1 
				15
				0.939692 -1.29131e-06 -0.342022 7.67735 1.70122e-06 1 8.98507e-07 0.569835 0.342022 -1.42617e-06 0.939692 -146.359 0 0 0 1 
				16
				0.939692 -1.281e-06 -0.342022 7.67735 0.00255546 0.999972 0.00701729 0.275825 0.342012 -0.00746812 0.939666 -145.861 0 0 0 1 
				17
				0.939692 -1.25274e-06 -0.342022 7.67735 0.00932773 0.999628 0.0256239 -0.503813 0.341894 -0.0272689 0.939343 -144.526 0 0 0 1 
				18
				0.939692 -1.47359e-06 -0.342022 7.67735 0.018891 0.998473 0.0518981 -1.60447 0.3415 -0.0552293 0.938258 -142.602 0 0 0 1 
				19
				0.939692 -1.16647e-06 -0.342022 7.67736 0.0298107 0.996195 0.0819005 -2.86062 0.34072 -0.0871572 0.936116 -140.346 0 0 0 1 
				20
				0.939692 -1.37142e-06 -0.342022 7.67736 0.0407004 0.992895 0.111819 -4.11211 0.339591 -0.118996 0.933015 -138.034 0 0 0 1 
				21
				0.939692 -1.07401e-06 -0.342022 7.67736 0.0501865 0.989176 0.137882 -5.20109 0.33832 -0.146732 0.929521 -135.965 0 0 0 1 
				22
				0.939692 -1.04376e-06 -0.342022 7.67736 0.0568763 0.986077 0.156262 -5.96816 0.33726 -0.166291 0.926608 -134.475 0 0 0 1 
				23
				0.939692 -1.03197e-06 -0.342022 7.67736 0.0593929 0.984808 0.163177 -6.25652 0.336825 -0.17365 0.925416 -133.907 0 0 0 1 
				24
				0.939692 -1.03918e-06 -0.342022 7.67736 0.0576754 0.98568 0.158458 -6.05974 0.337124 -0.168628 0.926236 -134.295 0 0 0 1 
				25
				0.939692 -1.06122e-06 -0.342022 7.67736 0.0529526 0.987943 0.145482 -5.51836 0.337898 -0.15482 0.928362 -135.352 0 0 0 1 
				26
				0.939692 -1.34741e-06 -0.342022 7.67736 0.0459102 0.990951 0.126133 -4.71033 0.338927 -0.134228 0.931188 -136.904 0 0 0 1 
				27
				0.939692 -1.13275e-06 -0.342022 7.67736 0.0372364 0.994056 0.102302 -3.71418 0.339989 -0.108868 0.934107 -138.777 0 0 0 1 
				28
				0.939692 -1.43364e-06 -0.342022 7.67735 0.0276092 0.996737 0.075851 -2.60742 0.340906 -0.0807195 0.936626 -140.806 0 0 0 1 
				29
				0.939692 -1.21751e-06 -0.342022 7.67735 0.0177154 0.998658 0.0486688 -1.46921 0.341563 -0.0517927 0.938431 -142.841 0 0 0 1 
				30
				0.939692 -1.25727e-06 -0.342022 7.67735 0.00827315 0.999707 0.0227265 -0.382412 0.341922 -0.0241855 0.939417 -144.735 0 0 0 1 
				31
				0.939692 -1.29131e-06 -0.342022 7.67735 1.70122e-06 1 8.98507e-07 0.569835 0.342022 -1.42617e-06 0.939692 -146.359 0 0 0 1 
		</Joint>
			8
				-1
				0.513061 0.661329 -0.547186 25.3579 -0.0983743 0.678587 0.727902 -0.118891 0.852696 -0.319629 0.413214 -144.599 0 0 0 1 
				0
				0.563425 0.518907 -0.642875 25.3579 -0.192947 0.839269 0.508329 -0.824737 0.80332 -0.162364 0.572987 -142.361 0 0 0 1 
				1
				0.626303 0.333573 -0.704609 25.358 -0.250073 0.942033 0.223691 -1.63631 0.738382 0.0361053 0.673416 -139.811 0 0 0 1 
				2
				0.69599 0.130163 -0.706155 25.3579 -0.272078 0.957906 -0.0915946 -2.48812 0.664508 0.255878 0.702108 -137.108 0 0 0 1 
				3
				0.76632 -0.0562349 -0.639993 25.358 -0.264648 0.880087 -0.394218 -3.3149 0.585418 0.471471 0.659546 -134.425 0 0 0 1 
				4
				0.83275 -0.192196 -0.519219 25.358 -0.235201 0.726171 -0.646031 -4.05439 0.501206 0.660103 0.559514 -131.938 0 0 0 1 
				5
				0.892344 -0.255962 -0.371761 25.358 -0.191654 0.530839 -0.825518 -4.64581 0.408646 0.807895 0.424634 -129.835 0 0 0 1 
				6
				0.942594 -0.241775 -0.230349 25.358 -0.141941 0.334304 -0.931715 -5.02766 0.302272 0.910926 0.280795 -128.313 0 0 0 1 
				7
				0.97961 -0.159026 -0.12278 25.358 -0.0949602 0.172057 -0.980499 -5.13902 0.17705 0.972166 0.153448 -127.57 0 0 0 1 
				8
				0.99838 0.00650396 -0.0565178 25.358 -0.0567763 0.0509129 -0.997088 -4.86503 -0.00360754 0.998682 0.0511997 -127.905 0 0 0 1 
				9
				0.967418 0.251128 -0.032194 25.358 -0.024627 -0.0332177 -0.999145 -4.20838 -0.251983 0.967384 -0.0259509 -129.271 0 0 0 1 
				10
				0.854339 0.517882 -0.0436323 25.358 -0.00274483 -0.0794567 -0.996834 -3.29591 -0.519709 0.851754 -0.0664615 -131.302 0 0 0 1 
				11
				0.659607 0.748188 -0.0716421 25.358 0.0022569 -0.0972893 -0.995254 -2.25667 -0.751607 0.656315 -0.0658614 -133.644 0 0 0 1 
				12
				0.422609 0.900535 -0.102164 25.3579 -0.0289148 -0.099271 -0.99464 -1.21874 -0.90585 0.423298 -0.0159141 -135.971 0 0 0 1 
				13
				0.187392 0.977039 -0.101383 25.3579 -0.0249785 -0.0984381 -0.994829 -0.312166 -0.981967 0.188955 0.00595853 -137.984 0 0 0 1 
				14
				0.0235506 0.994458 -0.102461 25.3579 -0.0708358 -0.100572 -0.992405 0.328583 -0.99721 0.0306296 0.0680747 -139.395 0 0 0 1 
				15
				-0.0382594 0.994413 -0.0983844 25.3579 -0.0833566 -0.101289 -0.991359 0.569867 -0.995785 -0.0297278 0.0867662 -139.924 0 0 0 1 
				16
				0.0370457 0.994692 -0.0959946 25.3579 -0.0899381 -0.092352 -0.991656 0.323907 -0.995258 0.0453701 0.0860395 -139.426 0 0 0 1 
				17
				0.257103 0.961262 -0.0993688 25.3579 -0.13553 -0.0659429 -0.988576 -0.328309 -0.956833 0.267634 0.113326 -138.093 0 0 0 1 
				18
				0.486583 0.86778 -0.100971 25.358 -0.164857 -0.0222959 -0.986065 -1.24903 -0.857939 0.496448 0.132211 -136.176 0 0 0 1 
				19
				0.745435 0.659823 -0.0946588 25.3579 -0.154321 0.0326796 -0.98748 -2.29972 -0.648469 0.75071 0.126185 -133.936 0 0 0 1 
				20
				0.916338 0.387319 -0.101533 25.358 -0.146861 0.0892088 -0.985126 -3.34632 -0.3725 0.91762 0.138628 -131.644 0 0 0 1 
				21
				0.9871 0.115024 -0.111372 25.358 -0.126601 0.134915 -0.982736 -4.25681 -0.0980126 0.984158 0.147737 -129.6 0 0 0 1 
				22
				0.989235 -0.0843607 -0.119567 25.358 -0.1047 0.162797 -0.981089 -4.89802 0.10223 0.983046 0.152212 -128.129 0 0 0 1 
				23
				0.97961 -0.159026 -0.12278 25.358 -0.0949603 0.172057 -0.980499 -5.13902 0.17705 0.972166 0.153448 -127.57 0 0 0 1 
				24
				0.986798 -0.108135 -0.120568 25.358 -0.101676 0.165821 -0.9809 -4.97456 0.126063 0.980209 0.152637 -127.952 0 0 0 1 
				25
				0.992866 0.0327344 -0.114651 25.358 -0.118248 0.147003 -0.982042 -4.52204 -0.0152925 0.988594 0.149825 -128.995 0 0 0 1 
				26
				0.964799 0.240362 -0.106714 25.358 -0.137495 0.11512 -0.98379 -3.84652 -0.224181 0.963833 0.144116 -130.527 0 0 0 1 
				27
				0.871658 0.479975 -0.0991813 25.358 -0.151634 0.071664 -0.985835 -3.01357 -0.466068 0.87435 0.135247 -132.38 0 0 0 1 
				28
				0.701137 0.707154 -0.0913227 25.3579 -0.149082 0.0201422 -0.98862 -2.08794 -0.697267 0.706772 0.119546 -134.392 0 0 0 1 
				29
				0.446707 0.889215 -0.0987372 25.358 -0.158834 -0.0297869 -0.986856 -1.13589 -0.880468 0.456519 0.127932 -136.414 0 0 0 1 
				30
				0.213697 0.971762 -0.100059 25.3579 -0.135783 -0.0718843 -0.988127 -0.22675 -0.967417 0.224747 0.116587 -138.302 0 0 0 1 
				31
				-0.0382594 0.994413 -0.0983844 25.3579 -0.0833566 -0.101289 -0.991359 0.569867 -0.995785 -0.0297278 0.0867662 -139.924 0 0 0 1 
		</Joint>
			9
				-1
				0.0196505 0.836781 -0.547185 41.7681 -0.482371 0.487316 0.727902 -3.26537 0.875747 0.249643 0.413214 -117.325 0 0 0 1 
				0
				0.000376414 0.765971 -0.642874 43.379 -0.747843 0.427004 0.508329 -6.99611 0.663876 0.480578 0.572987 -116.667 0 0 0 1 
				1
				0.0234659 0.709208 -0.704609 45.3901 -0.941148 0.253381 0.223691 -9.63485 0.337178 0.657892 0.673416 -116.194 0 0 0 1 
				2
				0.072336 0.704352 -0.706155 47.619 -0.995742 0.0104322 -0.0915947 -11.1905 -0.0571482 0.709773 0.702108 -115.854 0 0 0 1 
				3
				0.101136 0.761696 -0.639993 49.8686 -0.894108 -0.212514 -0.394218 -11.7796 -0.436282 0.612093 0.659546 -115.7 0 0 0 1 
				4
				0.0708252 0.851702 -0.519219 51.9933 -0.684951 -0.336878 -0.646031 -11.5773 -0.725139 0.401395 0.559514 -115.907 0 0 0 1 
				5
				-0.0205947 0.9281 -0.371761 53.8994 -0.449972 -0.340656 -0.825518 -10.7758 -0.892806 0.150281 0.424634 -116.764 0 0 0 1 
				6
				-0.139132 0.96311 -0.230349 55.5066 -0.254056 -0.259541 -0.931716 -9.56763 -0.95713 -0.0711102 0.280795 -118.644 0 0 0 1 
				7
				-0.238122 0.963444 -0.12278 56.6906 -0.120996 -0.154858 -0.980499 -8.17631 -0.963669 -0.218622 0.153448 -121.907 0 0 0 1 
				8
				-0.290266 0.955275 -0.0565178 57.2909 -0.0326567 -0.0689145 -0.997088 -6.68101 -0.956388 -0.287576 0.0511997 -128.021 0 0 0 1 
				9
				-0.299627 0.953513 -0.032194 56.3006 0.0344182 -0.0229193 -0.999145 -4.99607 -0.953435 -0.300479 -0.0259509 -137.331 0 0 0 1 
				10
				-0.273586 0.960857 -0.0436323 52.6838 0.0759039 -0.0236539 -0.996834 -3.38371 -0.958848 -0.276031 -0.0664614 -147.925 0 0 0 1 
				11
				-0.223278 0.972118 -0.0716422 46.4554 0.0803577 -0.0548906 -0.995254 -2.18449 -0.971437 -0.227975 -0.0658613 -157.684 0 0 0 1 
				12
				-0.158085 0.982126 -0.102164 38.875 0.032028 -0.0983106 -0.99464 -2.14357 -0.986906 -0.16051 -0.0159141 -164.944 0 0 0 1 
				13
				-0.10496 0.989295 -0.101383 31.3516 0.00474013 -0.101447 -0.994829 -1.1111 -0.994465 -0.104898 0.00595854 -169.392 0 0 0 1 
				14
				-0.0579675 0.993047 -0.102461 26.1112 -0.0623618 -0.106035 -0.992405 -1.93708 -0.996369 -0.0511376 0.0680747 -171.29 0 0 0 1 
				15
				-0.040171 0.994337 -0.0983844 24.1342 -0.0831617 -0.101449 -0.991359 -2.09628 -0.995726 -0.031642 0.0867662 -171.774 0 0 0 1 
				16
				-0.0488193 0.994184 -0.0959945 26.5428 -0.0816442 -0.0997595 -0.991656 -2.55275 -0.995465 -0.0405746 0.0860395 -171.259 0 0 0 1 
				17
				-0.0484567 0.99387 -0.0993692 33.5813 -0.108947 -0.104152 -0.988576 -4.66322 -0.992866 -0.0370771 0.113326 -168.697 0 0 0 1 
				18
				-0.114399 0.98829 -0.100971 40.9212 -0.120501 -0.114693 -0.986065 -6.52194 -0.9861 -0.100638 0.132211 -163.617 0 0 0 1 
				19
				-0.140622 0.985528 -0.0946587 49.2005 -0.11222 -0.110859 -0.98748 -7.23565 -0.983683 -0.128238 0.126185 -154.677 0 0 0 1 
				20
				-0.176911 0.978976 -0.101532 54.6668 -0.119247 -0.12372 -0.985126 -8.04365 -0.976976 -0.162172 0.138628 -143.559 0 0 0 1 
				21
