<?xml version='1.0' encoding='UTF-8' ?>
<itpanim>
	<skeleton count>
		25
			0 -1
			1.37091e-06 -1 -6.12323e-17 1.4e-05 1 1.37091e-06 -6.12323e-17 -1.91963e-11 6.12323e-17 -6.12323e-17 1 58.5533 0 0 0 1 
			1 0
			1.3868e-06 -2.28068e-12 -1 -58.5533 2.75771e-06 -1 6.10495e-12 1.40002e-05 -1 -2.75771e-06 -1.3868e-06 -8.12017e-05 0 0 0 1 
			2 1
			1.40269e-06 -0.000796318 -1 -67.8882 0 -1 0.000796318 0.0803988 -1 -1.11699e-09 -1.40269e-06 -2.22975e-07 0 0 0 1 
			3 2
			1.40269e-06 -0.000796318 -1 -100.951 0 -1 0.000796318 0.125537 -1 -1.11699e-09 -1.40269e-06 -3.4817e-07 0 0 0 1 
			4 3
			1.40269e-06 -0.000796318 -1 -157.638 0 -1 0.000796318 0.130385 -1 -1.11699e-09 -1.40269e-06 -3.61616e-07 0 0 0 1 
			5 4
			1.34309e-06 9.82436e-13 -1 -163.726 -1.40269e-06 -1 -2.86637e-12 6.843e-06 -1 1.40269e-06 -1.34309e-06 -0.000219899 0 0 0 1 
			6 5
			1 -0 0 0 0 1 0 0 -0 -0 1 -0 0 0 0 1 
			7 4
			0.939693 1.30318e-06 0.34202 43.7151 -1.38586e-06 1 -2.63612e-09 -3.76881e-06 -0.34202 -4.71514e-07 0.939693 142.553 0 0 0 1 
			8 7
			0.64989 0.118088 0.750799 90.4882 -0.0275106 0.990863 -0.132033 -18.1135 -0.759531 0.065152 0.647201 111.468 0 0 0 1 
			9 8
			0.642057 -0.0844314 0.761994 60.9558 0.104289 0.994297 0.0222969 -5.92664 -0.75953 0.065152 0.647201 111.468 0 0 0 1 
			10 9
			0.642057 -0.0844314 0.761994 28.628 -0.759447 0.0659437 0.647218 111.463 -0.104894 -0.994245 -0.0217816 6.0154 0 0 0 1 
			11 4
			-0.939693 -1.27328e-06 0.34202 43.7151 -1.35596e-06 1 -2.63613e-09 -3.76881e-06 -0.34202 -4.66242e-07 -0.939693 -142.553 0 0 0 1 
			12 11
			-0.64989 0.118086 0.750799 90.4882 0.0275078 0.990863 -0.132033 -18.1135 -0.75953 -0.0651541 -0.647201 -111.468 0 0 0 1 
			13 12
			-0.642057 -0.0844331 0.761994 60.9559 -0.104292 0.994297 0.0222969 -5.92664 -0.75953 -0.065154 -0.647201 -111.468 0 0 0 1 
			14 13
			-0.642057 -0.0844331 0.761993 28.628 0.759447 0.0659458 0.647218 111.463 -0.104897 0.994244 0.0217816 -6.0154 0 0 0 1 
			15 2
			0.0553766 -0.0626594 0.996497 57.2683 -0.0485968 -0.997015 -0.0599913 -2.56494 0.997282 -0.0451045 -0.0582563 -22.8596 0 0 0 1 
			16 15
			0.0622516 0.0929321 0.993725 21.563 -0.0394076 -0.99465 0.0954874 0.793302 0.997282 -0.0451045 -0.0582563 -22.8596 0 0 0 1 
			17 16
			1.3716e-06 -6.00745e-14 1 7.62276 0 -1 -6.00745e-14 -0.82329 1 8.23984e-20 -1.3716e-06 -22.4394 0 0 0 1 
			18 17
			1.3716e-06 -1 -6.12323e-17 -13.0552 0 6.12323e-17 -1 0.670089 1 1.3716e-06 8.39865e-23 -22.4394 0 0 0 1 
			19 18
			1 -0 0 0 0 1 0 0 -0 -0 1 -0 0 0 0 1 
			20 2
			-0.0553766 -0.0626595 0.996497 57.2683 0.0485995 -0.997015 -0.0599913 -2.56494 0.997282 0.0451072 0.0582565 22.8596 0 0 0 1 
			21 20
			-0.062252 0.0929319 0.993724 21.563 0.0394103 -0.99465 0.0954874 0.793303 0.997282 0.0451072 0.0582565 22.8596 0 0 0 1 
			22 21
			1.3716e-06 -6.00745e-14 1 7.62277 0 -1 -6.00745e-14 -0.82329 1 8.23984e-20 -1.3716e-06 22.4394 0 0 0 1 
			23 22
			1.3716e-06 -1 -6.12323e-17 -13.0552 0 6.12323e-17 -1 0.670089 1 1.3716e-06 8.39865e-23 22.4394 0 0 0 1 
			24 23
			1 -0 0 0 0 1 0 0 -0 -0 1 -0 0 0 0 1 
	</skeleton>
		<animations>
			33
			0
				-1
				-0.422617 0.906308 0 -1.95317e-06 -0.906308 -0.422617 -0 3.1235e-15 -0 -0 1 -51.0106 0 0 0 1 
				0
				-0.315823 0.948818 0 -2.14786e-06 -0.948818 -0.315823 -0 3.1235e-15 -0 -0 1 -51.0106 0 0 0 1 
				1
				-0.196426 0.980519 6.0032e-34 -2.3424e-06 -0.980519 -0.196426 -1.26911e-32 3.1235e-15 -1.2326e-32 -3.08149e-33 1 -51.0106 0 0 0 1 
				2
				-0.0706324 0.997502 -1.02163e-34 -2.53687e-06 -0.997502 -0.0706324 -1.23496e-32 3.1235e-15 -1.2326e-32 -7.70372e-34 1 -51.0106 0 0 0 1 
				3
				0.054516 0.998513 -2.87348e-34 -2.73138e-06 -0.998513 0.054516 1.23286e-32 3.1235e-15 1.2326e-32 -3.85186e-34 1 -51.0106 0 0 0 1 
				4
				0.172098 0.98508 -1.20704e-33 -2.926e-06 -0.98508 0.172098 2.48144e-32 3.1235e-15 2.46519e-32 -3.08149e-33 1 -51.0106 0 0 0 1 
				5
				0.275901 0.961186 2.96188e-33 -3.12085e-06 -0.961186 0.275901 8.50184e-34 3.1235e-15 -0 -3.08149e-33 1 -51.0106 0 0 0 1 
				6
				0.36073 0.932671 1.57232e-33 -3.31599e-06 -0.932671 0.36073 -1.26076e-32 3.1235e-15 -1.2326e-32 3.08149e-33 1 -51.0106 0 0 0 1 
				7
				0.422619 0.906307 -1.88181e-34 -3.51154e-06 -0.906307 0.422619 -6.88785e-33 3.1235e-15 -6.16298e-33 3.08149e-33 1 -51.0106 0 0 0 1 
				8
				0.465374 0.885114 8.32303e-33 -3.70745e-06 -0.885114 0.465374 -2.58684e-33 3.1235e-15 -6.16298e-33 -6.16298e-33 1 -51.0106 0 0 0 1 
				9
				0.49527 0.868739 0 -3.90363e-06 -0.868739 0.49527 0 3.1235e-15 -0 -0 1 -51.0106 0 0 0 1 
				10
				0.512934 0.858428 0 -4.10007e-06 -0.858428 0.512934 0 3.1235e-15 -0 -0 1 -51.0106 0 0 0 1 
				11
				0.518774 0.854911 0 -4.29675e-06 -0.854911 0.518774 0 3.1235e-15 -0 -0 1 -51.0106 0 0 0 1 
				12
				0.512934 0.858428 0 -4.49365e-06 -0.858428 0.512934 0 3.1235e-15 -0 -0 1 -51.0106 0 0 0 1 
				13
				0.49527 0.868739 0 -4.69076e-06 -0.868739 0.49527 0 3.1235e-15 -0 -0 1 -51.0106 0 0 0 1 
				14
				0.465374 0.885114 8.32303e-33 -4.88807e-06 -0.885114 0.465374 -2.58684e-33 3.1235e-15 -6.16298e-33 -6.16298e-33 1 -51.0106 0 0 0 1 
				15
				0.422619 0.906307 -1.88181e-34 -5.08556e-06 -0.906307 0.422619 -6.88785e-33 3.1235e-15 -6.16298e-33 3.08149e-33 1 -51.0106 0 0 0 1 
				16
				0.355198 0.934791 0 -5.32614e-06 -0.934791 0.355198 0 3.1235e-15 -0 -0 1 -51.0106 0 0 0 1 
				17
				0.256185 0.966628 1.79075e-34 -5.62924e-06 -0.966628 0.256185 -1.2704e-32 3.1235e-15 -1.2326e-32 3.08149e-33 1 -51.0106 0 0 0 1 
				18
				0.134163 0.990959 -1.39994e-33 -5.95724e-06 -0.990959 0.134163 -1.26279e-32 3.1235e-15 -1.2326e-32 3.08149e-33 1 -51.0106 0 0 0 1 
				19
				1.5979e-06 1 0 -6.2725e-06 -1 1.5979e-06 0 3.1235e-15 -0 -0 1 -51.0106 0 0 0 1 
				20
				-0.13416 0.99096 -1.26838e-34 -6.53859e-06 -0.99096 -0.13416 -1.24212e-32 3.1235e-15 -1.2326e-32 -1.54074e-33 1 -51.0106 0 0 0 1 
				21
				-0.256183 0.966628 2.97865e-33 -6.71908e-06 -0.966628 -0.256183 -7.89423e-34 3.1235e-15 -0 -3.08149e-33 1 -51.0106 0 0 0 1 
				22
				-0.355195 0.934792 2.88055e-33 -6.77634e-06 -0.934792 -0.355195 -1.09453e-33 3.1235e-15 -0 -3.08149e-33 1 -51.0106 0 0 0 1 
				23
				-0.422617 0.906308 0 -6.67274e-06 -0.906308 -0.422617 -0 3.1235e-15 -0 -0 1 -51.0106 0 0 0 1 
				24
				-0.46012 0.887857 5.47184e-33 -6.38488e-06 -0.887857 -0.46012 -2.83571e-33 3.1235e-15 -0 -6.16298e-33 1 -51.0106 0 0 0 1 
				25
				-0.477397 0.878688 0 -5.93629e-06 -0.878688 -0.477397 -0 3.1235e-15 -0 -0 1 -51.0106 0 0 0 1 
				26
				-0.479606 0.877484 2.9558e-33 -5.36453e-06 -0.877484 -0.479606 5.40791e-33 3.1235e-15 6.16298e-33 -0 1 -51.0106 0 0 0 1 
				27
				-0.471396 0.881922 -3.28033e-33 -4.70713e-06 -0.881922 -0.471396 -1.9211e-32 3.1235e-15 -1.84889e-32 -6.16298e-33 1 -51.0106 0 0 0 1 
				28
				-0.457091 0.88942 0 -4.00046e-06 -0.88942 -0.457091 -0 3.1235e-15 -0 -0 1 -51.0106 0 0 0 1 
				29
				-0.441064 0.897476 -2.76556e-33 -3.28088e-06 -0.897476 -0.441064 1.35913e-33 3.1235e-15 -0 3.08149e-33 1 -51.0106 0 0 0 1 
				30
				-0.427979 0.903789 0 -2.58594e-06 -0.903789 -0.427979 -0 3.1235e-15 -0 -0 1 -51.0106 0 0 0 1 
				31
				-0.422617 0.906308 0 -1.95317e-06 -0.906308 -0.422617 -0 3.1235e-15 -0 -0 1 -51.0106 0 0 0 1 
		</Joint>
			1
				-1
				1.33158e-06 -0.422616 -0.906309 -1.95317e-06 0 -0.906309 0.422616 3.1235e-15 -1 -5.62747e-07 -1.20682e-06 -51.0106 0 0 0 1 
				0
				1.33158e-06 -0.315821 -0.948819 -2.14786e-06 0 -0.948819 0.315821 3.1235e-15 -1 -4.20541e-07 -1.26343e-06 -51.0106 0 0 0 1 
				1
				1.33158e-06 -0.196425 -0.980519 -2.3424e-06 0 -0.980519 0.196425 3.1235e-15 -1 -2.61555e-07 -1.30564e-06 -51.0106 0 0 0 1 
				2
				1.33158e-06 -0.070631 -0.997503 -2.53687e-06 0 -0.997503 0.070631 3.1235e-15 -1 -9.40509e-08 -1.32825e-06 -51.0106 0 0 0 1 
				3
				1.33158e-06 0.0545173 -0.998513 -2.73138e-06 0 -0.998513 -0.0545173 3.1235e-15 -1 7.25942e-08 -1.3296e-06 -51.0106 0 0 0 1 
				4
				1.33158e-06 0.1721 -0.98508 -2.926e-06 0 -0.98508 -0.1721 3.1235e-15 -1 2.29165e-07 -1.31171e-06 -51.0106 0 0 0 1 
				5
				1.33158e-06 0.275902 -0.961186 -3.12085e-06 0 -0.961186 -0.275902 3.1235e-15 -1 3.67385e-07 -1.2799e-06 -51.0106 0 0 0 1 
				6
				1.33158e-06 0.360731 -0.93267 -3.31599e-06 0 -0.93267 -0.360731 3.1235e-15 -1 4.80342e-07 -1.24193e-06 -51.0106 0 0 0 1 
				7
				1.33158e-06 0.422621 -0.906307 -3.51154e-06 0 -0.906307 -0.422621 3.1235e-15 -1 5.62754e-07 -1.20682e-06 -51.0106 0 0 0 1 
				8
				1.33158e-06 0.465376 -0.885113 -3.70745e-06 0 -0.885113 -0.465376 3.1235e-15 -1 6.19685e-07 -1.1786e-06 -51.0106 0 0 0 1 
				9
				1.33158e-06 0.495272 -0.868738 -3.90363e-06 0 -0.868738 -0.495272 3.1235e-15 -1 6.59494e-07 -1.15679e-06 -51.0106 0 0 0 1 
				10
				1.33158e-06 0.512935 -0.858427 -4.10007e-06 0 -0.858427 -0.512935 3.1235e-15 -1 6.83014e-07 -1.14307e-06 -51.0106 0 0 0 1 
				11
				1.33158e-06 0.518776 -0.85491 -4.29675e-06 0 -0.85491 -0.518776 3.1235e-15 -1 6.90791e-07 -1.13838e-06 -51.0106 0 0 0 1 
				12
				1.33158e-06 0.512935 -0.858427 -4.49365e-06 0 -0.858427 -0.512935 3.1235e-15 -1 6.83014e-07 -1.14307e-06 -51.0106 0 0 0 1 
				13
				1.33158e-06 0.495272 -0.868738 -4.69076e-06 0 -0.868738 -0.495272 3.1235e-15 -1 6.59494e-07 -1.15679e-06 -51.0106 0 0 0 1 
				14
				1.33158e-06 0.465376 -0.885113 -4.88807e-06 0 -0.885113 -0.465376 3.1235e-15 -1 6.19685e-07 -1.1786e-06 -51.0106 0 0 0 1 
				15
				1.33158e-06 0.422621 -0.906307 -5.08556e-06 0 -0.906307 -0.422621 3.1235e-15 -1 5.62754e-07 -1.20682e-06 -51.0106 0 0 0 1 
				16
				1.33158e-06 0.355199 -0.934791 -5.32614e-06 0 -0.934791 -0.355199 3.1235e-15 -1 4.72976e-07 -1.24475e-06 -51.0106 0 0 0 1 
				17
				1.33158e-06 0.256187 -0.966627 -5.62924e-06 0 -0.966627 -0.256187 3.1235e-15 -1 3.41133e-07 -1.28714e-06 -51.0106 0 0 0 1 
				18
				1.33158e-06 0.134165 -0.990959 -5.95724e-06 0 -0.990959 -0.134165 3.1235e-15 -1 1.78651e-07 -1.31954e-06 -51.0106 0 0 0 1 
				19
				1.33158e-06 2.92948e-06 -1 -6.2725e-06 0 -1 -2.92948e-06 3.1235e-15 -1 3.90083e-12 -1.33158e-06 -51.0106 0 0 0 1 
				20
				1.33158e-06 -0.134159 -0.99096 -6.53859e-06 0 -0.99096 0.134159 3.1235e-15 -1 -1.78644e-07 -1.31954e-06 -51.0106 0 0 0 1 
				21
				1.33158e-06 -0.256181 -0.966629 -6.71908e-06 0 -0.966629 0.256181 3.1235e-15 -1 -3.41126e-07 -1.28714e-06 -51.0106 0 0 0 1 
				22
				1.33158e-06 -0.355194 -0.934793 -6.77634e-06 0 -0.934793 0.355194 3.1235e-15 -1 -4.72969e-07 -1.24475e-06 -51.0106 0 0 0 1 
				23
				1.33158e-06 -0.422616 -0.906309 -6.67274e-06 0 -0.906309 0.422616 3.1235e-15 -1 -5.62747e-07 -1.20682e-06 -51.0106 0 0 0 1 
				24
				1.33158e-06 -0.460119 -0.887858 -6.38488e-06 0 -0.887858 0.460119 3.1235e-15 -1 -6.12685e-07 -1.18225e-06 -51.0106 0 0 0 1 
				25
				1.33158e-06 -0.477396 -0.878688 -5.93629e-06 0 -0.878688 0.477396 3.1235e-15 -1 -6.35691e-07 -1.17004e-06 -51.0106 0 0 0 1 
				26
				1.33158e-06 -0.479605 -0.877485 -5.36453e-06 0 -0.877485 0.479605 3.1235e-15 -1 -6.38633e-07 -1.16844e-06 -51.0106 0 0 0 1 
				27
				1.33158e-06 -0.471394 -0.881923 -4.70713e-06 0 -0.881923 0.471394 3.1235e-15 -1 -6.277e-07 -1.17435e-06 -51.0106 0 0 0 1 
				28
				1.33158e-06 -0.45709 -0.889421 -4.00046e-06 0 -0.889421 0.45709 3.1235e-15 -1 -6.08652e-07 -1.18434e-06 -51.0106 0 0 0 1 
				29
				1.33158e-06 -0.441063 -0.897476 -3.28088e-06 0 -0.897476 0.441063 3.1235e-15 -1 -5.8731e-07 -1.19506e-06 -51.0106 0 0 0 1 
				30
				1.33158e-06 -0.427978 -0.903789 -2.58594e-06 0 -0.903789 0.427978 3.1235e-15 -1 -5.69887e-07 -1.20347e-06 -51.0106 0 0 0 1 
				31
				1.33158e-06 -0.422616 -0.906309 -1.95317e-06 0 -0.906309 0.422616 3.1235e-15 -1 -5.62747e-07 -1.20682e-06 -51.0106 0 0 0 1 
		</Joint>
			2
				-1
				7.00953e-05 0.0871546 -0.996195 -0.00229008 -0.000795081 -0.996195 -0.0871546 0.0262076 -1 0.000798165 -5.33614e-07 -60.3455 0 0 0 1 
				0
				0.000107496 0.133871 -0.990999 -0.00351833 -0.000790844 -0.990998 -0.133871 0.0260714 -1 0.000798116 -6.57501e-07 -60.3455 0 0 0 1 
				1
				0.000147915 0.184379 -0.982855 -0.00484629 -0.000784241 -0.982855 -0.184379 0.0258583 -1 0.000798068 -7.81761e-07 -60.3455 0 0 0 1 
				2
				0.000187938 0.234404 -0.972139 -0.00616166 -0.000775562 -0.972139 -0.234404 0.0255778 -1 0.000798008 -9.07712e-07 -60.3455 0 0 0 1 
				3
				0.000224279 0.279828 -0.96005 -0.00735626 -0.00076576 -0.96005 -0.279828 0.025261 -1 0.000797928 -1.03819e-06 -60.3455 0 0 0 1 
				4
				0.000253927 0.316884 -0.948464 -0.00833084 -0.000756351 -0.948464 -0.316884 0.0249576 -1 0.000797837 -1.16456e-06 -60.3455 0 0 0 1 
				5
				0.000274042 0.342018 -0.939693 -0.00899166 -0.000749191 -0.939693 -0.342018 0.0247283 -1 0.000797737 -1.27838e-06 -60.3455 0 0 0 1 
				6
				0.000281775 0.351641 -0.936135 -0.0092444 -0.000746202 -0.936135 -0.351641 0.0246361 -1 0.000797629 -1.38371e-06 -60.3455 0 0 0 1 
				7
				0.000274162 0.342019 -0.939693 -0.00899097 -0.000748917 -0.939693 -0.342019 0.024731 -1 0.000797521 -1.48482e-06 -60.3455 0 0 0 1 
				8
				0.000253825 0.316438 -0.948613 -0.00831758 -0.000755935 -0.948613 -0.316438 0.0249667 -1 0.00079741 -1.57486e-06 -60.3455 0 0 0 1 
				9
				0.000225729 0.281136 -0.959668 -0.0073881 -0.00076467 -0.959668 -0.281136 0.0252582 -1 0.00079729 -1.64789e-06 -60.3455 0 0 0 1 
				10
				0.000190469 0.236848 -0.971547 -0.00622213 -0.000774085 -0.971546 -0.236849 0.0255711 -1 0.000797172 -1.70876e-06 -60.3455 0 0 0 1 
				11
				0.000148695 0.184379 -0.982855 -0.00484102 -0.000783085 -0.982855 -0.184379 0.0258692 -1 0.000797075 -1.76112e-06 -60.3455 0 0 0 1 
				12
				0.000101106 0.124616 -0.992205 -0.00326794 -0.00079055 -0.992205 -0.124616 0.0261155 -1 0.000796987 -1.80314e-06 -60.3455 0 0 0 1 
				13
				4.85265e-05 0.0585971 -0.998282 -0.00153008 -0.00079542 -0.998281 -0.0585971 0.0262749 -1 0.000796897 -1.83382e-06 -60.3455 0 0 0 1 
				14
				-8.06526e-06 -0.0124514 -0.999923 0.000340088 -0.000796784 -0.999922 0.0124514 0.0263173 -1 0.000796823 -1.85644e-06 -60.3455 0 0 0 1 
				15
				-6.75791e-05 -0.0871571 -0.996194 0.00230643 -0.000793909 -0.996194 0.0871571 0.0262185 -1 0.000796777 -1.87283e-06 -60.3455 0 0 0 1 
				16
				-0.000126587 -0.161199 -0.986922 0.00425501 -0.000786658 -0.986922 0.161199 0.0259732 -1 0.000796776 -1.87705e-06 -60.3455 0 0 0 1 
				17
				-0.000181245 -0.229733 -0.973254 0.00605815 -0.000775959 -0.973254 0.229733 0.0256118 -1 0.000796843 -1.86589e-06 -60.3455 0 0 0 1 
				18
				-0.000229866 -0.290628 -0.956836 0.00765992 -0.000763104 -0.956836 0.290628 0.0251783 -1 0.000796971 -1.83509e-06 -60.3455 0 0 0 1 
				19
				-0.000270954 -0.342021 -0.939692 0.00901104 -0.000749629 -0.939692 0.342021 0.0247244 -1 0.000797092 -1.77572e-06 -60.3455 0 0 0 1 
				20
				-0.000303259 -0.382354 -0.924016 0.0100708 -0.000737301 -0.924015 0.382355 0.0243094 -1 0.000797231 -1.69446e-06 -60.3455 0 0 0 1 
				21
				-0.000325641 -0.410223 -0.911985 0.0108023 -0.000727856 -0.911985 0.410223 0.0239913 -1 0.000797379 -1.60329e-06 -60.3455 0 0 0 1 
				22
				-0.000336922 -0.424178 -0.905579 0.0111678 -0.000722843 -0.905578 0.424178 0.0238215 -1 0.000797506 -1.50478e-06 -60.3455 0 0 0 1 
				23
				-0.000335825 -0.422619 -0.906307 0.0111261 -0.000723507 -0.906307 0.422619 0.0238411 -1 0.000797645 -1.4075e-06 -60.3455 0 0 0 1 
				24
				-0.000318741 -0.401068 -0.916048 0.0105584 -0.00073129 -0.916048 0.401068 0.0240973 -1 0.000797734 -1.31472e-06 -60.3455 0 0 0 1 
				25
				-0.000284978 -0.358624 -0.933482 0.00944097 -0.000745184 -0.933482 0.358624 0.0245562 -1 0.000797816 -1.21904e-06 -60.3455 0 0 0 1 
				26
				-0.000237667 -0.299204 -0.954189 0.00787711 -0.000761675 -0.954189 0.299205 0.0251013 -1 0.000797893 -1.11744e-06 -60.3455 0 0 0 1 
				27
				-0.000180219 -0.227078 -0.973877 0.00597908 -0.000777345 -0.973876 0.227078 0.0256197 -1 0.000797962 -1.00702e-06 -60.3455 0 0 0 1 
				28
				-0.00011638 -0.146941 -0.989145 0.00387035 -0.000789493 -0.989145 0.146941 0.0260218 -1 0.000798024 -8.92059e-07 -60.3455 0 0 0 1 
				29
				-5.03367e-05 -0.0640434 -0.997947 0.00168886 -0.00079649 -0.997947 0.0640435 0.0262536 -1 0.000798078 -7.76645e-07 -60.3455 0 0 0 1 
				30
				1.33404e-05 0.0158901 -0.999874 -0.000414678 -0.000798014 -0.999874 -0.0158901 0.0263044 -1 0.000798126 -6.58159e-07 -60.3455 0 0 0 1 
				31
				7.00953e-05 0.0871546 -0.996195 -0.00229008 -0.000795081 -0.996195 -0.0871546 0.0262076 -1 0.000798165 -5.33614e-07 -60.3455 0 0 0 1 
		</Joint>
			3
				-1
				0.000457419 0.573575 -0.819153 -0.0258628 -0.000654106 -0.819153 -0.573576 0.036895 -1 0.000798177 4.82696e-07 -93.4084 0 0 0 1 
				0
				0.000443828 0.556257 -0.83101 -0.0250726 -0.000663442 -0.83101 -0.556257 0.0374337 -1 0.00079821 2.18217e-07 -93.4084 0 0 0 1 
				1
				0.000429849 0.538448 -0.842659 -0.0242604 -0.000672604 -0.842658 -0.538448 0.037965 -1 0.000798227 -5.36219e-08 -93.4084 0 0 0 1 
				2
				0.000413344 0.517481 -0.855695 -0.0233061 -0.000682843 -0.855695 -0.517481 0.0385602 -1 0.000798202 -3.37743e-07 -93.4084 0 0 0 1 
				3
				0.00039205 0.490522 -0.871429 -0.0220824 -0.000695193 -0.871428 -0.490522 0.0392775 -1 0.00079812 -6.35579e-07 -93.4084 0 0 0 1 
				4
				0.000363592 0.454605 -0.890693 -0.0204556 -0.000710345 -0.890693 -0.454605 0.0401545 -1 0.000797991 -9.22139e-07 -93.4084 0 0 0 1 
				5
				0.000325375 0.406486 -0.913657 -0.0182792 -0.000728456 -0.913657 -0.406486 0.0411986 -1 0.00079782 -1.17387e-06 -93.4084 0 0 0 1 
				6
				0.000274509 0.342522 -0.93951 -0.0153889 -0.000748886 -0.939509 -0.342522 0.0423721 -1 0.000797612 -1.394e-06 -93.4084 0 0 0 1 
				7
				0.000207912 0.258818 -0.965926 -0.0116091 -0.000769806 -0.965926 -0.258818 0.0435698 -1 0.000797387 -1.58788e-06 -93.4084 0 0 0 1 
				8
				0.000128631 0.159209 -0.987245 -0.00711216 -0.000786701 -0.987244 -0.15921 0.044536 -1 0.000797145 -1.74053e-06 -93.4084 0 0 0 1 
				9
				4.31067e-05 0.0517897 -0.998658 -0.00226274 -0.000795715 -0.998658 -0.0517897 0.0450536 -1 0.00079688 -1.83899e-06 -93.4084 0 0 0 1 
				10
				-4.61573e-05 -0.0603178 -0.998179 0.00279788 -0.000795285 -0.998179 0.0603178 0.0450332 -1 0.000796621 -1.89658e-06 -93.4084 0 0 0 1 
				11
				-0.000136394 -0.17365 -0.984807 0.00791338 -0.00078464 -0.984807 0.17365 0.0444307 -1 0.000796404 -1.93035e-06 -93.4084 0 0 0 1 
				12
				-0.000224838 -0.28472 -0.958611 0.0129266 -0.000763808 -0.95861 0.28472 0.0432481 -1 0.00079621 -1.93896e-06 -93.4084 0 0 0 1 
				13
				-0.000308863 -0.39023 -0.920717 0.0176885 -0.000733659 -0.920717 0.390231 0.0415357 -1 0.00079602 -1.92061e-06 -93.4084 0 0 0 1 
				14
				-0.000386147 -0.487268 -0.873253 0.0220676 -0.000695916 -0.873252 0.487268 0.0393902 -1 0.000795868 -1.89388e-06 -93.4084 0 0 0 1 
				15
				-0.000454904 -0.573577 -0.819151 0.0259623 -0.000652935 -0.819151 0.573577 0.0369447 -1 0.000795775 -1.87385e-06 -93.4084 0 0 0 1 
				16
				-0.000503201 -0.634169 -0.773195 0.0286949 -0.000616475 -0.773194 0.634169 0.0348648 -1 0.000795769 -1.87622e-06 -93.4084 0 0 0 1 
				17
				-0.000524968 -0.661395 -0.750038 0.0299199 -0.000598224 -0.750038 0.661395 0.0338122 -1 0.000795902 -1.91656e-06 -93.4084 0 0 0 1 
				18
				-0.000526097 -0.662635 -0.748942 0.0299706 -0.000597583 -0.748942 0.662635 0.033755 -1 0.000796166 -1.96359e-06 -93.4084 0 0 0 1 
				19
				-0.000510447 -0.642788 -0.766043 0.0290668 -0.000611357 -0.766043 0.642788 0.0345174 -1 0.000796436 -1.9485e-06 -93.4084 0 0 0 1 
				20
				-0.000480762 -0.60528 -0.796013 0.0273649 -0.000635359 -0.796013 0.60528 0.0358618 -1 0.000796749 -1.8774e-06 -93.4084 0 0 0 1 
				21
				-0.00043956 -0.553302 -0.832981 0.02501 -0.000664927 -0.832981 0.553302 0.0375245 -1 0.000797081 -1.75979e-06 -93.4084 0 0 0 1 
				22
				-0.000389938 -0.490779 -0.871284 0.02218 -0.000695509 -0.871284 0.490779 0.0392491 -1 0.000797359 -1.59422e-06 -93.4084 0 0 0 1 
				23
				-0.000335825 -0.422619 -0.906307 0.0190989 -0.000723507 -0.906307 0.422619 0.0408291 -1 0.000797645 -1.40753e-06 -93.4084 0 0 0 1 
				24
				-0.000270353 -0.340297 -0.940318 0.0153802 -0.000750614 -0.940318 0.340297 0.0423631 -1 0.000797816 -1.21468e-06 -93.4084 0 0 0 1 
				25
				-0.000185514 -0.233712 -0.972306 0.010568 -0.000776098 -0.972306 0.233712 0.0438065 -1 0.000797962 -1.00735e-06 -93.4084 0 0 0 1 
				26
				-8.48582e-05 -0.107302 -0.994227 0.00486237 -0.000793555 -0.994226 0.107302 0.0447959 -1 0.000798079 -7.82064e-07 -93.4084 0 0 0 1 
				27
				2.66499e-05 0.0327178 -0.999465 -0.00145642 -0.00079772 -0.999464 -0.0327178 0.0450325 -1 0.000798165 -5.35981e-07 -93.4084 0 0 0 1 
				28
				0.000143003 0.178807 -0.983884 -0.0080486 -0.000785303 -0.983884 -0.178808 0.0443296 -1 0.000798217 -2.80584e-07 -93.4084 0 0 0 1 
				29
				0.00025764 0.322729 -0.946491 -0.014543 -0.000755516 -0.946491 -0.322729 0.0426422 -1 0.000798237 -2.72099e-08 -93.4084 0 0 0 1 
				30
				0.000364176 0.456484 -0.889732 -0.0205787 -0.000710309 -0.889731 -0.456484 0.0400806 -1 0.000798225 2.26472e-07 -93.4084 0 0 0 1 
				31
				0.000457419 0.573575 -0.819153 -0.0258628 -0.000654106 -0.819153 -0.573576 0.036895 -1 0.000798177 4.82696e-07 -93.4084 0 0 0 1 
		</Joint>
			4
				-1
				0.000457419 0.573575 -0.819153 -0.00271371 -0.000654106 -0.819153 -0.573576 0.00378679 -1 0.000798177 4.82696e-07 -150.095 0 0 0 1 
				0
				0.000443828 0.556257 -0.83101 -0.00260997 -0.000663442 -0.83101 -0.556257 0.00385375 -1 0.00079821 2.18191e-07 -150.095 0 0 0 1 
				1
				0.000429849 0.538448 -0.842659 -0.00250384 -0.000672604 -0.842658 -0.538448 0.00392215 -1 0.000798227 -5.36227e-08 -150.095 0 0 0 1 
				2
				0.000413344 0.517481 -0.855695 -0.00238355 -0.000682843 -0.855694 -0.517481 0.00400012 -1 0.000798202 -3.37749e-07 -150.095 0 0 0 1 
				3
				0.00039205 0.490522 -0.871429 -0.00223625 -0.000695193 -0.871428 -0.490522 0.0040936 -1 0.00079812 -6.35556e-07 -150.095 0 0 0 1 
				4
				0.000363592 0.454605 -0.890693 -0.00204853 -0.000710345 -0.890693 -0.454605 0.00420511 -1 0.00079799 -9.22167e-07 -150.095 0 0 0 1 
				5
				0.000325375 0.406486 -0.913657 -0.00180522 -0.000728456 -0.913657 -0.406486 0.00433381 -1 0.00079782 -1.17385e-06 -150.095 0 0 0 1 
				6
				0.000274509 0.342522 -0.93951 -0.00148825 -0.000748886 -0.939509 -0.342522 0.00447457 -1 0.000797612 -1.39396e-06 -150.095 0 0 0 1 
				7
				0.000207912 0.258818 -0.965926 -0.00107789 -0.000769806 -0.965926 -0.258818 0.00461443 -1 0.000797387 -1.58787e-06 -150.095 0 0 0 1 
				8
				0.000128631 0.159209 -0.987245 -0.000592266 -0.000786701 -0.987244 -0.15921 0.00472631 -1 0.000797145 -1.74053e-06 -150.095 0 0 0 1 
				9
				4.31067e-05 0.0517897 -0.998658 -7.02329e-05 -0.000795715 -0.998658 -0.0517897 0.0047882 -1 0.00079688 -1.839e-06 -150.095 0 0 0 1 
				10
				-4.61573e-05 -0.0603178 -0.998179 0.000473759 -0.000795285 -0.998179 0.0603178 0.00478995 -1 0.000796621 -1.89658e-06 -150.095 0 0 0 1 
				11
				-0.000136394 -0.17365 -0.984807 0.00102341 -0.00078464 -0.984807 0.17365 0.004726 -1 0.000796404 -1.93037e-06 -150.095 0 0 0 1 
				12
				-0.000224838 -0.28472 -0.958611 0.00156149 -0.000763808 -0.95861 0.28472 0.0045973 -1 0.00079621 -1.93898e-06 -150.095 0 0 0 1 
				13
				-0.000308863 -0.39023 -0.920717 0.00207177 -0.000733659 -0.920717 0.39023 0.00441021 -1 0.00079602 -1.92061e-06 -150.095 0 0 0 1 
				14
				-0.000386147 -0.487268 -0.873252 0.00254026 -0.000695916 -0.873252 0.487268 0.00417419 -1 0.000795868 -1.89385e-06 -150.095 0 0 0 1 
				15
				-0.000454904 -0.573577 -0.819151 0.00295574 -0.000652935 -0.819151 0.573577 0.00390294 -1 0.000795775 -1.87385e-06 -150.095 0 0 0 1 
				16
				-0.000503201 -0.634168 -0.773195 0.00324425 -0.000616475 -0.773194 0.634169 0.00366708 -1 0.000795769 -1.87622e-06 -150.095 0 0 0 1 
				17
				-0.000524968 -0.661395 -0.750038 0.00336733 -0.000598224 -0.750038 0.661395 0.00353677 -1 0.000795902 -1.91653e-06 -150.095 0 0 0 1 
				18
				-0.000526097 -0.662635 -0.748942 0.00336006 -0.000597583 -0.748942 0.662635 0.00351054 -1 0.000796166 -1.96358e-06 -150.095 0 0 0 1 
				19
				-0.000510448 -0.642788 -0.766044 0.00324716 -0.000611358 -0.766043 0.642788 0.00357504 -1 0.000796436 -1.94849e-06 -150.095 0 0 0 1 
				20
				-0.000480762 -0.60528 -0.796013 0.00304628 -0.000635359 -0.796013 0.60528 0.00370417 -1 0.000796749 -1.87738e-06 -150.095 0 0 0 1 
				21
				-0.00043956 -0.553302 -0.832981 0.00277496 -0.000664927 -0.832981 0.553302 0.00386997 -1 0.000797081 -1.75978e-06 -150.095 0 0 0 1 
				22
				-0.000389938 -0.490779 -0.871284 0.00245476 -0.000695509 -0.871284 0.490779 0.00404659 -1 0.000797359 -1.59419e-06 -150.095 0 0 0 1 
				23
				-0.000335825 -0.422619 -0.906307 0.00211083 -0.000723507 -0.906307 0.422619 0.0042093 -1 0.000797645 -1.40756e-06 -150.095 0 0 0 1 
				24
				-0.000270353 -0.340297 -0.940318 0.00170446 -0.000750614 -0.940318 0.340297 0.00437149 -1 0.000797816 -1.21465e-06 -150.095 0 0 0 1 
				25
				-0.000185514 -0.233712 -0.972306 0.00118477 -0.000776098 -0.972306 0.233712 0.00452536 -1 0.000797962 -1.00734e-06 -150.095 0 0 0 1 
				26
				-8.48582e-05 -0.107302 -0.994227 0.000572186 -0.000793555 -0.994226 0.107302 0.00463145 -1 0.000798079 -7.8206e-07 -150.095 0 0 0 1 
				27
				2.66499e-05 0.0327178 -0.999465 -0.000104338 -0.00079772 -0.999464 -0.0327178 0.0046574 -1 0.000798165 -5.35981e-07 -150.095 0 0 0 1 
				28
				0.000143003 0.178807 -0.983884 -0.000809008 -0.000785303 -0.983884 -0.178808 0.00458287 -1 0.000798217 -2.8059e-07 -150.095 0 0 0 1 
				29
				0.00025764 0.322729 -0.946491 -0.00150266 -0.000755516 -0.946491 -0.322729 0.00440272 -1 0.000798237 -2.71979e-08 -150.095 0 0 0 1 
				30
				0.000364176 0.456484 -0.889732 -0.00214767 -0.000710309 -0.889731 -0.456484 0.00412855 -1 0.000798225 2.26502e-07 -150.095 0 0 0 1 
				31
				0.000457419 0.573575 -0.819153 -0.00271371 -0.000654106 -0.819153 -0.573576 0.00378679 -1 0.000798177 4.82696e-07 -150.095 0 0 0 1 
		</Joint>
			5
				-1
				9.36278e-07 -1.30088e-06 -1 7.10472e-05 -0.173649 -0.984808 1.11854e-06 -0.000195386 -0.984808 0.173649 -1.14795e-06 -156.183 0 0 0 1 
				0
				-0.000987402 -0.000952907 -0.999999 9.20488e-05 -0.170822 -0.985301 0.00110757 -0.000185275 -0.985301 0.170823 0.000810112 -156.183 0 0 0 1 
				1
				-0.00247922 -0.00197943 -0.999995 0.00011307 -0.167713 -0.985833 0.00236719 -0.000172646 -0.985833 0.167718 0.00211212 -156.183 0 0 0 1 
				2
				-0.00443102 -0.00299617 -0.999986 0.000132876 -0.164636 -0.986347 0.00368482 -0.000157012 -0.986344 0.16465 0.00387725 -156.183 0 0 0 1 
				3
				-0.00669967 -0.00393261 -0.99997 0.00015054 -0.161873 -0.986799 0.00496534 -0.000138717 -0.986789 0.161901 0.00597464 -156.183 0 0 0 1 
				4
				-0.00906319 -0.00473277 -0.999948 0.000165004 -0.159639 -0.987157 0.00611914 -0.000119455 -0.987134 0.159686 0.00819125 -156.183 0 0 0 1 
				5
				-0.0112439 -0.00534688 -0.999922 0.000175657 -0.158085 -0.9874 0.00705756 -0.000101014 -0.987361 0.158152 0.010257 -156.183 0 0 0 1 
				6
				-0.0129283 -0.00572551 -0.9999 0.000182955 -0.157295 -0.987522 0.00768839 -8.463e-05 -0.987467 0.157378 0.0118664 -156.183 0 0 0 1 
				7
				-0.0138096 -0.00582064 -0.999888 0.000187866 -0.157286 -0.987521 0.00792096 -7.21261e-05 -0.987457 0.157378 0.0127218 -156.183 0 0 0 1 
				8
				-0.0136769 -0.0056025 -0.999891 0.000190839 -0.158357 -0.987352 0.00769832 -6.31046e-05 -0.987287 0.158445 0.0126167 -156.183 0 0 0 1 
				9
				-0.0125992 -0.00512228 -0.999908 0.0001922 -0.160491 -0.987012 0.00707847 -5.60977e-05 -0.986957 0.160565 0.0116135 -156.183 0 0 0 1 
				10
				-0.0107868 -0.00444598 -0.999932 0.000192755 -0.163248 -0.986566 0.0061476 -5.17178e-05 -0.986526 0.163304 0.00991608 -156.183 0 0 0 1 
				11
				-0.00850626 -0.00363054 -0.999957 0.000193044 -0.16624 -0.986073 0.00499427 -5.08738e-05 -0.986049 0.166276 0.00778424 -156.183 0 0 0 1 
				12
				-0.00602935 -0.00272729 -0.999978 0.000192683 -0.169125 -0.985588 0.00370778 -5.27428e-05 -0.985576 0.169143 0.0054812 -156.183 0 0 0 1 
				13
				-0.00362052 -0.00178686 -0.999992 0.000191416 -0.171563 -0.98517 0.00238152 -5.62931e-05 -0.985167 0.17157 0.00326027 -156.183 0 0 0 1 
				14
				-0.00154017 -0.000858483 -0.999998 0.000189403 -0.173196 -0.984887 0.00111226 -6.25271e-05 -0.984886 0.173197 0.00136821 -156.183 0 0 0 1 
				15
				2.05017e-06 -1.64884e-06 -1 0.000186296 -0.173647 -0.984808 1.26778e-06 -7.21078e-05 -0.984808 0.173647 -2.30534e-06 -156.183 0 0 0 1 
				16
				0.00125414 0.000902816 -0.999999 0.00018077 -0.172613 -0.984989 -0.00110575 -8.60039e-05 -0.984989 0.172614 -0.00107948 -156.183 0 0 0 1 
				17
				0.00265486 0.00194514 -0.999995 0.000171339 -0.170318 -0.985386 -0.00236889 -0.000105203 -0.985386 0.170323 -0.00228477 -156.183 0 0 0 1 
				18
				0.00435844 0.00300248 -0.999986 0.000157194 -0.167308 -0.985898 -0.00368939 -0.000127537 -0.985895 0.167322 -0.00379464 -156.183 0 0 0 1 
				19
				0.00642094 0.00397178 -0.999972 0.00013957 -0.164097 -0.986432 -0.00497169 -0.000146883 -0.986424 0.164124 -0.00568205 -156.183 0 0 0 1 
				20
				0.00872709 0.00478055 -0.999951 0.000119413 -0.161149 -0.986911 -0.00612465 -0.000163874 -0.986891 0.161195 -0.00784248 -156.183 0 0 0 1 
				21
				0.0110036 0.00537949 -0.999925 9.89243e-05 -0.158856 -0.987276 -0.00705956 -0.000178086 -0.98724 0.158922 -0.010009 -156.183 0 0 0 1 
				22
				0.0128484 0.005735 -0.999901 8.08294e-05 -0.157504 -0.987488 -0.00768769 -0.000187652 -0.987435 0.157588 -0.0117844 -156.183 0 0 0 1 
				23
				0.0138125 0.00581762 -0.999888 6.63355e-05 -0.157287 -0.987521 -0.00791846 -0.000195385 -0.987456 0.157379 -0.0127251 -156.183 0 0 0 1 
				24
				0.0136919 0.00559935 -0.999891 5.85609e-05 -0.158068 -0.987398 -0.00769388 -0.000198228 -0.987333 0.158156 -0.0126343 -156.183 0 0 0 1 
				25
				0.0126738 0.005111 -0.999907 5.53691e-05 -0.159516 -0.98717 -0.00706776 -0.000199511 -0.987114 0.15959 -0.0116959 -156.183 0 0 0 1 
				26
				0.0109818 0.00441694 -0.99993 5.55714e-05 -0.161454 -0.986861 -0.0061324 -0.000199699 -0.986819 0.16151 -0.0101244 -156.183 0 0 0 1 
				27
				0.00885564 0.00357539 -0.999954 5.79056e-05 -0.163737 -0.986491 -0.00497732 -0.000199094 -0.986464 0.163774 -0.00815059 -156.183 0 0 0 1 
				28
				0.0065106 0.00264745 -0.999975 6.15919e-05 -0.166256 -0.986076 -0.00369311 -0.000198035 -0.986061 0.166276 -0.00597979 -156.183 0 0 0 1 
				29
				0.00413634 0.00169874 -0.99999 6.58476e-05 -0.168869 -0.985635 -0.00237286 -0.000196836 -0.98563 0.168878 -0.00379006 -156.183 0 0 0 1 
				30
				0.00191482 0.000792233 -0.999998 6.94191e-05 -0.171396 -0.985202 -0.0011087 -0.000195796 -0.9852 0.171398 -0.0017507 -156.183 0 0 0 1 
				31
				9.36278e-07 -1.30088e-06 -1 7.10472e-05 -0.173649 -0.984808 1.11854e-06 -0.000195386 -0.984808 0.173649 -1.14795e-06 -156.183 0 0 0 1 
		</Joint>
			6
		</Joint>
			7
				-1
				0.76975 -0.573578 -0.280167 6.28887 0.538987 0.819151 -0.196174 4.40331 0.34202 -1.65219e-06 0.939693 -141.365 0 0 0 1 
				0
				0.780892 -0.556259 -0.284223 6.37992 0.522713 0.831009 -0.19025 4.27036 0.34202 -1.87822e-06 0.939693 -141.365 0 0 0 1 
				1
				0.791838 -0.538451 -0.288207 6.46937 0.505979 0.842657 -0.184159 4.13365 0.34202 -2.03017e-06 0.939693 -141.365 0 0 0 1 
				2
				0.804088 -0.517483 -0.292666 6.56946 0.486276 0.855693 -0.176989 3.9727 0.342021 -1.82013e-06 0.939692 -141.365 0 0 0 1 
				3
				0.818873 -0.490525 -0.298047 6.69027 0.460943 0.871427 -0.167768 3.76575 0.342021 -1.86132e-06 0.939692 -141.365 0 0 0 1 
				4
				0.836976 -0.454608 -0.304636 6.83818 0.427192 0.890692 -0.155484 3.49002 0.342021 -1.69576e-06 0.939692 -141.365 0 0 0 1 
				5
				0.858555 -0.406488 -0.312491 7.01449 0.381974 0.913656 -0.139026 3.12061 0.342021 -1.69388e-06 0.939692 -141.365 0 0 0 1 
				6
				0.882849 -0.342525 -0.321333 7.21298 0.321868 0.939509 -0.11715 2.62956 0.342022 -1.50675e-06 0.939692 -141.365 0 0 0 1 
				7
				0.907672 -0.25882 -0.330368 7.41579 0.243212 0.965926 -0.0885212 1.98696 0.342022 -1.16909e-06 0.939692 -141.365 0 0 0 1 
				8
				0.927706 -0.159212 -0.337659 7.57946 0.149611 0.987244 -0.0544532 1.22225 0.342022 -9.18491e-07 0.939692 -141.365 0 0 0 1 
				9
				0.938431 -0.0517926 -0.341563 7.66709 0.0486693 0.998658 -0.0177136 0.397571 0.342022 -6.3688e-07 0.939692 -141.365 0 0 0 1 
				10
				0.937981 0.060315 -0.341399 7.66341 -0.0566774 0.998179 0.0206294 -0.463101 0.342022 -3.84711e-07 0.939692 -141.365 0 0 0 1 
				11
				0.925416 0.173647 -0.336826 7.56075 -0.163175 0.984808 0.0593912 -1.33317 0.342022 -1.86276e-07 0.939692 -141.365 0 0 0 1 
				12
				0.9008 0.284717 -0.327866 7.35964 -0.267547 0.958611 0.0973797 -2.18589 0.342022 -2.14626e-08 0.939692 -141.365 0 0 0 1 
				13
				0.865192 0.390228 -0.314906 7.06872 -0.366694 0.920718 0.133466 -2.99592 0.342022 3.09971e-07 0.939692 -141.365 0 0 0 1 
				14
				0.82059 0.487266 -0.298672 6.70433 -0.45788 0.873254 0.166655 -3.7409 0.342022 4.03185e-07 0.939692 -141.365 0 0 0 1 
				15
				0.769751 0.573575 -0.280168 6.28898 -0.538984 0.819153 0.196175 -4.40353 0.342022 3.20064e-07 0.939692 -141.365 0 0 0 1 
				16
				0.726566 0.634167 -0.264451 5.93615 -0.595921 0.773196 0.216898 -4.86872 0.342022 6.94246e-07 0.939692 -141.365 0 0 0 1 
				17
				0.704806 0.661393 -0.256531 5.75837 -0.621506 0.75004 0.22621 -5.07775 0.342022 6.74355e-07 0.939692 -141.365 0 0 0 1 
				18
				0.703777 0.662633 -0.256155 5.74994 -0.622671 0.748944 0.226635 -5.0873 0.342022 9.99968e-08 0.939692 -141.365 0 0 0 1 
				19
				0.719847 0.642786 -0.262005 5.88122 -0.604021 0.766046 0.219847 -4.93494 0.342022 -1.3816e-08 0.939692 -141.365 0 0 0 1 
				20
				0.748009 0.605278 -0.272254 6.11128 -0.568775 0.796015 0.207019 -4.647 0.342022 -4.45765e-07 0.939692 -141.365 0 0 0 1 
				21
				0.782747 0.5533 -0.284898 6.39507 -0.519931 0.832982 0.189241 -4.24796 0.342022 -9.5518e-07 0.939692 -141.365 0 0 0 1 
				22
				0.81874 0.490777 -0.297998 6.68912 -0.461178 0.871285 0.167857 -3.76797 0.342022 -1.27789e-06 0.939692 -141.365 0 0 0 1 
				23
				0.851651 0.422617 -0.309977 6.95799 -0.397129 0.906308 0.144545 -3.2447 0.342022 -1.3866e-06 0.939692 -141.365 0 0 0 1 
				24
				0.88361 0.340295 -0.321609 7.21908 -0.319772 0.940319 0.11639 -2.61269 0.342021 -1.64594e-06 0.939692 -141.365 0 0 0 1 
				25
				0.913669 0.233709 -0.332549 7.46466 -0.219614 0.972307 0.0799351 -1.79441 0.342021 -1.7643e-06 0.939692 -141.365 0 0 0 1 
				26
				0.934267 0.1073 -0.340046 7.63295 -0.100828 0.994227 0.0367005 -0.823939 0.342021 -1.86105e-06 0.939692 -141.365 0 0 0 1 
				27
				0.939189 -0.0327206 -0.341838 7.67316 0.030748 0.999464 -0.0111893 0.251028 0.342021 -1.93647e-06 0.939692 -141.365 0 0 0 1 
				28
				0.924548 -0.17881 -0.336509 7.55355 0.168027 0.983883 -0.061155 1.37259 0.342021 -1.99163e-06 0.939692 -141.365 0 0 0 1 
				29
				0.88941 -0.322732 -0.32372 7.26647 0.30327 0.94649 -0.110379 2.47751 0.34202 -1.97627e-06 0.939693 -141.365 0 0 0 1 
				30
				0.836073 -0.456487 -0.304306 6.83072 0.428958 0.88973 -0.156126 3.50438 0.34202 -1.96599e-06 0.939693 -141.365 0 0 0 1 
				31
				0.76975 -0.573578 -0.280167 6.28887 0.538987 0.819151 -0.196174 4.40331 0.34202 -1.65219e-06 0.939693 -141.365 0 0 0 1 
		</Joint>
			8
				-1
				0.293362 -0.225395 -0.929051 20.772 0.798697 0.59185 0.108613 14.5445 0.525378 -0.773893 0.353649 -134.929 0 0 0 1 
				0
				0.247711 -0.184086 -0.951184 21.0727 0.753457 0.653794 0.0696864 14.1054 0.60905 -0.733938 0.300653 -134.929 0 0 0 1 
				1
				0.200486 -0.152908 -0.96769 21.3681 0.692408 0.720902 0.0295412 13.6538 0.693092 -0.675959 0.250405 -134.929 0 0 0 1 
				2
				0.158451 -0.131948 -0.97851 21.6986 0.614036 0.789247 -0.00699573 13.1221 0.773209 -0.599733 0.206078 -134.929 0 0 0 1 
				3
				0.127752 -0.11864 -0.984685 22.0976 0.519138 0.853952 -0.0355364 12.4385 0.845089 -0.506647 0.170684 -134.929 0 0 0 1 
				4
				0.112166 -0.107708 -0.987835 22.5861 0.41056 0.910313 -0.0526376 11.5278 0.904908 -0.399661 0.146326 -134.929 0 0 0 1 
				5
				0.112453 -0.0919891 -0.98939 23.1685 0.292279 0.954719 -0.0555452 10.3076 0.949698 -0.282932 0.134248 -134.929 0 0 0 1 
				6
				0.126297 -0.0635653 -0.989954 23.8241 0.168475 0.984822 -0.041742 8.68562 0.977581 -0.161511 0.135089 -134.929 0 0 0 1 
				7
				0.147629 -0.0150468 -0.988928 24.4939 0.0429161 0.99904 -0.00879408 6.56306 0.988112 -0.0411427 0.148133 -134.929 0 0 0 1 
				8
				0.168413 0.0511471 -0.984389 25.0345 -0.0811595 0.995982 0.0378643 4.03722 0.98237 0.0735156 0.171887 -134.929 0 0 0 1 
				9
				0.18318 0.127272 -0.974806 25.324 -0.20014 0.975646 0.0897727 1.3133 0.962491 0.178653 0.204191 -134.929 0 0 0 1 
				10
				0.188158 0.210206 -0.95938 25.3118 -0.310664 0.93941 0.144902 -1.5295 0.93171 0.27078 0.242061 -134.929 0 0 0 1 
				11
				0.180871 0.295983 -0.937912 24.9727 -0.410121 0.889469 0.201606 -4.40335 0.893916 0.348193 0.282268 -134.929 0 0 0 1 
				12
				0.160677 0.380552 -0.910694 24.3085 -0.496313 0.828696 0.258722 -7.21987 0.853145 0.410418 0.322026 -134.929 0 0 0 1 
				13
				0.12826 0.460249 -0.878476 23.3476 -0.567447 0.760525 0.315603 -9.89538 0.813359 0.458009 0.358712 -134.929 0 0 0 1 
				14
				0.0852765 0.532089 -0.842383 22.144 -0.62217 0.688803 0.372096 -12.3561 0.778224 0.492375 0.389788 -134.929 0 0 0 1 
				15
				0.0345002 0.594246 -0.803543 20.7721 -0.659501 0.617646 0.428453 -14.5447 0.750911 0.515156 0.413215 -134.929 0 0 0 1 
				16
				-0.0151175 0.639173 -0.768914 19.6067 -0.661904 0.569986 0.486825 -16.0812 0.749436 0.516307 0.414455 -134.929 0 0 0 1 
				17
				-0.0504077 0.667572 -0.742837 19.0195 -0.619038 0.562791 0.547775 -16.7716 0.783741 0.487457 0.384884 -134.929 0 0 0 1 
				18
				-0.0630525 0.688604 -0.722391 18.9917 -0.538999 0.585694 0.605345 -16.803 0.839943 0.427537 0.334227 -134.929 0 0 0 1 
				19
				-0.0468063 0.705835 -0.706829 19.4254 -0.430473 0.624274 0.651902 -16.2998 0.901389 0.334784 0.274623 -134.929 0 0 0 1 
				20
				-0.000981323 0.716167 -0.697929 20.1853 -0.304932 0.664475 0.682268 -15.3487 0.952374 0.21349 0.21773 -134.929 0 0 0 1 
				21
				0.0678904 0.713085 -0.697782 21.1227 -0.176237 0.696969 0.695107 -14.0306 0.982004 0.0757836 0.172989 -134.929 0 0 0 1 
				22
				0.14662 0.691845 -0.707003 22.094 -0.0580569 0.719514 0.692047 -12.4452 0.987488 -0.0604217 0.145662 -134.929 0 0 0 1 
				23
				0.218274 0.653632 -0.724653 22.9821 0.040383 0.735872 0.675916 -10.7168 0.975052 -0.176798 0.134226 -134.929 0 0 0 1 
				24
				0.279162 0.595201 -0.753528 23.8445 0.128936 0.754385 0.643645 -8.6293 0.951548 -0.276838 0.133853 -134.929 0 0 0 1 
				25
				0.331187 0.51115 -0.793121 24.6556 0.223319 0.774215 0.592217 -5.92652 0.916758 -0.373253 0.142261 -134.929 0 0 0 1 
				26
				0.368695 0.405459 -0.836461 25.2115 0.323556 0.787606 0.524394 -2.72105 0.871422 -0.463983 0.159198 -134.929 0 0 0 1 
				27
				0.387967 0.283685 -0.876929 25.3443 0.4276 0.78746 0.443919 0.829561 0.81648 -0.547201 0.184205 -134.929 0 0 0 1 
				28
				0.387674 0.152568 -0.909083 24.9492 0.531636 0.768655 0.355714 4.53408 0.753042 -0.621203 0.216877 -134.929 0 0 0 1 
				29
				0.368993 0.0194957 -0.929227 24.001 0.631019 0.728787 0.265866 8.18363 0.682392 -0.684463 0.256615 -134.929 0 0 0 1 
				30
				0.335594 -0.10837 -0.935752 22.5617 0.721223 0.668575 0.181229 11.5754 0.605981 -0.735706 0.302529 -134.929 0 0 0 1 
				31
				0.293362 -0.225395 -0.929051 20.772 0.798697 0.59185 0.108613 14.5445 0.525378 -0.773893 0.353649 -134.929 0 0 0 1 
		</Joint>
			9
				-1
				0.16262 0.332294 -0.929051 30.1551 -0.738729 0.665193 0.108613 40.0907 0.65409 0.668654 0.353649 -118.125 0 0 0 1 
				0
				0.139065 0.275516 -0.951184 28.9956 -0.772894 0.630697 0.0696864 38.2045 0.619109 0.725474 0.300653 -115.449 0 0 0 1 
				1
				0.123109 0.220044 -0.96769 27.7805 -0.811335 0.583835 0.0295412 35.8003 0.571472 0.781484 0.250405 -112.761 0 0 0 1 
				2
				0.113778 0.171964 -0.97851 26.7666 -0.851819 0.523789 -0.00699578 32.7619 0.51133 0.83431 0.206078 -110.198 0 0 0 1 
				3
				0.108423 0.13653 -0.984685 26.1837 -0.891483 0.451659 -0.0355364 29.043 0.43989 0.881682 0.170684 -107.899 0 0 0 1 
				4
				0.102656 0.116807 -0.987835 26.1737 -0.927535 0.370011 -0.0526376 24.6594 0.359361 0.921655 0.146326 -105.986 0 0 0 1 
				5
