<?xml version='1.0' encoding='UTF-8' ?>
<itpanim>
	<skeleton count>
		25
			0 -1
			1.37091e-06 -1 -6.12323e-17 1e-06 1 1.37091e-06 -6.12323e-17 -1.37225e-12 6.12323e-17 -6.12323e-17 1 21.9617 0 0 0 1 
			1 0
			1.3868e-06 -2.28084e-12 -1 -21.9617 2.75771e-06 -1 6.10517e-12 1.00008e-06 -1 -2.75771e-06 -1.3868e-06 -3.04564e-05 0 0 0 1 
			2 1
			-0.000205999 -0.000823318 -1 -24.8731 -1.2413e-06 -1 0.000823318 0.0257198 -1 1.41091e-06 0.000205998 0.00512379 0 0 0 1 
			3 2
			-0.000383999 -0.00100932 -0.999999 -31.4555 -1.03656e-06 -0.999999 0.00100932 0.036812 -1 1.42414e-06 0.000383997 0.0107229 0 0 0 1 
			4 3
			-0.000383999 -0.00100932 -0.999999 -38.038 -1.03656e-06 -0.999999 0.00100932 0.0388247 -1 1.42414e-06 0.000383997 0.0107228 0 0 0 1 
			5 4
			1.34309e-06 9.80604e-13 -1 -40.5657 -1.40269e-06 -1 -2.8646e-12 -0.00211895 -1 1.40269e-06 -1.34309e-06 -0.00490874 0 0 0 1 
			6 5
			1 -0 0 0 0 1 0 0 -0 -0 1 -0 0 0 0 1 
			7 4
			0.950432 6.75818e-05 0.310933 10.539 -1.42282e-06 1 -0.000213002 -0.00652172 -0.310933 0.000202002 0.950432 36.5745 0 0 0 1 
			8 7
			0.476976 0.0235788 0.8786 28.6752 0.0457762 0.997617 -0.0516239 -2.17945 -0.877723 0.0648423 0.47476 23.1227 0 0 0 1 
			9 8
			0.476835 0.0205561 0.878752 22.2236 0.0472212 0.997684 -0.0489616 -2.11213 -0.877724 0.0648423 0.47476 23.1227 0 0 0 1 
			10 9
			0.476835 0.0205561 0.878752 15.4032 -0.877686 0.0656367 0.474721 23.121 -0.04792 -0.997632 0.0493396 2.13054 0 0 0 1 
			11 4
			-0.950193 6.50589e-05 0.311663 10.5594 -1.39561e-06 1 -0.000213002 -0.00652172 -0.311663 -0.000202828 -0.950193 -36.5678 0 0 0 1 
			12 11
			-0.476976 0.0235775 0.8786 28.6676 -0.045779 0.997617 -0.0516239 -2.17948 -0.877723 -0.0648447 -0.47476 -23.1259 0 0 0 1 
			13 12
			-0.476835 0.0205548 0.878752 22.216 -0.0472239 0.997684 -0.0489616 -2.11218 -0.877723 -0.0648447 -0.47476 -23.1259 0 0 0 1 
			14 13
			-0.476835 0.0205547 0.878752 15.3956 0.877685 0.0656391 0.474721 23.1242 -0.0479228 0.997632 -0.0493396 -2.13059 0 0 0 1 
			15 2
			1.37369e-06 -0.0998331 0.995004 21.852 0 -0.995004 -0.0998331 -2.1925 1 1.3714e-07 -1.36683e-06 -4.26131 0 0 0 1 
			16 15
			1.37369e-06 0.0998335 0.995004 12.303 0 -0.995004 0.0998335 0.256849 1 -1.3714e-07 -1.36683e-06 -4.26131 0 0 0 1 
			17 16
			1.3716e-06 -6.00745e-14 1 2.57273 0 -1 -6.00745e-14 4.22662e-06 1 8.23984e-20 -1.3716e-06 -4.26131 0 0 0 1 
			18 17
			1.3723e-06 -1 -6.00133e-14 -5.50713 0 6.00133e-14 -1 -0.331805 1 1.3723e-06 8.23562e-20 -4.26131 0 0 0 1 
			19 18
			1 -0 0 0 0 1 0 0 -0 -0 1 -0 0 0 0 1 
			20 2
			1.37369e-06 -0.0998331 0.995004 21.852 0 -0.995004 -0.0998331 -2.1925 1 1.3714e-07 -1.36683e-06 4.26131 0 0 0 1 
			21 20
			1.37369e-06 0.0998335 0.995004 12.303 0 -0.995004 0.0998335 0.256849 1 -1.3714e-07 -1.36683e-06 4.26131 0 0 0 1 
			22 21
			1.3716e-06 -6.00745e-14 1 2.57273 0 -1 -6.00745e-14 4.22662e-06 1 8.23984e-20 -1.3716e-06 4.26131 0 0 0 1 
			23 22
			1.3723e-06 -1 -6.00133e-14 -5.50713 0 6.00133e-14 -1 -0.331804 1 1.3723e-06 8.23562e-20 4.26131 0 0 0 1 
			24 23
			1 -0 0 0 0 1 0 0 -0 -0 1 -0 0 0 0 1 
	</skeleton>
		<animations>
			25
			0
				-1
				-0.573575 0.819153 0 0 -0.819153 -0.573575 -0 2.85 -0 -0 1 -18.7677 0 0 0 1 
				0
				-0.505842 0.862626 -9.18645e-34 0 -0.862626 -0.505842 -1.37502e-32 2.4744 -1.2326e-32 -6.16298e-33 1 -19.2956 0 0 0 1 
				1
				-0.429402 0.903114 2.78293e-33 0 -0.903114 -0.429402 -1.3232e-33 2.0707 -0 -3.08149e-33 1 -19.891 0 0 0 1 
				2
				-0.347511 0.937676 1.49546e-33 0 -0.937676 -0.347511 -1.36995e-32 1.65587 -1.2326e-32 -6.16298e-33 1 -20.5131 0 0 0 1 
				3
				-0.264082 0.9645 2.82964e-34 0 -0.9645 -0.264082 1.27021e-32 1.24688 1.2326e-32 3.08149e-33 1 -21.1211 0 0 0 1 
				4
				-0.183318 0.983054 1.51463e-33 0 -0.983054 -0.183318 -2.82446e-34 0.860144 -0 -1.54074e-33 1 -21.6758 0 0 0 1 
				5
				-0.109543 0.993982 5.84489e-34 0 -0.993982 -0.109543 1.23362e-32 0.51211 1.2326e-32 7.70372e-34 1 -22.1377 0 0 0 1 
				6
				-0.0470798 0.998891 3.84759e-34 0 -0.998891 -0.0470798 -1.81345e-35 0.21974 -0 -3.85186e-34 1 -22.466 0 0 0 1 
				7
				1.33158e-06 1 0 0 -1 1.33158e-06 0 8.45079e-07 -0 -0 1 -22.6202 0 0 0 1 
				8
				0.0292568 0.999572 -2.44035e-35 0 -0.999572 0.0292568 -1.23319e-32 -0.13651 -1.2326e-32 3.85186e-34 1 -22.5748 0 0 0 1 
				9
				0.0429396 0.999078 3.84831e-34 0 -0.999078 0.0429396 1.65397e-35 -0.20039 -0 -3.85186e-34 1 -22.3552 0 0 0 1 
				10
				0.0446992 0.999 1.66159e-34 0 -0.999 0.0446992 -1.23308e-32 -0.208606 -1.2326e-32 3.85186e-34 1 -22.0021 0 0 0 1 
				11
				0.0381711 0.999271 6.8422e-34 0 -0.999271 0.0381711 1.23611e-32 -0.178124 1.2326e-32 -1.15556e-33 1 -21.5562 0 0 0 1 
				12
				0.0268714 0.999639 -3.31215e-34 0 -0.999639 0.0268714 1.23215e-32 -0.125377 1.2326e-32 -0 1 -21.0569 0 0 0 1 
				13
				0.014318 0.999897 -1.60903e-35 0 -0.999897 0.014318 -1.23274e-32 -0.0667959 -1.2326e-32 1.92593e-34 1 -20.5436 0 0 0 1 
				14
				0.00414866 0.999991 0 0 -0.999991 0.00414866 0 -0.0193479 -0 -0 1 -20.057 0 0 0 1 
				15
				1.33158e-06 1 0 0 -1 1.33158e-06 0 9.75445e-07 -0 -0 1 -19.6378 0 0 0 1 
				16
				1.33158e-06 1 0 0 -1 1.33158e-06 0 9.75445e-07 -0 -0 1 -19.6378 0 0 0 1 
				17
				1.33158e-06 1 0 0 -1 1.33158e-06 0 9.75445e-07 -0 -0 1 -19.6378 0 0 0 1 
				18
				1.33158e-06 1 0 0 -1 1.33158e-06 0 9.75445e-07 -0 -0 1 -19.6378 0 0 0 1 
				19
				1.33158e-06 1 0 0 -1 1.33158e-06 0 9.75445e-07 -0 -0 1 -19.6378 0 0 0 1 
				20
				1.33158e-06 1 0 0 -1 1.33158e-06 0 9.75445e-07 -0 -0 1 -19.6378 0 0 0 1 
				21
				1.33158e-06 1 0 0 -1 1.33158e-06 0 9.75445e-07 -0 -0 1 -19.6378 0 0 0 1 
				22
				1.33158e-06 1 0 0 -1 1.33158e-06 0 9.75445e-07 -0 -0 1 -19.6378 0 0 0 1 
				23
				1.33158e-06 1 0 0 -1 1.33158e-06 0 9.75445e-07 -0 -0 1 -19.6378 0 0 0 1 
		</Joint>
			1
				-1
				1.33158e-06 -0.573574 -0.819154 0 0 -0.819154 0.573574 2.85 -1 -7.6376e-07 -1.09077e-06 -18.7677 0 0 0 1 
				0
				1.33158e-06 -0.505841 -0.862627 0 0 -0.862627 0.505841 2.4744 -1 -6.73568e-07 -1.14866e-06 -19.2956 0 0 0 1 
				1
				1.33158e-06 -0.4294 -0.903114 0 0 -0.903114 0.4294 2.0707 -1 -5.71781e-07 -1.20257e-06 -19.891 0 0 0 1 
				2
				1.33158e-06 -0.34751 -0.937676 0 0 -0.937676 0.34751 1.65587 -1 -4.62738e-07 -1.24859e-06 -20.5131 0 0 0 1 
				3
				1.33158e-06 -0.264081 -0.964501 0 0 -0.964501 0.264081 1.24688 -1 -3.51644e-07 -1.28431e-06 -21.1211 0 0 0 1 
				4
				1.33158e-06 -0.183316 -0.983054 0 0 -0.983054 0.183316 0.860144 -1 -2.441e-07 -1.30902e-06 -21.6758 0 0 0 1 
				5
				1.33158e-06 -0.109542 -0.993982 0 0 -0.993982 0.109542 0.51211 -1 -1.45864e-07 -1.32357e-06 -22.1377 0 0 0 1 
				6
				1.33158e-06 -0.0470785 -0.998891 0 0 -0.998891 0.0470785 0.21974 -1 -6.26888e-08 -1.3301e-06 -22.466 0 0 0 1 
				7
				1.33158e-06 2.66316e-06 -1 0 0 -1 -2.66316e-06 8.45079e-07 -1 3.54621e-12 -1.33158e-06 -22.6202 0 0 0 1 
				8
				1.33158e-06 0.0292581 -0.999572 0 0 -0.999572 -0.0292581 -0.13651 -1 3.89595e-08 -1.33101e-06 -22.5748 0 0 0 1 
				9
				1.33158e-06 0.0429409 -0.999078 0 0 -0.999078 -0.0429409 -0.20039 -1 5.71793e-08 -1.33035e-06 -22.3552 0 0 0 1 
				10
				1.33158e-06 0.0447005 -0.999 0 0 -0.999 -0.0447005 -0.208606 -1 5.95223e-08 -1.33025e-06 -22.0021 0 0 0 1 
				11
				1.33158e-06 0.0381725 -0.999271 0 0 -0.999271 -0.0381725 -0.178124 -1 5.08297e-08 -1.33061e-06 -21.5562 0 0 0 1 
				12
				1.33158e-06 0.0268727 -0.999639 0 0 -0.999639 -0.0268727 -0.125377 -1 3.57832e-08 -1.3311e-06 -21.0569 0 0 0 1 
				13
				1.33158e-06 0.0143193 -0.999897 0 0 -0.999897 -0.0143193 -0.0667959 -1 1.90673e-08 -1.33144e-06 -20.5436 0 0 0 1 
				14
				1.33158e-06 0.00414999 -0.999991 0 0 -0.999991 -0.00414999 -0.0193479 -1 5.52605e-09 -1.33157e-06 -20.057 0 0 0 1 
				15
				1.33158e-06 2.66316e-06 -1 0 0 -1 -2.66316e-06 9.75445e-07 -1 3.54621e-12 -1.33158e-06 -19.6378 0 0 0 1 
				16
				1.33158e-06 2.66316e-06 -1 0 0 -1 -2.66316e-06 9.75445e-07 -1 3.54621e-12 -1.33158e-06 -19.6378 0 0 0 1 
				17
				1.33158e-06 2.66316e-06 -1 0 0 -1 -2.66316e-06 9.75445e-07 -1 3.54621e-12 -1.33158e-06 -19.6378 0 0 0 1 
				18
				1.33158e-06 2.66316e-06 -1 0 0 -1 -2.66316e-06 9.75445e-07 -1 3.54621e-12 -1.33158e-06 -19.6378 0 0 0 1 
				19
				1.33158e-06 2.66316e-06 -1 0 0 -1 -2.66316e-06 9.75445e-07 -1 3.54621e-12 -1.33158e-06 -19.6378 0 0 0 1 
				20
				1.33158e-06 2.66316e-06 -1 0 0 -1 -2.66316e-06 9.75445e-07 -1 3.54621e-12 -1.33158e-06 -19.6378 0 0 0 1 
				21
				1.33158e-06 2.66316e-06 -1 0 0 -1 -2.66316e-06 9.75445e-07 -1 3.54621e-12 -1.33158e-06 -19.6378 0 0 0 1 
				22
				1.33158e-06 2.66316e-06 -1 0 0 -1 -2.66316e-06 9.75445e-07 -1 3.54621e-12 -1.33158e-06 -19.6378 0 0 0 1 
				23
				1.33158e-06 2.66316e-06 -1 0 0 -1 -2.66316e-06 9.75445e-07 -1 3.54621e-12 -1.33158e-06 -19.6378 0 0 0 1 
		</Joint>
			2
				-1
				-0.171245 -0.296063 -0.939692 0.00155322 -0.470496 -0.813422 0.342021 2.85426 -0.865626 0.500691 -2.34185e-06 -21.6818 0 0 0 1 
				0
				-0.139635 -0.244373 -0.959575 0.00128276 -0.488906 -0.825695 0.281422 2.47872 -0.861088 0.508438 -0.00417883 -22.2098 0 0 0 1 
				1
				-0.103333 -0.187315 -0.97685 0.000984013 -0.506333 -0.835425 0.213756 2.07508 -0.856125 0.516699 -0.00851694 -22.8052 0 0 0 1 
				2
				-0.0639444 -0.128172 -0.989688 0.000674309 -0.521339 -0.841343 0.142645 1.66028 -0.850951 0.525084 -0.013022 -23.4273 0 0 0 1 
				3
				-0.0234806 -0.0703208 -0.997248 0.000371391 -0.532989 -0.843053 0.0719972 1.25129 -0.845796 0.533213 -0.0176849 -24.0354 0 0 0 1 
				4
				0.0158095 -0.0169808 -0.999731 9.22085e-05 -0.540963 -0.841027 0.00573049 0.864547 -0.840898 0.540726 -0.0224822 -24.5901 0 0 0 1 
				5
				0.0515193 0.0288111 -0.998256 -0.000147546 -0.545532 -0.836457 -0.0522958 0.51649 -0.836505 0.547275 -0.0273763 -25.052 0 0 0 1 
				6
				0.0811568 0.0641658 -0.994634 -0.000332629 -0.547467 -0.831035 -0.0982822 0.224092 -0.832882 0.552506 -0.0323154 -25.3804 0 0 0 1 
				7
				0.102303 0.0863983 -0.990994 -0.000449072 -0.547846 -0.826632 -0.128624 0.00432947 -0.830301 0.556071 -0.0372342 -25.5346 0 0 0 1 
				8
				0.113435 0.0939934 -0.989089 -0.000488751 -0.547721 -0.824663 -0.141184 -0.132191 -0.828935 0.557761 -0.0420635 -25.4892 0 0 0 1 
				9
				0.115735 0.0889796 -0.989286 -0.000462466 -0.547677 -0.825182 -0.138291 -0.196068 -0.828647 0.557814 -0.0467706 -25.2696 0 0 0 1 
				10
				0.111252 0.0743126 -0.99101 -0.000385573 -0.547782 -0.827449 -0.123542 -0.204272 -0.829191 0.556601 -0.0513483 -24.9165 0 0 0 1 
				11
				0.102069 0.0528719 -0.993371 -0.000273153 -0.547859 -0.830512 -0.100497 -0.173774 -0.83032 0.554485 -0.0558034 -24.4705 0 0 0 1 
				12
				0.0902153 0.0274611 -0.995543 -0.000140023 -0.547708 -0.833512 -0.0726244 -0.121012 -0.831792 0.551819 -0.0601549 -23.9712 0 0 0 1 
				13
				0.0777058 0.000939531 -0.996976 -9.84691e-07 -0.547233 -0.835852 -0.0434398 -0.0624182 -0.833365 0.548954 -0.0644364 -23.4579 0 0 0 1 
				14
				0.06659 -0.0236825 -0.997499 0.000127987 -0.546515 -0.837285 -0.0166049 -0.0149629 -0.834798 0.546254 -0.0686976 -22.9713 0 0 0 1 
				15
				0.0588776 -0.0433651 -0.997323 0.000231196 -0.545794 -0.837908 0.0042122 0.00438896 -0.835848 0.544085 -0.0730025 -22.5521 0 0 0 1 
				16
				0.0588776 -0.0433651 -0.997323 0.000231196 -0.545794 -0.837908 0.0042122 0.00438896 -0.835848 0.544085 -0.0730025 -22.5521 0 0 0 1 
				17
				0.0588776 -0.0433651 -0.997323 0.000231196 -0.545794 -0.837908 0.0042122 0.00438896 -0.835848 0.544085 -0.0730025 -22.5521 0 0 0 1 
				18
				0.0588776 -0.0433651 -0.997323 0.000231196 -0.545794 -0.837908 0.0042122 0.00438896 -0.835848 0.544085 -0.0730025 -22.5521 0 0 0 1 
				19
				0.0588776 -0.0433651 -0.997323 0.000231196 -0.545794 -0.837908 0.0042122 0.00438896 -0.835848 0.544085 -0.0730025 -22.5521 0 0 0 1 
				20
				0.0588776 -0.0433651 -0.997323 0.000231196 -0.545794 -0.837908 0.0042122 0.00438896 -0.835848 0.544085 -0.0730025 -22.5521 0 0 0 1 
				21
				0.0588776 -0.0433651 -0.997323 0.000231196 -0.545794 -0.837908 0.0042122 0.00438896 -0.835848 0.544085 -0.0730025 -22.5521 0 0 0 1 
				22
				0.0588776 -0.0433651 -0.997323 0.000231196 -0.545794 -0.837908 0.0042122 0.00438896 -0.835848 0.544085 -0.0730025 -22.5521 0 0 0 1 
				23
				0.0588776 -0.0433651 -0.997323 0.000231196 -0.545794 -0.837908 0.0042122 0.00438896 -0.835848 0.544085 -0.0730025 -22.5521 0 0 0 1 
		</Joint>
			3
				-1
				-0.175869 -0.0124094 -0.984335 -1.12559 -0.615202 -0.779223 0.11974 -0.238661 -0.768503 0.626623 0.129407 -27.383 0 0 0 1 
				0
				-0.139696 0.0212013 -0.989967 -0.917968 -0.639266 -0.765435 0.0738153 -0.735449 -0.756191 0.643164 0.120482 -27.8812 0 0 0 1 
				1
				-0.0972918 0.0576136 -0.993587 -0.679496 -0.6625 -0.748754 0.021455 -1.25389 -0.742717 0.660339 0.111017 -28.444 0 0 0 1 
				2
				-0.0507762 0.0934821 -0.994325 -0.420725 -0.683026 -0.729615 -0.0337158 -1.76757 -0.728626 0.677439 0.100898 -29.0321 0 0 0 1 
				3
				-0.00282834 0.125874 -0.992042 -0.154847 -0.699607 -0.709091 -0.0879776 -2.25336 -0.714522 0.693791 0.090068 -29.6064 0 0 0 1 
				4
				0.0435279 0.152443 -0.987353 0.103358 -0.711792 -0.688756 -0.13772 -2.69269 -0.70104 0.708785 0.0785275 -30.129 0 0 0 1 
				5
				0.0850349 0.171343 -0.981535 0.338076 -0.71989 -0.670499 -0.179414 -3.07092 -0.68886 0.721853 0.066332 -30.562 0 0 0 1 
				6
				0.118298 0.181051 -0.976333 0.532927 -0.724812 -0.656311 -0.209528 -3.37613 -0.678714 0.732445 0.0535874 -30.8666 0 0 0 1 
				7
				0.14 0.180226 -0.973611 0.672009 -0.727799 -0.647969 -0.2246 -3.59843 -0.671348 0.740037 0.0404522 -31.0038 0 0 0 1 
				8
				0.148027 0.168222 -0.974571 0.745307 -0.729968 -0.646276 -0.222429 -3.73414 -0.667259 0.744331 0.02713 -30.9495 0 0 0 1 
				9
				0.143965 0.14671 -0.978647 0.760587 -0.731841 -0.649884 -0.205083 -3.7977 -0.666095 0.745739 0.0138077 -30.728 0 0 0 1 
				10
				0.130609 0.117809 -0.984409 0.731305 -0.733322 -0.656735 -0.17589 -3.80656 -0.667217 0.744863 0.000616542 -30.3785 0 0 0 1 
				11
				0.110833 0.0835379 -0.990322 0.671152 -0.734071 -0.664854 -0.138238 -3.77653 -0.669967 0.742287 -0.0123653 -29.94 0 0 0 1 
				12
				0.087446 0.0459338 -0.99511 0.593455 -0.733813 -0.672601 -0.0955314 -3.72273 -0.673699 0.738579 -0.0251094 -29.4503 0 0 0 1 
				13
				0.0632289 0.00720454 -0.997973 0.511453 -0.732548 -0.678779 -0.0513125 -3.66098 -0.677772 0.734308 -0.0376408 -28.9473 0 0 0 1 
				14
				0.0409752 -0.0302031 -0.998703 0.43861 -0.730636 -0.682703 -0.00933026 -3.60878 -0.681536 0.730071 -0.0500414 -28.4701 0 0 0 1 
				15
				0.0233718 -0.0637445 -0.997692 0.388123 -0.728775 -0.684234 0.0266449 -3.58467 -0.684354 0.726471 -0.0624472 -28.0578 0 0 0 1 
				16
				0.0233718 -0.0637445 -0.997692 0.388123 -0.728775 -0.684234 0.0266449 -3.58467 -0.684354 0.726471 -0.0624472 -28.0578 0 0 0 1 
				17
				0.0233718 -0.0637445 -0.997692 0.388123 -0.728775 -0.684234 0.0266449 -3.58467 -0.684354 0.726471 -0.0624472 -28.0578 0 0 0 1 
				18
				0.0233718 -0.0637445 -0.997692 0.388123 -0.728775 -0.684234 0.0266449 -3.58467 -0.684354 0.726471 -0.0624472 -28.0578 0 0 0 1 
				19
				0.0233718 -0.0637445 -0.997692 0.388123 -0.728775 -0.684234 0.0266449 -3.58467 -0.684354 0.726471 -0.0624472 -28.0578 0 0 0 1 
				20
				0.0233718 -0.0637445 -0.997692 0.388123 -0.728775 -0.684234 0.0266449 -3.58467 -0.684354 0.726471 -0.0624472 -28.0578 0 0 0 1 
				21
				0.0233718 -0.0637445 -0.997692 0.388123 -0.728775 -0.684234 0.0266449 -3.58467 -0.684354 0.726471 -0.0624472 -28.0578 0 0 0 1 
				22
				0.0233718 -0.0637445 -0.997692 0.388123 -0.728775 -0.684234 0.0266449 -3.58467 -0.684354 0.726471 -0.0624472 -28.0578 0 0 0 1 
				23
				0.0233718 -0.0637445 -0.997692 0.388123 -0.728775 -0.684234 0.0266449 -3.58467 -0.684354 0.726471 -0.0624472 -28.0578 0 0 0 1 
		</Joint>
			4
				-1
				-0.175869 -0.0124094 -0.984335 -2.28321 -0.615202 -0.779223 0.11974 -4.28661 -0.768503 0.626623 0.129407 -32.4428 0 0 0 1 
				0
				-0.139696 0.0212013 -0.989967 -1.83755 -0.639266 -0.765435 0.0738153 -4.94182 -0.756191 0.643164 0.120482 -32.86 0 0 0 1 
				1
				-0.0972918 0.0576136 -0.993587 -1.32003 -0.6625 -0.748754 0.021455 -5.61324 -0.742717 0.660339 0.111017 -33.3342 0 0 0 1 
				2
				-0.0507762 0.0934821 -0.994325 -0.755144 -0.683026 -0.729615 -0.0337158 -6.26207 -0.728626 0.677439 0.100898 -33.8296 0 0 0 1 
				3
				-0.00282835 0.125874 -0.992042 -0.173719 -0.699607 -0.709091 -0.0879776 -6.85704 -0.714522 0.693791 0.090068 -34.3111 0 0 0 1 
				4
				0.0435279 0.152443 -0.987353 0.389571 -0.711792 -0.688756 -0.13772 -7.37662 -0.70104 0.708785 0.0785275 -34.7449 0 0 0 1 
				5
				0.0850349 0.171343 -0.981535 0.897467 -0.71989 -0.670499 -0.179414 -7.80819 -0.68886 0.721853 0.066332 -35.0978 0 0 0 1 
				6
				0.118298 0.181051 -0.976333 1.31125 -0.724812 -0.656311 -0.209528 -8.14584 -0.678714 0.732445 0.0535874 -35.3357 0 0 0 1 
				7
				0.14 0.180226 -0.973611 1.59319 -0.727799 -0.647969 -0.2246 -8.3878 -0.671348 0.740037 0.0404522 -35.4244 0 0 0 1 
				8
				0.148027 0.168222 -0.974571 1.71935 -0.729968 -0.646276 -0.222429 -8.53779 -0.667259 0.744331 0.02713 -35.3432 0 0 0 1 
				9
				0.143965 0.14671 -0.978647 1.70793 -0.731841 -0.649884 -0.205083 -8.61368 -0.666095 0.745739 0.0138077 -35.114 0 0 0 1 
				10
				0.130609 0.117809 -0.984409 1.59079 -0.733322 -0.656735 -0.17589 -8.63228 -0.667217 0.744863 0.000616537 -34.7719 0 0 0 1 
				11
				0.110833 0.0835379 -0.990322 1.40054 -0.734071 -0.664854 -0.138238 -8.60716 -0.669967 0.742287 -0.0123653 -34.3515 0 0 0 1 
				12
				0.087446 0.0459338 -0.99511 1.16897 -0.733813 -0.672601 -0.0955314 -8.55165 -0.673699 0.738579 -0.0251094 -33.8864 0 0 0 1 
				13
				0.0632289 0.00720454 -0.997973 0.927639 -0.732548 -0.678779 -0.0513125 -8.48156 -0.677772 0.734308 -0.0376408 -33.4102 0 0 0 1 
				14
				0.0409752 -0.0302031 -0.998703 0.708386 -0.730636 -0.682703 -0.00933025 -8.41676 -0.681536 0.730071 -0.0500414 -32.9578 0 0 0 1 
				15
				0.0233718 -0.0637445 -0.997692 0.542094 -0.728775 -0.684234 0.0266449 -8.3804 -0.684354 0.726471 -0.0624472 -32.564 0 0 0 1 
				16
				0.0233718 -0.0637445 -0.997692 0.542094 -0.728775 -0.684234 0.0266449 -8.3804 -0.684354 0.726471 -0.0624472 -32.564 0 0 0 1 
				17
				0.0233718 -0.0637445 -0.997692 0.542094 -0.728775 -0.684234 0.0266449 -8.3804 -0.684354 0.726471 -0.0624472 -32.564 0 0 0 1 
				18
				0.0233718 -0.0637445 -0.997692 0.542094 -0.728775 -0.684234 0.0266449 -8.3804 -0.684354 0.726471 -0.0624472 -32.564 0 0 0 1 
				19
				0.0233718 -0.0637445 -0.997692 0.542094 -0.728775 -0.684234 0.0266449 -8.3804 -0.684354 0.726471 -0.0624472 -32.564 0 0 0 1 
				20
				0.0233718 -0.0637445 -0.997692 0.542094 -0.728775 -0.684234 0.0266449 -8.3804 -0.684354 0.726471 -0.0624472 -32.564 0 0 0 1 
				21
				0.0233718 -0.0637445 -0.997692 0.542094 -0.728775 -0.684234 0.0266449 -8.3804 -0.684354 0.726471 -0.0624472 -32.564 0 0 0 1 
				22
				0.0233718 -0.0637445 -0.997692 0.542094 -0.728775 -0.684234 0.0266449 -8.3804 -0.684354 0.726471 -0.0624472 -32.564 0 0 0 1 
				23
				0.0233718 -0.0637445 -0.997692 0.542094 -0.728775 -0.684234 0.0266449 -8.3804 -0.684354 0.726471 -0.0624472 -32.564 0 0 0 1 
		</Joint>
			5
				-1
				4.36352e-07 -1.00739e-06 -1 -2.72775 -0.0871562 -0.996195 9.65524e-07 -5.84165 -0.996195 0.0871562 -5.22491e-07 -34.3854 0 0 0 1 
				0
				0.00700831 0.0420066 -0.999093 -2.19066 -0.0868738 -0.995314 -0.0424572 -6.55769 -0.996194 0.0870925 -0.0033262 -34.7715 0 0 0 1 
				1
				0.0144901 0.089919 -0.995843 -1.56595 -0.0859431 -0.99215 -0.0908361 -7.28784 -0.996194 0.0869021 -0.00664846 -35.2116 0 0 0 1 
				2
				0.0220646 0.139982 -0.989908 -0.88349 -0.0843168 -0.986361 -0.141359 -7.98855 -0.996194 0.0865849 -0.00996091 -35.6714 0 0 0 1 
				3
				0.0293627 0.18847 -0.98164 -0.180868 -0.0820613 -0.978294 -0.190282 -8.62543 -0.996195 0.0861418 -0.0132593 -36.1172 0 0 0 1 
				4
				0.0360573 0.231888 -0.972074 0.499596 -0.0793484 -0.968971 -0.234091 -9.17581 -0.996195 0.0855732 -0.0165385 -36.5169 0 0 0 1 
				5
				0.041869 0.266901 -0.962814 1.11241 -0.0764406 -0.959979 -0.269439 -9.62785 -0.996195 0.0848792 -0.0197912 -36.839 0 0 0 1 
				6
				0.0465721 0.290223 -0.955825 1.61027 -0.0736687 -0.953259 -0.293034 -9.97794 -0.996194 0.0840616 -0.0230149 -37.0512 0 0 0 1 
				7
				0.0499915 0.298622 -0.953061 1.94707 -0.0713937 -0.950744 -0.301641 -10.2275 -0.996195 0.0831221 -0.0262094 -37.1214 0 0 0 1 
				8
				0.0520614 0.290046 -0.955595 2.09352 -0.0699 -0.953488 -0.293215 -10.3829 -0.996195 0.0820613 -0.0293657 -37.0298 0 0 0 1 
				9
				0.0530118 0.266534 -0.962366 2.07183 -0.069181 -0.960426 -0.269808 -10.4636 -0.996194 0.0808805 -0.0324748 -36.7977 0 0 0 1 
				10
				0.0531321 0.231314 -0.971427 1.92093 -0.0690881 -0.969618 -0.234663 -10.4859 -0.996194 0.0795822 -0.0355368 -36.4584 0 0 0 1 
				11
				0.0526804 0.187673 -0.980818 1.68069 -0.0694337 -0.979116 -0.191077 -10.4627 -0.996195 0.0781678 -0.0385494 -36.0449 0 0 0 1 
				12
				0.0518928 0.138947 -0.988939 1.39001 -0.0700245 -0.98733 -0.142395 -10.4065 -0.996195 0.0766393 -0.0415056 -35.5893 0 0 0 1 
				13
				0.0510096 0.0886331 -0.994757 1.08746 -0.0706706 -0.993237 -0.0921215 -10.3332 -0.996195 0.0749992 -0.0444009 -35.1234 0 0 0 1 
				14
				0.0502887 0.040469 -0.997914 0.811959 -0.0711855 -0.996492 -0.0439987 -10.2636 -0.996194 0.0732497 -0.0472315 -34.6805 0 0 0 1 
				15
				0.0499919 -0.00178857 -0.998748 0.601171 -0.071394 -0.997446 -0.00178735 -10.2225 -0.996195 0.0713939 -0.049992 -34.2938 0 0 0 1 
				16
				0.0499919 -0.00178857 -0.998748 0.601171 -0.071394 -0.997446 -0.00178735 -10.2225 -0.996195 0.0713939 -0.049992 -34.2938 0 0 0 1 
				17
				0.0499919 -0.00178857 -0.998748 0.601171 -0.071394 -0.997446 -0.00178735 -10.2225 -0.996195 0.0713939 -0.049992 -34.2938 0 0 0 1 
				18
				0.0499919 -0.00178857 -0.998748 0.601171 -0.071394 -0.997446 -0.00178735 -10.2225 -0.996195 0.0713939 -0.049992 -34.2938 0 0 0 1 
				19
				0.0499919 -0.00178857 -0.998748 0.601171 -0.071394 -0.997446 -0.00178735 -10.2225 -0.996195 0.0713939 -0.049992 -34.2938 0 0 0 1 
				20
				0.0499919 -0.00178857 -0.998748 0.601171 -0.071394 -0.997446 -0.00178735 -10.2225 -0.996195 0.0713939 -0.049992 -34.2938 0 0 0 1 
				21
				0.0499919 -0.00178857 -0.998748 0.601171 -0.071394 -0.997446 -0.00178735 -10.2225 -0.996195 0.0713939 -0.049992 -34.2938 0 0 0 1 
				22
				0.0499919 -0.00178857 -0.998748 0.601171 -0.071394 -0.997446 -0.00178735 -10.2225 -0.996195 0.0713939 -0.049992 -34.2938 0 0 0 1 
				23
				0.0499919 -0.00178857 -0.998748 0.601171 -0.071394 -0.997446 -0.00178735 -10.2225 -0.996195 0.0713939 -0.049992 -34.2938 0 0 0 1 
		</Joint>
			6
		</Joint>
			7
				-1
				0.990171 0.0125466 -0.139301 -0.945059 0.0775294 0.779713 0.621319 -4.45096 0.11641 -0.626011 0.771076 -32.6175 0 0 0 1 
				0
				0.98427 -0.0210929 -0.175404 -0.491675 0.128667 0.765943 0.629901 -5.04371 0.121063 -0.642561 0.75661 -33.0225 0 0 0 1 
				1
				0.974518 -0.0575389 -0.216801 0.0308405 0.185663 0.749281 0.635694 -5.64391 0.125868 -0.659747 0.740871 -33.4838 0 0 0 1 
				2
				0.960749 -0.0934444 -0.261208 0.5968 0.244486 0.730159 0.638039 -6.2177 0.131102 -0.676857 0.724346 -33.9654 0 0 0 1 
				3
				0.943661 -0.125875 -0.306038 1.17519 0.301219 0.709647 0.636921 -6.73886 0.137007 -0.693222 0.707582 -34.4321 0 0 0 1 
				4
				0.924781 -0.15248 -0.348611 1.73216 0.352288 0.689322 0.633031 -7.19078 0.143781 -0.708226 0.691189 -34.8503 0 0 0 1 
				5
				0.906335 -0.171413 -0.38623 2.23218 0.394435 0.671072 0.62776 -7.56563 0.151582 -0.721304 0.675828 -35.1865 0 0 0 1 
				6
				0.891039 -0.181147 -0.416214 2.63891 0.424589 0.656887 0.623075 -7.86231 0.160537 -0.731904 0.662226 -35.407 0 0 0 1 
				7
				0.881696 -0.18034 -0.435991 2.91715 0.439843 0.648547 0.621228 -8.08377 0.170729 -0.739502 0.651143 -35.4779 0 0 0 1 
				8
				0.880108 -0.168343 -0.443927 3.04459 0.438456 0.646857 0.623965 -8.2367 0.182117 -0.743799 0.643115 -35.3785 0 0 0 1 
				9
				0.88524 -0.146827 -0.441352 3.03867 0.422554 0.650466 0.631143 -8.33618 0.194415 -0.745208 0.637861 -35.1313 0 0 0 1 
				10
				0.894867 -0.117916 -0.430475 2.92931 0.395272 0.657318 0.641633 -8.39448 0.2073 -0.744331 0.634821 -34.7712 0 0 0 1 
				11
				0.906633 -0.0836288 -0.413549 2.74702 0.359721 0.665437 0.654059 -8.42057 0.220493 -0.741754 0.633391 -34.3332 0 0 0 1 
				12
				0.918454 -0.0460061 -0.392842 2.52188 0.319055 0.673184 0.667104 -8.42313 0.233764 -0.738042 0.632967 -33.8508 0 0 0 1 
				13
				0.928705 -0.00725764 -0.370749 2.28437 0.276638 0.679361 0.679662 -8.41316 0.24694 -0.733768 0.632934 -33.3576 0 0 0 1 
				14
				0.936317 0.0301677 -0.349857 2.06603 0.236145 0.683285 0.69091 -8.40545 0.259895 -0.729529 0.632647 -32.8883 0 0 0 1 
				15
				0.940828 0.0637232 -0.332839 1.8983 0.201378 0.684814 0.70034 -8.418 0.272561 -0.725926 0.63146 -32.4776 0 0 0 1 
				16
				0.940828 0.0637232 -0.332839 1.8983 0.201378 0.684814 0.70034 -8.418 0.272561 -0.725926 0.63146 -32.4776 0 0 0 1 
				17
				0.940828 0.0637232 -0.332839 1.8983 0.201378 0.684814 0.70034 -8.418 0.272561 -0.725926 0.63146 -32.4776 0 0 0 1 
				18
				0.940828 0.0637232 -0.332839 1.8983 0.201378 0.684814 0.70034 -8.418 0.272561 -0.725926 0.63146 -32.4776 0 0 0 1 
				19
				0.940828 0.0637232 -0.332839 1.8983 0.201378 0.684814 0.70034 -8.418 0.272561 -0.725926 0.63146 -32.4776 0 0 0 1 
				20
				0.940828 0.0637232 -0.332839 1.8983 0.201378 0.684814 0.70034 -8.418 0.272561 -0.725926 0.63146 -32.4776 0 0 0 1 
				21
				0.940828 0.0637232 -0.332839 1.8983 0.201378 0.684814 0.70034 -8.418 0.272561 -0.725926 0.63146 -32.4776 0 0 0 1 
				22
				0.940828 0.0637232 -0.332839 1.8983 0.201378 0.684814 0.70034 -8.418 0.272561 -0.725926 0.63146 -32.4776 0 0 0 1 
				23
				0.940828 0.0637232 -0.332839 1.8983 0.201378 0.684814 0.70034 -8.418 0.272561 -0.725926 0.63146 -32.4776 0 0 0 1 
		</Joint>
			8
				-1
				-0.322955 0.167821 -0.931416 4.64125 -0.496234 0.807993 0.317645 -4.01356 0.805886 0.564786 -0.177667 -31.9608 0 0 0 1 
				0
				-0.29811 0.0561285 -0.95288 5.06135 -0.535159 0.816791 0.215538 -4.3178 0.790402 0.574196 -0.213456 -32.3395 0 0 0 1 
				1
				-0.263791 -0.0634689 -0.962489 5.52885 -0.575287 0.81129 0.104172 -4.59645 0.774247 0.581188 -0.250524 -32.7737 0 0 0 1 
				2
				-0.221728 -0.184175 -0.957557 6.01712 -0.614091 0.789177 -0.00959267 -4.83837 0.757449 0.5859 -0.288083 -33.2258 0 0 0 1 
				3
				-0.174503 -0.299096 -0.938131 6.4991 -0.649549 0.751011 -0.118615 -5.03945 0.740024 0.588663 -0.325331 -33.6592 0 0 0 1 
				4
				-0.125365 -0.402255 -0.906904 6.94955 -0.68049 0.700061 -0.216444 -5.20325 0.721953 0.590004 -0.361494 -34.0391 0 0 0 1 
				5
				-0.0781153 -0.489167 -0.868685 7.34551 -0.706691 0.641776 -0.297844 -5.34032 0.703196 0.590626 -0.395823 -34.3313 0 0 0 1 
				6
				-0.0370118 -0.557053 -0.829651 7.66595 -0.728844 0.58304 -0.358956 -5.46687 0.683678 0.591401 -0.427584 -34.5013 0 0 0 1 
				7
				-0.00652673 -0.604811 -0.796342 7.89147 -0.748323 0.531191 -0.3973 -5.60228 0.663301 0.593328 -0.456062 -34.5147 0 0 0 1 
				8
				0.00995332 -0.633501 -0.773678 8.00995 -0.766666 0.491892 -0.412633 -5.76304 0.641969 0.597259 -0.480788 -34.3511 0 0 0 1 
				9
				0.0132318 -0.647698 -0.761782 8.03299 -0.784732 0.465428 -0.409356 -5.95223 0.619693 0.603212 -0.502111 -34.0344 0 0 0 1 
				10
				0.00568209 -0.651878 -0.758303 7.97794 -0.802554 0.449409 -0.392349 -6.16445 0.596552 0.610809 -0.520614 -33.6017 0 0 0 1 
				11
				-0.00994752 -0.649597 -0.760214 7.86203 -0.819744 0.440672 -0.365825 -6.3911 0.572643 0.619542 -0.536887 -33.0892 0 0 0 1 
				12
				-0.0306296 -0.643861 -0.764529 7.70359 -0.835869 0.435912 -0.333623 -6.62309 0.548074 0.628828 -0.551535 -32.5319 0 0 0 1 
				13
				-0.0529803 -0.637503 -0.768624 7.5239 -0.850718 0.431894 -0.299578 -6.85244 0.522946 0.63801 -0.565217 -31.9644 0 0 0 1 
				14
				-0.0731679 -0.633406 -0.770352 7.34852 -0.864456 0.42548 -0.267736 -7.07317 0.497356 0.646346 -0.578683 -31.422 0 0 0 1 
				15
				-0.0870704 -0.634358 -0.76812 7.20623 -0.877616 0.413694 -0.24217 -7.28187 0.471389 0.653029 -0.592744 -30.9399 0 0 0 1 
				16
				-0.0870704 -0.634358 -0.76812 7.20623 -0.877616 0.413694 -0.24217 -7.28187 0.471389 0.653029 -0.592744 -30.9399 0 0 0 1 
				17
				-0.0870704 -0.634358 -0.76812 7.20623 -0.877616 0.413694 -0.24217 -7.28187 0.471389 0.653029 -0.592744 -30.9399 0 0 0 1 
				18
				-0.0870704 -0.634358 -0.76812 7.20623 -0.877616 0.413694 -0.24217 -7.28187 0.471389 0.653029 -0.592744 -30.9399 0 0 0 1 
				19
				-0.0870704 -0.634358 -0.76812 7.20623 -0.877616 0.413694 -0.24217 -7.28187 0.471389 0.653029 -0.592744 -30.9399 0 0 0 1 
				20
				-0.0870704 -0.634358 -0.76812 7.20623 -0.877616 0.413694 -0.24217 -7.28187 0.471389 0.653029 -0.592744 -30.9399 0 0 0 1 
				21
				-0.0870704 -0.634358 -0.76812 7.20623 -0.877616 0.413694 -0.24217 -7.28187 0.471389 0.653029 -0.592744 -30.9399 0 0 0 1 
				22
				-0.0870704 -0.634358 -0.76812 7.20623 -0.877616 0.413694 -0.24217 -7.28187 0.471389 0.653029 -0.592744 -30.9399 0 0 0 1 
				23
				-0.0870704 -0.634358 -0.76812 7.20623 -0.877616 0.413694 -0.24217 -7.28187 0.471389 0.653029 -0.592744 -30.9399 0 0 0 1 
		</Joint>
			9
				-1
				-0.333874 0.144886 -0.931416 2.55557 -0.551385 0.771411 0.317645 -7.21831 0.764527 0.619623 -0.177667 -26.7562 0 0 0 1 
				0
				-0.301148 0.0364616 -0.95288 3.13612 -0.587561 0.779945 0.215538 -7.77393 0.751053 0.624784 -0.213456 -27.235 0 0 0 1 
				1
				-0.259398 -0.0795404 -0.962489 3.82525 -0.623999 0.77445 0.104172 -8.31173 0.737114 0.627614 -0.250524 -27.7735 0 0 0 1 
				2
				-0.210832 -0.196554 -0.957557 4.58517 -0.658219 0.752765 -0.00959268 -8.80424 0.722701 0.62826 -0.288083 -28.3341 0 0 0 1 
				3
				-0.158405 -0.307924 -0.938131 5.37214 -0.68844 0.715528 -0.118615 -9.23433 0.707784 0.627058 -0.325331 -28.88 0 0 0 1 
				4
				-0.105581 -0.407895 -0.906904 6.13993 -0.713849 0.666011 -0.216444 -9.59795 0.692295 0.62454 -0.361494 -29.3766 0 0 0 1 
				5
				-0.0562113 -0.492165 -0.868685 6.84103 -0.734623 0.609605 -0.297844 -9.90423 0.676143 0.621414 -0.395823 -29.79 0 0 0 1 
				6
				-0.0144615 -0.558094 -0.829651 7.42692 -0.751819 0.553099 -0.358956 -10.1738 0.65921 0.618557 -0.427584 -30.086 0 0 0 1 
				7
				0.0153923 -0.604651 -0.796342 7.84932 -0.767079 0.503728 -0.3973 -10.435 0.641367 0.616973 -0.456062 -30.231 0 0 0 1 
				8
				0.030246 -0.632857 -0.773678 8.07423 -0.782033 0.467075 -0.412633 -10.7143 0.622503 0.617522 -0.480788 -30.2052 0 0 0 1 
				9
				0.0312627 -0.647078 -0.761782 8.11844 -0.797388 0.443395 -0.409356 -11.0201 0.602656 0.620234 -0.502111 -30.0324 0 0 0 1 
				10
				0.0210987 -0.651561 -0.758303 8.01463 -0.812959 0.430301 -0.392349 -11.3474 0.581938 0.624747 -0.520614 -29.749 0 0 0 1 
				11
				0.00269355 -0.649667 -0.760214 7.79779 -0.828163 0.424639 -0.365825 -11.6851 0.560481 0.630566 -0.536887 -29.391 0 0 0 1 
				12
				-0.0207995 -0.644253 -0.764529 7.50578 -0.842424 0.423104 -0.333623 -12.0212 0.538413 0.637119 -0.551535 -28.9924 0 0 0 1 
				13
				-0.0459222 -0.63805 -0.768624 7.18175 -0.855445 0.422453 -0.299578 -12.3465 0.515853 0.643758 -0.565217 -28.5871 0 0 0 1 
				14
				-0.0688144 -0.633894 -0.770352 6.87599 -0.867358 0.419531 -0.267736 -12.6559 0.492903 0.649747 -0.578683 -28.21 0 0 0 1 
				15
				-0.0853735 -0.634589 -0.76812 6.64392 -0.878719 0.411345 -0.24217 -12.9496 0.469641 0.654287 -0.592744 -27.8956 0 0 0 1 
				16
				-0.0853735 -0.634589 -0.76812 6.64392 -0.878719 0.411345 -0.24217 -12.9496 0.469641 0.654287 -0.592744 -27.8956 0 0 0 1 
				17
				-0.0853735 -0.634589 -0.76812 6.64392 -0.878719 0.411345 -0.24217 -12.9496 0.469641 0.654287 -0.592744 -27.8956 0 0 0 1 
				18
				-0.0853735 -0.634589 -0.76812 6.64392 -0.878719 0.411345 -0.24217 -12.9496 0.469641 0.654287 -0.592744 -27.8956 0 0 0 1 
				19
				-0.0853735 -0.634589 -0.76812 6.64392 -0.878719 0.411345 -0.24217 -12.9496 0.469641 0.654287 -0.592744 -27.8956 0 0 0 1 
				20
				-0.0853735 -0.634589 -0.76812 6.64392 -0.878719 0.411345 -0.24217 -12.9496 0.469641 0.654287 -0.592744 -27.8956 0 0 0 1 
				21
				-0.0853735 -0.634589 -0.76812 6.64392 -0.878719 0.411345 -0.24217 -12.9496 0.469641 0.654287 -0.592744 -27.8956 0 0 0 1 
				22
				-0.0853735 -0.634589 -0.76812 6.64392 -0.878719 0.411345 -0.24217 -12.9496 0.469641 0.654287 -0.592744 -27.8956 0 0 0 1 
				23
				-0.0853735 -0.634589 -0.76812 6.64392 -0.878719 0.411345 -0.24217 -12.9496 0.469641 0.654287 -0.592744 -27.8956 0 0 0 1 
		</Joint>
			10
				-1
				0.0956933 -0.0182619 -0.995243 0.278421 -0.575316 0.814907 -0.0702699 -10.979 0.812314 0.579304 0.0674748 -21.5419 0 0 0 1 
				0
				0.112385 -0.100328 -0.988587 1.08217 -0.595861 0.78936 -0.147848 -11.7813 0.795184 0.605677 0.0289306 -22.1126 0 0 0 1 
				1
				0.140249 -0.186264 -0.972438 2.05606 -0.617529 0.751256 -0.23296 -12.5676 0.773942 0.633181 -0.00966062 -22.7461 0 0 0 1 
				2
				0.177448 -0.269575 -0.946489 3.14721 -0.637941 0.700813 -0.319205 -13.2935 0.749361 0.660447 -0.0476151 -23.405 0 0 0 1 
				3
				0.220856 -0.344555 -0.912416 4.29176 -0.655273 0.640493 -0.400482 -13.9297 0.722384 0.686331 -0.0843214 -24.0527 0 0 0 1 
				4
				0.26631 -0.407091 -0.873702 5.41982 -0.66888 0.574614 -0.471613 -14.4667 0.694031 0.709997 -0.11927 -24.6549 0 0 0 1 
				5
				0.308901 -0.454946 -0.835227 6.45765 -0.679599 0.508782 -0.528476 -14.9146 0.665376 0.730866 -0.152018 -25.1785 0 0 0 1 
				6
				0.343251 -0.487656 -0.802726 7.32829 -0.689734 0.449239 -0.567847 -15.3015 0.63753 0.748582 -0.182151 -25.59 0 0 0 1 
				7
				0.363856 -0.506104 -0.781963 7.9543 -0.702549 0.402096 -0.587149 -15.6668 0.611583 0.763005 -0.209257 -25.8567 0 0 0 1 
				8
				0.366576 -0.512241 -0.776679 8.28052 -0.720819 0.371446 -0.58519 -16.048 0.588253 0.774362 -0.23307 -25.9595 0 0 0 1 
				9
				0.352375 -0.509345 -0.785111 8.33166 -0.744435 0.355841 -0.564973 -16.4586 0.567141 0.783546 -0.253785 -25.922 0 0 0 1 
				10
				0.324094 -0.499903 -0.803156 8.15853 -0.771484 0.351691 -0.530214 -16.8921 0.547518 0.791461 -0.271686 -25.78 0 0 0 1 
				11
				0.285055 -0.4856 -0.826399 7.81616 -0.799544 0.355053 -0.484424 -17.3335 0.528652 0.79883 -0.287049 -25.5683 0 0 0 1 
				12
				0.239037 -0.46793 -0.850825 7.36392 -0.826409 0.362011 -0.431273 -17.7669 0.509813 0.806219 -0.300168 -25.3202 0 0 0 1 
				13
				0.190396 -0.448655 -0.873188 6.86854 -0.850548 0.368768 -0.374937 -18.1809 0.490221 0.814075 -0.311391 -25.0688 0 0 0 1 
				14
				0.144123 -0.430041 -0.891231 6.40665 -0.871368 0.371687 -0.320259 -18.5717 0.468984 0.822747 -0.321155 -24.8482 0 0 0 1 
				15
				0.105563 -0.414701 -0.903813 6.06164 -0.889235 0.367457 -0.272462 -18.9428 0.445103 0.832465 -0.329977 -24.6925 0 0 0 1 
				16
				0.105563 -0.414701 -0.903813 6.06164 -0.889235 0.367457 -0.272462 -18.9428 0.445103 0.832465 -0.329977 -24.6925 0 0 0 1 
				17
				0.105563 -0.414701 -0.903813 6.06164 -0.889235 0.367457 -0.272462 -18.9428 0.445103 0.832465 -0.329977 -24.6925 0 0 0 1 
				18
				0.105563 -0.414701 -0.903813 6.06164 -0.889235 0.367457 -0.272462 -18.9428 0.445103 0.832465 -0.329977 -24.6925 0 0 0 1 
				19
				0.105563 -0.414701 -0.903813 6.06164 -0.889235 0.367457 -0.272462 -18.9428 0.445103 0.832465 -0.329977 -24.6925 0 0 0 1 
				20
				0.105563 -0.414701 -0.903813 6.06164 -0.889235 0.367457 -0.272462 -18.9428 0.445103 0.832465 -0.329977 -24.6925 0 0 0 1 
				21
				0.105563 -0.414701 -0.903813 6.06164 -0.889235 0.367457 -0.272462 -18.9428 0.445103 0.832465 -0.329977 -24.6925 0 0 0 1 
				22
				0.105563 -0.414701 -0.903813 6.06164 -0.889235 0.367457 -0.272462 -18.9428 0.445103 0.832465 -0.329977 -24.6925 0 0 0 1 
				23
				0.105563 -0.414701 -0.903813 6.06164 -0.889235 0.367457 -0.272462 -18.9428 0.445103 0.832465 -0.329977 -24.6925 0 0 0 1 
		</Joint>
			11
				-1
				-0.880681 0.0125466 -0.473543 -3.62141 0.305107 0.779713 -0.546769 -4.1254 0.362368 -0.626011 -0.690507 -32.2657 0 0 0 1 
				0
				-0.897286 -0.0210928 -0.440946 -3.18334 0.268958 0.765944 -0.583945 -4.84302 0.350057 -0.642561 -0.681597 -32.695 0 0 0 1 
				1
				-0.913916 -0.0575388 -0.401803 -2.67066 0.226437 0.749282 -0.622337 -5.58558 0.336872 -0.659747 -0.671752 -33.182 0 0 0 1 
				2
				-0.929089 -0.0934444 -0.357856 -2.10671 0.180402 0.730158 -0.659032 -6.30938 0.322874 -0.676858 -0.661525 -33.6911 0 0 0 1 
				3
				-0.941838 -0.125875 -0.311604 -1.52212 0.134003 0.709647 -0.691696 -6.97807 0.308196 -0.693222 -0.651505 -34.1872 0 0 0 1 
				4
				-0.951806 -0.15248 -0.266112 -0.9524 0.0905298 0.689322 -0.718776 -7.56523 0.293036 -0.708226 -0.642297 -34.6367 0 0 0 1 
				5
				-0.959193 -0.171413 -0.22487 -0.436555 0.0534333 0.671072 -0.739464 -8.05345 0.277658 -0.721304 -0.634528 -35.0062 0 0 0 1 
				6
				-0.964601 -0.181147 -0.191648 -0.0156796 0.026351 0.656887 -0.753528 -8.43201 0.262391 -0.731904 -0.628862 -35.2613 0 0 0 1 
				7
				-0.968771 -0.18034 -0.170176 0.269956 0.0129606 0.648547 -0.761064 -8.69445 0.247617 -0.739502 -0.625957 -35.3679 0 0 0 1 
				8
				-0.972186 -0.168342 -0.162837 0.394786 0.0156987 0.646856 -0.76245 -8.84148 0.233685 -0.743799 -0.626222 -35.3048 0 0 0 1 
				9
				-0.974799 -0.146827 -0.167951 0.377784 0.0327654 0.650466 -0.758828 -8.8938 0.220663 -0.745208 -0.629263 -35.0937 0 0 0 1 
				10
				-0.976125 -0.117916 -0.182414 0.252756 0.0609667 0.657318 -0.751143 -8.87272 0.208476 -0.744331 -0.634436 -34.7695 0 0 0 1 
				11
				-0.975596 -0.0836289 -0.203022 0.0543917 0.0969792 0.665438 -0.740127 -8.79643 0.196995 -0.741754 -0.641088 -34.3668 0 0 0 1 
				12
				-0.972875 -0.0460062 -0.22671 -0.183761 0.137482 0.673184 -0.726582 -8.68288 0.186045 -0.738042 -0.648599 -33.919 0 0 0 1 
				13
				-0.968067 -0.00725763 -0.250586 -0.429062 0.179108 0.679361 -0.71161 -8.55268 0.175403 -0.733768 -0.656368 -33.4599 0 0 0 1 
				14
				-0.961843 0.0301677 -0.271933 -0.649382 0.218408 0.683285 -0.69672 -8.43082 0.164789 -0.729528 -0.663802 -33.0243 0 0 0 1 
				15
				-0.955411 0.0637231 -0.288321 -0.814368 0.252016 0.684814 -0.683752 -8.34556 0.153876 -0.725926 -0.670338 -32.6474 0 0 0 1 
				16
				-0.955411 0.0637231 -0.288321 -0.814368 0.252016 0.684814 -0.683752 -8.34556 0.153876 -0.725926 -0.670338 -32.6474 0 0 0 1 
				17
				-0.955411 0.0637231 -0.288321 -0.814368 0.252016 0.684814 -0.683752 -8.34556 0.153876 -0.725926 -0.670338 -32.6474 0 0 0 1 
				18
				-0.955411 0.0637231 -0.288321 -0.814368 0.252016 0.684814 -0.683752 -8.34556 0.153876 -0.725926 -0.670338 -32.6474 0 0 0 1 
				19
				-0.955411 0.0637231 -0.288321 -0.814368 0.252016 0.684814 -0.683752 -8.34556 0.153876 -0.725926 -0.670338 -32.6474 0 0 0 1 
				20
				-0.955411 0.0637231 -0.288321 -0.814368 0.252016 0.684814 -0.683752 -8.34556 0.153876 -0.725926 -0.670338 -32.6474 0 0 0 1 
				21
				-0.955411 0.0637231 -0.288321 -0.814368 0.252016 0.684814 -0.683752 -8.34556 0.153876 -0.725926 -0.670338 -32.6474 0 0 0 1 
				22
				-0.955411 0.0637231 -0.288321 -0.814368 0.252016 0.684814 -0.683752 -8.34556 0.153876 -0.725926 -0.670338 -32.6474 0 0 0 1 
				23
				-0.955411 0.0637231 -0.288321 -0.814368 0.252016 0.684814 -0.683752 -8.34556 0.153876 -0.725926 -0.670338 -32.6474 0 0 0 1 
		</Joint>
			12
				-1
				0.380505 -0.615831 -0.689904 -8.59001 0.0903669 0.767211 -0.634997 -2.40406 0.920353 0.179275 0.347578 -30.2213 0 0 0 1 
				0
				0.355597 -0.65658 -0.665171 -8.24561 0.0884356 0.732131 -0.675398 -3.32562 0.930446 0.181344 0.318408 -30.72 0 0 0 1 
				1
				0.332007 -0.699253 -0.6331 -7.82677 0.0851272 0.690644 -0.718167 -4.30808 0.939428 0.184543 0.288824 -31.2814 0 0 0 1 
				2
				0.310405 -0.740723 -0.5958 -7.34842 0.0794188 0.644775 -0.760235 -5.29159 0.947281 0.188663 0.258969 -31.8695 0 0 0 1 
				3
				0.291333 -0.778426 -0.556037 -6.83575 0.0706565 0.597173 -0.798994 -6.22206 0.954009 0.193486 0.228977 -32.4485 0 0 0 1 
				4
				0.27512 -0.81052 -0.517075 -6.32227 0.0584818 0.550943 -0.832491 -7.05449 0.95963 0.198795 0.198976 -32.9835 0 0 0 1 
				5
				0.261785 -0.835815 -0.482579 -5.8481 0.0426959 0.509556 -0.859377 -7.75199 0.964181 0.204368 0.16908 -33.4397 0 0 0 1 
				6
