<?xml version='1.0' encoding='UTF-8' ?>
<itpanim>
	<skeleton count>
		37
			0 -1
			1.37091e-06 -1 -6.12323e-17 1e-06 1 1.37091e-06 -6.12323e-17 -1.37225e-12 6.12323e-17 -6.12323e-17 1 21.9617 0 0 0 1 
			1 0
			1.3868e-06 -2.28068e-12 -1 -21.9617 2.75771e-06 -1 6.10495e-12 1.00008e-06 -1 -2.75771e-06 -1.3868e-06 -3.04564e-05 0 0 0 1 
			2 1
			-0.000205999 -0.000823318 -1 -24.8731 -1.2413e-06 -1 0.000823318 0.0257198 -1 1.41091e-06 0.000205998 0.00512379 0 0 0 1 
			3 2
			-0.000383999 -0.00100932 -0.999999 -31.4555 -1.03656e-06 -0.999999 0.00100932 0.036812 -1 1.42414e-06 0.000383997 0.0107229 0 0 0 1 
			4 3
			-0.000383999 -0.00100932 -0.999999 -38.038 -1.03656e-06 -0.999999 0.00100932 0.0388247 -1 1.42414e-06 0.000383997 0.0107229 0 0 0 1 
			5 4
			1.34309e-06 9.82436e-13 -1 -40.5657 -1.40269e-06 -1 -2.86637e-12 -0.00211895 -1 1.40269e-06 -1.34309e-06 -0.00490874 0 0 0 1 
			6 5
			1 -0 0 0 0 1 0 0 -0 -0 1 -0 0 0 0 1 
			7 4
			0.950432 6.75818e-05 0.310933 10.539 -1.42282e-06 1 -0.000213002 -0.00652172 -0.310933 0.000202002 0.950432 36.5745 0 0 0 1 
			8 7
			0.476976 0.0235788 0.8786 28.6752 0.0457762 0.997617 -0.0516239 -2.17945 -0.877723 0.0648423 0.47476 23.1227 0 0 0 1 
			9 8
			0.476835 0.0205561 0.878752 22.2236 0.0472212 0.997684 -0.0489616 -2.11213 -0.877724 0.0648423 0.47476 23.1227 0 0 0 1 
			10 9
			0.476835 0.0205561 0.878752 15.4032 -0.877686 0.0656367 0.474721 23.121 -0.04792 -0.997632 0.0493396 2.13054 0 0 0 1 
			11 10
			1 -0 0 0 0 1 0 0 -0 -0 1 -0 0 0 0 1 
			12 11
			1 -0 0 0 0 1 0 0 -0 -0 1 -0 0 0 0 1 
			13 12
			1 -0 0 0 0 1 0 0 -0 -0 1 -0 0 0 0 1 
			14 10
			1 -0 0 0 0 1 0 0 -0 -0 1 -0 0 0 0 1 
			15 14
			1 -0 0 0 0 1 0 0 -0 -0 1 -0 0 0 0 1 
			16 15
			1 -0 0 0 0 1 0 0 -0 -0 1 -0 0 0 0 1 
			17 4
			-0.950193 6.50589e-05 0.311663 10.5594 -1.39561e-06 1 -0.000213002 -0.00652172 -0.311663 -0.000202828 -0.950193 -36.5678 0 0 0 1 
			18 17
			-0.476976 0.0235775 0.8786 28.6676 -0.045779 0.997617 -0.0516239 -2.17948 -0.877723 -0.0648447 -0.47476 -23.1259 0 0 0 1 
			19 18
			-0.476835 0.0205548 0.878752 22.216 -0.0472239 0.997684 -0.0489616 -2.11218 -0.877723 -0.0648447 -0.47476 -23.1259 0 0 0 1 
			20 19
			-0.476835 0.0205547 0.878752 15.3956 0.877685 0.0656391 0.474721 23.1242 -0.0479228 0.997632 -0.0493396 -2.13059 0 0 0 1 
			21 20
			1 -0 0 0 0 1 0 0 -0 -0 1 -0 0 0 0 1 
			22 21
			1 -0 0 0 0 1 0 0 -0 -0 1 -0 0 0 0 1 
			23 22
			1 -0 0 0 0 1 0 0 -0 -0 1 -0 0 0 0 1 
			24 20
			1 -0 0 0 0 1 0 0 -0 -0 1 -0 0 0 0 1 
			25 24
			1 -0 0 0 0 1 0 0 -0 -0 1 -0 0 0 0 1 
			26 25
			1 -0 0 0 0 1 0 0 -0 -0 1 -0 0 0 0 1 
			27 2
			1.37369e-06 -0.0998331 0.995004 21.852 0 -0.995004 -0.0998331 -2.1925 1 1.3714e-07 -1.36683e-06 -4.26131 0 0 0 1 
			28 27
			1.37369e-06 0.0998335 0.995004 12.303 0 -0.995004 0.0998335 0.256849 1 -1.3714e-07 -1.36683e-06 -4.26131 0 0 0 1 
			29 28
			1.3716e-06 -6.00745e-14 1 2.57273 0 -1 -6.00745e-14 4.22662e-06 1 8.23984e-20 -1.3716e-06 -4.26131 0 0 0 1 
			30 29
			1.3723e-06 -1 -6.00133e-14 -5.50713 0 6.00133e-14 -1 -0.331805 1 1.3723e-06 8.23562e-20 -4.26131 0 0 0 1 
			31 30
			1 -0 0 0 0 1 0 0 -0 -0 1 -0 0 0 0 1 
			32 2
			1.37369e-06 -0.0998331 0.995004 21.852 0 -0.995004 -0.0998331 -2.1925 1 1.3714e-07 -1.36683e-06 4.26131 0 0 0 1 
			33 32
			1.37369e-06 0.0998335 0.995004 12.303 0 -0.995004 0.0998335 0.256849 1 -1.3714e-07 -1.36683e-06 4.26131 0 0 0 1 
			34 33
			1.3716e-06 -6.00745e-14 1 2.57273 0 -1 -6.00745e-14 4.22662e-06 1 8.23984e-20 -1.3716e-06 4.26131 0 0 0 1 
			35 34
			1.3723e-06 -1 -6.00133e-14 -5.50713 0 6.00133e-14 -1 -0.331804 1 1.3723e-06 8.23562e-20 4.26131 0 0 0 1 
			36 35
			1 -0 0 0 0 1 0 0 -0 -0 1 -0 0 0 0 1 
	</skeleton>
		<animations>
			17
			0
				-1
				-0.573575 0.819153 -2.02144e-33 0 -0.819153 -0.573575 -1.36318e-32 2.85 -1.2326e-32 -6.16298e-33 1 -18.7677 0 0 0 1 
				0
				-0.505843 0.862626 0 0 -0.862626 -0.505843 -0 2.4744 -0 -0 1 -19.2956 0 0 0 1 
				1
				-0.429402 0.903114 0 0 -0.903114 -0.429402 -0 2.0707 -0 -0 1 -19.891 0 0 0 1 
				2
				-0.347512 0.937676 0 0 -0.937676 -0.347512 -0 1.65587 -0 -0 1 -20.5131 0 0 0 1 
				3
				-0.264082 0.9645 0 0 -0.9645 -0.264082 -0 1.24688 -0 -0 1 -21.1211 0 0 0 1 
				4
				-0.183318 0.983054 3.02927e-33 0 -0.983054 -0.183318 -5.64892e-34 0.860144 -0 -3.08149e-33 1 -21.6758 0 0 0 1 
				5
				-0.109543 0.993982 5.84489e-34 0 -0.993982 -0.109543 1.23362e-32 0.51211 1.2326e-32 7.70372e-34 1 -22.1377 0 0 0 1 
				6
				-0.0470798 0.998891 -1.95544e-34 0 -0.998891 -0.0470798 -1.23304e-32 0.21974 -1.2326e-32 -3.85186e-34 1 -22.466 0 0 0 1 
				7
				1.46474e-06 1 0 0 -1 1.46474e-06 0 8.45079e-07 -0 -0 1 -22.6202 0 0 0 1 
				8
				0.0292568 0.999572 -2.44035e-35 0 -0.999572 0.0292568 -1.23319e-32 -0.13651 -1.2326e-32 3.85186e-34 1 -22.5748 0 0 0 1 
				9
				0.0429396 0.999078 3.84831e-34 0 -0.999078 0.0429396 1.65397e-35 -0.20039 -0 -3.85186e-34 1 -22.3552 0 0 0 1 
				10
				0.0446992 0.999 1.66159e-34 0 -0.999 0.0446992 -1.23308e-32 -0.208606 -1.2326e-32 3.85186e-34 1 -22.0021 0 0 0 1 
				11
				0.0381711 0.999271 6.8422e-34 0 -0.999271 0.0381711 1.23611e-32 -0.178124 1.2326e-32 -1.15556e-33 1 -21.5562 0 0 0 1 
				12
				0.0268715 0.999639 3.31217e-34 0 -0.999639 0.0268715 -1.23215e-32 -0.125377 -1.2326e-32 -0 1 -21.0569 0 0 0 1 
				13
				0.0143181 0.999897 -1.76485e-34 0 -0.999897 0.0143181 1.23247e-32 -0.0667959 1.2326e-32 -0 1 -20.5436 0 0 0 1 
				14
				0.00414853 0.999992 0 0 -0.999992 0.00414853 0 -0.0193479 -0 -0 1 -20.057 0 0 0 1 
				15
				1.46474e-06 1 0 0 -1 1.46474e-06 0 9.75445e-07 -0 -0 1 -19.6378 0 0 0 1 
		</Joint>
			1
				-1
				1.33158e-06 -0.573574 -0.819154 0 0 -0.819154 0.573574 2.85 -1 -7.6376e-07 -1.09077e-06 -18.7677 0 0 0 1 
				0
				1.33158e-06 -0.505841 -0.862627 0 0 -0.862627 0.505841 2.4744 -1 -6.73569e-07 -1.14866e-06 -19.2956 0 0 0 1 
				1
				1.33158e-06 -0.4294 -0.903114 0 0 -0.903114 0.4294 2.0707 -1 -5.71781e-07 -1.20257e-06 -19.891 0 0 0 1 
				2
				1.33158e-06 -0.34751 -0.937676 0 0 -0.937676 0.34751 1.65587 -1 -4.62738e-07 -1.24859e-06 -20.5131 0 0 0 1 
				3
				1.33158e-06 -0.264081 -0.964501 0 0 -0.964501 0.264081 1.24688 -1 -3.51645e-07 -1.28431e-06 -21.1211 0 0 0 1 
				4
				1.33158e-06 -0.183317 -0.983054 0 0 -0.983054 0.183317 0.860144 -1 -2.44101e-07 -1.30902e-06 -21.6758 0 0 0 1 
				5
				1.33158e-06 -0.109542 -0.993982 0 0 -0.993982 0.109542 0.51211 -1 -1.45864e-07 -1.32357e-06 -22.1377 0 0 0 1 
				6
				1.33158e-06 -0.0470785 -0.998891 0 0 -0.998891 0.0470785 0.21974 -1 -6.26888e-08 -1.3301e-06 -22.466 0 0 0 1 
				7
				1.33158e-06 2.79632e-06 -1 0 0 -1 -2.79632e-06 8.45079e-07 -1 3.72352e-12 -1.33158e-06 -22.6202 0 0 0 1 
				8
				1.33158e-06 0.0292581 -0.999572 0 0 -0.999572 -0.0292581 -0.13651 -1 3.89595e-08 -1.33101e-06 -22.5748 0 0 0 1 
				9
				1.33158e-06 0.0429409 -0.999078 0 0 -0.999078 -0.0429409 -0.20039 -1 5.71793e-08 -1.33035e-06 -22.3552 0 0 0 1 
				10
				1.33158e-06 0.0447005 -0.999 0 0 -0.999 -0.0447005 -0.208606 -1 5.95223e-08 -1.33025e-06 -22.0021 0 0 0 1 
				11
				1.33158e-06 0.0381725 -0.999271 0 0 -0.999271 -0.0381725 -0.178124 -1 5.08297e-08 -1.33061e-06 -21.5562 0 0 0 1 
				12
				1.33158e-06 0.0268729 -0.999639 0 0 -0.999639 -0.0268729 -0.125377 -1 3.57834e-08 -1.3311e-06 -21.0569 0 0 0 1 
				13
				1.33158e-06 0.0143195 -0.999897 0 0 -0.999897 -0.0143195 -0.0667959 -1 1.90675e-08 -1.33144e-06 -20.5436 0 0 0 1 
				14
				1.33158e-06 0.00414986 -0.999992 0 0 -0.999992 -0.00414986 -0.0193479 -1 5.52587e-09 -1.33157e-06 -20.057 0 0 0 1 
				15
				1.33158e-06 2.79632e-06 -1 0 0 -1 -2.79632e-06 9.75445e-07 -1 3.72352e-12 -1.33158e-06 -19.6378 0 0 0 1 
		</Joint>
			2
				-1
				-0.171245 -0.296064 -0.939692 0.00155322 -0.470496 -0.813422 0.342021 2.85426 -0.865626 0.500691 -2.35749e-06 -21.6818 0 0 0 1 
				0
				-0.139636 -0.244373 -0.959575 0.00128276 -0.488906 -0.825695 0.281423 2.47872 -0.861088 0.508438 -0.00417883 -22.2098 0 0 0 1 
				1
				-0.103333 -0.187315 -0.97685 0.000984013 -0.506333 -0.835425 0.213757 2.07508 -0.856125 0.516699 -0.00851697 -22.8052 0 0 0 1 
				2
				-0.0639445 -0.128172 -0.989688 0.00067431 -0.521339 -0.841343 0.142645 1.66028 -0.850951 0.525084 -0.013022 -23.4273 0 0 0 1 
				3
				-0.0234807 -0.0703211 -0.997248 0.000371392 -0.532989 -0.843053 0.0719975 1.25129 -0.845796 0.533213 -0.0176849 -24.0354 0 0 0 1 
				4
				0.0158094 -0.0169809 -0.999731 9.22091e-05 -0.540963 -0.841027 0.00573062 0.864547 -0.840898 0.540727 -0.0224822 -24.5901 0 0 0 1 
				5
				0.0515193 0.0288111 -0.998256 -0.000147547 -0.545532 -0.836457 -0.0522958 0.51649 -0.836505 0.547275 -0.0273763 -25.052 0 0 0 1 
				6
				0.0811568 0.0641658 -0.994634 -0.000332629 -0.547468 -0.831035 -0.0982822 0.224092 -0.832882 0.552506 -0.0323154 -25.3804 0 0 0 1 
				7
				0.102303 0.0863984 -0.990994 -0.000449072 -0.547846 -0.826632 -0.128624 0.00432947 -0.830301 0.556071 -0.0372342 -25.5346 0 0 0 1 
				8
				0.113435 0.0939934 -0.989089 -0.000488751 -0.547721 -0.824663 -0.141184 -0.132191 -0.828935 0.557761 -0.0420635 -25.4892 0 0 0 1 
				9
				0.115735 0.0889796 -0.989286 -0.000462466 -0.547677 -0.825182 -0.138291 -0.196068 -0.828647 0.557815 -0.0467706 -25.2696 0 0 0 1 
				10
				0.111252 0.0743126 -0.99101 -0.000385573 -0.547782 -0.82745 -0.123542 -0.204272 -0.829191 0.556601 -0.0513483 -24.9165 0 0 0 1 
				11
				0.102069 0.0528719 -0.993371 -0.000273153 -0.547859 -0.830512 -0.100497 -0.173775 -0.83032 0.554485 -0.0558034 -24.4705 0 0 0 1 
				12
				0.0902154 0.0274612 -0.995544 -0.000140024 -0.547708 -0.833512 -0.0726246 -0.121012 -0.831792 0.551819 -0.0601549 -23.9712 0 0 0 1 
				13
				0.0777058 0.000939645 -0.996976 -9.85266e-07 -0.547233 -0.835852 -0.04344 -0.0624182 -0.833365 0.548954 -0.0644364 -23.4579 0 0 0 1 
				14
				0.0665899 -0.0236826 -0.997499 0.000127987 -0.546515 -0.837285 -0.0166048 -0.0149629 -0.834798 0.546254 -0.0686976 -22.9713 0 0 0 1 
				15
				0.0588777 -0.043365 -0.997323 0.000231195 -0.545794 -0.837909 0.00421207 0.00438896 -0.835848 0.544085 -0.0730025 -22.5521 0 0 0 1 
		</Joint>
			3
				-1
				-0.17587 -0.0124096 -0.984335 -1.12559 -0.615202 -0.779224 0.119741 -0.238661 -0.768503 0.626623 0.129407 -27.383 0 0 0 1 
				0
				-0.139696 0.021201 -0.989968 -0.917969 -0.639266 -0.765435 0.0738156 -0.73545 -0.756191 0.643164 0.120482 -27.8812 0 0 0 1 
				1
				-0.0972918 0.0576135 -0.993587 -0.679496 -0.6625 -0.748754 0.021455 -1.25389 -0.742717 0.660339 0.111017 -28.444 0 0 0 1 
				2
				-0.0507763 0.093482 -0.994325 -0.420725 -0.683027 -0.729615 -0.0337156 -1.76757 -0.728626 0.677439 0.100898 -29.0321 0 0 0 1 
				3
				-0.00282851 0.125874 -0.992042 -0.154848 -0.699607 -0.709091 -0.0879773 -2.25335 -0.714522 0.693791 0.090068 -29.6064 0 0 0 1 
				4
				0.0435278 0.152443 -0.987353 0.103358 -0.711792 -0.688756 -0.13772 -2.69269 -0.70104 0.708785 0.0785276 -30.1289 0 0 0 1 
				5
				0.0850349 0.171343 -0.981535 0.338076 -0.71989 -0.670499 -0.179414 -3.07092 -0.68886 0.721853 0.066332 -30.562 0 0 0 1 
				6
				0.118298 0.181051 -0.976333 0.532927 -0.724813 -0.656311 -0.209528 -3.37613 -0.678714 0.732445 0.0535874 -30.8666 0 0 0 1 
				7
				0.14 0.180226 -0.973611 0.67201 -0.727799 -0.647969 -0.2246 -3.59843 -0.671348 0.740037 0.0404522 -31.0038 0 0 0 1 
				8
				0.148027 0.168222 -0.974571 0.745307 -0.729968 -0.646276 -0.222429 -3.73414 -0.667259 0.744331 0.02713 -30.9495 0 0 0 1 
				9
				0.143965 0.14671 -0.978647 0.760587 -0.731841 -0.649884 -0.205083 -3.7977 -0.666095 0.745739 0.0138078 -30.728 0 0 0 1 
				10
				0.130609 0.117809 -0.984409 0.731305 -0.733323 -0.656735 -0.17589 -3.80656 -0.667217 0.744863 0.000616562 -30.3785 0 0 0 1 
				11
				0.110833 0.0835379 -0.990322 0.671152 -0.734071 -0.664854 -0.138238 -3.77653 -0.669967 0.742287 -0.0123653 -29.94 0 0 0 1 
				12
				0.0874461 0.0459339 -0.99511 0.593455 -0.733813 -0.672601 -0.0955315 -3.72273 -0.673699 0.738579 -0.0251094 -29.4503 0 0 0 1 
				13
				0.063229 0.00720463 -0.997973 0.511454 -0.732548 -0.678779 -0.0513127 -3.66098 -0.677772 0.734308 -0.0376408 -28.9473 0 0 0 1 
				14
				0.0409751 -0.0302032 -0.998704 0.43861 -0.730636 -0.682703 -0.00933014 -3.60878 -0.681537 0.730071 -0.0500414 -28.4701 0 0 0 1 
				15
				0.0233719 -0.0637444 -0.997692 0.388124 -0.728775 -0.684235 0.0266448 -3.58467 -0.684354 0.726471 -0.0624472 -28.0578 0 0 0 1 
		</Joint>
			4
				-1
				-0.17587 -0.0124096 -0.984335 -2.28321 -0.615202 -0.779224 0.119741 -4.28661 -0.768503 0.626623 0.129407 -32.4428 0 0 0 1 
				0
				-0.139696 0.021201 -0.989968 -1.83755 -0.639266 -0.765435 0.0738157 -4.94183 -0.756191 0.643164 0.120482 -32.86 0 0 0 1 
				1
				-0.0972918 0.0576135 -0.993587 -1.32003 -0.6625 -0.748754 0.021455 -5.61324 -0.742717 0.660339 0.111017 -33.3342 0 0 0 1 
				2
				-0.0507763 0.093482 -0.994325 -0.755145 -0.683027 -0.729615 -0.0337156 -6.26207 -0.728626 0.677439 0.100898 -33.8296 0 0 0 1 
				3
				-0.00282852 0.125874 -0.992042 -0.173721 -0.699607 -0.709091 -0.0879773 -6.85704 -0.714522 0.693791 0.090068 -34.3111 0 0 0 1 
				4
				0.0435278 0.152443 -0.987353 0.38957 -0.711792 -0.688756 -0.13772 -7.37662 -0.70104 0.708785 0.0785276 -34.7449 0 0 0 1 
				5
				0.0850349 0.171343 -0.981535 0.897467 -0.71989 -0.670499 -0.179414 -7.80819 -0.68886 0.721853 0.066332 -35.0978 0 0 0 1 
				6
				0.118298 0.181051 -0.976333 1.31125 -0.724813 -0.656311 -0.209528 -8.14584 -0.678714 0.732445 0.0535874 -35.3357 0 0 0 1 
				7
				0.14 0.180226 -0.973611 1.59319 -0.727799 -0.647969 -0.2246 -8.3878 -0.671348 0.740037 0.0404522 -35.4244 0 0 0 1 
				8
				0.148027 0.168222 -0.974571 1.71935 -0.729968 -0.646276 -0.222429 -8.53779 -0.667259 0.744331 0.0271301 -35.3432 0 0 0 1 
				9
				0.143965 0.14671 -0.978647 1.70793 -0.731841 -0.649884 -0.205083 -8.61368 -0.666095 0.745739 0.0138078 -35.114 0 0 0 1 
				10
				0.130609 0.117809 -0.984409 1.59079 -0.733323 -0.656735 -0.17589 -8.63228 -0.667217 0.744863 0.000616557 -34.7719 0 0 0 1 
				11
				0.110833 0.0835379 -0.990322 1.40054 -0.734071 -0.664854 -0.138238 -8.60716 -0.669967 0.742288 -0.0123653 -34.3515 0 0 0 1 
				12
				0.0874461 0.0459339 -0.99511 1.16897 -0.733813 -0.672601 -0.0955315 -8.55165 -0.673699 0.738579 -0.0251094 -33.8864 0 0 0 1 
				13
				0.063229 0.00720463 -0.997973 0.92764 -0.732548 -0.678779 -0.0513127 -8.48156 -0.677772 0.734308 -0.0376408 -33.4102 0 0 0 1 
				14
				0.0409751 -0.0302032 -0.998704 0.708386 -0.730636 -0.682703 -0.00933014 -8.41676 -0.681537 0.730071 -0.0500414 -32.9578 0 0 0 1 
				15
				0.0233719 -0.0637444 -0.997692 0.542095 -0.728775 -0.684235 0.0266448 -8.3804 -0.684354 0.726471 -0.0624472 -32.564 0 0 0 1 
		</Joint>
			5
				-1
				4.95014e-07 -9.43649e-07 -1 -2.72776 -0.0871562 -0.996195 8.96915e-07 -5.84165 -0.996195 0.0871562 -5.75375e-07 -34.3854 0 0 0 1 
				0
				0.00700832 0.0420067 -0.999093 -2.19066 -0.0868738 -0.995314 -0.0424572 -6.55769 -0.996194 0.0870925 -0.00332621 -34.7715 0 0 0 1 
				1
				0.0144902 0.0899184 -0.995844 -1.56595 -0.0859432 -0.99215 -0.0908355 -7.28784 -0.996195 0.0869022 -0.00664854 -35.2116 0 0 0 1 
				2
				0.0220646 0.139981 -0.989908 -0.883491 -0.0843167 -0.986361 -0.141359 -7.98856 -0.996195 0.0865849 -0.00996092 -35.6714 0 0 0 1 
				3
				0.0293627 0.18847 -0.98164 -0.18087 -0.0820612 -0.978294 -0.190282 -8.62543 -0.996195 0.0861418 -0.0132593 -36.1172 0 0 0 1 
				4
				0.0360572 0.231888 -0.972074 0.499594 -0.0793485 -0.968971 -0.234091 -9.17582 -0.996195 0.0855733 -0.0165385 -36.5169 0 0 0 1 
				5
				0.041869 0.266901 -0.962814 1.11241 -0.0764406 -0.959979 -0.269439 -9.62785 -0.996195 0.0848793 -0.0197913 -36.839 0 0 0 1 
				6
				0.0465721 0.290223 -0.955825 1.61027 -0.0736689 -0.95326 -0.293034 -9.97794 -0.996195 0.0840618 -0.0230149 -37.0512 0 0 0 1 
				7
				0.0499915 0.298622 -0.953061 1.94707 -0.0713937 -0.950745 -0.301641 -10.2275 -0.996195 0.0831221 -0.0262094 -37.1214 0 0 0 1 
				8
				0.0520614 0.290046 -0.955596 2.09352 -0.0699001 -0.953488 -0.293215 -10.3829 -0.996195 0.0820614 -0.0293657 -37.0298 0 0 0 1 
				9
				0.0530118 0.266534 -0.962366 2.07183 -0.0691811 -0.960426 -0.269808 -10.4636 -0.996195 0.0808806 -0.0324748 -36.7977 0 0 0 1 
				10
				0.0531321 0.231315 -0.971427 1.92093 -0.0690882 -0.969619 -0.234663 -10.4859 -0.996195 0.0795822 -0.0355368 -36.4584 0 0 0 1 
				11
				0.0526804 0.187674 -0.980818 1.68069 -0.0694335 -0.979116 -0.191078 -10.4627 -0.996195 0.0781677 -0.0385493 -36.0449 0 0 0 1 
				12
				0.0518928 0.138947 -0.988939 1.39001 -0.0700244 -0.98733 -0.142396 -10.4065 -0.996195 0.0766392 -0.0415056 -35.5893 0 0 0 1 
				13
				0.0510096 0.0886335 -0.994757 1.08746 -0.0706706 -0.993237 -0.0921219 -10.3332 -0.996195 0.0749992 -0.0444009 -35.1234 0 0 0 1 
				14
				0.0502887 0.0404675 -0.997914 0.811958 -0.0711856 -0.996492 -0.0439971 -10.2636 -0.996195 0.0732497 -0.0472316 -34.6805 0 0 0 1 
				15
				0.049992 -0.00178818 -0.998748 0.601172 -0.0713937 -0.997447 -0.00178773 -10.2225 -0.996195 0.0713937 -0.049992 -34.2938 0 0 0 1 
		</Joint>
			6
		</Joint>
			7
				-1
				0.990171 0.0125469 -0.139301 -0.945061 0.077529 0.779714 0.621318 -4.45096 0.11641 -0.626011 0.771077 -32.6175 0 0 0 1 
				0
				0.984271 -0.0210926 -0.175404 -0.491678 0.128667 0.765944 0.6299 -5.04372 0.121064 -0.642561 0.75661 -33.0225 0 0 0 1 
				1
				0.974519 -0.0575388 -0.216801 0.0308407 0.185663 0.749282 0.635693 -5.64391 0.125868 -0.659747 0.740872 -33.4838 0 0 0 1 
				2
				0.960749 -0.0934443 -0.261208 0.5968 0.244486 0.730159 0.63804 -6.2177 0.131102 -0.676858 0.724345 -33.9654 0 0 0 1 
				3
				0.943661 -0.125874 -0.306038 1.17519 0.301219 0.709648 0.636921 -6.73886 0.137007 -0.693222 0.707583 -34.4321 0 0 0 1 
				4
				0.924781 -0.15248 -0.348611 1.73215 0.352288 0.689322 0.633031 -7.19078 0.143781 -0.708226 0.691189 -34.8503 0 0 0 1 
				5
				0.906335 -0.171413 -0.38623 2.23218 0.394435 0.671072 0.627761 -7.56563 0.151582 -0.721304 0.675828 -35.1865 0 0 0 1 
				6
				0.89104 -0.181148 -0.416214 2.63891 0.424589 0.656888 0.623075 -7.86231 0.160537 -0.731904 0.662226 -35.407 0 0 0 1 
				7
				0.881697 -0.18034 -0.435991 2.91715 0.439843 0.648547 0.621228 -8.08377 0.170729 -0.739502 0.651144 -35.4779 0 0 0 1 
				8
				0.880108 -0.168343 -0.443927 3.04459 0.438456 0.646856 0.623965 -8.23671 0.182117 -0.743799 0.643114 -35.3785 0 0 0 1 
				9
				0.88524 -0.146827 -0.441352 3.03867 0.422554 0.650466 0.631143 -8.33619 0.194415 -0.745208 0.637861 -35.1313 0 0 0 1 
				10
				0.894867 -0.117916 -0.430476 2.92931 0.395272 0.657318 0.641633 -8.39448 0.2073 -0.744331 0.634821 -34.7712 0 0 0 1 
				11
				0.906633 -0.0836289 -0.413549 2.74702 0.359721 0.665438 0.654059 -8.42057 0.220493 -0.741754 0.633391 -34.3332 0 0 0 1 
				12
				0.918454 -0.0460063 -0.392842 2.52189 0.319055 0.673184 0.667103 -8.42313 0.233764 -0.738042 0.632968 -33.8507 0 0 0 1 
				13
				0.928705 -0.00725777 -0.370749 2.28437 0.276638 0.679362 0.679661 -8.41316 0.24694 -0.733768 0.632934 -33.3575 0 0 0 1 
				14
				0.936317 0.0301678 -0.349857 2.06603 0.236145 0.683285 0.69091 -8.40545 0.259895 -0.729528 0.632648 -32.8883 0 0 0 1 
				15
				0.940828 0.063723 -0.332839 1.8983 0.201378 0.684815 0.70034 -8.418 0.272561 -0.725926 0.631461 -32.4776 0 0 0 1 
		</Joint>
			8
				-1
				-0.322955 0.167822 -0.931416 4.64125 -0.496235 0.807993 0.317646 -4.01356 0.805885 0.564786 -0.177667 -31.9607 0 0 0 1 
				0
				-0.298109 0.0561285 -0.95288 5.06135 -0.535159 0.816791 0.215537 -4.31781 0.790402 0.574196 -0.213455 -32.3395 0 0 0 1 
				1
				-0.263791 -0.0634692 -0.962489 5.52885 -0.575288 0.81129 0.104171 -4.59645 0.774247 0.581188 -0.250524 -32.7737 0 0 0 1 
				2
				-0.221728 -0.184175 -0.957557 6.01712 -0.61409 0.789178 -0.00959293 -4.83837 0.75745 0.5859 -0.288083 -33.2258 0 0 0 1 
				3
				-0.174504 -0.299096 -0.938131 6.4991 -0.649549 0.751011 -0.118614 -5.03946 0.740023 0.588664 -0.325331 -33.6592 0 0 0 1 
				4
				-0.125364 -0.402255 -0.906904 6.94955 -0.68049 0.700061 -0.216444 -5.20325 0.721954 0.590005 -0.361493 -34.0391 0 0 0 1 
				5
				-0.078115 -0.489167 -0.868685 7.34551 -0.706691 0.641776 -0.297844 -5.34032 0.703197 0.590626 -0.395822 -34.3314 0 0 0 1 
				6
				-0.0370121 -0.557053 -0.829652 7.66595 -0.728845 0.58304 -0.358956 -5.46688 0.683678 0.591401 -0.427585 -34.5013 0 0 0 1 
				7
				-0.00652726 -0.604811 -0.796342 7.89147 -0.748325 0.531191 -0.397299 -5.60228 0.663301 0.593329 -0.456062 -34.5147 0 0 0 1 
				8
				0.00995386 -0.633502 -0.773677 8.00995 -0.766665 0.491892 -0.412634 -5.76304 0.64197 0.597259 -0.480787 -34.3511 0 0 0 1 
				9
				0.013232 -0.647698 -0.761782 8.03299 -0.784732 0.465428 -0.409356 -5.95223 0.619694 0.603211 -0.502111 -34.0344 0 0 0 1 
				10
				0.00568202 -0.651878 -0.758303 7.97794 -0.802555 0.449409 -0.392349 -6.16445 0.596552 0.610809 -0.520614 -33.6017 0 0 0 1 
				11
				-0.00994699 -0.649597 -0.760213 7.86203 -0.819744 0.440671 -0.365825 -6.3911 0.572643 0.619542 -0.536887 -33.0892 0 0 0 1 
				12
				-0.0306296 -0.643861 -0.76453 7.70359 -0.835869 0.435912 -0.333622 -6.6231 0.548074 0.628828 -0.551535 -32.5319 0 0 0 1 
				13
				-0.0529801 -0.637503 -0.768624 7.5239 -0.850718 0.431894 -0.299577 -6.85244 0.522945 0.638011 -0.565217 -31.9644 0 0 0 1 
				14
				-0.0731679 -0.633407 -0.770352 7.34852 -0.864456 0.42548 -0.267736 -7.07318 0.497355 0.646346 -0.578684 -31.422 0 0 0 1 
				15
				-0.0870704 -0.634358 -0.76812 7.20623 -0.877617 0.413694 -0.24217 -7.28187 0.471389 0.653029 -0.592744 -30.9399 0 0 0 1 
		</Joint>
			9
				-1
				-0.333875 0.144886 -0.931416 2.55556 -0.551386 0.771411 0.317646 -7.21831 0.764527 0.619623 -0.177667 -26.7562 0 0 0 1 
				0
				-0.301148 0.0364617 -0.95288 3.13612 -0.587562 0.779945 0.215537 -7.77394 0.751053 0.624785 -0.213455 -27.235 0 0 0 1 
				1
				-0.259398 -0.0795408 -0.962489 3.82525 -0.623999 0.77445 0.104171 -8.31174 0.737114 0.627615 -0.250524 -27.7735 0 0 0 1 
				2
				-0.210832 -0.196554 -0.957557 4.58517 -0.658218 0.752766 -0.00959292 -8.80424 0.722702 0.628259 -0.288083 -28.3341 0 0 0 1 
				3
				-0.158406 -0.307924 -0.938131 5.37214 -0.688441 0.715528 -0.118614 -9.23433 0.707784 0.627058 -0.325331 -28.88 0 0 0 1 
				4
				-0.105581 -0.407895 -0.906904 6.13993 -0.713849 0.666012 -0.216444 -9.59795 0.692295 0.62454 -0.361493 -29.3766 0 0 0 1 
				5
				-0.0562109 -0.492165 -0.868685 6.84104 -0.734623 0.609605 -0.297844 -9.90423 0.676143 0.621414 -0.395822 -29.79 0 0 0 1 
				6
				-0.0144617 -0.558094 -0.829652 7.42692 -0.751819 0.553099 -0.358956 -10.1739 0.65921 0.618557 -0.427585 -30.086 0 0 0 1 
				7
				0.0153918 -0.604651 -0.796342 7.84932 -0.76708 0.503728 -0.397299 -10.4351 0.641367 0.616974 -0.456062 -30.231 0 0 0 1 
				8
				0.0302465 -0.632857 -0.773677 8.07423 -0.782032 0.467075 -0.412634 -10.7143 0.622504 0.617521 -0.480787 -30.2052 0 0 0 1 
				9
				0.0312629 -0.647079 -0.761782 8.11844 -0.797388 0.443395 -0.409356 -11.0201 0.602656 0.620234 -0.502111 -30.0324 0 0 0 1 
				10
				0.0210986 -0.651561 -0.758303 8.01463 -0.81296 0.430301 -0.392349 -11.3475 0.581938 0.624748 -0.520614 -29.7491 0 0 0 1 
				11
				0.0026941 -0.649668 -0.760213 7.79779 -0.828163 0.424638 -0.365825 -11.6851 0.56048 0.630566 -0.536887 -29.391 0 0 0 1 
				12
				-0.0207995 -0.644253 -0.76453 7.50578 -0.842425 0.423104 -0.333622 -12.0213 0.538413 0.637119 -0.551535 -28.9924 0 0 0 1 
				13
				-0.045922 -0.638051 -0.768624 7.18175 -0.855446 0.422453 -0.299577 -12.3465 0.515853 0.643759 -0.565217 -28.5871 0 0 0 1 
				14
				-0.0688144 -0.633894 -0.770352 6.87599 -0.867359 0.419531 -0.267736 -12.656 0.492903 0.649748 -0.578684 -28.21 0 0 0 1 
				15
				-0.0853734 -0.634589 -0.76812 6.64392 -0.87872 0.411345 -0.24217 -12.9496 0.469641 0.654287 -0.592744 -27.8956 0 0 0 1 
		</Joint>
			10
				-1
				0.0956929 -0.0182615 -0.995244 0.278414 -0.575317 0.814907 -0.0702694 -10.979 0.812314 0.579305 0.0674746 -21.5419 0 0 0 1 
				0
				0.112386 -0.100328 -0.988587 1.08218 -0.595862 0.78936 -0.147849 -11.7813 0.795184 0.605677 0.0289312 -22.1126 0 0 0 1 
				1
				0.140249 -0.186264 -0.972438 2.05606 -0.617529 0.751256 -0.232961 -12.5676 0.773942 0.633182 -0.00966064 -22.7461 0 0 0 1 
				2
				0.177448 -0.269575 -0.946489 3.14721 -0.637941 0.700814 -0.319205 -13.2935 0.749362 0.660447 -0.0476147 -23.405 0 0 0 1 
				3
				0.220855 -0.344555 -0.912417 4.29175 -0.655275 0.640493 -0.400481 -13.9298 0.722384 0.686332 -0.0843221 -24.0527 0 0 0 1 
				4
				0.26631 -0.407091 -0.873702 5.41983 -0.66888 0.574614 -0.471614 -14.4667 0.694031 0.709998 -0.119269 -24.6549 0 0 0 1 
				5
				0.308902 -0.454946 -0.835227 6.45766 -0.679598 0.508782 -0.528476 -14.9146 0.665377 0.730866 -0.152017 -25.1785 0 0 0 1 
				6
				0.343251 -0.487656 -0.802727 7.32829 -0.689735 0.449239 -0.567847 -15.3015 0.63753 0.748583 -0.182152 -25.59 0 0 0 1 
				7
				0.363856 -0.506104 -0.781964 7.9543 -0.70255 0.402096 -0.587148 -15.6668 0.611583 0.763006 -0.209258 -25.8567 0 0 0 1 
				8
				0.366577 -0.512241 -0.776679 8.28053 -0.720819 0.371446 -0.585191 -16.048 0.588254 0.774362 -0.23307 -25.9594 0 0 0 1 
				9
				0.352375 -0.509346 -0.78511 8.33167 -0.744434 0.355841 -0.564973 -16.4586 0.567141 0.783546 -0.253785 -25.922 0 0 0 1 
				10
				0.324094 -0.499903 -0.803157 8.15853 -0.771484 0.351691 -0.530213 -16.8921 0.547518 0.791461 -0.271686 -25.78 0 0 0 1 
				11
				0.285055 -0.485601 -0.826399 7.81617 -0.799544 0.355052 -0.484424 -17.3335 0.528652 0.79883 -0.28705 -25.5683 0 0 0 1 
				12
				0.239037 -0.46793 -0.850825 7.36392 -0.82641 0.36201 -0.431273 -17.7669 0.509813 0.80622 -0.300168 -25.3202 0 0 0 1 
				13
				0.190396 -0.448655 -0.873188 6.86855 -0.850549 0.368768 -0.374937 -18.1809 0.490221 0.814076 -0.311391 -25.0688 0 0 0 1 
				14
				0.144123 -0.430042 -0.891231 6.40665 -0.871369 0.371687 -0.320259 -18.5717 0.468984 0.822748 -0.321156 -24.8482 0 0 0 1 
				15
				0.105563 -0.414701 -0.903814 6.06164 -0.889236 0.367456 -0.272462 -18.9428 0.445102 0.832466 -0.329977 -24.6925 0 0 0 1 
		</Joint>
			11
		</Joint>
			12
		</Joint>
			13
		</Joint>
			14
		</Joint>
			15
		</Joint>
			16
		</Joint>
			17
				-1
				-0.880681 0.012547 -0.473544 -3.62141 0.305107 0.779714 -0.546769 -4.1254 0.362368 -0.626011 -0.690507 -32.2656 0 0 0 1 
				0
				-0.897286 -0.0210925 -0.440946 -3.18334 0.268958 0.765944 -0.583944 -4.84302 0.350057 -0.642561 -0.681597 -32.695 0 0 0 1 
				1
				-0.913917 -0.0575387 -0.401803 -2.67066 0.226437 0.749282 -0.622337 -5.58559 0.336872 -0.659747 -0.671752 -33.182 0 0 0 1 
				2
				-0.929089 -0.0934443 -0.357856 -2.10671 0.180402 0.730159 -0.659032 -6.30938 0.322874 -0.676858 -0.661525 -33.6911 0 0 0 1 
				3
				-0.941838 -0.125874 -0.311604 -1.52212 0.134003 0.709648 -0.691696 -6.97807 0.308196 -0.693221 -0.651506 -34.1873 0 0 0 1 
				4
				-0.951806 -0.15248 -0.266112 -0.952401 0.0905298 0.689322 -0.718776 -7.56524 0.293036 -0.708226 -0.642297 -34.6367 0 0 0 1 
				5
				-0.959193 -0.171413 -0.22487 -0.436555 0.0534333 0.671072 -0.739464 -8.05345 0.277658 -0.721304 -0.634528 -35.0062 0 0 0 1 
				6
				-0.964602 -0.181147 -0.191648 -0.0156801 0.0263511 0.656887 -0.753528 -8.43201 0.262391 -0.731904 -0.628862 -35.2613 0 0 0 1 
				7
				-0.968771 -0.18034 -0.170176 0.269957 0.0129604 0.648548 -0.761064 -8.69445 0.247617 -0.739502 -0.625957 -35.3679 0 0 0 1 
				8
				-0.972186 -0.168343 -0.162837 0.394786 0.0156987 0.646856 -0.76245 -8.84148 0.233685 -0.7438 -0.626222 -35.3048 0 0 0 1 
				9
				-0.9748 -0.146827 -0.167951 0.377784 0.0327654 0.650466 -0.758828 -8.8938 0.220663 -0.745208 -0.629263 -35.0937 0 0 0 1 
				10
				-0.976125 -0.117916 -0.182415 0.252755 0.0609667 0.657318 -0.751143 -8.87272 0.208476 -0.744331 -0.634436 -34.7695 0 0 0 1 
				11
				-0.975596 -0.0836289 -0.203022 0.0543917 0.0969791 0.665438 -0.740127 -8.79643 0.196995 -0.741754 -0.641089 -34.3668 0 0 0 1 
				12
				-0.972875 -0.0460063 -0.22671 -0.18376 0.137482 0.673185 -0.726582 -8.68288 0.186045 -0.738042 -0.648599 -33.919 0 0 0 1 
				13
				-0.968067 -0.00725773 -0.250586 -0.429061 0.179108 0.679362 -0.71161 -8.55268 0.175403 -0.733768 -0.656368 -33.4599 0 0 0 1 
				14
				-0.961843 0.0301678 -0.271933 -0.649384 0.218408 0.683285 -0.69672 -8.43082 0.164789 -0.729528 -0.663802 -33.0243 0 0 0 1 
				15
				-0.955411 0.063723 -0.288321 -0.814367 0.252016 0.684815 -0.683752 -8.34556 0.153876 -0.725926 -0.670339 -32.6474 0 0 0 1 
		</Joint>
			18
				-1
				0.380505 -0.615831 -0.689905 -8.59001 0.0903665 0.767211 -0.634997 -2.40406 0.920353 0.179275 0.347578 -30.2213 0 0 0 1 
				0
				0.355597 -0.65658 -0.665172 -8.24562 0.0884352 0.732132 -0.675398 -3.32562 0.930446 0.181345 0.318408 -30.72 0 0 0 1 
				1
				0.332007 -0.699253 -0.6331 -7.82677 0.0851269 0.690644 -0.718168 -4.30808 0.939428 0.184543 0.288824 -31.2814 0 0 0 1 
				2
				0.310405 -0.740723 -0.5958 -7.34842 0.0794184 0.644775 -0.760235 -5.29159 0.947281 0.188663 0.258968 -31.8695 0 0 0 1 
				3
				0.291333 -0.778426 -0.556038 -6.83575 0.0706559 0.597174 -0.798994 -6.22206 0.954009 0.193486 0.228977 -32.4485 0 0 0 1 
				4
				0.27512 -0.81052 -0.517075 -6.32227 0.0584816 0.550943 -0.832491 -7.05449 0.95963 0.198796 0.198976 -32.9835 0 0 0 1 
				5
				0.261785 -0.835815 -0.482579 -5.8481 0.0426956 0.509556 -0.859378 -7.75199 0.964181 0.204368 0.16908 -33.4397 0 0 0 1 
				6
				0.250949 -0.853591 -0.456516 -5.45774 0.0231314 0.476761 -0.878729 -8.28335 0.967724 0.209956 0.139387 -33.781 0 0 0 1 
				7
				0.24177 -0.863379 -0.442859 -5.19562 -0.000394465 0.456311 -0.88982 -8.62133 0.970333 0.215307 0.109982 -33.9709 0 0 0 1 
				8
				0.232989 -0.865126 -0.444154 -5.09006 -0.0278249 0.450606 -0.892289 -8.75292 0.972081 0.220252 0.0809141 -33.9864 0 0 0 1 
				9
				0.223386 -0.860109 -0.458596 -5.12181 -0.0582778 0.457858 -0.887113 -8.70894 0.972986 0.224895 0.052154 -33.8488 0 0 0 1 
				10
				0.212068 -0.849644 -0.482838 -5.25432 -0.0906778 0.474837 -0.87539 -8.52876 0.973039 0.229425 0.0236539 -33.5933 0 0 0 1 
				11
				0.19854 -0.834873 -0.513389 -5.4497 -0.124013 0.498207 -0.858144 -8.2493 0.972216 0.234043 -0.00462151 -33.2554 0 0 0 1 
				12
				0.182744 -0.817017 -0.546889 -5.6725 -0.157389 0.524771 -0.836567 -7.90724 0.970481 0.238952 -0.0326911 -32.8694 0 0 0 1 
				13
				0.165083 -0.797593 -0.580166 -5.89067 -0.190074 0.551482 -0.812244 -7.5422 0.967791 0.244362 -0.0605617 -32.4703 0 0 0 1 
				14
				0.146439 -0.778547 -0.610263 -6.07588 -0.221557 0.575428 -0.787271 -7.19862 0.964089 0.250495 -0.0882273 -32.0946 0 0 0 1 
				15
				0.128125 -0.762155 -0.634589 -6.20457 -0.25161 0.593948 -0.764145 -6.92374 0.95931 0.257575 -0.115666 -31.7793 0 0 0 1 
		</Joint>
			19
				-1
				0.721647 -0.0570785 -0.689904 -6.13266 -0.565433 0.526368 -0.634997 -1.82046 0.399389 0.848339 0.347578 -24.2775 0 0 0 1 
				0
				0.740916 -0.0926808 -0.665172 -5.94913 -0.544081 0.497808 -0.675398 -2.75449 0.393725 0.862321 0.318408 -24.7111 0 0 0 1 
				1
				0.763392 -0.128124 -0.6331 -5.68262 -0.517517 0.4652 -0.718167 -3.75832 0.386533 0.875884 0.288824 -25.2144 0 0 0 1 
				2
				0.786859 -0.160857 -0.5958 -5.34378 -0.487967 0.428872 -0.760235 -4.7787 0.377811 0.888928 0.258969 -25.7518 0 0 0 1 
				3
				0.809423 -0.188828 -0.556038 -4.95428 -0.457956 0.389724 -0.798994 -5.76575 0.367574 0.901365 0.228977 -26.2874 0 0 0 1 
				4
				0.82962 -0.210628 -0.517075 -4.54551 -0.430241 0.349072 -0.832491 -6.67681 0.355842 0.913118 0.198976 -26.7861 0 0 0 1 
				5
				0.846322 -0.225513 -0.482579 -4.15746 -0.407832 0.308453 -0.859378 -7.47626 0.342654 0.924121 0.16908 -27.2129 0 0 0 1 
				6
				0.858565 -0.233362 -0.456517 -3.83708 -0.394003 0.269441 -0.878728 -8.13396 0.328066 0.934314 0.139387 -27.5313 0 0 0 1 
				7
				0.865345 -0.234636 -0.442859 -3.63424 -0.392096 0.233412 -0.88982 -8.62388 0.312152 0.943645 0.109982 -27.7044 0 0 0 1 
				8
				0.865792 -0.230504 -0.444154 -3.58539 -0.404215 0.201073 -0.892289 -8.93261 0.294984 0.95207 0.0809141 -27.7085 0 0 0 1 
				9
				0.860195 -0.223056 -0.458596 -3.67915 -0.428418 0.171723 -0.887113 -9.08531 0.276627 0.959561 0.052154 -27.5651 0 0 0 1 
				10
				0.849113 -0.214185 -0.482838 -3.88475 -0.461396 0.144242 -0.87539 -9.11437 0.257141 0.966084 0.0236539 -27.3093 0 0 0 1 
				11
				0.833232 -0.205322 -0.513388 -4.1675 -0.499759 0.117602 -0.858144 -9.05019 0.236571 0.971603 -0.00462151 -26.9767 0 0 0 1 
				12
				0.81358 -0.197488 -0.546888 -4.49231 -0.540261 0.090961 -0.836567 -8.92368 0.214957 0.976076 -0.0326911 -26.6019 0 0 0 1 
				13
				0.791706 -0.191334 -0.580166 -4.82454 -0.579837 0.0636357 -0.812244 -8.76972 0.192329 0.97946 -0.0605616 -26.2202 0 0 0 1 
				14
				0.76978 -0.187135 -0.610262 -5.13016 -0.615611 0.0350421 -0.787271 -8.62946 0.16871 0.981709 -0.0882273 -25.8684 0 0 0 1 
				15
				0.750447 -0.184734 -0.634589 -5.37712 -0.645027 0.0046541 -0.764145 -8.54867 0.144117 0.982778 -0.115666 -25.5839 0 0 0 1 
		</Joint>
			20
				-1
				0.125484 -0.0291715 0.991667 -1.21076 -0.96877 0.211874 0.128819 -5.67692 -0.213867 -0.976862 -0.00167363 -21.5535 0 0 0 1 
				0
				0.207148 -0.0406548 0.977465 -0.895805 -0.953667 0.214447 0.211024 -6.46533 -0.218193 -0.975889 0.00565103 -22.0257 0 0 0 1 
				1
				0.295811 -0.054854 0.95367 -0.476 -0.929039 0.215727 0.300579 -7.28798 -0.222221 -0.974911 0.0128529 -22.5782 0 0 0 1 
				2
				0.385205 -0.0700899 0.920166 0.0228899 -0.89474 0.215781 0.390997 -8.10682 -0.225959 -0.973923 0.0204075 -23.175 0 0 0 1 
				3
				0.46948 -0.0848266 0.878859 0.566287 -0.8526 0.215151 0.476219 -8.88918 -0.229483 -0.97289 0.028686 -23.7804 0 0 0 1 
				4
				0.543802 -0.0978192 0.833493 1.11281 -0.806232 0.214803 0.551225 -9.61121 -0.232957 -0.971747 0.0379453 -24.3591 0 0 0 1 
				5
				0.604471 -0.108079 0.789261 1.61478 -0.760664 0.216013 0.61215 -10.2578 -0.236651 -0.97039 0.0483618 -24.8759 0 0 0 1 
				6
				0.648765 -0.114752 0.752287 2.01865 -0.721838 0.220202 0.656095 -10.8212 -0.240944 -0.968681 0.0600275 -25.2938 0 0 0 1 
				7
				0.674649 -0.116973 0.728812 2.26774 -0.695816 0.228747 0.680819 -11.2981 -0.246351 -0.966433 0.072932 -25.5754 0 0 0 1 
				8
				0.681389 -0.114045 0.722982 2.31963 -0.686648 0.242411 0.685384 -11.6895 -0.253423 -0.963447 0.0868672 -25.6966 0 0 0 1 
				9
				0.671959 -0.106339 0.732914 2.1877 -0.692559 0.260363 0.672736 -12.0073 -0.262362 -0.959637 0.101307 -25.6784 0 0 0 1 
				10
				0.649783 -0.0944814 0.754225 1.90651 -0.709343 0.281204 0.646342 -12.2613 -0.273158 -0.954986 0.115702 -25.5555 0 0 0 1 
				11
				0.618006 -0.079182 0.782176 1.51545 -0.732435 0.303529 0.609433 -12.4587 -0.285669 -0.949527 0.129587 -25.3632 0 0 0 1 
				12
				0.579902 -0.0613726 0.812372 1.05661 -0.757586 0.326118 0.565431 -12.6085 -0.299631 -0.943335 0.142621 -25.1358 0 0 0 1 
				13
				0.539257 -0.0423326 0.841077 0.575189 -0.78115 0.348018 0.518351 -12.7244 -0.314653 -0.936532 0.154603 -24.9084 0 0 0 1 
				14
				0.500546 -0.0237457 0.865384 0.120027 -0.800256 0.368609 0.472989 -12.8282 -0.33022 -0.929281 0.165503 -24.7177 0 0 0 1 
				15
				0.468646 -0.00760413 0.883354 -0.258797 -0.812923 0.387638 0.434617 -12.948 -0.345726 -0.92178 0.175483 -24.601 0 0 0 1 
		</Joint>
			21
		</Joint>
			22
		</Joint>
			23
		</Joint>
			24
		</Joint>
			25
		</Joint>
			26
		</Joint>
			27
				-1
				0.161511 -0.374778 0.912938 3.49067 -0.648328 -0.737744 -0.18816 0.405816 0.744033 -0.561494 -0.362133 -18.7677 0 0 0 1 
				0
				0.191887 -0.280004 0.940626 3.67592 -0.588618 -0.799754 -0.117992 0.318848 0.785308 -0.531028 -0.318278 -19.2956 0 0 0 1 
				1
				0.210583 -0.169673 0.962739 3.84845 -0.525719 -0.849946 -0.0348016 0.240889 0.824181 -0.498802 -0.268185 -19.891 0 0 0 1 
				2
				0.216827 -0.0508191 0.974886 3.99573 -0.462945 -0.884562 0.0568544 0.175016 0.859458 -0.463646 -0.215324 -20.5131 0 0 0 1 
				3
				0.211578 0.068642 0.974948 4.11004 -0.403057 -0.902629 0.15102 0.121539 0.890382 -0.424912 -0.16331 -21.1211 0 0 0 1 
				4
				0.197097 0.180972 0.963536 4.1891 -0.3476 -0.906067 0.241281 0.0789692 0.916693 -0.382481 -0.115677 -21.6758 0 0 0 1 
				5
				0.176446 0.279241 0.94387 4.23567 -0.296568 -0.899274 0.321488 0.0453107 0.93857 -0.336647 -0.0758594 -22.1377 0 0 0 1 
				6
				0.153113 0.35766 0.921214 4.25659 -0.248341 -0.888364 0.386182 0.0191177 0.956495 -0.287905 -0.0471985 -22.466 0 0 0 1 
				7
				0.130827 0.411718 0.901872 4.26131 -0.20005 -0.880015 0.430759 6.13091e-06 0.971012 -0.236775 -0.0327654 -22.6202 0 0 0 1 
				8
				0.113054 0.439509 0.891095 4.25949 -0.14853 -0.879292 0.452532 -0.0118394 0.982425 -0.183515 -0.0341266 -22.5748 0 0 0 1 
				9
				0.101439 0.44516 0.889687 4.25738 -0.092452 -0.886211 0.453963 -0.0174117 0.990537 -0.128303 -0.0487401 -22.3552 0 0 0 1 
				10
				0.0967579 0.434089 0.895659 4.25705 -0.0322326 -0.898042 0.438726 -0.0181296 0.994786 -0.0713196 -0.0729009 -22.0021 0 0 0 1 
				11
				0.0990566 0.411447 0.906035 4.25821 0.0307947 -0.911344 0.410491 -0.0154656 0.994605 -0.0127608 -0.102945 -21.5562 0 0 0 1 
				12
				0.107419 0.382215 0.917809 4.25977 0.0949056 -0.922877 0.373218 -0.0108709 0.989674 0.0470144 -0.135409 -21.0569 0 0 0 1 
				13
				0.119715 0.351457 0.928518 4.26087 0.158431 -0.930022 0.331599 -0.00578316 0.980086 0.107409 -0.16702 -20.5436 0 0 0 1 
				14
				0.132446 0.324317 0.93663 4.26127 0.220113 -0.930984 0.291236 -0.00166994 0.966441 0.167591 -0.194692 -20.057 0 0 0 1 
				15
				0.14095 0.305598 0.94167 4.26131 0.279284 -0.924808 0.258322 5.09318e-06 0.949807 0.226583 -0.215701 -19.6378 0 0 0 1 
		</Joint>
			28
				-1
				0.384932 -0.135543 0.912938 5.06429 0.102304 -0.976796 -0.18816 -5.91094 0.917258 0.165826 -0.362133 -11.5185 0 0 0 1 
				0
				0.333798 -0.0616563 0.940626 5.5455 0.151211 -0.981435 -0.117991 -5.41615 0.930437 0.181619 -0.318278 -11.6443 0 0 0 1 
				1
				0.269851 0.017737 0.962739 5.90019 0.188667 -0.981425 -0.034801 -4.88127 0.944238 0.191028 -0.268185 -11.8609 0 0 0 1 
				2
				0.19876 0.100454 0.974886 6.10831 0.213994 -0.975179 0.0568545 -4.33553 0.9564 0.19732 -0.215324 -12.1392 0 0 0 1 
				3
				0.126226 0.183151 0.974948 6.17147 0.228899 -0.961664 0.15102 -3.8055 0.965232 0.204102 -0.16331 -12.446 0 0 0 1 
				4
				0.0569679 0.261444 0.963536 6.10944 0.237422 -0.940964 0.241282 -3.30775 0.969735 0.21502 -0.115677 -12.7443 0 0 0 1 
				5
				-0.00573883 0.330267 0.94387 5.95481 0.245582 -0.914514 0.321488 -2.8442 0.969359 0.233643 -0.0758594 -12.993 0 0 0 1 
				6
				-0.0599692 0.384406 0.921214 5.74839 0.260813 -0.884783 0.386182 -2.4005 0.963525 0.263424 -0.0471985 -13.1467 0 0 0 1 
				7
				-0.104437 0.41919 0.901872 5.53598 0.290995 -0.854265 0.430759 -1.94912 0.951007 0.307428 -0.0327655 -13.1595 0 0 0 1 
				8
				-0.138002 0.432325 0.891095 5.36098 0.341846 -0.823624 0.452532 -1.45899 0.929569 0.367067 -0.0341266 -13.0029 0 0 0 1 
				9
				-0.160783 0.427324 0.889687 5.24571 0.41143 -0.790344 0.453962 -0.918185 0.897148 0.439034 -0.0487401 -12.7042 0 0 0 1 
				10
				-0.172652 0.409863 0.895658 5.19978 0.494058 -0.750616 0.438727 -0.332176 0.852114 0.518254 -0.0729008 -12.3097 0 0 0 1 
				11
				-0.173883 0.385831 0.906035 5.22333 0.582856 -0.701268 0.410491 0.284572 0.793753 0.599465 -0.102945 -11.8656 0 0 0 1 
				12
				-0.166132 0.360594 0.917808 5.30637 0.67079 -0.640897 0.373218 0.913809 0.722801 0.67766 -0.135409 -11.4143 0 0 0 1 
				13
				-0.152951 0.338319 0.928518 5.42728 0.751513 -0.570324 0.331599 1.53783 0.641743 0.748512 -0.16702 -10.9945 0 0 0 1 
				14
				-0.139696 0.32126 0.936631 5.55172 0.820164 -0.492457 0.291236 2.14292 0.554812 0.808875 -0.194691 -10.6408 0 0 0 1 
				15
				-0.132671 0.309282 0.94167 5.63461 0.873987 -0.411602 0.258322 2.72111 0.467488 0.85728 -0.215701 -10.3837 0 0 0 1 
		</Joint>
			29
				-1
				1.88304e-06 -0.0871542 0.996195 8.81473 0 -0.996195 -0.0871541 -4.91418 1 1.64115e-07 -1.87588e-06 -2.58148 0 0 0 1 
				0
				-0.00150816 -0.0871819 0.996191 8.79775 -0.00404109 -0.996184 -0.0871874 -3.94287 0.999991 -0.00415719 0.0011501 -2.57888 0 0 0 1 
				1
