<?xml version='1.0' encoding='UTF-8' ?>
<itpanim>
	<skeleton count>
		25
			0 -1
			1.37091e-06 -1 -6.12323e-17 1e-06 1 1.37091e-06 -6.12323e-17 -1.37266e-12 6.12323e-17 -6.12323e-17 1 28.5847 0 0 0 1 
			1 0
			1.3868e-06 -2.28068e-12 -1 -28.5847 2.75771e-06 -1 6.10495e-12 1.00011e-06 -1 -2.75771e-06 -1.3868e-06 -3.96413e-05 0 0 0 1 
			2 1
			-0.000205999 -0.000823318 -1 -32.3694 -1.2413e-06 -1 0.000823318 0.0334634 -1 1.41091e-06 0.000205998 0.006668 0 0 0 1 
			3 2
			-0.000383998 -0.00100932 -0.999999 -40.926 -1.01137e-06 -0.999999 0.00100932 0.0478891 -1 1.39895e-06 0.000383997 0.0139528 0 0 0 1 
			4 3
			-0.000383998 -0.00100932 -0.999999 -49.4827 -1.01137e-06 -0.999999 0.00100932 0.0505055 -1 1.39895e-06 0.000383997 0.0139528 0 0 0 1 
			5 4
			1.34309e-06 9.82436e-13 -1 -52.7685 -1.40269e-06 -1 -2.86637e-12 -0.00275479 -1 1.40269e-06 -1.34309e-06 -0.00638105 0 0 0 1 
			6 5
			1 -0 0 0 0 1 0 0 -0 -0 1 -0 0 0 0 1 
			7 4
			0.950432 6.75818e-05 0.310933 13.7112 -1.42282e-06 1 -0.000213002 -0.00848516 -0.310933 0.000202002 0.950432 47.5785 0 0 0 1 
			8 7
			0.476976 0.0235792 0.8786 37.3074 0.0457757 0.997617 -0.0516241 -2.835 -0.877724 0.064842 0.47476 30.0749 0 0 0 1 
			9 8
			0.476835 0.0205565 0.878752 28.9208 0.0472206 0.997684 -0.0489619 -2.74739 -0.877724 0.064842 0.47476 30.0749 0 0 0 1 
			10 9
			0.476835 0.0205565 0.878752 20.0548 -0.877686 0.0656364 0.474721 30.0727 -0.0479195 -0.997632 0.0493399 2.77133 0 0 0 1 
			11 4
			-0.950193 6.50589e-05 0.311663 13.7378 -1.39561e-06 1 -0.000213002 -0.00848516 -0.311663 -0.000202828 -0.950193 -47.5698 0 0 0 1 
			12 11
			-0.476976 0.0235779 0.8786 37.2976 -0.0457784 0.997617 -0.0516241 -2.83503 -0.877723 -0.0648444 -0.47476 -30.0791 0 0 0 1 
			13 12
			-0.476835 0.0205552 0.878752 28.9109 -0.0472234 0.997684 -0.0489619 -2.74745 -0.877723 -0.0648444 -0.47476 -30.0791 0 0 0 1 
			14 13
			-0.476835 0.0205552 0.878752 20.045 0.877685 0.0656388 0.474721 30.0769 -0.0479222 0.997632 -0.0493399 -2.7714 0 0 0 1 
			15 2
			1.37369e-06 -0.0998331 0.995004 28.4419 0 -0.995004 -0.0998331 -2.8537 1 1.3714e-07 -1.36683e-06 -5.53938 0 0 0 1 
			16 15
			1.37369e-06 0.0998335 0.995004 16.029 0 -0.995004 0.0998335 0.337498 1 -1.3714e-07 -1.36683e-06 -5.53938 0 0 0 1 
			17 16
			1.3716e-06 -6.00745e-14 1 3.38056 0 -1 -6.00745e-14 5.01e-06 1 8.23984e-20 -1.3716e-06 -5.53938 0 0 0 1 
			18 17
			1.3716e-06 -1 -6.12323e-17 -7.15885 0 6.12323e-17 -1 -0.467524 1 1.3716e-06 8.39865e-23 -5.53938 0 0 0 1 
			19 18
			1 -0 0 0 0 1 0 0 -0 -0 1 -0 0 0 0 1 
			20 2
			1.37369e-06 -0.0998331 0.995004 28.4419 0 -0.995004 -0.0998331 -2.8537 1 1.3714e-07 -1.36683e-06 5.53939 0 0 0 1 
			21 20
			1.37369e-06 0.0998335 0.995004 16.029 0 -0.995004 0.0998335 0.337498 1 -1.3714e-07 -1.36683e-06 5.53939 0 0 0 1 
			22 21
			1.3716e-06 -6.00745e-14 1 3.38056 0 -1 -6.00745e-14 5.01e-06 1 8.23984e-20 -1.3716e-06 5.53939 0 0 0 1 
			23 22
			1.3716e-06 -1 -6.12323e-17 -7.15885 0 6.12323e-17 -1 -0.467524 1 1.3716e-06 8.39865e-23 5.53939 0 0 0 1 
			24 23
			1 -0 0 0 0 1 0 0 -0 -0 1 -0 0 0 0 1 
	</skeleton>
		<animations>
			33
			0
				-1
				-0.573575 0.819153 -2.02144e-33 0 -0.819153 -0.573575 -1.36318e-32 2.84751 -1.2326e-32 -6.16298e-33 1 -24.6248 0 0 0 1 
				0
				-0.573575 0.819153 -2.02144e-33 0 -0.819153 -0.573575 -1.36318e-32 2.84751 -1.2326e-32 -6.16298e-33 1 -24.4305 0 0 0 1 
				1
				-0.573575 0.819153 -2.02144e-33 0 -0.819153 -0.573575 -1.36318e-32 2.84751 -1.2326e-32 -6.16298e-33 1 -24.2176 0 0 0 1 
				2
				-0.573575 0.819153 -2.02144e-33 0 -0.819153 -0.573575 -1.36318e-32 2.84751 -1.2326e-32 -6.16298e-33 1 -23.9903 0 0 0 1 
				3
				-0.573575 0.819153 -2.02144e-33 0 -0.819153 -0.573575 -1.36318e-32 2.84751 -1.2326e-32 -6.16298e-33 1 -23.753 0 0 0 1 
				4
				-0.573575 0.819153 -2.02144e-33 0 -0.819153 -0.573575 -1.36318e-32 2.84751 -1.2326e-32 -6.16298e-33 1 -23.51 0 0 0 1 
				5
				-0.573575 0.819153 -2.02144e-33 0 -0.819153 -0.573575 -1.36318e-32 2.84751 -1.2326e-32 -6.16298e-33 1 -23.2655 0 0 0 1 
				6
				-0.573575 0.819153 -2.02144e-33 0 -0.819153 -0.573575 -1.36318e-32 2.84751 -1.2326e-32 -6.16298e-33 1 -23.0238 0 0 0 1 
				7
				-0.573575 0.819153 -2.02144e-33 0 -0.819153 -0.573575 -1.36318e-32 2.84751 -1.2326e-32 -6.16298e-33 1 -22.7894 0 0 0 1 
				8
				-0.573575 0.819153 -2.02144e-33 0 -0.819153 -0.573575 -1.36318e-32 2.84751 -1.2326e-32 -6.16298e-33 1 -22.5664 0 0 0 1 
				9
				-0.573575 0.819153 -2.02144e-33 0 -0.819153 -0.573575 -1.36318e-32 2.84751 -1.2326e-32 -6.16298e-33 1 -22.3592 0 0 0 1 
				10
				-0.573575 0.819153 -2.02144e-33 0 -0.819153 -0.573575 -1.36318e-32 2.84751 -1.2326e-32 -6.16298e-33 1 -22.1721 0 0 0 1 
				11
				-0.573575 0.819153 -2.02144e-33 0 -0.819153 -0.573575 -1.36318e-32 2.84751 -1.2326e-32 -6.16298e-33 1 -22.0093 0 0 0 1 
				12
				-0.573575 0.819153 -2.02144e-33 0 -0.819153 -0.573575 -1.36318e-32 2.84751 -1.2326e-32 -6.16298e-33 1 -21.8753 0 0 0 1 
				13
				-0.573575 0.819153 1.51349e-33 0 -0.819153 -0.573575 -8.58335e-33 2.84751 -6.16298e-33 -6.16298e-33 1 -21.7742 0 0 0 1 
				14
				-0.573575 0.819153 -2.02144e-33 0 -0.819153 -0.573575 -1.36318e-32 2.84751 -1.2326e-32 -6.16298e-33 1 -21.7103 0 0 0 1 
				15
				-0.573575 0.819153 -2.02144e-33 0 -0.819153 -0.573575 -1.36318e-32 2.84751 -1.2326e-32 -6.16298e-33 1 -21.6881 0 0 0 1 
				16
				-0.573575 0.819153 -2.02144e-33 0 -0.819153 -0.573575 -1.36318e-32 2.84751 -1.2326e-32 -6.16298e-33 1 -21.7103 0 0 0 1 
				17
				-0.573575 0.819153 1.51349e-33 0 -0.819153 -0.573575 -8.58335e-33 2.84751 -6.16298e-33 -6.16298e-33 1 -21.7742 0 0 0 1 
				18
				-0.573575 0.819153 -2.02144e-33 0 -0.819153 -0.573575 -1.36318e-32 2.84751 -1.2326e-32 -6.16298e-33 1 -21.8753 0 0 0 1 
				19
				-0.573575 0.819153 -2.02144e-33 0 -0.819153 -0.573575 -1.36318e-32 2.84751 -1.2326e-32 -6.16298e-33 1 -22.0093 0 0 0 1 
				20
				-0.573575 0.819153 -2.02144e-33 0 -0.819153 -0.573575 -1.36318e-32 2.84751 -1.2326e-32 -6.16298e-33 1 -22.1721 0 0 0 1 
				21
				-0.573575 0.819153 -2.02144e-33 0 -0.819153 -0.573575 -1.36318e-32 2.84751 -1.2326e-32 -6.16298e-33 1 -22.3592 0 0 0 1 
				22
				-0.573575 0.819153 -2.02144e-33 0 -0.819153 -0.573575 -1.36318e-32 2.84751 -1.2326e-32 -6.16298e-33 1 -22.5664 0 0 0 1 
				23
				-0.573575 0.819153 -2.02144e-33 0 -0.819153 -0.573575 -1.36318e-32 2.84751 -1.2326e-32 -6.16298e-33 1 -22.7894 0 0 0 1 
				24
				-0.573575 0.819153 -2.02144e-33 0 -0.819153 -0.573575 -1.36318e-32 2.84751 -1.2326e-32 -6.16298e-33 1 -23.0238 0 0 0 1 
				25
				-0.573575 0.819153 -2.02144e-33 0 -0.819153 -0.573575 -1.36318e-32 2.84751 -1.2326e-32 -6.16298e-33 1 -23.2655 0 0 0 1 
				26
				-0.573575 0.819153 1.51349e-33 0 -0.819153 -0.573575 -8.58335e-33 2.84751 -6.16298e-33 -6.16298e-33 1 -23.51 0 0 0 1 
				27
				-0.573575 0.819153 -2.02144e-33 0 -0.819153 -0.573575 -1.36318e-32 2.84751 -1.2326e-32 -6.16298e-33 1 -23.753 0 0 0 1 
				28
				-0.573575 0.819153 -2.02144e-33 0 -0.819153 -0.573575 -1.36318e-32 2.84751 -1.2326e-32 -6.16298e-33 1 -23.9903 0 0 0 1 
				29
				-0.573575 0.819153 -2.02144e-33 0 -0.819153 -0.573575 -1.36318e-32 2.84751 -1.2326e-32 -6.16298e-33 1 -24.2176 0 0 0 1 
				30
				-0.573575 0.819153 -2.02144e-33 0 -0.819153 -0.573575 -1.36318e-32 2.84751 -1.2326e-32 -6.16298e-33 1 -24.4306 0 0 0 1 
				31
				-0.573575 0.819153 -2.02144e-33 0 -0.819153 -0.573575 -1.36318e-32 2.84751 -1.2326e-32 -6.16298e-33 1 -24.6248 0 0 0 1 
		</Joint>
			1
				-1
				1.33158e-06 -0.573574 -0.819154 0 0 -0.819154 0.573574 2.84751 -1 -7.6376e-07 -1.09077e-06 -24.6248 0 0 0 1 
				0
				1.33158e-06 -0.573574 -0.819154 0 0 -0.819154 0.573574 2.84751 -1 -7.6376e-07 -1.09077e-06 -24.4305 0 0 0 1 
				1
				1.33158e-06 -0.573574 -0.819154 0 0 -0.819154 0.573574 2.84751 -1 -7.6376e-07 -1.09077e-06 -24.2176 0 0 0 1 
				2
				1.33158e-06 -0.573574 -0.819154 0 0 -0.819154 0.573574 2.84751 -1 -7.6376e-07 -1.09077e-06 -23.9903 0 0 0 1 
				3
				1.33158e-06 -0.573574 -0.819154 0 0 -0.819154 0.573574 2.84751 -1 -7.6376e-07 -1.09077e-06 -23.753 0 0 0 1 
				4
				1.33158e-06 -0.573574 -0.819154 0 0 -0.819154 0.573574 2.84751 -1 -7.6376e-07 -1.09077e-06 -23.51 0 0 0 1 
				5
				1.33158e-06 -0.573574 -0.819154 0 0 -0.819154 0.573574 2.84751 -1 -7.6376e-07 -1.09077e-06 -23.2655 0 0 0 1 
				6
				1.33158e-06 -0.573574 -0.819154 0 0 -0.819154 0.573574 2.84751 -1 -7.6376e-07 -1.09077e-06 -23.0238 0 0 0 1 
				7
				1.33158e-06 -0.573574 -0.819154 0 0 -0.819154 0.573574 2.84751 -1 -7.6376e-07 -1.09077e-06 -22.7894 0 0 0 1 
				8
				1.33158e-06 -0.573574 -0.819154 0 0 -0.819154 0.573574 2.84751 -1 -7.6376e-07 -1.09077e-06 -22.5664 0 0 0 1 
				9
				1.33158e-06 -0.573574 -0.819154 0 0 -0.819154 0.573574 2.84751 -1 -7.6376e-07 -1.09077e-06 -22.3592 0 0 0 1 
				10
				1.33158e-06 -0.573574 -0.819154 0 0 -0.819154 0.573574 2.84751 -1 -7.6376e-07 -1.09077e-06 -22.1721 0 0 0 1 
				11
				1.33158e-06 -0.573574 -0.819154 0 0 -0.819154 0.573574 2.84751 -1 -7.6376e-07 -1.09077e-06 -22.0093 0 0 0 1 
				12
				1.33158e-06 -0.573574 -0.819154 0 0 -0.819154 0.573574 2.84751 -1 -7.6376e-07 -1.09077e-06 -21.8753 0 0 0 1 
				13
				1.33158e-06 -0.573574 -0.819153 0 0 -0.819153 0.573574 2.84751 -1 -7.6376e-07 -1.09077e-06 -21.7742 0 0 0 1 
				14
				1.33158e-06 -0.573574 -0.819154 0 0 -0.819154 0.573574 2.84751 -1 -7.6376e-07 -1.09077e-06 -21.7103 0 0 0 1 
				15
				1.33158e-06 -0.573574 -0.819154 0 0 -0.819154 0.573574 2.84751 -1 -7.6376e-07 -1.09077e-06 -21.6881 0 0 0 1 
				16
				1.33158e-06 -0.573574 -0.819154 0 0 -0.819154 0.573574 2.84751 -1 -7.6376e-07 -1.09077e-06 -21.7103 0 0 0 1 
				17
				1.33158e-06 -0.573574 -0.819153 0 0 -0.819153 0.573574 2.84751 -1 -7.6376e-07 -1.09077e-06 -21.7742 0 0 0 1 
				18
				1.33158e-06 -0.573574 -0.819154 0 0 -0.819154 0.573574 2.84751 -1 -7.6376e-07 -1.09077e-06 -21.8753 0 0 0 1 
				19
				1.33158e-06 -0.573574 -0.819154 0 0 -0.819154 0.573574 2.84751 -1 -7.6376e-07 -1.09077e-06 -22.0093 0 0 0 1 
				20
				1.33158e-06 -0.573574 -0.819154 0 0 -0.819154 0.573574 2.84751 -1 -7.6376e-07 -1.09077e-06 -22.1721 0 0 0 1 
				21
				1.33158e-06 -0.573574 -0.819154 0 0 -0.819154 0.573574 2.84751 -1 -7.6376e-07 -1.09077e-06 -22.3592 0 0 0 1 
				22
				1.33158e-06 -0.573574 -0.819154 0 0 -0.819154 0.573574 2.84751 -1 -7.6376e-07 -1.09077e-06 -22.5664 0 0 0 1 
				23
				1.33158e-06 -0.573574 -0.819154 0 0 -0.819154 0.573574 2.84751 -1 -7.6376e-07 -1.09077e-06 -22.7894 0 0 0 1 
				24
				1.33158e-06 -0.573574 -0.819154 0 0 -0.819154 0.573574 2.84751 -1 -7.6376e-07 -1.09077e-06 -23.0238 0 0 0 1 
				25
				1.33158e-06 -0.573574 -0.819154 0 0 -0.819154 0.573574 2.84751 -1 -7.6376e-07 -1.09077e-06 -23.2655 0 0 0 1 
				26
				1.33158e-06 -0.573574 -0.819153 0 0 -0.819153 0.573574 2.84751 -1 -7.6376e-07 -1.09077e-06 -23.51 0 0 0 1 
				27
				1.33158e-06 -0.573574 -0.819154 0 0 -0.819154 0.573574 2.84751 -1 -7.6376e-07 -1.09077e-06 -23.753 0 0 0 1 
				28
				1.33158e-06 -0.573574 -0.819154 0 0 -0.819154 0.573574 2.84751 -1 -7.6376e-07 -1.09077e-06 -23.9903 0 0 0 1 
				29
				1.33158e-06 -0.573574 -0.819154 0 0 -0.819154 0.573574 2.84751 -1 -7.6376e-07 -1.09077e-06 -24.2176 0 0 0 1 
				30
				1.33158e-06 -0.573574 -0.819154 0 0 -0.819154 0.573574 2.84751 -1 -7.6376e-07 -1.09077e-06 -24.4306 0 0 0 1 
				31
				1.33158e-06 -0.573574 -0.819154 0 0 -0.819154 0.573574 2.84751 -1 -7.6376e-07 -1.09077e-06 -24.6248 0 0 0 1 
		</Joint>
			2
				-1
				-0.171245 -0.296064 -0.939692 0.00201911 -0.470496 -0.813422 0.342021 2.85305 -0.865626 0.500691 -2.35749e-06 -28.4129 0 0 0 1 
				0
				-0.172951 -0.29507 -0.939692 0.0020126 -0.475184 -0.810692 0.342021 2.85303 -0.862722 0.50568 -2.36694e-06 -28.2187 0 0 0 1 
				1
				-0.174815 -0.29397 -0.939692 0.00200477 -0.480305 -0.807669 0.342021 2.85301 -0.859504 0.511129 -2.41783e-06 -28.0057 0 0 0 1 
				2
				-0.176797 -0.292782 -0.939692 0.00199678 -0.485749 -0.804406 0.342021 2.85299 -0.856032 0.516923 -2.4625e-06 -27.7785 0 0 0 1 
				3
				-0.178857 -0.291528 -0.939692 0.0019883 -0.491409 -0.800961 0.342021 2.85296 -0.852366 0.522946 -2.39423e-06 -27.5412 0 0 0 1 
				4
				-0.180957 -0.290229 -0.939692 0.00197932 -0.49718 -0.797391 0.342021 2.85294 -0.848567 0.529088 -2.48241e-06 -27.2983 0 0 0 1 
				5
				-0.183061 -0.288907 -0.939692 0.00197026 -0.502961 -0.793758 0.342021 2.85291 -0.8447 0.53524 -2.48698e-06 -27.0538 0 0 0 1 
				6
				-0.185131 -0.287585 -0.939693 0.00196121 -0.508648 -0.790126 0.342021 2.85289 -0.840835 0.541292 -2.48638e-06 -26.8122 0 0 0 1 
				7
				-0.18713 -0.286288 -0.939692 0.00195272 -0.51414 -0.786563 0.342021 2.85286 -0.837044 0.547135 -2.51146e-06 -26.5778 0 0 0 1 
				8
				-0.189022 -0.285042 -0.939692 0.00194387 -0.519339 -0.78314 0.342021 2.85284 -0.833401 0.552669 -2.56835e-06 -26.3549 0 0 0 1 
				9
				-0.190774 -0.283873 -0.939692 0.00193606 -0.524152 -0.779927 0.342021 2.85282 -0.829982 0.55779 -2.58385e-06 -26.1477 0 0 0 1 
				10
				-0.19235 -0.282807 -0.939692 0.00192872 -0.528482 -0.777 0.342021 2.8528 -0.826867 0.562398 -2.58961e-06 -25.9606 0 0 0 1 
				11
				-0.193715 -0.281874 -0.939692 0.00192263 -0.532233 -0.774435 0.342021 2.85278 -0.824138 0.566389 -2.57632e-06 -25.7979 0 0 0 1 
				12
				-0.194836 -0.2811 -0.939692 0.00191709 -0.535313 -0.772309 0.342021 2.85277 -0.821875 0.569668 -2.59885e-06 -25.6638 0 0 0 1 
				13
				-0.19568 -0.280513 -0.939692 0.00191301 -0.537631 -0.770697 0.342021 2.85276 -0.82016 0.572135 -2.57753e-06 -25.5627 0 0 0 1 
				14
				-0.196212 -0.280142 -0.939692 0.00191053 -0.539092 -0.769676 0.342021 2.85275 -0.819073 0.57369 -2.58462e-06 -25.4989 0 0 0 1 
				15
				-0.196397 -0.280012 -0.939692 0.00190967 -0.5396 -0.76932 0.342021 2.85275 -0.818694 0.57423 -2.62326e-06 -25.4767 0 0 0 1 
				16
				-0.196212 -0.280142 -0.939692 0.00191062 -0.539093 -0.769676 0.342021 2.85275 -0.819073 0.57369 -2.6017e-06 -25.4989 0 0 0 1 
				17
				-0.19568 -0.280513 -0.939692 0.00191306 -0.537631 -0.770697 0.342021 2.85276 -0.82016 0.572135 -2.5603e-06 -25.5627 0 0 0 1 
				18
				-0.194836 -0.2811 -0.939692 0.0019171 -0.535313 -0.772309 0.342021 2.85277 -0.821875 0.569667 -2.59283e-06 -25.6638 0 0 0 1 
				19
				-0.193715 -0.281874 -0.939692 0.00192247 -0.532233 -0.774435 0.342021 2.85278 -0.824138 0.56639 -2.60311e-06 -25.7979 0 0 0 1 
				20
				-0.19235 -0.282807 -0.939692 0.00192875 -0.528482 -0.777 0.342021 2.8528 -0.826867 0.562398 -2.59897e-06 -25.9606 0 0 0 1 
				21
				-0.190774 -0.283873 -0.939692 0.0019361 -0.524152 -0.779927 0.342021 2.85282 -0.829982 0.55779 -2.58385e-06 -26.1477 0 0 0 1 
				22
				-0.189022 -0.285042 -0.939693 0.00194385 -0.519339 -0.78314 0.342021 2.85284 -0.833401 0.552669 -2.5451e-06 -26.3549 0 0 0 1 
				23
				-0.18713 -0.286288 -0.939692 0.00195272 -0.51414 -0.786563 0.342021 2.85286 -0.837044 0.547135 -2.51146e-06 -26.5778 0 0 0 1 
				24
				-0.185131 -0.287585 -0.939692 0.00196116 -0.508648 -0.790126 0.342021 2.85289 -0.840835 0.541292 -2.49539e-06 -26.8122 0 0 0 1 
				25
				-0.183061 -0.288907 -0.939692 0.00197004 -0.502961 -0.793758 0.342021 2.85291 -0.8447 0.53524 -2.48446e-06 -27.0538 0 0 0 1 
				26
				-0.180957 -0.290229 -0.939692 0.00197929 -0.497181 -0.797391 0.342021 2.85294 -0.848567 0.529088 -2.46995e-06 -27.2983 0 0 0 1 
				27
				-0.178857 -0.291528 -0.939692 0.0019883 -0.491409 -0.800961 0.342021 2.85296 -0.852366 0.522946 -2.46035e-06 -27.5412 0 0 0 1 
				28
				-0.176797 -0.292782 -0.939692 0.00199677 -0.485749 -0.804406 0.342021 2.85299 -0.856032 0.516923 -2.44697e-06 -27.7785 0 0 0 1 
				29
				-0.174815 -0.29397 -0.939692 0.00200488 -0.480305 -0.807669 0.342021 2.85301 -0.859504 0.511129 -2.43506e-06 -28.0057 0 0 0 1 
				30
				-0.172951 -0.29507 -0.939692 0.00201265 -0.475184 -0.810692 0.342021 2.85303 -0.862722 0.505679 -2.36177e-06 -28.2187 0 0 0 1 
				31
				-0.171245 -0.296064 -0.939692 0.00201911 -0.470496 -0.813422 0.342021 2.85305 -0.865626 0.500691 -2.35749e-06 -28.4129 0 0 0 1 
		</Joint>
			3
				-1
				-0.17587 -0.0124096 -0.984335 -1.46318 -0.615202 -0.779224 0.119741 -1.16752 -0.768503 0.626623 0.129407 -35.824 0 0 0 1 
				0
				-0.177445 -0.0101442 -0.984078 -1.4778 -0.623829 -0.772225 0.120446 -1.2077 -0.761151 0.635269 0.130699 -35.605 0 0 0 1 
				1
				-0.17914 -0.00763056 -0.983794 -1.49377 -0.633194 -0.764441 0.121228 -1.25159 -0.752977 0.644649 0.13211 -35.3646 0 0 0 1 
				2
				-0.180911 -0.0049138 -0.983487 -1.51076 -0.64308 -0.756007 0.122071 -1.29825 -0.744123 0.654545 0.13361 -35.1077 0 0 0 1 
				3
				-0.182719 -0.00204086 -0.983163 -1.52841 -0.653279 -0.747066 0.122961 -1.34677 -0.734739 0.664747 0.13517 -34.8392 0 0 0 1 
				4
				-0.184526 0.000939623 -0.982827 -1.54642 -0.663593 -0.737765 0.123884 -1.39624 -0.724979 0.675057 0.13676 -34.5637 0 0 0 1 
				5
				-0.186297 0.00397721 -0.982485 -1.56445 -0.673835 -0.728262 0.124824 -1.44579 -0.71501 0.685288 0.138353 -34.2863 0 0 0 1 
				6
				-0.188002 0.00701648 -0.982144 -1.58219 -0.683822 -0.718729 0.125762 -1.49454 -0.705013 0.695255 0.13992 -34.0116 0 0 0 1 
				7
				-0.18961 0.0099995 -0.981808 -1.59932 -0.693379 -0.70935 0.126683 -1.54162 -0.695179 0.704785 0.141434 -33.7449 0 0 0 1 
				8
				-0.191099 0.0128677 -0.981486 -1.61554 -0.702346 -0.700311 0.127568 -1.5862 -0.685705 0.713721 0.142866 -33.4909 0 0 0 1 
				9
				-0.192446 0.0155606 -0.981184 -1.63056 -0.710575 -0.691807 0.128399 -1.62746 -0.676792 0.721915 0.144193 -33.2545 0 0 0 1 
				10
				-0.193633 0.0180143 -0.980909 -1.64407 -0.717917 -0.684042 0.129155 -1.66457 -0.668656 0.72922 0.145386 -33.0407 0 0 0 1 
				11
				-0.19464 0.0201643 -0.980667 -1.65577 -0.72423 -0.677228 0.129818 -1.69673 -0.661518 0.735497 0.14642 -32.8547 0 0 0 1 
				12
				-0.195454 0.0219466 -0.980467 -1.66538 -0.729381 -0.671571 0.130368 -1.72315 -0.655592 0.740616 0.147268 -32.7014 0 0 0 1 
				13
				-0.196057 0.023298 -0.980315 -1.67261 -0.733238 -0.667276 0.130785 -1.74302 -0.651094 0.744446 0.147907 -32.5856 0 0 0 1 
				14
				-0.196434 0.0241542 -0.98022 -1.67717 -0.73566 -0.664553 0.131049 -1.75555 -0.648243 0.74685 0.14831 -32.5125 0 0 0 1 
				15
				-0.196564 0.0244523 -0.980186 -1.67876 -0.736499 -0.663605 0.131141 -1.7599 -0.64725 0.747684 0.14845 -32.4871 0 0 0 1 
				16
				-0.196434 0.0241542 -0.98022 -1.67717 -0.73566 -0.664553 0.131049 -1.75555 -0.648243 0.74685 0.14831 -32.5125 0 0 0 1 
				17
				-0.196057 0.0232981 -0.980315 -1.67261 -0.733238 -0.667276 0.130785 -1.74302 -0.651094 0.744446 0.147907 -32.5856 0 0 0 1 
				18
				-0.195454 0.0219467 -0.980467 -1.66538 -0.729381 -0.67157 0.130368 -1.72314 -0.655592 0.740615 0.147268 -32.7014 0 0 0 1 
				19
				-0.19464 0.0201643 -0.980667 -1.65577 -0.72423 -0.677228 0.129818 -1.69673 -0.661518 0.735497 0.146419 -32.8547 0 0 0 1 
				20
				-0.193633 0.0180143 -0.980909 -1.64407 -0.717917 -0.684042 0.129156 -1.66457 -0.668656 0.72922 0.145386 -33.0407 0 0 0 1 
				21
				-0.192446 0.0155605 -0.981184 -1.63056 -0.710575 -0.691807 0.128399 -1.62746 -0.676792 0.721915 0.144193 -33.2545 0 0 0 1 
				22
				-0.191099 0.0128677 -0.981487 -1.61554 -0.702346 -0.700311 0.127568 -1.5862 -0.685704 0.713722 0.142866 -33.4909 0 0 0 1 
				23
				-0.18961 0.0099995 -0.981808 -1.59932 -0.693379 -0.70935 0.126683 -1.54162 -0.695179 0.704785 0.141434 -33.7449 0 0 0 1 
				24
				-0.188002 0.00701649 -0.982144 -1.58219 -0.683822 -0.718729 0.125762 -1.49454 -0.705013 0.695255 0.13992 -34.0116 0 0 0 1 
				25
				-0.186297 0.00397732 -0.982485 -1.56445 -0.673836 -0.728261 0.124823 -1.44579 -0.71501 0.685288 0.138353 -34.2863 0 0 0 1 
				26
				-0.184526 0.000939534 -0.982827 -1.54642 -0.663593 -0.737765 0.123884 -1.39624 -0.724979 0.675057 0.13676 -34.5637 0 0 0 1 
				27
				-0.182719 -0.00204097 -0.983163 -1.52841 -0.653279 -0.747066 0.122962 -1.34677 -0.734739 0.664747 0.13517 -34.8392 0 0 0 1 
				28
				-0.180911 -0.00491375 -0.983487 -1.51076 -0.64308 -0.756007 0.122071 -1.29825 -0.744123 0.654545 0.13361 -35.1077 0 0 0 1 
				29
				-0.17914 -0.0076306 -0.983794 -1.49377 -0.633193 -0.764441 0.121228 -1.25159 -0.752977 0.644649 0.13211 -35.3646 0 0 0 1 
				30
				-0.177445 -0.0101442 -0.984079 -1.4778 -0.623829 -0.772224 0.120446 -1.20769 -0.761151 0.635269 0.130699 -35.605 0 0 0 1 
				31
				-0.17587 -0.0124096 -0.984335 -1.46318 -0.615202 -0.779224 0.119741 -1.16752 -0.768503 0.626623 0.129407 -35.824 0 0 0 1 
		</Joint>
			4
				-1
				-0.17587 -0.0124096 -0.984335 -2.968 -0.615202 -0.779224 0.119741 -6.42955 -0.768503 0.626623 0.129407 -42.4015 0 0 0 1 
				0
				-0.177445 -0.0101442 -0.984078 -2.99611 -0.623829 -0.772225 0.120446 -6.54356 -0.761151 0.635269 0.130699 -42.1196 0 0 0 1 
				1
				-0.17914 -0.00763055 -0.983794 -3.02659 -0.633194 -0.764441 0.121228 -6.6676 -0.752977 0.644649 0.13211 -41.8093 0 0 0 1 
				2
				-0.180911 -0.00491379 -0.983487 -3.05874 -0.64308 -0.756007 0.122071 -6.79889 -0.744123 0.654545 0.13361 -41.4766 0 0 0 1 
				3
				-0.182719 -0.00204085 -0.983163 -3.09187 -0.653279 -0.747066 0.122961 -6.9347 -0.734738 0.664747 0.13517 -41.1278 0 0 0 1 
				4
				-0.184526 0.000939622 -0.982827 -3.12534 -0.663593 -0.737765 0.123884 -7.07244 -0.724979 0.675057 0.13676 -40.7689 0 0 0 1 
				5
				-0.186297 0.00397722 -0.982485 -3.15854 -0.673835 -0.728262 0.124823 -7.20967 -0.71501 0.685288 0.138353 -40.4061 0 0 0 1 
				6
				-0.188002 0.00701647 -0.982144 -3.19087 -0.683822 -0.718729 0.125762 -7.34389 -0.705013 0.695255 0.13992 -40.046 0 0 0 1 
				7
				-0.18961 0.0099995 -0.981809 -3.22178 -0.693379 -0.70935 0.126683 -7.47276 -0.695179 0.704786 0.141434 -39.6951 0 0 0 1 
				8
				-0.191099 0.0128677 -0.981486 -3.25075 -0.702346 -0.700311 0.127568 -7.5941 -0.685705 0.713721 0.142866 -39.3601 0 0 0 1 
				9
				-0.192446 0.0155606 -0.981184 -3.2773 -0.710575 -0.691807 0.128399 -7.70579 -0.676792 0.721915 0.144193 -39.0474 0 0 0 1 
				10
				-0.193633 0.0180143 -0.980909 -3.30096 -0.717917 -0.684042 0.129155 -7.80576 -0.668656 0.72922 0.145386 -38.7641 0 0 0 1 
				11
				-0.19464 0.0201643 -0.980668 -3.32129 -0.72423 -0.677228 0.129818 -7.89195 -0.661518 0.735497 0.14642 -38.5171 0 0 0 1 
				12
				-0.195454 0.0219466 -0.980467 -3.33787 -0.729381 -0.671571 0.130368 -7.96246 -0.655592 0.740616 0.147268 -38.313 0 0 0 1 
				13
				-0.196057 0.023298 -0.980316 -3.35027 -0.733238 -0.667276 0.130785 -8.01534 -0.651094 0.744446 0.147907 -38.1588 0 0 0 1 
				14
				-0.196434 0.0241542 -0.98022 -3.35805 -0.73566 -0.664553 0.131049 -8.0486 -0.648243 0.74685 0.14831 -38.0613 0 0 0 1 
				15
				-0.196564 0.0244523 -0.980186 -3.36075 -0.736499 -0.663605 0.131141 -8.06014 -0.64725 0.747684 0.14845 -38.0273 0 0 0 1 
				16
				-0.196434 0.0241542 -0.98022 -3.35805 -0.73566 -0.664553 0.131049 -8.0486 -0.648243 0.74685 0.14831 -38.0613 0 0 0 1 
				17
				-0.196057 0.0232981 -0.980315 -3.35027 -0.733238 -0.667276 0.130785 -8.01534 -0.651094 0.744446 0.147907 -38.1588 0 0 0 1 
				18
				-0.195454 0.0219467 -0.980467 -3.33787 -0.729381 -0.67157 0.130368 -7.96246 -0.655592 0.740615 0.147268 -38.313 0 0 0 1 
				19
				-0.19464 0.0201643 -0.980667 -3.32129 -0.72423 -0.677228 0.129818 -7.89195 -0.661518 0.735497 0.146419 -38.5171 0 0 0 1 
				20
				-0.193633 0.0180143 -0.980909 -3.30096 -0.717917 -0.684042 0.129156 -7.80576 -0.668656 0.72922 0.145386 -38.7641 0 0 0 1 
				21
				-0.192446 0.0155605 -0.981184 -3.2773 -0.710575 -0.691807 0.128399 -7.70579 -0.676792 0.721915 0.144193 -39.0474 0 0 0 1 
				22
				-0.191099 0.0128677 -0.981487 -3.25075 -0.702346 -0.700311 0.127568 -7.5941 -0.685704 0.713722 0.142866 -39.3601 0 0 0 1 
				23
				-0.18961 0.0099995 -0.981809 -3.22178 -0.693379 -0.70935 0.126683 -7.47276 -0.695179 0.704786 0.141434 -39.6951 0 0 0 1 
				24
				-0.188002 0.00701648 -0.982144 -3.19087 -0.683822 -0.718729 0.125762 -7.34389 -0.705013 0.695255 0.13992 -40.046 0 0 0 1 
				25
				-0.186297 0.00397732 -0.982485 -3.15854 -0.673836 -0.728261 0.124823 -7.20967 -0.71501 0.685288 0.138353 -40.4061 0 0 0 1 
				26
				-0.184526 0.000939537 -0.982827 -3.12535 -0.663593 -0.737765 0.123884 -7.07245 -0.724979 0.675057 0.13676 -40.7689 0 0 0 1 
				27
				-0.182719 -0.00204098 -0.983163 -3.09187 -0.653279 -0.747066 0.122962 -6.9347 -0.734739 0.664747 0.13517 -41.1278 0 0 0 1 
				28
				-0.180911 -0.00491374 -0.983487 -3.05874 -0.64308 -0.756007 0.122071 -6.79889 -0.744123 0.654545 0.13361 -41.4766 0 0 0 1 
				29
				-0.17914 -0.0076306 -0.983794 -3.02659 -0.633193 -0.764441 0.121228 -6.66761 -0.752977 0.644649 0.13211 -41.8093 0 0 0 1 
				30
				-0.177445 -0.0101441 -0.984078 -2.99611 -0.623829 -0.772224 0.120446 -6.54356 -0.761151 0.635269 0.130699 -42.1196 0 0 0 1 
				31
				-0.17587 -0.0124096 -0.984335 -2.968 -0.615202 -0.779224 0.119741 -6.42955 -0.768503 0.626623 0.129407 -42.4015 0 0 0 1 
		</Joint>
			5
				-1
				4.92076e-07 -1.50655e-06 -1 -3.54588 -0.0871563 -0.996195 1.45793e-06 -8.45099 -0.996195 0.0871563 -6.21509e-07 -44.9266 0 0 0 1 
				0
				4.66527e-07 -1.77136e-06 -1 -3.57916 -0.0871563 -0.996195 1.72396e-06 -8.59335 -0.996195 0.0871563 -6.19137e-07 -44.6206 0 0 0 1 
				1
				4.31945e-07 -1.73998e-06 -1 -3.61521 -0.0871564 -0.996195 1.69572e-06 -8.74816 -0.996195 0.0871564 -5.81952e-07 -44.2834 0 0 0 1 
				2
				4.90576e-07 -1.36306e-06 -1 -3.65318 -0.0871563 -0.996194 1.31511e-06 -8.91193 -0.996195 0.0871563 -6.07509e-07 -43.9217 0 0 0 1 
				3
				5.13023e-07 -9.03978e-07 -1 -3.69225 -0.0871564 -0.996195 8.55825e-07 -9.08125 -0.996195 0.0871564 -5.89858e-07 -43.542 0 0 0 1 
				4
				5.19227e-07 -1.20213e-06 -1 -3.73166 -0.0871561 -0.996195 1.1523e-06 -9.25289 -0.996195 0.0871561 -6.22024e-07 -43.1511 0 0 0 1 
				5
				5.86402e-07 -1.42095e-06 -1 -3.77068 -0.0871562 -0.996195 1.36443e-06 -9.42376 -0.996195 0.0871562 -7.08015e-07 -42.7555 0 0 0 1 
				6
				5.39937e-07 -1.31094e-06 -1 -3.80861 -0.0871562 -0.996194 1.2589e-06 -9.5908 -0.996194 0.0871562 -6.5214e-07 -42.3625 0 0 0 1 
				7
				4.92234e-07 -1.97196e-06 -1 -3.8448 -0.0871563 -0.996195 1.92156e-06 -9.75108 -0.996195 0.0871563 -6.6223e-07 -41.9794 0 0 0 1 
				8
				4.79327e-07 -1.57349e-06 -1 -3.87866 -0.0871562 -0.996195 1.52572e-06 -9.90188 -0.996195 0.0871563 -6.14643e-07 -41.6132 0 0 0 1 
				9
				5.33351e-07 -1.19925e-06 -1 -3.90964 -0.0871563 -0.996195 1.1482e-06 -10.0406 -0.996195 0.0871563 -6.35844e-07 -41.2713 0 0 0 1 
				10
				5.34741e-07 -1.02681e-06 -1 -3.9372 -0.0871563 -0.996194 9.76292e-07 -10.1647 -0.996195 0.0871563 -6.22199e-07 -40.9612 0 0 0 1 
				11
				4.34701e-07 -7.59747e-07 -1 -3.96084 -0.0871564 -0.996195 7.18968e-07 -10.2716 -0.996195 0.0871564 -4.99264e-07 -40.6907 0 0 0 1 
				12
				5.5441e-07 -1.72329e-06 -1 -3.98009 -0.0871563 -0.996195 1.66841e-06 -10.3591 -0.996195 0.0871563 -7.02496e-07 -40.4672 0 0 0 1 
				13
				5.4059e-07 -1.38354e-06 -1 -3.99448 -0.0871564 -0.996195 1.33116e-06 -10.4246 -0.996195 0.0871564 -6.59117e-07 -40.2981 0 0 0 1 
				14
				5.49639e-07 -1.2517e-06 -1 -4.0035 -0.0871562 -0.996195 1.19904e-06 -10.4658 -0.996195 0.0871562 -6.56641e-07 -40.1913 0 0 0 1 
				15
				5.27046e-07 -1.14311e-06 -1 -4.00662 -0.0871563 -0.996195 1.09283e-06 -10.4801 -0.996195 0.0871563 -6.2467e-07 -40.1541 0 0 0 1 
				16
				4.92984e-07 -2.00024e-06 -1 -4.0035 -0.0871562 -0.996195 1.94966e-06 -10.4658 -0.996195 0.0871562 -6.65441e-07 -40.1913 0 0 0 1 
				17
				5.4409e-07 -8.98524e-07 -1 -3.99447 -0.0871562 -0.996195 8.47684e-07 -10.4246 -0.996195 0.0871562 -6.20332e-07 -40.2981 0 0 0 1 
				18
				5.38917e-07 -1.77177e-06 -1 -3.98009 -0.0871564 -0.996195 1.71806e-06 -10.3591 -0.996195 0.0871564 -6.91287e-07 -40.4672 0 0 0 1 
				19
				4.606e-07 -1.03689e-06 -1 -3.96084 -0.0871564 -0.996195 9.92803e-07 -10.2716 -0.996195 0.0871564 -5.49219e-07 -40.6907 0 0 0 1 
				20
				5.14127e-07 -1.01214e-06 -1 -3.9372 -0.0871562 -0.996195 9.63478e-07 -10.1647 -0.996195 0.0871562 -6.00385e-07 -40.9612 0 0 0 1 
				21
				4.73676e-07 -1.36187e-06 -1 -3.90964 -0.0871563 -0.996195 1.31541e-06 -10.0406 -0.996195 0.0871563 -5.90569e-07 -41.2713 0 0 0 1 
				22
				5.34463e-07 -1.12566e-06 -1 -3.87866 -0.0871561 -0.996194 1.07479e-06 -9.90188 -0.996194 0.0871562 -6.30537e-07 -41.6132 0 0 0 1 
				23
				4.92234e-07 -1.97196e-06 -1 -3.8448 -0.0871563 -0.996195 1.92156e-06 -9.75108 -0.996195 0.0871563 -6.6223e-07 -41.9794 0 0 0 1 
				24
				5.18789e-07 -1.2703e-06 -1 -3.80861 -0.0871563 -0.996194 1.22025e-06 -9.5908 -0.996194 0.0871563 -6.27529e-07 -42.3625 0 0 0 1 
				25
				4.87126e-07 -1.67465e-06 -1 -3.77068 -0.0871564 -0.996195 1.62582e-06 -9.42376 -0.996195 0.0871564 -6.31229e-07 -42.7555 0 0 0 1 
				26
				4.25589e-07 -1.53918e-06 -1 -3.73166 -0.0871563 -0.996195 1.49623e-06 -9.25289 -0.996195 0.0871563 -5.58119e-07 -43.1511 0 0 0 1 
				27
				5.05422e-07 -1.24968e-06 -1 -3.69225 -0.0871563 -0.996195 1.20087e-06 -9.08125 -0.996195 0.0871563 -6.12416e-07 -43.542 0 0 0 1 
				28
				5.1654e-07 -9.71747e-07 -1 -3.65318 -0.0871563 -0.996195 9.2303e-07 -8.91193 -0.996195 0.0871563 -5.99268e-07 -43.9217 0 0 0 1 
				29
				5.05438e-07 -1.305e-06 -1 -3.61521 -0.0871563 -0.996195 1.25598e-06 -8.74816 -0.996195 0.0871563 -6.17253e-07 -44.2834 0 0 0 1 
				30
				4.62941e-07 -1.42881e-06 -1 -3.57916 -0.0871563 -0.996195 1.38302e-06 -8.59334 -0.996195 0.0871563 -5.85709e-07 -44.6206 0 0 0 1 
				31
				4.92076e-07 -1.50655e-06 -1 -3.54588 -0.0871563 -0.996195 1.45793e-06 -8.45099 -0.996195 0.0871563 -6.21509e-07 -44.9266 0 0 0 1 
		</Joint>
			6
		</Joint>
			7
				-1
				0.990171 0.0125469 -0.139301 -1.22851 0.077529 0.779713 0.621318 -6.64319 0.11641 -0.626011 0.771077 -42.6285 0 0 0 1 
				0
				0.990418 0.0102827 -0.137722 -1.25706 0.0795458 0.772721 0.629741 -6.75843 0.112896 -0.634662 0.764499 -42.3489 0 0 0 1 
				1
				0.990676 0.00777045 -0.136021 -1.28804 0.0817204 0.764945 0.63889 -6.88384 0.109013 -0.644049 0.757177 -42.0411 0 0 0 1 
				2
				0.990936 0.00505511 -0.134239 -1.32073 0.0839987 0.756519 0.648555 -7.01659 0.104833 -0.653952 0.749237 -41.711 0 0 0 1 
				3
				0.991192 0.00218358 -0.132419 -1.35442 0.0863297 0.747586 0.65853 -7.15395 0.100432 -0.664161 0.740812 -41.3649 0 0 0 1 
				4
				0.991435 -0.000795419 -0.130595 -1.38848 0.0886657 0.738293 0.668626 -7.2933 0.0958854 -0.674479 0.732041 -41.0088 0 0 0 1 
				5
				0.991663 -0.00383162 -0.128803 -1.42227 0.090964 0.728798 0.678659 -7.43216 0.0912708 -0.684718 0.723071 -40.6489 0 0 0 1 
				6
				0.991869 -0.00686946 -0.127074 -1.4552 0.0931828 0.719274 0.688449 -7.56802 0.0866719 -0.694693 0.714066 -40.2915 0 0 0 1 
				7
				0.992053 -0.00985126 -0.125439 -1.48669 0.0952852 0.709902 0.697825 -7.69849 0.082175 -0.704231 0.705199 -39.9432 0 0 0 1 
				8
				0.99221 -0.0127183 -0.123922 -1.51622 0.0972381 0.700871 0.706629 -7.82137 0.077866 -0.713175 0.696648 -39.6107 0 0 0 1 
				9
				0.992343 -0.0154101 -0.122545 -1.5433 0.0990124 0.692373 0.714714 -7.93451 0.0738331 -0.721375 0.688597 -39.3004 0 0 0 1 
				10
				0.992451 -0.0178628 -0.12133 -1.56745 0.100581 0.684614 0.721933 -8.03579 0.0701685 -0.728687 0.681243 -39.0191 0 0 0 1 
				11
				0.992536 -0.0200121 -0.120296 -1.58819 0.101918 0.677805 0.728144 -8.12314 0.0669654 -0.73497 0.674785 -38.7739 0 0 0 1 
				12
				0.9926 -0.0217937 -0.11946 -1.60512 0.103 0.672151 0.733214 -8.1946 0.0643154 -0.740093 0.669422 -38.5713 0 0 0 1 
				13
				0.992644 -0.0231446 -0.118838 -1.61778 0.103806 0.66786 0.737012 -8.24821 0.062309 -0.743927 0.66535 -38.4182 0 0 0 1 
				14
				0.99267 -0.0240005 -0.118449 -1.62573 0.104309 0.665139 0.739398 -8.28193 0.0610393 -0.746333 0.662767 -38.3214 0 0 0 1 
				15
				0.992679 -0.0242985 -0.118315 -1.62849 0.104484 0.664191 0.740225 -8.29362 0.0605975 -0.747167 0.661868 -38.2877 0 0 0 1 
				16
				0.99267 -0.0240005 -0.118449 -1.62573 0.104309 0.665139 0.739398 -8.28193 0.0610394 -0.746333 0.662767 -38.3214 0 0 0 1 
				17
				0.992644 -0.0231447 -0.118838 -1.61778 0.103806 0.66786 0.737012 -8.24821 0.0623089 -0.743927 0.66535 -38.4182 0 0 0 1 
				18
				0.9926 -0.0217938 -0.119459 -1.60512 0.103 0.672151 0.733214 -8.1946 0.0643153 -0.740093 0.669422 -38.5713 0 0 0 1 
				19
				0.992536 -0.0200121 -0.120296 -1.58819 0.101918 0.677805 0.728144 -8.12314 0.0669655 -0.73497 0.674785 -38.7739 0 0 0 1 
				20
				0.992451 -0.0178628 -0.12133 -1.56745 0.100581 0.684614 0.721933 -8.03579 0.0701685 -0.728687 0.681243 -39.0191 0 0 0 1 
				21
				0.992343 -0.01541 -0.122545 -1.5433 0.0990124 0.692373 0.714714 -7.93451 0.0738332 -0.721375 0.688597 -39.3004 0 0 0 1 
				22
				0.99221 -0.0127182 -0.123922 -1.51622 0.0972379 0.700871 0.706629 -7.82137 0.077866 -0.713175 0.696648 -39.6107 0 0 0 1 
				23
				0.992053 -0.00985126 -0.125439 -1.48669 0.0952852 0.709902 0.697825 -7.69849 0.082175 -0.704231 0.705199 -39.9432 0 0 0 1 
				24
				0.991869 -0.00686947 -0.127074 -1.4552 0.0931828 0.719274 0.688449 -7.56802 0.0866719 -0.694693 0.714066 -40.2915 0 0 0 1 
				25
				0.991663 -0.0038317 -0.128803 -1.42227 0.090964 0.728798 0.67866 -7.43216 0.0912707 -0.684718 0.723071 -40.6489 0 0 0 1 
				26
				0.991436 -0.000795343 -0.130595 -1.38848 0.0886656 0.738293 0.668627 -7.29331 0.0958854 -0.674479 0.732041 -41.0088 0 0 0 1 
				27
				0.991192 0.00218374 -0.132418 -1.35442 0.0863295 0.747586 0.65853 -7.15395 0.100432 -0.664161 0.740812 -41.3649 0 0 0 1 
				28
				0.990936 0.00505505 -0.13424 -1.32073 0.0839988 0.756519 0.648555 -7.01659 0.104833 -0.653952 0.749238 -41.711 0 0 0 1 
				29
				0.990675 0.0077705 -0.136021 -1.28804 0.0817204 0.764945 0.63889 -6.88384 0.109013 -0.644048 0.757177 -42.0411 0 0 0 1 
				30
				0.990417 0.0102827 -0.137722 -1.25706 0.0795458 0.772721 0.629741 -6.75843 0.112896 -0.634662 0.764499 -42.3489 0 0 0 1 
				31
				0.990171 0.0125469 -0.139301 -1.22851 0.077529 0.779713 0.621318 -6.64319 0.11641 -0.626011 0.771077 -42.6285 0 0 0 1 
		</Joint>
			8
				-1
				-0.322955 0.167822 -0.931416 6.03328 -0.496235 0.807993 0.317645 -6.0746 0.805885 0.564786 -0.177667 -41.7748 0 0 0 1 
				0
				-0.318549 0.14596 -0.936602 6.00653 -0.498552 0.814574 0.296506 -6.17505 0.806209 0.561396 -0.186713 -41.5209 0 0 0 1 
				1
				-0.313666 0.121869 -0.94168 5.97745 -0.50098 0.821223 0.273152 -6.28451 0.806618 0.557442 -0.196536 -41.2416 0 0 0 1 
				2
				-0.308396 0.0960281 -0.946398 5.94667 -0.503441 0.827663 0.248033 -6.40056 0.807117 0.552949 -0.206903 -40.9422 0 0 0 1 
				3
				-0.302837 0.0689362 -0.950546 5.91485 -0.505865 0.833657 0.221624 -6.52082 0.807707 0.547964 -0.217589 -40.6284 0 0 0 1 
				4
				-0.297085 0.0410873 -0.953967 5.88258 -0.508189 0.839019 0.194397 -6.64304 0.808383 0.542548 -0.22838 -40.3056 0 0 0 1 
				5
				-0.291244 0.0129864 -0.956561 5.85046 -0.510367 0.843616 0.166844 -6.76504 0.809137 0.536789 -0.23907 -39.9795 0 0 0 1 
				6
				-0.285423 -0.0148395 -0.958287 5.81905 -0.512357 0.847369 0.139482 -6.88463 0.809953 0.530796 -0.249462 -39.6558 0 0 0 1 
				7
				-0.279735 -0.0418616 -0.959165 5.7889 -0.514132 0.850257 0.112835 -6.99969 0.810813 0.524701 -0.259369 -39.3406 0 0 0 1 
				8
				-0.274293 -0.067567 -0.95927 5.76053 -0.515677 0.852312 0.0874189 -7.10824 0.81169 0.518652 -0.268625 -39.0396 0 0 0 1 
				9
				-0.269208 -0.0914508 -0.95873 5.73442 -0.516987 0.853616 0.0637439 -7.20837 0.812558 0.512812 -0.277079 -38.7589 0 0 0 1 
				10
				-0.264598 -0.112999 -0.957716 5.71107 -0.518065 0.854293 0.0423347 -7.29814 0.813386 0.50736 -0.284585 -38.5045 0 0 0 1 
				11
				-0.260577 -0.131706 -0.956427 5.69094 -0.518921 0.854494 0.0237099 -7.37569 0.814138 0.502488 -0.291007 -38.2828 0 0 0 1 
				12
				-0.257258 -0.147093 -0.955082 5.67449 -0.519569 0.854388 0.0083645 -7.43921 0.81478 0.498383 -0.296223 -38.0997 0 0 0 1 
				13
				-0.25475 -0.158685 -0.953898 5.66214 -0.520023 0.854146 -0.003212 -7.48691 0.815278 0.49523 -0.300114 -37.9612 0 0 0 1 
				14
				-0.253165 -0.165995 -0.953075 5.65438 -0.520294 0.853922 -0.0105197 -7.51693 0.815599 0.493217 -0.302549 -37.8738 0 0 0 1 
				15
				-0.252614 -0.168534 -0.952776 5.65169 -0.520386 0.853831 -0.0130596 -7.52735 0.815711 0.492512 -0.303393 -37.8433 0 0 0 1 
				16
				-0.253165 -0.165995 -0.953076 5.65438 -0.520294 0.853922 -0.0105197 -7.51694 0.815599 0.493217 -0.30255 -37.8738 0 0 0 1 
				17
				-0.25475 -0.158685 -0.953898 5.66214 -0.520023 0.854146 -0.00321206 -7.48691 0.815278 0.49523 -0.300114 -37.9612 0 0 0 1 
				18
				-0.257258 -0.147093 -0.955082 5.67449 -0.519568 0.854388 0.00836463 -7.43921 0.81478 0.498383 -0.296223 -38.0997 0 0 0 1 
				19
				-0.260577 -0.131706 -0.956427 5.69094 -0.518921 0.854493 0.0237099 -7.37568 0.814138 0.502488 -0.291007 -38.2828 0 0 0 1 
				20
				-0.264598 -0.112999 -0.957716 5.71107 -0.518065 0.854293 0.0423346 -7.29814 0.813386 0.50736 -0.284585 -38.5045 0 0 0 1 
				21
				-0.269208 -0.0914509 -0.95873 5.73442 -0.516987 0.853617 0.0637438 -7.20836 0.812558 0.512812 -0.277079 -38.7589 0 0 0 1 
				22
				-0.274293 -0.0675668 -0.95927 5.76053 -0.515677 0.852311 0.0874191 -7.10824 0.81169 0.518652 -0.268625 -39.0396 0 0 0 1 
				23
				-0.279735 -0.0418616 -0.959165 5.7889 -0.514132 0.850257 0.112835 -6.99969 0.810813 0.524701 -0.259369 -39.3406 0 0 0 1 
				24
				-0.285423 -0.0148395 -0.958287 5.81904 -0.512357 0.847369 0.139482 -6.88463 0.809953 0.530796 -0.249462 -39.6558 0 0 0 1 
				25
				-0.291244 0.0129862 -0.956561 5.85046 -0.510367 0.843616 0.166844 -6.76504 0.809137 0.536789 -0.23907 -39.9795 0 0 0 1 
				26
				-0.297085 0.0410877 -0.953967 5.88258 -0.50819 0.839019 0.194398 -6.64304 0.808384 0.542548 -0.22838 -40.3056 0 0 0 1 
				27
				-0.302837 0.0689363 -0.950546 5.91485 -0.505865 0.833657 0.221624 -6.52082 0.807707 0.547964 -0.217589 -40.6284 0 0 0 1 
				28
				-0.308396 0.0960282 -0.946399 5.94667 -0.503442 0.827663 0.248033 -6.40056 0.807117 0.552949 -0.206904 -40.9422 0 0 0 1 
				29
				-0.313666 0.121868 -0.94168 5.97745 -0.50098 0.821223 0.273152 -6.28451 0.806618 0.557442 -0.196536 -41.2416 0 0 0 1 
				30
				-0.318549 0.14596 -0.936601 6.00654 -0.498552 0.814574 0.296507 -6.17505 0.806209 0.561396 -0.186713 -41.5209 0 0 0 1 
				31
				-0.322955 0.167822 -0.931416 6.03328 -0.496235 0.807993 0.317645 -6.0746 0.805885 0.564786 -0.177667 -41.7748 0 0 0 1 
		</Joint>
			9
				-1
				-0.333875 0.144886 -0.931416 3.32204 -0.551386 0.771411 0.317645 -10.2405 0.764527 0.619623 -0.177667 -35.0093 0 0 0 1 
				0
				-0.327954 0.123385 -0.936602 3.33229 -0.554156 0.777814 0.296506 -10.3604 0.765086 0.616264 -0.186713 -34.7527 0 0 0 1 
				1
				-0.321403 0.0996925 -0.94168 3.3442 -0.557043 0.784278 0.273152 -10.4903 0.76577 0.612348 -0.196536 -34.4699 0 0 0 1 
				2
				-0.314343 0.0742828 -0.946399 3.35766 -0.559947 0.790531 0.248033 -10.627 0.766582 0.607901 -0.206904 -34.1664 0 0 0 1 
				3
				-0.306908 0.0476446 -0.950546 3.37251 -0.562783 0.796341 0.221624 -10.7676 0.767518 0.602969 -0.217589 -33.8476 0 0 0 1 
				4
				-0.299227 0.0202648 -0.953967 3.38853 -0.565476 0.801528 0.194397 -10.9093 0.76857 0.597614 -0.22838 -33.5192 0 0 0 1 
				5
				-0.29144 -0.00736027 -0.956561 3.40544 -0.567968 0.805962 0.166844 -11.0496 0.769724 0.591921 -0.23907 -33.1867 0 0 0 1 
				6
				-0.283692 -0.0347124 -0.958287 3.42289 -0.570215 0.809567 0.139482 -11.1859 0.770956 0.586 -0.249462 -32.8562 0 0 0 1 
				7
				-0.276134 -0.0612719 -0.959165 3.4405 -0.572188 0.812324 0.112835 -11.3159 0.772238 0.57998 -0.259369 -32.5337 0 0 0 1 
				8
				-0.268911 -0.0865351 -0.95927 3.45782 -0.573872 0.814266 0.0874189 -11.4374 0.773535 0.574006 -0.268625 -32.2254 0 0 0 1 
				9
				-0.262173 -0.110006 -0.95873 3.4744 -0.57527 0.815476 0.0637439 -11.5485 0.774809 0.568241 -0.277079 -31.9374 0 0 0 1 
				10
				-0.256071 -0.13118 -0.957716 3.48975 -0.576392 0.816076 0.0423347 -11.6473 0.776015 0.562861 -0.284585 -31.6761 0 0 0 1 
				11
				-0.250756 -0.149561 -0.956427 3.50337 -0.57726 0.816216 0.0237099 -11.7321 0.777105 0.558053 -0.291007 -31.448 0 0 0 1 
				12
				-0.246371 -0.164679 -0.955082 3.51478 -0.577899 0.816066 0.00836452 -11.801 0.778032 0.554002 -0.296223 -31.2595 0 0 0 1 
				13
