<?xml version='1.0' encoding='UTF-8' ?>
<itpanim>
	<skeleton count>
		25
			0 -1
			1.37091e-06 -1 -6.12323e-17 1e-06 1 1.37091e-06 -6.12323e-17 -1.37266e-12 6.12323e-17 -6.12323e-17 1 28.5847 0 0 0 1 
			1 0
			1.3868e-06 -2.28068e-12 -1 -28.5847 2.75771e-06 -1 6.10495e-12 1.00011e-06 -1 -2.75771e-06 -1.3868e-06 -3.96413e-05 0 0 0 1 
			2 1
			-0.000205999 -0.000823318 -1 -32.3694 -1.2413e-06 -1 0.000823318 0.0334634 -1 1.41091e-06 0.000205998 0.006668 0 0 0 1 
			3 2
			-0.000383998 -0.00100932 -0.999999 -40.926 -1.01137e-06 -0.999999 0.00100932 0.0478891 -1 1.39895e-06 0.000383997 0.0139528 0 0 0 1 
			4 3
			-0.000383998 -0.00100932 -0.999999 -49.4827 -1.01137e-06 -0.999999 0.00100932 0.0505055 -1 1.39895e-06 0.000383997 0.0139528 0 0 0 1 
			5 4
			1.34309e-06 9.82436e-13 -1 -52.7685 -1.40269e-06 -1 -2.86637e-12 -0.00275479 -1 1.40269e-06 -1.34309e-06 -0.00638105 0 0 0 1 
			6 5
			1 -0 0 0 0 1 0 0 -0 -0 1 -0 0 0 0 1 
			7 4
			0.950432 6.75818e-05 0.310933 13.7112 -1.42282e-06 1 -0.000213002 -0.00848516 -0.310933 0.000202002 0.950432 47.5785 0 0 0 1 
			8 7
			0.476976 0.0235792 0.8786 37.3074 0.0457757 0.997617 -0.0516241 -2.835 -0.877724 0.064842 0.47476 30.0749 0 0 0 1 
			9 8
			0.476835 0.0205565 0.878752 28.9208 0.0472206 0.997684 -0.0489619 -2.74739 -0.877724 0.064842 0.47476 30.0749 0 0 0 1 
			10 9
			0.476835 0.0205565 0.878752 20.0548 -0.877686 0.0656364 0.474721 30.0727 -0.0479195 -0.997632 0.0493399 2.77133 0 0 0 1 
			11 4
			-0.950193 6.50589e-05 0.311663 13.7378 -1.39561e-06 1 -0.000213002 -0.00848516 -0.311663 -0.000202828 -0.950193 -47.5698 0 0 0 1 
			12 11
			-0.476976 0.0235779 0.8786 37.2976 -0.0457784 0.997617 -0.0516241 -2.83503 -0.877723 -0.0648444 -0.47476 -30.0791 0 0 0 1 
			13 12
			-0.476835 0.0205552 0.878752 28.9109 -0.0472234 0.997684 -0.0489619 -2.74745 -0.877723 -0.0648444 -0.47476 -30.0791 0 0 0 1 
			14 13
			-0.476835 0.0205552 0.878752 20.045 0.877685 0.0656388 0.474721 30.0769 -0.0479222 0.997632 -0.0493399 -2.7714 0 0 0 1 
			15 2
			1.37369e-06 -0.0998331 0.995004 28.4419 0 -0.995004 -0.0998331 -2.8537 1 1.3714e-07 -1.36683e-06 -5.53938 0 0 0 1 
			16 15
			1.37369e-06 0.0998335 0.995004 16.029 0 -0.995004 0.0998335 0.337498 1 -1.3714e-07 -1.36683e-06 -5.53938 0 0 0 1 
			17 16
			1.3716e-06 -6.00745e-14 1 3.38056 0 -1 -6.00745e-14 5.01e-06 1 8.23984e-20 -1.3716e-06 -5.53938 0 0 0 1 
			18 17
			1.3716e-06 -1 -6.12323e-17 -7.15885 0 6.12323e-17 -1 -0.467524 1 1.3716e-06 8.39865e-23 -5.53938 0 0 0 1 
			19 18
			1 -0 0 0 0 1 0 0 -0 -0 1 -0 0 0 0 1 
			20 2
			1.37369e-06 -0.0998331 0.995004 28.4419 0 -0.995004 -0.0998331 -2.8537 1 1.3714e-07 -1.36683e-06 5.53939 0 0 0 1 
			21 20
			1.37369e-06 0.0998335 0.995004 16.029 0 -0.995004 0.0998335 0.337498 1 -1.3714e-07 -1.36683e-06 5.53939 0 0 0 1 
			22 21
			1.3716e-06 -6.00745e-14 1 3.38056 0 -1 -6.00745e-14 5.01e-06 1 8.23984e-20 -1.3716e-06 5.53939 0 0 0 1 
			23 22
			1.3716e-06 -1 -6.12323e-17 -7.15885 0 6.12323e-17 -1 -0.467524 1 1.3716e-06 8.39865e-23 5.53939 0 0 0 1 
			24 23
			1 -0 0 0 0 1 0 0 -0 -0 1 -0 0 0 0 1 
	</skeleton>
		<animations>
			33
			0
				-1
				1.46474e-06 1 0 0 -1 1.46474e-06 0 1.01124e-06 -0 -0 1 -25.5842 0 0 0 1 
				0
				1.46474e-06 1 0 0 -1 1.46474e-06 0 9.90995e-07 -0 -0 1 -26.0475 0 0 0 1 
				1
				1.46474e-06 1 0 0 -1 1.46474e-06 0 9.67805e-07 -0 -0 1 -26.578 0 0 0 1 
				2
				1.46474e-06 1 0 0 -1 1.46474e-06 0 9.4345e-07 -0 -0 1 -27.1352 0 0 0 1 
				3
				1.46474e-06 1 0 0 -1 1.46474e-06 0 9.19705e-07 -0 -0 1 -27.6784 0 0 0 1 
				4
				1.33158e-06 1 0 0 -1 1.33158e-06 0 8.98291e-07 -0 -0 1 -28.1683 0 0 0 1 
				5
				1.46474e-06 1 0 0 -1 1.46474e-06 0 8.80927e-07 -0 -0 1 -28.5655 0 0 0 1 
				6
				1.46474e-06 1 0 0 -1 1.46474e-06 0 8.69388e-07 -0 -0 1 -28.8295 0 0 0 1 
				7
				1.46474e-06 1 0 0 -1 1.46474e-06 0 8.65451e-07 -0 -0 1 -28.9196 0 0 0 1 
				8
				1.46474e-06 1 0 0 -1 1.46474e-06 0 8.72265e-07 -0 -0 1 -28.7637 0 0 0 1 
				9
				1.46474e-06 1 0 0 -1 1.46474e-06 0 8.89644e-07 -0 -0 1 -28.3661 0 0 0 1 
				10
				1.33158e-06 1 0 0 -1 1.33158e-06 0 9.14022e-07 -0 -0 1 -27.8084 0 0 0 1 
				11
				1.46474e-06 1 0 0 -1 1.46474e-06 0 9.41835e-07 -0 -0 1 -27.1721 0 0 0 1 
				12
				1.33158e-06 1 0 0 -1 1.33158e-06 0 9.6963e-07 -0 -0 1 -26.5362 0 0 0 1 
				13
				1.46474e-06 1 0 0 -1 1.46474e-06 0 9.93955e-07 -0 -0 1 -25.9797 0 0 0 1 
				14
				1.46474e-06 1 0 0 -1 1.46474e-06 0 1.01125e-06 -0 -0 1 -25.5842 0 0 0 1 
				15
				1.46474e-06 1 0 0 -1 1.46474e-06 0 1.01794e-06 -0 -0 1 -25.4311 0 0 0 1 
				16
				1.46474e-06 1 0 0 -1 1.46474e-06 0 1.01186e-06 -0 -0 1 -25.5701 0 0 0 1 
				17
				1.46474e-06 1 0 0 -1 1.46474e-06 0 9.95274e-07 -0 -0 1 -25.9496 0 0 0 1 
				18
				1.46474e-06 1 0 0 -1 1.46474e-06 0 9.71687e-07 -0 -0 1 -26.4892 0 0 0 1 
				19
				1.46474e-06 1 0 0 -1 1.46474e-06 0 9.44612e-07 -0 -0 1 -27.1086 0 0 0 1 
				20
				1.46474e-06 1 0 0 -1 1.46474e-06 0 9.17449e-07 -0 -0 1 -27.73 0 0 0 1 
				21
				1.46474e-06 1 0 0 -1 1.46474e-06 0 8.93601e-07 -0 -0 1 -28.2756 0 0 0 1 
				22
				1.46474e-06 1 0 0 -1 1.46474e-06 0 8.76578e-07 -0 -0 1 -28.665 0 0 0 1 
				23
				1.46474e-06 1 0 0 -1 1.46474e-06 0 8.69894e-07 -0 -0 1 -28.8179 0 0 0 1 
				24
				1.46474e-06 1 0 0 -1 1.46474e-06 0 8.73702e-07 -0 -0 1 -28.7308 0 0 0 1 
				25
				1.46474e-06 1 0 0 -1 1.46474e-06 0 8.84884e-07 -0 -0 1 -28.475 0 0 0 1 
				26
				1.46474e-06 1 0 0 -1 1.46474e-06 0 9.01718e-07 -0 -0 1 -28.0899 0 0 0 1 
				27
				1.46474e-06 1 0 0 -1 1.46474e-06 0 9.22482e-07 -0 -0 1 -27.6149 0 0 0 1 
				28
				1.46474e-06 1 0 0 -1 1.46474e-06 0 9.45507e-07 -0 -0 1 -27.0881 0 0 0 1 
				29
				1.46474e-06 1 0 0 -1 1.46474e-06 0 9.69124e-07 -0 -0 1 -26.5478 0 0 0 1 
				30
				1.46474e-06 1 0 0 -1 1.46474e-06 0 9.9161e-07 -0 -0 1 -26.0334 0 0 0 1 
				31
				1.46474e-06 1 0 0 -1 1.46474e-06 0 1.01124e-06 -0 -0 1 -25.5842 0 0 0 1 
		</Joint>
			1
				-1
				1.33158e-06 2.79632e-06 -1 0 0 -1 -2.79632e-06 1.01124e-06 -1 3.72352e-12 -1.33158e-06 -25.5842 0 0 0 1 
				0
				1.33158e-06 2.79632e-06 -1 0 0 -1 -2.79632e-06 9.90995e-07 -1 3.72352e-12 -1.33158e-06 -26.0475 0 0 0 1 
				1
				1.33158e-06 2.79632e-06 -1 0 0 -1 -2.79632e-06 9.67805e-07 -1 3.72352e-12 -1.33158e-06 -26.578 0 0 0 1 
				2
				1.33158e-06 2.79632e-06 -1 0 0 -1 -2.79632e-06 9.4345e-07 -1 3.72352e-12 -1.33158e-06 -27.1352 0 0 0 1 
				3
				1.33158e-06 2.79632e-06 -1 0 0 -1 -2.79632e-06 9.19705e-07 -1 3.72352e-12 -1.33158e-06 -27.6784 0 0 0 1 
				4
				1.33158e-06 2.66316e-06 -1 0 0 -1 -2.66316e-06 8.98291e-07 -1 3.54621e-12 -1.33158e-06 -28.1683 0 0 0 1 
				5
				1.33158e-06 2.79632e-06 -1 0 0 -1 -2.79632e-06 8.80927e-07 -1 3.72352e-12 -1.33158e-06 -28.5655 0 0 0 1 
				6
				1.33158e-06 2.79632e-06 -1 0 0 -1 -2.79632e-06 8.69388e-07 -1 3.72352e-12 -1.33158e-06 -28.8295 0 0 0 1 
				7
				1.33158e-06 2.79632e-06 -1 0 0 -1 -2.79632e-06 8.65451e-07 -1 3.72352e-12 -1.33158e-06 -28.9196 0 0 0 1 
				8
				1.33158e-06 2.79632e-06 -1 0 0 -1 -2.79632e-06 8.72265e-07 -1 3.72352e-12 -1.33158e-06 -28.7637 0 0 0 1 
				9
				1.33158e-06 2.79632e-06 -1 0 0 -1 -2.79632e-06 8.89644e-07 -1 3.72352e-12 -1.33158e-06 -28.3661 0 0 0 1 
				10
				1.33158e-06 2.66316e-06 -1 0 0 -1 -2.66316e-06 9.14022e-07 -1 3.54621e-12 -1.33158e-06 -27.8084 0 0 0 1 
				11
				1.33158e-06 2.79632e-06 -1 0 0 -1 -2.79632e-06 9.41835e-07 -1 3.72352e-12 -1.33158e-06 -27.1721 0 0 0 1 
				12
				1.33158e-06 2.66316e-06 -1 0 0 -1 -2.66316e-06 9.6963e-07 -1 3.54621e-12 -1.33158e-06 -26.5362 0 0 0 1 
				13
				1.33158e-06 2.79632e-06 -1 0 0 -1 -2.79632e-06 9.93955e-07 -1 3.72352e-12 -1.33158e-06 -25.9797 0 0 0 1 
				14
				1.33158e-06 2.79632e-06 -1 0 0 -1 -2.79632e-06 1.01125e-06 -1 3.72352e-12 -1.33158e-06 -25.5842 0 0 0 1 
				15
				1.33158e-06 2.79632e-06 -1 0 0 -1 -2.79632e-06 1.01794e-06 -1 3.72352e-12 -1.33158e-06 -25.4311 0 0 0 1 
				16
				1.33158e-06 2.79632e-06 -1 0 0 -1 -2.79632e-06 1.01186e-06 -1 3.72352e-12 -1.33158e-06 -25.5701 0 0 0 1 
				17
				1.33158e-06 2.79632e-06 -1 0 0 -1 -2.79632e-06 9.95274e-07 -1 3.72352e-12 -1.33158e-06 -25.9496 0 0 0 1 
				18
				1.33158e-06 2.79632e-06 -1 0 0 -1 -2.79632e-06 9.71687e-07 -1 3.72352e-12 -1.33158e-06 -26.4892 0 0 0 1 
				19
				1.33158e-06 2.79632e-06 -1 0 0 -1 -2.79632e-06 9.44612e-07 -1 3.72352e-12 -1.33158e-06 -27.1086 0 0 0 1 
				20
				1.33158e-06 2.79632e-06 -1 0 0 -1 -2.79632e-06 9.17449e-07 -1 3.72352e-12 -1.33158e-06 -27.73 0 0 0 1 
				21
				1.33158e-06 2.79632e-06 -1 0 0 -1 -2.79632e-06 8.93601e-07 -1 3.72352e-12 -1.33158e-06 -28.2756 0 0 0 1 
				22
				1.33158e-06 2.79632e-06 -1 0 0 -1 -2.79632e-06 8.76578e-07 -1 3.72352e-12 -1.33158e-06 -28.665 0 0 0 1 
				23
				1.33158e-06 2.79632e-06 -1 0 0 -1 -2.79632e-06 8.69894e-07 -1 3.72352e-12 -1.33158e-06 -28.8179 0 0 0 1 
				24
				1.33158e-06 2.79632e-06 -1 0 0 -1 -2.79632e-06 8.73702e-07 -1 3.72352e-12 -1.33158e-06 -28.7308 0 0 0 1 
				25
				1.33158e-06 2.79632e-06 -1 0 0 -1 -2.79632e-06 8.84884e-07 -1 3.72352e-12 -1.33158e-06 -28.475 0 0 0 1 
				26
				1.33158e-06 2.79632e-06 -1 0 0 -1 -2.79632e-06 9.01718e-07 -1 3.72352e-12 -1.33158e-06 -28.0899 0 0 0 1 
				27
				1.33158e-06 2.79632e-06 -1 0 0 -1 -2.79632e-06 9.22482e-07 -1 3.72352e-12 -1.33158e-06 -27.6149 0 0 0 1 
				28
				1.33158e-06 2.79632e-06 -1 0 0 -1 -2.79632e-06 9.45507e-07 -1 3.72352e-12 -1.33158e-06 -27.0881 0 0 0 1 
				29
				1.33158e-06 2.79632e-06 -1 0 0 -1 -2.79632e-06 9.69124e-07 -1 3.72352e-12 -1.33158e-06 -26.5478 0 0 0 1 
				30
				1.33158e-06 2.79632e-06 -1 0 0 -1 -2.79632e-06 9.9161e-07 -1 3.72352e-12 -1.33158e-06 -26.0334 0 0 0 1 
				31
				1.33158e-06 2.79632e-06 -1 0 0 -1 -2.79632e-06 1.01124e-06 -1 3.72352e-12 -1.33158e-06 -25.5842 0 0 0 1 
		</Joint>
			2
				-1
				0.0588777 -0.043365 -0.997323 0.000300536 -0.545795 -0.837908 0.00421206 0.00570572 -0.835848 0.544085 -0.0730025 -29.3726 0 0 0 1 
				0
				0.059909 -0.0419283 -0.997323 0.000290736 -0.525371 -0.850863 0.00421208 0.00579326 -0.848762 0.523712 -0.0730023 -29.8357 0 0 0 1 
				1
				0.0610444 -0.0402574 -0.997323 0.000279342 -0.501666 -0.865051 0.00421214 0.00588994 -0.862905 0.500065 -0.0730022 -30.3661 0 0 0 1 
				2
				0.0621856 -0.038471 -0.997323 0.000267266 -0.476379 -0.87923 0.00421215 0.00598702 -0.877038 0.474842 -0.0730022 -30.9231 0 0 0 1 
				3
				0.0632485 -0.0366975 -0.997323 0.000255116 -0.45133 -0.892347 0.00421222 0.00607541 -0.890113 0.449855 -0.0730023 -31.4661 0 0 0 1 
				4
				0.0641654 -0.0350699 -0.997323 0.000244018 -0.428386 -0.903586 0.00421241 0.00615214 -0.901315 0.426969 -0.0730024 -31.9559 0 0 0 1 
				5
				0.0648811 -0.0337269 -0.997323 0.00023485 -0.40949 -0.912305 0.00421228 0.00621153 -0.910004 0.408121 -0.0730022 -32.353 0 0 0 1 
				6
				0.0653465 -0.0328157 -0.997323 0.000228667 -0.396685 -0.917945 0.00421228 0.00624986 -0.915626 0.395348 -0.073002 -32.6169 0 0 0 1 
				7
				0.065513 -0.0324822 -0.997323 0.000226446 -0.392001 -0.919955 0.00421229 0.00626371 -0.917629 0.390676 -0.0730021 -32.7069 0 0 0 1 
				8
				0.0652685 -0.0329704 -0.997323 0.000229676 -0.398859 -0.917002 0.00421228 0.00624337 -0.914686 0.397517 -0.0730019 -32.5511 0 0 0 1 
				9
				0.0646029 -0.0342565 -0.997323 0.000238445 -0.41694 -0.908924 0.00421228 0.00618838 -0.906635 0.415552 -0.073002 -32.1536 0 0 0 1 
				10
				0.0636192 -0.036051 -0.997323 0.000250702 -0.44221 -0.896901 0.00421239 0.00610669 -0.894652 0.440759 -0.0730023 -31.5961 0 0 0 1 
				11
				0.062433 -0.0380685 -0.997323 0.000264474 -0.470689 -0.882289 0.00421219 0.00600749 -0.880088 0.469166 -0.0730023 -30.96 0 0 0 1 
				12
				0.0611827 -0.0400473 -0.997323 0.000277947 -0.498686 -0.866773 0.00421225 0.00590131 -0.864621 0.497093 -0.0730025 -30.3243 0 0 0 1 
				13
				0.0600381 -0.0417434 -0.997323 0.000289423 -0.522744 -0.852479 0.00421209 0.0058045 -0.850373 0.521092 -0.0730023 -29.768 0 0 0 1 
				14
				0.0591997 -0.0429241 -0.997323 0.00029752 -0.539523 -0.84196 0.00421206 0.00573327 -0.839887 0.537829 -0.0730023 -29.3725 0 0 0 1 
				15
				0.0588777 -0.043365 -0.997323 0.000300476 -0.545794 -0.837909 0.00421207 0.00570572 -0.835848 0.544085 -0.0730025 -29.2195 0 0 0 1 
				16
				0.0591997 -0.0429241 -0.997323 0.000297572 -0.539523 -0.84196 0.00421206 0.00573327 -0.839887 0.537829 -0.0730023 -29.3584 0 0 0 1 
				17
				0.0600381 -0.0417434 -0.997323 0.000289419 -0.522744 -0.852479 0.00421209 0.00580447 -0.850373 0.521092 -0.0730023 -29.7378 0 0 0 1 
				18
				0.0611827 -0.0400472 -0.997323 0.000277947 -0.498686 -0.866773 0.00421212 0.00590173 -0.864621 0.497093 -0.0730025 -30.2772 0 0 0 1 
				19
				0.062433 -0.0380685 -0.997323 0.000264474 -0.470689 -0.882289 0.00421219 0.00600749 -0.880088 0.469166 -0.0730023 -30.8965 0 0 0 1 
				20
				0.0636193 -0.0360509 -0.997323 0.000250754 -0.44221 -0.896901 0.00421226 0.00610669 -0.894652 0.440759 -0.0730023 -31.5177 0 0 0 1 
				21
				0.0646029 -0.0342565 -0.997323 0.000238441 -0.41694 -0.908924 0.00421228 0.00618837 -0.906635 0.415552 -0.073002 -32.0631 0 0 0 1 
				22
				0.0652685 -0.0329704 -0.997323 0.000229676 -0.39886 -0.917002 0.00421227 0.00624359 -0.914686 0.397517 -0.0730019 -32.4524 0 0 0 1 
				23
				0.065513 -0.0324822 -0.997323 0.000226446 -0.392001 -0.919955 0.00421229 0.00626372 -0.917629 0.390676 -0.0730021 -32.6053 0 0 0 1 
				24
				0.0653465 -0.0328157 -0.997323 0.000228667 -0.396685 -0.917945 0.00421228 0.00624987 -0.915626 0.395348 -0.073002 -32.5182 0 0 0 1 
				25
				0.0648811 -0.0337269 -0.997323 0.00023485 -0.40949 -0.912305 0.00421228 0.00621153 -0.910004 0.408121 -0.0730022 -32.2625 0 0 0 1 
				26
				0.0641654 -0.0350698 -0.997323 0.000244018 -0.428386 -0.903586 0.00421227 0.00615214 -0.901315 0.426969 -0.0730024 -31.8775 0 0 0 1 
				27
				0.0632485 -0.0366975 -0.997323 0.000255116 -0.45133 -0.892347 0.00421222 0.00607542 -0.890113 0.449855 -0.0730023 -31.4026 0 0 0 1 
				28
				0.0621856 -0.038471 -0.997323 0.000267215 -0.476379 -0.87923 0.00421216 0.00598702 -0.877038 0.474842 -0.0730022 -30.876 0 0 0 1 
				29
				0.0610444 -0.0402574 -0.997323 0.000279346 -0.501666 -0.865051 0.00421214 0.00588994 -0.862905 0.500065 -0.0730022 -30.3359 0 0 0 1 
				30
				0.059909 -0.0419283 -0.997323 0.00029074 -0.525371 -0.850863 0.00421208 0.00579326 -0.848762 0.523712 -0.0730023 -29.8216 0 0 0 1 
				31
				0.0588777 -0.043365 -0.997323 0.000300476 -0.545794 -0.837909 0.00421207 0.00570572 -0.835848 0.544085 -0.0730025 -29.3726 0 0 0 1 
		</Joint>
			3
				-1
				0.0233719 -0.0637444 -0.997692 0.504531 -0.728775 -0.684234 0.0266448 -4.65981 -0.684354 0.726471 -0.0624472 -36.5296 0 0 0 1 
				0
				0.0262209 -0.0619778 -0.997733 0.513334 -0.694837 -0.718683 0.026383 -4.48473 -0.718689 0.69257 -0.061909 -37.103 0 0 0 1 
				1
				0.0293499 -0.0598006 -0.997779 0.523022 -0.654085 -0.755972 0.0260682 -4.28154 -0.755852 0.651867 -0.0613023 -37.7541 0 0 0 1 
				2
				0.03248 -0.0573416 -0.997826 0.532759 -0.609176 -0.792618 0.0257199 -4.06483 -0.792369 0.607017 -0.0606754 -38.4317 0 0 0 1 
				3
				0.0353724 -0.0547807 -0.997872 0.541824 -0.5634 -0.825795 0.0253628 -3.85017 -0.825427 0.561303 -0.0600738 -39.0863 0 0 0 1 
				4
				0.0378424 -0.052337 -0.997912 0.549641 -0.520485 -0.853504 0.0250257 -3.65358 -0.853032 0.518451 -0.0595392 -39.6717 0 0 0 1 
				5
				0.0397491 -0.0502604 -0.997945 0.555743 -0.48452 -0.87443 0.0247408 -3.4917 -0.873877 0.482541 -0.05911 -40.1429 0 0 0 1 
				6
				0.0409765 -0.0488232 -0.997967 0.559709 -0.459862 -0.887651 0.0245443 -3.382 -0.887044 0.457921 -0.0588248 -40.4547 0 0 0 1 
				7
				0.0414126 -0.0482918 -0.997974 0.561128 -0.45079 -0.892294 0.0244717 -3.34188 -0.891669 0.448863 -0.0587217 -40.5618 0 0 0 1 
				8
				0.0407717 -0.0490687 -0.997963 0.559044 -0.464064 -0.88546 0.0245778 -3.40063 -0.884863 0.462117 -0.0588728 -40.3809 0 0 0 1 
				9
				0.0390109 -0.0510855 -0.997932 0.553371 -0.498763 -0.866382 0.0248538 -3.55553 -0.86586 0.496762 -0.0592779 -39.9148 0 0 0 1 
				10
				0.0363745 -0.0538201 -0.997888 0.544985 -0.546448 -0.837113 0.02523 -3.77203 -0.836703 0.544376 -0.0598595 -39.255 0 0 0 1 
				11
				0.0331551 -0.0567704 -0.997836 0.534869 -0.598884 -0.800425 0.0256398 -4.01606 -0.800149 0.596738 -0.0605371 -38.4947 0 0 0 1 
				12
				0.0297299 -0.0595181 -0.997785 0.524203 -0.648866 -0.760457 0.026028 -4.256 -0.760322 0.646655 -0.0612276 -37.727 0 0 0 1 
				13
				0.026577 -0.0617431 -0.997738 0.514436 -0.69039 -0.722957 0.0263487 -4.46221 -0.722948 0.688128 -0.0618409 -37.049 0 0 0 1 
				14
				0.0242619 -0.0632131 -0.997705 0.50728 -0.718476 -0.695044 0.0265653 -4.60605 -0.695128 0.716183 -0.0622802 -36.564 0 0 0 1 
				15
				0.0233719 -0.0637444 -0.997692 0.504532 -0.728775 -0.684235 0.0266448 -4.65981 -0.684354 0.726471 -0.0624472 -36.3765 0 0 0 1 
				16
				0.0242619 -0.0632132 -0.997705 0.50728 -0.718476 -0.695044 0.0265653 -4.60604 -0.695128 0.716183 -0.0622802 -36.5499 0 0 0 1 
				17
				0.026577 -0.0617431 -0.997738 0.514436 -0.69039 -0.722957 0.0263487 -4.46221 -0.722948 0.688129 -0.0618409 -37.0188 0 0 0 1 
				18
				0.0297299 -0.059518 -0.997785 0.524203 -0.648866 -0.760457 0.0260278 -4.256 -0.760322 0.646655 -0.0612276 -37.6799 0 0 0 1 
				19
				0.0331551 -0.0567704 -0.997836 0.534869 -0.598884 -0.800425 0.0256398 -4.01606 -0.800149 0.596738 -0.0605371 -38.4311 0 0 0 1 
				20
				0.0363746 -0.05382 -0.997888 0.544986 -0.546448 -0.837113 0.0252299 -3.77203 -0.836703 0.544376 -0.0598595 -39.1766 0 0 0 1 
				21
				0.0390109 -0.0510855 -0.997932 0.553371 -0.498763 -0.866382 0.0248538 -3.55552 -0.86586 0.496762 -0.0592779 -39.8242 0 0 0 1 
				22
				0.0407717 -0.0490687 -0.997963 0.559044 -0.464064 -0.88546 0.0245778 -3.40063 -0.884863 0.462117 -0.0588728 -40.2822 0 0 0 1 
				23
				0.0414126 -0.0482918 -0.997974 0.561128 -0.45079 -0.892294 0.0244717 -3.34188 -0.891669 0.448863 -0.0587217 -40.4602 0 0 0 1 
				24
				0.0409765 -0.0488232 -0.997967 0.559709 -0.459862 -0.887651 0.0245443 -3.382 -0.887044 0.457922 -0.0588248 -40.356 0 0 0 1 
				25
				0.0397491 -0.0502604 -0.997945 0.555743 -0.48452 -0.87443 0.0247408 -3.4917 -0.873877 0.482541 -0.05911 -40.0523 0 0 0 1 
				26
				0.0378425 -0.0523369 -0.997912 0.549642 -0.520485 -0.853504 0.0250256 -3.65358 -0.853032 0.518451 -0.0595392 -39.5932 0 0 0 1 
				27
				0.0353724 -0.0547807 -0.997872 0.541824 -0.5634 -0.825795 0.0253628 -3.85017 -0.825427 0.561303 -0.0600738 -39.0228 0 0 0 1 
				28
				0.03248 -0.0573416 -0.997826 0.532759 -0.609176 -0.792618 0.0257199 -4.06483 -0.792369 0.607017 -0.0606754 -38.3847 0 0 0 1 
				29
				0.0293499 -0.0598006 -0.997779 0.523022 -0.654085 -0.755972 0.0260682 -4.28154 -0.755852 0.651867 -0.0613023 -37.7239 0 0 0 1 
				30
				0.0262209 -0.0619778 -0.997733 0.513334 -0.694837 -0.718683 0.026383 -4.48473 -0.718689 0.69257 -0.061909 -37.0889 0 0 0 1 
				31
				0.0233719 -0.0637444 -0.997692 0.504531 -0.728775 -0.684235 0.0266448 -4.65981 -0.684354 0.726471 -0.0624472 -36.5296 0 0 0 1 
		</Joint>
			4
				-1
				0.0233719 -0.0637444 -0.997693 0.704683 -0.728775 -0.684235 0.0266448 -10.8939 -0.684354 0.726471 -0.0624472 -42.3873 0 0 0 1 
				0
				0.0262209 -0.0619778 -0.997733 0.737859 -0.694837 -0.718683 0.026383 -10.4283 -0.718689 0.69257 -0.061909 -43.2544 0 0 0 1 
				1
				0.0293499 -0.0598006 -0.997779 0.774316 -0.654085 -0.755972 0.0260682 -9.87634 -0.755852 0.651867 -0.0613024 -44.2234 0 0 0 1 
				2
				0.03248 -0.0573416 -0.997826 0.810829 -0.609176 -0.792618 0.0257199 -9.27527 -0.792369 0.607017 -0.0606754 -45.2134 0 0 0 1 
				3
				0.0353724 -0.0547807 -0.997872 0.844637 -0.5634 -0.825795 0.0253628 -8.66883 -0.825427 0.561304 -0.0600738 -46.1507 0 0 0 1 
				4
				0.0378424 -0.052337 -0.997912 0.873583 -0.520485 -0.853504 0.0250257 -8.10496 -0.853032 0.518451 -0.0595392 -46.9721 0 0 0 1 
				5
				0.0397491 -0.0502604 -0.997945 0.895994 -0.48452 -0.87443 0.0247408 -7.63528 -0.873877 0.482541 -0.05911 -47.6216 0 0 0 1 
				6
				0.0409765 -0.0488232 -0.997967 0.910459 -0.459862 -0.887651 0.0245443 -7.31456 -0.887044 0.457921 -0.0588248 -48.046 0 0 0 1 
				7
				0.0414126 -0.0482918 -0.997974 0.915608 -0.45079 -0.892294 0.0244717 -7.1968 -0.891669 0.448863 -0.0587217 -48.1927 0 0 0 1 
				8
				0.0407717 -0.0490687 -0.997963 0.908042 -0.464064 -0.88546 0.0245778 -7.36915 -0.884863 0.462117 -0.0588728 -47.9535 0 0 0 1 
				9
				0.0390109 -0.0510855 -0.997932 0.887308 -0.498763 -0.866382 0.0248538 -7.821 -0.86586 0.496762 -0.0592779 -47.3249 0 0 0 1 
				10
				0.0363745 -0.0538201 -0.997888 0.85637 -0.546448 -0.837113 0.02523 -8.44561 -0.836703 0.544376 -0.0598595 -46.4158 0 0 0 1 
				11
				0.0331551 -0.0567704 -0.997836 0.818714 -0.598884 -0.800425 0.0256398 -9.13842 -0.800149 0.596738 -0.0605371 -45.3428 0 0 0 1 
				12
				0.0297299 -0.0595181 -0.997784 0.778746 -0.648866 -0.760457 0.026028 -9.80613 -0.760322 0.646655 -0.0612276 -44.2345 0 0 0 1 
				13
				0.026577 -0.0617431 -0.997738 0.742007 -0.69039 -0.722957 0.0263487 -10.3678 -0.722948 0.688129 -0.0618409 -43.2368 0 0 0 1 
				14
				0.0242619 -0.0632132 -0.997705 0.715046 -0.718476 -0.695044 0.0265653 -10.752 -0.695128 0.716183 -0.0622802 -42.5139 0 0 0 1 
				15
				0.0233719 -0.0637444 -0.997692 0.704684 -0.728775 -0.684235 0.0266448 -10.8939 -0.684354 0.726471 -0.0624472 -42.2342 0 0 0 1 
				16
				0.0242619 -0.0632132 -0.997705 0.715046 -0.718476 -0.695044 0.0265653 -10.752 -0.695128 0.716183 -0.0622802 -42.4998 0 0 0 1 
				17
				0.026577 -0.0617431 -0.997738 0.742007 -0.69039 -0.722957 0.0263487 -10.3678 -0.722948 0.688129 -0.0618409 -43.2066 0 0 0 1 
				18
				0.0297299 -0.059518 -0.997784 0.778748 -0.648866 -0.760457 0.0260278 -9.80613 -0.760322 0.646655 -0.0612276 -44.1874 0 0 0 1 
				19
				0.0331551 -0.0567704 -0.997836 0.818714 -0.598884 -0.800425 0.0256398 -9.13842 -0.800149 0.596738 -0.0605371 -45.2793 0 0 0 1 
				20
				0.0363746 -0.05382 -0.997888 0.856371 -0.546448 -0.837113 0.0252299 -8.44561 -0.836703 0.544376 -0.0598595 -46.3374 0 0 0 1 
				21
				0.0390109 -0.0510855 -0.997932 0.887308 -0.498763 -0.866382 0.0248538 -7.821 -0.86586 0.496761 -0.0592779 -47.2344 0 0 0 1 
				22
				0.0407717 -0.0490687 -0.997963 0.908042 -0.464064 -0.88546 0.0245778 -7.36915 -0.884863 0.462117 -0.0588728 -47.8549 0 0 0 1 
				23
				0.0414126 -0.0482918 -0.997974 0.915607 -0.45079 -0.892294 0.0244717 -7.1968 -0.891669 0.448863 -0.0587217 -48.091 0 0 0 1 
				24
				0.0409765 -0.0488232 -0.997967 0.910459 -0.459862 -0.887651 0.0245443 -7.31456 -0.887044 0.457922 -0.0588248 -47.9473 0 0 0 1 
				25
				0.0397491 -0.0502604 -0.997945 0.895994 -0.48452 -0.87443 0.0247408 -7.63529 -0.873877 0.482541 -0.05911 -47.5311 0 0 0 1 
				26
				0.0378425 -0.0523369 -0.997912 0.873584 -0.520485 -0.853504 0.0250256 -8.10496 -0.853032 0.518451 -0.0595392 -46.8937 0 0 0 1 
				27
				0.0353724 -0.0547807 -0.997872 0.844637 -0.5634 -0.825795 0.0253628 -8.66883 -0.825427 0.561304 -0.0600738 -46.0872 0 0 0 1 
				28
				0.03248 -0.0573416 -0.997826 0.810829 -0.609176 -0.792618 0.0257199 -9.27527 -0.792369 0.607017 -0.0606754 -45.1663 0 0 0 1 
				29
				0.0293499 -0.0598006 -0.997779 0.774315 -0.654085 -0.755972 0.0260682 -9.87634 -0.755852 0.651867 -0.0613023 -44.1932 0 0 0 1 
				30
				0.0262209 -0.0619778 -0.997733 0.737859 -0.694837 -0.718683 0.026383 -10.4283 -0.718689 0.69257 -0.061909 -43.2403 0 0 0 1 
				31
				0.0233719 -0.0637444 -0.997692 0.704684 -0.728775 -0.684235 0.0266448 -10.8939 -0.684354 0.726471 -0.0624472 -42.3873 0 0 0 1 
		</Joint>
			5
				-1
				0.049992 -0.00178884 -0.998748 0.781479 -0.0713938 -0.997447 -0.00178708 -13.2885 -0.996195 0.0713938 -0.049992 -44.636 0 0 0 1 
				0
				0.0499917 -0.00178967 -0.998748 0.824016 -0.0713936 -0.997446 -0.00178623 -12.7114 -0.996195 0.0713935 -0.0499919 -45.6159 0 0 0 1 
				1
				0.0499918 -0.00178924 -0.998748 0.870754 -0.0713937 -0.997446 -0.00178666 -12.0255 -0.996195 0.0713936 -0.0499919 -46.707 0 0 0 1 
				2
				0.0499918 -0.00178925 -0.998748 0.917552 -0.0713937 -0.997447 -0.00178666 -11.2769 -0.996195 0.0713936 -0.0499919 -47.8169 0 0 0 1 
				3
				0.049992 -0.00178945 -0.998748 0.960864 -0.0713938 -0.997447 -0.00178648 -10.5201 -0.996195 0.0713938 -0.0499921 -48.8629 0 0 0 1 
				4
				0.0499921 -0.00179028 -0.998748 0.997926 -0.0713939 -0.997447 -0.00178565 -9.81517 -0.996195 0.0713938 -0.0499923 -49.775 0 0 0 1 
				5
				0.049992 -0.00178985 -0.998748 1.0266 -0.0713936 -0.997446 -0.00178606 -9.22732 -0.996195 0.0713935 -0.0499921 -50.493 0 0 0 1 
				6
				0.0499919 -0.00178898 -0.998748 1.0451 -0.0713936 -0.997447 -0.00178693 -8.82559 -0.996195 0.0713936 -0.0499919 -50.9607 0 0 0 1 
				7
				0.0499919 -0.00178978 -0.998748 1.05168 -0.0713937 -0.997446 -0.00178614 -8.67801 -0.996194 0.0713936 -0.0499921 -51.1225 0 0 0 1 
				8
				0.0499917 -0.00179008 -0.998748 1.04201 -0.0713937 -0.997446 -0.00178581 -8.89398 -0.996195 0.0713935 -0.0499919 -50.861 0 0 0 1 
				9
				0.0499918 -0.00178925 -0.998748 1.01549 -0.0713937 -0.997447 -0.00178666 -9.45984 -0.996195 0.0713936 -0.0499919 -50.17 0 0 0 1 
				10
				0.049992 -0.00179029 -0.998748 0.97589 -0.0713938 -0.997446 -0.00178563 -10.2411 -0.996195 0.0713936 -0.0499921 -49.1651 0 0 0 1 
				11
				0.0499919 -0.00179016 -0.998748 0.927656 -0.0713937 -0.997446 -0.00178576 -11.1062 -0.996195 0.0713936 -0.0499921 -47.972 0 0 0 1 
				12
				0.049992 -0.00178937 -0.998748 0.876433 -0.0713937 -0.997446 -0.00178655 -11.9382 -0.996195 0.0713936 -0.0499921 -46.7327 0 0 0 1 
				13
				0.0499918 -0.00178766 -0.998748 0.829334 -0.0713937 -0.997447 -0.00178825 -12.6362 -0.996195 0.0713937 -0.0499918 -45.6123 0 0 0 1 
				14
				0.0499917 -0.00178936 -0.998748 0.794766 -0.0713938 -0.997447 -0.00178654 -13.1128 -0.996195 0.0713937 -0.0499918 -44.7979 0 0 0 1 
				15
				0.049992 -0.00178818 -0.998748 0.781479 -0.0713937 -0.997447 -0.00178773 -13.2885 -0.996195 0.0713937 -0.049992 -44.4828 0 0 0 1 
				16
				0.0499917 -0.0017888 -0.998748 0.794766 -0.0713936 -0.997447 -0.0017871 -13.1128 -0.996195 0.0713936 -0.0499918 -44.7838 0 0 0 1 
				17
				0.0499918 -0.00178846 -0.998748 0.829335 -0.0713937 -0.997447 -0.00178745 -12.6362 -0.996195 0.0713937 -0.0499919 -45.5821 0 0 0 1 
				18
				0.049992 -0.00178924 -0.998748 0.876435 -0.0713936 -0.997447 -0.00178668 -11.9382 -0.996195 0.0713935 -0.0499921 -46.6857 0 0 0 1 
				19
				0.0499919 -0.00179016 -0.998748 0.927656 -0.0713937 -0.997446 -0.00178576 -11.1062 -0.996195 0.0713936 -0.0499921 -47.9084 0 0 0 1 
				20
				0.049992 -0.00178879 -0.998748 0.975892 -0.0713937 -0.997447 -0.00178713 -10.2411 -0.996195 0.0713936 -0.049992 -49.0867 0 0 0 1 
				21
				0.0499918 -0.00178957 -0.998748 1.01549 -0.0713936 -0.997446 -0.00178633 -9.45983 -0.996195 0.0713935 -0.0499919 -50.0795 0 0 0 1 
				22
				0.0499917 -0.00178983 -0.998748 1.04201 -0.0713937 -0.997447 -0.00178607 -8.89398 -0.996195 0.0713936 -0.0499919 -50.7624 0 0 0 1 
				23
				0.0499919 -0.00178978 -0.998748 1.05168 -0.0713937 -0.997446 -0.00178614 -8.67801 -0.996194 0.0713936 -0.0499921 -51.0209 0 0 0 1 
				24
				0.0499919 -0.00178933 -0.998748 1.0451 -0.0713937 -0.997447 -0.00178657 -8.82559 -0.996195 0.0713936 -0.049992 -50.862 0 0 0 1 
				25
				0.0499919 -0.00179021 -0.998748 1.0266 -0.0713937 -0.997446 -0.00178571 -9.22733 -0.996195 0.0713936 -0.0499921 -50.4025 0 0 0 1 
				26
				0.0499921 -0.00178949 -0.998748 0.997927 -0.0713938 -0.997446 -0.00178644 -9.81517 -0.996195 0.0713937 -0.0499922 -49.6966 0 0 0 1 
				27
				0.049992 -0.00178945 -0.998748 0.960864 -0.0713938 -0.997447 -0.00178648 -10.5201 -0.996195 0.0713938 -0.0499921 -48.7994 0 0 0 1 
				28
				0.0499918 -0.00178926 -0.998748 0.917552 -0.0713937 -0.997447 -0.00178664 -11.2769 -0.996195 0.0713936 -0.0499919 -47.7699 0 0 0 1 
				29
				0.0499918 -0.00178925 -0.998748 0.870754 -0.0713936 -0.997446 -0.00178665 -12.0255 -0.996195 0.0713936 -0.0499919 -46.6768 0 0 0 1 
				30
				0.0499917 -0.00178965 -0.998748 0.824016 -0.0713936 -0.997447 -0.00178624 -12.7114 -0.996195 0.0713935 -0.0499918 -45.6018 0 0 0 1 
				31
				0.049992 -0.00178818 -0.998748 0.781479 -0.0713937 -0.997447 -0.00178773 -13.2885 -0.996195 0.0713937 -0.049992 -44.636 0 0 0 1 
		</Joint>
			6
		</Joint>
			7
				-1
				0.940828 0.0637231 -0.332839 2.46765 0.201378 0.684815 0.70034 -10.9428 0.272561 -0.725926 0.631461 -42.2751 0 0 0 1 
				0
				0.93998 0.0619541 -0.335558 2.5009 0.191053 0.719236 0.66798 -10.4768 0.282729 -0.691997 0.664231 -43.1432 0 0 0 1 
				1
				0.93905 0.0597745 -0.338544 2.53744 0.178657 0.756492 0.629127 -9.92438 0.293712 -0.651265 0.699705 -44.1133 0 0 0 1 
				2
				0.938121 0.057313 -0.341531 2.57405 0.164999 0.793102 0.586314 -9.32279 0.304473 -0.606386 0.73457 -45.1046 0 0 0 1 
				3
				0.937265 0.0547498 -0.344292 2.60794 0.15108 0.826243 0.542675 -8.71581 0.314181 -0.560646 0.766137 -46.0431 0 0 0 1 
				4
				0.936535 0.0523041 -0.34665 2.63697 0.138034 0.853919 0.501767 -8.15141 0.322255 -0.517772 0.792505 -46.8655 0 0 0 1 
				5
				0.935973 0.050226 -0.348471 2.65944 0.127104 0.874815 0.467485 -7.68129 0.328328 -0.481845 0.81242 -47.5159 0 0 0 1 
				6
				0.935612 0.0487878 -0.349643 2.67395 0.119612 0.888017 0.443981 -7.36026 0.33215 -0.457215 0.825004 -47.9409 0 0 0 1 
				7
				0.935484 0.0482561 -0.350059 2.67911 0.116856 0.892653 0.435333 -7.24238 0.333489 -0.448153 0.829423 -48.0877 0 0 0 1 
				8
				0.935672 0.0490335 -0.349447 2.67152 0.120889 0.88583 0.447986 -7.41489 0.331517 -0.461412 0.822919 -47.8483 0 0 0 1 
				9
				0.936191 0.0510516 -0.347766 2.65073 0.131433 0.866779 0.481061 -7.86718 0.325995 -0.496072 0.804761 -47.2189 0 0 0 1 
				10
				0.936969 0.0537884 -0.345249 2.61971 0.145927 0.837548 0.526516 -8.49239 0.317483 -0.54371 0.776907 -46.3086 0 0 0 1 
				11
				0.937921 0.0567412 -0.342176 2.58195 0.16187 0.800902 0.576502 -9.18582 0.306761 -0.596101 0.741998 -45.2343 0 0 0 1 
				12
				0.938937 0.0594916 -0.338906 2.54189 0.17707 0.760974 0.624151 -9.85412 0.295031 -0.646049 0.703973 -44.1246 0 0 0 1 
				13
				0.939874 0.0617192 -0.335897 2.50506 0.189701 0.723507 0.663741 -10.4162 0.28399 -0.687553 0.668297 -43.1257 0 0 0 1 
				14
				0.940563 0.0631911 -0.333688 2.47804 0.198245 0.695616 0.69052 -10.8007 0.275754 -0.715629 0.641744 -42.4019 0 0 0 1 
				15
				0.940828 0.063723 -0.332839 2.46765 0.201378 0.684815 0.70034 -10.9428 0.272561 -0.725926 0.631461 -42.1219 0 0 0 1 
				16
				0.940563 0.063191 -0.333688 2.47804 0.198245 0.695616 0.69052 -10.8007 0.275754 -0.715629 0.641743 -42.3879 0 0 0 1 
				17
				0.939874 0.0617192 -0.335897 2.50506 0.189701 0.723506 0.663741 -10.4162 0.28399 -0.687553 0.668297 -43.0956 0 0 0 1 
				18
				0.938937 0.0594915 -0.338906 2.54189 0.17707 0.760974 0.624151 -9.85412 0.295031 -0.646049 0.703973 -44.0775 0 0 0 1 
				19
				0.937921 0.0567412 -0.342176 2.58195 0.16187 0.800902 0.576502 -9.18582 0.306761 -0.596101 0.741998 -45.1708 0 0 0 1 
				20
				0.936969 0.0537883 -0.345249 2.61971 0.145927 0.837548 0.526516 -8.49238 0.317483 -0.54371 0.776907 -46.2302 0 0 0 1 
				21
				0.936191 0.0510516 -0.347766 2.65073 0.131433 0.866779 0.481061 -7.86718 0.325995 -0.496072 0.804761 -47.1284 0 0 0 1 
				22
				0.935672 0.0490335 -0.349447 2.67152 0.120889 0.88583 0.447986 -7.4149 0.331517 -0.461412 0.822919 -47.7496 0 0 0 1 
				23
				0.935484 0.0482561 -0.350059 2.67911 0.116856 0.892653 0.435333 -7.24238 0.333489 -0.448153 0.829423 -47.9861 0 0 0 1 
				24
				0.935612 0.0487877 -0.349643 2.67395 0.119612 0.888017 0.443981 -7.36026 0.33215 -0.457215 0.825003 -47.8422 0 0 0 1 
				25
				0.935973 0.050226 -0.348471 2.65944 0.127104 0.874815 0.467485 -7.68129 0.328328 -0.481845 0.81242 -47.4254 0 0 0 1 
				26
				0.936535 0.052304 -0.34665 2.63697 0.138035 0.853918 0.501767 -8.15141 0.322255 -0.517772 0.792505 -46.7871 0 0 0 1 
				27
				0.937265 0.0547498 -0.344292 2.60794 0.15108 0.826243 0.542675 -8.71581 0.314181 -0.560646 0.766137 -45.9795 0 0 0 1 
				28
				0.938121 0.057313 -0.341531 2.57405 0.164999 0.793102 0.586314 -9.32279 0.304473 -0.606386 0.73457 -45.0575 0 0 0 1 
				29
				0.93905 0.0597745 -0.338544 2.53744 0.178657 0.756492 0.629127 -9.92438 0.293712 -0.651265 0.699705 -44.0832 0 0 0 1 
				30
				0.93998 0.0619541 -0.335558 2.5009 0.191053 0.719236 0.66798 -10.4768 0.282729 -0.691998 0.664231 -43.1291 0 0 0 1 
				31
				0.940828 0.063723 -0.332839 2.46765 0.201378 0.684815 0.70034 -10.9428 0.272561 -0.725926 0.631461 -42.2751 0 0 0 1 
		</Joint>
			8
				-1
				-0.0870703 -0.634358 -0.76812 9.36757 -0.877617 0.413694 -0.24217 -9.46589 0.471389 0.653029 -0.592744 -40.2761 0 0 0 1 
				0
				-0.0982707 -0.634404 -0.76673 9.3946 -0.880645 0.414261 -0.229894 -9.07567 0.463472 0.652625 -0.599395 -41.0697 0 0 0 1 
				1
				-0.111039 -0.634443 -0.764952 9.42432 -0.883893 0.414914 -0.215821 -8.61414 0.454316 0.652171 -0.606852 -41.9593 0 0 0 1 
				2
				-0.124405 -0.634474 -0.762867 9.45411 -0.887058 0.415605 -0.201 -8.11271 0.44458 0.651702 -0.614519 -42.8716 0 0 0 1 
				3
				-0.137406 -0.634493 -0.760617 9.48172 -0.889904 0.416283 -0.186494 -7.6078 0.434961 0.651251 -0.621837 -43.7389 0 0 0 1 
				4
				-0.14912 -0.6345 -0.758402 9.5054 -0.892269 0.416901 -0.173349 -7.13909 0.426168 0.650849 -0.628313 -44.5022 0 0 0 1 
				5
				-0.158636 -0.634501 -0.756467 9.52375 -0.894052 0.417405 -0.162617 -6.74912 0.418934 0.650524 -0.633493 -45.108 0 0 0 1 
				6
				-0.165021 -0.634499 -0.755102 9.53561 -0.895177 0.417746 -0.155391 -6.48304 0.414036 0.650307 -0.636926 -45.5049 0 0 0 1 
				7
				-0.167344 -0.634496 -0.754593 9.53983 -0.895572 0.41787 -0.152755 -6.38538 0.412245 0.65023 -0.638166 -45.642 0 0 0 1 
				8
				-0.163942 -0.634501 -0.755336 9.53363 -0.894991 0.417688 -0.156615 -6.52831 0.414867 0.650343 -0.636349 -45.417 0 0 0 1 
				9
				-0.154899 -0.634503 -0.75724 9.51663 -0.893367 0.417206 -0.166839 -6.90327 0.421785 0.65065 -0.631469 -44.8281 0 0 0 1 
				10
				-0.142084 -0.634497 -0.759754 9.49132 -0.890871 0.416529 -0.181253 -7.42218 0.431464 0.651089 -0.624437 -43.9802 0 0 0 1 
				11
				-0.127378 -0.634478 -0.762372 9.46055 -0.887729 0.41576 -0.197689 -7.99869 0.442393 0.651599 -0.616204 -42.9845 0 0 0 1 
				12
				-0.112627 -0.634446 -0.764718 9.42793 -0.884282 0.414997 -0.214064 -8.55551 0.453168 0.652117 -0.607769 -41.9609 0 0 0 1 
				13
				-0.0996974 -0.634408 -0.766542 9.39798 -0.881019 0.414334 -0.228326 -9.02496 0.462456 0.652575 -0.600233 -41.043 0 0 0 1 
				14
				-0.0905304 -0.634374 -0.767707 9.37601 -0.87857 0.413868 -0.238385 -9.34684 0.468955 0.652903 -0.59481 -40.3796 0 0 0 1 
				15
				-0.0870703 -0.634358 -0.76812 9.36757 -0.877617 0.413694 -0.24217 -9.46589 0.471389 0.653029 -0.592744 -40.123 0 0 0 1 
				16
				-0.0905303 -0.634375 -0.767706 9.37601 -0.87857 0.413868 -0.238385 -9.34685 0.468955 0.652903 -0.59481 -40.3655 0 0 0 1 
				17
				-0.0996972 -0.634408 -0.766542 9.39798 -0.881019 0.414334 -0.228326 -9.02497 0.462456 0.652575 -0.600233 -41.0128 0 0 0 1 
				18
				-0.112627 -0.634446 -0.764718 9.42793 -0.884282 0.414997 -0.214064 -8.55551 0.453168 0.652117 -0.607768 -41.9138 0 0 0 1 
				19
				-0.127378 -0.634478 -0.762372 9.46055 -0.887729 0.41576 -0.197689 -7.99869 0.442393 0.651599 -0.616204 -42.921 0 0 0 1 
				20
				-0.142084 -0.634497 -0.759754 9.49132 -0.890871 0.416529 -0.181253 -7.42217 0.431464 0.651089 -0.624437 -43.9018 0 0 0 1 
				21
				-0.154899 -0.634503 -0.75724 9.51663 -0.893367 0.417206 -0.166839 -6.90327 0.421785 0.65065 -0.631468 -44.7376 0 0 0 1 
				22
				-0.163942 -0.634501 -0.755336 9.53363 -0.894991 0.417688 -0.156615 -6.52831 0.414867 0.650343 -0.636349 -45.3183 0 0 0 1 
				23
				-0.167344 -0.634496 -0.754593 9.53983 -0.895572 0.41787 -0.152755 -6.38537 0.412245 0.65023 -0.638166 -45.5403 0 0 0 1 
				24
				-0.165022 -0.634499 -0.755102 9.53561 -0.895177 0.417746 -0.15539 -6.48304 0.414035 0.650307 -0.636926 -45.4062 0 0 0 1 
				25
				-0.158636 -0.634501 -0.756467 9.52375 -0.894051 0.417405 -0.162618 -6.74913 0.418934 0.650524 -0.633493 -45.0174 0 0 0 1 
				26
				-0.14912 -0.6345 -0.758402 9.5054 -0.892269 0.4169 -0.173349 -7.13908 0.426168 0.650849 -0.628313 -44.4238 0 0 0 1 
				27
				-0.137406 -0.634493 -0.760617 9.48172 -0.889903 0.416283 -0.186494 -7.6078 0.434961 0.651251 -0.621837 -43.6754 0 0 0 1 
				28
				-0.124405 -0.634474 -0.762867 9.45411 -0.887058 0.415605 -0.201 -8.11271 0.44458 0.651702 -0.614518 -42.8245 0 0 0 1 
				29
				-0.111039 -0.634443 -0.764952 9.42432 -0.883893 0.414914 -0.215821 -8.61414 0.454316 0.652172 -0.606852 -41.9291 0 0 0 1 
				30
				-0.0982708 -0.634404 -0.76673 9.3946 -0.880645 0.414261 -0.229894 -9.07567 0.463472 0.652625 -0.599395 -41.0556 0 0 0 1 
				31
				-0.0870703 -0.634358 -0.76812 9.36756 -0.877617 0.413694 -0.24217 -9.46589 0.471389 0.653029 -0.592744 -40.2761 0 0 0 1 
		</Joint>
			9
				-1
				-0.0853734 -0.634589 -0.76812 8.6366 -0.87872 0.411345 -0.24217 -16.8336 0.469641 0.654288 -0.592744 -36.3188 0 0 0 1 
				0
				-0.0965737 -0.634664 -0.76673 8.5696 -0.88175 0.411904 -0.229894 -16.4688 0.461725 0.653863 -0.599395 -37.1788 0 0 0 1 
				1
				-0.109342 -0.634738 -0.764952 8.49214 -0.885 0.412549 -0.215821 -16.0345 0.45257 0.653384 -0.606852 -38.1453 0 0 0 1 
				2
				-0.122708 -0.634804 -0.762867 8.40972 -0.888166 0.413231 -0.201 -15.5596 0.442836 0.652888 -0.614519 -39.1393 0 0 0 1 
				3
				-0.135709 -0.634858 -0.760617 8.32819 -0.891014 0.413902 -0.186494 -15.0786 0.433218 0.652412 -0.621837 -40.0874 0 0 0 1 
				4
				-0.147423 -0.634896 -0.758402 8.25352 -0.893381 0.414513 -0.173349 -14.6298 0.424426 0.651986 -0.628313 -40.9244 0 0 0 1 
				5
				-0.156939 -0.634923 -0.756467 8.19198 -0.895165 0.415012 -0.162617 -14.2548 0.417193 0.651642 -0.633493 -41.591 0 0 0 1 
				6
				-0.163324 -0.634938 -0.755102 8.15024 -0.896291 0.41535 -0.155391 -13.9981 0.412295 0.651412 -0.636926 -42.0291 0 0 0 1 
				7
				-0.165647 -0.634941 -0.754593 8.13496 -0.896687 0.415474 -0.152755 -13.9038 0.410504 0.65133 -0.638166 -42.1811 0 0 0 1 
				8
				-0.162244 -0.634937 -0.755336 8.15732 -0.896105 0.415292 -0.156615 -14.0418 0.413126 0.65145 -0.636349 -41.9342 0 0 0 1 
				9
				-0.153201 -0.634915 -0.75724 8.21625 -0.894479 0.414815 -0.166839 -14.4032 0.420043 0.651775 -0.631469 -41.2872 0 0 0 1 
				10
				-0.140386 -0.634874 -0.759754 8.29851 -0.891981 0.414145 -0.181253 -14.9011 0.429721 0.652241 -0.624437 -40.3581 0 0 0 1 
				11
				-0.125681 -0.634817 -0.762372 8.3912 -0.888838 0.413384 -0.197689 -15.4513 0.440649 0.65278 -0.616204 -39.2706 0 0 0 1 
				12
				-0.11093 -0.634745 -0.764718 8.48242 -0.885389 0.41263 -0.214064 -15.9791 0.451422 0.653327 -0.607769 -38.1565 0 0 0 1 
				13
				-0.0980003 -0.634672 -0.766542 8.56101 -0.882124 0.411976 -0.228326 -16.4212 0.460709 0.653809 -0.600234 -37.1606 0 0 0 1 
				14
				-0.0888334 -0.634614 -0.767707 8.616 -0.879674 0.411517 -0.238385 -16.7225 0.467207 0.654155 -0.59481 -36.4427 0 0 0 1 
				15
				-0.0853734 -0.634589 -0.76812 8.6366 -0.87872 0.411345 -0.24217 -16.8336 0.469641 0.654288 -0.592744 -36.1657 0 0 0 1 
				16
				-0.0888334 -0.634614 -0.767706 8.616 -0.879674 0.411517 -0.238385 -16.7225 0.467207 0.654155 -0.59481 -36.4286 0 0 0 1 
				17
				-0.0980002 -0.634672 -0.766542 8.56101 -0.882124 0.411976 -0.228326 -16.4212 0.460709 0.653809 -0.600233 -37.1305 0 0 0 1 
				18
				-0.11093 -0.634745 -0.764718 8.48242 -0.885388 0.41263 -0.214064 -15.9791 0.451422 0.653327 -0.607768 -38.1094 0 0 0 1 
				19
				-0.125681 -0.634817 -0.762372 8.39119 -0.888838 0.413384 -0.197689 -15.4513 0.440649 0.65278 -0.616204 -39.2071 0 0 0 1 
				20
				-0.140386 -0.634874 -0.759754 8.29851 -0.891982 0.414145 -0.181253 -14.9011 0.429721 0.652241 -0.624437 -40.2797 0 0 0 1 
				21
				-0.153201 -0.634915 -0.75724 8.21625 -0.894479 0.414815 -0.166839 -14.4032 0.420043 0.651776 -0.631468 -41.1966 0 0 0 1 
				22
				-0.162244 -0.634937 -0.755336 8.15732 -0.896105 0.415292 -0.156615 -14.0418 0.413126 0.65145 -0.636349 -41.8355 0 0 0 1 
				23
