<?xml version='1.0' encoding='UTF-8' ?>
<itpanim>
	<skeleton count>
		25
			0 -1
			1.37091e-06 -1 -6.12323e-17 1e-06 1 1.37091e-06 -6.12323e-17 -1.37266e-12 6.12323e-17 -6.12323e-17 1 28.5847 0 0 0 1 
			1 0
			1.3868e-06 -2.28068e-12 -1 -28.5847 2.75771e-06 -1 6.10495e-12 1.00011e-06 -1 -2.75771e-06 -1.3868e-06 -3.96413e-05 0 0 0 1 
			2 1
			-0.000205999 -0.000823318 -1 -32.3694 -1.2413e-06 -1 0.000823318 0.0334634 -1 1.41091e-06 0.000205998 0.006668 0 0 0 1 
			3 2
			-0.000383998 -0.00100932 -0.999999 -40.926 -1.01137e-06 -0.999999 0.00100932 0.0478891 -1 1.39895e-06 0.000383997 0.0139528 0 0 0 1 
			4 3
			-0.000383998 -0.00100932 -0.999999 -49.4827 -1.01137e-06 -0.999999 0.00100932 0.0505055 -1 1.39895e-06 0.000383997 0.0139528 0 0 0 1 
			5 4
			1.34309e-06 9.82436e-13 -1 -52.7685 -1.40269e-06 -1 -2.86637e-12 -0.00275479 -1 1.40269e-06 -1.34309e-06 -0.00638105 0 0 0 1 
			6 5
			1 -0 0 0 0 1 0 0 -0 -0 1 -0 0 0 0 1 
			7 4
			0.950432 6.75818e-05 0.310933 13.7112 -1.42282e-06 1 -0.000213002 -0.00848516 -0.310933 0.000202002 0.950432 47.5785 0 0 0 1 
			8 7
			0.476976 0.0235792 0.8786 37.3074 0.0457757 0.997617 -0.0516241 -2.835 -0.877724 0.064842 0.47476 30.0749 0 0 0 1 
			9 8
			0.476835 0.0205565 0.878752 28.9208 0.0472206 0.997684 -0.0489619 -2.74739 -0.877724 0.064842 0.47476 30.0749 0 0 0 1 
			10 9
			0.476835 0.0205565 0.878752 20.0548 -0.877686 0.0656364 0.474721 30.0727 -0.0479195 -0.997632 0.0493399 2.77133 0 0 0 1 
			11 4
			-0.950193 6.50589e-05 0.311663 13.7378 -1.39561e-06 1 -0.000213002 -0.00848516 -0.311663 -0.000202828 -0.950193 -47.5698 0 0 0 1 
			12 11
			-0.476976 0.0235779 0.8786 37.2976 -0.0457784 0.997617 -0.0516241 -2.83503 -0.877723 -0.0648444 -0.47476 -30.0791 0 0 0 1 
			13 12
			-0.476835 0.0205552 0.878752 28.9109 -0.0472234 0.997684 -0.0489619 -2.74745 -0.877723 -0.0648444 -0.47476 -30.0791 0 0 0 1 
			14 13
			-0.476835 0.0205552 0.878752 20.045 0.877685 0.0656388 0.474721 30.0769 -0.0479222 0.997632 -0.0493399 -2.7714 0 0 0 1 
			15 2
			1.37369e-06 -0.0998331 0.995004 28.4419 0 -0.995004 -0.0998331 -2.8537 1 1.3714e-07 -1.36683e-06 -5.53938 0 0 0 1 
			16 15
			1.37369e-06 0.0998335 0.995004 16.029 0 -0.995004 0.0998335 0.337498 1 -1.3714e-07 -1.36683e-06 -5.53938 0 0 0 1 
			17 16
			1.3716e-06 -6.00745e-14 1 3.38056 0 -1 -6.00745e-14 5.01e-06 1 8.23984e-20 -1.3716e-06 -5.53938 0 0 0 1 
			18 17
			1.3716e-06 -1 -6.12323e-17 -7.15885 0 6.12323e-17 -1 -0.467524 1 1.3716e-06 8.39865e-23 -5.53938 0 0 0 1 
			19 18
			1 -0 0 0 0 1 0 0 -0 -0 1 -0 0 0 0 1 
			20 2
			1.37369e-06 -0.0998331 0.995004 28.4419 0 -0.995004 -0.0998331 -2.8537 1 1.3714e-07 -1.36683e-06 5.53939 0 0 0 1 
			21 20
			1.37369e-06 0.0998335 0.995004 16.029 0 -0.995004 0.0998335 0.337498 1 -1.3714e-07 -1.36683e-06 5.53939 0 0 0 1 
			22 21
			1.3716e-06 -6.00745e-14 1 3.38056 0 -1 -6.00745e-14 5.01e-06 1 8.23984e-20 -1.3716e-06 5.53939 0 0 0 1 
			23 22
			1.3716e-06 -1 -6.12323e-17 -7.15885 0 6.12323e-17 -1 -0.467524 1 1.3716e-06 8.39865e-23 5.53939 0 0 0 1 
			24 23
			1 -0 0 0 0 1 0 0 -0 -0 1 -0 0 0 0 1 
	</skeleton>
		<animations>
			17
			0
				-1
				-0.573575 0.819153 -2.02144e-33 0 -0.819153 -0.573575 -1.36318e-32 2.85 -1.2326e-32 -6.16298e-33 1 -24.2987 0 0 0 1 
				0
				-0.505843 0.862626 0 0 -0.862626 -0.505843 -0 2.36175 -0 -0 1 -24.985 0 0 0 1 
				1
				-0.429402 0.903114 0 0 -0.903114 -0.429402 -0 1.83697 -0 -0 1 -25.7589 0 0 0 1 
				2
				-0.347512 0.937676 0 0 -0.937676 -0.347512 -0 1.29772 -0 -0 1 -26.5676 0 0 0 1 
				3
				-0.264082 0.9645 0 0 -0.9645 -0.264082 -0 0.766059 -0 -0 1 -27.358 0 0 0 1 
				4
				-0.183318 0.983054 3.02927e-33 0 -0.983054 -0.183318 -5.64892e-34 0.263337 -0 -3.08149e-33 1 -28.079 0 0 0 1 
				5
				-0.109543 0.993982 5.84489e-34 0 -0.993982 -0.109543 1.23362e-32 -0.189081 1.2326e-32 7.70372e-34 1 -28.6794 0 0 0 1 
				6
				-0.0470798 0.998891 -1.95544e-34 0 -0.998891 -0.0470798 -1.23304e-32 -0.56914 -1.2326e-32 -3.85186e-34 1 -29.1063 0 0 0 1 
				7
				1.46474e-06 1 0 0 -1 1.46474e-06 0 -0.854784 -0 -0 1 -29.3067 0 0 0 1 
				8
				0.0292568 0.999572 -2.44035e-35 0 -0.999572 0.0292568 -1.23319e-32 -1.03224 -1.2326e-32 3.85186e-34 1 -29.2476 0 0 0 1 
				9
				0.0429396 0.999078 3.84831e-34 0 -0.999078 0.0429396 1.65397e-35 -1.11528 -0 -3.85186e-34 1 -28.9622 0 0 0 1 
				10
				0.0446992 0.999 1.66159e-34 0 -0.999 0.0446992 -1.23308e-32 -1.12596 -1.2326e-32 3.85186e-34 1 -28.5032 0 0 0 1 
				11
				0.0381711 0.999271 6.8422e-34 0 -0.999271 0.0381711 1.23611e-32 -1.08633 1.2326e-32 -1.15556e-33 1 -27.9235 0 0 0 1 
				12
				0.0268715 0.999639 3.31217e-34 0 -0.999639 0.0268715 -1.23215e-32 -1.01777 -1.2326e-32 -0 1 -27.2745 0 0 0 1 
				13
				0.0143181 0.999897 -1.76485e-34 0 -0.999897 0.0143181 1.23247e-32 -0.941615 1.2326e-32 -0 1 -26.6072 0 0 0 1 
				14
				0.00414853 0.999992 0 0 -0.999992 0.00414853 0 -0.879937 -0 -0 1 -25.9747 0 0 0 1 
				15
				1.46474e-06 1 0 0 -1 1.46474e-06 0 -0.854784 -0 -0 1 -25.4298 0 0 0 1 
		</Joint>
			1
				-1
				1.33158e-06 -0.573574 -0.819154 0 0 -0.819154 0.573574 2.85 -1 -7.6376e-07 -1.09077e-06 -24.2987 0 0 0 1 
				0
				1.33158e-06 -0.505841 -0.862627 0 0 -0.862627 0.505841 2.36175 -1 -6.73569e-07 -1.14866e-06 -24.985 0 0 0 1 
				1
				1.33158e-06 -0.4294 -0.903114 0 0 -0.903114 0.4294 1.83697 -1 -5.71781e-07 -1.20257e-06 -25.7589 0 0 0 1 
				2
				1.33158e-06 -0.34751 -0.937676 0 0 -0.937676 0.34751 1.29772 -1 -4.62738e-07 -1.24859e-06 -26.5676 0 0 0 1 
				3
				1.33158e-06 -0.264081 -0.964501 0 0 -0.964501 0.264081 0.766059 -1 -3.51645e-07 -1.28431e-06 -27.358 0 0 0 1 
				4
				1.33158e-06 -0.183317 -0.983054 0 0 -0.983054 0.183317 0.263337 -1 -2.44101e-07 -1.30902e-06 -28.079 0 0 0 1 
				5
				1.33158e-06 -0.109542 -0.993982 0 0 -0.993982 0.109542 -0.189081 -1 -1.45864e-07 -1.32357e-06 -28.6794 0 0 0 1 
				6
				1.33158e-06 -0.0470785 -0.998891 0 0 -0.998891 0.0470785 -0.56914 -1 -6.26888e-08 -1.3301e-06 -29.1063 0 0 0 1 
				7
				1.33158e-06 2.79632e-06 -1 0 0 -1 -2.79632e-06 -0.854784 -1 3.72352e-12 -1.33158e-06 -29.3067 0 0 0 1 
				8
				1.33158e-06 0.0292581 -0.999572 0 0 -0.999572 -0.0292581 -1.03224 -1 3.89595e-08 -1.33101e-06 -29.2476 0 0 0 1 
				9
				1.33158e-06 0.0429409 -0.999078 0 0 -0.999078 -0.0429409 -1.11528 -1 5.71793e-08 -1.33035e-06 -28.9622 0 0 0 1 
				10
				1.33158e-06 0.0447005 -0.999 0 0 -0.999 -0.0447005 -1.12596 -1 5.95223e-08 -1.33025e-06 -28.5032 0 0 0 1 
				11
				1.33158e-06 0.0381725 -0.999271 0 0 -0.999271 -0.0381725 -1.08633 -1 5.08297e-08 -1.33061e-06 -27.9235 0 0 0 1 
				12
				1.33158e-06 0.0268729 -0.999639 0 0 -0.999639 -0.0268729 -1.01777 -1 3.57834e-08 -1.3311e-06 -27.2745 0 0 0 1 
				13
				1.33158e-06 0.0143195 -0.999897 0 0 -0.999897 -0.0143195 -0.941615 -1 1.90675e-08 -1.33144e-06 -26.6072 0 0 0 1 
				14
				1.33158e-06 0.00414986 -0.999992 0 0 -0.999992 -0.00414986 -0.879937 -1 5.52587e-09 -1.33157e-06 -25.9747 0 0 0 1 
				15
				1.33158e-06 2.79632e-06 -1 0 0 -1 -2.79632e-06 -0.854784 -1 3.72352e-12 -1.33158e-06 -25.4298 0 0 0 1 
		</Joint>
			2
				-1
				-0.171245 -0.296064 -0.939692 0.00201911 -0.470496 -0.813422 0.342021 2.85554 -0.865626 0.500691 -2.35749e-06 -28.0868 0 0 0 1 
				0
				-0.139636 -0.244373 -0.959575 0.00166741 -0.488906 -0.825695 0.281423 2.36737 -0.861088 0.508438 -0.00417883 -28.7732 0 0 0 1 
				1
				-0.103333 -0.187315 -0.97685 0.00127918 -0.506333 -0.835425 0.213757 1.84266 -0.856125 0.516699 -0.00851697 -29.5471 0 0 0 1 
				2
				-0.0639445 -0.128172 -0.989688 0.000876649 -0.521339 -0.841343 0.142645 1.30345 -0.850951 0.525084 -0.013022 -30.3558 0 0 0 1 
				3
				-0.0234807 -0.0703211 -0.997248 0.000482981 -0.532989 -0.843053 0.0719975 0.771796 -0.845796 0.533213 -0.0176849 -31.1463 0 0 0 1 
				4
				0.0158094 -0.0169809 -0.999731 0.000119916 -0.540963 -0.841027 0.00573062 0.269061 -0.840898 0.540727 -0.0224822 -31.8674 0 0 0 1 
				5
				0.0515193 0.0288111 -0.998256 -0.000191812 -0.545532 -0.836457 -0.0522958 -0.183388 -0.836505 0.547275 -0.0273763 -32.4678 0 0 0 1 
				6
				0.0811568 0.0641658 -0.994634 -0.000432349 -0.547468 -0.831035 -0.0982822 -0.563483 -0.832882 0.552506 -0.0323154 -32.8947 0 0 0 1 
				7
				0.102303 0.0863984 -0.990994 -0.000583639 -0.547846 -0.826632 -0.128624 -0.849157 -0.830301 0.556071 -0.0372342 -33.0952 0 0 0 1 
				8
				0.113435 0.0939934 -0.989089 -0.000635305 -0.547721 -0.824663 -0.141184 -1.02662 -0.828935 0.557761 -0.0420635 -33.0361 0 0 0 1 
				9
				0.115735 0.0889796 -0.989286 -0.000601114 -0.547677 -0.825182 -0.138291 -1.10966 -0.828647 0.557815 -0.0467706 -32.7507 0 0 0 1 
				10
				0.111252 0.0743126 -0.99101 -0.000501212 -0.547782 -0.82745 -0.123542 -1.12032 -0.829191 0.556601 -0.0513483 -32.2916 0 0 0 1 
				11
				0.102069 0.0528719 -0.993371 -0.0003551 -0.547859 -0.830512 -0.100497 -1.08068 -0.83032 0.554485 -0.0558034 -31.712 0 0 0 1 
				12
				0.0902154 0.0274612 -0.995544 -0.000181983 -0.547708 -0.833512 -0.0726246 -1.01209 -0.831792 0.551819 -0.0601549 -31.0629 0 0 0 1 
				13
				0.0777058 0.000939645 -0.996976 -1.32565e-06 -0.547233 -0.835852 -0.04344 -0.935926 -0.833365 0.548954 -0.0644364 -30.3957 0 0 0 1 
				14
				0.0665899 -0.0236826 -0.997499 0.000166354 -0.546515 -0.837285 -0.0166048 -0.874237 -0.834798 0.546254 -0.0686976 -29.7631 0 0 0 1 
				15
				0.0588777 -0.043365 -0.997323 0.000300476 -0.545794 -0.837909 0.00421207 -0.84908 -0.835848 0.544085 -0.0730025 -29.2182 0 0 0 1 
		</Joint>
			3
				-1
				-0.17587 -0.0124096 -0.984335 -1.46318 -0.615202 -0.779224 0.119741 -1.16503 -0.768503 0.626623 0.129407 -35.4979 0 0 0 1 
				0
				-0.139696 0.021201 -0.989968 -1.19329 -0.639266 -0.765435 0.0738156 -1.81082 -0.756191 0.643164 0.120482 -36.1456 0 0 0 1 
				1
				-0.0972918 0.0576135 -0.993587 -0.883295 -0.6625 -0.748754 0.021455 -2.48476 -0.742717 0.660339 0.111017 -36.8772 0 0 0 1 
				2
				-0.0507763 0.093482 -0.994325 -0.546911 -0.683027 -0.729615 -0.0337156 -3.15249 -0.728626 0.677439 0.100898 -37.6417 0 0 0 1 
				3
				-0.00282851 0.125874 -0.992042 -0.201291 -0.699607 -0.709091 -0.0879773 -3.78398 -0.714522 0.693791 0.090068 -38.3882 0 0 0 1 
				4
				0.0435278 0.152443 -0.987353 0.134357 -0.711792 -0.688756 -0.13772 -4.35508 -0.70104 0.708785 0.0785276 -39.0675 0 0 0 1 
				5
				0.0850349 0.171343 -0.981535 0.439473 -0.71989 -0.670499 -0.179414 -4.84675 -0.68886 0.721853 0.066332 -39.6304 0 0 0 1 
				6
				0.118298 0.181051 -0.976333 0.692764 -0.724813 -0.656311 -0.209528 -5.24351 -0.678714 0.732445 0.0535874 -40.0264 0 0 0 1 
				7
				0.14 0.180226 -0.973611 0.873562 -0.727799 -0.647969 -0.2246 -5.53247 -0.671348 0.740037 0.0404522 -40.2048 0 0 0 1 
				8
				0.148027 0.168222 -0.974571 0.968844 -0.729968 -0.646276 -0.222429 -5.70889 -0.667259 0.744331 0.02713 -40.1341 0 0 0 1 
				9
				0.143965 0.14671 -0.978647 0.988706 -0.731841 -0.649884 -0.205083 -5.79151 -0.666095 0.745739 0.0138078 -39.8462 0 0 0 1 
				10
				0.130609 0.117809 -0.984409 0.950641 -0.733323 -0.656735 -0.17589 -5.80303 -0.667217 0.744863 0.000616562 -39.3918 0 0 0 1 
				11
				0.110833 0.0835379 -0.990322 0.872448 -0.734071 -0.664854 -0.138238 -5.76399 -0.669967 0.742287 -0.0123653 -38.8218 0 0 0 1 
				12
				0.0874461 0.0459339 -0.99511 0.771448 -0.733813 -0.672601 -0.0955315 -5.69406 -0.673699 0.738579 -0.0251094 -38.1853 0 0 0 1 
				13
				0.063229 0.00720463 -0.997973 0.664852 -0.732548 -0.678779 -0.0513127 -5.61379 -0.677772 0.734308 -0.0376408 -37.5315 0 0 0 1 
				14
				0.0409751 -0.0302032 -0.998704 0.57016 -0.730636 -0.682703 -0.00933014 -5.54593 -0.681537 0.730071 -0.0500414 -36.9112 0 0 0 1 
				15
				0.0233719 -0.0637444 -0.997692 0.504532 -0.728775 -0.684235 0.0266448 -5.51459 -0.684354 0.726471 -0.0624472 -36.3752 0 0 0 1 
		</Joint>
			4
				-1
				-0.17587 -0.0124096 -0.984335 -2.968 -0.615202 -0.779224 0.119741 -6.42706 -0.768503 0.626623 0.129407 -42.0754 0 0 0 1 
				0
				-0.139696 0.021201 -0.989968 -2.38868 -0.639266 -0.765435 0.0738157 -7.27879 -0.756191 0.643164 0.120482 -42.6177 0 0 0 1 
				1
				-0.0972918 0.0576135 -0.993587 -1.71594 -0.6625 -0.748754 0.021455 -8.15159 -0.742717 0.660339 0.111017 -43.2341 0 0 0 1 
				2
				-0.0507763 0.093482 -0.994325 -0.981631 -0.683027 -0.729615 -0.0337156 -8.99501 -0.728626 0.677439 0.100898 -43.8781 0 0 0 1 
				3
				-0.00282852 0.125874 -0.992042 -0.225823 -0.699607 -0.709091 -0.0879773 -9.76842 -0.714522 0.693791 0.090068 -44.504 0 0 0 1 
				4
				0.0435278 0.152443 -0.987353 0.506411 -0.711792 -0.688756 -0.13772 -10.4438 -0.70104 0.708785 0.0785276 -45.0679 0 0 0 1 
				5
				0.0850349 0.171343 -0.981535 1.16664 -0.71989 -0.670499 -0.179414 -11.0048 -0.68886 0.721853 0.066332 -45.5266 0 0 0 1 
				6
				0.118298 0.181051 -0.976333 1.70453 -0.724813 -0.656311 -0.209528 -11.4438 -0.678714 0.732445 0.0535874 -45.8358 0 0 0 1 
				7
				0.14 0.180226 -0.973611 2.07103 -0.727799 -0.647969 -0.2246 -11.7583 -0.671348 0.740037 0.0404522 -45.9512 0 0 0 1 
				8
				0.148027 0.168222 -0.974571 2.23502 -0.729968 -0.646276 -0.222429 -11.9533 -0.667259 0.744331 0.0271301 -45.8456 0 0 0 1 
				9
				0.143965 0.14671 -0.978647 2.22018 -0.731841 -0.649884 -0.205083 -12.0519 -0.666095 0.745739 0.0138078 -45.5477 0 0 0 1 
				10
				0.130609 0.117809 -0.984409 2.06791 -0.733323 -0.656735 -0.17589 -12.0761 -0.667217 0.744863 0.000616557 -45.1029 0 0 0 1 
				11
				0.110833 0.0835379 -0.990322 1.82059 -0.734071 -0.664854 -0.138238 -12.0434 -0.669967 0.742288 -0.0123653 -44.5564 0 0 0 1 
				12
				0.0874461 0.0459339 -0.99511 1.51957 -0.733813 -0.672601 -0.0955315 -11.9713 -0.673699 0.738579 -0.0251094 -43.9519 0 0 0 1 
				13
				0.063229 0.00720463 -0.997973 1.20586 -0.732548 -0.678779 -0.0513127 -11.8802 -0.677772 0.734308 -0.0376408 -43.3329 0 0 0 1 
				14
				0.0409751 -0.0302032 -0.998704 0.920849 -0.730636 -0.682703 -0.00933014 -11.7959 -0.681537 0.730071 -0.0500414 -42.7447 0 0 0 1 
				15
				0.0233719 -0.0637444 -0.997692 0.704684 -0.728775 -0.684235 0.0266448 -11.7487 -0.684354 0.726471 -0.0624472 -42.2328 0 0 0 1 
		</Joint>
			5
				-1
				4.95014e-07 -9.43649e-07 -1 -3.54588 -0.0871562 -0.996195 8.96915e-07 -8.4485 -0.996195 0.0871562 -5.75375e-07 -44.6005 0 0 0 1 
				0
				0.00700832 0.0420067 -0.999093 -2.8477 -0.0868738 -0.995314 -0.0424572 -9.3793 -0.996194 0.0870925 -0.00332621 -45.1024 0 0 0 1 
				1
				0.0144902 0.0899184 -0.995844 -2.03562 -0.0859432 -0.99215 -0.0908355 -10.3284 -0.996195 0.0869022 -0.00664854 -45.6745 0 0 0 1 
				2
				0.0220646 0.139981 -0.989908 -1.14847 -0.0843167 -0.986361 -0.141359 -11.2393 -0.996195 0.0865849 -0.00996092 -46.2722 0 0 0 1 
				3
				0.0293627 0.18847 -0.98164 -0.235117 -0.0820612 -0.978294 -0.190282 -12.0672 -0.996195 0.0861418 -0.0132593 -46.8517 0 0 0 1 
				4
				0.0360572 0.231888 -0.972074 0.649435 -0.0793485 -0.968971 -0.234091 -12.7827 -0.996195 0.0855733 -0.0165385 -47.3714 0 0 0 1 
				5
				0.041869 0.266901 -0.962814 1.44605 -0.0764406 -0.959979 -0.269439 -13.3703 -0.996195 0.0848793 -0.0197913 -47.7901 0 0 0 1 
				6
				0.0465721 0.290223 -0.955825 2.09323 -0.0736689 -0.95326 -0.293034 -13.8254 -0.996195 0.0840618 -0.0230149 -48.0659 0 0 0 1 
				7
				0.0499915 0.298622 -0.953061 2.53104 -0.0713937 -0.950745 -0.301641 -14.1497 -0.996195 0.0831221 -0.0262094 -48.1571 0 0 0 1 
				8
				0.0520614 0.290046 -0.955596 2.72141 -0.0699001 -0.953488 -0.293215 -14.3518 -0.996195 0.0820614 -0.0293657 -48.0381 0 0 0 1 
				9
				0.0530118 0.266534 -0.962366 2.69322 -0.0691811 -0.960426 -0.269808 -14.4566 -0.996195 0.0808806 -0.0324748 -47.7363 0 0 0 1 
				10
				0.0531321 0.231315 -0.971427 2.49707 -0.0690882 -0.969619 -0.234663 -14.4857 -0.996195 0.0795822 -0.0355368 -47.2953 0 0 0 1 
				11
				0.0526804 0.187674 -0.980818 2.18477 -0.0694335 -0.979116 -0.191078 -14.4555 -0.996195 0.0781677 -0.0385493 -46.7578 0 0 0 1 
				12
				0.0518928 0.138947 -0.988939 1.80691 -0.0700244 -0.98733 -0.142396 -14.3825 -0.996195 0.0766392 -0.0415056 -46.1655 0 0 0 1 
				13
				0.0510096 0.0886335 -0.994757 1.41362 -0.0706706 -0.993237 -0.0921219 -14.2872 -0.996195 0.0749992 -0.0444009 -45.5599 0 0 0 1 
				14
				0.0502887 0.0404675 -0.997914 1.05548 -0.0711856 -0.996492 -0.0439971 -14.1967 -0.996195 0.0732497 -0.0472316 -44.9841 0 0 0 1 
				15
				0.049992 -0.00178818 -0.998748 0.781479 -0.0713937 -0.997447 -0.00178773 -14.1433 -0.996195 0.0713937 -0.049992 -44.4815 0 0 0 1 
		</Joint>
			6
		</Joint>
			7
				-1
				0.990171 0.0125469 -0.139301 -1.22851 0.077529 0.779714 0.621318 -6.6407 0.11641 -0.626011 0.771077 -42.3024 0 0 0 1 
				0
				0.984271 -0.0210926 -0.175404 -0.639145 0.128667 0.765944 0.6299 -7.41124 0.121064 -0.642561 0.75661 -42.829 0 0 0 1 
				1
				0.974519 -0.0575388 -0.216801 0.0400895 0.185663 0.749282 0.635693 -8.19145 0.125868 -0.659747 0.740872 -43.4286 0 0 0 1 
				2
				0.960749 -0.0934443 -0.261208 0.775794 0.244486 0.730159 0.63804 -8.93733 0.131102 -0.676858 0.724345 -44.0546 0 0 0 1 
				3
				0.943661 -0.125874 -0.306038 1.52765 0.301219 0.709648 0.636921 -9.6148 0.137007 -0.693222 0.707583 -44.6613 0 0 0 1 
				4
				0.924781 -0.15248 -0.348611 2.25167 0.352288 0.689322 0.633031 -10.2023 0.143781 -0.708226 0.691189 -45.2048 0 0 0 1 
				5
				0.906335 -0.171413 -0.38623 2.90167 0.394435 0.671072 0.627761 -10.6895 0.151582 -0.721304 0.675828 -45.642 0 0 0 1 
				6
				0.89104 -0.181148 -0.416214 3.43039 0.424589 0.656888 0.623075 -11.0752 0.160537 -0.731904 0.662226 -45.9286 0 0 0 1 
				7
				0.881697 -0.18034 -0.435991 3.79207 0.439843 0.648547 0.621228 -11.3631 0.170729 -0.739502 0.651144 -46.0208 0 0 0 1 
				8
				0.880108 -0.168343 -0.443927 3.95774 0.438456 0.646856 0.623965 -11.5619 0.182117 -0.743799 0.643114 -45.8916 0 0 0 1 
				9
				0.88524 -0.146827 -0.441352 3.95004 0.422554 0.650466 0.631143 -11.6912 0.194415 -0.745208 0.637861 -45.5701 0 0 0 1 
				10
				0.894867 -0.117916 -0.430476 3.80788 0.395272 0.657318 0.641633 -11.767 0.2073 -0.744331 0.634821 -45.1021 0 0 0 1 
				11
				0.906633 -0.0836289 -0.413549 3.57092 0.359721 0.665438 0.654059 -11.8009 0.220493 -0.741754 0.633391 -44.5326 0 0 0 1 
				12
				0.918454 -0.0460063 -0.392842 3.27826 0.319055 0.673184 0.667103 -11.8042 0.233764 -0.738042 0.632968 -43.9055 0 0 0 1 
				13
				0.928705 -0.00725777 -0.370749 2.96951 0.276638 0.679362 0.679661 -11.7913 0.24694 -0.733768 0.632934 -43.2644 0 0 0 1 
				14
				0.936317 0.0301678 -0.349857 2.68569 0.236145 0.683285 0.69091 -11.7812 0.259895 -0.729528 0.632648 -42.6544 0 0 0 1 
				15
				0.940828 0.063723 -0.332839 2.46765 0.201378 0.684815 0.70034 -11.7976 0.272561 -0.725926 0.631461 -42.1206 0 0 0 1 
		</Joint>
			8
				-1
				-0.322955 0.167822 -0.931416 6.03328 -0.496235 0.807993 0.317646 -6.07212 0.805885 0.564786 -0.177667 -41.4487 0 0 0 1 
				0
				-0.298109 0.0561285 -0.95288 6.57937 -0.535159 0.816791 0.215537 -6.46761 0.790402 0.574196 -0.213455 -41.9411 0 0 0 1 
				1
				-0.263791 -0.0634692 -0.962489 7.18709 -0.575288 0.81129 0.104171 -6.82983 0.774247 0.581188 -0.250524 -42.5055 0 0 0 1 
				2
				-0.221728 -0.184175 -0.957557 7.82181 -0.61409 0.789178 -0.00959293 -7.1443 0.75745 0.5859 -0.288083 -43.0932 0 0 0 1 
				3
				-0.174504 -0.299096 -0.938131 8.44835 -0.649549 0.751011 -0.118614 -7.4057 0.740023 0.588664 -0.325331 -43.6565 0 0 0 1 
				4
				-0.125364 -0.402255 -0.906904 9.0339 -0.68049 0.700061 -0.216444 -7.61862 0.721954 0.590005 -0.361493 -44.1504 0 0 0 1 
				5
				-0.078115 -0.489167 -0.868685 9.54861 -0.706691 0.641776 -0.297844 -7.79679 0.703197 0.590626 -0.395822 -44.5303 0 0 0 1 
				6
				-0.0370121 -0.557053 -0.829652 9.96516 -0.728845 0.58304 -0.358956 -7.96131 0.683678 0.591401 -0.427585 -44.7512 0 0 0 1 
				7
				-0.00652725 -0.604811 -0.796342 10.2583 -0.748325 0.531191 -0.397299 -8.13732 0.663301 0.593329 -0.456062 -44.7687 0 0 0 1 
				8
				0.00995385 -0.633502 -0.773677 10.4123 -0.766665 0.491892 -0.412634 -8.3463 0.64197 0.597259 -0.480787 -44.5559 0 0 0 1 
				9
				0.013232 -0.647698 -0.761782 10.4423 -0.784732 0.465428 -0.409356 -8.59224 0.619694 0.603211 -0.502111 -44.1443 0 0 0 1 
				10
				0.00568203 -0.651878 -0.758303 10.3707 -0.802555 0.449409 -0.392349 -8.86811 0.596552 0.610809 -0.520614 -43.5818 0 0 0 1 
				11
				-0.00994701 -0.649597 -0.760213 10.2201 -0.819744 0.440671 -0.365825 -9.16274 0.572643 0.619542 -0.536887 -42.9156 0 0 0 1 
				12
				-0.0306296 -0.643861 -0.76453 10.0141 -0.835869 0.435912 -0.333622 -9.46431 0.548074 0.628828 -0.551535 -42.1911 0 0 0 1 
				13
				-0.0529801 -0.637503 -0.768624 9.78051 -0.850718 0.431894 -0.299577 -9.76244 0.522945 0.638011 -0.565217 -41.4534 0 0 0 1 
				14
				-0.0731676 -0.633406 -0.770353 9.55252 -0.864456 0.42548 -0.267736 -10.0494 0.497355 0.646346 -0.578683 -40.7484 0 0 0 1 
				15
				-0.0870703 -0.634358 -0.76812 9.36756 -0.877617 0.413694 -0.24217 -10.3207 0.471389 0.653029 -0.592744 -40.1217 0 0 0 1 
		</Joint>
			9
				-1
				-0.333875 0.144886 -0.931416 3.32204 -0.551386 0.771411 0.317646 -10.2381 0.764527 0.619623 -0.177667 -34.6832 0 0 0 1 
				0
				-0.301148 0.0364617 -0.95288 4.07672 -0.587562 0.779945 0.215537 -10.9603 0.751053 0.624785 -0.213455 -35.3056 0 0 0 1 
				1
				-0.259398 -0.0795408 -0.962489 4.97254 -0.623999 0.77445 0.104171 -11.6594 0.737114 0.627615 -0.250524 -36.0056 0 0 0 1 
				2
				-0.210832 -0.196555 -0.957557 5.96038 -0.658218 0.752766 -0.00959292 -12.2996 0.722702 0.62826 -0.288083 -36.7343 0 0 0 1 
				3
				-0.158406 -0.307924 -0.938131 6.98337 -0.688441 0.715528 -0.118614 -12.8587 0.707784 0.627059 -0.325331 -37.444 0 0 0 1 
				4
				-0.105581 -0.407895 -0.906904 7.98145 -0.713849 0.666012 -0.216444 -13.3314 0.692295 0.62454 -0.361493 -38.0895 0 0 0 1 
				5
				-0.0562109 -0.492165 -0.868685 8.89283 -0.734623 0.609605 -0.297844 -13.7295 0.676143 0.621414 -0.395822 -38.6269 0 0 0 1 
				6
				-0.0144617 -0.558094 -0.829652 9.65444 -0.751819 0.553099 -0.358956 -14.08 0.65921 0.618557 -0.427585 -39.0117 0 0 0 1 
				7
				0.0153918 -0.60465 -0.796342 10.2035 -0.76708 0.503728 -0.397299 -14.4196 0.641367 0.616974 -0.456062 -39.2002 0 0 0 1 
				8
				0.0302465 -0.632857 -0.773677 10.4959 -0.782032 0.467075 -0.412634 -14.7825 0.622504 0.617521 -0.480787 -39.1666 0 0 0 1 
				9
				0.0312629 -0.647079 -0.761782 10.5534 -0.797388 0.443395 -0.409356 -15.1801 0.602656 0.620234 -0.502111 -38.9419 0 0 0 1 
				10
				0.0210986 -0.651561 -0.758303 10.4184 -0.81296 0.430301 -0.392349 -15.6056 0.581938 0.624748 -0.520614 -38.5737 0 0 0 1 
				11
				0.00269416 -0.649668 -0.760214 10.1365 -0.828164 0.424638 -0.365825 -16.0446 0.560481 0.630566 -0.536887 -38.1082 0 0 0 1 
				12
				-0.0207995 -0.644253 -0.76453 9.75695 -0.842425 0.423104 -0.333622 -16.4815 0.538413 0.637119 -0.551535 -37.59 0 0 0 1 
				13
				-0.045922 -0.638051 -0.768624 9.33574 -0.855445 0.422453 -0.299577 -16.9043 0.515853 0.643759 -0.565217 -37.0632 0 0 0 1 
				14
				-0.0688142 -0.633894 -0.770353 8.93827 -0.867359 0.419531 -0.267736 -17.3066 0.492903 0.649748 -0.578683 -36.573 0 0 0 1 
				15
				-0.0853734 -0.634589 -0.76812 8.6366 -0.87872 0.411345 -0.24217 -17.6883 0.469641 0.654288 -0.592744 -36.1643 0 0 0 1 
		</Joint>
			10
				-1
				0.0956928 -0.0182614 -0.995244 0.361917 -0.575317 0.814907 -0.0702693 -15.1266 0.812314 0.579305 0.0674746 -27.9049 0 0 0 1 
				0
				0.112386 -0.100328 -0.988587 1.40675 -0.595862 0.78936 -0.147849 -16.1696 0.795184 0.605677 0.0289312 -28.6468 0 0 0 1 
				1
				0.140249 -0.186264 -0.972438 2.67273 -0.61753 0.751257 -0.232961 -17.1918 0.773943 0.633182 -0.00966062 -29.4704 0 0 0 1 
				2
				0.177449 -0.269575 -0.946489 4.09114 -0.637941 0.700814 -0.319205 -18.1354 0.749362 0.660447 -0.0476147 -30.3268 0 0 0 1 
				3
				0.220855 -0.344555 -0.912417 5.57895 -0.655274 0.640493 -0.400481 -18.9624 0.722384 0.686332 -0.0843221 -31.1688 0 0 0 1 
				4
				0.26631 -0.407091 -0.873702 7.04538 -0.66888 0.574613 -0.471613 -19.6604 0.694031 0.709997 -0.119269 -31.9516 0 0 0 1 
				5
				0.308902 -0.454947 -0.835227 8.39447 -0.679598 0.508782 -0.528476 -20.2427 0.665377 0.730866 -0.152017 -32.6322 0 0 0 1 
				6
				0.343251 -0.487656 -0.802727 9.52622 -0.689734 0.449239 -0.567847 -20.7456 0.63753 0.748583 -0.182152 -33.1672 0 0 0 1 
				7
				0.363856 -0.506104 -0.781964 10.34 -0.70255 0.402096 -0.587148 -21.2205 0.611582 0.763006 -0.209258 -33.5139 0 0 0 1 
				8
				0.366576 -0.512241 -0.776679 10.7641 -0.720819 0.371447 -0.585191 -21.716 0.588254 0.774362 -0.23307 -33.6474 0 0 0 1 
				9
				0.352375 -0.509346 -0.78511 10.8305 -0.744434 0.355841 -0.564973 -22.2498 0.567141 0.783546 -0.253785 -33.5988 0 0 0 1 
				10
				0.324094 -0.499903 -0.803157 10.6055 -0.771484 0.351691 -0.530213 -22.8133 0.547518 0.791461 -0.271686 -33.4142 0 0 0 1 
				11
				0.285055 -0.485601 -0.826399 10.1604 -0.799544 0.355052 -0.484424 -23.387 0.528652 0.79883 -0.28705 -33.139 0 0 0 1 
				12
				0.239037 -0.46793 -0.850825 9.57254 -0.826409 0.36201 -0.431273 -23.9504 0.509813 0.80622 -0.300168 -32.8165 0 0 0 1 
				13
				0.190396 -0.448655 -0.873188 8.92859 -0.850549 0.368768 -0.374937 -24.4887 0.490221 0.814076 -0.311391 -32.4897 0 0 0 1 
				14
				0.144124 -0.430041 -0.891231 8.32817 -0.871369 0.371687 -0.32026 -24.9966 0.468984 0.822748 -0.321156 -32.203 0 0 0 1 
				15
				0.105563 -0.414701 -0.903814 7.87968 -0.889236 0.367456 -0.272462 -25.4791 0.445102 0.832466 -0.329977 -32.0005 0 0 0 1 
		</Joint>
			11
				-1
				-0.880681 0.012547 -0.473544 -4.70756 0.305107 0.779714 -0.546769 -6.2175 0.362368 -0.626011 -0.690507 -41.845 0 0 0 1 
				0
				-0.897286 -0.0210925 -0.440946 -4.1381 0.268958 0.765944 -0.583944 -7.15035 0.350057 -0.642561 -0.681597 -42.4031 0 0 0 1 
				1
				-0.913917 -0.0575387 -0.401803 -3.47166 0.226437 0.749282 -0.622337 -8.11563 0.336872 -0.659747 -0.671752 -43.0362 0 0 0 1 
				2
				-0.929089 -0.0934443 -0.357856 -2.73857 0.180402 0.730159 -0.659032 -9.05651 0.322874 -0.676858 -0.661525 -43.698 0 0 0 1 
				3
				-0.941838 -0.125874 -0.311604 -1.97864 0.134003 0.709648 -0.691696 -9.92575 0.308196 -0.693221 -0.651506 -44.343 0 0 0 1 
				4
				-0.951806 -0.15248 -0.266112 -1.23805 0.0905298 0.689322 -0.718776 -10.689 0.293036 -0.708226 -0.642297 -44.9273 0 0 0 1 
				5
				-0.959193 -0.171413 -0.22487 -0.567489 0.0534333 0.671072 -0.739464 -11.3237 0.277658 -0.721304 -0.634528 -45.4075 0 0 0 1 
				6
				-0.964602 -0.181147 -0.191648 -0.020384 0.0263511 0.656887 -0.753528 -11.8158 0.262391 -0.731904 -0.628862 -45.7392 0 0 0 1 
				7
				-0.968771 -0.18034 -0.170176 0.350924 0.0129604 0.648548 -0.761064 -12.1569 0.247617 -0.739502 -0.625957 -45.8778 0 0 0 1 
				8
				-0.972186 -0.168343 -0.162837 0.513193 0.0156987 0.646856 -0.76245 -12.3481 0.233685 -0.7438 -0.626222 -45.7957 0 0 0 1 
				9
				-0.9748 -0.146827 -0.167951 0.49109 0.0327654 0.650466 -0.758828 -12.4161 0.220663 -0.745208 -0.629263 -45.5213 0 0 0 1 
				10
				-0.976125 -0.117916 -0.182415 0.328563 0.0609667 0.657318 -0.751143 -12.3887 0.208476 -0.744331 -0.634436 -45.0999 0 0 0 1 
				11
				-0.975596 -0.0836289 -0.203022 0.0707045 0.0969791 0.665438 -0.740127 -12.2895 0.196995 -0.741754 -0.641089 -44.5763 0 0 0 1 
				12
				-0.972875 -0.0460063 -0.22671 -0.238873 0.137482 0.673185 -0.726582 -12.1419 0.186045 -0.738042 -0.648599 -43.9943 0 0 0 1 
				13
				-0.968067 -0.00725773 -0.250586 -0.557746 0.179108 0.679362 -0.71161 -11.9726 0.175403 -0.733768 -0.656368 -43.3975 0 0 0 1 
				14
				-0.961843 0.0301678 -0.271933 -0.84415 0.218408 0.683285 -0.69672 -11.8142 0.164789 -0.729528 -0.663802 -42.8313 0 0 0 1 
				15
				-0.955411 0.063723 -0.288321 -1.05862 0.252016 0.684815 -0.683752 -11.7034 0.153876 -0.725926 -0.670339 -42.3413 0 0 0 1 
		</Joint>
			12
				-1
				0.380505 -0.615831 -0.689905 -11.1664 0.0903666 0.767211 -0.634997 -3.97988 0.920353 0.179275 0.347578 -39.1875 0 0 0 1 
				0
				0.355597 -0.65658 -0.665172 -10.7187 0.0884352 0.732132 -0.675398 -5.17784 0.930446 0.181345 0.318408 -39.8358 0 0 0 1 
				1
				0.332007 -0.699253 -0.6331 -10.1742 0.0851269 0.690644 -0.718168 -6.45497 0.939428 0.184543 0.288824 -40.5656 0 0 0 1 
				2
				0.310405 -0.740723 -0.5958 -9.55239 0.0794184 0.644775 -0.760235 -7.73347 0.947281 0.188663 0.258968 -41.3301 0 0 0 1 
				3
				0.291333 -0.778426 -0.556038 -8.88596 0.0706559 0.597174 -0.798994 -8.94299 0.954009 0.193486 0.228977 -42.0827 0 0 0 1 
				4
				0.27512 -0.81052 -0.517075 -8.21847 0.0584814 0.550943 -0.832491 -10.0251 0.95963 0.198796 0.198976 -42.7782 0 0 0 1 
				5
				0.261785 -0.835815 -0.482579 -7.60209 0.0426956 0.509556 -0.859378 -10.9318 0.964181 0.204368 0.16908 -43.3712 0 0 0 1 
				6
				0.250949 -0.853591 -0.456516 -7.09465 0.0231314 0.476761 -0.878729 -11.6225 0.967724 0.209956 0.139387 -43.8149 0 0 0 1 
				7
				0.24177 -0.863379 -0.442859 -6.75392 -0.000394465 0.456311 -0.88982 -12.0619 0.970333 0.215307 0.109982 -44.0618 0 0 0 1 
				8
				0.232989 -0.865126 -0.444154 -6.6167 -0.0278249 0.450606 -0.892289 -12.2329 0.972081 0.220252 0.080914 -44.0819 0 0 0 1 
				9
				0.223386 -0.860109 -0.458596 -6.65797 -0.0582778 0.457858 -0.887113 -12.1758 0.972986 0.224895 0.052154 -43.903 0 0 0 1 
				10
				0.212068 -0.849644 -0.482838 -6.83022 -0.0906778 0.474837 -0.87539 -11.9415 0.973039 0.229425 0.023654 -43.5709 0 0 0 1 
				11
				0.19854 -0.834873 -0.513389 -7.0842 -0.124013 0.498207 -0.858144 -11.5782 0.972215 0.234043 -0.00462152 -43.1316 0 0 0 1 
				12
				0.182744 -0.817017 -0.546889 -7.37382 -0.157389 0.524771 -0.836567 -11.1336 0.970481 0.238952 -0.0326911 -42.6299 0 0 0 1 
				13
				0.165083 -0.797593 -0.580166 -7.65743 -0.190074 0.551482 -0.812244 -10.6591 0.967791 0.244362 -0.0605617 -42.1111 0 0 0 1 
				14
				0.146439 -0.778547 -0.610263 -7.89819 -0.221557 0.575428 -0.787271 -10.2124 0.964089 0.250495 -0.0882273 -41.6227 0 0 0 1 
				15
				0.128125 -0.762155 -0.634589 -8.06548 -0.25161 0.593948 -0.764145 -9.85513 0.95931 0.257575 -0.115666 -41.2128 0 0 0 1 
		</Joint>
			13
				-1
				0.721647 -0.0570786 -0.689905 -7.972 -0.565433 0.526369 -0.634997 -3.22125 0.399389 0.848339 0.347578 -31.461 0 0 0 1 
				0
				0.740916 -0.0926808 -0.665172 -7.73342 -0.544081 0.497808 -0.675398 -4.43542 0.393724 0.862321 0.318408 -32.0247 0 0 0 1 
				1
				0.763393 -0.128124 -0.6331 -7.38698 -0.517518 0.4652 -0.718167 -5.74032 0.386533 0.875884 0.288824 -32.679 0 0 0 1 
				2
				0.786859 -0.160857 -0.5958 -6.94652 -0.487967 0.428872 -0.760235 -7.06674 0.377811 0.888928 0.258968 -33.3776 0 0 0 1 
				3
				0.809423 -0.188828 -0.556038 -6.4402 -0.457956 0.389724 -0.798994 -8.34983 0.367574 0.901365 0.228977 -34.0737 0 0 0 1 
				4
				0.82962 -0.210628 -0.517075 -5.90882 -0.430241 0.349071 -0.832491 -9.53414 0.355842 0.913118 0.198976 -34.722 0 0 0 1 
				5
				0.846322 -0.225513 -0.482579 -5.40438 -0.407832 0.308453 -0.859378 -10.5734 0.342654 0.924122 0.16908 -35.2768 0 0 0 1 
				6
				0.858565 -0.233362 -0.456517 -4.98792 -0.394003 0.269441 -0.878728 -11.4283 0.328066 0.934314 0.139387 -35.6907 0 0 0 1 
				7
				0.865345 -0.234636 -0.442859 -4.72424 -0.392096 0.233412 -0.88982 -12.0652 0.312152 0.943645 0.109982 -35.9158 0 0 0 1 
				8
				0.865792 -0.230504 -0.444154 -4.66073 -0.404215 0.201073 -0.892289 -12.4665 0.294984 0.95207 0.080914 -35.9211 0 0 0 1 
				9
				0.860195 -0.223056 -0.458596 -4.78262 -0.428418 0.171723 -0.887113 -12.665 0.276627 0.959561 0.052154 -35.7347 0 0 0 1 
				10
				0.849113 -0.214185 -0.482838 -5.04989 -0.461396 0.144242 -0.87539 -12.7028 0.257141 0.966084 0.023654 -35.4022 0 0 0 1 
				11
				0.833232 -0.205322 -0.513388 -5.41744 -0.499759 0.117602 -0.858144 -12.6194 0.236571 0.971603 -0.00462151 -34.9698 0 0 0 1 
				12
				0.81358 -0.197488 -0.546888 -5.83967 -0.540261 0.0909611 -0.836567 -12.4549 0.214958 0.976076 -0.0326911 -34.4826 0 0 0 1 
				13
				0.791706 -0.191334 -0.580166 -6.27154 -0.579837 0.0636358 -0.812244 -12.2548 0.192329 0.97946 -0.0605617 -33.9864 0 0 0 1 
				14
				0.76978 -0.187134 -0.610263 -6.66882 -0.615611 0.0350421 -0.787271 -12.0724 0.16871 0.981709 -0.0882273 -33.5291 0 0 0 1 
				15
				0.750447 -0.184734 -0.634589 -6.98986 -0.645027 0.00465399 -0.764146 -11.9674 0.144117 0.982778 -0.115666 -33.1593 0 0 0 1 
		</Joint>
			14
				-1
				0.125484 -0.0291714 0.991667 -1.5739 -0.96877 0.211874 0.128819 -8.23436 -0.213866 -0.976862 -0.00167361 -27.9201 0 0 0 1 
				0
				0.207148 -0.0406549 0.977465 -1.16447 -0.953667 0.214447 0.211024 -9.25923 -0.218193 -0.975889 0.00565098 -28.5339 0 0 0 1 
				1
				0.295811 -0.0548542 0.95367 -0.618763 -0.929039 0.215727 0.300579 -10.3286 -0.222221 -0.974912 0.0128528 -29.252 0 0 0 1 
				2
				0.385205 -0.0700896 0.920165 0.0297495 -0.89474 0.215781 0.390997 -11.393 -0.225959 -0.973923 0.0204078 -30.0279 0 0 0 1 
				3
				0.46948 -0.0848265 0.878859 0.736127 -0.8526 0.215151 0.476218 -12.4101 -0.229483 -0.97289 0.0286859 -30.8148 0 0 0 1 
				4
				0.543802 -0.0978192 0.833493 1.44657 -0.806232 0.214803 0.551225 -13.3486 -0.232957 -0.971746 0.0379454 -31.5671 0 0 0 1 
				5
				0.604472 -0.108079 0.789261 2.09909 -0.760664 0.216013 0.61215 -14.1892 -0.236651 -0.97039 0.048362 -32.2389 0 0 0 1 
				6
				0.648765 -0.114752 0.752287 2.6241 -0.721838 0.220203 0.656095 -14.9215 -0.240944 -0.968681 0.0600275 -32.7821 0 0 0 1 
				7
				0.674649 -0.116973 0.728812 2.94789 -0.695816 0.228747 0.680819 -15.5415 -0.246351 -0.966433 0.0729321 -33.1482 0 0 0 1 
				8
				0.681389 -0.114045 0.722982 3.01535 -0.686648 0.242411 0.685384 -16.0503 -0.253423 -0.963448 0.0868672 -33.3058 0 0 0 1 
				9
				0.671959 -0.106339 0.732914 2.84385 -0.692559 0.260363 0.672736 -16.4633 -0.262362 -0.959637 0.101307 -33.2821 0 0 0 1 
				10
				0.649783 -0.0944813 0.754225 2.47832 -0.709343 0.281204 0.646342 -16.7935 -0.273158 -0.954986 0.115702 -33.1224 0 0 0 1 
				11
				0.618006 -0.0791819 0.782176 1.96997 -0.732435 0.303529 0.609433 -17.0502 -0.285669 -0.949526 0.129587 -32.8723 0 0 0 1 
				12
				0.579902 -0.0613723 0.812372 1.37351 -0.757586 0.326118 0.565431 -17.2448 -0.299631 -0.943335 0.142621 -32.5768 0 0 0 1 
				13
				0.539257 -0.0423324 0.841077 0.747702 -0.78115 0.348018 0.518351 -17.3956 -0.314653 -0.936532 0.154603 -32.2812 0 0 0 1 
				14
				0.500546 -0.0237457 0.865384 0.156023 -0.800256 0.368609 0.472989 -17.5304 -0.33022 -0.929281 0.165503 -32.0333 0 0 0 1 
				15
				0.468646 -0.00760422 0.883354 -0.336417 -0.812924 0.387638 0.434618 -17.6862 -0.345726 -0.921781 0.175483 -31.8816 0 0 0 1 
		</Joint>
			15
				-1
				0.161511 -0.374778 0.912938 4.5376 -0.648328 -0.737744 -0.18816 -0.327256 0.744033 -0.561494 -0.362133 -24.2987 0 0 0 1 
				0
				0.191887 -0.280004 0.940626 4.77842 -0.588618 -0.799754 -0.117992 -0.440309 0.785308 -0.531028 -0.318278 -24.985 0 0 0 1 
				1
				0.210583 -0.169673 0.962739 5.00269 -0.525719 -0.849946 -0.0348016 -0.54165 0.824181 -0.498802 -0.268185 -25.7589 0 0 0 1 
				2
				0.216827 -0.0508191 0.974887 5.19415 -0.462945 -0.884562 0.0568544 -0.627277 0.859458 -0.463646 -0.215324 -26.5676 0 0 0 1 
				3
				0.211578 0.068642 0.974948 5.34274 -0.403057 -0.902629 0.15102 -0.696797 0.890382 -0.424911 -0.16331 -27.358 0 0 0 1 
				4
				0.197097 0.180972 0.963536 5.44551 -0.3476 -0.906067 0.241281 -0.752133 0.916694 -0.382481 -0.115677 -28.079 0 0 0 1 
				5
				0.176446 0.279241 0.94387 5.50605 -0.296568 -0.899274 0.321488 -0.795885 0.93857 -0.336647 -0.0758594 -28.6794 0 0 0 1 
				6
				0.153113 0.35766 0.921214 5.53325 -0.248341 -0.888364 0.386182 -0.829933 0.956495 -0.287905 -0.0471985 -29.1063 0 0 0 1 
				7
				0.130827 0.411717 0.901872 5.53938 -0.200051 -0.880015 0.430759 -0.854777 0.971012 -0.236775 -0.0327655 -29.3067 0 0 0 1 
				8
				0.113054 0.439509 0.891095 5.53701 -0.148531 -0.879292 0.452532 -0.870176 0.982424 -0.183515 -0.0341265 -29.2476 0 0 0 1 
				9
				0.101439 0.44516 0.889687 5.53428 -0.092452 -0.886211 0.453963 -0.877421 0.990537 -0.128303 -0.0487401 -28.9622 0 0 0 1 
				10
				0.0967579 0.434089 0.895659 5.53385 -0.0322326 -0.898042 0.438727 -0.878351 0.994786 -0.0713197 -0.0729009 -28.5032 0 0 0 1 
				11
				0.0990566 0.411447 0.906035 5.53535 0.0307947 -0.911344 0.410491 -0.87489 0.994605 -0.0127608 -0.102945 -27.9235 0 0 0 1 
				12
				0.107419 0.382215 0.917809 5.53738 0.0949056 -0.922877 0.373218 -0.868917 0.989674 0.0470144 -0.135409 -27.2745 0 0 0 1 
				13
				0.119715 0.351457 0.928518 5.53882 0.158431 -0.930022 0.331599 -0.862304 0.980086 0.107409 -0.16702 -26.6072 0 0 0 1 
				14
				0.132446 0.324317 0.93663 5.53934 0.220113 -0.930984 0.291236 -0.856958 0.966441 0.167591 -0.194692 -25.9747 0 0 0 1 
				15
				0.14095 0.305598 0.94167 5.53938 0.279284 -0.924808 0.258322 -0.854779 0.949807 0.226582 -0.215701 -25.4298 0 0 0 1 
		</Joint>
			16
				-1
				0.384932 -0.135543 0.912938 6.5832 0.102304 -0.976796 -0.18816 -8.53857 0.917258 0.165826 -0.362133 -14.8752 0 0 0 1 
				0
				0.333798 -0.0616565 0.940626 7.20874 0.151211 -0.981434 -0.117991 -7.89537 0.930437 0.181619 -0.318278 -15.0388 0 0 0 1 
				1
				0.269851 0.0177366 0.962739 7.66981 0.188666 -0.981425 -0.0348013 -7.20007 0.944238 0.191027 -0.268185 -15.3204 0 0 0 1 
				2
				0.198761 0.100453 0.974887 7.94034 0.213994 -0.975179 0.0568542 -6.49064 0.9564 0.197319 -0.215324 -15.6822 0 0 0 1 
				3
				0.126226 0.18315 0.974948 8.02245 0.228898 -0.961665 0.15102 -5.80165 0.965232 0.204101 -0.16331 -16.081 0 0 0 1 
				4
				0.0569679 0.261443 0.963536 7.94181 0.237422 -0.940964 0.241282 -5.15461 0.969735 0.21502 -0.115677 -16.4688 0 0 0 1 
				5
				-0.00573883 0.330267 0.94387 7.7408 0.245582 -0.914513 0.321488 -4.55203 0.969359 0.233643 -0.0758595 -16.7921 0 0 0 1 
				6
				-0.0599691 0.384406 0.921214 7.47248 0.260813 -0.884783 0.386182 -3.97526 0.963525 0.263424 -0.0471985 -16.9919 0 0 0 1 
				7
				-0.104437 0.41919 0.901872 7.19635 0.290995 -0.854265 0.430759 -3.38849 0.951007 0.307427 -0.0327655 -17.0085 0 0 0 1 
				8
				-0.138002 0.432325 0.891095 6.96888 0.341845 -0.823625 0.452532 -2.75137 0.929569 0.367067 -0.0341265 -16.8049 0 0 0 1 
				9
				-0.160783 0.427324 0.889687 6.81903 0.41143 -0.790344 0.453962 -2.04836 0.897148 0.439034 -0.0487401 -16.4167 0 0 0 1 
				10
				-0.172652 0.409863 0.895658 6.75932 0.494058 -0.750617 0.438728 -1.28659 0.852114 0.518254 -0.0729008 -15.9039 0 0 0 1 
				11
				-0.173883 0.385831 0.906035 6.78994 0.582856 -0.701268 0.410491 -0.484864 0.793753 0.599465 -0.102945 -15.3265 0 0 0 1 
				12
				-0.166132 0.360594 0.917809 6.89789 0.67079 -0.640897 0.373218 0.333097 0.722801 0.67766 -0.135409 -14.7399 0 0 0 1 
				13
				-0.152951 0.338319 0.928518 7.05505 0.751513 -0.570325 0.331599 1.14428 0.641743 0.748512 -0.16702 -14.1941 0 0 0 1 
				14
				-0.139696 0.32126 0.936631 7.21681 0.820164 -0.492456 0.291236 1.93085 0.554812 0.808875 -0.194691 -13.7344 0 0 0 1 
				15
				-0.132672 0.309282 0.94167 7.32457 0.873987 -0.411602 0.258322 2.68245 0.467488 0.85728 -0.215701 -13.4001 0 0 0 1 
		</Joint>
			17
				-1
				1.8097e-06 -0.0871543 0.996195 11.4585 0 -0.996195 -0.0871543 -7.24285 1 1.57723e-07 -1.80281e-06 -3.25785 0 0 0 1 
				0
				-0.00150841 -0.0871758 0.996192 11.4364 -0.00404112 -0.996184 -0.0871812 -5.98022 0.999991 -0.00415724 0.00115036 -3.25448 0 0 0 1 
				1
				-0.00452435 -0.0870684 0.996192 11.0876 -0.0140626 -0.996098 -0.087124 -4.81055 0.999891 -0.0144032 0.00328228 -3.36127 0 0 0 1 
				2
				-0.0072694 -0.0869466 0.996186 10.4577 -0.0266525 -0.995842 -0.087111 -3.78033 0.999618 -0.0271841 0.00492183 -3.56906 0 0 0 1 
				3
				-0.00861774 -0.0868446 0.996185 9.62114 -0.0381652 -0.995467 -0.0871122 -2.90257 0.999234 -0.0387703 0.00526423 -3.85598 0 0 0 1 
				4
				-0.00820067 -0.0868458 0.996188 8.66333 -0.0449386 -0.995183 -0.0871281 -2.14757 0.998956 -0.0454818 0.00425844 -4.18673 0 0 0 1 
				5
				-0.00626961 -0.0869983 0.996189 7.66812 -0.043331 -0.995249 -0.0871889 -1.44164 0.999041 -0.0437125 0.0024701 -4.5148 0 0 0 1 
				6
				-0.00338239 -0.0872036 0.996185 6.71295 -0.0296728 -0.995743 -0.0872656 -0.671966 0.999554 -0.0298548 0.000780418 -4.78851 0 0 0 1 
				7
