<?xml version='1.0' encoding='UTF-8' ?>
<itpanim>
	<skeleton count>
		25
			0 -1
			1.37091e-06 -1 -6.12323e-17 1e-06 1 1.37091e-06 -6.12323e-17 -1.37225e-12 6.12323e-17 -6.12323e-17 1 21.9617 0 0 0 1 
			1 0
			1.3868e-06 -2.28084e-12 -1 -21.9617 2.75771e-06 -1 6.10517e-12 1.00008e-06 -1 -2.75771e-06 -1.3868e-06 -3.04564e-05 0 0 0 1 
			2 1
			-0.000205999 -0.000823318 -1 -24.8731 -1.2413e-06 -1 0.000823318 0.0257198 -1 1.41091e-06 0.000205998 0.00512379 0 0 0 1 
			3 2
			-0.000383999 -0.00100932 -0.999999 -31.4555 -1.03656e-06 -0.999999 0.00100932 0.036812 -1 1.42414e-06 0.000383997 0.0107229 0 0 0 1 
			4 3
			-0.000383999 -0.00100932 -0.999999 -38.038 -1.03656e-06 -0.999999 0.00100932 0.0388247 -1 1.42414e-06 0.000383997 0.0107228 0 0 0 1 
			5 4
			1.34309e-06 9.80604e-13 -1 -40.5657 -1.40269e-06 -1 -2.8646e-12 -0.00211895 -1 1.40269e-06 -1.34309e-06 -0.00490874 0 0 0 1 
			6 5
			1 -0 0 0 0 1 0 0 -0 -0 1 -0 0 0 0 1 
			7 4
			0.950432 6.75818e-05 0.310933 10.539 -1.42282e-06 1 -0.000213002 -0.00652172 -0.310933 0.000202002 0.950432 36.5745 0 0 0 1 
			8 7
			0.476976 0.0235788 0.8786 28.6752 0.0457762 0.997617 -0.0516239 -2.17945 -0.877723 0.0648423 0.47476 23.1227 0 0 0 1 
			9 8
			0.476835 0.0205561 0.878752 22.2236 0.0472212 0.997684 -0.0489616 -2.11213 -0.877724 0.0648423 0.47476 23.1227 0 0 0 1 
			10 9
			0.476835 0.0205561 0.878752 15.4032 -0.877686 0.0656367 0.474721 23.121 -0.04792 -0.997632 0.0493396 2.13054 0 0 0 1 
			11 4
			-0.950193 6.50589e-05 0.311663 10.5594 -1.39561e-06 1 -0.000213002 -0.00652172 -0.311663 -0.000202828 -0.950193 -36.5678 0 0 0 1 
			12 11
			-0.476976 0.0235775 0.8786 28.6676 -0.045779 0.997617 -0.0516239 -2.17948 -0.877723 -0.0648447 -0.47476 -23.1259 0 0 0 1 
			13 12
			-0.476835 0.0205548 0.878752 22.216 -0.0472239 0.997684 -0.0489616 -2.11218 -0.877723 -0.0648447 -0.47476 -23.1259 0 0 0 1 
			14 13
			-0.476835 0.0205547 0.878752 15.3956 0.877685 0.0656391 0.474721 23.1242 -0.0479228 0.997632 -0.0493396 -2.13059 0 0 0 1 
			15 2
			1.37369e-06 -0.0998331 0.995004 21.852 0 -0.995004 -0.0998331 -2.1925 1 1.3714e-07 -1.36683e-06 -4.26131 0 0 0 1 
			16 15
			1.37369e-06 0.0998335 0.995004 12.303 0 -0.995004 0.0998335 0.256849 1 -1.3714e-07 -1.36683e-06 -4.26131 0 0 0 1 
			17 16
			1.3716e-06 -6.00745e-14 1 2.57273 0 -1 -6.00745e-14 4.22662e-06 1 8.23984e-20 -1.3716e-06 -4.26131 0 0 0 1 
			18 17
			1.3723e-06 -1 -6.00133e-14 -5.50713 0 6.00133e-14 -1 -0.331805 1 1.3723e-06 8.23562e-20 -4.26131 0 0 0 1 
			19 18
			1 -0 0 0 0 1 0 0 -0 -0 1 -0 0 0 0 1 
			20 2
			1.37369e-06 -0.0998331 0.995004 21.852 0 -0.995004 -0.0998331 -2.1925 1 1.3714e-07 -1.36683e-06 4.26131 0 0 0 1 
			21 20
			1.37369e-06 0.0998335 0.995004 12.303 0 -0.995004 0.0998335 0.256849 1 -1.3714e-07 -1.36683e-06 4.26131 0 0 0 1 
			22 21
			1.3716e-06 -6.00745e-14 1 2.57273 0 -1 -6.00745e-14 4.22662e-06 1 8.23984e-20 -1.3716e-06 4.26131 0 0 0 1 
			23 22
			1.3723e-06 -1 -6.00133e-14 -5.50713 0 6.00133e-14 -1 -0.331804 1 1.3723e-06 8.23562e-20 4.26131 0 0 0 1 
			24 23
			1 -0 0 0 0 1 0 0 -0 -0 1 -0 0 0 0 1 
	</skeleton>
		<animations>
			33
			0
				-1
				-0.573575 0.819153 0 0 -0.819153 -0.573575 -0 2.84751 -0 -0 1 -19.0186 0 0 0 1 
				0
				-0.573575 0.819153 0 0 -0.819153 -0.573575 -0 2.84751 -0 -0 1 -18.8691 0 0 0 1 
				1
				-0.573575 0.819153 0 0 -0.819153 -0.573575 -0 2.84751 -0 -0 1 -18.7053 0 0 0 1 
				2
				-0.573575 0.819153 0 0 -0.819153 -0.573575 -0 2.84751 -0 -0 1 -18.5304 0 0 0 1 
				3
				-0.573575 0.819153 0 0 -0.819153 -0.573575 -0 2.84751 -0 -0 1 -18.3479 0 0 0 1 
				4
				-0.573575 0.819153 0 0 -0.819153 -0.573575 -0 2.84751 -0 -0 1 -18.1609 0 0 0 1 
				5
				-0.573575 0.819153 0 0 -0.819153 -0.573575 -0 2.84751 -0 -0 1 -17.9728 0 0 0 1 
				6
				-0.573575 0.819153 0 0 -0.819153 -0.573575 -0 2.84751 -0 -0 1 -17.7869 0 0 0 1 
				7
				-0.573575 0.819153 0 0 -0.819153 -0.573575 -0 2.84751 -0 -0 1 -17.6066 0 0 0 1 
				8
				-0.573575 0.819153 0 0 -0.819153 -0.573575 -0 2.84751 -0 -0 1 -17.4351 0 0 0 1 
				9
				-0.573575 0.819153 -3.53493e-33 0 -0.819153 -0.573575 -5.04842e-33 2.84751 -6.16298e-33 -0 1 -17.2757 0 0 0 1 
				10
				-0.573575 0.819153 0 0 -0.819153 -0.573575 -0 2.84751 -0 -0 1 -17.1317 0 0 0 1 
				11
				-0.573575 0.819153 0 0 -0.819153 -0.573575 -0 2.84751 -0 -0 1 -17.0065 0 0 0 1 
				12
				-0.573575 0.819153 0 0 -0.819153 -0.573575 -0 2.84751 -0 -0 1 -16.9034 0 0 0 1 
				13
				-0.573575 0.819153 0 0 -0.819153 -0.573575 -0 2.84751 -0 -0 1 -16.8256 0 0 0 1 
				14
				-0.573575 0.819153 0 0 -0.819153 -0.573575 -0 2.84751 -0 -0 1 -16.7765 0 0 0 1 
				15
				-0.573575 0.819153 0 0 -0.819153 -0.573575 -0 2.84751 -0 -0 1 -16.7594 0 0 0 1 
				16
				-0.573575 0.819153 0 0 -0.819153 -0.573575 -0 2.84751 -0 -0 1 -16.7765 0 0 0 1 
				17
				-0.573575 0.819153 0 0 -0.819153 -0.573575 -0 2.84751 -0 -0 1 -16.8256 0 0 0 1 
				18
				-0.573575 0.819153 0 0 -0.819153 -0.573575 -0 2.84751 -0 -0 1 -16.9034 0 0 0 1 
				19
				-0.573575 0.819153 0 0 -0.819153 -0.573575 -0 2.84751 -0 -0 1 -17.0065 0 0 0 1 
				20
				-0.573575 0.819153 0 0 -0.819153 -0.573575 -0 2.84751 -0 -0 1 -17.1317 0 0 0 1 
				21
				-0.573575 0.819153 -3.53493e-33 0 -0.819153 -0.573575 -5.04842e-33 2.84751 -6.16298e-33 -0 1 -17.2757 0 0 0 1 
				22
				-0.573575 0.819153 0 0 -0.819153 -0.573575 -0 2.84751 -0 -0 1 -17.4351 0 0 0 1 
				23
				-0.573575 0.819153 0 0 -0.819153 -0.573575 -0 2.84751 -0 -0 1 -17.6066 0 0 0 1 
				24
				-0.573575 0.819153 0 0 -0.819153 -0.573575 -0 2.84751 -0 -0 1 -17.7869 0 0 0 1 
				25
				-0.573575 0.819153 0 0 -0.819153 -0.573575 -0 2.84751 -0 -0 1 -17.9728 0 0 0 1 
				26
				-0.573575 0.819153 0 0 -0.819153 -0.573575 -0 2.84751 -0 -0 1 -18.1609 0 0 0 1 
				27
				-0.573575 0.819153 0 0 -0.819153 -0.573575 -0 2.84751 -0 -0 1 -18.3479 0 0 0 1 
				28
				-0.573575 0.819153 0 0 -0.819153 -0.573575 -0 2.84751 -0 -0 1 -18.5304 0 0 0 1 
				29
				-0.573575 0.819153 0 0 -0.819153 -0.573575 -0 2.84751 -0 -0 1 -18.7053 0 0 0 1 
				30
				-0.573575 0.819153 0 0 -0.819153 -0.573575 -0 2.84751 -0 -0 1 -18.8691 0 0 0 1 
				31
				-0.573575 0.819153 0 0 -0.819153 -0.573575 -0 2.84751 -0 -0 1 -19.0186 0 0 0 1 
		</Joint>
			1
				-1
				1.33158e-06 -0.573574 -0.819154 0 0 -0.819154 0.573574 2.84751 -1 -7.6376e-07 -1.09077e-06 -19.0186 0 0 0 1 
				0
				1.33158e-06 -0.573574 -0.819154 0 0 -0.819154 0.573574 2.84751 -1 -7.6376e-07 -1.09077e-06 -18.8691 0 0 0 1 
				1
				1.33158e-06 -0.573574 -0.819154 0 0 -0.819154 0.573574 2.84751 -1 -7.6376e-07 -1.09077e-06 -18.7053 0 0 0 1 
				2
				1.33158e-06 -0.573574 -0.819154 0 0 -0.819154 0.573574 2.84751 -1 -7.6376e-07 -1.09077e-06 -18.5304 0 0 0 1 
				3
				1.33158e-06 -0.573574 -0.819154 0 0 -0.819154 0.573574 2.84751 -1 -7.6376e-07 -1.09077e-06 -18.3479 0 0 0 1 
				4
				1.33158e-06 -0.573574 -0.819154 0 0 -0.819154 0.573574 2.84751 -1 -7.6376e-07 -1.09077e-06 -18.1609 0 0 0 1 
				5
				1.33158e-06 -0.573574 -0.819154 0 0 -0.819154 0.573574 2.84751 -1 -7.6376e-07 -1.09077e-06 -17.9728 0 0 0 1 
				6
				1.33158e-06 -0.573574 -0.819154 0 0 -0.819154 0.573574 2.84751 -1 -7.6376e-07 -1.09077e-06 -17.7869 0 0 0 1 
				7
				1.33158e-06 -0.573574 -0.819154 0 0 -0.819154 0.573574 2.84751 -1 -7.6376e-07 -1.09077e-06 -17.6066 0 0 0 1 
				8
				1.33158e-06 -0.573574 -0.819154 0 0 -0.819154 0.573574 2.84751 -1 -7.6376e-07 -1.09077e-06 -17.4351 0 0 0 1 
				9
				1.33158e-06 -0.573574 -0.819154 0 0 -0.819154 0.573574 2.84751 -1 -7.6376e-07 -1.09077e-06 -17.2757 0 0 0 1 
				10
				1.33158e-06 -0.573574 -0.819154 0 0 -0.819154 0.573574 2.84751 -1 -7.6376e-07 -1.09077e-06 -17.1317 0 0 0 1 
				11
				1.33158e-06 -0.573574 -0.819154 0 0 -0.819154 0.573574 2.84751 -1 -7.6376e-07 -1.09077e-06 -17.0065 0 0 0 1 
				12
				1.33158e-06 -0.573574 -0.819154 0 0 -0.819154 0.573574 2.84751 -1 -7.6376e-07 -1.09077e-06 -16.9034 0 0 0 1 
				13
				1.33158e-06 -0.573574 -0.819154 0 0 -0.819154 0.573574 2.84751 -1 -7.6376e-07 -1.09077e-06 -16.8256 0 0 0 1 
				14
				1.33158e-06 -0.573574 -0.819154 0 0 -0.819154 0.573574 2.84751 -1 -7.6376e-07 -1.09077e-06 -16.7765 0 0 0 1 
				15
				1.33158e-06 -0.573574 -0.819154 0 0 -0.819154 0.573574 2.84751 -1 -7.6376e-07 -1.09077e-06 -16.7594 0 0 0 1 
				16
				1.33158e-06 -0.573574 -0.819154 0 0 -0.819154 0.573574 2.84751 -1 -7.6376e-07 -1.09077e-06 -16.7765 0 0 0 1 
				17
				1.33158e-06 -0.573574 -0.819154 0 0 -0.819154 0.573574 2.84751 -1 -7.6376e-07 -1.09077e-06 -16.8256 0 0 0 1 
				18
				1.33158e-06 -0.573574 -0.819154 0 0 -0.819154 0.573574 2.84751 -1 -7.6376e-07 -1.09077e-06 -16.9034 0 0 0 1 
				19
				1.33158e-06 -0.573574 -0.819154 0 0 -0.819154 0.573574 2.84751 -1 -7.6376e-07 -1.09077e-06 -17.0065 0 0 0 1 
				20
				1.33158e-06 -0.573574 -0.819154 0 0 -0.819154 0.573574 2.84751 -1 -7.6376e-07 -1.09077e-06 -17.1317 0 0 0 1 
				21
				1.33158e-06 -0.573574 -0.819154 0 0 -0.819154 0.573574 2.84751 -1 -7.6376e-07 -1.09077e-06 -17.2757 0 0 0 1 
				22
				1.33158e-06 -0.573574 -0.819154 0 0 -0.819154 0.573574 2.84751 -1 -7.6376e-07 -1.09077e-06 -17.4351 0 0 0 1 
				23
				1.33158e-06 -0.573574 -0.819154 0 0 -0.819154 0.573574 2.84751 -1 -7.6376e-07 -1.09077e-06 -17.6066 0 0 0 1 
				24
				1.33158e-06 -0.573574 -0.819154 0 0 -0.819154 0.573574 2.84751 -1 -7.6376e-07 -1.09077e-06 -17.7869 0 0 0 1 
				25
				1.33158e-06 -0.573574 -0.819154 0 0 -0.819154 0.573574 2.84751 -1 -7.6376e-07 -1.09077e-06 -17.9728 0 0 0 1 
				26
				1.33158e-06 -0.573574 -0.819154 0 0 -0.819154 0.573574 2.84751 -1 -7.6376e-07 -1.09077e-06 -18.1609 0 0 0 1 
				27
				1.33158e-06 -0.573574 -0.819154 0 0 -0.819154 0.573574 2.84751 -1 -7.6376e-07 -1.09077e-06 -18.3479 0 0 0 1 
				28
				1.33158e-06 -0.573574 -0.819154 0 0 -0.819154 0.573574 2.84751 -1 -7.6376e-07 -1.09077e-06 -18.5304 0 0 0 1 
				29
				1.33158e-06 -0.573574 -0.819154 0 0 -0.819154 0.573574 2.84751 -1 -7.6376e-07 -1.09077e-06 -18.7053 0 0 0 1 
				30
				1.33158e-06 -0.573574 -0.819154 0 0 -0.819154 0.573574 2.84751 -1 -7.6376e-07 -1.09077e-06 -18.8691 0 0 0 1 
				31
				1.33158e-06 -0.573574 -0.819154 0 0 -0.819154 0.573574 2.84751 -1 -7.6376e-07 -1.09077e-06 -19.0186 0 0 0 1 
		</Joint>
			2
				-1
				-0.171245 -0.296063 -0.939692 0.00155322 -0.470496 -0.813422 0.342021 2.85177 -0.865626 0.500691 -2.34185e-06 -21.9326 0 0 0 1 
				0
				-0.172951 -0.29507 -0.939692 0.00154823 -0.475184 -0.810692 0.342021 2.85176 -0.862721 0.505679 -2.34908e-06 -21.7832 0 0 0 1 
				1
				-0.174815 -0.293969 -0.939692 0.00154221 -0.480305 -0.807669 0.342021 2.85174 -0.859504 0.511129 -2.39906e-06 -21.6194 0 0 0 1 
				2
				-0.176797 -0.292782 -0.939692 0.00153588 -0.485749 -0.804406 0.342021 2.85172 -0.856032 0.516923 -2.45553e-06 -21.4446 0 0 0 1 
				3
				-0.178857 -0.291528 -0.939692 0.00152954 -0.491409 -0.800961 0.342021 2.8517 -0.852366 0.522946 -2.36803e-06 -21.2621 0 0 0 1 
				4
				-0.180957 -0.290229 -0.939692 0.0015228 -0.49718 -0.797391 0.342021 2.85169 -0.848567 0.529088 -2.45829e-06 -21.0752 0 0 0 1 
				5
				-0.183061 -0.288906 -0.939692 0.00151576 -0.502961 -0.793758 0.342021 2.85167 -0.8447 0.53524 -2.49237e-06 -20.8871 0 0 0 1 
				6
				-0.185131 -0.287584 -0.939692 0.0015088 -0.508648 -0.790126 0.342021 2.85165 -0.840835 0.541291 -2.504e-06 -20.7012 0 0 0 1 
				7
				-0.18713 -0.286288 -0.939692 0.00150238 -0.51414 -0.786564 0.342021 2.85163 -0.837044 0.547135 -2.52869e-06 -20.5209 0 0 0 1 
				8
				-0.189022 -0.285042 -0.939692 0.00149564 -0.519339 -0.78314 0.342021 2.85161 -0.833401 0.552669 -2.51549e-06 -20.3495 0 0 0 1 
				9
				-0.190774 -0.283872 -0.939692 0.00148944 -0.524152 -0.779927 0.342021 2.85159 -0.829982 0.55779 -2.58519e-06 -20.1901 0 0 0 1 
				10
				-0.19235 -0.282807 -0.939692 0.00148378 -0.528482 -0.777 0.342021 2.85158 -0.826867 0.562398 -2.55216e-06 -20.0461 0 0 0 1 
				11
				-0.193715 -0.281874 -0.939692 0.00147874 -0.532233 -0.774435 0.342021 2.85157 -0.824138 0.56639 -2.52137e-06 -19.921 0 0 0 1 
				12
				-0.194836 -0.2811 -0.939692 0.00147499 -0.535313 -0.772309 0.342021 2.85155 -0.821875 0.569668 -2.58936e-06 -19.8179 0 0 0 1 
				13
				-0.19568 -0.280513 -0.939692 0.00147183 -0.537631 -0.770697 0.342021 2.85155 -0.82016 0.572135 -2.53944e-06 -19.7401 0 0 0 1 
				14
				-0.196212 -0.280141 -0.939692 0.00146999 -0.539092 -0.769676 0.342021 2.85154 -0.819073 0.57369 -2.59417e-06 -19.691 0 0 0 1 
				15
				-0.196397 -0.280012 -0.939692 0.00146893 -0.5396 -0.76932 0.342021 2.85154 -0.818694 0.57423 -2.67872e-06 -19.6739 0 0 0 1 
				16
				-0.196212 -0.280141 -0.939692 0.00146993 -0.539093 -0.769676 0.342021 2.85154 -0.819073 0.57369 -2.6208e-06 -19.691 0 0 0 1 
				17
				-0.19568 -0.280513 -0.939692 0.00147174 -0.537631 -0.770697 0.342021 2.85155 -0.82016 0.572135 -2.52221e-06 -19.7401 0 0 0 1 
				18
				-0.194836 -0.2811 -0.939692 0.0014747 -0.535313 -0.772309 0.342021 2.85155 -0.821875 0.569667 -2.56438e-06 -19.8179 0 0 0 1 
				19
				-0.193715 -0.281874 -0.939692 0.00147877 -0.532233 -0.774435 0.342021 2.85157 -0.824138 0.56639 -2.53477e-06 -19.921 0 0 0 1 
				20
				-0.19235 -0.282807 -0.939692 0.00148374 -0.528482 -0.777 0.342021 2.85158 -0.826867 0.562398 -2.56939e-06 -20.0461 0 0 0 1 
				21
				-0.190774 -0.283872 -0.939692 0.00148934 -0.524152 -0.779927 0.342021 2.85159 -0.829982 0.55779 -2.61965e-06 -20.1901 0 0 0 1 
				22
				-0.189022 -0.285042 -0.939692 0.00149547 -0.519339 -0.78314 0.342021 2.85161 -0.833401 0.552669 -2.56349e-06 -20.3495 0 0 0 1 
				23
				-0.18713 -0.286288 -0.939692 0.00150238 -0.51414 -0.786564 0.342021 2.85163 -0.837044 0.547135 -2.52869e-06 -20.5209 0 0 0 1 
				24
				-0.185131 -0.287584 -0.939692 0.00150884 -0.508648 -0.790126 0.342021 2.85165 -0.840835 0.541291 -2.504e-06 -20.7012 0 0 0 1 
				25
				-0.183061 -0.288906 -0.939692 0.00151565 -0.502961 -0.793758 0.342021 2.85167 -0.8447 0.53524 -2.50942e-06 -20.8871 0 0 0 1 
				26
				-0.180957 -0.290229 -0.939692 0.00152272 -0.497181 -0.797391 0.342021 2.85169 -0.848567 0.529088 -2.43914e-06 -21.0752 0 0 0 1 
				27
				-0.178857 -0.291528 -0.939692 0.0015295 -0.491409 -0.800961 0.342021 2.8517 -0.852366 0.522946 -2.44303e-06 -21.2621 0 0 0 1 
				28
				-0.176797 -0.292782 -0.939692 0.00153589 -0.485749 -0.804406 0.342021 2.85172 -0.856032 0.516923 -2.4486e-06 -21.4446 0 0 0 1 
				29
				-0.174815 -0.29397 -0.939692 0.00154218 -0.480305 -0.807669 0.342021 2.85174 -0.859504 0.511129 -2.46909e-06 -21.6194 0 0 0 1 
				30
				-0.172951 -0.29507 -0.939692 0.00154822 -0.475184 -0.810692 0.342021 2.85176 -0.862721 0.505679 -2.32232e-06 -21.7832 0 0 0 1 
				31
				-0.171245 -0.296063 -0.939692 0.00155322 -0.470496 -0.813422 0.342021 2.85177 -0.865626 0.500691 -2.34185e-06 -21.9326 0 0 0 1 
		</Joint>
			3
				-1
				-0.175869 -0.0124095 -0.984335 -1.12559 -0.615202 -0.779223 0.119741 -0.24115 -0.768503 0.626623 0.129407 -27.6338 0 0 0 1 
				0
				-0.177444 -0.0101439 -0.984078 -1.13684 -0.623828 -0.772225 0.120446 -0.272057 -0.761151 0.635269 0.130699 -27.4653 0 0 0 1 
				1
				-0.179139 -0.00763028 -0.983794 -1.14912 -0.633194 -0.764441 0.121227 -0.305823 -0.752977 0.644649 0.13211 -27.2804 0 0 0 1 
				2
				-0.180911 -0.0049137 -0.983487 -1.16219 -0.64308 -0.756007 0.122071 -0.341723 -0.744123 0.654545 0.13361 -27.0828 0 0 0 1 
				3
				-0.182719 -0.00204061 -0.983163 -1.17577 -0.653279 -0.747066 0.122961 -0.379043 -0.734738 0.664747 0.13517 -26.8762 0 0 0 1 
				4
				-0.184526 0.000939812 -0.982827 -1.18962 -0.663593 -0.737765 0.123884 -0.417098 -0.724979 0.675057 0.13676 -26.6643 0 0 0 1 
				5
				-0.186297 0.00397742 -0.982485 -1.20349 -0.673836 -0.728261 0.124823 -0.45522 -0.71501 0.685288 0.138353 -26.4509 0 0 0 1 
				6
				-0.188001 0.00701666 -0.982144 -1.21714 -0.683822 -0.718729 0.125762 -0.492721 -0.705013 0.695255 0.13992 -26.2396 0 0 0 1 
				7
				-0.18961 0.00999959 -0.981808 -1.23032 -0.693379 -0.70935 0.126683 -0.528936 -0.695179 0.704785 0.141433 -26.0344 0 0 0 1 
				8
				-0.191099 0.012868 -0.981486 -1.2428 -0.702346 -0.700311 0.127568 -0.563229 -0.685704 0.713722 0.142867 -25.839 0 0 0 1 
				9
				-0.192446 0.0155607 -0.981184 -1.25435 -0.710575 -0.691807 0.128398 -0.59497 -0.676792 0.721915 0.144193 -25.6571 0 0 0 1 
				10
				-0.193632 0.0180145 -0.980908 -1.26474 -0.717917 -0.684042 0.129155 -0.623525 -0.668656 0.72922 0.145386 -25.4927 0 0 0 1 
				11
				-0.19464 0.0201647 -0.980667 -1.27374 -0.72423 -0.677228 0.129818 -0.648266 -0.661517 0.735497 0.14642 -25.3496 0 0 0 1 
				12
				-0.195453 0.0219468 -0.980467 -1.28113 -0.729381 -0.671571 0.130368 -0.668581 -0.655592 0.740615 0.147268 -25.2317 0 0 0 1 
				13
				-0.196057 0.0232983 -0.980315 -1.2867 -0.733238 -0.667276 0.130784 -0.683873 -0.651094 0.744446 0.147907 -25.1426 0 0 0 1 
				14
				-0.196433 0.0241543 -0.980219 -1.29021 -0.735659 -0.664553 0.131049 -0.693509 -0.648243 0.74685 0.14831 -25.0864 0 0 0 1 
				15
				-0.196563 0.0244523 -0.980186 -1.29142 -0.736499 -0.663605 0.131141 -0.696856 -0.64725 0.747683 0.14845 -25.0668 0 0 0 1 
				16
				-0.196433 0.0241543 -0.980219 -1.29021 -0.73566 -0.664553 0.131048 -0.69351 -0.648243 0.74685 0.14831 -25.0864 0 0 0 1 
				17
				-0.196057 0.0232984 -0.980315 -1.2867 -0.733238 -0.667276 0.130784 -0.683873 -0.651094 0.744446 0.147907 -25.1426 0 0 0 1 
				18
				-0.195453 0.021947 -0.980467 -1.28113 -0.729381 -0.67157 0.130367 -0.668581 -0.655592 0.740615 0.147268 -25.2317 0 0 0 1 
				19
				-0.19464 0.0201646 -0.980667 -1.27374 -0.72423 -0.677228 0.129818 -0.648265 -0.661518 0.735497 0.14642 -25.3496 0 0 0 1 
				20
				-0.193632 0.0180145 -0.980908 -1.26474 -0.717917 -0.684042 0.129155 -0.623525 -0.668656 0.72922 0.145386 -25.4927 0 0 0 1 
				21
				-0.192446 0.0155606 -0.981184 -1.25435 -0.710575 -0.691807 0.128398 -0.59497 -0.676792 0.721915 0.144193 -25.6571 0 0 0 1 
				22
				-0.191099 0.0128678 -0.981486 -1.2428 -0.702346 -0.700311 0.127568 -0.563227 -0.685705 0.713722 0.142866 -25.839 0 0 0 1 
				23
				-0.18961 0.00999959 -0.981808 -1.23032 -0.693379 -0.70935 0.126683 -0.528936 -0.695179 0.704785 0.141433 -26.0344 0 0 0 1 
				24
				-0.188001 0.00701669 -0.982144 -1.21714 -0.683822 -0.718729 0.125762 -0.492721 -0.705013 0.695255 0.13992 -26.2396 0 0 0 1 
				25
				-0.186297 0.0039775 -0.982485 -1.20349 -0.673836 -0.728261 0.124823 -0.455221 -0.71501 0.685288 0.138353 -26.4509 0 0 0 1 
				26
				-0.184526 0.000939853 -0.982827 -1.18962 -0.663593 -0.737765 0.123884 -0.4171 -0.724979 0.675057 0.13676 -26.6643 0 0 0 1 
				27
				-0.182719 -0.00204076 -0.983163 -1.17577 -0.653279 -0.747066 0.122961 -0.379042 -0.734738 0.664747 0.13517 -26.8762 0 0 0 1 
				28
				-0.180911 -0.00491357 -0.983487 -1.16219 -0.64308 -0.756007 0.122071 -0.341724 -0.744123 0.654545 0.13361 -27.0828 0 0 0 1 
				29
				-0.179139 -0.00763044 -0.983794 -1.14912 -0.633193 -0.764441 0.121228 -0.305823 -0.752977 0.644649 0.13211 -27.2804 0 0 0 1 
				30
				-0.177444 -0.0101439 -0.984079 -1.13684 -0.623829 -0.772224 0.120446 -0.272057 -0.761151 0.635269 0.130699 -27.4653 0 0 0 1 
				31
				-0.175869 -0.0124095 -0.984335 -1.12559 -0.615202 -0.779223 0.119741 -0.24115 -0.768503 0.626623 0.129407 -27.6338 0 0 0 1 
		</Joint>
			4
				-1
				-0.175869 -0.0124095 -0.984335 -2.28321 -0.615202 -0.779223 0.119741 -4.2891 -0.768503 0.626623 0.129407 -32.6937 0 0 0 1 
				0
				-0.177444 -0.0101439 -0.984078 -2.30483 -0.623828 -0.772225 0.120446 -4.37681 -0.761151 0.635269 0.130699 -32.4768 0 0 0 1 
				1
				-0.179139 -0.00763027 -0.983794 -2.32828 -0.633194 -0.764441 0.121227 -4.47223 -0.752977 0.644649 0.13211 -32.2381 0 0 0 1 
				2
				-0.180911 -0.00491369 -0.983487 -2.35301 -0.64308 -0.756007 0.122071 -4.57322 -0.744123 0.654545 0.13361 -31.9822 0 0 0 1 
				3
				-0.182719 -0.0020406 -0.983163 -2.3785 -0.653279 -0.747066 0.122961 -4.6777 -0.734738 0.664747 0.13517 -31.7139 0 0 0 1 
				4
				-0.184526 0.000939811 -0.982827 -2.40425 -0.663593 -0.737765 0.123884 -4.78366 -0.724979 0.675057 0.13676 -31.4378 0 0 0 1 
				5
				-0.186297 0.00397743 -0.982485 -2.42979 -0.673836 -0.728261 0.124823 -4.88923 -0.71501 0.685288 0.138353 -31.1587 0 0 0 1 
				6
				-0.188001 0.00701666 -0.982144 -2.45466 -0.683822 -0.718729 0.125762 -4.99248 -0.705013 0.695255 0.13992 -30.8817 0 0 0 1 
				7
				-0.18961 0.0099996 -0.981808 -2.47843 -0.693379 -0.70935 0.126683 -5.09162 -0.695179 0.704785 0.141433 -30.6118 0 0 0 1 
				8
				-0.191099 0.012868 -0.981486 -2.50072 -0.702346 -0.700311 0.127568 -5.18496 -0.685704 0.713722 0.142867 -30.354 0 0 0 1 
				9
				-0.192446 0.0155607 -0.981184 -2.52114 -0.710575 -0.691807 0.128398 -5.27089 -0.676792 0.721915 0.144193 -30.1135 0 0 0 1 
				10
				-0.193632 0.0180145 -0.980908 -2.53935 -0.717917 -0.684042 0.129155 -5.34778 -0.668656 0.72922 0.145386 -29.8956 0 0 0 1 
				11
				-0.19464 0.0201647 -0.980667 -2.55499 -0.72423 -0.677228 0.129818 -5.41409 -0.661517 0.735497 0.14642 -29.7055 0 0 0 1 
				12
				-0.195453 0.0219468 -0.980467 -2.56773 -0.729381 -0.671571 0.130368 -5.46833 -0.655592 0.740615 0.147268 -29.5486 0 0 0 1 
				13
				-0.196057 0.0232983 -0.980315 -2.57728 -0.733238 -0.667276 0.130784 -5.50901 -0.651094 0.744446 0.147907 -29.4299 0 0 0 1 
				14
				-0.196433 0.0241543 -0.980219 -2.58326 -0.735659 -0.664553 0.131049 -5.5346 -0.648243 0.74685 0.14831 -29.3549 0 0 0 1 
				15
				-0.196563 0.0244523 -0.980186 -2.58534 -0.736499 -0.663605 0.131141 -5.54347 -0.64725 0.747683 0.14845 -29.3288 0 0 0 1 
				16
				-0.196433 0.0241543 -0.980219 -2.58326 -0.735659 -0.664553 0.131048 -5.5346 -0.648243 0.74685 0.14831 -29.3549 0 0 0 1 
				17
				-0.196057 0.0232984 -0.980315 -2.57728 -0.733238 -0.667276 0.130784 -5.50901 -0.651094 0.744446 0.147907 -29.4299 0 0 0 1 
				18
				-0.195453 0.021947 -0.980467 -2.56773 -0.729381 -0.67157 0.130367 -5.46833 -0.655592 0.740615 0.147268 -29.5486 0 0 0 1 
				19
				-0.19464 0.0201646 -0.980667 -2.55499 -0.72423 -0.677228 0.129818 -5.41409 -0.661517 0.735497 0.14642 -29.7055 0 0 0 1 
				20
				-0.193632 0.0180145 -0.980908 -2.53935 -0.717917 -0.684042 0.129155 -5.34778 -0.668656 0.72922 0.145386 -29.8956 0 0 0 1 
				21
				-0.192446 0.0155606 -0.981184 -2.52114 -0.710575 -0.691807 0.128398 -5.27089 -0.676792 0.721915 0.144193 -30.1135 0 0 0 1 
				22
				-0.191099 0.0128678 -0.981486 -2.50072 -0.702346 -0.700311 0.127568 -5.18496 -0.685704 0.713721 0.142866 -30.354 0 0 0 1 
				23
				-0.18961 0.0099996 -0.981808 -2.47843 -0.693379 -0.70935 0.126683 -5.09162 -0.695179 0.704785 0.141433 -30.6118 0 0 0 1 
				24
				-0.188001 0.00701668 -0.982144 -2.45466 -0.683822 -0.718729 0.125762 -4.99248 -0.705013 0.695255 0.13992 -30.8817 0 0 0 1 
				25
				-0.186297 0.00397749 -0.982485 -2.42979 -0.673836 -0.728261 0.124823 -4.88923 -0.71501 0.685288 0.138353 -31.1587 0 0 0 1 
				26
				-0.184526 0.000939857 -0.982827 -2.40425 -0.663593 -0.737765 0.123884 -4.78367 -0.724979 0.675057 0.13676 -31.4378 0 0 0 1 
				27
				-0.182719 -0.00204076 -0.983163 -2.3785 -0.653279 -0.747066 0.122961 -4.6777 -0.734738 0.664747 0.13517 -31.7139 0 0 0 1 
				28
				-0.180911 -0.00491356 -0.983487 -2.35301 -0.64308 -0.756007 0.122071 -4.57323 -0.744123 0.654545 0.13361 -31.9822 0 0 0 1 
				29
				-0.179139 -0.00763044 -0.983794 -2.32828 -0.633193 -0.764441 0.121228 -4.47223 -0.752977 0.644649 0.13211 -32.2381 0 0 0 1 
				30
				-0.177445 -0.0101439 -0.984078 -2.30483 -0.623828 -0.772224 0.120446 -4.3768 -0.761151 0.635269 0.130699 -32.4768 0 0 0 1 
				31
				-0.175869 -0.0124095 -0.984335 -2.28321 -0.615202 -0.779223 0.119741 -4.2891 -0.768503 0.626623 0.129407 -32.6937 0 0 0 1 
		</Joint>
			5
				-1
				5.24187e-07 -1.48407e-06 -1 -2.72775 -0.0871563 -0.996195 1.43274e-06 -5.84414 -0.996195 0.0871563 -6.51538e-07 -34.6363 0 0 0 1 
				0
				5.10694e-07 -9.96224e-07 -1 -2.75335 -0.0871563 -0.996195 9.47923e-07 -5.95365 -0.996195 0.0871563 -5.95578e-07 -34.4008 0 0 0 1 
				1
				4.48313e-07 -8.83052e-07 -1 -2.78109 -0.0871564 -0.996195 8.40619e-07 -6.07275 -0.996195 0.0871564 -5.2357e-07 -34.1414 0 0 0 1 
				2
				5.68212e-07 -1.21954e-06 -1 -2.8103 -0.0871562 -0.996194 1.16537e-06 -6.19874 -0.996194 0.0871562 -6.7234e-07 -33.8631 0 0 0 1 
				3
				5.31236e-07 -9.25647e-07 -1 -2.84036 -0.0871564 -0.996194 8.75825e-07 -6.32899 -0.996195 0.0871564 -6.0989e-07 -33.5711 0 0 0 1 
				4
				4.95914e-07 -1.14071e-06 -1 -2.87067 -0.0871562 -0.996194 1.09314e-06 -6.46102 -0.996194 0.0871562 -5.93447e-07 -33.2703 0 0 0 1 
				5
				5.86783e-07 -1.16857e-06 -1 -2.90069 -0.0871563 -0.996195 1.11298e-06 -6.59248 -0.996195 0.0871563 -6.86398e-07 -32.9661 0 0 0 1 
				6
				5.93874e-07 -7.06644e-07 -1 -2.92987 -0.0871562 -0.996194 6.52196e-07 -6.72097 -0.996194 0.0871562 -6.53203e-07 -32.6638 0 0 0 1 
				7
				6.09059e-07 -1.52084e-06 -1 -2.95771 -0.0871562 -0.996195 1.46197e-06 -6.84427 -0.996195 0.0871562 -7.39293e-07 -32.369 0 0 0 1 
				8
				4.42506e-07 -6.43224e-07 -1 -2.98376 -0.0871562 -0.996195 6.02209e-07 -6.96028 -0.996195 0.0871562 -4.96883e-07 -32.0873 0 0 0 1 
				9
				5.8412e-07 -9.8674e-07 -1 -3.00759 -0.0871563 -0.996194 9.32075e-07 -7.067 -0.996194 0.0871563 -6.67898e-07 -31.8242 0 0 0 1 
				10
				5.27926e-07 -8.63078e-07 -1 -3.02879 -0.0871563 -0.996194 8.13781e-07 -7.16246 -0.996194 0.0871563 -6.01139e-07 -31.5857 0 0 0 1 
				11
				3.08856e-07 -5.62735e-07 -1 -3.04698 -0.0871566 -0.996195 5.33674e-07 -7.24473 -0.996195 0.0871566 -3.56727e-07 -31.3776 0 0 0 1 
				12
				6.23213e-07 -1.47796e-06 -1 -3.06178 -0.0871562 -0.996195 1.41802e-06 -7.31198 -0.996195 0.0871562 -7.49654e-07 -31.2057 0 0 0 1 
				13
				5.15021e-07 -1.23129e-06 -1 -3.07285 -0.0871564 -0.996194 1.18172e-06 -7.36242 -0.996195 0.0871564 -6.20376e-07 -31.0757 0 0 0 1 
				14
				6.31254e-07 -1.12527e-06 -1 -3.07979 -0.0871562 -0.996194 1.06597e-06 -7.39412 -0.996195 0.0871562 -7.26926e-07 -30.9934 0 0 0 1 
				15
				6.41554e-07 -7.32979e-07 -1 -3.08219 -0.0871563 -0.996194 6.74274e-07 -7.40511 -0.996194 0.0871563 -7.02996e-07 -30.9648 0 0 0 1 
				16
				5.35406e-07 -1.12531e-06 -1 -3.07979 -0.0871562 -0.996194 1.07437e-06 -7.39412 -0.996195 0.0871562 -6.31446e-07 -30.9934 0 0 0 1 
				17
				4.97311e-07 -9.85929e-07 -1 -3.07285 -0.0871563 -0.996194 9.38834e-07 -7.36241 -0.996195 0.0871563 -5.81348e-07 -31.0757 0 0 0 1 
				18
				5.19575e-07 -1.01976e-06 -1 -3.06178 -0.0871563 -0.996194 9.70592e-07 -7.31198 -0.996195 0.0871563 -6.06476e-07 -31.2057 0 0 0 1 
				19
				3.61945e-07 -7.94125e-07 -1 -3.04698 -0.0871564 -0.996195 7.59557e-07 -7.24472 -0.996195 0.0871564 -4.29781e-07 -31.3776 0 0 0 1 
				20
				5.38532e-07 -8.47355e-07 -1 -3.02879 -0.0871562 -0.996194 7.97194e-07 -7.16246 -0.996195 0.0871562 -6.10334e-07 -31.5857 0 0 0 1 
				21
				5.88332e-07 -1.13358e-06 -1 -3.00759 -0.0871563 -0.996194 1.07798e-06 -7.067 -0.996194 0.0871563 -6.84892e-07 -31.8242 0 0 0 1 
				22
				6.00074e-07 -1.36668e-06 -1 -2.98376 -0.087156 -0.996194 1.30918e-06 -6.96028 -0.996194 0.087156 -7.16905e-07 -32.0873 0 0 0 1 
				23
				6.09059e-07 -1.52084e-06 -1 -2.95771 -0.0871562 -0.996195 1.46197e-06 -6.84427 -0.996195 0.0871562 -7.39293e-07 -32.369 0 0 0 1 
				24
				5.70033e-07 -6.557e-07 -1 -2.92987 -0.0871562 -0.996194 6.03523e-07 -6.72097 -0.996194 0.0871562 -6.25012e-07 -32.6638 0 0 0 1 
				25
				4.97476e-07 -1.84997e-06 -1 -2.90069 -0.0871564 -0.996195 1.79958e-06 -6.59248 -0.996195 0.0871564 -6.5682e-07 -32.9661 0 0 0 1 
				26
				4.24282e-07 -1.15215e-06 -1 -2.87067 -0.0871562 -0.996194 1.11079e-06 -6.46102 -0.996195 0.0871562 -5.23084e-07 -33.2703 0 0 0 1 
				27
				4.98284e-07 -1.0272e-06 -1 -2.84036 -0.0871563 -0.996194 9.79858e-07 -6.32899 -0.996195 0.0871563 -5.85915e-07 -33.5711 0 0 0 1 
				28
				5.11589e-07 -1.06993e-06 -1 -2.8103 -0.0871562 -0.996194 1.02127e-06 -6.19874 -0.996195 0.0871562 -6.02893e-07 -33.8631 0 0 0 1 
				29
				5.41435e-07 -1.10161e-06 -1 -2.78109 -0.0871563 -0.996194 1.05023e-06 -6.07275 -0.996195 0.0871563 -6.35387e-07 -34.1414 0 0 0 1 
				30
				4.55929e-07 -1.12683e-06 -1 -2.75336 -0.0871563 -0.996194 1.0828e-06 -5.95365 -0.996194 0.0871563 -5.52405e-07 -34.4008 0 0 0 1 
				31
				5.24187e-07 -1.48407e-06 -1 -2.72775 -0.0871563 -0.996195 1.43274e-06 -5.84414 -0.996195 0.0871563 -6.51538e-07 -34.6363 0 0 0 1 
		</Joint>
			6
		</Joint>
			7
				-1
				0.990171 0.0125467 -0.139301 -0.94506 0.0775293 0.779713 0.621318 -4.45345 0.11641 -0.626011 0.771076 -32.8684 0 0 0 1 
				0
				0.990417 0.0102824 -0.137722 -0.967024 0.0795462 0.772721 0.629742 -4.5421 0.112896 -0.634662 0.764498 -32.6533 0 0 0 1 
				1
				0.990675 0.00777008 -0.136021 -0.990856 0.0817208 0.764945 0.638891 -4.63858 0.109013 -0.644049 0.757177 -32.4164 0 0 0 1 
				2
				0.990936 0.00505492 -0.13424 -1.016 0.083999 0.756518 0.648555 -4.74069 0.104833 -0.653952 0.749237 -32.1626 0 0 0 1 
				3
				0.991191 0.00218324 -0.132419 -1.04192 0.0863301 0.747586 0.658531 -4.84636 0.100432 -0.664162 0.740812 -31.8963 0 0 0 1 
				4
				0.991435 -0.000795703 -0.130595 -1.06812 0.0886661 0.738293 0.668627 -4.95356 0.0958852 -0.67448 0.73204 -31.6224 0 0 0 1 
				5
				0.991663 -0.00383193 -0.128803 -1.09412 0.0909643 0.728798 0.67866 -5.06038 0.0912706 -0.684718 0.72307 -31.3455 0 0 0 1 
				6
				0.991869 -0.0068695 -0.127074 -1.11945 0.0931828 0.719274 0.688448 -5.16489 0.086672 -0.694692 0.714066 -31.0705 0 0 0 1 
				7
				0.992052 -0.00985145 -0.125439 -1.14367 0.0952855 0.709902 0.697825 -5.26527 0.0821749 -0.704232 0.705199 -30.8027 0 0 0 1 
				8
				0.99221 -0.0127187 -0.123922 -1.16639 0.0972385 0.70087 0.706629 -5.35979 0.0778657 -0.713175 0.696647 -30.5468 0 0 0 1 
				9
				0.992343 -0.0154103 -0.122545 -1.18722 0.0990127 0.692372 0.714715 -5.44683 0.073833 -0.721376 0.688597 -30.3081 0 0 0 1 
				10
				0.992451 -0.0178632 -0.12133 -1.20579 0.100581 0.684613 0.721933 -5.52474 0.0701684 -0.728687 0.681242 -30.0918 0 0 0 1 
				11
				0.992536 -0.0200125 -0.120296 -1.22176 0.101918 0.677804 0.728144 -5.59194 0.0669651 -0.73497 0.674785 -29.9031 0 0 0 1 
				12
				0.9926 -0.0217939 -0.11946 -1.23477 0.103001 0.672151 0.733215 -5.64691 0.0643154 -0.740093 0.669422 -29.7473 0 0 0 1 
				13
				0.992644 -0.023145 -0.118838 -1.24452 0.103806 0.66786 0.737013 -5.68815 0.0623089 -0.743927 0.665349 -29.6295 0 0 0 1 
				14
				0.99267 -0.0240007 -0.118449 -1.25063 0.10431 0.665139 0.739398 -5.71409 0.0610393 -0.746334 0.662767 -29.555 0 0 0 1 
				15
				0.992678 -0.0242986 -0.118315 -1.25275 0.104484 0.664191 0.740225 -5.72309 0.0605974 -0.747168 0.661867 -29.5291 0 0 0 1 
				16
				0.99267 -0.0240008 -0.118449 -1.25063 0.10431 0.665139 0.739398 -5.71409 0.0610392 -0.746334 0.662767 -29.555 0 0 0 1 
				17
				0.992643 -0.0231451 -0.118838 -1.24452 0.103806 0.66786 0.737012 -5.68815 0.0623088 -0.743927 0.665349 -29.6295 0 0 0 1 
				18
				0.9926 -0.0217942 -0.11946 -1.23478 0.103001 0.672151 0.733215 -5.64691 0.0643151 -0.740093 0.669422 -29.7473 0 0 0 1 
				19
				0.992536 -0.0200125 -0.120296 -1.22176 0.101918 0.677804 0.728144 -5.59194 0.0669652 -0.73497 0.674785 -29.9031 0 0 0 1 
				20
				0.992451 -0.0178631 -0.12133 -1.20579 0.100581 0.684613 0.721933 -5.52474 0.0701684 -0.728687 0.681242 -30.0918 0 0 0 1 
				21
				0.992343 -0.0154102 -0.122545 -1.18722 0.0990126 0.692372 0.714715 -5.44683 0.0738331 -0.721376 0.688597 -30.3081 0 0 0 1 
				22
				0.99221 -0.0127185 -0.123922 -1.16639 0.0972383 0.70087 0.706629 -5.35979 0.0778659 -0.713175 0.696647 -30.5468 0 0 0 1 
				23
				0.992052 -0.00985145 -0.125439 -1.14367 0.0952855 0.709902 0.697825 -5.26527 0.0821749 -0.704232 0.705199 -30.8027 0 0 0 1 
				24
				0.991869 -0.00686952 -0.127074 -1.11945 0.0931829 0.719274 0.688448 -5.16489 0.086672 -0.694692 0.714066 -31.0705 0 0 0 1 
				25
				0.991663 -0.00383199 -0.128803 -1.09412 0.0909644 0.728798 0.67866 -5.06038 0.0912706 -0.684718 0.72307 -31.3455 0 0 0 1 
				26
				0.991435 -0.000795753 -0.130595 -1.06812 0.0886661 0.738293 0.668627 -4.95357 0.0958852 -0.67448 0.73204 -31.6224 0 0 0 1 
				27
				0.991191 0.00218342 -0.132419 -1.04192 0.0863299 0.747586 0.658531 -4.84636 0.100432 -0.664162 0.740812 -31.8963 0 0 0 1 
				28
				0.990936 0.00505479 -0.13424 -1.016 0.0839991 0.756519 0.648555 -4.7407 0.104833 -0.653952 0.749237 -32.1626 0 0 0 1 
				29
				0.990675 0.00777024 -0.136021 -0.990856 0.0817207 0.764945 0.63889 -4.63857 0.109013 -0.644049 0.757177 -32.4164 0 0 0 1 
				30
				0.990417 0.0102824 -0.137722 -0.967025 0.0795462 0.772721 0.629742 -4.5421 0.112896 -0.634662 0.764498 -32.6532 0 0 0 1 
				31
				0.990171 0.0125467 -0.139301 -0.94506 0.0775293 0.779713 0.621318 -4.45345 0.11641 -0.626011 0.771076 -32.8684 0 0 0 1 
		</Joint>
			8
				-1
				-0.322955 0.167821 -0.931416 4.64125 -0.496234 0.807993 0.317645 -4.01605 0.805886 0.564786 -0.177667 -32.2116 0 0 0 1 
				0
				-0.318549 0.14596 -0.936601 4.62068 -0.498551 0.814574 0.296506 -4.09332 0.806209 0.561396 -0.186714 -32.0163 0 0 0 1 
				1
				-0.313666 0.121868 -0.94168 4.5983 -0.50098 0.821223 0.273151 -4.17753 0.806618 0.557441 -0.196536 -31.8014 0 0 0 1 
				2
				-0.308395 0.0960279 -0.946399 4.57463 -0.503441 0.827663 0.248033 -4.26679 0.807117 0.552948 -0.206903 -31.5711 0 0 0 1 
				3
				-0.302836 0.068936 -0.950546 4.55015 -0.505864 0.833657 0.221623 -4.35931 0.807707 0.547963 -0.21759 -31.3297 0 0 0 1 
				4
				-0.297084 0.041087 -0.953966 4.52533 -0.508189 0.839019 0.194396 -4.45333 0.808384 0.542547 -0.228379 -31.0814 0 0 0 1 
				5
				-0.291243 0.0129858 -0.956561 4.50061 -0.510366 0.843617 0.166843 -4.54718 0.809137 0.536789 -0.23907 -30.8305 0 0 0 1 
				6
				-0.285423 -0.0148397 -0.958287 4.47645 -0.512357 0.847369 0.139482 -4.63918 0.809952 0.530797 -0.249462 -30.5815 0 0 0 1 
				7
				-0.279734 -0.041862 -0.959164 4.45326 -0.514132 0.850257 0.112834 -4.72769 0.810813 0.524701 -0.259369 -30.339 0 0 0 1 
				8
				-0.274293 -0.067567 -0.95927 4.43143 -0.515677 0.852312 0.0874188 -4.8112 0.81169 0.518651 -0.268626 -30.1075 0 0 0 1 
				9
				-0.269209 -0.0914507 -0.95873 4.41135 -0.516986 0.853617 0.063744 -4.88823 0.812558 0.512811 -0.27708 -29.8916 0 0 0 1 
				10
				-0.264598 -0.112999 -0.957715 4.39338 -0.518064 0.854293 0.0423348 -4.95729 0.813386 0.50736 -0.284585 -29.6959 0 0 0 1 
				11
				-0.260578 -0.131706 -0.956427 4.3779 -0.51892 0.854494 0.02371 -5.01694 0.814138 0.502488 -0.291007 -29.5253 0 0 0 1 
				12
				-0.257257 -0.147093 -0.955082 4.36524 -0.519568 0.854388 0.00836347 -5.0658 0.81478 0.498382 -0.296222 -29.3844 0 0 0 1 
				13
				-0.25475 -0.158685 -0.953898 4.35575 -0.520022 0.854146 -0.00321276 -5.1025 0.815278 0.49523 -0.300113 -29.2779 0 0 0 1 
				14
				-0.253165 -0.165995 -0.953075 4.34978 -0.520294 0.853922 -0.01052 -5.1256 0.815599 0.493216 -0.302549 -29.2106 0 0 0 1 
				15
				-0.252615 -0.168534 -0.952776 4.34771 -0.520385 0.853831 -0.0130596 -5.13361 0.815711 0.492512 -0.303393 -29.1872 0 0 0 1 
				16
				-0.253165 -0.165995 -0.953075 4.34978 -0.520294 0.853922 -0.0105203 -5.1256 0.815599 0.493216 -0.30255 -29.2106 0 0 0 1 
				17
				-0.25475 -0.158685 -0.953898 4.35575 -0.520022 0.854146 -0.00321272 -5.1025 0.815278 0.49523 -0.300113 -29.2779 0 0 0 1 
				18
				-0.257257 -0.147093 -0.955082 4.36524 -0.519568 0.854388 0.00836342 -5.0658 0.81478 0.498382 -0.296222 -29.3844 0 0 0 1 
				19
				-0.260578 -0.131706 -0.956427 4.3779 -0.51892 0.854493 0.0237099 -5.01694 0.814138 0.502488 -0.291007 -29.5253 0 0 0 1 
				20
				-0.264598 -0.112999 -0.957715 4.39338 -0.518064 0.854293 0.0423345 -4.95729 0.813386 0.50736 -0.284585 -29.6959 0 0 0 1 
				21
				-0.269208 -0.0914511 -0.95873 4.41135 -0.516987 0.853617 0.0637433 -4.88822 0.812559 0.512811 -0.277079 -29.8916 0 0 0 1 
				22
				-0.274293 -0.0675671 -0.959269 4.43143 -0.515677 0.852312 0.0874187 -4.8112 0.81169 0.518651 -0.268626 -30.1075 0 0 0 1 
				23
				-0.279734 -0.041862 -0.959164 4.45326 -0.514132 0.850257 0.112834 -4.72769 0.810813 0.524701 -0.259369 -30.339 0 0 0 1 
				24
				-0.285422 -0.0148397 -0.958287 4.47645 -0.512357 0.847369 0.139482 -4.63918 0.809952 0.530797 -0.249462 -30.5815 0 0 0 1 
				25
				-0.291243 0.0129858 -0.956561 4.50061 -0.510366 0.843617 0.166843 -4.54718 0.809137 0.536789 -0.23907 -30.8305 0 0 0 1 
				26
				-0.297084 0.0410872 -0.953967 4.52533 -0.508189 0.839019 0.194397 -4.45333 0.808384 0.542548 -0.228379 -31.0814 0 0 0 1 
				27
				-0.302837 0.0689362 -0.950546 4.55015 -0.505864 0.833657 0.221624 -4.35931 0.807707 0.547963 -0.21759 -31.3297 0 0 0 1 
				28
				-0.308395 0.0960277 -0.946399 4.57463 -0.503441 0.827663 0.248032 -4.26679 0.807118 0.552948 -0.206903 -31.5711 0 0 0 1 
				29
				-0.313666 0.121868 -0.94168 4.5983 -0.50098 0.821223 0.273151 -4.17752 0.806618 0.557441 -0.196536 -31.8014 0 0 0 1 
				30
				-0.318549 0.14596 -0.936601 4.62068 -0.498551 0.814574 0.296506 -4.09332 0.806209 0.561396 -0.186714 -32.0163 0 0 0 1 
				31
				-0.322955 0.167821 -0.931416 4.64125 -0.496234 0.807993 0.317645 -4.01605 0.805886 0.564786 -0.177667 -32.2116 0 0 0 1 
		</Joint>
			9
				-1
				-0.333874 0.144886 -0.931416 2.55557 -0.551385 0.771411 0.317645 -7.22079 0.764527 0.619622 -0.177667 -27.0071 0 0 0 1 
				0
				-0.327955 0.123384 -0.936601 2.56345 -0.554156 0.777814 0.296506 -7.31303 0.765086 0.616264 -0.186714 -26.8097 0 0 0 1 
				1
				-0.321402 0.0996922 -0.94168 2.57261 -0.557042 0.784278 0.273151 -7.41292 0.76577 0.612347 -0.196536 -26.5922 0 0 0 1 
				2
				-0.314342 0.0742826 -0.946399 2.58297 -0.559946 0.790531 0.248033 -7.51808 0.766582 0.6079 -0.206903 -26.3586 0 0 0 1 
				3
				-0.306907 0.0476444 -0.950546 2.59439 -0.562782 0.796341 0.221623 -7.62625 0.767518 0.602968 -0.21759 -26.1134 0 0 0 1 
				4
				-0.299227 0.0202645 -0.953966 2.60672 -0.565475 0.801528 0.194396 -7.73528 0.768571 0.597613 -0.228379 -25.8608 0 0 0 1 
				5
				-0.29144 -0.00736083 -0.956561 2.61972 -0.567968 0.805963 0.166843 -7.8432 0.769724 0.591921 -0.23907 -25.605 0 0 0 1 
				6
				-0.283692 -0.0347126 -0.958287 2.63315 -0.570216 0.809566 0.139482 -7.94805 0.770955 0.586 -0.249462 -25.3508 0 0 0 1 
				7
				-0.276133 -0.0612723 -0.959164 2.6467 -0.572187 0.812324 0.112834 -8.04802 0.772238 0.579979 -0.259369 -25.1027 0 0 0 1 
				8
				-0.268911 -0.0865351 -0.95927 2.66001 -0.573872 0.814266 0.0874188 -8.14151 0.773536 0.574006 -0.268626 -24.8655 0 0 0 1 
				9
				-0.262174 -0.110006 -0.95873 2.67276 -0.575269 0.815476 0.063744 -8.22699 0.774809 0.56824 -0.27708 -24.6439 0 0 0 1 
				10
				-0.256072 -0.13118 -0.957715 2.68457 -0.576392 0.816076 0.0423348 -8.30302 0.776015 0.56286 -0.284585 -24.4429 0 0 0 1 
				11
				-0.250756 -0.149562 -0.956427 2.69506 -0.57726 0.816216 0.02371 -8.3682 0.777105 0.558052 -0.291007 -24.2675 0 0 0 1 
				12
				-0.24637 -0.16468 -0.955082 2.70384 -0.577899 0.816066 0.00836349 -8.42124 0.778033 0.554001 -0.296222 -24.1225 0 0 0 1 
				13
				-0.24306 -0.176068 -0.953898 2.71054 -0.578335 0.815793 -0.00321277 -8.46087 0.778749 0.550891 -0.300113 -24.0128 0 0 0 1 
				14
				-0.24097 -0.183249 -0.953075 2.7148 -0.57859 0.81555 -0.01052 -8.48572 0.779209 0.548905 -0.302549 -23.9434 0 0 0 1 
				15
				-0.240244 -0.185744 -0.952776 2.71629 -0.578675 0.815453 -0.0130596 -8.49433 0.77937 0.54821 -0.303393 -23.9193 0 0 0 1 
				16
				-0.24097 -0.18325 -0.953075 2.7148 -0.57859 0.81555 -0.0105202 -8.48573 0.779209 0.548905 -0.30255 -23.9434 0 0 0 1 
				17
				-0.24306 -0.176068 -0.953898 2.71054 -0.578335 0.815793 -0.00321274 -8.46088 0.778749 0.550892 -0.300113 -24.0128 0 0 0 1 
				18
				-0.24637 -0.164679 -0.955082 2.70384 -0.577898 0.816065 0.0083634 -8.42124 0.778032 0.554001 -0.296222 -24.1225 0 0 0 1 
				19
				-0.250756 -0.149562 -0.956427 2.69506 -0.57726 0.816216 0.0237099 -8.3682 0.777105 0.558052 -0.291007 -24.2675 0 0 0 1 
				20
				-0.256071 -0.13118 -0.957715 2.68458 -0.576392 0.816076 0.0423346 -8.30302 0.776015 0.56286 -0.284585 -24.4429 0 0 0 1 
				21
				-0.262173 -0.110006 -0.95873 2.67277 -0.575269 0.815476 0.0637433 -8.22699 0.774809 0.56824 -0.277079 -24.6439 0 0 0 1 
				22
