<?xml version='1.0' encoding='UTF-8' ?>
<itpanim>
	<skeleton count>
		25
			0 -1
			1.37091e-06 -1 -6.12323e-17 1e-06 1 1.37091e-06 -6.12323e-17 -1.37225e-12 6.12323e-17 -6.12323e-17 1 21.9617 0 0 0 1 
			1 0
			1.3868e-06 -2.28084e-12 -1 -21.9617 2.75771e-06 -1 6.10517e-12 1.00008e-06 -1 -2.75771e-06 -1.3868e-06 -3.04564e-05 0 0 0 1 
			2 1
			-0.000205999 -0.000823318 -1 -24.8731 -1.2413e-06 -1 0.000823318 0.0257198 -1 1.41091e-06 0.000205998 0.00512379 0 0 0 1 
			3 2
			-0.000383999 -0.00100932 -0.999999 -31.4555 -1.03656e-06 -0.999999 0.00100932 0.036812 -1 1.42414e-06 0.000383997 0.0107229 0 0 0 1 
			4 3
			-0.000383999 -0.00100932 -0.999999 -38.038 -1.03656e-06 -0.999999 0.00100932 0.0388247 -1 1.42414e-06 0.000383997 0.0107228 0 0 0 1 
			5 4
			1.34309e-06 9.80604e-13 -1 -40.5657 -1.40269e-06 -1 -2.8646e-12 -0.00211895 -1 1.40269e-06 -1.34309e-06 -0.00490874 0 0 0 1 
			6 5
			1 -0 0 0 0 1 0 0 -0 -0 1 -0 0 0 0 1 
			7 4
			0.950432 6.75818e-05 0.310933 10.539 -1.42282e-06 1 -0.000213002 -0.00652172 -0.310933 0.000202002 0.950432 36.5745 0 0 0 1 
			8 7
			0.476976 0.0235788 0.8786 28.6752 0.0457762 0.997617 -0.0516239 -2.17945 -0.877723 0.0648423 0.47476 23.1227 0 0 0 1 
			9 8
			0.476835 0.0205561 0.878752 22.2236 0.0472212 0.997684 -0.0489616 -2.11213 -0.877724 0.0648423 0.47476 23.1227 0 0 0 1 
			10 9
			0.476835 0.0205561 0.878752 15.4032 -0.877686 0.0656367 0.474721 23.121 -0.04792 -0.997632 0.0493396 2.13054 0 0 0 1 
			11 4
			-0.950193 6.50589e-05 0.311663 10.5594 -1.39561e-06 1 -0.000213002 -0.00652172 -0.311663 -0.000202828 -0.950193 -36.5678 0 0 0 1 
			12 11
			-0.476976 0.0235775 0.8786 28.6676 -0.045779 0.997617 -0.0516239 -2.17948 -0.877723 -0.0648447 -0.47476 -23.1259 0 0 0 1 
			13 12
			-0.476835 0.0205548 0.878752 22.216 -0.0472239 0.997684 -0.0489616 -2.11218 -0.877723 -0.0648447 -0.47476 -23.1259 0 0 0 1 
			14 13
			-0.476835 0.0205547 0.878752 15.3956 0.877685 0.0656391 0.474721 23.1242 -0.0479228 0.997632 -0.0493396 -2.13059 0 0 0 1 
			15 2
			1.37369e-06 -0.0998331 0.995004 21.852 0 -0.995004 -0.0998331 -2.1925 1 1.3714e-07 -1.36683e-06 -4.26131 0 0 0 1 
			16 15
			1.37369e-06 0.0998335 0.995004 12.303 0 -0.995004 0.0998335 0.256849 1 -1.3714e-07 -1.36683e-06 -4.26131 0 0 0 1 
			17 16
			1.3716e-06 -6.00745e-14 1 2.57273 0 -1 -6.00745e-14 4.22662e-06 1 8.23984e-20 -1.3716e-06 -4.26131 0 0 0 1 
			18 17
			1.3723e-06 -1 -6.00133e-14 -5.50713 0 6.00133e-14 -1 -0.331805 1 1.3723e-06 8.23562e-20 -4.26131 0 0 0 1 
			19 18
			1 -0 0 0 0 1 0 0 -0 -0 1 -0 0 0 0 1 
			20 2
			1.37369e-06 -0.0998331 0.995004 21.852 0 -0.995004 -0.0998331 -2.1925 1 1.3714e-07 -1.36683e-06 4.26131 0 0 0 1 
			21 20
			1.37369e-06 0.0998335 0.995004 12.303 0 -0.995004 0.0998335 0.256849 1 -1.3714e-07 -1.36683e-06 4.26131 0 0 0 1 
			22 21
			1.3716e-06 -6.00745e-14 1 2.57273 0 -1 -6.00745e-14 4.22662e-06 1 8.23984e-20 -1.3716e-06 4.26131 0 0 0 1 
			23 22
			1.3723e-06 -1 -6.00133e-14 -5.50713 0 6.00133e-14 -1 -0.331804 1 1.3723e-06 8.23562e-20 4.26131 0 0 0 1 
			24 23
			1 -0 0 0 0 1 0 0 -0 -0 1 -0 0 0 0 1 
	</skeleton>
		<animations>
			25
			0
				-1
				-0.573575 0.819153 0 0 -0.819153 -0.573575 -0 2.84751 -0 -0 1 -19.3834 0 0 0 1 
				0
				-0.80895 0.587878 0 -2.19091e-09 -0.587878 -0.80895 -0 2.79739 -0 -0 1 -20.4612 0 0 0 1 
				1
				-0.958338 0.285635 5.6761e-34 -4.88678e-09 -0.285635 -0.958338 -1.26926e-32 2.73572 -3.08149e-33 -1.2326e-32 1 -21.5626 0 0 0 1 
				2
				-0.999423 0.033977 -4.18799e-34 -2.02801e-09 -0.033977 -0.999423 1.23188e-32 2.80112 -0 1.2326e-32 1 -22.3939 0 0 0 1 
				3
				-0.997723 -0.0674423 -8.31291e-34 1.51164e-08 0.0674423 -0.997723 -1.22979e-32 3.19334 -0 -1.2326e-32 1 -22.7238 0 0 0 1 
				4
				-0.998629 -0.0523535 3.84658e-34 4.30281e-08 0.0523535 -0.998629 -2.01658e-35 3.83188 3.85186e-34 -0 1 -22.6747 0 0 0 1 
				5
				-0.999963 -0.00855557 -0 6.36795e-08 0.00855557 -0.999963 0 4.30433 -0 -0 1 -22.5322 0 0 0 1 
				6
				-0.999996 -0.0029356 1.1964e-35 6.57771e-08 0.0029356 -0.999996 -1.2326e-32 4.35232 4.81482e-35 -1.2326e-32 1 -22.5135 0 0 0 1 
				7
				-0.99981 -0.0195168 3.37106e-34 5.96573e-08 0.0195168 -0.99981 -1.23349e-32 4.21231 5.77779e-34 -1.2326e-32 1 -22.5653 0 0 0 1 
				8
				-0.999107 -0.04226 2.48789e-34 4.98585e-08 0.04226 -0.999107 -1.23475e-32 3.98814 7.70372e-34 -1.2326e-32 1 -22.6365 0 0 0 1 
				9
				-0.997983 -0.0634806 -0 3.77757e-08 0.0634806 -0.997983 0 3.71172 -0 -0 1 -22.7029 0 0 0 1 
				10
				-0.997191 -0.0749004 -7.68208e-34 2.50116e-08 0.0749004 -0.997191 5.77012e-35 3.41971 -7.70372e-34 -0 1 -22.7386 0 0 0 1 
				11
				-0.997667 -0.0682625 6.95749e-34 1.31687e-08 0.0682625 -0.997667 -1.24024e-32 3.14878 1.54074e-33 -1.2326e-32 1 -22.7178 0 0 0 1 
				12
				-0.999364 -0.0356679 -3.84941e-34 3.8179e-09 0.0356679 -0.999364 1.37388e-35 2.93486 -3.85186e-34 -0 1 -22.6158 0 0 0 1 
				13
				-0.999417 0.0341455 0 -1.75111e-09 -0.0341455 -0.999417 -0 2.80745 -0 -0 1 -22.3976 0 0 0 1 
				14
				-0.987841 0.155464 0 -4.18634e-09 -0.155464 -0.987841 -0 2.75174 -0 -0 1 -22.0166 0 0 0 1 
				15
				-0.949868 0.31265 0 -4.59932e-09 -0.31265 -0.949868 -0 2.74229 -0 -0 1 -21.5107 0 0 0 1 
				16
				-0.877906 0.478833 2.45947e-33 -3.67083e-09 -0.478833 -0.877906 8.36155e-33 2.76353 6.16298e-33 6.16298e-33 1 -20.944 0 0 0 1 
				17
				-0.777341 0.629079 0 -2.10802e-09 -0.629079 -0.777341 -0 2.79929 -0 -0 1 -20.3783 0 0 0 1 
				18
				-0.666938 0.745114 5.07391e-33 -6.4103e-10 -0.745114 -0.666938 -1.28128e-32 2.83285 -6.16298e-33 -1.2326e-32 1 -19.8772 0 0 0 1 
				19
				-0.573575 0.819153 0 0 -0.819153 -0.573575 -0 2.84751 -0 -0 1 -19.5046 0 0 0 1 
				20
				-0.530057 0.847962 0 0 -0.847962 -0.530057 -0 2.84751 -0 -0 1 -19.3415 0 0 0 1 
				21
				-0.535173 0.844742 -1.3904e-33 0 -0.844742 -0.535173 -1.37105e-32 2.84751 -1.2326e-32 -6.16298e-33 1 -19.3604 0 0 0 1 
				22
				-0.559543 0.828801 0 0 -0.828801 -0.559543 -0 2.84751 -0 -0 1 -19.4514 0 0 0 1 
				23
				-0.573575 0.819153 0 0 -0.819153 -0.573575 -0 2.84751 -0 -0 1 -19.5046 0 0 0 1 
		</Joint>
			1
				-1
				1.33158e-06 -0.573574 -0.819154 0 0 -0.819154 0.573574 2.84751 -1 -7.6376e-07 -1.09077e-06 -19.3834 0 0 0 1 
				0
				1.33158e-06 -0.808949 -0.587879 -2.19091e-09 0 -0.587879 0.808949 2.79739 -1 -1.07718e-06 -7.82808e-07 -20.4612 0 0 0 1 
				1
				1.33158e-06 -0.958338 -0.285636 -4.88678e-09 0 -0.285636 0.958338 2.73572 -1 -1.2761e-06 -3.80347e-07 -21.5626 0 0 0 1 
				2
				1.33158e-06 -0.999423 -0.0339783 -2.02801e-09 0 -0.0339783 0.999423 2.80112 -1 -1.33081e-06 -4.52449e-08 -22.3939 0 0 0 1 
				3
				1.33158e-06 -0.997723 0.067441 1.51164e-08 0 0.067441 0.997723 3.19334 -1 -1.32855e-06 8.98031e-08 -22.7238 0 0 0 1 
				4
				1.33158e-06 -0.998629 0.0523522 4.30281e-08 0 0.0523522 0.998629 3.83188 -1 -1.32975e-06 6.97111e-08 -22.6747 0 0 0 1 
				5
				1.33158e-06 -0.999963 0.00855424 6.36795e-08 0 0.00855424 0.999963 4.30433 -1 -1.33153e-06 1.13907e-08 -22.5322 0 0 0 1 
				6
				1.33158e-06 -0.999996 0.00293427 6.57771e-08 0 0.00293427 0.999996 4.35232 -1 -1.33157e-06 3.90721e-09 -22.5135 0 0 0 1 
				7
				1.33158e-06 -0.99981 0.0195155 5.96573e-08 0 0.0195155 0.99981 4.21231 -1 -1.33133e-06 2.59864e-08 -22.5653 0 0 0 1 
				8
				1.33158e-06 -0.999107 0.0422587 4.98585e-08 0 0.0422587 0.999107 3.98814 -1 -1.33039e-06 5.62709e-08 -22.6365 0 0 0 1 
				9
				1.33158e-06 -0.997983 0.0634793 3.77757e-08 0 0.0634793 0.997983 3.71172 -1 -1.32889e-06 8.45278e-08 -22.7029 0 0 0 1 
				10
				1.33158e-06 -0.997191 0.0748991 2.50116e-08 0 0.0748991 0.997191 3.41971 -1 -1.32784e-06 9.97342e-08 -22.7386 0 0 0 1 
				11
				1.33158e-06 -0.997667 0.0682612 1.31687e-08 0 0.0682612 0.997667 3.14878 -1 -1.32847e-06 9.08953e-08 -22.7178 0 0 0 1 
				12
				1.33158e-06 -0.999364 0.0356665 3.8179e-09 0 0.0356665 0.999364 2.93486 -1 -1.33073e-06 4.74929e-08 -22.6158 0 0 0 1 
				13
				1.33158e-06 -0.999417 -0.0341468 -1.75111e-09 0 -0.0341468 0.999417 2.80745 -1 -1.3308e-06 -4.54692e-08 -22.3976 0 0 0 1 
				14
				1.33158e-06 -0.987841 -0.155466 -4.18634e-09 0 -0.155466 0.987841 2.75174 -1 -1.31539e-06 -2.07015e-07 -22.0166 0 0 0 1 
				15
				1.33158e-06 -0.949868 -0.312651 -4.59932e-09 0 -0.312651 0.949868 2.74229 -1 -1.26483e-06 -4.1632e-07 -21.5107 0 0 0 1 
				16
				1.33158e-06 -0.877905 -0.478835 -3.67083e-09 0 -0.478835 0.877905 2.76353 -1 -1.169e-06 -6.37607e-07 -20.944 0 0 0 1 
				17
				1.33158e-06 -0.77734 -0.62908 -2.10802e-09 0 -0.62908 0.77734 2.79929 -1 -1.03509e-06 -8.37671e-07 -20.3783 0 0 0 1 
				18
				1.33158e-06 -0.666937 -0.745114 -6.4103e-10 0 -0.745114 0.666937 2.83285 -1 -8.8808e-07 -9.9218e-07 -19.8772 0 0 0 1 
				19
				1.33158e-06 -0.573574 -0.819154 0 0 -0.819154 0.573574 2.84751 -1 -7.6376e-07 -1.09077e-06 -19.5046 0 0 0 1 
				20
				1.33158e-06 -0.530055 -0.847963 0 0 -0.847963 0.530055 2.84751 -1 -7.05812e-07 -1.12913e-06 -19.3415 0 0 0 1 
				21
				1.33158e-06 -0.535172 -0.844743 0 0 -0.844743 0.535172 2.84751 -1 -7.12625e-07 -1.12484e-06 -19.3604 0 0 0 1 
				22
				1.33158e-06 -0.559542 -0.828802 0 0 -0.828802 0.559542 2.84751 -1 -7.45075e-07 -1.10362e-06 -19.4514 0 0 0 1 
				23
				1.33158e-06 -0.573574 -0.819154 0 0 -0.819154 0.573574 2.84751 -1 -7.6376e-07 -1.09077e-06 -19.5046 0 0 0 1 
		</Joint>
			2
				-1
				-0.171245 -0.296063 -0.939692 0.00155322 -0.470496 -0.813422 0.342021 2.85177 -0.865626 0.500691 -2.34185e-06 -22.2974 0 0 0 1 
				0
				-0.195128 -0.620334 -0.759677 0.00325013 -0.26876 -0.711098 0.649698 2.80111 -0.943235 0.330946 -0.027966 -23.3743 0 0 0 1 
				1
				-0.10349 -0.875588 -0.471843 0.00458554 -0.11385 -0.460844 0.880148 2.73812 -0.988093 0.144805 -0.0519928 -24.4748 0 0 0 1 
				2
				0.0109309 -0.978172 -0.207508 0.00512224 -0.0514941 -0.207796 0.976816 2.8022 -0.998613 7.92165e-06 -0.0526415 -25.3053 0 0 0 1 
				3
				0.0586698 -0.993408 -0.0984765 0.00520262 -0.00819706 -0.0991225 0.995041 3.19385 -0.998244 -0.0575716 -0.0139585 -25.635 0 0 0 1 
				4
				0.0424597 -0.992208 -0.117133 0.00519629 0.0576343 -0.114611 0.991737 3.83248 -0.997434 -0.0488598 0.0523189 -25.5859 0 0 0 1 
				5
				0.00577841 -0.98641 -0.164202 0.00516633 0.113568 -0.162495 0.980152 4.30518 -0.993513 -0.0243118 0.111086 -25.4435 0 0 0 1 
				6
				-0.00449391 -0.985395 -0.170224 0.00516106 0.137503 -0.169218 0.97594 4.3532 -0.990491 -0.0190205 0.136255 -25.4248 0 0 0 1 
				7
				-0.00243637 -0.988069 -0.153994 0.00517499 0.140901 -0.152797 0.978162 4.21311 -0.990021 -0.0193146 0.139592 -25.4767 0 0 0 1 
				8
				0.00158251 -0.99129 -0.131686 0.00519178 0.134862 -0.130272 0.982263 3.98882 -0.990863 -0.019314 0.133482 -25.5478 0 0 0 1 
				9
				0.00521066 -0.993835 -0.110745 0.00520501 0.128014 -0.109172 0.985745 3.71229 -0.991759 -0.0193133 0.126656 -25.6142 0 0 0 1 
				10
				0.00649669 -0.99502 -0.0994672 0.00521113 0.129722 -0.0977902 0.986716 3.42022 -0.991529 -0.0193135 0.128441 -25.65 0 0 0 1 
				11
				0.00476346 -0.994346 -0.106081 0.00520762 0.137844 -0.104416 0.984935 3.14932 -0.990442 -0.0193143 0.136567 -25.6292 0 0 0 1 
				12
				-7.73082e-06 -0.990406 -0.138186 0.00518712 0.1377 -0.136871 0.980972 2.93557 -0.990474 -0.0190206 0.13638 -25.5272 0 0 0 1 
				13
				0.00106353 -0.978572 -0.205903 0.00512538 0.113048 -0.204466 0.972324 2.80852 -0.993589 -0.0243109 0.110408 -25.309 0 0 0 1 
				14
				0.0300372 -0.946998 -0.319833 0.00496007 0.0639172 -0.317502 0.946101 2.7534 -0.997503 -0.0488611 0.0509925 -24.9278 0 0 0 1 
				15
				0.0576581 -0.883238 -0.465367 0.00462688 0.0140615 -0.465377 0.885001 2.74472 -0.998237 -0.0575712 -0.0144132 -24.4218 0 0 0 1 
				16
				0.0309976 -0.78073 -0.624099 0.00408934 -0.0424657 -0.624864 0.779578 2.7668 -0.998617 0.00233781 -0.0525235 -23.8555 0 0 0 1 
				17
				-0.0698278 -0.628618 -0.774573 0.00329142 -0.164053 -0.75866 0.630493 2.80325 -0.983977 0.171097 -0.0501513 -23.2906 0 0 0 1 
				18
				-0.156 -0.442714 -0.882988 0.00231899 -0.339717 -0.815352 0.468821 2.83711 -0.9275 0.373103 -0.0232025 -22.7906 0 0 0 1 
				19
				-0.171245 -0.296063 -0.939692 0.00155322 -0.470496 -0.813422 0.342021 2.85177 -0.865626 0.500691 -2.34185e-06 -22.4187 0 0 0 1 
				20
				-0.158786 -0.239178 -0.957904 0.00125545 -0.513009 -0.808972 0.28703 2.85175 -0.843569 0.53699 0.00575283 -22.2558 0 0 0 1 
				21
				-0.160463 -0.245742 -0.955961 0.00128972 -0.508128 -0.80975 0.293448 2.85175 -0.846202 0.532838 0.00506605 -22.2747 0 0 0 1 
				22
				-0.167685 -0.277445 -0.945995 0.0014555 -0.484445 -0.81254 0.324177 2.85177 -0.8586 0.512642 0.00184373 -22.3656 0 0 0 1 
				23
				-0.171245 -0.296063 -0.939692 0.00155322 -0.470496 -0.813422 0.342021 2.85177 -0.865626 0.500691 -2.34185e-06 -22.4187 0 0 0 1 
		</Joint>
			3
				-1
				-0.175869 -0.0124095 -0.984335 -1.12559 -0.615202 -0.779223 0.119741 -0.241149 -0.768503 0.626623 0.129407 -27.9986 0 0 0 1 
				0
				-0.239582 -0.377726 -0.894384 -1.27919 -0.364604 -0.818782 0.443464 1.03631 -0.899814 0.432342 0.0584449 -29.5854 0 0 0 1 
				1
				-0.141319 -0.717188 -0.6824 -0.672868 -0.149286 -0.665997 0.730864 1.99221 -0.978643 0.205157 -0.0129482 -30.9799 0 0 0 1 
				2
				0.00549426 -0.891188 -0.4536 0.081745 -0.054491 -0.4532 0.889742 2.46562 -0.998499 0.0198287 -0.0510518 -31.8787 0 0 0 1 
				3
				0.0701751 -0.933282 -0.352222 0.396283 -0.00406348 -0.353357 0.93548 3.14175 -0.997526 -0.0642161 -0.0285892 -32.2055 0 0 0 1 
				4
				0.0513473 -0.927638 -0.369934 0.289546 0.0609292 -0.366823 0.928293 4.21377 -0.99682 -0.0702052 0.0376848 -32.151 0 0 0 1 
				5
				0.00731297 -0.91029 -0.413907 0.0479736 0.114036 -0.410459 0.904721 5.05488 -0.99345 -0.0538163 0.100804 -31.983 0 0 0 1 
				6
				-0.00451913 -0.907761 -0.419464 -0.0196618 0.137266 -0.41606 0.898917 5.26048 -0.990524 -0.0535159 0.126485 -31.9444 0 0 0 1 
				7
				-0.00237783 -0.914545 -0.404478 -0.00606882 0.140703 -0.400761 0.905314 5.14268 -0.990049 -0.0547587 0.129632 -31.9931 0 0 0 1 
				8
				0.00163655 -0.92343 -0.383763 0.0204486 0.134664 -0.380065 0.915104 4.87853 -0.99089 -0.0531765 0.12373 -32.0698 0 0 0 1 
				9
				0.00526045 -0.931308 -0.364194 0.0443852 0.127814 -0.360585 0.923927 4.55682 -0.991784 -0.0514093 0.117137 -32.1421 0 0 0 1 
				10
				0.00654419 -0.935371 -0.353607 0.0528778 0.129521 -0.349843 0.927812 4.27594 -0.991555 -0.0518714 0.118861 -32.1764 0 0 0 1 
				11
				0.00481231 -0.933009 -0.359821 0.0414531 0.137644 -0.355782 0.924377 4.05853 -0.99047 -0.0539756 0.126711 -32.1484 0 0 0 1 
				12
				-4.06694e-05 -0.920894 -0.389813 0.00996305 0.137464 -0.386118 0.912149 3.84399 -0.990507 -0.0535483 0.126606 -32.0466 0 0 0 1 
				13
				0.00257673 -0.891933 -0.45216 0.016801 0.11358 -0.448974 0.886296 3.555 -0.993525 -0.05364 0.100149 -31.8489 0 0 0 1 
				14
				0.0380504 -0.831627 -0.554029 0.207037 0.0689806 -0.550922 0.831701 3.17702 -0.996892 -0.0698638 0.0364033 -31.4934 0 0 0 1 
				15
				0.0667649 -0.731934 -0.678096 0.387993 0.0222179 -0.678354 0.734399 2.84084 -0.997521 -0.064098 -0.0290282 -30.9923 0 0 0 1 
				16
				0.0270436 -0.592806 -0.804891 0.211235 -0.0481848 -0.805023 0.591284 2.49149 -0.998472 0.0227931 -0.050335 -30.4289 0 0 0 1 
				17
				-0.0943925 -0.401719 -0.910885 -0.454239 -0.218646 -0.884265 0.412637 1.72802 -0.971228 0.238111 -0.00436615 -29.7688 0 0 0 1 
				18
				-0.180076 -0.177459 -0.967513 -1.02361 -0.453655 -0.857757 0.241763 0.605447 -0.872794 0.482453 0.0739565 -28.8984 0 0 0 1 
				19
				-0.175869 -0.0124095 -0.984335 -1.12559 -0.615202 -0.779223 0.119741 -0.24115 -0.768503 0.626623 0.129407 -28.1199 0 0 0 1 
				20
				-0.152618 0.046278 -0.987201 -1.04418 -0.664108 -0.744559 0.0677653 -0.521193 -0.731893 0.665951 0.144367 -27.812 0 0 0 1 
				21
				-0.155609 0.039621 -0.987024 -1.05515 -0.658577 -0.748889 0.0737658 -0.489035 -0.736248 0.66151 0.142627 -27.8482 0 0 0 1 
				22
				-0.168927 0.00704424 -0.985603 -1.10235 -0.631429 -0.768598 0.10273 -0.333031 -0.75681 0.639693 0.134285 -28.0206 0 0 0 1 
				23
				-0.175869 -0.0124095 -0.984335 -1.12559 -0.615202 -0.779223 0.119741 -0.24115 -0.768503 0.626623 0.129407 -28.1199 0 0 0 1 
		</Joint>
			4
				-1
				-0.175869 -0.0124095 -0.984335 -2.28321 -0.615202 -0.779223 0.119741 -4.2891 -0.768503 0.626623 0.129407 -33.0585 0 0 0 1 
				0
				-0.239582 -0.377726 -0.894384 -2.85545 -0.364604 -0.818782 0.443464 -1.36202 -0.899814 0.432342 0.0584449 -35.5092 0 0 0 1 
				1
				-0.141319 -0.717188 -0.6824 -1.60164 -0.149286 -0.665997 0.730864 1.01089 -0.978643 0.205157 -0.0129482 -37.4222 0 0 0 1 
				2
				0.00549426 -0.891188 -0.4536 0.119704 -0.054491 -0.4532 0.889742 2.10785 -0.998499 0.0198287 -0.0510518 -38.4513 0 0 0 1 
				3
				0.0701751 -0.933282 -0.352222 0.860084 -0.00406348 -0.353357 0.93548 3.11571 -0.997526 -0.0642161 -0.0285892 -38.7715 0 0 0 1 
				4
				0.0513473 -0.927638 -0.369934 0.629403 0.0609292 -0.366823 0.928293 4.61557 -0.99682 -0.0702051 0.0376848 -38.7124 0 0 0 1 
				5
				0.00731296 -0.91029 -0.413907 0.0979425 0.114036 -0.410459 0.904721 5.80634 -0.99345 -0.0538163 0.100804 -38.5222 0 0 0 1 
				6
				-0.00451913 -0.907761 -0.419464 -0.0475815 0.137266 -0.41606 0.898917 6.16486 -0.990524 -0.0535159 0.126485 -38.4643 0 0 0 1 
				7
				-0.00237783 -0.914545 -0.404478 -0.0198801 0.140703 -0.400761 0.905314 6.06965 -0.990049 -0.0547587 0.129632 -38.51 0 0 0 1 
				8
				0.00163655 -0.92343 -0.383763 0.0330797 0.134664 -0.380065 0.915104 5.76571 -0.99089 -0.0531765 0.12373 -38.5922 0 0 0 1 
				9
				0.00526045 -0.931308 -0.364194 0.0808862 0.127814 -0.360585 0.923927 5.39887 -0.991784 -0.0514093 0.117137 -38.6704 0 0 0 1 
				10
				0.00654419 -0.935371 -0.353606 0.0978371 0.129521 -0.349842 0.927811 5.12921 -0.991555 -0.0518714 0.118861 -38.7031 0 0 0 1 
				11
				0.0048123 -0.933009 -0.359821 0.0750076 0.137644 -0.355782 0.924377 4.96528 -0.99047 -0.0539755 0.126711 -38.668 0 0 0 1 
				12
				-4.06706e-05 -0.920894 -0.389813 0.0115489 0.137464 -0.386118 0.912149 4.74962 -0.990507 -0.0535483 0.126606 -38.5665 0 0 0 1 
				13
				0.00257674 -0.891933 -0.45216 0.0355571 0.11358 -0.448974 0.886296 4.30353 -0.993525 -0.05364 0.100149 -38.3886 0 0 0 1 
				14
				0.0380504 -0.831627 -0.554029 0.459175 0.0689806 -0.550922 0.831701 3.63218 -0.996892 -0.0698638 0.0364033 -38.0552 0 0 0 1 
				15
				0.0667649 -0.731934 -0.678096 0.828941 0.0222179 -0.678354 0.734399 2.98845 -0.997521 -0.064098 -0.0290282 -37.5583 0 0 0 1 
				16
				0.0270436 -0.592806 -0.804891 0.390441 -0.0481848 -0.805023 0.591284 2.17594 -0.998472 0.0227931 -0.050335 -37.0013 0 0 0 1 
				17
				-0.0943925 -0.401719 -0.910885 -1.07476 -0.218646 -0.884265 0.412637 0.29058 -0.971228 0.238111 -0.00436615 -36.1623 0 0 0 1 
				18
				-0.180076 -0.177459 -0.967513 -2.20859 -0.453655 -0.857757 0.241763 -2.37898 -0.872794 0.482453 0.0739565 -34.6444 0 0 0 1 
				19
				-0.175869 -0.0124095 -0.984335 -2.28321 -0.615202 -0.779223 0.119741 -4.2891 -0.768503 0.626623 0.129407 -33.1798 0 0 0 1 
				20
				-0.152618 0.046278 -0.987201 -2.04887 -0.664108 -0.744559 0.0677653 -4.89114 -0.731893 0.665951 0.144367 -32.631 0 0 0 1 
				21
				-0.155609 0.039621 -0.987024 -2.07951 -0.658577 -0.748889 0.0737658 -4.82256 -0.736248 0.66151 0.142627 -32.6958 0 0 0 1 
				22
				-0.168927 0.00704424 -0.985603 -2.21432 -0.631429 -0.768598 0.10273 -4.48782 -0.75681 0.639693 0.134285 -33.0035 0 0 0 1 
				23
				-0.175869 -0.0124095 -0.984335 -2.28321 -0.615202 -0.779223 0.119741 -4.2891 -0.768503 0.626623 0.129407 -33.1798 0 0 0 1 
		</Joint>
			5
				-1
				5.74259e-07 -7.58411e-07 -1 -2.72775 -0.0871562 -0.996195 7.05475e-07 -5.84414 -0.996194 0.0871562 -6.38174e-07 -35.0011 0 0 0 1 
				0
				-0.0283171 -0.0889765 -0.995631 -3.46104 -0.0824737 -0.992426 0.0910358 -2.28363 -0.996191 0.0846913 0.0207644 -37.7837 0 0 0 1 
				1
				-0.0541126 -0.179597 -0.98225 -1.95885 -0.0684139 -0.980713 0.183085 0.633539 -0.996188 0.0771068 0.040782 -39.8959 0 0 0 1 
				2
				-0.0696425 -0.247469 -0.96639 0.133592 -0.0524547 -0.966493 0.251275 1.97011 -0.996192 0.0681911 0.0543281 -40.9752 0 0 0 1 
				3
				-0.0746037 -0.274166 -0.958784 1.03746 -0.0450617 -0.959554 0.277893 3.10544 -0.996195 0.0639363 0.0592319 -41.2929 0 0 0 1 
				4
				-0.0739346 -0.270106 -0.959988 0.759193 -0.0462093 -0.96066 0.273854 4.76958 -0.996192 0.0646076 0.0585447 -41.232 0 0 0 1 
				5
				-0.0718189 -0.258451 -0.963351 0.116427 -0.0493753 -0.96374 0.262236 6.09459 -0.996195 0.0663992 0.0564537 -41.0333 0 0 0 1 
				6
				-0.0715386 -0.259644 -0.963051 -0.0590043 -0.049778 -0.963392 0.263434 6.51183 -0.996195 0.0667845 0.0559952 -40.9681 0 0 0 1 
				7
				-0.0723568 -0.275204 -0.958659 -0.0258903 -0.0485876 -0.959065 0.278988 6.42531 -0.996195 0.0667656 0.0560234 -41.0125 0 0 0 1 
				8
				-0.0734438 -0.296954 -0.952063 0.0372163 -0.0469288 -0.952554 0.300728 6.1061 -0.996194 0.0667658 0.0560235 -41.0968 0 0 0 1 
				9
				-0.074424 -0.317128 -0.945458 0.0941828 -0.0453575 -0.946029 0.32089 5.72195 -0.996195 0.0667656 0.0560232 -41.1773 0 0 0 1 
				10
				-0.0749384 -0.327937 -0.941723 0.114379 -0.0445026 -0.942337 0.331692 5.4566 -0.996194 0.0667656 0.0560232 -41.2095 0 0 0 1 
				11
				-0.0746407 -0.321658 -0.943909 0.0871717 -0.0450004 -0.944499 0.325418 5.3132 -0.996195 0.0667657 0.0560233 -41.1716 0 0 0 1 
				12
				-0.0731295 -0.291041 -0.953911 0.0114459 -0.0474095 -0.954377 0.294817 5.09708 -0.996195 0.0667843 0.055995 -41.0702 0 0 0 1 
				13
				-0.0696474 -0.217065 -0.973669 0.0420706 -0.0523976 -0.973896 0.220864 4.59063 -0.996195 0.0664005 0.0564556 -40.8999 0 0 0 1 
				14
				-0.0627697 -0.0654318 -0.995881 0.555355 -0.0605106 -0.995763 0.069238 3.80655 -0.996192 0.0646074 0.0585444 -40.575 0 0 0 1 
				15
				-0.0521862 0.106743 -0.992916 0.997703 -0.069806 -0.992229 -0.103001 3.04461 -0.996195 0.0639363 0.059232 -40.0797 0 0 0 1 
				16
				-0.0386831 0.209614 -0.977019 0.458799 -0.0781469 -0.97539 -0.206171 2.05414 -0.996191 0.0683756 0.0541118 -39.5252 0 0 0 1 
				17
				-0.0238867 0.174061 -0.984445 -1.31336 -0.083961 -0.981596 -0.17152 -0.262089 -0.996182 0.0785579 0.0380614 -38.6173 0 0 0 1 
				18
				-0.0102488 0.064599 -0.997858 -2.66377 -0.0866103 -0.994218 -0.0634737 -3.52568 -0.99619 0.0857743 0.0157845 -36.8506 0 0 0 1 
				19
				5.74259e-07 -7.58411e-07 -1 -2.72775 -0.0871562 -0.996195 7.05475e-07 -5.84414 -0.996194 0.0871562 -6.38174e-07 -35.1223 0 0 0 1 
				20
				0.0045384 -0.00284589 -0.999986 -2.43464 -0.0870356 -0.996202 0.00244011 -6.5698 -0.996195 0.0870233 -0.00476885 -34.481 0 0 0 1 
				21
				0.00402226 -0.00250649 -0.999988 -2.47284 -0.0870636 -0.9962 0.0021468 -6.48725 -0.996194 0.087054 -0.0042252 -34.5568 0 0 0 1 
				22
				0.00148724 -0.000923606 -0.999998 -2.64131 -0.0871443 -0.996195 0.000790489 -6.08388 -0.996195 0.087143 -0.00156207 -34.9165 0 0 0 1 
				23
				5.74259e-07 -7.58411e-07 -1 -2.72775 -0.0871562 -0.996195 7.05475e-07 -5.84414 -0.996194 0.0871562 -6.38174e-07 -35.1223 0 0 0 1 
		</Joint>
			6
		</Joint>
			7
				-1
				0.990171 0.0125467 -0.139301 -0.945059 0.0775293 0.779713 0.621318 -4.45345 0.11641 -0.626011 0.771076 -33.2332 0 0 0 1 
				0
				0.956731 0.28781 -0.0427963 -1.64032 -0.238072 0.858838 0.453561 -1.96654 0.167294 -0.423747 0.890197 -35.5878 0 0 0 1 
				1
				0.818874 0.567397 -0.0866353 -0.675381 -0.520929 0.798058 0.302879 0.0159615 0.240993 -0.202889 0.949083 -37.4041 0 0 0 1 
				2
				0.654928 0.733452 -0.18198 0.73457 -0.693171 0.678974 0.241885 0.897361 0.300971 -0.0322736 0.953087 -38.3819 0 0 0 1 
				3
				0.579688 0.783188 -0.224897 1.33704 -0.758496 0.619493 0.202264 1.84324 0.297733 0.0533332 0.953158 -38.7328 0 0 0 1 
				4
				0.595567 0.775323 -0.210177 1.13045 -0.767014 0.626605 0.138041 3.35285 0.238724 0.0789961 0.967869 -38.7637 0 0 0 1 
				5
				0.632498 0.754286 -0.176064 0.658808 -0.754221 0.651517 0.0817132 4.57557 0.176344 0.0811075 0.980981 -38.6593 0 0 0 1 
				6
				0.637846 0.752145 -0.165619 0.520843 -0.75501 0.653115 0.0583146 4.94198 0.15203 0.0878485 0.984464 -38.6364 0 0 0 1 
				7
				0.625376 0.762786 -0.164506 0.528158 -0.765905 0.640365 0.0576442 4.8381 0.149314 0.0899465 0.98469 -38.6863 0 0 0 1 
				8
				0.607569 0.777164 -0.163934 0.552939 -0.779081 0.623288 0.0674128 4.52089 0.154569 0.0867601 0.984165 -38.7605 0 0 0 1 
				9
				0.590649 0.790254 -0.163194 0.574126 -0.79082 0.607105 0.0776361 4.1421 0.160428 0.083201 0.983535 -38.8297 0 0 0 1 
				10
				0.581615 0.797144 -0.162124 0.576676 -0.797794 0.597898 0.0777318 3.86717 0.158897 0.0841315 0.983704 -38.8648 0 0 0 1 
				11
				0.587175 0.793122 -0.161808 0.562299 -0.795076 0.602617 0.0686 3.7079 0.151916 0.0883693 0.984435 -38.8404 0 0 0 1 
				12
				0.612794 0.773122 -0.163605 0.539639 -0.775502 0.628135 0.0635816 3.5088 0.151922 0.0879136 0.984475 -38.7387 0 0 0 1 
				13
				0.66409 0.725778 -0.179527 0.648463 -0.726418 0.683172 0.0747794 3.09774 0.176921 0.0807517 0.980907 -38.5249 0 0 0 1 
				14
				0.741289 0.62885 -0.234602 1.21069 -0.626876 0.773575 0.0927811 2.5004 0.239828 0.0782889 0.967654 -38.1048 0 0 0 1 
				15
				0.822273 0.492793 -0.284645 1.74932 -0.48477 0.868526 0.10325 1.98869 0.298102 0.0530881 0.953056 -37.519 0 0 0 1 
				16
				0.896617 0.35164 -0.269124 1.48348 -0.32585 0.935485 0.13671 1.37049 0.299834 -0.0348821 0.953353 -36.9329 0 0 0 1 
				17
				0.957636 0.226451 -0.177911 0.162751 -0.17221 0.945466 0.276471 -0.272165 0.230816 -0.234121 0.94441 -36.1559 0 0 0 1 
				18
				0.987351 0.104287 -0.119422 -0.89364 -0.0336324 0.873846 0.485037 -2.70937 0.15494 -0.474886 0.866301 -34.744 0 0 0 1 
				19
				0.990171 0.0125467 -0.139301 -0.94506 0.0775293 0.779713 0.621318 -4.45345 0.11641 -0.626011 0.771076 -33.3545 0 0 0 1 
				20
				0.985695 -0.0238928 -0.166838 -0.706709 0.129104 0.743375 0.656297 -4.98476 0.108343 -0.668448 0.735826 -32.8259 0 0 0 1 
				21
				0.986355 -0.0198397 -0.163432 -0.737602 0.123141 0.747795 0.65241 -4.92435 0.10927 -0.663633 0.740034 -32.8884 0 0 0 1 
				22
				0.989026 0.00032419 -0.147739 -0.874404 0.0943154 0.768325 0.633073 -4.62902 0.113717 -0.64006 0.759863 -33.1848 0 0 0 1 
				23
				0.990171 0.0125467 -0.139301 -0.94506 0.0775293 0.779713 0.621318 -4.45345 0.11641 -0.626011 0.771076 -33.3545 0 0 0 1 
		</Joint>
			8
				-1
				-0.322955 0.167821 -0.931416 4.64125 -0.496234 0.807993 0.317645 -4.01605 0.805886 0.564786 -0.177667 -32.5764 0 0 0 1 
				0
				-0.361588 0.219856 -0.906045 3.75733 -0.71856 0.553503 0.421076 -3.30969 0.594075 0.803304 -0.04216 -34.644 0 0 0 1 
				1
				-0.466346 0.149412 -0.871893 3.94452 -0.838541 0.239238 0.489504 -2.923 0.281728 0.959396 0.0137202 -36.0445 0 0 0 1 
				2
				-0.53533 0.00438966 -0.844631 4.42952 -0.844447 0.0187471 0.535311 -3.01335 0.0181842 0.999815 -0.00632904 -36.6839 0 0 0 1 
				3
				-0.550975 -0.0716459 -0.83144 4.60751 -0.83011 -0.0552566 0.554855 -2.43602 -0.0856956 0.995898 -0.0290289 -37.053 0 0 0 1 
				4
				-0.549267 -0.0598916 -0.833497 4.4905 -0.832669 -0.0448901 0.551948 -0.974467 -0.0704728 0.997195 -0.0252132 -37.4169 0 0 0 1 
				5
				-0.542455 -0.0264849 -0.839667 4.22722 -0.839688 -0.0136086 0.542898 0.320437 -0.0258053 0.999556 -0.014857 -37.6644 0 0 0 1 
				6
				-0.544071 -0.0195051 -0.838812 4.11942 -0.838885 -0.00651928 0.54427 0.68239 -0.0160845 0.999789 -0.0128156 -37.7787 0 0 0 1 
				7
				-0.557574 -0.0200211 -0.829885 4.05638 -0.82996 -0.00659793 0.557784 0.517045 -0.016643 0.999778 -0.0129379 -37.8439 0 0 0 1 
				8
				-0.576314 -0.0201658 -0.816979 3.9807 -0.817058 -0.00614056 0.576522 0.125495 -0.0166427 0.999778 -0.0129378 -37.8884 0 0 0 1 
				9
				-0.593545 -0.0202922 -0.804545 3.90643 -0.804628 -0.0057107 0.593751 -0.319526 -0.016643 0.999778 -0.0129381 -37.9246 0 0 0 1 
				10
				-0.602717 -0.0203561 -0.797695 3.85801 -0.797781 -0.0054779 0.602922 -0.633795 -0.0166428 0.999777 -0.0129381 -37.9684 0 0 0 1 
				11
				-0.597395 -0.0203192 -0.80169 3.87501 -0.801774 -0.0056133 0.5976 -0.777734 -0.0166428 0.999778 -0.012938 -37.9833 0 0 0 1 
				12
				-0.571239 -0.0197076 -0.820547 3.99688 -0.820626 -0.00587708 0.571435 -0.866402 -0.016084 0.999788 -0.0128154 -37.8816 0 0 0 1 
				13
				-0.506116 -0.0258833 -0.862077 4.3951 -0.862079 -0.0147288 0.506559 -1.00055 -0.0258088 0.999556 -0.014859 -37.5267 0 0 0 1 
				14
				-0.365038 -0.0493028 -0.929686 5.39287 -0.928322 -0.0563134 0.367488 -1.03628 -0.070472 0.997195 -0.0252124 -36.7518 0 0 0 1 
				15
				-0.198424 -0.0456123 -0.979054 6.3884 -0.976363 -0.0781408 0.201519 -0.746267 -0.0856958 0.995898 -0.0290292 -35.8371 0 0 0 1 
				16
				-0.102814 -0.00330948 -0.994695 6.54198 -0.99445 0.0227804 0.102713 -0.467877 0.0223196 0.999735 -0.00563325 -35.2413 0 0 0 1 
				17
				-0.145667 0.0624276 -0.987362 5.56551 -0.933334 0.322334 0.158076 -1.24373 0.328128 0.944565 0.0113125 -34.8537 0 0 0 1 
				18
				-0.251457 0.132731 -0.958724 4.67677 -0.712195 0.645384 0.276147 -2.89912 0.655398 0.752238 -0.0677565 -33.8699 0 0 0 1 
				19
				-0.322955 0.167821 -0.931416 4.64125 -0.496234 0.807993 0.317645 -4.01605 0.805886 0.564786 -0.177667 -32.6977 0 0 0 1 
				20
				-0.339753 0.164468 -0.926023 4.85435 -0.430299 0.848319 0.308542 -4.25638 0.836307 0.503295 -0.217449 -32.2147 0 0 0 1 
				21
				-0.337587 0.164932 -0.926732 4.82718 -0.438 0.843926 0.309749 -4.22962 0.833181 0.510476 -0.212658 -32.2719 0 0 0 1 
				22
				-0.328036 0.166848 -0.929814 4.70545 -0.474909 0.821728 0.314999 -4.09692 0.816611 0.544908 -0.190319 -32.5432 0 0 0 1 
				23
				-0.322955 0.167821 -0.931416 4.64125 -0.496234 0.807993 0.317645 -4.01605 0.805886 0.564786 -0.177667 -32.6977 0 0 0 1 
		</Joint>
			9
				-1
				-0.333874 0.144886 -0.931416 2.55557 -0.551385 0.771411 0.317645 -7.22079 0.764527 0.619622 -0.177667 -27.3719 0 0 0 1 
				0
				-0.371442 0.202764 -0.906045 1.42214 -0.743577 0.51941 0.421076 -7.95025 0.555988 0.83012 -0.04216 -30.8073 0 0 0 1 
				1
				-0.469649 0.138679 -0.871893 0.932794 -0.843806 0.219947 0.489504 -8.33841 0.259654 0.965604 0.0137202 -34.2251 0 0 0 1 
				2
				-0.535346 0.00168557 -0.844631 0.972286 -0.844531 0.0144814 0.535311 -8.4669 0.0131338 0.999894 -0.00632904 -36.5664 0 0 0 1 
				3
				-0.55112 -0.0705185 -0.83144 1.04924 -0.830221 -0.0535582 0.554855 -7.79698 -0.0836579 0.996071 -0.0290289 -37.6064 0 0 0 1 
				4
				-0.549326 -0.0593485 -0.833497 0.943261 -0.832713 -0.0440669 0.551948 -6.35196 -0.0694869 0.997264 -0.0252132 -37.872 0 0 0 1 
				5
				-0.542399 -0.0275978 -0.839667 0.72397 -0.839658 -0.0153315 0.542898 -5.10238 -0.0278562 0.999501 -0.014857 -37.8311 0 0 0 1 
				6
				-0.544016 -0.02098 -0.838812 0.605734 -0.838864 -0.00879352 0.54427 -4.73524 -0.0187949 0.999741 -0.0128156 -37.8825 0 0 0 1 
				7
				-0.557519 -0.0215122 -0.829885 0.455493 -0.829939 -0.0088175 0.557784 -4.84295 -0.0193166 0.999729 -0.0129379 -37.9514 0 0 0 1 
				8
				-0.576258 -0.0217071 -0.816979 0.258789 -0.817039 -0.00832584 0.576522 -5.15118 -0.0193167 0.999729 -0.0129378 -37.9959 0 0 0 1 
				9
				-0.593489 -0.0218796 -0.804545 0.0732371 -0.80461 -0.00786272 0.593751 -5.51593 -0.0193169 0.99973 -0.0129381 -38.0321 0 0 0 1 
				10
				-0.60266 -0.021968 -0.797695 -0.0344159 -0.797764 -0.00761161 0.602922 -5.78597 -0.0193168 0.999729 -0.0129381 -38.0758 0 0 0 1 
				11
				-0.597338 -0.0219169 -0.80169 0.0169507 -0.801756 -0.00775768 0.5976 -5.9557 -0.0193168 0.999729 -0.012938 -38.0908 0 0 0 1 
				12
				-0.571183 -0.0212564 -0.820547 0.307742 -0.820607 -0.00810215 0.571435 -6.16612 -0.0187949 0.999741 -0.0128154 -37.9855 0 0 0 1 
				13
				-0.506062 -0.0269217 -0.862077 1.12654 -0.862047 -0.0164977 0.506559 -6.56797 -0.0278597 0.999501 -0.014859 -37.6934 0 0 0 1 
				14
				-0.365086 -0.0489419 -0.929686 3.0354 -0.928377 -0.0553956 0.367488 -7.03151 -0.0694861 0.997264 -0.0252124 -37.2069 0 0 0 1 
				15
				-0.198517 -0.0452062 -0.979054 5.10695 -0.97652 -0.0761431 0.201519 -7.05175 -0.0836581 0.996071 -0.0290292 -36.3906 0 0 0 1 
				16
				-0.102795 -0.00385825 -0.994695 5.87799 -0.994558 0.0174717 0.102713 -6.89017 0.0169827 0.99984 -0.00563325 -35.0971 0 0 0 1 
				17
				-0.147253 0.0585885 -0.987362 4.62478 -0.941461 0.297762 0.158076 -7.27133 0.30326 0.95284 0.0113125 -32.7346 0 0 0 1 
				18
				-0.258039 0.119433 -0.958724 3.05282 -0.744892 0.607353 0.276147 -7.49857 0.615265 0.785403 -0.0677565 -29.6372 0 0 0 1 
				19
				-0.333874 0.144886 -0.931416 2.55557 -0.551385 0.771411 0.317645 -7.2208 0.764527 0.619622 -0.177667 -27.4932 0 0 0 1 
				20
				-0.351133 0.13852 -0.926022 2.66018 -0.49272 0.813651 0.308542 -7.03531 0.796198 0.564609 -0.217449 -26.8137 0 0 0 1 
				21
				-0.348922 0.139358 -0.926732 2.647 -0.499577 0.808998 0.309749 -7.05828 0.792891 0.571052 -0.212658 -26.8911 0 0 0 1 
				22
				-0.339121 0.142977 -0.929814 2.58695 -0.532422 0.785685 0.314999 -7.16395 0.775579 0.601877 -0.190319 -27.2695 0 0 0 1 
				23
				-0.333874 0.144886 -0.931416 2.55557 -0.551385 0.771411 0.317645 -7.2208 0.764527 0.619622 -0.177667 -27.4932 0 0 0 1 
		</Joint>
			10
				-1
				0.095693 -0.0182615 -0.995243 0.278419 -0.575316 0.814907 -0.0702694 -10.9814 0.812314 0.579304 0.0674747 -22.1575 0 0 0 1 
				0
				0.0912046 -0.380668 -0.920203 -1.11123 -0.851428 0.449444 -0.270313 -13.0217 0.516479 0.808141 -0.28312 -27.0153 0 0 0 1 
				1
				0.058394 -0.786527 -0.614788 -2.27039 -0.98227 0.0646251 -0.175976 -14.0935 0.178141 0.614164 -0.768809 -32.4542 0 0 0 1 
				2
				0.0589503 -0.981542 -0.181934 -2.67897 -0.997874 -0.063015 0.0166374 -14.2269 -0.0277949 0.180567 -0.98317 -36.4769 0 0 0 1 
				3
				0.0672677 -0.99742 0.0250404 -2.70961 -0.993905 -0.0647917 0.0891837 -13.4594 -0.0873312 -0.0308869 -0.9957 -38.177 0 0 0 1 
				4
				0.0657185 -0.997818 -0.0063605 -2.80335 -0.994672 -0.066016 0.0791711 -12.0314 -0.0794183 0.00112361 -0.996841 -38.346 0 0 0 1 
				5
				0.0626601 -0.99339 -0.0961784 -2.9754 -0.996532 -0.0675605 0.0485671 -10.8292 -0.0547439 0.0928017 -0.994178 -38.0211 0 0 0 1 
				6
				0.058161 -0.991639 -0.115186 -3.10466 -0.997101 -0.0633713 0.0420978 -10.4566 -0.0490454 0.112404 -0.992451 -38.0107 0 0 0 1 
				7
				0.0421646 -0.992654 -0.113402 -3.34699 -0.99789 -0.0474496 0.0443155 -10.5034 -0.0493709 0.111294 -0.99256 -38.0831 0 0 0 1 
				8
				0.0194486 -0.993476 -0.112365 -3.67151 -0.998591 -0.0248515 0.0468844 -10.7237 -0.049371 0.111295 -0.99256 -38.1277 0 0 0 1 
				9
				-0.00177387 -0.99378 -0.111343 -3.97458 -0.998779 -0.00373643 0.0492614 -11.0037 -0.049371 0.111294 -0.99256 -38.1638 0 0 0 1 
				10
				-0.0132071 -0.993758 -0.110772 -4.14478 -0.998693 0.00763994 0.0505326 -11.227 -0.0493709 0.111294 -0.99256 -38.2076 0 0 0 1 
				11
				-0.00656075 -0.993787 -0.111106 -4.05712 -0.998759 0.00102656 0.0497943 -11.424 -0.0493709 0.111294 -0.99256 -38.2225 0 0 0 1 
				12
				0.0254918 -0.993182 -0.113747 -3.58794 -0.998471 -0.0308781 0.0458457 -11.763 -0.0490455 0.112404 -0.992451 -38.1136 0 0 0 1 
				13
				0.105143 -0.9896 -0.0981605 -2.32499 -0.992949 -0.109905 0.0444192 -12.4475 -0.0547456 0.092798 -0.994179 -37.8834 0 0 0 1 
				14
				0.270162 -0.962549 -0.0226098 0.54538 -0.959533 -0.271104 0.07614 -13.3634 -0.0794181 0.00112468 -0.996841 -37.6808 0 0 0 1 
				15
				0.436039 -0.899868 -0.0103299 3.75299 -0.89568 -0.435067 0.0920547 -13.712 -0.0873313 -0.0308872 -0.9957 -36.9612 0 0 0 1 
				16
				0.496554 -0.84996 -0.176074 5.17689 -0.867644 -0.491887 -0.0724009 -13.6734 -0.0250705 0.18872 -0.981711 -34.9813 0 0 0 1 
				17
				0.385446 -0.728036 -0.566916 3.62046 -0.895478 -0.146922 -0.420157 -13.6924 0.222597 0.669609 -0.708572 -30.6663 0 0 0 1 
				18
				0.203391 -0.356697 -0.911811 1.2929 -0.777467 0.507221 -0.371847 -12.579 0.595126 0.784534 -0.174156 -25.4409 0 0 0 1 
				19
				0.095693 -0.0182615 -0.995243 0.278418 -0.575316 0.814907 -0.0702694 -10.9814 0.812314 0.579304 0.0674747 -22.2788 0 0 0 1 
				20
				0.0727805 0.0749034 -0.994531 0.265318 -0.499046 0.8661 0.02871 -10.3958 0.863514 0.494227 0.100415 -21.3833 0 0 0 1 
				21
				0.0756408 0.0641573 -0.995069 0.267218 -0.50808 0.861144 0.0169004 -10.4656 0.857982 0.504296 0.0977347 -21.4833 0 0 0 1 
				22
				0.088496 0.0121696 -0.996002 0.274016 -0.550931 0.83365 -0.038765 -10.7953 0.829845 0.552159 0.0804794 -21.9797 0 0 0 1 
				23
				0.095693 -0.0182615 -0.995243 0.278418 -0.575316 0.814907 -0.0702694 -10.9814 0.812314 0.579304 0.0674747 -22.2788 0 0 0 1 
		</Joint>
			11
				-1
				-0.880681 0.0125468 -0.473543 -3.62141 0.305107 0.779713 -0.546769 -4.12789 0.362368 -0.626011 -0.690507 -32.8813 0 0 0 1 
				0
				-0.835888 0.153747 -0.526927 -4.07211 0.33739 0.901125 -0.272287 -0.760796 0.432964 -0.405382 -0.805113 -35.4289 0 0 0 1 
				1
				-0.851621 0.305219 -0.426125 -2.53079 0.355158 0.933912 -0.0408633 2.00313 0.385491 -0.186142 -0.903741 -37.4393 0 0 0 1 
				2
				-0.844087 0.464072 -0.268616 -0.498749 0.457214 0.884628 0.0915911 3.31651 0.28013 -0.0455041 -0.958883 -38.5207 0 0 0 1 
				3
				-0.713349 0.682522 -0.159049 0.379367 0.651233 0.72943 0.209348 4.38675 0.2589 0.0457603 -0.96482 -38.8105 0 0 0 1 
				4
				-0.443315 0.891471 -0.0935406 0.124618 0.825925 0.446797 0.343831 5.87682 0.348309 0.0751678 -0.934361 -38.6613 0 0 0 1 
				5
				-0.162722 0.985721 -0.0432979 -0.466587 0.895892 0.165995 0.412095 7.03545 0.413398 0.0282669 -0.910111 -38.3853 0 0 0 1 
				6
				-0.022672 0.99968 -0.0111717 -0.619661 0.898659 0.0252747 0.437919 7.38608 0.438062 -0.000111047 -0.898945 -38.2925 0 0 0 1 
				7
				0.009493 0.999954 0.00137446 -0.571599 0.896875 -0.00912223 0.44219 7.29959 0.442182 -0.00296499 -0.89692 -38.3338 0 0 0 1 
				8
				-0.00260603 0.999995 0.0016287 -0.490497 0.899562 0.00163289 0.43679 7.009 0.436785 0.0026034 -0.899562 -38.4241 0 0 0 1 
				9
				-0.0196397 0.999807 -0.000109962 -0.416103 0.902476 0.0177752 0.430373 6.6542 0.430292 0.00835318 -0.902651 -38.5112 0 0 0 1 
				10
				0.000137196 0.99997 0.00771949 -0.384767 0.901876 -0.00345852 0.431981 6.38983 0.431995 0.00690276 -0.901849 -38.5416 0 0 0 1 
				11
				0.0372005 0.999145 0.0180308 -0.41604 0.897473 -0.0413396 0.439128 6.22123 0.439498 -0.000153612 -0.898243 -38.4959 0 0 0 1 
				12
				0.00743517 0.999966 0.0033956 -0.520248 0.898915 -0.00817129 0.438046 5.98888 0.438059 -0.00020459 -0.898946 -38.3945 0 0 0 1 
				13
				-0.204792 0.976822 -0.0622753 -0.580939 0.887126 0.212119 0.409894 5.50752 0.413604 0.028697 -0.910004 -38.2526 0 0 0 1 
				14
				-0.609604 0.775553 -0.164012 -0.295688 0.712844 0.626831 0.31454 4.76175 0.34675 0.0748298 -0.934968 -38.0059 0 0 0 1 
				15
				-0.906763 0.355852 -0.226164 -0.0943865 0.333131 0.933443 0.133073 3.98548 0.258465 0.0453232 -0.964957 -37.5979 0 0 0 1 
				16
				-0.958833 0.0201654 -0.283254 -0.704981 0.0327664 0.99867 -0.039819 2.97815 0.282074 -0.047461 -0.958218 -37.0697 0 0 0 1 
				17
				-0.915641 -0.0509915 -0.398748 -2.31389 0.0399289 0.975481 -0.216432 0.849764 0.400008 -0.214095 -0.891155 -36.1678 0 0 0 1 
				18
				-0.876831 -0.00782452 -0.480734 -3.52425 0.214679 0.88829 -0.406021 -2.05204 0.430208 -0.459216 -0.777201 -34.5429 0 0 0 1 
				19
				-0.880681 0.0125468 -0.473543 -3.62141 0.305107 0.779713 -0.546769 -4.12789 0.362368 -0.626011 -0.690507 -33.0026 0 0 0 1 
				20
				-0.891756 0.0012496 -0.452515 -3.39085 0.304701 0.740982 -0.598417 -4.80051 0.334558 -0.671524 -0.661156 -32.4334 0 0 0 1 
				21
				-0.890267 0.00238625 -0.455431 -3.42126 0.305075 0.745611 -0.592446 -4.72379 0.338161 -0.666377 -0.664521 -32.5006 0 0 0 1 
				22
				-0.884001 0.00851167 -0.467408 -3.5542 0.305457 0.7674 -0.563731 -4.34971 0.35389 -0.641112 -0.680982 -32.8197 0 0 0 1 
				23
				-0.880681 0.0125468 -0.473543 -3.62141 0.305107 0.779713 -0.546769 -4.12789 0.362368 -0.626011 -0.690507 -33.0026 0 0 0 1 
		</Joint>
			12
				-1
				0.380504 -0.615831 -0.689904 -8.59001 0.0903669 0.767211 -0.634997 -2.40654 0.920353 0.179275 0.347578 -30.8369 0 0 0 1 
				0
				0.377825 -0.636425 -0.672466 -8.78799 -0.516445 0.457954 -0.723575 1.14268 0.76846 0.620677 -0.155652 -32.9862 0 0 0 1 
				1
