<?xml version='1.0' encoding='UTF-8' ?>
<itpanim>
	<skeleton count>
		25
			0 -1
			1.37091e-06 -1 -6.12323e-17 1e-06 1 1.37091e-06 -6.12323e-17 -1.37225e-12 6.12323e-17 -6.12323e-17 1 21.9617 0 0 0 1 
			1 0
			1.3868e-06 -2.28084e-12 -1 -21.9617 2.75771e-06 -1 6.10517e-12 1.00008e-06 -1 -2.75771e-06 -1.3868e-06 -3.04564e-05 0 0 0 1 
			2 1
			-0.000205999 -0.000823318 -1 -24.8731 -1.2413e-06 -1 0.000823318 0.0257198 -1 1.41091e-06 0.000205998 0.00512379 0 0 0 1 
			3 2
			-0.000383999 -0.00100932 -0.999999 -31.4555 -1.03656e-06 -0.999999 0.00100932 0.036812 -1 1.42414e-06 0.000383997 0.0107229 0 0 0 1 
			4 3
			-0.000383999 -0.00100932 -0.999999 -38.038 -1.03656e-06 -0.999999 0.00100932 0.0388247 -1 1.42414e-06 0.000383997 0.0107228 0 0 0 1 
			5 4
			1.34309e-06 9.80604e-13 -1 -40.5657 -1.40269e-06 -1 -2.8646e-12 -0.00211895 -1 1.40269e-06 -1.34309e-06 -0.00490874 0 0 0 1 
			6 5
			1 -0 0 0 0 1 0 0 -0 -0 1 -0 0 0 0 1 
			7 4
			0.950432 6.75818e-05 0.310933 10.539 -1.42282e-06 1 -0.000213002 -0.00652172 -0.310933 0.000202002 0.950432 36.5745 0 0 0 1 
			8 7
			0.476976 0.0235788 0.8786 28.6752 0.0457762 0.997617 -0.0516239 -2.17945 -0.877723 0.0648423 0.47476 23.1227 0 0 0 1 
			9 8
			0.476835 0.0205561 0.878752 22.2236 0.0472212 0.997684 -0.0489616 -2.11213 -0.877724 0.0648423 0.47476 23.1227 0 0 0 1 
			10 9
			0.476835 0.0205561 0.878752 15.4032 -0.877686 0.0656367 0.474721 23.121 -0.04792 -0.997632 0.0493396 2.13054 0 0 0 1 
			11 4
			-0.950193 6.50589e-05 0.311663 10.5594 -1.39561e-06 1 -0.000213002 -0.00652172 -0.311663 -0.000202828 -0.950193 -36.5678 0 0 0 1 
			12 11
			-0.476976 0.0235775 0.8786 28.6676 -0.045779 0.997617 -0.0516239 -2.17948 -0.877723 -0.0648447 -0.47476 -23.1259 0 0 0 1 
			13 12
			-0.476835 0.0205548 0.878752 22.216 -0.0472239 0.997684 -0.0489616 -2.11218 -0.877723 -0.0648447 -0.47476 -23.1259 0 0 0 1 
			14 13
			-0.476835 0.0205547 0.878752 15.3956 0.877685 0.0656391 0.474721 23.1242 -0.0479228 0.997632 -0.0493396 -2.13059 0 0 0 1 
			15 2
			1.37369e-06 -0.0998331 0.995004 21.852 0 -0.995004 -0.0998331 -2.1925 1 1.3714e-07 -1.36683e-06 -4.26131 0 0 0 1 
			16 15
			1.37369e-06 0.0998335 0.995004 12.303 0 -0.995004 0.0998335 0.256849 1 -1.3714e-07 -1.36683e-06 -4.26131 0 0 0 1 
			17 16
			1.3716e-06 -6.00745e-14 1 2.57273 0 -1 -6.00745e-14 4.22662e-06 1 8.23984e-20 -1.3716e-06 -4.26131 0 0 0 1 
			18 17
			1.3723e-06 -1 -6.00133e-14 -5.50713 0 6.00133e-14 -1 -0.331805 1 1.3723e-06 8.23562e-20 -4.26131 0 0 0 1 
			19 18
			1 -0 0 0 0 1 0 0 -0 -0 1 -0 0 0 0 1 
			20 2
			1.37369e-06 -0.0998331 0.995004 21.852 0 -0.995004 -0.0998331 -2.1925 1 1.3714e-07 -1.36683e-06 4.26131 0 0 0 1 
			21 20
			1.37369e-06 0.0998335 0.995004 12.303 0 -0.995004 0.0998335 0.256849 1 -1.3714e-07 -1.36683e-06 4.26131 0 0 0 1 
			22 21
			1.3716e-06 -6.00745e-14 1 2.57273 0 -1 -6.00745e-14 4.22662e-06 1 8.23984e-20 -1.3716e-06 4.26131 0 0 0 1 
			23 22
			1.3723e-06 -1 -6.00133e-14 -5.50713 0 6.00133e-14 -1 -0.331804 1 1.3723e-06 8.23562e-20 4.26131 0 0 0 1 
			24 23
			1 -0 0 0 0 1 0 0 -0 -0 1 -0 0 0 0 1 
	</skeleton>
		<animations>
			33
			0
				-1
				1.33158e-06 1 0 0 -1 1.33158e-06 0 9.75445e-07 -0 -0 1 -22.0699 0 0 0 1 
				0
				1.33158e-06 1 0 0 -1 1.33158e-06 0 9.75445e-07 -0 -0 1 -22.0493 0 0 0 1 
				1
				1.33158e-06 1 0 0 -1 1.33158e-06 0 9.75445e-07 -0 -0 1 -22.0267 0 0 0 1 
				2
				1.33158e-06 1 0 0 -1 1.33158e-06 0 9.75445e-07 -0 -0 1 -22.0026 0 0 0 1 
				3
				1.33158e-06 1 0 0 -1 1.33158e-06 0 9.75445e-07 -0 -0 1 -21.9775 0 0 0 1 
				4
				1.33158e-06 1 0 0 -1 1.33158e-06 0 9.75445e-07 -0 -0 1 -21.9517 0 0 0 1 
				5
				1.33158e-06 1 0 0 -1 1.33158e-06 0 9.75445e-07 -0 -0 1 -21.9258 0 0 0 1 
				6
				1.19842e-06 1 1.47717e-38 0 -1 1.19842e-06 -1.2326e-32 9.75445e-07 -1.2326e-32 -0 1 -21.9002 0 0 0 1 
				7
				1.33158e-06 1 0 0 -1 1.33158e-06 0 9.75445e-07 -0 -0 1 -21.8754 0 0 0 1 
				8
				1.33158e-06 1 0 0 -1 1.33158e-06 0 9.75445e-07 -0 -0 1 -21.8517 0 0 0 1 
				9
				1.33158e-06 1 0 0 -1 1.33158e-06 0 9.75445e-07 -0 -0 1 -21.8298 0 0 0 1 
				10
				1.33158e-06 1 0 0 -1 1.33158e-06 0 9.75445e-07 -0 -0 1 -21.8099 0 0 0 1 
				11
				1.33158e-06 1 0 0 -1 1.33158e-06 0 9.75445e-07 -0 -0 1 -21.7927 0 0 0 1 
				12
				1.33158e-06 1 0 0 -1 1.33158e-06 0 9.75445e-07 -0 -0 1 -21.7785 0 0 0 1 
				13
				1.33158e-06 1 0 0 -1 1.33158e-06 0 9.75445e-07 -0 -0 1 -21.7678 0 0 0 1 
				14
				1.33158e-06 1 0 0 -1 1.33158e-06 0 9.75445e-07 -0 -0 1 -21.761 0 0 0 1 
				15
				1.33158e-06 1 0 0 -1 1.33158e-06 0 9.75445e-07 -0 -0 1 -21.7587 0 0 0 1 
				16
				1.33158e-06 1 0 0 -1 1.33158e-06 0 9.75445e-07 -0 -0 1 -21.761 0 0 0 1 
				17
				1.33158e-06 1 0 0 -1 1.33158e-06 0 9.75445e-07 -0 -0 1 -21.7678 0 0 0 1 
				18
				1.33158e-06 1 0 0 -1 1.33158e-06 0 9.75445e-07 -0 -0 1 -21.7785 0 0 0 1 
				19
				1.33158e-06 1 0 0 -1 1.33158e-06 0 9.75445e-07 -0 -0 1 -21.7927 0 0 0 1 
				20
				1.33158e-06 1 0 0 -1 1.33158e-06 0 9.75445e-07 -0 -0 1 -21.8099 0 0 0 1 
				21
				1.33158e-06 1 0 0 -1 1.33158e-06 0 9.75445e-07 -0 -0 1 -21.8298 0 0 0 1 
				22
				1.33158e-06 1 0 0 -1 1.33158e-06 0 9.75445e-07 -0 -0 1 -21.8517 0 0 0 1 
				23
				1.33158e-06 1 0 0 -1 1.33158e-06 0 9.75445e-07 -0 -0 1 -21.8754 0 0 0 1 
				24
				1.33158e-06 1 0 0 -1 1.33158e-06 0 9.75445e-07 -0 -0 1 -21.9002 0 0 0 1 
				25
				1.33158e-06 1 0 0 -1 1.33158e-06 0 9.75445e-07 -0 -0 1 -21.9258 0 0 0 1 
				26
				1.33158e-06 1 0 0 -1 1.33158e-06 0 9.75445e-07 -0 -0 1 -21.9517 0 0 0 1 
				27
				1.33158e-06 1 0 0 -1 1.33158e-06 0 9.75445e-07 -0 -0 1 -21.9775 0 0 0 1 
				28
				1.33158e-06 1 0 0 -1 1.33158e-06 0 9.75445e-07 -0 -0 1 -22.0026 0 0 0 1 
				29
				1.33158e-06 1 0 0 -1 1.33158e-06 0 9.75445e-07 -0 -0 1 -22.0267 0 0 0 1 
				30
				1.33158e-06 1 0 0 -1 1.33158e-06 0 9.75445e-07 -0 -0 1 -22.0493 0 0 0 1 
				31
				1.33158e-06 1 0 0 -1 1.33158e-06 0 9.75445e-07 -0 -0 1 -22.0699 0 0 0 1 
		</Joint>
			1
				-1
				1.33158e-06 2.66316e-06 -1 0 0 -1 -2.66316e-06 9.75445e-07 -1 3.54621e-12 -1.33158e-06 -22.0699 0 0 0 1 
				0
				1.33158e-06 2.66316e-06 -1 0 0 -1 -2.66316e-06 9.75445e-07 -1 3.54621e-12 -1.33158e-06 -22.0493 0 0 0 1 
				1
				1.33158e-06 2.66316e-06 -1 0 0 -1 -2.66316e-06 9.75445e-07 -1 3.54621e-12 -1.33158e-06 -22.0267 0 0 0 1 
				2
				1.33158e-06 2.66316e-06 -1 0 0 -1 -2.66316e-06 9.75445e-07 -1 3.54621e-12 -1.33158e-06 -22.0026 0 0 0 1 
				3
				1.33158e-06 2.66316e-06 -1 0 0 -1 -2.66316e-06 9.75445e-07 -1 3.54621e-12 -1.33158e-06 -21.9775 0 0 0 1 
				4
				1.33158e-06 2.66316e-06 -1 0 0 -1 -2.66316e-06 9.75445e-07 -1 3.54621e-12 -1.33158e-06 -21.9517 0 0 0 1 
				5
				1.33158e-06 2.66316e-06 -1 0 0 -1 -2.66316e-06 9.75445e-07 -1 3.54621e-12 -1.33158e-06 -21.9258 0 0 0 1 
				6
				1.33158e-06 2.53e-06 -1 0 0 -1 -2.53e-06 9.75445e-07 -1 3.3689e-12 -1.33158e-06 -21.9002 0 0 0 1 
				7
				1.33158e-06 2.66316e-06 -1 0 0 -1 -2.66316e-06 9.75445e-07 -1 3.54621e-12 -1.33158e-06 -21.8754 0 0 0 1 
				8
				1.33158e-06 2.66316e-06 -1 0 0 -1 -2.66316e-06 9.75445e-07 -1 3.54621e-12 -1.33158e-06 -21.8517 0 0 0 1 
				9
				1.33158e-06 2.66316e-06 -1 0 0 -1 -2.66316e-06 9.75445e-07 -1 3.54621e-12 -1.33158e-06 -21.8298 0 0 0 1 
				10
				1.33158e-06 2.66316e-06 -1 0 0 -1 -2.66316e-06 9.75445e-07 -1 3.54621e-12 -1.33158e-06 -21.8099 0 0 0 1 
				11
				1.33158e-06 2.66316e-06 -1 0 0 -1 -2.66316e-06 9.75445e-07 -1 3.54621e-12 -1.33158e-06 -21.7927 0 0 0 1 
				12
				1.33158e-06 2.66316e-06 -1 0 0 -1 -2.66316e-06 9.75445e-07 -1 3.54621e-12 -1.33158e-06 -21.7785 0 0 0 1 
				13
				1.33158e-06 2.66316e-06 -1 0 0 -1 -2.66316e-06 9.75445e-07 -1 3.54621e-12 -1.33158e-06 -21.7678 0 0 0 1 
				14
				1.33158e-06 2.66316e-06 -1 0 0 -1 -2.66316e-06 9.75445e-07 -1 3.54621e-12 -1.33158e-06 -21.761 0 0 0 1 
				15
				1.33158e-06 2.66316e-06 -1 0 0 -1 -2.66316e-06 9.75445e-07 -1 3.54621e-12 -1.33158e-06 -21.7587 0 0 0 1 
				16
				1.33158e-06 2.66316e-06 -1 0 0 -1 -2.66316e-06 9.75445e-07 -1 3.54621e-12 -1.33158e-06 -21.761 0 0 0 1 
				17
				1.33158e-06 2.66316e-06 -1 0 0 -1 -2.66316e-06 9.75445e-07 -1 3.54621e-12 -1.33158e-06 -21.7678 0 0 0 1 
				18
				1.33158e-06 2.66316e-06 -1 0 0 -1 -2.66316e-06 9.75445e-07 -1 3.54621e-12 -1.33158e-06 -21.7785 0 0 0 1 
				19
				1.33158e-06 2.66316e-06 -1 0 0 -1 -2.66316e-06 9.75445e-07 -1 3.54621e-12 -1.33158e-06 -21.7927 0 0 0 1 
				20
				1.33158e-06 2.66316e-06 -1 0 0 -1 -2.66316e-06 9.75445e-07 -1 3.54621e-12 -1.33158e-06 -21.8099 0 0 0 1 
				21
				1.33158e-06 2.66316e-06 -1 0 0 -1 -2.66316e-06 9.75445e-07 -1 3.54621e-12 -1.33158e-06 -21.8298 0 0 0 1 
				22
				1.33158e-06 2.66316e-06 -1 0 0 -1 -2.66316e-06 9.75445e-07 -1 3.54621e-12 -1.33158e-06 -21.8517 0 0 0 1 
				23
				1.33158e-06 2.66316e-06 -1 0 0 -1 -2.66316e-06 9.75445e-07 -1 3.54621e-12 -1.33158e-06 -21.8754 0 0 0 1 
				24
				1.33158e-06 2.66316e-06 -1 0 0 -1 -2.66316e-06 9.75445e-07 -1 3.54621e-12 -1.33158e-06 -21.9002 0 0 0 1 
				25
				1.33158e-06 2.66316e-06 -1 0 0 -1 -2.66316e-06 9.75445e-07 -1 3.54621e-12 -1.33158e-06 -21.9258 0 0 0 1 
				26
				1.33158e-06 2.66316e-06 -1 0 0 -1 -2.66316e-06 9.75445e-07 -1 3.54621e-12 -1.33158e-06 -21.9517 0 0 0 1 
				27
				1.33158e-06 2.66316e-06 -1 0 0 -1 -2.66316e-06 9.75445e-07 -1 3.54621e-12 -1.33158e-06 -21.9775 0 0 0 1 
				28
				1.33158e-06 2.66316e-06 -1 0 0 -1 -2.66316e-06 9.75445e-07 -1 3.54621e-12 -1.33158e-06 -22.0026 0 0 0 1 
				29
				1.33158e-06 2.66316e-06 -1 0 0 -1 -2.66316e-06 9.75445e-07 -1 3.54621e-12 -1.33158e-06 -22.0267 0 0 0 1 
				30
				1.33158e-06 2.66316e-06 -1 0 0 -1 -2.66316e-06 9.75445e-07 -1 3.54621e-12 -1.33158e-06 -22.0493 0 0 0 1 
				31
				1.33158e-06 2.66316e-06 -1 0 0 -1 -2.66316e-06 9.75445e-07 -1 3.54621e-12 -1.33158e-06 -22.0699 0 0 0 1 
		</Joint>
			2
				-1
				-0.000201565 -1.28234e-06 -1 4.03024e-06 -0.0008487 -1 1.45341e-06 0.00523744 -1 0.0008487 0.000201564 -24.9813 0 0 0 1 
				0
				-0.000201553 -1.18791e-07 -1 4.02431e-06 -0.00662136 -0.999978 1.45334e-06 0.00523734 -0.999978 0.00662136 0.000201548 -24.9608 0 0 0 1 
				1
				-0.000201532 1.15671e-06 -1 4.01742e-06 -0.0129497 -0.999916 1.45317e-06 0.00523703 -0.999916 0.0129497 0.00020153 -24.9382 0 0 0 1 
				2
				-0.000201501 2.51792e-06 -1 4.01031e-06 -0.0197036 -0.999806 1.45286e-06 0.00523647 -0.999806 0.0197036 0.000201512 -24.9142 0 0 0 1 
				3
				-0.000201459 3.93857e-06 -1 4.00284e-06 -0.0267527 -0.999642 1.45241e-06 0.00523561 -0.999642 0.0267527 0.000201492 -24.8891 0 0 0 1 
				4
				-0.000201405 5.39321e-06 -1 3.9954e-06 -0.0339709 -0.999423 1.45181e-06 0.00523448 -0.999423 0.0339709 0.000201472 -24.8634 0 0 0 1 
				5
				-0.00020134 6.85642e-06 -1 3.98756e-06 -0.0412318 -0.99915 1.45105e-06 0.00523308 -0.99915 0.0412318 0.000201452 -24.8375 0 0 0 1 
				6
				-0.000201273 8.16896e-06 -1 3.98058e-06 -0.0484055 -0.998828 1.58331e-06 0.00523142 -0.998828 0.0484055 0.000201432 -24.8119 0 0 0 1 
				7
				-0.000201184 9.70366e-06 -1 3.97265e-06 -0.0553619 -0.998466 1.44915e-06 0.00522953 -0.998466 0.0553619 0.000201413 -24.7871 0 0 0 1 
				8
				-0.000201097 1.10362e-05 -1 3.96576e-06 -0.0619754 -0.998077 1.44807e-06 0.00522752 -0.998078 0.0619754 0.000201394 -24.7635 0 0 0 1 
				9
				-0.000201008 1.22743e-05 -1 3.95919e-06 -0.0681206 -0.997677 1.44697e-06 0.00522545 -0.997677 0.0681206 0.000201377 -24.7416 0 0 0 1 
				10
				-0.000200921 1.33921e-05 -1 3.95336e-06 -0.0736683 -0.997283 1.44587e-06 0.00522338 -0.997283 0.0736683 0.000201362 -24.7218 0 0 0 1 
				11
				-0.000200841 1.43634e-05 -1 3.94826e-06 -0.0784896 -0.996915 1.44486e-06 0.00522149 -0.996915 0.0784896 0.000201349 -24.7046 0 0 0 1 
				12
				-0.000200771 1.51632e-05 -1 3.94413e-06 -0.0824597 -0.996594 1.44397e-06 0.00521982 -0.996594 0.0824597 0.000201338 -24.6904 0 0 0 1 
				13
				-0.000200716 1.57664e-05 -1 3.94082e-06 -0.0854542 -0.996342 1.44327e-06 0.00521847 -0.996342 0.0854542 0.000201329 -24.6797 0 0 0 1 
				14
				-0.000200681 1.61472e-05 -1 3.93877e-06 -0.0873443 -0.996178 1.44281e-06 0.0052176 -0.996178 0.0873443 0.000201324 -24.6729 0 0 0 1 
				15
				-0.000200668 1.62795e-05 -1 3.93832e-06 -0.0880012 -0.99612 1.44264e-06 0.00521726 -0.99612 0.0880012 0.000201322 -24.6706 0 0 0 1 
				16
				-0.000200681 1.61472e-05 -1 3.93874e-06 -0.0873443 -0.996178 1.44281e-06 0.00521765 -0.996178 0.0873443 0.000201324 -24.6729 0 0 0 1 
				17
				-0.000200716 1.57664e-05 -1 3.94075e-06 -0.0854542 -0.996342 1.44327e-06 0.00521847 -0.996342 0.0854542 0.000201329 -24.6797 0 0 0 1 
				18
				-0.000200771 1.51632e-05 -1 3.94414e-06 -0.0824597 -0.996594 1.44397e-06 0.00521982 -0.996594 0.0824597 0.000201338 -24.6904 0 0 0 1 
				19
				-0.000200841 1.43634e-05 -1 3.94826e-06 -0.0784896 -0.996915 1.44486e-06 0.00522149 -0.996915 0.0784896 0.000201349 -24.7046 0 0 0 1 
				20
				-0.000200921 1.33921e-05 -1 3.95337e-06 -0.0736683 -0.997283 1.44587e-06 0.00522337 -0.997283 0.0736683 0.000201362 -24.7218 0 0 0 1 
				21
				-0.000201008 1.22743e-05 -1 3.95912e-06 -0.0681206 -0.997677 1.44697e-06 0.00522544 -0.997677 0.0681206 0.000201377 -24.7416 0 0 0 1 
				22
				-0.000201097 1.10362e-05 -1 3.96572e-06 -0.0619754 -0.998078 1.44808e-06 0.00522752 -0.998078 0.0619754 0.000201394 -24.7635 0 0 0 1 
				23
				-0.000201184 9.70366e-06 -1 3.97265e-06 -0.0553619 -0.998466 1.44915e-06 0.00522953 -0.998466 0.0553619 0.000201413 -24.7871 0 0 0 1 
				24
				-0.000201266 8.30196e-06 -1 3.98002e-06 -0.0484055 -0.998828 1.45016e-06 0.00523142 -0.998828 0.0484055 0.000201432 -24.8119 0 0 0 1 
				25
				-0.00020134 6.85641e-06 -1 3.98747e-06 -0.0412318 -0.99915 1.45105e-06 0.00523308 -0.99915 0.0412318 0.000201452 -24.8375 0 0 0 1 
				26
				-0.000201405 5.39321e-06 -1 3.99526e-06 -0.0339709 -0.999423 1.45181e-06 0.00523448 -0.999423 0.0339709 0.000201472 -24.8634 0 0 0 1 
				27
				-0.000201459 3.93857e-06 -1 4.00284e-06 -0.0267527 -0.999642 1.45241e-06 0.00523561 -0.999642 0.0267527 0.000201492 -24.8891 0 0 0 1 
				28
				-0.000201501 2.51792e-06 -1 4.01034e-06 -0.0197036 -0.999806 1.45287e-06 0.00523646 -0.999806 0.0197036 0.000201512 -24.9142 0 0 0 1 
				29
				-0.000201532 1.15671e-06 -1 4.0175e-06 -0.0129497 -0.999916 1.45317e-06 0.00523704 -0.999916 0.0129497 0.00020153 -24.9382 0 0 0 1 
				30
				-0.000201553 -1.18791e-07 -1 4.02421e-06 -0.00662136 -0.999978 1.45334e-06 0.00523734 -0.999978 0.00662136 0.000201548 -24.9608 0 0 0 1 
				31
				-0.000201565 -1.28234e-06 -1 4.03024e-06 -0.0008487 -1 1.45341e-06 0.00523744 -1 0.0008487 0.000201564 -24.9813 0 0 0 1 
		</Joint>
			3
				-1
				-0.000413965 -1.06196e-06 -1 -0.00132277 -0.000821564 -1 1.40205e-06 0.00489235 -1 0.000821565 0.000413964 -31.5637 0 0 0 1 
				0
				-0.000413929 2.49154e-06 -0.999999 -0.00132271 -0.0123667 -0.999923 2.62757e-06 -0.0331062 -0.999923 0.0123667 0.000413928 -31.5431 0 0 0 1 
				1
				-0.000413851 6.38583e-06 -1 -0.0013226 -0.0250218 -0.999687 3.97146e-06 -0.0747638 -0.999687 0.0250218 0.000413882 -31.5202 0 0 0 1 
				2
				-0.000413723 1.05415e-05 -0.999999 -0.00132242 -0.0385244 -0.999257 5.40474e-06 -0.119223 -0.999258 0.0385244 0.000413822 -31.4955 0 0 0 1 
				3
				-0.00041354 1.48774e-05 -1 -0.00132218 -0.0526117 -0.998615 6.9003e-06 -0.165628 -0.998615 0.0526117 0.00041375 -31.4694 0 0 0 1 
				4
				-0.0004133 1.93153e-05 -1 -0.00132185 -0.0670287 -0.997751 8.4311e-06 -0.213146 -0.997751 0.0670287 0.000413665 -31.4423 0 0 0 1 
				5
				-0.000413005 2.37772e-05 -1 -0.00132146 -0.0815206 -0.996672 9.97039e-06 -0.260948 -0.996672 0.0815206 0.000413569 -31.4147 0 0 0 1 
				6
				-0.000412673 2.80501e-05 -1 -0.00132104 -0.0958258 -0.995398 1.16238e-05 -0.308177 -0.995398 0.0958258 0.000413462 -31.3871 0 0 0 1 
				7
				-0.000412277 3.24515e-05 -1 -0.00132049 -0.109684 -0.993967 1.29643e-05 -0.353976 -0.993966 0.109684 0.000413349 -31.36 0 0 0 1 
				8
				-0.000411866 3.65071e-05 -0.999999 -0.00131994 -0.122843 -0.992426 1.43643e-05 -0.397519 -0.992426 0.122843 0.000413231 -31.3339 0 0 0 1 
				9
				-0.000411444 4.02717e-05 -1 -0.00131939 -0.135057 -0.990838 1.56657e-05 -0.43798 -0.990838 0.135057 0.000413114 -31.3094 0 0 0 1 
				10
				-0.000411031 4.36678e-05 -1 -0.00131884 -0.14607 -0.989274 1.68398e-05 -0.474507 -0.989274 0.14607 0.000413001 -31.2871 0 0 0 1 
				11
				-0.000410646 4.66168e-05 -1 -0.00131833 -0.15563 -0.987815 1.78599e-05 -0.506252 -0.987815 0.15563 0.000412897 -31.2675 0 0 0 1 
				12
				-0.000410311 4.90435e-05 -1 -0.00131789 -0.163494 -0.986544 1.86997e-05 -0.532394 -0.986544 0.163494 0.000412808 -31.2513 0 0 0 1 
				13
				-0.000410048 5.08728e-05 -1 -0.00131754 -0.16942 -0.985544 1.9333e-05 -0.552111 -0.985544 0.16942 0.000412739 -31.2389 0 0 0 1 
				14
				-0.000409877 5.20269e-05 -1 -0.00131731 -0.173158 -0.984894 1.97327e-05 -0.564557 -0.984894 0.173158 0.000412694 -31.2311 0 0 0 1 
				15
				-0.000409817 5.24279e-05 -1 -0.00131723 -0.174457 -0.984665 1.98716e-05 -0.568882 -0.984665 0.174457 0.000412678 -31.2284 0 0 0 1 
				16
				-0.000409877 5.20269e-05 -1 -0.00131731 -0.173158 -0.984894 1.97327e-05 -0.564557 -0.984894 0.173158 0.000412694 -31.2311 0 0 0 1 
				17
				-0.000410048 5.08728e-05 -1 -0.00131754 -0.16942 -0.985544 1.9333e-05 -0.552111 -0.985544 0.16942 0.000412739 -31.2389 0 0 0 1 
				18
				-0.000410311 4.90435e-05 -1 -0.00131789 -0.163494 -0.986544 1.86997e-05 -0.532394 -0.986544 0.163494 0.000412808 -31.2513 0 0 0 1 
				19
				-0.000410646 4.66168e-05 -1 -0.00131833 -0.15563 -0.987815 1.78599e-05 -0.506252 -0.987815 0.15563 0.000412897 -31.2675 0 0 0 1 
				20
				-0.000411031 4.36678e-05 -1 -0.00131884 -0.14607 -0.989274 1.68398e-05 -0.474507 -0.989274 0.14607 0.000413001 -31.2871 0 0 0 1 
				21
				-0.000411444 4.02717e-05 -1 -0.00131939 -0.135057 -0.990838 1.56657e-05 -0.43798 -0.990838 0.135057 0.000413114 -31.3094 0 0 0 1 
				22
				-0.000411866 3.65067e-05 -1 -0.00131995 -0.122843 -0.992426 1.43648e-05 -0.397519 -0.992426 0.122843 0.000413231 -31.3339 0 0 0 1 
				23
				-0.000412277 3.24515e-05 -1 -0.00132049 -0.109684 -0.993967 1.29643e-05 -0.353976 -0.993966 0.109684 0.000413349 -31.36 0 0 0 1 
				24
				-0.000412661 2.81826e-05 -1 -0.001321 -0.0958258 -0.995398 1.14906e-05 -0.308177 -0.995398 0.0958258 0.000413462 -31.3871 0 0 0 1 
				25
				-0.000413005 2.37772e-05 -1 -0.00132146 -0.0815206 -0.996672 9.97039e-06 -0.260948 -0.996672 0.0815206 0.000413569 -31.4147 0 0 0 1 
				26
				-0.0004133 1.93153e-05 -1 -0.00132185 -0.0670287 -0.997751 8.43109e-06 -0.213146 -0.997751 0.0670287 0.000413665 -31.4423 0 0 0 1 
				27
				-0.00041354 1.48774e-05 -1 -0.00132218 -0.0526117 -0.998615 6.9003e-06 -0.165628 -0.998615 0.0526117 0.00041375 -31.4694 0 0 0 1 
				28
				-0.000413723 1.05415e-05 -1 -0.00132242 -0.0385244 -0.999258 5.40482e-06 -0.119224 -0.999258 0.0385244 0.000413822 -31.4955 0 0 0 1 
				29
				-0.000413851 6.38583e-06 -1 -0.0013226 -0.0250218 -0.999687 3.97146e-06 -0.0747638 -0.999687 0.0250218 0.000413882 -31.5202 0 0 0 1 
				30
				-0.000413929 2.49154e-06 -0.999999 -0.00132271 -0.0123667 -0.999923 2.62757e-06 -0.0331062 -0.999923 0.0123667 0.000413928 -31.5431 0 0 0 1 
				31
				-0.000413965 -1.06196e-06 -1 -0.00132277 -0.000821564 -1 1.40205e-06 0.00489235 -1 0.000821565 0.000413964 -31.5637 0 0 0 1 
		</Joint>
			4
				-1
				-0.000413965 -1.06196e-06 -1 -0.00404766 -0.000821564 -1 1.40205e-06 0.0014972 -1 0.000821565 0.000413964 -38.1462 0 0 0 1 
				0
				-0.000413929 2.49154e-06 -0.999999 -0.00404738 -0.0123667 -0.999923 2.62757e-06 -0.112496 -0.999923 0.0123667 0.000413928 -38.125 0 0 0 1 
				1
				-0.000413851 6.38583e-06 -1 -0.00404677 -0.0250218 -0.999687 3.97146e-06 -0.237456 -0.999687 0.0250218 0.000413882 -38.1006 0 0 0 1 
				2
				-0.000413723 1.05415e-05 -0.999999 -0.00404575 -0.0385244 -0.999257 5.40474e-06 -0.370796 -0.999258 0.0385244 0.000413822 -38.0731 0 0 0 1 
				3
				-0.00041354 1.48774e-05 -1 -0.00404431 -0.0526117 -0.998615 6.9003e-06 -0.509931 -0.998615 0.0526117 0.00041375 -38.0428 0 0 0 1 
				4
				-0.0004133 1.93153e-05 -1 -0.00404241 -0.0670287 -0.997751 8.43109e-06 -0.652349 -0.997751 0.0670287 0.000413665 -38.0101 0 0 0 1 
				5
				-0.000413005 2.37772e-05 -1 -0.00404008 -0.0815207 -0.996672 9.97038e-06 -0.795546 -0.996672 0.0815206 0.000413569 -37.9754 0 0 0 1 
				6
				-0.000412673 2.80501e-05 -1 -0.00403749 -0.0958257 -0.995398 1.16238e-05 -0.936939 -0.995398 0.0958257 0.000413462 -37.9394 0 0 0 1 
				7
				-0.000412277 3.24515e-05 -1 -0.00403434 -0.109684 -0.993967 1.29643e-05 -1.07396 -0.993966 0.109684 0.000413349 -37.9029 0 0 0 1 
				8
				-0.000411866 3.65071e-05 -0.999999 -0.0040311 -0.122843 -0.992426 1.43643e-05 -1.20413 -0.992426 0.122843 0.000413231 -37.8667 0 0 0 1 
				9
				-0.000411444 4.02717e-05 -1 -0.00402777 -0.135057 -0.990838 1.56657e-05 -1.32499 -0.990838 0.135057 0.000413114 -37.8318 0 0 0 1 
				10
				-0.000411031 4.36678e-05 -1 -0.00402451 -0.14607 -0.989274 1.68398e-05 -1.43401 -0.989274 0.14607 0.000413001 -37.7992 0 0 0 1 
				11
				-0.000410646 4.66168e-05 -1 -0.00402147 -0.15563 -0.987815 1.78599e-05 -1.52869 -0.987815 0.15563 0.000412897 -37.77 0 0 0 1 
				12
				-0.000410311 4.90435e-05 -1 -0.00401883 -0.163494 -0.986544 1.86997e-05 -1.60659 -0.986544 0.163494 0.000412808 -37.7454 0 0 0 1 
				13
				-0.000410048 5.08727e-05 -1 -0.00401676 -0.16942 -0.985544 1.9333e-05 -1.66532 -0.985544 0.16942 0.000412739 -37.7265 0 0 0 1 
				14
				-0.000409877 5.20269e-05 -1 -0.00401541 -0.173158 -0.984894 1.97327e-05 -1.70238 -0.984894 0.173158 0.000412694 -37.7144 0 0 0 1 
				15
				-0.000409816 5.24279e-05 -1 -0.00401493 -0.174457 -0.984665 1.98716e-05 -1.71525 -0.984665 0.174457 0.000412678 -37.7102 0 0 0 1 
				16
				-0.000409877 5.20269e-05 -1 -0.00401541 -0.173158 -0.984894 1.97327e-05 -1.70238 -0.984894 0.173158 0.000412694 -37.7144 0 0 0 1 
				17
				-0.000410048 5.08728e-05 -1 -0.00401676 -0.16942 -0.985544 1.9333e-05 -1.66532 -0.985544 0.16942 0.000412739 -37.7265 0 0 0 1 
				18
				-0.000410311 4.90435e-05 -1 -0.00401883 -0.163494 -0.986544 1.86997e-05 -1.60659 -0.986544 0.163494 0.000412808 -37.7454 0 0 0 1 
				19
				-0.000410646 4.66168e-05 -1 -0.00402147 -0.15563 -0.987815 1.78599e-05 -1.52869 -0.987815 0.15563 0.000412897 -37.77 0 0 0 1 
				20
				-0.000411031 4.36678e-05 -1 -0.00402451 -0.14607 -0.989274 1.68398e-05 -1.43401 -0.989274 0.14607 0.000413001 -37.7992 0 0 0 1 
				21
				-0.000411444 4.02717e-05 -1 -0.00402777 -0.135057 -0.990838 1.56657e-05 -1.32499 -0.990838 0.135057 0.000413114 -37.8318 0 0 0 1 
				22
				-0.000411866 3.65067e-05 -1 -0.0040311 -0.122843 -0.992426 1.43648e-05 -1.20413 -0.992426 0.122843 0.000413231 -37.8667 0 0 0 1 
				23
				-0.000412277 3.24515e-05 -1 -0.00403434 -0.109684 -0.993967 1.29643e-05 -1.07396 -0.993966 0.109684 0.000413349 -37.9029 0 0 0 1 
				24
				-0.000412661 2.81826e-05 -1 -0.00403737 -0.0958258 -0.995398 1.14906e-05 -0.936939 -0.995398 0.0958258 0.000413462 -37.9394 0 0 0 1 
				25
				-0.000413005 2.37772e-05 -1 -0.00404009 -0.0815206 -0.996672 9.97038e-06 -0.795545 -0.996672 0.0815206 0.000413569 -37.9754 0 0 0 1 
				26
				-0.0004133 1.93153e-05 -1 -0.00404241 -0.0670287 -0.997751 8.43109e-06 -0.652349 -0.997751 0.0670287 0.000413665 -38.0101 0 0 0 1 
				27
				-0.00041354 1.48774e-05 -1 -0.00404431 -0.0526117 -0.998615 6.9003e-06 -0.509931 -0.998615 0.0526117 0.00041375 -38.0428 0 0 0 1 
				28
				-0.000413723 1.05415e-05 -1 -0.00404575 -0.0385244 -0.999258 5.40482e-06 -0.370796 -0.999258 0.0385244 0.000413822 -38.0731 0 0 0 1 
				29
				-0.000413851 6.38583e-06 -1 -0.00404677 -0.0250218 -0.999687 3.97146e-06 -0.237456 -0.999687 0.0250218 0.000413882 -38.1006 0 0 0 1 
				30
				-0.000413929 2.49154e-06 -0.999999 -0.00404738 -0.0123667 -0.999923 2.62757e-06 -0.112496 -0.999923 0.0123667 0.000413928 -38.125 0 0 0 1 
				31
				-0.000413965 -1.06196e-06 -1 -0.00404766 -0.000821564 -1 1.40205e-06 0.0014972 -1 0.000821565 0.000413964 -38.1462 0 0 0 1 
		</Joint>
			5
				-1
				2.15724e-06 -1.55684e-06 -1 -0.00509404 2.70258e-07 -1 1.55684e-06 -0.000579464 -1 -2.70262e-07 -2.15724e-06 -40.6739 0 0 0 1 
				0
				2.157e-06 -0.000713811 -0.999999 -0.00509366 2.69398e-07 -0.999999 0.000713811 -0.143755 -1 -2.70937e-07 -2.15681e-06 -40.6525 0 0 0 1 
				1
				2.15708e-06 1.3107e-06 -1 -0.00509285 2.73345e-07 -1 -1.3107e-06 -0.300703 -1 -2.73342e-07 -2.15708e-06 -40.6275 0 0 0 1 
				2
				2.15706e-06 -0.00213038 -0.999997 -0.00509152 2.91001e-07 -0.999997 0.00213038 -0.468174 -1 -2.95596e-07 -2.15644e-06 -40.5989 0 0 0 1 
				3
				2.15708e-06 3.79331e-06 -1 -0.00508961 2.54544e-07 -1 -3.79331e-06 -0.642917 -1 -2.54536e-07 -2.15708e-06 -40.567 0 0 0 1 
				4
				2.15724e-06 -1.55688e-06 -1 -0.00508711 2.52472e-07 -1 1.55688e-06 -0.821778 -1 -2.52475e-07 -2.15724e-06 -40.5321 0 0 0 1 
				5
				2.15719e-06 -4.41781e-06 -1 -0.00508404 2.72909e-07 -1 4.41781e-06 -1.00161 -1 -2.72918e-07 -2.15719e-06 -40.4947 0 0 0 1 
				6
				2.15719e-06 -1.69003e-06 -1 -0.00508061 2.91894e-07 -1 1.69003e-06 -1.17916 -1 -2.91898e-07 -2.15719e-06 -40.4555 0 0 0 1 
				7
				2.15737e-06 -1.55683e-06 -1 -0.00507645 2.72616e-07 -1 1.55683e-06 -1.35121 -1 -2.7262e-07 -2.15737e-06 -40.4154 0 0 0 1 
				8
				2.15715e-06 7.03269e-06 -1 -0.00507217 2.80061e-07 -1 -7.03269e-06 -1.51464 -1 -2.80046e-07 -2.15715e-06 -40.3753 0 0 0 1 
				9
				2.15724e-06 -1.55683e-06 -1 -0.00506778 2.39383e-07 -1 1.55683e-06 -1.66637 -1 -2.39386e-07 -2.15724e-06 -40.3363 0 0 0 1 
				10
				2.1572e-06 -1.55677e-06 -1 -0.00506347 2.15686e-07 -1 1.55677e-06 -1.80323 -1 -2.15689e-07 -2.1572e-06 -40.2998 0 0 0 1 
				11
				2.157e-06 -1.55685e-06 -1 -0.00505946 2.48865e-07 -1 1.55685e-06 -1.92207 -1 -2.48869e-07 -2.157e-06 -40.2669 0 0 0 1 
				12
				2.15734e-06 -1.5568e-06 -1 -0.00505597 2.48079e-07 -1 1.5568e-06 -2.01986 -1 -2.48082e-07 -2.15734e-06 -40.2391 0 0 0 1 
				13
				2.1571e-06 1.21367e-06 -1 -0.00505323 2.64539e-07 -1 -1.21367e-06 -2.09356 -1 -2.64537e-07 -2.1571e-06 -40.2177 0 0 0 1 
				14
				2.15713e-06 0.0186226 -0.999827 -0.00505145 2.54328e-07 -0.999827 -0.0186226 -2.14007 -1 -2.14113e-07 -2.16149e-06 -40.204 0 0 0 1 
				15
				2.15736e-06 -7.07628e-06 -1 -0.00505082 2.6355e-07 -1 7.07628e-06 -2.15623 -1 -2.63565e-07 -2.15735e-06 -40.1991 0 0 0 1 
				16
				2.15727e-06 0.0185892 -0.999827 -0.00505145 2.70973e-07 -0.999827 -0.0185892 -2.14007 -1 -2.30824e-07 -2.16194e-06 -40.204 0 0 0 1 
				17
				2.15712e-06 1.21371e-06 -1 -0.00505323 2.64539e-07 -1 -1.21371e-06 -2.09356 -1 -2.64537e-07 -2.15712e-06 -40.2177 0 0 0 1 
				18
				2.15734e-06 -1.55684e-06 -1 -0.00505597 2.64724e-07 -1 1.55684e-06 -2.01986 -1 -2.64727e-07 -2.15734e-06 -40.2391 0 0 0 1 
				19
				2.157e-06 -1.55685e-06 -1 -0.00505946 2.48865e-07 -1 1.55685e-06 -1.92207 -1 -2.48869e-07 -2.157e-06 -40.2669 0 0 0 1 
				20
				2.15724e-06 -1.55683e-06 -1 -0.00506347 2.15686e-07 -1 1.55683e-06 -1.80323 -1 -2.15689e-07 -2.15724e-06 -40.2998 0 0 0 1 
				21
				2.15724e-06 -1.5568e-06 -1 -0.00506778 2.22738e-07 -1 1.5568e-06 -1.66637 -1 -2.22741e-07 -2.15724e-06 -40.3363 0 0 0 1 
				22
				2.15716e-06 -1.55682e-06 -1 -0.00507217 2.55094e-07 -1 1.55683e-06 -1.51464 -1 -2.55097e-07 -2.15716e-06 -40.3753 0 0 0 1 
				23
				2.15737e-06 -1.55683e-06 -1 -0.00507645 2.72616e-07 -1 1.55683e-06 -1.35121 -1 -2.7262e-07 -2.15737e-06 -40.4154 0 0 0 1 
				24
				2.15719e-06 -1.55682e-06 -1 -0.00508045 2.75249e-07 -1 1.55682e-06 -1.17916 -1 -2.75253e-07 -2.15719e-06 -40.4555 0 0 0 1 
				25
				2.15718e-06 -4.45997e-06 -1 -0.00508404 2.7707e-07 -1 4.45997e-06 -1.00161 -1 -2.7708e-07 -2.15718e-06 -40.4947 0 0 0 1 
				26
				2.15722e-06 -1.55683e-06 -1 -0.00508711 2.52472e-07 -1 1.55683e-06 -0.821778 -1 -2.52475e-07 -2.15722e-06 -40.5321 0 0 0 1 
				27
				2.15708e-06 3.79331e-06 -1 -0.00508961 2.54544e-07 -1 -3.79331e-06 -0.642917 -1 -2.54536e-07 -2.15708e-06 -40.567 0 0 0 1 
				28
				2.1572e-06 -1.55684e-06 -1 -0.00509152 2.73474e-07 -1 1.55684e-06 -0.468174 -1 -2.73478e-07 -2.15719e-06 -40.599 0 0 0 1 
				29
				2.15721e-06 1.23866e-06 -1 -0.00509285 2.66296e-07 -1 -1.23866e-06 -0.300703 -1 -2.66293e-07 -2.15721e-06 -40.6275 0 0 0 1 
				30
				2.15712e-06 -0.000713834 -0.999999 -0.00509366 2.68878e-07 -0.999999 0.000713834 -0.143755 -1 -2.70417e-07 -2.15692e-06 -40.6525 0 0 0 1 
				31
				2.15724e-06 -1.55684e-06 -1 -0.00509404 2.70258e-07 -1 1.55684e-06 -0.000579464 -1 -2.70262e-07 -2.15724e-06 -40.6739 0 0 0 1 
		</Joint>
			6
		</Joint>
			7
				-1
				0.950441 -1.39584e-06 -0.310905 1.35542 9.35573e-06 1 2.4111e-05 -0.000513672 0.310905 -2.58248e-05 0.950441 -38.1467 0 0 0 1 
				0
				0.950441 -4.94714e-06 -0.310905 1.35542 0.00360218 0.999933 0.010996 -0.114509 0.310884 -0.011571 0.950377 -38.1256 0 0 0 1 
				1
				0.950441 -8.84381e-06 -0.310905 1.35542 0.00754047 0.999706 0.0230229 -0.239469 0.310814 -0.0242263 0.950162 -38.1011 0 0 0 1 
				2
				0.95044 -1.29933e-05 -0.310905 1.35542 0.0117426 0.999288 0.0358554 -0.372811 0.310683 -0.0377292 0.949764 -38.0736 0 0 0 1 
				3
				0.950441 -1.73359e-05 -0.310905 1.35543 0.0161267 0.998656 0.0492437 -0.511946 0.310487 -0.0518171 0.949164 -38.0433 0 0 0 1 
				4
				0.950441 -2.17736e-05 -0.310906 1.35543 0.0206134 0.997804 0.0629454 -0.654365 0.310222 -0.0662347 0.948354 -38.0105 0 0 0 1 
				5
				0.950441 -2.62354e-05 -0.310906 1.35543 0.0251235 0.996736 0.0767186 -0.797562 0.309889 -0.0807275 0.947339 -37.9758 0 0 0 1 
				6
				0.950441 -3.05089e-05 -0.310906 1.35543 0.0295754 0.995474 0.0903144 -0.938955 0.309496 -0.0950336 0.94614 -37.9398 0 0 0 1 
				7
				0.95044 -3.49106e-05 -0.310907 1.35544 0.0338884 0.994053 0.103485 -1.07597 0.309054 -0.108893 0.94479 -37.9033 0 0 0 1 
				8
				0.95044 -3.89512e-05 -0.310907 1.35544 0.0379841 0.992523 0.115993 -1.20614 0.308578 -0.122054 0.943336 -37.8671 0 0 0 1 
				9
				0.95044 -4.27315e-05 -0.310907 1.35544 0.0417853 0.990945 0.127601 -1.327 0.308087 -0.134269 0.941836 -37.8321 0 0 0 1 
				10
				0.95044 -4.61279e-05 -0.310908 1.35545 0.0452129 0.98939 0.138068 -1.43602 0.307603 -0.145283 0.940358 -37.7995 0 0 0 1 
				11
				0.95044 -4.90773e-05 -0.310908 1.35545 0.0481882 0.987939 0.147155 -1.5307 0.307151 -0.154844 0.938979 -37.7703 0 0 0 1 
				12
				0.95044 -5.15042e-05 -0.310908 1.35545 0.0506358 0.986674 0.154629 -1.6086 0.306757 -0.162709 0.937777 -37.7457 0 0 0 1 
				13
				0.95044 -5.33343e-05 -0.310909 1.35545 0.0524803 0.985678 0.160262 -1.66733 0.306447 -0.168636 0.936831 -37.7267 0 0 0 1 
				14
				0.95044 -5.44866e-05 -0.310909 1.35546 0.0536438 0.985031 0.163815 -1.70438 0.306246 -0.172375 0.936216 -37.7147 0 0 0 1 
				15
				0.95044 -5.48877e-05 -0.310909 1.35546 0.054048 0.984803 0.16505 -1.71726 0.306175 -0.173674 0.935999 -37.7104 0 0 0 1 
				16
				0.95044 -5.44866e-05 -0.310909 1.35546 0.0536438 0.985031 0.163815 -1.70438 0.306246 -0.172375 0.936216 -37.7147 0 0 0 1 
				17
				0.95044 -5.33343e-05 -0.310909 1.35545 0.0524803 0.985678 0.160262 -1.66733 0.306447 -0.168636 0.936831 -37.7267 0 0 0 1 
				18
				0.95044 -5.15042e-05 -0.310908 1.35545 0.0506358 0.986674 0.154629 -1.6086 0.306757 -0.162709 0.937777 -37.7457 0 0 0 1 
				19
				0.95044 -4.90773e-05 -0.310908 1.35545 0.0481882 0.987939 0.147155 -1.5307 0.307151 -0.154844 0.938979 -37.7703 0 0 0 1 
				20
				0.95044 -4.61279e-05 -0.310908 1.35545 0.0452129 0.98939 0.138068 -1.43602 0.307603 -0.145283 0.940358 -37.7995 0 0 0 1 
				21
				0.95044 -4.27315e-05 -0.310907 1.35544 0.0417853 0.990945 0.127601 -1.327 0.308087 -0.134269 0.941836 -37.8321 0 0 0 1 
				22
				0.95044 -3.89662e-05 -0.310907 1.35544 0.0379841 0.992524 0.115993 -1.20614 0.308578 -0.122054 0.943336 -37.8671 0 0 0 1 
				23
				0.95044 -3.49106e-05 -0.310907 1.35544 0.0338884 0.994053 0.103485 -1.07597 0.309054 -0.108893 0.94479 -37.9033 0 0 0 1 
				24
				0.950441 -3.06414e-05 -0.310906 1.35543 0.0295755 0.995474 0.0903144 -0.938955 0.309496 -0.0950337 0.94614 -37.9398 0 0 0 1 
				25
				0.950441 -2.62354e-05 -0.310906 1.35543 0.0251235 0.996736 0.0767186 -0.797561 0.309889 -0.0807275 0.947339 -37.9758 0 0 0 1 
				26
				0.950441 -2.17736e-05 -0.310906 1.35543 0.0206134 0.997804 0.0629454 -0.654365 0.310222 -0.0662347 0.948354 -38.0105 0 0 0 1 
				27
				0.950441 -1.73359e-05 -0.310905 1.35543 0.0161267 0.998656 0.0492437 -0.511946 0.310487 -0.0518171 0.949164 -38.0433 0 0 0 1 
				28
				0.950441 -1.29995e-05 -0.310905 1.35543 0.0117426 0.999288 0.0358554 -0.372811 0.310683 -0.0377293 0.949764 -38.0736 0 0 0 1 
				29
				0.950441 -8.8438e-06 -0.310905 1.35542 0.00754047 0.999706 0.0230229 -0.239469 0.310814 -0.0242263 0.950162 -38.1012 0 0 0 1 
				30
				0.950441 -4.94714e-06 -0.310905 1.35542 0.00360218 0.999933 0.010996 -0.114509 0.310884 -0.011571 0.950377 -38.1256 0 0 0 1 
				31
				0.950441 -1.39584e-06 -0.310905 1.35542 9.35573e-06 1 2.4111e-05 -0.000513672 0.310905 -2.58248e-05 0.950441 -38.1467 0 0 0 1 
		</Joint>
			8
				-1
				0.103926 -0.0173926 -0.994433 6.71759 0.0607867 0.998089 -0.0111039 -0.000460889 0.992726 -0.0592943 0.104785 -36.3927 0 0 0 1 
				0
				0.10966 -0.0174509 -0.993816 6.71759 0.0617699 0.998032 -0.0107091 -0.0941859 0.992048 -0.0602135 0.110522 -36.3716 0 0 0 1 
				1
				0.11594 -0.0175212 -0.993102 6.71759 0.0628437 0.99797 -0.0102704 -0.196928 0.991266 -0.0612194 0.116806 -36.3476 0 0 0 1 
				2
				0.122638 -0.0176031 -0.992295 6.71759 0.0639867 0.997902 -0.0097944 -0.306562 0.990387 -0.0622925 0.123507 -36.3208 0 0 0 1 
				3
				0.129624 -0.017696 -0.991405 6.71759 0.0651772 0.99783 -0.00928892 -0.420963 0.989419 -0.0634129 0.130496 -36.2916 0 0 0 1 
				4
				0.136772 -0.0177999 -0.990443 6.71759 0.0663925 0.997755 -0.00876298 -0.538069 0.988375 -0.0645595 0.137647 -36.2603 0 0 0 1 
				5
				0.143957 -0.0179126 -0.989422 6.7176 0.0676112 0.997678 -0.00822486 -0.655821 0.987271 -0.065712 0.144834 -36.2275 0 0 0 1 
				6
				0.151051 -0.0180319 -0.988361 6.7176 0.0688117 0.9976 -0.00768399 -0.772097 0.986128 -0.0668502 0.151929 -36.1937 0 0 0 1 
				7
				0.157923 -0.0181556 -0.987284 6.7176 0.0699719 0.997523 -0.00715134 -0.884782 0.984969 -0.0679528 0.158803 -36.1597 0 0 0 1 
				8
				0.164452 -0.0182807 -0.986215 6.7176 0.0710716 0.997449 -0.0066377 -0.991845 0.983821 -0.0690003 0.165332 -36.1261 0 0 0 1 
				9
				0.170516 -0.0184031 -0.985183 6.71761 0.0720919 0.997379 -0.00615326 -1.09126 0.982714 -0.0699745 0.171396 -36.094 0 0 0 1 
				10
				0.175986 -0.0185183 -0.984218 6.71761 0.0730106 0.997315 -0.00570985 -1.18094 0.981681 -0.0708536 0.176866 -36.0641 0 0 0 1 
				11
				0.180736 -0.0186229 -0.983355 6.71761 0.0738061 0.997258 -0.00532092 -1.25883 0.980758 -0.0716159 0.181615 -36.0374 0 0 0 1 
				12
				0.184646 -0.0187117 -0.982627 6.71761 0.0744599 0.997211 -0.00499762 -1.32293 0.97998 -0.0722435 0.185525 -36.015 0 0 0 1 
				13
				0.187595 -0.0187805 -0.982067 6.71761 0.0749531 0.997176 -0.00475184 -1.37125 0.979382 -0.0727176 0.188473 -35.9978 0 0 0 1 
				14
				0.189456 -0.0188246 -0.981709 6.71762 0.0752643 0.997153 -0.00459579 -1.40174 0.979 -0.0730169 0.190333 -35.9869 0 0 0 1 
				15
				0.190102 -0.0188399 -0.981584 6.71762 0.0753721 0.997145 -0.00454138 -1.41233 0.978867 -0.0731207 0.190979 -35.9831 0 0 0 1 
				16
				0.189456 -0.0188246 -0.981709 6.71762 0.0752643 0.997153 -0.00459578 -1.40174 0.979 -0.0730169 0.190333 -35.9869 0 0 0 1 
				17
				0.187595 -0.0187805 -0.982067 6.71761 0.0749531 0.997176 -0.00475183 -1.37125 0.979382 -0.0727176 0.188473 -35.9978 0 0 0 1 
				18
				0.184646 -0.0187117 -0.982627 6.71761 0.0744599 0.997211 -0.00499762 -1.32293 0.97998 -0.0722435 0.185525 -36.015 0 0 0 1 
				19
				0.180736 -0.0186229 -0.983355 6.71761 0.0738061 0.997258 -0.00532092 -1.25883 0.980758 -0.0716159 0.181615 -36.0374 0 0 0 1 
				20
				0.175986 -0.0185183 -0.984218 6.71761 0.0730106 0.997315 -0.00570986 -1.18094 0.981681 -0.0708535 0.176866 -36.0641 0 0 0 1 
				21
				0.170516 -0.018403 -0.985183 6.71761 0.0720919 0.997379 -0.00615312 -1.09126 0.982714 -0.0699745 0.171396 -36.0939 0 0 0 1 
				22
				0.164452 -0.0182806 -0.986216 6.7176 0.0710717 0.997449 -0.00663753 -0.991845 0.983821 -0.0690004 0.165332 -36.1261 0 0 0 1 
				23
				0.157923 -0.0181556 -0.987284 6.7176 0.0699719 0.997523 -0.00715136 -0.884783 0.984969 -0.0679528 0.158803 -36.1597 0 0 0 1 
				24
				0.151051 -0.0180321 -0.988362 6.7176 0.0688117 0.9976 -0.00768413 -0.772096 0.986128 -0.0668502 0.151929 -36.1937 0 0 0 1 
				25
				0.143957 -0.0179126 -0.989422 6.7176 0.0676112 0.997678 -0.00822488 -0.65582 0.987271 -0.065712 0.144834 -36.2275 0 0 0 1 
				26
				0.136772 -0.0177998 -0.990443 6.7176 0.0663925 0.997755 -0.00876297 -0.538069 0.988375 -0.0645595 0.137647 -36.2603 0 0 0 1 
				27
				0.129624 -0.017696 -0.991405 6.71759 0.0651772 0.99783 -0.0092889 -0.420963 0.989419 -0.0634129 0.130496 -36.2916 0 0 0 1 
				28
				0.122638 -0.017603 -0.992295 6.71759 0.0639868 0.997903 -0.00979431 -0.306562 0.990387 -0.0622926 0.123507 -36.3208 0 0 0 1 
				29
				0.11594 -0.0175212 -0.993102 6.71759 0.0628437 0.99797 -0.0102704 -0.196928 0.991266 -0.0612194 0.116806 -36.3476 0 0 0 1 
				30
				0.10966 -0.0174509 -0.993816 6.71759 0.0617699 0.998032 -0.0107091 -0.094186 0.992048 -0.0602135 0.110522 -36.3716 0 0 0 1 
				31
				0.103926 -0.0173926 -0.994433 6.71759 0.0607867 0.998089 -0.0111039 -0.000460889 0.992726 -0.0592943 0.104785 -36.3927 0 0 0 1 
		</Joint>
			9
				-1
				0.105092 -0.00766599 -0.994433 7.38876 -0.0321671 0.999421 -0.0111039 0.392108 0.993942 0.0331549 0.104785 -29.9815 0 0 0 1 
				0
				0.110846 -0.00655216 -0.993815 7.42579 -0.0369523 0.999259 -0.0107096 0.304732 0.99315 0.0379109 0.110522 -29.9649 0 0 0 1 
				1
				0.117138 -0.00526111 -0.993101 7.46635 -0.0422009 0.999056 -0.0102703 0.208926 0.992218 0.0431128 0.116806 -29.9459 0 0 0 1 
				2
				0.123837 -0.00380337 -0.992295 7.5096 -0.0478044 0.998808 -0.00979423 0.106673 0.99115 0.0486489 0.123507 -29.9248 0 0 0 1 
				3
				0.130808 -0.00219436 -0.991405 7.55472 -0.0536552 0.998516 -0.00928948 -4.05794e-05 0.989955 0.0544092 0.130496 -29.9018 0 0 0 1 
				4
				0.137925 -0.000452877 -0.990442 7.60089 -0.0596496 0.998181 -0.00876298 -0.109297 0.988645 0.0602881 0.137647 -29.8773 0 0 0 1 
				5
				0.145061 0.00139327 -0.989422 7.64729 -0.0656826 0.997806 -0.00822478 -0.219178 0.98724 0.0661809 0.144834 -29.8516 0 0 0 1 
				6
				0.152087 0.00331059 -0.988361 7.69311 -0.0716466 0.9974 -0.00768399 -0.327702 0.985767 0.0719814 0.151929 -29.8252 0 0 0 1 
				7
				0.158877 0.00525742 -0.987284 7.73749 -0.0774336 0.996972 -0.00715183 -0.432894 0.984257 0.0775853 0.158803 -29.7986 0 0 0 1 
				8
				0.165309 0.00718978 -0.986215 7.77966 -0.0829388 0.996532 -0.00663717 -0.532855 0.982748 0.0828927 0.165332 -29.7725 0 0 0 1 
				9
				0.171267 0.0090544 -0.985183 7.81882 -0.0880556 0.996096 -0.00615311 -0.625677 0.981282 0.0878047 0.171395 -29.7475 0 0 0 1 
				10
				0.176628 0.0107961 -0.984218 7.85415 -0.0926775 0.99568 -0.00571014 -0.709428 0.979905 0.0922235 0.176866 -29.7242 0 0 0 1 
				11
				0.181273 0.0123538 -0.983355 7.88483 -0.0966971 0.995299 -0.00532136 -0.782178 0.978667 0.0960522 0.181615 -29.7035 0 0 0 1 
				12
				0.185088 0.0136683 -0.982627 7.91008 -0.100009 0.994974 -0.00499762 -0.842054 0.97762 0.0991963 0.185525 -29.6862 0 0 0 1 
				13
				0.187961 0.0146779 -0.982067 7.92913 -0.102506 0.994721 -0.00475197 -0.88719 0.976813 0.101561 0.188473 -29.6729 0 0 0 1 
				14
				0.189771 0.0153236 -0.981709 7.94115 -0.104083 0.994558 -0.00459582 -0.915669 0.976296 0.103051 0.190333 -29.6644 0 0 0 1 
				15
				0.190399 0.0155494 -0.981584 7.94532 -0.104632 0.9945 -0.00454156 -0.925567 0.976115 0.103569 0.190979 -29.6614 0 0 0 1 
				16
				0.189771 0.0153237 -0.981709 7.94115 -0.104083 0.994558 -0.00459581 -0.915669 0.976296 0.103052 0.190333 -29.6644 0 0 0 1 
				17
				0.187961 0.0146779 -0.982067 7.92913 -0.102506 0.994721 -0.00475195 -0.88719 0.976813 0.101561 0.188473 -29.6729 0 0 0 1 
				18
				0.185088 0.0136683 -0.982627 7.91008 -0.100008 0.994974 -0.00499762 -0.842054 0.97762 0.099196 0.185525 -29.6862 0 0 0 1 
