<?xml version='1.0' encoding='UTF-8' ?>
<itpanim>
	<skeleton count>
		25
			0 -1
			1.37091e-06 -1 -6.12323e-17 1e-06 1 1.37091e-06 -6.12323e-17 -1.37225e-12 6.12323e-17 -6.12323e-17 1 21.9617 0 0 0 1 
			1 0
			1.3868e-06 -2.28084e-12 -1 -21.9617 2.75771e-06 -1 6.10517e-12 1.00008e-06 -1 -2.75771e-06 -1.3868e-06 -3.04564e-05 0 0 0 1 
			2 1
			-0.000205999 -0.000823318 -1 -24.8731 -1.2413e-06 -1 0.000823318 0.0257198 -1 1.41091e-06 0.000205998 0.00512379 0 0 0 1 
			3 2
			-0.000383999 -0.00100932 -0.999999 -31.4555 -1.03656e-06 -0.999999 0.00100932 0.036812 -1 1.42414e-06 0.000383997 0.0107229 0 0 0 1 
			4 3
			-0.000383999 -0.00100932 -0.999999 -38.038 -1.03656e-06 -0.999999 0.00100932 0.0388247 -1 1.42414e-06 0.000383997 0.0107228 0 0 0 1 
			5 4
			1.34309e-06 9.80604e-13 -1 -40.5657 -1.40269e-06 -1 -2.8646e-12 -0.00211895 -1 1.40269e-06 -1.34309e-06 -0.00490874 0 0 0 1 
			6 5
			1 -0 0 0 0 1 0 0 -0 -0 1 -0 0 0 0 1 
			7 4
			0.950432 6.75818e-05 0.310933 10.539 -1.42282e-06 1 -0.000213002 -0.00652172 -0.310933 0.000202002 0.950432 36.5745 0 0 0 1 
			8 7
			0.476976 0.0235788 0.8786 28.6752 0.0457762 0.997617 -0.0516239 -2.17945 -0.877723 0.0648423 0.47476 23.1227 0 0 0 1 
			9 8
			0.476835 0.0205561 0.878752 22.2236 0.0472212 0.997684 -0.0489616 -2.11213 -0.877724 0.0648423 0.47476 23.1227 0 0 0 1 
			10 9
			0.476835 0.0205561 0.878752 15.4032 -0.877686 0.0656367 0.474721 23.121 -0.04792 -0.997632 0.0493396 2.13054 0 0 0 1 
			11 4
			-0.950193 6.50589e-05 0.311663 10.5594 -1.39561e-06 1 -0.000213002 -0.00652172 -0.311663 -0.000202828 -0.950193 -36.5678 0 0 0 1 
			12 11
			-0.476976 0.0235775 0.8786 28.6676 -0.045779 0.997617 -0.0516239 -2.17948 -0.877723 -0.0648447 -0.47476 -23.1259 0 0 0 1 
			13 12
			-0.476835 0.0205548 0.878752 22.216 -0.0472239 0.997684 -0.0489616 -2.11218 -0.877723 -0.0648447 -0.47476 -23.1259 0 0 0 1 
			14 13
			-0.476835 0.0205547 0.878752 15.3956 0.877685 0.0656391 0.474721 23.1242 -0.0479228 0.997632 -0.0493396 -2.13059 0 0 0 1 
			15 2
			1.37369e-06 -0.0998331 0.995004 21.852 0 -0.995004 -0.0998331 -2.1925 1 1.3714e-07 -1.36683e-06 -4.26131 0 0 0 1 
			16 15
			1.37369e-06 0.0998335 0.995004 12.303 0 -0.995004 0.0998335 0.256849 1 -1.3714e-07 -1.36683e-06 -4.26131 0 0 0 1 
			17 16
			1.3716e-06 -6.00745e-14 1 2.57273 0 -1 -6.00745e-14 4.22662e-06 1 8.23984e-20 -1.3716e-06 -4.26131 0 0 0 1 
			18 17
			1.3723e-06 -1 -6.00133e-14 -5.50713 0 6.00133e-14 -1 -0.331805 1 1.3723e-06 8.23562e-20 -4.26131 0 0 0 1 
			19 18
			1 -0 0 0 0 1 0 0 -0 -0 1 -0 0 0 0 1 
			20 2
			1.37369e-06 -0.0998331 0.995004 21.852 0 -0.995004 -0.0998331 -2.1925 1 1.3714e-07 -1.36683e-06 4.26131 0 0 0 1 
			21 20
			1.37369e-06 0.0998335 0.995004 12.303 0 -0.995004 0.0998335 0.256849 1 -1.3714e-07 -1.36683e-06 4.26131 0 0 0 1 
			22 21
			1.3716e-06 -6.00745e-14 1 2.57273 0 -1 -6.00745e-14 4.22662e-06 1 8.23984e-20 -1.3716e-06 4.26131 0 0 0 1 
			23 22
			1.3723e-06 -1 -6.00133e-14 -5.50713 0 6.00133e-14 -1 -0.331804 1 1.3723e-06 8.23562e-20 4.26131 0 0 0 1 
			24 23
			1 -0 0 0 0 1 0 0 -0 -0 1 -0 0 0 0 1 
	</skeleton>
		<animations>
			49
			0
				-1
				0.573578 0.819151 -8.58335e-33 -2.08697e-07 -0.819151 0.573578 1.51346e-33 -5.65 6.16298e-33 6.16298e-33 1 -18.2378 0 0 0 1 
				0
				0.563311 0.826245 0 0.00423883 -0.826245 0.563311 0 -5.47047 -0 -0 1 -18.4239 0 0 0 1 
				1
				0.553318 0.83297 0 0.0158763 -0.83297 0.553318 0 -5.29679 -0 -0 1 -18.6236 0 0 0 1 
				2
				0.543522 0.839395 -1.52625e-33 0.033184 -0.839395 0.543522 1.36961e-32 -5.12759 1.2326e-32 -6.16298e-33 1 -18.8338 0 0 0 1 
				3
				0.533846 0.845581 -1.36887e-33 0.0544336 -0.845581 0.533846 1.37127e-32 -4.9615 1.2326e-32 -6.16298e-33 1 -19.0511 0 0 0 1 
				4
				0.524213 0.851587 0 0.0779513 -0.851587 0.524213 0 -4.79721 -0 -0 1 -19.2727 0 0 0 1 
				5
				0.514543 0.857465 0 0.102063 -0.857465 0.514543 0 -4.63338 -0 -0 1 -19.4953 0 0 0 1 
				6
				0.504749 0.863266 0 0.125041 -0.863266 0.504749 0 -4.46866 -0 -0 1 -19.7159 0 0 0 1 
				7
				0.494744 0.869039 0 0.145157 -0.869039 0.494744 0 -4.30167 -0 -0 1 -19.9312 0 0 0 1 
				8
				0.484441 0.874824 0 0.160736 -0.874824 0.484441 0 -4.13111 -0 -0 1 -20.1382 0 0 0 1 
				9
				0.473751 0.880659 -2.50776e-33 0.170106 -0.880659 0.473751 -8.3472e-33 -3.95563 -6.16298e-33 6.16298e-33 1 -20.3337 0 0 0 1 
				10
				0.46258 0.886577 -2.85087e-33 0.171537 -0.886577 0.46258 5.46396e-33 -3.77389 6.16298e-33 -0 1 -20.5146 0 0 0 1 
				11
				0.45083 0.89261 -2.75057e-33 0.163301 -0.89261 0.45083 -1.38923e-33 -3.58451 -0 3.08149e-33 1 -20.6778 0 0 0 1 
				12
				0.438406 0.898777 -2.76957e-33 0.143725 -0.898777 0.438406 -1.35094e-33 -3.38617 -0 3.08149e-33 1 -20.8201 0 0 0 1 
				13
				0.42521 0.905095 -3.126e-33 0.111136 -0.905095 0.42521 -1.5087e-32 -3.17755 -1.2326e-32 9.24446e-33 1 -20.9385 0 0 0 1 
				14
				0.411136 0.911574 0 0.0638031 -0.911574 0.411136 0 -2.95728 -0 -0 1 -21.0298 0 0 0 1 
				15
				0.396081 0.918216 0 -1.1907e-07 -0.918216 0.396081 0 -2.72401 -0 -0 1 -21.0907 0 0 0 1 
				16
				0.377331 0.926079 1.79726e-33 -0.130142 -0.926079 0.377331 -1.25775e-32 -2.4277 -1.2326e-32 3.08149e-33 1 -21.0451 0 0 0 1 
				17
				0.353315 0.935504 1.47219e-33 -0.35382 -0.935504 0.353315 -1.26197e-32 -2.04209 -1.2326e-32 3.08149e-33 1 -20.8497 0 0 0 1 
				18
				0.325807 0.945436 2.91335e-33 -0.636467 -0.945436 0.325807 1.00397e-33 -1.60378 -0 -3.08149e-33 1 -20.5546 0 0 0 1 
				19
				0.296659 0.954984 -2.22894e-33 -0.943519 -0.954984 0.296659 -1.35994e-32 -1.1494 -1.2326e-32 6.16298e-33 1 -20.2101 0 0 0 1 
				20
				0.267742 0.963491 -3.30018e-33 -1.2415 -0.963491 0.267742 1.18759e-32 -0.714397 1.2326e-32 -0 1 -19.8646 0 0 0 1 
				21
				0.240997 0.970526 0 -1.49693 -0.970526 0.240997 0 -0.334246 -0 -0 1 -19.5667 0 0 0 1 
				22
				0.218468 0.975844 0 -1.67525 -0.975844 0.218468 0 -0.0455613 -0 -0 1 -19.3665 0 0 0 1 
				23
				0.202219 0.97934 9.83632e-34 -1.74188 -0.97934 0.202219 -1.23829e-32 0.115042 -1.2326e-32 1.54074e-33 1 -19.314 0 0 0 1 
				24
				0.190079 0.981769 0 -1.73597 -0.981769 0.190079 0 0.192837 -0 -0 1 -19.3582 0 0 0 1 
				25
				0.178563 0.983929 0 -1.7187 -0.983929 0.178563 0 0.256568 -0 -0 1 -19.4158 0 0 0 1 
				26
				0.167632 0.98585 -1.51894e-33 -1.69084 -0.98585 0.167632 -2.58278e-34 0.307186 -0 1.54074e-33 1 -19.4861 0 0 0 1 
				27
				0.157247 0.987559 1.93822e-33 -1.65317 -0.987559 0.157247 -1.21726e-32 0.345642 -1.2326e-32 -0 1 -19.568 0 0 0 1 
				28
				0.147369 0.989082 -1.81647e-33 -1.60643 -0.989082 0.147369 1.21914e-32 0.372858 1.2326e-32 -0 1 -19.6607 0 0 0 1 
				29
				0.137959 0.990438 1.74467e-34 -1.55136 -0.990438 0.137959 -1.24206e-32 0.389757 -1.2326e-32 1.54074e-33 1 -19.7634 0 0 0 1 
				30
				0.128975 0.991648 -1.52788e-33 -1.48873 -0.991648 0.128975 -1.98717e-34 0.397288 -0 1.54074e-33 1 -19.8751 0 0 0 1 
				31
				0.120373 0.992729 1.52954e-33 -1.41931 -0.992729 0.120373 1.85465e-34 0.396405 -0 -1.54074e-33 1 -19.9948 0 0 0 1 
				32
				0.112115 0.993695 -6.16405e-34 -1.34384 -0.993695 0.112115 1.23346e-32 0.388029 1.2326e-32 -7.70372e-34 1 -20.1217 0 0 0 1 
				33
				0.104157 0.994561 -7.66182e-34 -1.26307 -0.994561 0.104157 -8.02393e-35 0.373081 -0 7.70372e-34 1 -20.255 0 0 0 1 
				34
				0.0964557 0.995337 4.22128e-34 -1.17775 -0.995337 0.0964557 -1.23428e-32 0.352513 -1.2326e-32 7.70372e-34 1 -20.3936 0 0 0 1 
				35
				0.0889681 0.996034 -7.67317e-34 -1.08868 -0.996034 0.0889681 -6.85386e-35 0.327277 -0 7.70372e-34 1 -20.5367 0 0 0 1 
				36
				0.0816518 0.996661 0 -0.996573 -0.996661 0.0816518 0 0.298294 -0 -0 1 -20.6835 0 0 0 1 
				37
				0.0744641 0.997224 -9.17841e-34 -0.90219 -0.997224 0.0744641 1.22917e-32 0.266486 1.2326e-32 -0 1 -20.8329 0 0 0 1 
				38
				0.0673608 0.997729 0 -0.806295 -0.997729 0.0673608 0 0.232805 -0 -0 1 -20.9842 0 0 0 1 
				39
				0.0602972 0.99818 -7.6897e-34 -0.709655 -0.99818 0.0602972 -4.64513e-35 0.198202 -0 7.70372e-34 1 -21.1363 0 0 0 1 
				40
				0.0532309 0.998582 0 -0.613016 -0.998582 0.0532309 0 0.1636 -0 -0 1 -21.2884 0 0 0 1 
				41
				0.0461181 0.998936 3.84776e-34 -0.517121 -0.998936 0.0461181 1.7764e-35 0.129919 -0 -3.85186e-34 1 -21.4397 0 0 0 1 
				42
				0.0389148 0.999243 -6.75021e-34 -0.422738 -0.999243 0.0389148 -1.23616e-32 0.0981112 -1.2326e-32 1.15556e-33 1 -21.5891 0 0 0 1 
				43
				0.0315765 0.999501 -3.80777e-34 -0.330635 -0.999501 0.0315765 -1.23441e-32 0.0691284 -1.2326e-32 7.70372e-34 1 -21.7359 0 0 0 1 
				44
				0.0240593 0.999711 -2.96554e-34 -0.241556 -0.999711 0.0240593 1.23224e-32 0.0438922 1.2326e-32 -0 1 -21.879 0 0 0 1 
				45
				0.016321 0.999867 8.6044e-36 -0.156245 -0.999867 0.016321 -1.23275e-32 0.0233243 -1.2326e-32 1.92593e-34 1 -22.0176 0 0 0 1 
				46
				0.00831669 0.999965 0 -0.0754703 -0.999965 0.00831669 0 0.0083764 -0 -0 1 -22.1509 0 0 0 1 
				47
				1.33158e-06 1 0 3.83637e-08 -1 1.33158e-06 0 1.36412e-15 -0 -0 1 -22.2778 0 0 0 1 
		</Joint>
			1
				-1
				1.33158e-06 0.573579 -0.81915 -2.08697e-07 0 -0.81915 -0.573579 -5.65 -1 7.63766e-07 -1.09076e-06 -18.2378 0 0 0 1 
				0
				1.33158e-06 0.563312 -0.826244 0.00423883 0 -0.826244 -0.563312 -5.47047 -1 7.50096e-07 -1.10021e-06 -18.4239 0 0 0 1 
				1
				1.33158e-06 0.553319 -0.832969 0.0158763 0 -0.832969 -0.553319 -5.29679 -1 7.36789e-07 -1.10917e-06 -18.6236 0 0 0 1 
				2
				1.33158e-06 0.543523 -0.839394 0.033184 0 -0.839394 -0.543523 -5.12759 -1 7.23745e-07 -1.11772e-06 -18.8338 0 0 0 1 
				3
				1.33158e-06 0.533847 -0.845581 0.0544336 0 -0.845581 -0.533847 -4.9615 -1 7.10861e-07 -1.12596e-06 -19.0511 0 0 0 1 
				4
				1.33158e-06 0.524214 -0.851586 0.0779513 0 -0.851586 -0.524214 -4.79721 -1 6.98034e-07 -1.13396e-06 -19.2727 0 0 0 1 
				5
				1.33158e-06 0.514544 -0.857464 0.102063 0 -0.857464 -0.514544 -4.63338 -1 6.85156e-07 -1.14178e-06 -19.4953 0 0 0 1 
				6
				1.33158e-06 0.50475 -0.863266 0.125041 0 -0.863266 -0.50475 -4.46866 -1 6.72115e-07 -1.14951e-06 -19.7159 0 0 0 1 
				7
				1.33158e-06 0.494745 -0.869038 0.145157 0 -0.869038 -0.494745 -4.30167 -1 6.58793e-07 -1.15719e-06 -19.9312 0 0 0 1 
				8
				1.33158e-06 0.484442 -0.874823 0.160736 0 -0.874823 -0.484442 -4.13111 -1 6.45074e-07 -1.1649e-06 -20.1382 0 0 0 1 
				9
				1.33158e-06 0.473753 -0.880658 0.170106 0 -0.880658 -0.473753 -3.95563 -1 6.3084e-07 -1.17267e-06 -20.3337 0 0 0 1 
				10
				1.33158e-06 0.462581 -0.886577 0.171537 0 -0.886577 -0.462581 -3.77389 -1 6.15964e-07 -1.18055e-06 -20.5146 0 0 0 1 
				11
				1.33158e-06 0.450831 -0.892609 0.163301 0 -0.892609 -0.450831 -3.58451 -1 6.00318e-07 -1.18858e-06 -20.6778 0 0 0 1 
				12
				1.33158e-06 0.438408 -0.898776 0.143725 0 -0.898776 -0.438408 -3.38617 -1 5.83775e-07 -1.19679e-06 -20.8201 0 0 0 1 
				13
				1.33158e-06 0.425211 -0.905094 0.111136 0 -0.905094 -0.425211 -3.17755 -1 5.66202e-07 -1.20521e-06 -20.9385 0 0 0 1 
				14
				1.33158e-06 0.411138 -0.911573 0.0638031 0 -0.911573 -0.411138 -2.95728 -1 5.47463e-07 -1.21383e-06 -21.0298 0 0 0 1 
				15
				1.33158e-06 0.396082 -0.918215 -1.1907e-07 0 -0.918215 -0.396082 -2.72401 -1 5.27416e-07 -1.22268e-06 -21.0907 0 0 0 1 
				16
				1.33158e-06 0.377332 -0.926078 -0.130142 0 -0.926078 -0.377332 -2.4277 -1 5.02448e-07 -1.23315e-06 -21.0451 0 0 0 1 
				17
				1.33158e-06 0.353316 -0.935504 -0.35382 0 -0.935504 -0.353316 -2.04209 -1 4.70469e-07 -1.2457e-06 -20.8497 0 0 0 1 
				18
				1.33158e-06 0.325808 -0.945436 -0.636467 0 -0.945436 -0.325808 -1.60378 -1 4.3384e-07 -1.25892e-06 -20.5546 0 0 0 1 
				19
				1.33158e-06 0.29666 -0.954983 -0.943519 0 -0.954983 -0.29666 -1.1494 -1 3.95027e-07 -1.27164e-06 -20.2101 0 0 0 1 
				20
				1.33158e-06 0.267744 -0.96349 -1.2415 0 -0.96349 -0.267744 -0.714397 -1 3.56522e-07 -1.28296e-06 -19.8646 0 0 0 1 
				21
				1.33158e-06 0.240998 -0.970526 -1.49693 0 -0.970526 -0.240998 -0.334246 -1 3.20909e-07 -1.29233e-06 -19.5667 0 0 0 1 
				22
				1.33158e-06 0.218469 -0.975844 -1.67525 0 -0.975844 -0.218469 -0.0455613 -1 2.9091e-07 -1.29941e-06 -19.3665 0 0 0 1 
				23
				1.33158e-06 0.202221 -0.97934 -1.74188 0 -0.97934 -0.202221 0.115042 -1 2.69273e-07 -1.30407e-06 -19.314 0 0 0 1 
				24
				1.33158e-06 0.19008 -0.981769 -1.73597 0 -0.981769 -0.19008 0.192837 -1 2.53107e-07 -1.3073e-06 -19.3582 0 0 0 1 
				25
				1.33158e-06 0.178564 -0.983928 -1.7187 0 -0.983928 -0.178564 0.256568 -1 2.37772e-07 -1.31018e-06 -19.4158 0 0 0 1 
				26
				1.33158e-06 0.167633 -0.985849 -1.69084 0 -0.985849 -0.167633 0.307186 -1 2.23217e-07 -1.31274e-06 -19.4861 0 0 0 1 
				27
				1.33158e-06 0.157248 -0.987559 -1.65317 0 -0.987559 -0.157248 0.345642 -1 2.09389e-07 -1.31501e-06 -19.568 0 0 0 1 
				28
				1.33158e-06 0.147371 -0.989081 -1.60643 0 -0.989081 -0.147371 0.372858 -1 1.96236e-07 -1.31704e-06 -19.6607 0 0 0 1 
				29
				1.33158e-06 0.137961 -0.990438 -1.55136 0 -0.990438 -0.137961 0.389757 -1 1.83706e-07 -1.31885e-06 -19.7634 0 0 0 1 
				30
				1.33158e-06 0.128976 -0.991648 -1.48873 0 -0.991648 -0.128976 0.397288 -1 1.71742e-07 -1.32046e-06 -19.8751 0 0 0 1 
				31
				1.33158e-06 0.120375 -0.992728 -1.41931 0 -0.992728 -0.120375 0.396405 -1 1.60289e-07 -1.3219e-06 -19.9948 0 0 0 1 
				32
				1.33158e-06 0.112116 -0.993695 -1.34384 0 -0.993695 -0.112116 0.388029 -1 1.49291e-07 -1.32318e-06 -20.1217 0 0 0 1 
				33
				1.33158e-06 0.104158 -0.994561 -1.26307 0 -0.994561 -0.104158 0.373081 -1 1.38695e-07 -1.32434e-06 -20.255 0 0 0 1 
				34
				1.33158e-06 0.096457 -0.995337 -1.17775 0 -0.995337 -0.096457 0.352513 -1 1.2844e-07 -1.32537e-06 -20.3936 0 0 0 1 
				35
				1.33158e-06 0.0889695 -0.996034 -1.08868 0 -0.996034 -0.0889695 0.327277 -1 1.1847e-07 -1.3263e-06 -20.5367 0 0 0 1 
				36
				1.33158e-06 0.0816531 -0.996661 -0.996573 0 -0.996661 -0.0816531 0.298294 -1 1.08728e-07 -1.32713e-06 -20.6835 0 0 0 1 
				37
				1.33158e-06 0.0744654 -0.997224 -0.90219 0 -0.997224 -0.0744654 0.266486 -1 9.91567e-08 -1.32788e-06 -20.8329 0 0 0 1 
				38
				1.33158e-06 0.0673621 -0.997729 -0.806295 0 -0.997729 -0.0673621 0.232805 -1 8.9698e-08 -1.32856e-06 -20.9842 0 0 0 1 
				39
				1.33158e-06 0.0602985 -0.99818 -0.709655 0 -0.99818 -0.0602985 0.198202 -1 8.02923e-08 -1.32916e-06 -21.1363 0 0 0 1 
				40
				1.33158e-06 0.0532322 -0.998582 -0.613016 0 -0.998582 -0.0532322 0.1636 -1 7.08829e-08 -1.32969e-06 -21.2884 0 0 0 1 
				41
				1.33158e-06 0.0461194 -0.998936 -0.517121 0 -0.998936 -0.0461194 0.129919 -1 6.14117e-08 -1.33016e-06 -21.4397 0 0 0 1 
				42
				1.33158e-06 0.0389161 -0.999242 -0.422738 0 -0.999242 -0.0389161 0.0981112 -1 5.182e-08 -1.33057e-06 -21.5891 0 0 0 1 
				43
				1.33158e-06 0.0315778 -0.999501 -0.330635 0 -0.999501 -0.0315778 0.0691284 -1 4.20484e-08 -1.33092e-06 -21.7359 0 0 0 1 
				44
				1.33158e-06 0.0240607 -0.99971 -0.241556 0 -0.99971 -0.0240607 0.0438922 -1 3.20387e-08 -1.33119e-06 -21.879 0 0 0 1 
				45
				1.33158e-06 0.0163223 -0.999867 -0.156245 0 -0.999867 -0.0163223 0.0233243 -1 2.17345e-08 -1.3314e-06 -22.0176 0 0 0 1 
				46
				1.33158e-06 0.00831802 -0.999965 -0.0754703 0 -0.999965 -0.00831802 0.0083764 -1 1.10761e-08 -1.33153e-06 -22.1509 0 0 0 1 
				47
				1.33158e-06 2.66316e-06 -1 3.83637e-08 0 -1 -2.66316e-06 1.36412e-15 -1 3.54621e-12 -1.33158e-06 -22.2778 0 0 0 1 
		</Joint>
			2
				-1
				0.100159 0.698444 -0.708621 -0.0036556 -0.142798 -0.694738 -0.704945 -5.64636 -0.984671 0.171796 0.0301521 -21.1502 0 0 0 1 
				0
				0.0902524 0.700586 -0.707837 0.00057215 -0.133412 -0.695827 -0.70571 -5.46683 -0.986943 0.158126 0.0306668 -21.3362 0 0 0 1 
				1
				0.0798383 0.705035 -0.704664 0.0121865 -0.122494 -0.694624 -0.708867 -5.29315 -0.989253 0.142912 0.0309046 -21.5358 0 0 0 1 
				2
				0.0690079 0.711155 -0.69964 0.0294622 -0.110404 -0.69156 -0.713831 -5.12397 -0.991488 0.126503 0.0307916 -21.7459 0 0 0 1 
				3
				0.0578639 0.718321 -0.693301 0.0506737 -0.0974998 -0.687079 -0.720012 -4.9579 -0.993552 0.109259 0.0302791 -21.9632 0 0 0 1 
				4
				0.0465245 0.725948 -0.686174 0.0741518 -0.0841133 -0.681631 -0.726845 -4.79364 -0.995369 0.0915325 0.0293493 -22.1846 0 0 0 1 
				5
				0.0351295 0.733479 -0.678804 0.0982241 -0.0705657 -0.675707 -0.733785 -4.62984 -0.996888 0.0736778 0.0280212 -22.4072 0 0 0 1 
				6
				0.0238475 0.740374 -0.671772 0.121166 -0.0571732 -0.669853 -0.740289 -4.46515 -0.998079 0.0560614 0.0263552 -22.6276 0 0 0 1 
				7
				0.0128718 0.746131 -0.665674 0.141251 -0.0442342 -0.664653 -0.745842 -4.29819 -0.998938 0.0390459 0.0244493 -22.8429 0 0 0 1 
				8
				0.00240754 0.750292 -0.661102 0.156809 -0.0320231 -0.660707 -0.749961 -4.12765 -0.999484 0.0229761 0.022436 -23.0497 0 0 0 1 
				9
				-0.00732756 0.752419 -0.658644 0.166167 -0.0208016 -0.658634 -0.752176 -3.95218 -0.999757 0.00818922 0.0204777 -23.2452 0 0 0 1 
				10
				-0.0161032 0.752058 -0.6589 0.1676 -0.0108311 -0.659078 -0.751997 -3.77044 -0.999812 -0.00497293 0.0187588 -23.4261 0 0 0 1 
				11
				-0.0236938 0.748739 -0.662441 0.159382 -0.00237127 -0.662667 -0.74891 -3.58104 -0.999716 -0.0161737 0.0174766 -23.5892 0 0 0 1 
				12
				-0.0298997 0.741961 -0.669776 0.139842 0.00431792 -0.669973 -0.742372 -3.38266 -0.999544 -0.0250887 0.0168283 -23.7314 0 0 0 1 
				13
				-0.0345516 0.731147 -0.681344 0.107309 0.00895893 -0.681497 -0.731766 -3.17398 -0.999363 -0.0313878 0.0169966 -23.8498 0 0 0 1 
				14
				-0.037522 0.715598 -0.697503 0.0600577 0.0112369 -0.697648 -0.716352 -2.95363 -0.999233 -0.0347167 0.0181361 -23.941 0 0 0 1 
				15
				-0.0387548 0.694476 -0.718472 -0.00363493 0.0107951 -0.718679 -0.695258 -2.72024 -0.99919 -0.0347006 0.0203554 -24.002 0 0 0 1 
				16
				-0.0348489 0.65256 -0.756935 -0.133557 -7.88954e-05 -0.757397 -0.652955 -2.42374 -0.999393 -0.022695 0.0264459 -23.9564 0 0 0 1 
				17
				-0.0259347 0.577756 -0.815797 -0.356843 -0.0265297 -0.816182 -0.577185 -2.03782 -0.999312 0.00667379 0.0364951 -23.7612 0 0 0 1 
				18
				-0.0177312 0.47558 -0.879494 -0.638955 -0.0643882 -0.878349 -0.473663 -1.59918 -0.997767 0.0482305 0.0461959 -23.4664 0 0 0 1 
				19
				-0.0146435 0.355357 -0.934616 -0.945377 -0.108316 -0.929779 -0.351821 -1.14453 -0.994009 0.0960823 0.0521062 -23.1221 0 0 0 1 
				20
				-0.0183584 0.230199 -0.97297 -1.2427 -0.152174 -0.962441 -0.224836 -0.709356 -0.988183 0.143933 0.0526991 -22.7769 0 0 0 1 
				21
				-0.027495 0.11554 -0.992922 -1.49753 -0.189755 -0.975841 -0.108298 -0.329135 -0.981446 0.185434 0.048755 -22.4792 0 0 0 1 
				22
				-0.0380071 0.0271084 -0.99891 -1.67538 -0.215505 -0.976331 -0.018296 -0.0404477 -0.975763 0.214574 0.0429495 -22.2791 0 0 0 1 
				23
				-0.0446762 -0.0209205 -0.998782 -1.74177 -0.224889 -0.973908 0.0304589 0.120143 -0.97336 0.225976 0.0388057 -22.2267 0 0 0 1 
				24
				-0.0475227 -0.0426449 -0.997959 -1.73574 -0.224016 -0.973184 0.0522538 0.197935 -0.973426 0.226042 0.0366952 -22.2708 0 0 0 1 
				25
				-0.0496484 -0.0605266 -0.996931 -1.71837 -0.221682 -0.972597 0.0700893 0.261662 -0.973854 0.224482 0.0348702 -22.3285 0 0 0 1 
				26
				-0.0510488 -0.0748363 -0.995888 -1.69045 -0.218011 -0.972304 0.0842392 0.312278 -0.97461 0.221415 0.0333199 -22.3987 0 0 0 1 
				27
				-0.0517423 -0.0858436 -0.994964 -1.65272 -0.213116 -0.972399 0.0949797 0.350735 -0.975656 0.216957 0.0320195 -22.4806 0 0 0 1 
				28
				-0.0517618 -0.093805 -0.994244 -1.60594 -0.2071 -0.972928 0.102576 0.377954 -0.97695 0.211217 0.0309335 -22.5733 0 0 0 1 
				29
				-0.0511535 -0.0989733 -0.993774 -1.55084 -0.200057 -0.973892 0.107291 0.394857 -0.978448 0.2043 0.0300177 -22.6759 0 0 0 1 
				30
				-0.0499759 -0.101605 -0.993569 -1.4882 -0.19208 -0.975263 0.109394 0.402396 -0.980106 0.196312 0.0292235 -22.7875 0 0 0 1 
				31
				-0.0482942 -0.101952 -0.993616 -1.41877 -0.183258 -0.976986 0.109153 0.401522 -0.981878 0.187359 0.0284993 -22.9072 0 0 0 1 
				32
				-0.0461753 -0.100258 -0.993889 -1.34331 -0.173673 -0.978992 0.106824 0.393156 -0.98372 0.177545 0.0277932 -23.0341 0 0 0 1 
				33
				-0.0436877 -0.0967626 -0.994348 -1.26255 -0.16341 -0.981202 0.102663 0.37822 -0.98559 0.166972 0.0270545 -23.1673 0 0 0 1 
				34
				-0.0409021 -0.0917164 -0.994945 -1.17727 -0.152554 -0.98353 0.0969357 0.357664 -0.987448 0.155748 0.0262367 -23.3059 0 0 0 1 
				35
				-0.0378869 -0.0853699 -0.995628 -1.08822 -0.141194 -0.985891 0.0899078 0.33244 -0.989257 0.143983 0.0252986 -23.4489 0 0 0 1 
				36
				-0.0347041 -0.0779666 -0.996352 -0.99616 -0.129417 -0.988207 0.0818371 0.303469 -0.990983 0.131785 0.0242046 -23.5956 0 0 0 1 
				37
				-0.031411 -0.0697528 -0.99707 -0.90182 -0.117314 -0.990409 0.0729827 0.271673 -0.992598 0.119263 0.0229268 -23.745 0 0 0 1 
				38
				-0.0280605 -0.0609857 -0.997744 -0.805971 -0.104982 -0.992437 0.0636138 0.238003 -0.994078 0.10653 0.0214459 -23.8962 0 0 0 1 
				39
				-0.0246977 -0.0519252 -0.998346 -0.709379 -0.0925204 -0.994245 0.0540008 0.203409 -0.995404 0.093701 0.0197514 -24.0482 0 0 0 1 
				40
				-0.0213591 -0.0428247 -0.998854 -0.612787 -0.08003 -0.995803 0.0444052 0.168815 -0.996564 0.0808867 0.0178422 -24.2003 0 0 0 1 
				41
				-0.0180734 -0.0339405 -0.99926 -0.516939 -0.0676135 -0.997094 0.0350899 0.13514 -0.997548 0.0681977 0.015726 -24.3515 0 0 0 1 
				42
				-0.0148624 -0.0255383 -0.999563 -0.4226 -0.0553803 -0.998118 0.0263248 0.103338 -0.998355 0.0557473 0.0134201 -24.5009 0 0 0 1 
				43
				-0.0117399 -0.017885 -0.999771 -0.330537 -0.0434413 -0.998887 0.0183793 0.0743593 -0.998987 0.0436471 0.0109499 -24.6475 0 0 0 1 
				44
				-0.00871304 -0.0112411 -0.999899 -0.241493 -0.031906 -0.999424 0.0115138 0.0491258 -0.999453 0.0320031 0.00834937 -24.7906 0 0 0 1 
				45
				-0.0057833 -0.00586598 -0.999966 -0.15621 -0.0208853 -0.999764 0.00598558 0.0285597 -0.999765 0.0209192 0.00565943 -24.9292 0 0 0 1 
				46
				-0.00294796 -0.00202932 -0.999994 -0.0754557 -0.0104942 -0.999943 0.00206015 0.0136126 -0.999941 0.0105002 0.0029265 -25.0624 0 0 0 1 
				47
				-0.000201565 -1.28225e-06 -1 4.06854e-06 -0.0008487 -0.999999 1.45332e-06 0.00523645 -1 0.0008487 0.000201564 -25.1893 0 0 0 1 
		</Joint>
			3
				-1
				0.220011 0.783303 -0.581404 0.651525 -0.261163 -0.526954 -0.808773 -6.58355 -0.939888 0.32978 0.0886338 -27.6334 0 0 0 1 
				0
				0.200966 0.797444 -0.568943 0.590472 -0.243629 -0.521857 -0.817503 -6.34227 -0.948819 0.302901 0.0894048 -27.8343 0 0 0 1 
				1
				0.180617 0.814701 -0.551034 0.533445 -0.223108 -0.511707 -0.829686 -6.09678 -0.957914 0.272796 0.0893438 -28.0489 0 0 0 1 
				2
				0.158986 0.833762 -0.528739 0.479331 -0.200444 -0.497138 -0.844201 -5.84809 -0.966719 0.240199 0.0880845 -28.2735 0 0 0 1 
				3
				0.136173 0.853386 -0.50318 0.427085 -0.176453 -0.478897 -0.859955 -5.59718 -0.974844 0.20589 0.08537 -28.5042 0 0 0 1 
				4
				0.11237 0.872496 -0.475523 0.375823 -0.151891 -0.457848 -0.875959 -5.34491 -0.981989 0.170659 0.0810755 -28.7375 0 0 0 1 
				5
				0.0878779 0.890191 -0.447031 0.324795 -0.127453 -0.435031 -0.891349 -5.09205 -0.987944 0.135305 0.0752281 -28.9698 0 0 0 1 
				6
				0.0631098 0.905751 -0.419085 0.273393 -0.103781 -0.41169 -0.905395 -4.83933 -0.992596 0.100632 0.068018 -29.198 0 0 0 1 
				7
				0.0385753 0.918672 -0.393132 0.221163 -0.0814223 -0.389227 -0.917536 -4.58732 -0.995933 0.0674039 0.0597859 -29.4186 0 0 0 1 
				8
				0.0148381 0.928671 -0.370608 0.167789 -0.0608164 -0.369124 -0.927388 -4.3365 -0.998039 0.0362997 0.0510013 -29.629 0 0 0 1 
				9
				-0.00749614 0.935611 -0.352951 0.11303 -0.0423181 -0.352942 -0.934688 -4.08726 -0.999076 0.00792968 0.042239 -29.8261 0 0 0 1 
				10
				-0.0277893 0.939426 -0.341623 0.0566785 -0.0262276 -0.342322 -0.939216 -3.83994 -0.99927 -0.0171403 0.0341518 -30.0072 0 0 0 1 
				11
				-0.0454164 0.940038 -0.338032 -0.00150742 -0.0128069 -0.338902 -0.940735 -3.59487 -0.998886 -0.0383956 0.0274307 -30.1695 0 0 0 1 
				12
				-0.0598143 0.937254 -0.343479 -0.0618825 -0.00231339 -0.344224 -0.938885 -3.35243 -0.998207 -0.0553642 0.0227578 -30.3106 0 0 0 1 
				13
				-0.070495 0.930611 -0.359157 -0.125003 0.00493704 -0.359723 -0.933046 -3.11312 -0.9975 -0.0675482 0.0207642 -30.4277 0 0 0 1 
				14
				-0.0770682 0.919208 -0.386156 -0.191746 0.00849884 -0.386688 -0.922171 -2.87764 -0.99699 -0.0743519 0.0219891 -30.518 0 0 0 1 
				15
				-0.0793162 0.901559 -0.425323 -0.263461 0.00774506 -0.426097 -0.904644 -2.64695 -0.996819 -0.0750471 0.0268137 -30.5787 0 0 0 1 
				16
				-0.0683325 0.858673 -0.507948 -0.367448 -0.0106643 -0.509737 -0.860264 -2.42158 -0.997606 -0.0533671 0.0439888 -30.5345 0 0 0 1 
				17
				-0.0447725 0.764918 -0.642569 -0.531565 -0.0580543 -0.644119 -0.762719 -2.20907 -0.997309 0.00315512 0.0732456 -30.3391 0 0 0 1 
				18
				-0.0250609 0.613245 -0.789495 -0.758883 -0.129822 -0.785052 -0.605672 -2.0189 -0.99122 0.0873155 0.0992871 -30.0345 0 0 0 1 
				19
				-0.0227258 0.413796 -0.910086 -1.04394 -0.215304 -0.890986 -0.399735 -1.85284 -0.976283 0.186861 0.10934 -29.6661 0 0 0 1 
				20
				-0.0425574 0.195387 -0.979802 -1.36457 -0.299155 -0.938188 -0.174095 -1.70611 -0.953255 0.285704 0.0983778 -29.283 0 0 0 1 
				21
				-0.0784695 -0.00442978 -0.996907 -1.67849 -0.366589 -0.929798 0.0329869 -1.57331 -0.927068 0.368043 0.0713369 -28.9414 0 0 0 1 
				22
				-0.115716 -0.152518 -0.981503 -1.92476 -0.408313 -0.893487 0.18698 -1.45431 -0.905478 0.422397 0.0411159 -28.7042 0 0 0 1 
				23
				-0.137018 -0.226971 -0.964215 -2.03466 -0.421159 -0.867686 0.264096 -1.35562 -0.896577 0.442274 0.0232977 -28.6361 0 0 0 1 
				24
				-0.144284 -0.256084 -0.955826 -2.04721 -0.417924 -0.859786 0.29344 -1.27213 -0.896951 0.441801 0.0170301 -28.6806 0 0 0 1 
				25
				-0.149141 -0.278676 -0.948734 -2.04372 -0.412485 -0.854464 0.315828 -1.19307 -0.898673 0.438441 0.0124859 -28.7411 0 0 0 1 
				26
				-0.151662 -0.295335 -0.943279 -2.02492 -0.405083 -0.851924 0.331862 -1.1183 -0.901613 0.432438 0.00956922 -28.8163 0 0 0 1 
				27
				-0.151977 -0.306589 -0.939631 -1.9917 -0.395903 -0.852193 0.342093 -1.04762 -0.905629 0.423993 0.00813428 -28.905 0 0 0 1 
				28
				-0.150249 -0.312894 -0.937829 -1.94501 -0.385077 -0.855162 0.347006 -0.980781 -0.910572 0.413274 0.00799911 -29.0062 0 0 0 1 
				29
				-0.14667 -0.314657 -0.937805 -1.8859 -0.372701 -0.860612 0.347046 -0.91749 -0.916287 0.400422 0.00895338 -29.1186 0 0 0 1 
				30
				-0.141461 -0.312258 -0.939406 -1.81552 -0.358852 -0.868231 0.342637 -0.857405 -0.922613 0.385578 0.0107664 -29.241 0 0 0 1 
				31
				-0.134855 -0.30605 -0.942415 -1.73506 -0.343593 -0.877647 0.334183 -0.800157 -0.929386 0.368874 0.0131987 -29.3723 0 0 0 1 
				32
				-0.127089 -0.296362 -0.946582 -1.6457 -0.326979 -0.888459 0.322065 -0.745378 -0.936447 0.350443 0.0160095 -29.5112 0 0 0 1 
				33
				-0.118401 -0.283517 -0.95163 -1.54864 -0.309069 -0.900242 0.306661 -0.692696 -0.94364 0.330428 0.0189629 -29.6566 0 0 0 1 
				34
				-0.109031 -0.267861 -0.957268 -1.4451 -0.28994 -0.912565 0.288376 -0.64173 -0.950814 0.308992 0.0218342 -29.8073 0 0 0 1 
				35
				-0.0992127 -0.249756 -0.963212 -1.3363 -0.269684 -0.925011 0.267629 -0.59211 -0.957824 0.286315 0.0244177 -29.9622 0 0 0 1 
				36
				-0.0891591 -0.229572 -0.969199 -1.22339 -0.248411 -0.937199 0.244845 -0.543498 -0.964543 0.26259 0.0265314 -30.1201 0 0 0 1 
				37
				-0.0790658 -0.207704 -0.974991 -1.10749 -0.226256 -0.948789 0.22047 -0.495566 -0.970854 0.238029 0.0280226 -30.2799 0 0 0 1 
				38
				-0.0691111 -0.184584 -0.980384 -0.989709 -0.20338 -0.959487 0.194987 -0.448004 -0.976658 0.212866 0.0287705 -30.4407 0 0 0 1 
				39
				-0.0594462 -0.160674 -0.985216 -0.871107 -0.17997 -0.969063 0.168899 -0.40052 -0.981874 0.187349 0.0286907 -30.6014 0 0 0 1 
				40
				-0.0501891 -0.136439 -0.989376 -0.752667 -0.156227 -0.977358 0.142707 -0.352854 -0.986445 0.16173 0.0277372 -30.761 0 0 0 1 
				41
				-0.0414278 -0.112365 -0.992803 -0.635317 -0.132372 -0.98428 0.116924 -0.304761 -0.990334 0.136263 0.0259027 -30.9185 0 0 0 1 
				42
				-0.0332206 -0.0889608 -0.995481 -0.519964 -0.108645 -0.989807 0.0920794 -0.25601 -0.993525 0.111213 0.0232169 -31.073 0 0 0 1 
				43
				-0.0255932 -0.066748 -0.997441 -0.407464 -0.0852981 -0.993984 0.0687052 -0.20638 -0.996027 0.0868382 0.0197458 -31.2238 0 0 0 1 
				44
				-0.0185405 -0.0462344 -0.998758 -0.298603 -0.0625841 -0.996918 0.047311 -0.155668 -0.997867 0.0633836 0.0155898 -31.3698 0 0 0 1 
				45
				-0.0120313 -0.0279263 -0.999537 -0.194132 -0.0407583 -0.998765 0.0283953 -0.103681 -0.999097 0.0410811 0.0108782 -31.5103 0 0 0 1 
				46
				-0.00601243 -0.0123433 -0.999906 -0.0947957 -0.0200837 -0.999721 0.0124618 -0.050225 -0.99978 0.0201567 0.00576285 -31.6445 0 0 0 1 
				47
				-0.000413965 -1.00948e-06 -0.999999 -0.00132273 -0.000821564 -0.999999 1.34958e-06 0.00489136 -1 0.000821564 0.000413963 -31.7717 0 0 0 1 
		</Joint>
			4
				-1
				0.220011 0.783303 -0.581404 2.09815 -0.261163 -0.526954 -0.808773 -8.30158 -0.939888 0.32978 0.0886339 -33.8208 0 0 0 1 
				0
				0.200966 0.797444 -0.568943 1.91171 -0.243629 -0.521857 -0.817503 -7.94489 -0.948819 0.302901 0.0894048 -34.0804 0 0 0 1 
				1
				0.180617 0.814701 -0.551034 1.7207 -0.223108 -0.511707 -0.829686 -7.56434 -0.957914 0.272796 0.0893438 -34.3549 0 0 0 1 
				2
				0.158986 0.833762 -0.528739 1.52417 -0.200444 -0.497138 -0.844201 -7.1665 -0.966719 0.240199 0.0880845 -34.6374 0 0 0 1 
				3
				0.136173 0.853386 -0.50318 1.32171 -0.176453 -0.478897 -0.859955 -6.7577 -0.974844 0.20589 0.08537 -34.9215 0 0 0 1 
				4
				0.11237 0.872496 -0.475523 1.11374 -0.151891 -0.457848 -0.875959 -6.34379 -0.981989 0.170659 0.0810755 -35.2017 0 0 0 1 
				5
				0.0878779 0.890191 -0.447031 0.901453 -0.127453 -0.435031 -0.891349 -5.93013 -0.987944 0.135305 0.0752281 -35.4732 0 0 0 1 
				6
				0.0631098 0.905751 -0.419085 0.686985 -0.103781 -0.41169 -0.905395 -5.52163 -0.992596 0.100632 0.068018 -35.7319 0 0 0 1 
				7
				0.0385753 0.918672 -0.393132 0.473233 -0.0814223 -0.389227 -0.917536 -5.12249 -0.995933 0.0674039 0.0597859 -35.9744 0 0 0 1 
				8
				0.0148381 0.928671 -0.370608 0.26359 -0.0608164 -0.369124 -0.927388 -4.73608 -0.998039 0.0362997 0.0510013 -36.1985 0 0 0 1 
				9
				-0.00749614 0.935611 -0.352951 0.0618042 -0.0423181 -0.352942 -0.934688 -4.3651 -0.999076 0.00792968 0.042239 -36.4024 0 0 0 1 
				10
				-0.0277893 0.939426 -0.341623 -0.128133 -0.0262276 -0.342322 -0.939216 -4.01189 -0.99927 -0.0171403 0.0341518 -36.5847 0 0 0 1 
				11
				-0.0454164 0.940038 -0.338032 -0.30235 -0.0128069 -0.338902 -0.940735 -3.67849 -0.998886 -0.0383956 0.0274307 -36.7445 0 0 0 1 
				12
				-0.0598143 0.937254 -0.343479 -0.457492 -0.00231339 -0.344224 -0.938885 -3.36697 -0.998207 -0.0553642 0.0227578 -36.8811 0 0 0 1 
				13
				-0.070495 0.930611 -0.359157 -0.590904 0.00493704 -0.359723 -0.933046 -3.0799 -0.9975 -0.0675482 0.0207642 -36.9935 0 0 0 1 
				14
				-0.0770682 0.919208 -0.386156 -0.700891 0.00849884 -0.386688 -0.922171 -2.82092 -0.99699 -0.0743519 0.0219891 -37.0805 0 0 0 1 
				15
				-0.0793162 0.901559 -0.425323 -0.787368 0.00774506 -0.426097 -0.904644 -2.59511 -0.996819 -0.0750471 0.0268137 -37.14 0 0 0 1 
				16
				-0.0683325 0.858673 -0.507948 -0.81897 -0.0106643 -0.509737 -0.860264 -2.49076 -0.997606 -0.0533671 0.0439888 -37.1011 0 0 0 1 
				17
				-0.0447725 0.764918 -0.642569 -0.827816 -0.0580544 -0.644119 -0.762719 -2.58991 -0.997309 0.00315513 0.0732457 -36.9038 0 0 0 1 
				18
				-0.0250609 0.613245 -0.789495 -0.925079 -0.129822 -0.785052 -0.605672 -2.87186 -0.99122 0.0873155 0.099287 -36.5594 0 0 0 1 
				19
				-0.0227258 0.413796 -0.910086 -1.19436 -0.215304 -0.890986 -0.399735 -3.26827 -0.976283 0.186861 0.10934 -36.0927 0 0 0 1 
				20
				-0.0425574 0.195387 -0.979802 -1.64509 -0.299155 -0.938188 -0.174095 -3.67339 -0.953255 0.285704 0.0983778 -35.5583 0 0 0 1 
				21
				-0.0784695 -0.00442978 -0.996907 -2.195 -0.366589 -0.929798 0.0329869 -3.98448 -0.927068 0.368043 0.0713369 -35.0445 0 0 0 1 
				22
				-0.115716 -0.152518 -0.981503 -2.68615 -0.408313 -0.893487 0.18698 -4.1402 -0.905478 0.422397 0.0411159 -34.6653 0 0 0 1 
				23
				-0.137018 -0.226971 -0.964215 -2.93611 -0.421159 -0.867686 0.264096 -4.12612 -0.896577 0.442274 0.0232977 -34.5386 0 0 0 1 
				24
				-0.144284 -0.256084 -0.955826 -2.99643 -0.417924 -0.859787 0.29344 -4.02135 -0.896951 0.441801 0.0170301 -34.5856 0 0 0 1 
				25
				-0.149141 -0.278676 -0.948734 -3.02487 -0.412485 -0.854464 0.315828 -3.9065 -0.898673 0.438441 0.0124859 -34.6574 0 0 0 1 
				26
				-0.151662 -0.295335 -0.943279 -3.02263 -0.405083 -0.851924 0.331862 -3.78301 -0.901613 0.432438 0.00956922 -34.7519 0 0 0 1 
				27
				-0.151977 -0.306589 -0.939631 -2.99146 -0.395903 -0.852193 0.342093 -3.6519 -0.905629 0.423993 0.00813426 -34.8671 0 0 0 1 
				28
				-0.150249 -0.312894 -0.937829 -2.93339 -0.385077 -0.855162 0.347006 -3.5138 -0.910572 0.413274 0.00799911 -35.0008 0 0 0 1 
				29
				-0.14667 -0.314657 -0.937805 -2.85072 -0.372701 -0.860612 0.347046 -3.36903 -0.916287 0.400422 0.00895337 -35.1508 0 0 0 1 
				30
				-0.141461 -0.312258 -0.939406 -2.74605 -0.358852 -0.868231 0.342637 -3.21777 -0.922613 0.385578 0.0107664 -35.3148 0 0 0 1 
				31
				-0.134855 -0.30605 -0.942415 -2.62212 -0.343593 -0.877647 0.334183 -3.06006 -0.929386 0.368874 0.0131987 -35.4906 0 0 0 1 
				32
				-0.127089 -0.296362 -0.946582 -2.48166 -0.326979 -0.888458 0.322065 -2.8959 -0.936447 0.350443 0.0160095 -35.676 0 0 0 1 
				33
				-0.118401 -0.283517 -0.95163 -2.32743 -0.309069 -0.900242 0.306661 -2.72531 -0.94364 0.330428 0.0189629 -35.8687 0 0 0 1 
				34
				-0.109031 -0.267861 -0.957268 -2.16225 -0.28994 -0.912565 0.288376 -2.5484 -0.950814 0.308992 0.0218342 -36.0666 0 0 0 1 
				35
				-0.0992127 -0.249756 -0.963212 -1.98886 -0.269684 -0.925011 0.267629 -2.36542 -0.957824 0.286315 0.0244177 -36.2675 0 0 0 1 
				36
				-0.0891591 -0.229572 -0.969199 -1.80981 -0.248411 -0.937199 0.244845 -2.17676 -0.964543 0.26259 0.0265314 -36.4696 0 0 0 1 
				37
				-0.0790658 -0.207704 -0.974991 -1.62752 -0.226256 -0.948789 0.22047 -1.98297 -0.970854 0.238029 0.0280226 -36.671 0 0 0 1 
				38
				-0.0691111 -0.184584 -0.980384 -1.44426 -0.20338 -0.959487 0.194987 -1.78481 -0.976658 0.212866 0.0287705 -36.8699 0 0 0 1 
				39
				-0.0594462 -0.160674 -0.985216 -1.26208 -0.179969 -0.969063 0.168899 -1.5832 -0.981874 0.187349 0.0286907 -37.0649 0 0 0 1 
				40
				-0.0501891 -0.136439 -0.989376 -1.08276 -0.156227 -0.977357 0.142707 -1.37924 -0.986445 0.16173 0.0277372 -37.2545 0 0 0 1 
				41
				-0.0414278 -0.112365 -0.992803 -0.907786 -0.132372 -0.98428 0.116924 -1.17411 -0.990334 0.136263 0.0259027 -37.4376 0 0 0 1 
				42
				-0.0332206 -0.0889608 -0.995481 -0.738457 -0.108645 -0.989807 0.0920794 -0.969163 -0.993525 0.111213 0.0232169 -37.6131 0 0 0 1 
				43
				-0.0255932 -0.066748 -0.997441 -0.575796 -0.0852981 -0.993984 0.0687052 -0.765847 -0.996027 0.0868382 0.0197458 -37.7802 0 0 0 1 
				44
				-0.0185405 -0.0462344 -0.998758 -0.420552 -0.0625841 -0.996918 0.047311 -0.565617 -0.997867 0.0633836 0.0155898 -37.9383 0 0 0 1 
				45
				-0.0120313 -0.0279263 -0.999537 -0.273271 -0.0407583 -0.998765 0.0283953 -0.369959 -0.999096 0.0410811 0.0108782 -38.0868 0 0 0 1 
				46
				-0.00601243 -0.0123433 -0.999906 -0.134347 -0.0200837 -0.999721 0.0124618 -0.180412 -0.99978 0.0201567 0.00576285 -38.2255 0 0 0 1 
				47
				-0.000413965 -1.00948e-06 -0.999999 -0.00404762 -0.000821564 -0.999999 1.34958e-06 0.00149622 -1 0.000821564 0.000413963 -38.3541 0 0 0 1 
		</Joint>
			5
				-1
				-0.0818978 -0.00122445 -0.99664 2.65427 0.02981 -0.999555 -0.00122157 -8.96171 -0.996195 -0.0298099 0.0818978 -36.1966 0 0 0 1 
				0
				-0.0810274 -0.000959134 -0.996711 2.41969 0.0300497 -0.999547 -0.00148102 -8.56071 -0.996259 -0.0300709 0.0810195 -36.4787 0 0 0 1 
				1
				-0.0802527 -0.000263703 -0.996774 2.17725 0.0302852 -0.999539 -0.0021739 -8.12829 -0.996314 -0.030362 0.0802237 -36.7762 0 0 0 1 
				2
				-0.0795548 0.000760918 -0.99683 1.92603 0.0305119 -0.999529 -0.00319806 -7.67316 -0.996363 -0.0306696 0.0794941 -37.0809 0 0 0 1 
				3
				-0.0789131 0.00201443 -0.996879 1.66592 0.0307277 -0.999518 -0.00445217 -7.20372 -0.996408 -0.0309832 0.0788131 -37.3856 0 0 0 1 
				4
				-0.0782997 0.00340075 -0.996924 1.39777 0.0309374 -0.999504 -0.00583941 -6.72773 -0.99645 -0.0312995 0.0781557 -37.6838 0 0 0 1 
				5
				-0.0776901 0.00482053 -0.996966 1.12358 0.0311411 -0.999488 -0.00725945 -6.25229 -0.996491 -0.0316106 0.0775002 -37.9704 0 0 0 1 
				6
				-0.0770616 0.00617491 -0.997007 0.846508 0.0313372 -0.999472 -0.00861232 -5.78396 -0.996534 -0.0319071 0.0768274 -38.2408 0 0 0 1 
				7
				-0.0763873 0.00736435 -0.997051 0.570739 0.0315287 -0.999455 -0.00979762 -5.3283 -0.996579 -0.0321841 0.0761134 -38.4918 0 0 0 1 
				8
				-0.0756463 0.00829015 -0.9971 0.301096 0.0317098 -0.99944 -0.0107153 -4.8898 -0.99663 -0.0324285 0.075341 -38.7213 0 0 0 1 
				9
				-0.0748205 0.00885674 -0.997157 0.0428564 0.0318714 -0.999428 -0.0112683 -4.47207 -0.996687 -0.0326239 0.0744954 -38.9278 0 0 0 1 
				10
				-0.0738812 0.00896226 -0.997227 -0.198377 0.032016 -0.999423 -0.011354 -4.07819 -0.996753 -0.0327661 0.0735516 -39.1106 0 0 0 1 
				11
				-0.0727993 0.0085065 -0.99731 -0.417148 0.0321454 -0.999424 -0.010871 -3.71086 -0.996828 -0.0328504 0.0724839 -39.2694 0 0 0 1 
				12
				-0.0715589 0.00739274 -0.997409 -0.608685 0.0322459 -0.999432 -0.00972121 -3.37282 -0.996915 -0.0328579 0.0712799 -39.4042 0 0 0 1 
				13
				-0.0701414 0.00552409 -0.997522 -0.769094 0.0323051 -0.999447 -0.00780631 -3.06742 -0.997014 -0.0327726 0.0699242 -39.5149 0 0 0 1 
				14
				-0.0685197 0.00279915 -0.997645 -0.895696 0.0323195 -0.999465 -0.005024 -2.79943 -0.997126 -0.0325877 0.0683925 -39.6005 0 0 0 1 
				15
				-0.0666782 -0.000882221 -0.997774 -0.987855 0.0322747 -0.999478 -0.00127309 -2.57554 -0.997252 -0.0322878 0.0666719 -39.6597 0 0 0 1 
				16
				-0.0646699 -0.00842545 -0.997871 -0.991693 0.032337 -0.999457 0.00634315 -2.51771 -0.997383 -0.0318579 0.0649072 -39.6227 0 0 0 1 
				17
				-0.0623302 -0.0214412 -0.997825 -0.940987 0.0327449 -0.999275 0.0194269 -2.73666 -0.997518 -0.0314628 0.0629871 -39.4247 0 0 0 1 
				18
				-0.0598089 -0.0378959 -0.99749 -0.988425 0.0332535 -0.9988 0.0359518 -3.20002 -0.997655 -0.0310198 0.0609973 -39.0649 0 0 0 1 
				19
				-0.0572493 -0.0557782 -0.996801 -1.2518 0.0336502 -0.997978 0.0539115 -3.81249 -0.997793 -0.0304561 0.0590105 -38.5605 0 0 0 1 
				20
				-0.0546543 -0.0731101 -0.995825 -1.75266 0.0338958 -0.996877 0.071327 -4.42956 -0.99793 -0.029856 0.0569618 -37.9678 0 0 0 1 
				21
				-0.0522239 -0.0879446 -0.994755 -2.39335 0.0339024 -0.995697 0.0862479 -4.9111 -0.99806 -0.0292204 0.0549807 -37.3878 0 0 0 1 
				22
				-0.049911 -0.0982741 -0.993907 -2.97864 0.0335857 -0.994749 0.0966708 -5.17229 -0.998189 -0.0285561 0.0529495 -36.954 0 0 0 1 
				23
				-0.0476816 -0.102086 -0.993632 -3.28245 0.0328667 -0.994385 0.100586 -5.19068 -0.998321 -0.0278613 0.0507692 -36.8049 0 0 0 1 
				24
				-0.0456529 -0.101696 -0.993767 -3.36114 0.0318763 -0.994446 0.100301 -5.07773 -0.998448 -0.0270986 0.0486411 -36.8529 0 0 0 1 
				25
				-0.043629 -0.100649 -0.993965 -3.40185 0.0308117 -0.994574 0.0993583 -4.94913 -0.998572 -0.0262908 0.0464934 -36.929 0 0 0 1 
				26
				-0.0416076 -0.0989837 -0.994219 -3.40599 0.0296808 -0.994764 0.0977959 -4.80694 -0.998693 -0.0254402 0.0443277 -37.0309 0 0 0 1 
				27
				-0.0395904 -0.0967575 -0.99452 -3.37562 0.0284908 -0.995005 0.0956705 -4.65262 -0.998809 -0.024547 0.0421493 -37.1562 0 0 0 1 
				28
				-0.0375755 -0.0940008 -0.994863 -3.31317 0.0272478 -0.995292 0.0930122 -4.48716 -0.998922 -0.0236129 0.0399599 -37.3024 0 0 0 1 
				29
				-0.0355592 -0.0907595 -0.995238 -3.22146 0.0259579 -0.995615 0.0898665 -4.31111 -0.99903 -0.0226387 0.0377592 -37.4669 0 0 0 1 
				30
				-0.0335439 -0.087081 -0.995636 -3.10362 0.0246271 -0.995966 0.0862801 -4.12484 -0.999134 -0.0216255 0.0355531 -37.6469 0 0 0 1 
				31
				-0.0315328 -0.0830075 -0.99605 -2.96299 0.023262 -0.996336 0.082295 -3.92856 -0.999232 -0.0205751 0.0333482 -37.8398 0 0 0 1 
				32
