<?xml version='1.0' encoding='UTF-8' ?>
<itpanim>
	<skeleton count>
		25
			0 -1
			1.37091e-06 -1 -6.12323e-17 1e-06 1 1.37091e-06 -6.12323e-17 -1.37266e-12 6.12323e-17 -6.12323e-17 1 28.5847 0 0 0 1 
			1 0
			1.3868e-06 -2.28068e-12 -1 -28.5847 2.75771e-06 -1 6.10495e-12 1.00011e-06 -1 -2.75771e-06 -1.3868e-06 -3.96413e-05 0 0 0 1 
			2 1
			-0.000205999 -0.000823318 -1 -32.3694 -1.2413e-06 -1 0.000823318 0.0334634 -1 1.41091e-06 0.000205998 0.006668 0 0 0 1 
			3 2
			-0.000383998 -0.00100932 -0.999999 -40.926 -1.01137e-06 -0.999999 0.00100932 0.0478891 -1 1.39895e-06 0.000383997 0.0139528 0 0 0 1 
			4 3
			-0.000383998 -0.00100932 -0.999999 -49.4827 -1.01137e-06 -0.999999 0.00100932 0.0505055 -1 1.39895e-06 0.000383997 0.0139528 0 0 0 1 
			5 4
			1.34309e-06 9.82436e-13 -1 -52.7685 -1.40269e-06 -1 -2.86637e-12 -0.00275479 -1 1.40269e-06 -1.34309e-06 -0.00638105 0 0 0 1 
			6 5
			1 -0 0 0 0 1 0 0 -0 -0 1 -0 0 0 0 1 
			7 4
			0.950432 6.75818e-05 0.310933 13.7112 -1.42282e-06 1 -0.000213002 -0.00848516 -0.310933 0.000202002 0.950432 47.5785 0 0 0 1 
			8 7
			0.476976 0.0235792 0.8786 37.3074 0.0457757 0.997617 -0.0516241 -2.835 -0.877724 0.064842 0.47476 30.0749 0 0 0 1 
			9 8
			0.476835 0.0205565 0.878752 28.9208 0.0472206 0.997684 -0.0489619 -2.74739 -0.877724 0.064842 0.47476 30.0749 0 0 0 1 
			10 9
			0.476835 0.0205565 0.878752 20.0548 -0.877686 0.0656364 0.474721 30.0727 -0.0479195 -0.997632 0.0493399 2.77133 0 0 0 1 
			11 4
			-0.950193 6.50589e-05 0.311663 13.7378 -1.39561e-06 1 -0.000213002 -0.00848516 -0.311663 -0.000202828 -0.950193 -47.5698 0 0 0 1 
			12 11
			-0.476976 0.0235779 0.8786 37.2976 -0.0457784 0.997617 -0.0516241 -2.83503 -0.877723 -0.0648444 -0.47476 -30.0791 0 0 0 1 
			13 12
			-0.476835 0.0205552 0.878752 28.9109 -0.0472234 0.997684 -0.0489619 -2.74745 -0.877723 -0.0648444 -0.47476 -30.0791 0 0 0 1 
			14 13
			-0.476835 0.0205552 0.878752 20.045 0.877685 0.0656388 0.474721 30.0769 -0.0479222 0.997632 -0.0493399 -2.7714 0 0 0 1 
			15 2
			1.37369e-06 -0.0998331 0.995004 28.4419 0 -0.995004 -0.0998331 -2.8537 1 1.3714e-07 -1.36683e-06 -5.53938 0 0 0 1 
			16 15
			1.37369e-06 0.0998335 0.995004 16.029 0 -0.995004 0.0998335 0.337498 1 -1.3714e-07 -1.36683e-06 -5.53938 0 0 0 1 
			17 16
			1.3716e-06 -6.00745e-14 1 3.38056 0 -1 -6.00745e-14 5.01e-06 1 8.23984e-20 -1.3716e-06 -5.53938 0 0 0 1 
			18 17
			1.3716e-06 -1 -6.12323e-17 -7.15885 0 6.12323e-17 -1 -0.467524 1 1.3716e-06 8.39865e-23 -5.53938 0 0 0 1 
			19 18
			1 -0 0 0 0 1 0 0 -0 -0 1 -0 0 0 0 1 
			20 2
			1.37369e-06 -0.0998331 0.995004 28.4419 0 -0.995004 -0.0998331 -2.8537 1 1.3714e-07 -1.36683e-06 5.53939 0 0 0 1 
			21 20
			1.37369e-06 0.0998335 0.995004 16.029 0 -0.995004 0.0998335 0.337498 1 -1.3714e-07 -1.36683e-06 5.53939 0 0 0 1 
			22 21
			1.3716e-06 -6.00745e-14 1 3.38056 0 -1 -6.00745e-14 5.01e-06 1 8.23984e-20 -1.3716e-06 5.53939 0 0 0 1 
			23 22
			1.3716e-06 -1 -6.12323e-17 -7.15885 0 6.12323e-17 -1 -0.467524 1 1.3716e-06 8.39865e-23 5.53939 0 0 0 1 
			24 23
			1 -0 0 0 0 1 0 0 -0 -0 1 -0 0 0 0 1 
	</skeleton>
		<animations>
			33
			0
				-1
				1.33158e-06 1 0 0 -1 1.33158e-06 0 9.75445e-07 -0 -0 1 -24.8532 0 0 0 1 
				0
				1.46474e-06 1 0 0 -1 1.46474e-06 0 9.54259e-07 -0 -0 1 -25.4657 0 0 0 1 
				1
				1.33158e-06 1 0 0 -1 1.33158e-06 0 9.31489e-07 -0 -0 1 -26.1653 0 0 0 1 
				2
				1.46474e-06 1 0 0 -1 1.46474e-06 0 9.0809e-07 -0 -0 1 -26.8994 0 0 0 1 
				3
				1.33158e-06 1 0 0 -1 1.33158e-06 0 8.85021e-07 -0 -0 1 -27.6155 0 0 0 1 
				4
				1.33158e-06 1 0 0 -1 1.33158e-06 0 8.63207e-07 -0 -0 1 -28.2624 0 0 0 1 
				5
				1.46474e-06 1 0 0 -1 1.46474e-06 0 8.43576e-07 -0 -0 1 -28.7894 0 0 0 1 
				6
				1.46474e-06 1 0 0 -1 1.46474e-06 0 8.27085e-07 -0 -0 1 -29.1437 0 0 0 1 
				7
				1.46474e-06 1 0 0 -1 1.46474e-06 0 8.14691e-07 -0 -0 1 -29.2728 0 0 0 1 
				8
				1.46474e-06 1 0 0 -1 1.46474e-06 0 8.0705e-07 -0 -0 1 -29.0824 0 0 0 1 
				9
				1.46474e-06 1 0 0 -1 1.46474e-06 0 8.03592e-07 -0 -0 1 -28.5776 0 0 0 1 
				10
				1.33158e-06 1 0 0 -1 1.33158e-06 0 8.03307e-07 -0 -0 1 -27.8648 0 0 0 1 
				11
				1.46474e-06 1 0 0 -1 1.46474e-06 0 8.05188e-07 -0 -0 1 -27.0505 0 0 0 1 
				12
				1.33158e-06 1 0 0 -1 1.33158e-06 0 8.08256e-07 -0 -0 1 -26.2378 0 0 0 1 
				13
				1.46474e-06 1 0 0 -1 1.46474e-06 0 8.11536e-07 -0 -0 1 -25.5297 0 0 0 1 
				14
				1.46474e-06 1 0 0 -1 1.46474e-06 0 8.14017e-07 -0 -0 1 -25.0327 0 0 0 1 
				15
				1.46474e-06 1 0 0 -1 1.46474e-06 0 8.14691e-07 -0 -0 1 -24.8532 0 0 0 1 
				16
				1.46474e-06 1 0 0 -1 1.46474e-06 0 8.12809e-07 -0 -0 1 -25.0603 0 0 0 1 
				17
				1.46474e-06 1 0 0 -1 1.46474e-06 0 8.08949e-07 -0 -0 1 -25.5889 0 0 0 1 
				18
				1.46474e-06 1 0 0 -1 1.46474e-06 0 8.04223e-07 -0 -0 1 -26.3301 0 0 0 1 
				19
				1.46474e-06 1 0 0 -1 1.46474e-06 0 7.99743e-07 -0 -0 1 -27.1751 0 0 0 1 
				20
				1.46474e-06 1 0 0 -1 1.46474e-06 0 7.96588e-07 -0 -0 1 -28.0186 0 0 0 1 
				21
				1.46474e-06 1 0 0 -1 1.46474e-06 0 7.95833e-07 -0 -0 1 -28.7551 0 0 0 1 
				22
				1.46474e-06 1 0 0 -1 1.46474e-06 0 7.98593e-07 -0 -0 1 -29.2759 0 0 0 1 
				23
				1.46474e-06 1 0 0 -1 1.46474e-06 0 8.05979e-07 -0 -0 1 -29.4721 0 0 0 1 
				24
				1.46474e-06 1 0 0 -1 1.46474e-06 0 8.18628e-07 -0 -0 1 -29.3372 0 0 0 1 
				25
				1.46474e-06 1 0 0 -1 1.46474e-06 0 8.35818e-07 -0 -0 1 -28.9669 0 0 0 1 
				26
				1.46474e-06 1 0 0 -1 1.46474e-06 0 8.56487e-07 -0 -0 1 -28.4162 0 0 0 1 
				27
				1.46474e-06 1 0 0 -1 1.46474e-06 0 8.79576e-07 -0 -0 1 -27.74 0 0 0 1 
				28
				1.46474e-06 1 0 0 -1 1.46474e-06 0 9.04057e-07 -0 -0 1 -26.9917 0 0 0 1 
				29
				1.46474e-06 1 0 0 -1 1.46474e-06 0 9.28903e-07 -0 -0 1 -26.2244 0 0 0 1 
				30
				1.46474e-06 1 0 0 -1 1.46474e-06 0 9.53052e-07 -0 -0 1 -25.4933 0 0 0 1 
				31
				1.46474e-06 1 0 0 -1 1.46474e-06 0 9.75445e-07 -0 -0 1 -24.8532 0 0 0 1 
		</Joint>
			1
				-1
				1.33158e-06 2.66316e-06 -1 0 0 -1 -2.66316e-06 9.75445e-07 -1 3.54621e-12 -1.33158e-06 -24.8532 0 0 0 1 
				0
				1.33158e-06 2.79632e-06 -1 0 0 -1 -2.79632e-06 9.54259e-07 -1 3.72352e-12 -1.33158e-06 -25.4657 0 0 0 1 
				1
				1.33158e-06 2.66316e-06 -1 0 0 -1 -2.66316e-06 9.31489e-07 -1 3.54621e-12 -1.33158e-06 -26.1653 0 0 0 1 
				2
				1.33158e-06 2.79632e-06 -1 0 0 -1 -2.79632e-06 9.0809e-07 -1 3.72352e-12 -1.33158e-06 -26.8994 0 0 0 1 
				3
				1.33158e-06 2.66316e-06 -1 0 0 -1 -2.66316e-06 8.85021e-07 -1 3.54621e-12 -1.33158e-06 -27.6155 0 0 0 1 
				4
				1.33158e-06 2.66316e-06 -1 0 0 -1 -2.66316e-06 8.63207e-07 -1 3.54621e-12 -1.33158e-06 -28.2624 0 0 0 1 
				5
				1.33158e-06 2.79632e-06 -1 0 0 -1 -2.79632e-06 8.43576e-07 -1 3.72352e-12 -1.33158e-06 -28.7894 0 0 0 1 
				6
				1.33158e-06 2.79632e-06 -1 0 0 -1 -2.79632e-06 8.27085e-07 -1 3.72352e-12 -1.33158e-06 -29.1437 0 0 0 1 
				7
				1.33158e-06 2.79632e-06 -1 0 0 -1 -2.79632e-06 8.14691e-07 -1 3.72352e-12 -1.33158e-06 -29.2728 0 0 0 1 
				8
				1.33158e-06 2.79632e-06 -1 0 0 -1 -2.79632e-06 8.0705e-07 -1 3.72352e-12 -1.33158e-06 -29.0824 0 0 0 1 
				9
				1.33158e-06 2.79632e-06 -1 0 0 -1 -2.79632e-06 8.03592e-07 -1 3.72352e-12 -1.33158e-06 -28.5776 0 0 0 1 
				10
				1.33158e-06 2.66316e-06 -1 0 0 -1 -2.66316e-06 8.03307e-07 -1 3.54621e-12 -1.33158e-06 -27.8648 0 0 0 1 
				11
				1.33158e-06 2.79632e-06 -1 0 0 -1 -2.79632e-06 8.05188e-07 -1 3.72352e-12 -1.33158e-06 -27.0505 0 0 0 1 
				12
				1.33158e-06 2.66316e-06 -1 0 0 -1 -2.66316e-06 8.08256e-07 -1 3.54621e-12 -1.33158e-06 -26.2378 0 0 0 1 
				13
				1.33158e-06 2.79632e-06 -1 0 0 -1 -2.79632e-06 8.11536e-07 -1 3.72352e-12 -1.33158e-06 -25.5297 0 0 0 1 
				14
				1.33158e-06 2.79632e-06 -1 0 0 -1 -2.79632e-06 8.14017e-07 -1 3.72352e-12 -1.33158e-06 -25.0327 0 0 0 1 
				15
				1.33158e-06 2.79632e-06 -1 0 0 -1 -2.79632e-06 8.14691e-07 -1 3.72352e-12 -1.33158e-06 -24.8532 0 0 0 1 
				16
				1.33158e-06 2.79632e-06 -1 0 0 -1 -2.79632e-06 8.12809e-07 -1 3.72352e-12 -1.33158e-06 -25.0603 0 0 0 1 
				17
				1.33158e-06 2.79632e-06 -1 0 0 -1 -2.79632e-06 8.08949e-07 -1 3.72352e-12 -1.33158e-06 -25.5889 0 0 0 1 
				18
				1.33158e-06 2.79632e-06 -1 0 0 -1 -2.79632e-06 8.04223e-07 -1 3.72352e-12 -1.33158e-06 -26.3301 0 0 0 1 
				19
				1.33158e-06 2.79632e-06 -1 0 0 -1 -2.79632e-06 7.99743e-07 -1 3.72352e-12 -1.33158e-06 -27.1751 0 0 0 1 
				20
				1.33158e-06 2.79632e-06 -1 0 0 -1 -2.79632e-06 7.96588e-07 -1 3.72352e-12 -1.33158e-06 -28.0186 0 0 0 1 
				21
				1.33158e-06 2.79632e-06 -1 0 0 -1 -2.79632e-06 7.95833e-07 -1 3.72352e-12 -1.33158e-06 -28.7551 0 0 0 1 
				22
				1.33158e-06 2.79632e-06 -1 0 0 -1 -2.79632e-06 7.98593e-07 -1 3.72352e-12 -1.33158e-06 -29.2759 0 0 0 1 
				23
				1.33158e-06 2.79632e-06 -1 0 0 -1 -2.79632e-06 8.05979e-07 -1 3.72352e-12 -1.33158e-06 -29.4721 0 0 0 1 
				24
				1.33158e-06 2.79632e-06 -1 0 0 -1 -2.79632e-06 8.18628e-07 -1 3.72352e-12 -1.33158e-06 -29.3372 0 0 0 1 
				25
				1.33158e-06 2.79632e-06 -1 0 0 -1 -2.79632e-06 8.35818e-07 -1 3.72352e-12 -1.33158e-06 -28.9669 0 0 0 1 
				26
				1.33158e-06 2.79632e-06 -1 0 0 -1 -2.79632e-06 8.56487e-07 -1 3.72352e-12 -1.33158e-06 -28.4162 0 0 0 1 
				27
				1.33158e-06 2.79632e-06 -1 0 0 -1 -2.79632e-06 8.79576e-07 -1 3.72352e-12 -1.33158e-06 -27.74 0 0 0 1 
				28
				1.33158e-06 2.79632e-06 -1 0 0 -1 -2.79632e-06 9.04057e-07 -1 3.72352e-12 -1.33158e-06 -26.9917 0 0 0 1 
				29
				1.33158e-06 2.79632e-06 -1 0 0 -1 -2.79632e-06 9.28903e-07 -1 3.72352e-12 -1.33158e-06 -26.2244 0 0 0 1 
				30
				1.33158e-06 2.79632e-06 -1 0 0 -1 -2.79632e-06 9.53052e-07 -1 3.72352e-12 -1.33158e-06 -25.4933 0 0 0 1 
				31
				1.33158e-06 2.79632e-06 -1 0 0 -1 -2.79632e-06 9.75445e-07 -1 3.72352e-12 -1.33158e-06 -24.8532 0 0 0 1 
		</Joint>
			2
				-1
				1.38779e-06 -1.52815e-06 -1 5.2401e-06 -0.00079765 -1 1.52704e-06 0.00680815 -1 0.00079765 -1.38901e-06 -28.6379 0 0 0 1 
				0
				1.3879e-06 -1.39539e-06 -1 5.2392e-06 -0.000797649 -1 1.39429e-06 0.0068081 -1 0.000797649 -1.38901e-06 -29.2503 0 0 0 1 
				1
				1.38779e-06 -1.52954e-06 -1 5.24012e-06 -0.00079765 -1 1.52844e-06 0.00680804 -1 0.00079765 -1.38901e-06 -29.9499 0 0 0 1 
				2
				1.3879e-06 -1.39761e-06 -1 5.23922e-06 -0.000797649 -1 1.3965e-06 0.00680799 -1 0.000797649 -1.38901e-06 -30.6841 0 0 0 1 
				3
				1.38779e-06 -1.53187e-06 -1 5.24013e-06 -0.00079765 -1 1.53076e-06 0.00680793 -1 0.00079765 -1.38901e-06 -31.4001 0 0 0 1 
				4
				1.38779e-06 -1.53251e-06 -1 5.24014e-06 -0.00079765 -1 1.5314e-06 0.00680788 -1 0.00079765 -1.38901e-06 -32.0471 0 0 0 1 
				5
				1.3879e-06 -1.39918e-06 -1 5.23923e-06 -0.000797649 -1 1.39807e-06 0.00680784 -1 0.000797649 -1.38901e-06 -32.5741 0 0 0 1 
				6
				1.3879e-06 -1.39784e-06 -1 5.23922e-06 -0.000797649 -1 1.39674e-06 0.00680781 -1 0.000797649 -1.38901e-06 -32.9284 0 0 0 1 
				7
				1.3879e-06 -1.39499e-06 -1 5.2392e-06 -0.000797649 -1 1.39388e-06 0.00680779 -1 0.000797649 -1.38901e-06 -33.0575 0 0 0 1 
				8
				1.3879e-06 -1.38958e-06 -1 5.23916e-06 -0.000797649 -1 1.38848e-06 0.00680779 -1 0.000797649 -1.38901e-06 -32.8671 0 0 0 1 
				9
				1.38791e-06 -1.38148e-06 -1 5.23911e-06 -0.000797649 -1 1.38038e-06 0.00680781 -1 0.000797649 -1.38901e-06 -32.3623 0 0 0 1 
				10
				1.38781e-06 -1.50491e-06 -1 5.23995e-06 -0.00079765 -1 1.50381e-06 0.00680784 -1 0.00079765 -1.38901e-06 -31.6495 0 0 0 1 
				11
				1.38793e-06 -1.36146e-06 -1 5.23897e-06 -0.000797649 -1 1.36035e-06 0.00680788 -1 0.000797649 -1.38901e-06 -30.8352 0 0 0 1 
				12
				1.38783e-06 -1.48479e-06 -1 5.23981e-06 -0.00079765 -1 1.48368e-06 0.00680792 -1 0.00079765 -1.38901e-06 -30.0225 0 0 0 1 
				13
				1.38794e-06 -1.3433e-06 -1 5.23885e-06 -0.000797649 -1 1.34219e-06 0.00680795 -1 0.000797649 -1.38901e-06 -29.3144 0 0 0 1 
				14
				1.38795e-06 -1.33753e-06 -1 5.2388e-06 -0.000797649 -1 1.33642e-06 0.00680798 -1 0.000797649 -1.38901e-06 -28.8174 0 0 0 1 
				15
				1.38795e-06 -1.33538e-06 -1 5.23879e-06 -0.000797649 -1 1.33428e-06 0.00680798 -1 0.000797649 -1.38901e-06 -28.6379 0 0 0 1 
				16
				1.38795e-06 -1.33753e-06 -1 5.23881e-06 -0.00079765 -1 1.33642e-06 0.00680797 -1 0.00079765 -1.38901e-06 -28.845 0 0 0 1 
				17
				1.38794e-06 -1.3433e-06 -1 5.23885e-06 -0.000797649 -1 1.34219e-06 0.00680795 -1 0.000797649 -1.38901e-06 -29.3736 0 0 0 1 
				18
				1.38793e-06 -1.35163e-06 -1 5.2389e-06 -0.00079765 -1 1.35052e-06 0.00680791 -1 0.00079765 -1.38901e-06 -30.1148 0 0 0 1 
				19
				1.38793e-06 -1.36146e-06 -1 5.23897e-06 -0.000797649 -1 1.36035e-06 0.00680787 -1 0.000797649 -1.38901e-06 -30.9598 0 0 0 1 
				20
				1.38792e-06 -1.37176e-06 -1 5.23904e-06 -0.00079765 -1 1.37065e-06 0.00680783 -1 0.00079765 -1.38901e-06 -31.8032 0 0 0 1 
				21
				1.38791e-06 -1.38148e-06 -1 5.23911e-06 -0.000797649 -1 1.38038e-06 0.00680779 -1 0.000797649 -1.38901e-06 -32.5397 0 0 0 1 
				22
				1.3879e-06 -1.38958e-06 -1 5.23917e-06 -0.00079765 -1 1.38848e-06 0.00680778 -1 0.00079765 -1.38901e-06 -33.0605 0 0 0 1 
				23
				1.3879e-06 -1.39499e-06 -1 5.2392e-06 -0.000797649 -1 1.39388e-06 0.00680777 -1 0.000797649 -1.38901e-06 -33.2568 0 0 0 1 
				24
				1.3879e-06 -1.39784e-06 -1 5.23922e-06 -0.00079765 -1 1.39674e-06 0.00680779 -1 0.00079765 -1.38901e-06 -33.1219 0 0 0 1 
				25
				1.3879e-06 -1.39918e-06 -1 5.23923e-06 -0.000797649 -1 1.39807e-06 0.00680782 -1 0.000797649 -1.38901e-06 -32.7516 0 0 0 1 
				26
				1.3879e-06 -1.39935e-06 -1 5.23923e-06 -0.00079765 -1 1.39824e-06 0.00680787 -1 0.00079765 -1.38901e-06 -32.2009 0 0 0 1 
				27
				1.3879e-06 -1.39871e-06 -1 5.23922e-06 -0.000797649 -1 1.39761e-06 0.00680792 -1 0.000797649 -1.38901e-06 -31.5247 0 0 0 1 
				28
				1.3879e-06 -1.39761e-06 -1 5.23921e-06 -0.00079765 -1 1.3965e-06 0.00680798 -1 0.00079765 -1.38901e-06 -30.7764 0 0 0 1 
				29
				1.3879e-06 -1.39639e-06 -1 5.23921e-06 -0.000797649 -1 1.39528e-06 0.00680804 -1 0.000797649 -1.38901e-06 -30.0091 0 0 0 1 
				30
				1.3879e-06 -1.39539e-06 -1 5.2392e-06 -0.00079765 -1 1.39429e-06 0.0068081 -1 0.00079765 -1.38901e-06 -29.2779 0 0 0 1 
				31
				1.3879e-06 -1.39499e-06 -1 5.2392e-06 -0.000797649 -1 1.39388e-06 0.00680814 -1 0.000797649 -1.38901e-06 -28.6379 0 0 0 1 
		</Joint>
			3
				-1
				1.38777e-06 -1.55795e-06 -1 1.71067e-05 -0.00079765 -1 1.55684e-06 0.00679638 -1 0.00079765 -1.38901e-06 -37.1945 0 0 0 1 
				0
				1.38788e-06 -1.4256e-06 -1 1.71058e-05 -0.000797649 -1 1.42449e-06 0.00679633 -1 0.000797649 -1.38901e-06 -37.807 0 0 0 1 
				1
				1.38777e-06 -1.56074e-06 -1 1.71067e-05 -0.00079765 -1 1.55963e-06 0.00679627 -1 0.00079765 -1.38901e-06 -38.5066 0 0 0 1 
				2
				1.38787e-06 -1.43004e-06 -1 1.71058e-05 -0.000797649 -1 1.42893e-06 0.00679622 -1 0.000797649 -1.38901e-06 -39.2407 0 0 0 1 
				3
				1.38776e-06 -1.5654e-06 -1 1.71068e-05 -0.00079765 -1 1.56429e-06 0.00679616 -1 0.00079765 -1.38901e-06 -39.9568 0 0 0 1 
				4
				1.38776e-06 -1.56667e-06 -1 1.71068e-05 -0.00079765 -1 1.56557e-06 0.00679611 -1 0.00079765 -1.38901e-06 -40.6038 0 0 0 1 
				5
				1.38787e-06 -1.43317e-06 -1 1.71059e-05 -0.000797649 -1 1.43207e-06 0.00679607 -1 0.000797649 -1.38901e-06 -41.1308 0 0 0 1 
				6
				1.38787e-06 -1.4305e-06 -1 1.71058e-05 -0.000797649 -1 1.42939e-06 0.00679604 -1 0.000797649 -1.38901e-06 -41.4851 0 0 0 1 
				7
				1.38788e-06 -1.42479e-06 -1 1.71058e-05 -0.000797649 -1 1.42368e-06 0.00679602 -1 0.000797649 -1.38901e-06 -41.6142 0 0 0 1 
				8
				1.38788e-06 -1.41398e-06 -1 1.71057e-05 -0.000797649 -1 1.41287e-06 0.00679602 -1 0.000797649 -1.38901e-06 -41.4237 0 0 0 1 
				9
				1.3879e-06 -1.39778e-06 -1 1.71056e-05 -0.000797649 -1 1.39667e-06 0.00679604 -1 0.000797649 -1.38901e-06 -40.9189 0 0 0 1 
				10
				1.38781e-06 -1.51148e-06 -1 1.71064e-05 -0.00079765 -1 1.51037e-06 0.00679608 -1 0.00079765 -1.38901e-06 -40.2062 0 0 0 1 
				11
				1.38793e-06 -1.35774e-06 -1 1.71053e-05 -0.000797649 -1 1.35663e-06 0.00679611 -1 0.000797649 -1.38901e-06 -39.3919 0 0 0 1 
				12
				1.38784e-06 -1.47124e-06 -1 1.71061e-05 -0.00079765 -1 1.47013e-06 0.00679615 -1 0.00079765 -1.38901e-06 -38.5792 0 0 0 1 
				13
				1.38796e-06 -1.32141e-06 -1 1.71051e-05 -0.000797649 -1 1.32031e-06 0.00679618 -1 0.000797649 -1.38901e-06 -37.8711 0 0 0 1 
				14
				1.38797e-06 -1.30987e-06 -1 1.7105e-05 -0.000797649 -1 1.30876e-06 0.00679621 -1 0.000797649 -1.38901e-06 -37.3741 0 0 0 1 
				15
				1.38797e-06 -1.30558e-06 -1 1.7105e-05 -0.000797649 -1 1.30447e-06 0.00679621 -1 0.000797649 -1.38901e-06 -37.1945 0 0 0 1 
				16
				1.38797e-06 -1.30987e-06 -1 1.7105e-05 -0.00079765 -1 1.30876e-06 0.00679621 -1 0.00079765 -1.38901e-06 -37.4017 0 0 0 1 
				17
				1.38796e-06 -1.32141e-06 -1 1.71051e-05 -0.000797649 -1 1.32031e-06 0.00679618 -1 0.000797649 -1.38901e-06 -37.9302 0 0 0 1 
				18
				1.38795e-06 -1.33808e-06 -1 1.71052e-05 -0.00079765 -1 1.33697e-06 0.00679614 -1 0.00079765 -1.38901e-06 -38.6714 0 0 0 1 
				19
				1.38793e-06 -1.35774e-06 -1 1.71053e-05 -0.000797649 -1 1.35663e-06 0.0067961 -1 0.000797649 -1.38901e-06 -39.5164 0 0 0 1 
				20
				1.38791e-06 -1.37832e-06 -1 1.71055e-05 -0.00079765 -1 1.37722e-06 0.00679606 -1 0.00079765 -1.38901e-06 -40.3599 0 0 0 1 
				21
				1.3879e-06 -1.39778e-06 -1 1.71056e-05 -0.000797649 -1 1.39667e-06 0.00679602 -1 0.000797649 -1.38901e-06 -41.0964 0 0 0 1 
				22
				1.38789e-06 -1.41398e-06 -1 1.71057e-05 -0.00079765 -1 1.41287e-06 0.00679601 -1 0.00079765 -1.38901e-06 -41.6172 0 0 0 1 
				23
				1.38788e-06 -1.42479e-06 -1 1.71058e-05 -0.000797649 -1 1.42368e-06 0.006796 -1 0.000797649 -1.38901e-06 -41.8135 0 0 0 1 
				24
				1.38787e-06 -1.4305e-06 -1 1.71058e-05 -0.00079765 -1 1.42939e-06 0.00679602 -1 0.00079765 -1.38901e-06 -41.6786 0 0 0 1 
				25
				1.38787e-06 -1.43317e-06 -1 1.71058e-05 -0.000797649 -1 1.43206e-06 0.00679606 -1 0.000797649 -1.38901e-06 -41.3083 0 0 0 1 
				26
				1.38787e-06 -1.43352e-06 -1 1.71059e-05 -0.00079765 -1 1.43241e-06 0.0067961 -1 0.00079765 -1.38901e-06 -40.7575 0 0 0 1 
				27
				1.38787e-06 -1.43224e-06 -1 1.71058e-05 -0.000797649 -1 1.43113e-06 0.00679615 -1 0.000797649 -1.38901e-06 -40.0813 0 0 0 1 
				28
				1.38787e-06 -1.43003e-06 -1 1.71058e-05 -0.00079765 -1 1.42893e-06 0.00679621 -1 0.00079765 -1.38901e-06 -39.333 0 0 0 1 
				29
				1.38787e-06 -1.42758e-06 -1 1.71058e-05 -0.000797649 -1 1.42648e-06 0.00679627 -1 0.000797649 -1.38901e-06 -38.5658 0 0 0 1 
				30
				1.38788e-06 -1.4256e-06 -1 1.71058e-05 -0.00079765 -1 1.42449e-06 0.00679633 -1 0.00079765 -1.38901e-06 -37.8346 0 0 0 1 
				31
				1.38788e-06 -1.42479e-06 -1 1.71058e-05 -0.000797649 -1 1.42368e-06 0.00679638 -1 0.000797649 -1.38901e-06 -37.1945 0 0 0 1 
		</Joint>
			4
				-1
				1.38777e-06 -1.55795e-06 -1 2.89782e-05 -0.00079765 -1 1.55684e-06 0.00258757 -1 0.00079765 -1.38901e-06 -45.7512 0 0 0 1 
				0
				1.38788e-06 -1.4256e-06 -1 2.89778e-05 -0.000797649 -1 1.42449e-06 0.00258752 -1 0.000797649 -1.38901e-06 -46.3636 0 0 0 1 
				1
				1.38777e-06 -1.56074e-06 -1 2.89782e-05 -0.00079765 -1 1.55963e-06 0.00258747 -1 0.00079765 -1.38901e-06 -47.0633 0 0 0 1 
				2
				1.38787e-06 -1.43004e-06 -1 2.89778e-05 -0.000797649 -1 1.42893e-06 0.00258741 -1 0.000797649 -1.38901e-06 -47.7974 0 0 0 1 
				3
				1.38776e-06 -1.5654e-06 -1 2.89782e-05 -0.00079765 -1 1.56429e-06 0.00258736 -1 0.00079765 -1.38901e-06 -48.5135 0 0 0 1 
				4
				1.38776e-06 -1.56667e-06 -1 2.89782e-05 -0.00079765 -1 1.56557e-06 0.00258731 -1 0.00079765 -1.38901e-06 -49.1604 0 0 0 1 
				5
				1.38787e-06 -1.43317e-06 -1 2.89779e-05 -0.000797649 -1 1.43207e-06 0.00258727 -1 0.000797649 -1.38901e-06 -49.6874 0 0 0 1 
				6
				1.38787e-06 -1.4305e-06 -1 2.89779e-05 -0.000797649 -1 1.42939e-06 0.00258724 -1 0.000797649 -1.38901e-06 -50.0417 0 0 0 1 
				7
				1.38788e-06 -1.42479e-06 -1 2.89778e-05 -0.000797649 -1 1.42368e-06 0.00258722 -1 0.000797649 -1.38901e-06 -50.1708 0 0 0 1 
				8
				1.38788e-06 -1.41398e-06 -1 2.89778e-05 -0.000797649 -1 1.41287e-06 0.00258722 -1 0.000797649 -1.38901e-06 -49.9804 0 0 0 1 
				9
				1.3879e-06 -1.39778e-06 -1 2.89778e-05 -0.000797649 -1 1.39667e-06 0.00258724 -1 0.000797649 -1.38901e-06 -49.4756 0 0 0 1 
				10
				1.38781e-06 -1.51148e-06 -1 2.89781e-05 -0.00079765 -1 1.51037e-06 0.00258727 -1 0.00079765 -1.38901e-06 -48.7628 0 0 0 1 
				11
				1.38793e-06 -1.35774e-06 -1 2.89777e-05 -0.000797649 -1 1.35663e-06 0.0025873 -1 0.000797649 -1.38901e-06 -47.9485 0 0 0 1 
				12
				1.38784e-06 -1.47124e-06 -1 2.8978e-05 -0.00079765 -1 1.47013e-06 0.00258734 -1 0.00079765 -1.38901e-06 -47.1358 0 0 0 1 
				13
				1.38796e-06 -1.32141e-06 -1 2.89776e-05 -0.000797649 -1 1.32031e-06 0.00258738 -1 0.000797649 -1.38901e-06 -46.4277 0 0 0 1 
				14
				1.38797e-06 -1.30987e-06 -1 2.89775e-05 -0.000797649 -1 1.30876e-06 0.00258741 -1 0.000797649 -1.38901e-06 -45.9307 0 0 0 1 
				15
				1.38797e-06 -1.30558e-06 -1 2.89775e-05 -0.000797649 -1 1.30447e-06 0.00258741 -1 0.000797649 -1.38901e-06 -45.7512 0 0 0 1 
				16
				1.38797e-06 -1.30987e-06 -1 2.89775e-05 -0.00079765 -1 1.30876e-06 0.0025874 -1 0.00079765 -1.38901e-06 -45.9583 0 0 0 1 
				17
				1.38796e-06 -1.32141e-06 -1 2.89776e-05 -0.000797649 -1 1.32031e-06 0.00258737 -1 0.000797649 -1.38901e-06 -46.4869 0 0 0 1 
				18
				1.38795e-06 -1.33808e-06 -1 2.89776e-05 -0.00079765 -1 1.33697e-06 0.00258734 -1 0.00079765 -1.38901e-06 -47.2281 0 0 0 1 
				19
				1.38793e-06 -1.35774e-06 -1 2.89777e-05 -0.000797649 -1 1.35663e-06 0.00258729 -1 0.000797649 -1.38901e-06 -48.0731 0 0 0 1 
				20
				1.38791e-06 -1.37832e-06 -1 2.89777e-05 -0.00079765 -1 1.37722e-06 0.00258725 -1 0.00079765 -1.38901e-06 -48.9165 0 0 0 1 
				21
				1.3879e-06 -1.39778e-06 -1 2.89778e-05 -0.000797649 -1 1.39667e-06 0.00258722 -1 0.000797649 -1.38901e-06 -49.6531 0 0 0 1 
				22
				1.38789e-06 -1.41398e-06 -1 2.89778e-05 -0.00079765 -1 1.41287e-06 0.0025872 -1 0.00079765 -1.38901e-06 -50.1739 0 0 0 1 
				23
				1.38788e-06 -1.42479e-06 -1 2.89778e-05 -0.000797649 -1 1.42368e-06 0.0025872 -1 0.000797649 -1.38901e-06 -50.3701 0 0 0 1 
				24
				1.38787e-06 -1.4305e-06 -1 2.89779e-05 -0.00079765 -1 1.42939e-06 0.00258722 -1 0.00079765 -1.38901e-06 -50.2352 0 0 0 1 
				25
				1.38787e-06 -1.43317e-06 -1 2.89779e-05 -0.000797649 -1 1.43206e-06 0.00258725 -1 0.000797649 -1.38901e-06 -49.8649 0 0 0 1 
				26
				1.38787e-06 -1.43352e-06 -1 2.89779e-05 -0.00079765 -1 1.43241e-06 0.0025873 -1 0.00079765 -1.38901e-06 -49.3142 0 0 0 1 
				27
				1.38787e-06 -1.43224e-06 -1 2.89779e-05 -0.000797649 -1 1.43113e-06 0.00258735 -1 0.000797649 -1.38901e-06 -48.638 0 0 0 1 
				28
				1.38787e-06 -1.43003e-06 -1 2.89779e-05 -0.00079765 -1 1.42893e-06 0.00258741 -1 0.00079765 -1.38901e-06 -47.8897 0 0 0 1 
				29
				1.38787e-06 -1.42758e-06 -1 2.89778e-05 -0.000797649 -1 1.42648e-06 0.00258747 -1 0.000797649 -1.38901e-06 -47.1224 0 0 0 1 
				30
				1.38788e-06 -1.4256e-06 -1 2.89778e-05 -0.00079765 -1 1.42449e-06 0.00258752 -1 0.00079765 -1.38901e-06 -46.3913 0 0 0 1 
				31
				1.38788e-06 -1.42479e-06 -1 2.89778e-05 -0.000797649 -1 1.42368e-06 0.00258757 -1 0.000797649 -1.38901e-06 -45.7512 0 0 0 1 
		</Joint>
			5
				-1
				1.38685e-06 -1.55684e-06 -1 3.35381e-05 0 -1 1.55684e-06 -3.33567e-05 -1 -2.15911e-12 -1.38685e-06 -49.037 0 0 0 1 
				0
				1.38685e-06 -1.41623e-06 -1 3.35381e-05 0 -1 1.41623e-06 -3.34044e-05 -1 -1.96411e-12 -1.38685e-06 -49.6495 0 0 0 1 
				1
				1.38685e-06 -1.54194e-06 -1 3.35382e-05 0 -1 1.54194e-06 -3.34592e-05 -1 -2.13844e-12 -1.38685e-06 -50.3491 0 0 0 1 
				2
				1.38685e-06 -1.40133e-06 -1 3.35381e-05 0 -1 1.40133e-06 -3.35133e-05 -1 -1.94344e-12 -1.38685e-06 -51.0832 0 0 0 1 
				3
				1.38685e-06 -1.52704e-06 -1 3.35382e-05 0 -1 1.52704e-06 -3.35667e-05 -1 -2.11778e-12 -1.38685e-06 -51.7993 0 0 0 1 
				4
				1.38685e-06 -1.51959e-06 -1 3.35381e-05 0 -1 1.51959e-06 -3.36205e-05 -1 -2.10744e-12 -1.38685e-06 -52.4463 0 0 0 1 
				5
				1.38685e-06 -1.37898e-06 -1 3.35381e-05 0 -1 1.37898e-06 -3.36588e-05 -1 -1.91244e-12 -1.38685e-06 -52.9732 0 0 0 1 
				6
				1.38685e-06 -1.37153e-06 -1 3.35382e-05 0 -1 1.37153e-06 -3.36905e-05 -1 -1.90211e-12 -1.38685e-06 -53.3276 0 0 0 1 
				7
				1.38685e-06 -1.36408e-06 -1 3.35381e-05 0 -1 1.36408e-06 -3.37133e-05 -1 -1.89178e-12 -1.38685e-06 -53.4566 0 0 0 1 
				8
				1.38685e-06 -1.35582e-06 -1 3.35382e-05 0 -1 1.35582e-06 -3.37118e-05 -1 -1.88032e-12 -1.38685e-06 -53.2662 0 0 0 1 
				9
				1.38685e-06 -1.34638e-06 -1 3.35381e-05 0 -1 1.34638e-06 -3.36922e-05 -1 -1.86723e-12 -1.38685e-06 -52.7614 0 0 0 1 
				10
				1.38685e-06 -1.46964e-06 -1 3.35381e-05 0 -1 1.46964e-06 -3.36607e-05 -1 -2.03817e-12 -1.38685e-06 -52.0486 0 0 0 1 
				11
				1.38685e-06 -1.32683e-06 -1 3.35381e-05 0 -1 1.32683e-06 -3.36216e-05 -1 -1.84011e-12 -1.38685e-06 -51.2344 0 0 0 1 
				12
				1.38685e-06 -1.45126e-06 -1 3.35381e-05 0 -1 1.45126e-06 -3.3587e-05 -1 -2.01268e-12 -1.38685e-06 -50.4216 0 0 0 1 
				13
				1.38685e-06 -1.31099e-06 -1 3.35381e-05 0 -1 1.31099e-06 -3.35504e-05 -1 -1.81815e-12 -1.38685e-06 -49.7135 0 0 0 1 
				14
				1.38685e-06 -1.30621e-06 -1 3.35381e-05 0 -1 1.30621e-06 -3.35226e-05 -1 -1.81153e-12 -1.38685e-06 -49.2165 0 0 0 1 
				15
				1.38685e-06 -1.30447e-06 -1 3.35381e-05 0 -1 1.30447e-06 -3.35171e-05 -1 -1.80911e-12 -1.38685e-06 -49.037 0 0 0 1 
				16
				1.38685e-06 -1.30622e-06 -1 3.35382e-05 0 -1 1.30622e-06 -3.35269e-05 -1 -1.81153e-12 -1.38685e-06 -49.2441 0 0 0 1 
				17
				1.38685e-06 -1.31099e-06 -1 3.35381e-05 0 -1 1.31099e-06 -3.35561e-05 -1 -1.81815e-12 -1.38685e-06 -49.7727 0 0 0 1 
				18
				1.38685e-06 -1.3181e-06 -1 3.35382e-05 0 -1 1.3181e-06 -3.35917e-05 -1 -1.82801e-12 -1.38685e-06 -50.5139 0 0 0 1 
				19
				1.38685e-06 -1.32683e-06 -1 3.35381e-05 0 -1 1.32683e-06 -3.36344e-05 -1 -1.84011e-12 -1.38685e-06 -51.3589 0 0 0 1 
				20
				1.38685e-06 -1.33648e-06 -1 3.35382e-05 0 -1 1.33648e-06 -3.36766e-05 -1 -1.8535e-12 -1.38685e-06 -52.2024 0 0 0 1 
				21
				1.38685e-06 -1.34638e-06 -1 3.35381e-05 0 -1 1.34638e-06 -3.37075e-05 -1 -1.86723e-12 -1.38685e-06 -52.9389 0 0 0 1 
				22
				1.38685e-06 -1.35582e-06 -1 3.35382e-05 0 -1 1.35582e-06 -3.37292e-05 -1 -1.88032e-12 -1.38685e-06 -53.4597 0 0 0 1 
				23
				1.38685e-06 -1.36408e-06 -1 3.35381e-05 0 -1 1.36408e-06 -3.37265e-05 -1 -1.89178e-12 -1.38685e-06 -53.6559 0 0 0 1 
				24
				1.38685e-06 -1.37153e-06 -1 3.35381e-05 0 -1 1.37153e-06 -3.37121e-05 -1 -1.90211e-12 -1.38685e-06 -53.521 0 0 0 1 
				25
				1.38685e-06 -1.37898e-06 -1 3.35381e-05 0 -1 1.37898e-06 -3.36729e-05 -1 -1.91244e-12 -1.38685e-06 -53.1507 0 0 0 1 
				26
				1.38685e-06 -1.38643e-06 -1 3.35382e-05 0 -1 1.38643e-06 -3.3634e-05 -1 -1.92277e-12 -1.38685e-06 -52.6 0 0 0 1 
				27
				1.38685e-06 -1.39388e-06 -1 3.35381e-05 0 -1 1.39388e-06 -3.35781e-05 -1 -1.93311e-12 -1.38685e-06 -51.9238 0 0 0 1 
				28
				1.38685e-06 -1.40133e-06 -1 3.35381e-05 0 -1 1.40133e-06 -3.3521e-05 -1 -1.94344e-12 -1.38685e-06 -51.1755 0 0 0 1 
				29
				1.38685e-06 -1.40878e-06 -1 3.35381e-05 0 -1 1.40878e-06 -3.34645e-05 -1 -1.95377e-12 -1.38685e-06 -50.4082 0 0 0 1 
				30
				1.38685e-06 -1.41623e-06 -1 3.35381e-05 0 -1 1.41623e-06 -3.34075e-05 -1 -1.96411e-12 -1.38685e-06 -49.6771 0 0 0 1 
				31
				1.38685e-06 -1.42368e-06 -1 3.35381e-05 0 -1 1.42368e-06 -3.33564e-05 -1 -1.97444e-12 -1.38685e-06 -49.037 0 0 0 1 
		</Joint>
			6
		</Joint>
			7
				-1
				0.950312 -1.23036e-06 -0.3113 1.76724 1.5982e-06 1 9.26503e-07 -2.66833e-05 0.3113 -1.37798e-06 0.950312 -45.7512 0 0 0 1 
				0
				0.950312 -1.36274e-06 -0.3113 1.76724 1.72396e-06 1 8.85186e-07 -2.65011e-05 0.3113 -1.37787e-06 0.950312 -46.3636 0 0 0 1 
				1
				0.950312 -1.22757e-06 -0.3113 1.76724 1.59554e-06 1 9.27372e-07 -2.67947e-05 0.3113 -1.37798e-06 0.950312 -47.0633 0 0 0 1 
				2
				0.950312 -1.35831e-06 -0.3113 1.76724 1.71975e-06 1 8.86567e-07 -2.66177e-05 0.3113 -1.37787e-06 0.950312 -47.7974 0 0 0 1 
				3
				0.950312 -1.22291e-06 -0.3113 1.76724 1.59112e-06 1 9.28822e-07 -2.69102e-05 0.3113 -1.37798e-06 0.950312 -48.5134 0 0 0 1 
				4
				0.950312 -1.22164e-06 -0.3113 1.76724 1.5899e-06 1 9.29219e-07 -2.69662e-05 0.3113 -1.37798e-06 0.950312 -49.1604 0 0 0 1 
				5
				0.950312 -1.35517e-06 -0.3113 1.76724 1.71677e-06 1 8.87543e-07 -2.67709e-05 0.3113 -1.37787e-06 0.950312 -49.6874 0 0 0 1 
				6
				0.950312 -1.35784e-06 -0.3113 1.76724 1.71931e-06 1 8.86711e-07 -2.67968e-05 0.3113 -1.37787e-06 0.950312 -50.0417 0 0 0 1 
				7
				0.950312 -1.36355e-06 -0.3113 1.76724 1.72473e-06 1 8.84934e-07 -2.68047e-05 0.3113 -1.37787e-06 0.950312 -50.1708 0 0 0 1 
				8
				0.950312 -1.37436e-06 -0.3113 1.76724 1.735e-06 1 8.81569e-07 -2.67881e-05 0.3113 -1.37787e-06 0.950312 -49.9804 0 0 0 1 
				9
				0.950312 -1.39056e-06 -0.3113 1.76724 1.7504e-06 1 8.76526e-07 -2.67375e-05 0.3113 -1.37787e-06 0.950312 -49.4756 0 0 0 1 
				10
				0.950312 -1.27683e-06 -0.3113 1.76724 1.64235e-06 1 9.12038e-07 -2.69079e-05 0.3113 -1.37798e-06 0.950312 -48.7628 0 0 0 1 
				11
				0.950312 -1.43061e-06 -0.3113 1.76724 1.78845e-06 1 8.6406e-07 -2.66019e-05 0.3113 -1.37787e-06 0.950312 -47.9485 0 0 0 1 
				12
				0.950312 -1.31708e-06 -0.3113 1.76724 1.6806e-06 1 8.99509e-07 -2.67638e-05 0.3113 -1.37798e-06 0.950312 -47.1358 0 0 0 1 
				13
				0.950312 -1.46693e-06 -0.3113 1.76724 1.82297e-06 1 8.52753e-07 -2.64626e-05 0.3113 -1.37787e-06 0.950312 -46.4277 0 0 0 1 
				14
				0.950312 -1.47847e-06 -0.3113 1.76724 1.83394e-06 1 8.4916e-07 -2.64145e-05 0.3113 -1.37787e-06 0.950312 -45.9307 0 0 0 1 
				15
				0.950312 -1.48276e-06 -0.3113 1.76724 1.83802e-06 1 8.47824e-07 -2.64016e-05 0.3113 -1.37787e-06 0.950312 -45.7512 0 0 0 1 
				16
				0.950312 -1.47844e-06 -0.3113 1.76724 1.83395e-06 1 8.49277e-07 -2.64188e-05 0.3113 -1.37798e-06 0.950312 -45.9583 0 0 0 1 
				17
				0.950312 -1.46693e-06 -0.3113 1.76724 1.82297e-06 1 8.52753e-07 -2.64664e-05 0.3113 -1.37787e-06 0.950312 -46.4869 0 0 0 1 
				18
				0.950312 -1.45023e-06 -0.3113 1.76724 1.80714e-06 1 8.58057e-07 -2.65327e-05 0.3113 -1.37798e-06 0.950312 -47.2281 0 0 0 1 
				19
				0.950312 -1.43061e-06 -0.3113 1.76724 1.78845e-06 1 8.6406e-07 -2.66111e-05 0.3113 -1.37787e-06 0.950312 -48.0731 0 0 0 1 
				20
				0.950312 -1.40999e-06 -0.3113 1.76724 1.76889e-06 1 8.70586e-07 -2.66886e-05 0.3113 -1.37798e-06 0.950312 -48.9165 0 0 0 1 
				21
				0.950312 -1.39056e-06 -0.3113 1.76724 1.7504e-06 1 8.76526e-07 -2.67551e-05 0.3113 -1.37787e-06 0.950312 -49.6531 0 0 0 1 
				22
				0.950312 -1.37433e-06 -0.3113 1.76724 1.73501e-06 1 8.81685e-07 -2.68029e-05 0.3113 -1.37798e-06 0.950312 -50.1738 0 0 0 1 
				23
				0.950312 -1.36355e-06 -0.3113 1.76724 1.72473e-06 1 8.84934e-07 -2.68216e-05 0.3113 -1.37787e-06 0.950312 -50.3701 0 0 0 1 
				24
				0.950312 -1.35781e-06 -0.3113 1.76724 1.71931e-06 1 8.86828e-07 -2.68148e-05 0.3113 -1.37798e-06 0.950312 -50.2352 0 0 0 1 
				25
				0.950312 -1.35517e-06 -0.3113 1.76724 1.71677e-06 1 8.87543e-07 -2.67854e-05 0.3113 -1.37787e-06 0.950312 -49.8649 0 0 0 1 
				26
				0.950312 -1.3548e-06 -0.3113 1.76724 1.71644e-06 1 8.87767e-07 -2.67411e-05 0.3113 -1.37798e-06 0.950312 -49.3142 0 0 0 1 
				27
				0.950312 -1.3561e-06 -0.3113 1.76724 1.71765e-06 1 8.87253e-07 -2.66864e-05 0.3113 -1.37787e-06 0.950312 -48.638 0 0 0 1 
				28
				0.950312 -1.35828e-06 -0.3113 1.76724 1.71975e-06 1 8.86683e-07 -2.66245e-05 0.3113 -1.37798e-06 0.950312 -47.8897 0 0 0 1 
				29
				0.950312 -1.36076e-06 -0.3113 1.76724 1.72208e-06 1 8.85804e-07 -2.65625e-05 0.3113 -1.37787e-06 0.950312 -47.1224 0 0 0 1 
				30
				0.950312 -1.36271e-06 -0.3113 1.76724 1.72397e-06 1 8.85302e-07 -2.65043e-05 0.3113 -1.37798e-06 0.950312 -46.3913 0 0 0 1 
				31
				0.950312 -1.36355e-06 -0.3113 1.76724 1.72473e-06 1 8.84934e-07 -2.64478e-05 0.3113 -1.37787e-06 0.950312 -45.7512 0 0 0 1 
		</Joint>
			8
				-1
				0.131636 -0.072 -0.98868 8.73671 -0.688527 0.710883 -0.143442 -1.49624e-05 0.713163 0.699615 0.0440036 -43.4681 0 0 0 1 
				0
				0.128087 -0.0766398 -0.988797 8.7367 -0.590894 0.794832 -0.13815 -1.38578e-05 0.796516 0.60197 0.0565219 -44.0806 0 0 0 1 
				1
				0.123768 -0.0808796 -0.98901 8.73671 -0.48126 0.866718 -0.131105 -1.50932e-05 0.867796 0.492197 0.0683482 -44.7802 0 0 0 1 
				2
				0.118909 -0.0845341 -0.9893 8.73671 -0.362329 0.923965 -0.122501 -1.40053e-05 0.924434 0.373019 0.0792383 -45.5144 0 0 0 1 
				3
				0.11378 -0.0874912 -0.989646 8.7367 -0.237472 0.964846 -0.112601 -1.52412e-05 0.964708 0.247825 0.0890032 -46.2304 0 0 0 1 
				4
				0.108384 -0.0897346 -0.990051 8.73671 -0.110387 0.988672 -0.101694 -1.5306e-05 0.987961 0.120311 0.0972511 -46.8774 0 0 0 1 
				5
				0.102849 -0.0912315 -0.990504 8.73671 0.0153705 0.995812 -0.0901243 -1.41803e-05 0.994578 -0.00595535 0.103821 -47.4044 0 0 0 1 
				6
				0.0973773 -0.0920178 -0.990985 8.73671 0.136185 0.987583 -0.07832 -1.41877e-05 0.985886 -0.12733 0.1087 -47.7587 0 0 0 1 
				7
				0.0920254 -0.0921688 -0.991482 8.73671 0.24886 0.966238 -0.0667239 -1.41557e-05 0.964158 -0.2406 0.111856 -47.8878 0 0 0 1 
				8
				0.0866995 -0.0917551 -0.992 8.73671 0.360646 0.931103 -0.0546024 -1.40638e-05 0.928664 -0.353027 0.113817 -47.6973 0 0 0 1 
				9
				0.0810948 -0.0906528 -0.992575 8.7367 0.474504 0.879273 -0.0415371 -1.39003e-05 0.87651 -0.467613 0.11432 -47.1925 0 0 0 1 
				10
				0.0756637 -0.0888788 -0.993164 8.73671 0.581542 0.813018 -0.028453 -1.4863e-05 0.80999 -0.575414 0.113203 -46.4798 0 0 0 1 
				11
				0.0706336 -0.0865431 -0.993741 8.73671 0.674682 0.737928 -0.0163095 -1.34856e-05 0.734721 -0.669307 0.110512 -45.6655 0 0 0 1 
				12
				0.0664218 -0.0839805 -0.994251 8.73671 0.749435 0.662052 -0.00585426 -1.44385e-05 0.658738 -0.744738 0.106913 -44.8528 0 0 0 1 
				13
				0.0633077 -0.0816324 -0.99465 8.7367 0.803852 0.594824 0.00234563 -1.30932e-05 0.59145 -0.7997 0.103277 -44.1447 0 0 0 1 
				14
				0.0612928 -0.0798677 -0.994919 8.73671 0.837714 0.546053 0.00777334 -1.29646e-05 0.542658 -0.833935 0.100375 -43.6477 0 0 0 1 
				15
				0.0604541 -0.0790654 -0.995035 8.73671 0.851151 0.524825 0.0100097 -1.29218e-05 0.521428 -0.84753 0.0990245 -43.4681 0 0 0 1 
				16
				0.0608722 -0.0794425 -0.994979 8.73671 0.844613 0.535302 0.00893261 -1.29688e-05 0.531905 -0.840916 0.0996833 -43.6753 0 0 0 1 
				17
				0.06238 -0.080781 -0.994778 8.7367 0.819814 0.572609 0.00490973 -1.3097e-05 0.569222 -0.815839 0.101945 -44.2039 0 0 0 1 
				18
				0.0648882 -0.0827796 -0.994453 8.73671 0.77699 0.629511 -0.0017026 -1.32794e-05 0.62616 -0.77257 0.105167 -44.9451 0 0 0 1 
				19
				0.0683932 -0.0851329 -0.99402 8.73671 0.71607 0.697949 -0.0105069 -1.34948e-05 0.69467 -0.711069 0.108696 -45.7901 0 0 0 1 
				20
				0.0727031 -0.0874629 -0.993511 8.73671 0.6379 0.76983 -0.0210911 -1.37157e-05 0.766679 -0.632228 0.111762 -46.6335 0 0 0 1 
				21
				0.0775101 -0.0894425 -0.992971 8.7367 0.545144 0.837697 -0.0329028 -1.39179e-05 0.834752 -0.538762 0.113689 -47.37 0 0 0 1 
				22
				0.0826492 -0.0909179 -0.992423 8.7367 0.442631 0.895565 -0.0451821 -1.40785e-05 0.892887 -0.435543 0.114261 -47.8908 0 0 0 1 
				23
				0.0878331 -0.0918088 -0.991895 8.7367 0.336992 0.939772 -0.0571434 -1.41726e-05 0.937402 -0.329242 0.113482 -48.0871 0 0 0 1 
				24
				0.0933452 -0.0921654 -0.991359 8.73671 0.224119 0.972097 -0.0692718 -1.42056e-05 0.970081 -0.215716 0.111397 -47.9522 0 0 0 1 
				25
				0.099181 -0.0918414 -0.990822 8.7367 0.0971493 0.991868 -0.0822138 -1.41948e-05 0.990316 -0.0881036 0.107297 -47.5819 0 0 0 1 
				26
				0.10527 -0.0906812 -0.990301 8.7367 -0.0396883 0.994657 -0.095299 -1.41529e-05 0.993651 0.0493355 0.101108 -47.0311 0 0 0 1 
				27
				0.111381 -0.0885818 -0.989822 8.73671 -0.181236 0.977505 -0.107873 -1.40894e-05 0.977112 0.191407 0.0928211 -46.355 0 0 0 1 
				28
				0.117243 -0.0855783 -0.989409 8.73671 -0.322314 0.93907 -0.119418 -1.40121e-05 0.939344 0.332902 0.0825165 -45.6066 0 0 0 1 
				29
				0.122807 -0.0816931 -0.989063 8.7367 -0.457196 0.879895 -0.129444 -1.3933e-05 0.880846 0.468092 0.0707073 -44.8394 0 0 0 1 
				30
				0.127719 -0.0770701 -0.988811 8.73671 -0.580608 0.802482 -0.137541 -1.3861e-05 0.804103 0.591678 0.0577444 -44.1082 0 0 0 1 
				31
				0.131636 -0.0720001 -0.98868 8.73671 -0.688527 0.710883 -0.143442 -1.37988e-05 0.713163 0.699615 0.0440035 -43.4681 0 0 0 1 
		</Joint>
			9
				-1
				0.0770685 0.128734 -0.98868 9.8418 -0.737141 -0.660339 -0.143442 -5.78027 -0.67133 0.739851 0.0440036 -37.4811 0 0 0 1 
				0
				0.0765219 0.128158 -0.988797 9.81201 -0.794288 -0.591626 -0.13815 -4.96063 -0.602703 0.795962 0.0565219 -37.3938 0 0 0 1 
				1
				0.0756651 0.127023 -0.98901 9.77575 -0.845965 -0.51687 -0.131105 -4.04024 -0.527843 0.846587 0.0683482 -37.495 0 0 0 1 
				2
				0.0744405 0.125475 -0.9893 9.73496 -0.890939 -0.437289 -0.122501 -3.0418 -0.447981 0.890525 0.0792383 -37.7537 0 0 0 1 
				3
				0.0728249 0.123681 -0.989646 9.6919 -0.928291 -0.354397 -0.112601 -1.99361 -0.364654 0.92688 0.0890032 -38.1316 0 0 0 1 
				4
				0.0708912 0.121548 -0.990051 9.6466 -0.957509 -0.26988 -0.101694 -0.926724 -0.279556 0.955191 0.0972511 -38.5834 0 0 0 1 
				5
				0.0686714 0.119103 -0.990504 9.60014 -0.978538 -0.18531 -0.0901243 0.129023 -0.194285 0.975436 0.103821 -39.0548 0 0 0 1 
				6
				0.0662287 0.116462 -0.990984 9.5542 -0.991644 -0.102511 -0.07832 1.14327 -0.110708 0.987891 0.1087 -39.4821 0 0 0 1 
				7
				0.0636712 0.113621 -0.991482 9.50927 -0.9975 -0.0232665 -0.0667239 2.08919 -0.0306496 0.993252 0.111856 -39.7936 0 0 0 1 
				8
				0.0607877 0.110638 -0.992 9.46455 -0.996816 0.0581053 -0.0546024 3.02765 0.0515994 0.992161 0.113817 -39.9011 0 0 0 1 
				9
				0.0574104 0.10723 -0.992575 9.4175 -0.988589 0.144797 -0.041537 3.98349 0.139268 0.983634 0.11432 -39.8342 0 0 0 1 
				10
				0.0536822 0.103647 -0.993164 9.37191 -0.972523 0.231061 -0.028453 4.88209 0.226533 0.967403 0.113203 -39.6799 0 0 0 1 
				11
				0.0498346 0.0999766 -0.993741 9.32968 -0.950111 0.311484 -0.0163094 5.664 0.307904 0.944977 0.110512 -39.4975 0 0 0 1 
				12
				0.0461479 0.0966176 -0.994251 9.29432 -0.924434 0.381298 -0.00585427 6.29156 0.37854 0.919389 0.106913 -39.3226 0 0 0 1 
				13
				0.0429764 0.0939401 -0.99465 9.26818 -0.899726 0.436449 0.00234566 6.7484 0.434334 0.894812 0.103277 -39.1794 0 0 0 1 
				14
				0.0407065 0.0920795 -0.994919 9.25126 -0.880821 0.473385 0.00777337 7.03267 0.471695 0.87603 0.100375 -39.092 0 0 0 1 
				15
				0.0397129 0.091263 -0.995035 9.24422 -0.872369 0.488745 0.0100098 7.14548 0.487232 0.86764 0.0990245 -39.0907 0 0 0 1 
				16
				0.0401724 0.0916664 -0.994979 9.24773 -0.876606 0.481126 0.00893261 7.09059 0.479529 0.871846 0.0996833 -39.2099 0 0 0 1 
				17
				0.0418639 0.0930819 -0.994778 9.26039 -0.891321 0.453346 0.00490976 6.8824 0.451435 0.886461 0.101945 -39.4252 0 0 0 1 
				18
				0.0444882 0.0953087 -0.994453 9.28145 -0.912834 0.408328 -0.0017026 6.52289 0.4059 0.907846 0.105167 -39.6884 0 0 0 1 
				19
				0.0477241 0.0982225 -0.99402 9.31087 -0.937074 0.348973 -0.0105069 6.01146 0.345854 0.931971 0.108696 -39.9582 0 0 0 1 
				20
				0.0512653 0.101525 -0.993511 9.34705 -0.960214 0.278467 -0.0210911 5.35522 0.274519 0.955065 0.111762 -40.1972 0 0 0 1 
				21
				0.0548495 0.104878 -0.992971 9.38741 -0.979131 0.200551 -0.0329028 4.57652 0.195691 0.974054 0.113689 -40.3622 0 0 0 1 
				22
				0.0582531 0.108183 -0.992423 9.43055 -0.991797 0.119571 -0.0451821 3.71591 0.113777 0.986914 0.114261 -40.395 0 0 0 1 
				23
				0.0613102 0.111286 -0.991895 9.47407 -0.997554 0.0402564 -0.0571434 2.82907 0.0335708 0.992973 0.113482 -40.2175 0 0 0 1 
				24
				0.064182 0.114405 -0.991359 9.52035 -0.996752 -0.0410793 -0.0692718 1.88149 -0.0486494 0.992585 0.111397 -39.8083 0 0 0 1 
				25
				0.0670418 0.117376 -0.990822 9.56934 -0.988152 -0.129598 -0.0822138 0.815563 -0.138059 0.984595 0.107297 -39.2681 0 0 0 1 
				26
				0.0697 0.120194 -0.990301 9.62045 -0.970255 -0.222538 -0.095299 -0.333201 -0.231834 0.967487 0.101108 -38.6893 0 0 0 1 
				27
