<?xml version='1.0' encoding='UTF-8' ?>
<itpanim>
	<skeleton count>
		25
			0 -1
			1.37091e-06 -1 -6.12323e-17 1e-06 1 1.37091e-06 -6.12323e-17 -1.37266e-12 6.12323e-17 -6.12323e-17 1 28.5847 0 0 0 1 
			1 0
			1.3868e-06 -2.28068e-12 -1 -28.5847 2.75771e-06 -1 6.10495e-12 1.00011e-06 -1 -2.75771e-06 -1.3868e-06 -3.96413e-05 0 0 0 1 
			2 1
			-0.000205999 -0.000823318 -1 -32.3694 -1.2413e-06 -1 0.000823318 0.0334634 -1 1.41091e-06 0.000205998 0.006668 0 0 0 1 
			3 2
			-0.000383998 -0.00100932 -0.999999 -40.926 -1.01137e-06 -0.999999 0.00100932 0.0478891 -1 1.39895e-06 0.000383997 0.0139528 0 0 0 1 
			4 3
			-0.000383998 -0.00100932 -0.999999 -49.4827 -1.01137e-06 -0.999999 0.00100932 0.0505055 -1 1.39895e-06 0.000383997 0.0139528 0 0 0 1 
			5 4
			1.34309e-06 9.82436e-13 -1 -52.7685 -1.40269e-06 -1 -2.86637e-12 -0.00275479 -1 1.40269e-06 -1.34309e-06 -0.00638105 0 0 0 1 
			6 5
			1 -0 0 0 0 1 0 0 -0 -0 1 -0 0 0 0 1 
			7 4
			0.950432 6.75818e-05 0.310933 13.7112 -1.42282e-06 1 -0.000213002 -0.00848516 -0.310933 0.000202002 0.950432 47.5785 0 0 0 1 
			8 7
			0.476976 0.0235792 0.8786 37.3074 0.0457757 0.997617 -0.0516241 -2.835 -0.877724 0.064842 0.47476 30.0749 0 0 0 1 
			9 8
			0.476835 0.0205565 0.878752 28.9208 0.0472206 0.997684 -0.0489619 -2.74739 -0.877724 0.064842 0.47476 30.0749 0 0 0 1 
			10 9
			0.476835 0.0205565 0.878752 20.0548 -0.877686 0.0656364 0.474721 30.0727 -0.0479195 -0.997632 0.0493399 2.77133 0 0 0 1 
			11 4
			-0.950193 6.50589e-05 0.311663 13.7378 -1.39561e-06 1 -0.000213002 -0.00848516 -0.311663 -0.000202828 -0.950193 -47.5698 0 0 0 1 
			12 11
			-0.476976 0.0235779 0.8786 37.2976 -0.0457784 0.997617 -0.0516241 -2.83503 -0.877723 -0.0648444 -0.47476 -30.0791 0 0 0 1 
			13 12
			-0.476835 0.0205552 0.878752 28.9109 -0.0472234 0.997684 -0.0489619 -2.74745 -0.877723 -0.0648444 -0.47476 -30.0791 0 0 0 1 
			14 13
			-0.476835 0.0205552 0.878752 20.045 0.877685 0.0656388 0.474721 30.0769 -0.0479222 0.997632 -0.0493399 -2.7714 0 0 0 1 
			15 2
			1.37369e-06 -0.0998331 0.995004 28.4419 0 -0.995004 -0.0998331 -2.8537 1 1.3714e-07 -1.36683e-06 -5.53938 0 0 0 1 
			16 15
			1.37369e-06 0.0998335 0.995004 16.029 0 -0.995004 0.0998335 0.337498 1 -1.3714e-07 -1.36683e-06 -5.53938 0 0 0 1 
			17 16
			1.3716e-06 -6.00745e-14 1 3.38056 0 -1 -6.00745e-14 5.01e-06 1 8.23984e-20 -1.3716e-06 -5.53938 0 0 0 1 
			18 17
			1.3716e-06 -1 -6.12323e-17 -7.15885 0 6.12323e-17 -1 -0.467524 1 1.3716e-06 8.39865e-23 -5.53938 0 0 0 1 
			19 18
			1 -0 0 0 0 1 0 0 -0 -0 1 -0 0 0 0 1 
			20 2
			1.37369e-06 -0.0998331 0.995004 28.4419 0 -0.995004 -0.0998331 -2.8537 1 1.3714e-07 -1.36683e-06 5.53939 0 0 0 1 
			21 20
			1.37369e-06 0.0998335 0.995004 16.029 0 -0.995004 0.0998335 0.337498 1 -1.3714e-07 -1.36683e-06 5.53939 0 0 0 1 
			22 21
			1.3716e-06 -6.00745e-14 1 3.38056 0 -1 -6.00745e-14 5.01e-06 1 8.23984e-20 -1.3716e-06 5.53939 0 0 0 1 
			23 22
			1.3716e-06 -1 -6.12323e-17 -7.15885 0 6.12323e-17 -1 -0.467524 1 1.3716e-06 8.39865e-23 5.53939 0 0 0 1 
			24 23
			1 -0 0 0 0 1 0 0 -0 -0 1 -0 0 0 0 1 
	</skeleton>
		<animations>
			17
			0
				-1
				1.33158e-06 1 0 0 -1 1.33158e-06 0 9.75445e-07 -0 -0 1 -28.7436 0 0 0 1 
				0
				1.33158e-06 1 0 0 -1 1.33158e-06 0 9.47989e-07 -0 -0 1 -28.5098 0 0 0 1 
				1
				1.33158e-06 1 0 0 -1 1.33158e-06 0 9.19839e-07 -0 -0 1 -28.2627 0 0 0 1 
				2
				1.33158e-06 1 0 0 -1 1.33158e-06 0 8.93013e-07 -0 -0 1 -28.041 0 0 0 1 
				3
				1.33158e-06 1 0 0 -1 1.33158e-06 0 8.69529e-07 -0 -0 1 -27.8836 0 0 0 1 
				4
				1.33158e-06 1 0 0 -1 1.33158e-06 0 8.47512e-07 -0 -0 1 -27.8436 0 0 0 1 
				5
				1.33158e-06 1 0 0 -1 1.33158e-06 0 8.26611e-07 -0 -0 1 -27.8882 0 0 0 1 
				6
				1.33158e-06 1 0 0 -1 1.33158e-06 0 8.11282e-07 -0 -0 1 -27.9193 0 0 0 1 
				7
				1.46474e-06 1 0 0 -1 1.46474e-06 0 8.05979e-07 -0 -0 1 -27.8387 0 0 0 1 
				8
				1.46474e-06 1 0 0 -1 1.46474e-06 0 8.13895e-07 -0 -0 1 -27.6283 0 0 0 1 
				9
				1.46474e-06 1 0 0 -1 1.46474e-06 0 8.32128e-07 -0 -0 1 -27.3369 0 0 0 1 
				10
				1.46474e-06 1 0 0 -1 1.46474e-06 0 8.5538e-07 -0 -0 1 -26.9734 0 0 0 1 
				11
				1.46474e-06 1 0 0 -1 1.46474e-06 0 8.78355e-07 -0 -0 1 -26.5465 0 0 0 1 
				12
				1.46474e-06 1 0 0 -1 1.46474e-06 0 9.00881e-07 -0 -0 1 -26.0331 0 0 0 1 
				13
				1.46474e-06 1 0 0 -1 1.46474e-06 0 9.25356e-07 -0 -0 1 -25.4361 0 0 0 1 
				14
				1.46474e-06 1 0 0 -1 1.46474e-06 0 9.50603e-07 -0 -0 1 -24.8058 0 0 0 1 
				15
				1.46474e-06 1 0 0 -1 1.46474e-06 0 9.75445e-07 -0 -0 1 -24.193 0 0 0 1 
		</Joint>
			1
				-1
				1.33158e-06 2.66316e-06 -1 0 0 -1 -2.66316e-06 9.75445e-07 -1 3.54621e-12 -1.33158e-06 -28.7436 0 0 0 1 
				0
				1.33158e-06 2.66316e-06 -1 0 0 -1 -2.66316e-06 9.47989e-07 -1 3.54621e-12 -1.33158e-06 -28.5098 0 0 0 1 
				1
				1.33158e-06 2.66316e-06 -1 0 0 -1 -2.66316e-06 9.19839e-07 -1 3.54621e-12 -1.33158e-06 -28.2627 0 0 0 1 
				2
				1.33158e-06 2.66316e-06 -1 0 0 -1 -2.66316e-06 8.93013e-07 -1 3.54621e-12 -1.33158e-06 -28.041 0 0 0 1 
				3
				1.33158e-06 2.66316e-06 -1 0 0 -1 -2.66316e-06 8.69529e-07 -1 3.54621e-12 -1.33158e-06 -27.8836 0 0 0 1 
				4
				1.33158e-06 2.66316e-06 -1 0 0 -1 -2.66316e-06 8.47512e-07 -1 3.54621e-12 -1.33158e-06 -27.8436 0 0 0 1 
				5
				1.33158e-06 2.66316e-06 -1 0 0 -1 -2.66316e-06 8.26611e-07 -1 3.54621e-12 -1.33158e-06 -27.8882 0 0 0 1 
				6
				1.33158e-06 2.66316e-06 -1 0 0 -1 -2.66316e-06 8.11282e-07 -1 3.54621e-12 -1.33158e-06 -27.9193 0 0 0 1 
				7
				1.33158e-06 2.79632e-06 -1 0 0 -1 -2.79632e-06 8.05979e-07 -1 3.72352e-12 -1.33158e-06 -27.8387 0 0 0 1 
				8
				1.33158e-06 2.79632e-06 -1 0 0 -1 -2.79632e-06 8.13895e-07 -1 3.72352e-12 -1.33158e-06 -27.6283 0 0 0 1 
				9
				1.33158e-06 2.79632e-06 -1 0 0 -1 -2.79632e-06 8.32128e-07 -1 3.72352e-12 -1.33158e-06 -27.3369 0 0 0 1 
				10
				1.33158e-06 2.79632e-06 -1 0 0 -1 -2.79632e-06 8.5538e-07 -1 3.72352e-12 -1.33158e-06 -26.9734 0 0 0 1 
				11
				1.33158e-06 2.79632e-06 -1 0 0 -1 -2.79632e-06 8.78355e-07 -1 3.72352e-12 -1.33158e-06 -26.5465 0 0 0 1 
				12
				1.33158e-06 2.79632e-06 -1 0 0 -1 -2.79632e-06 9.00881e-07 -1 3.72352e-12 -1.33158e-06 -26.0331 0 0 0 1 
				13
				1.33158e-06 2.79632e-06 -1 0 0 -1 -2.79632e-06 9.25356e-07 -1 3.72352e-12 -1.33158e-06 -25.4361 0 0 0 1 
				14
				1.33158e-06 2.79632e-06 -1 0 0 -1 -2.79632e-06 9.50603e-07 -1 3.72352e-12 -1.33158e-06 -24.8058 0 0 0 1 
				15
				1.33158e-06 2.79632e-06 -1 0 0 -1 -2.79632e-06 9.75445e-07 -1 3.72352e-12 -1.33158e-06 -24.193 0 0 0 1 
		</Joint>
			2
				-1
				-0.000201565 -1.28234e-06 -1 5.23894e-06 -0.0008487 -1 1.45341e-06 0.00680798 -1 0.0008487 0.000201564 -32.5283 0 0 0 1 
				0
				-0.000176196 -1.31363e-06 -1 5.23909e-06 -0.000842319 -1 1.46204e-06 0.00680796 -1 0.000842319 0.000176195 -32.2945 0 0 0 1 
				1
				-0.000150827 -1.34476e-06 -1 5.23923e-06 -0.000835937 -1 1.47084e-06 0.00680794 -1 0.000835938 0.000150826 -32.0474 0 0 0 1 
				2
				-0.000125458 -1.37573e-06 -1 5.23938e-06 -0.000829556 -1 1.4798e-06 0.00680792 -1 0.000829556 0.000125457 -31.8257 0 0 0 1 
				3
				-0.000100089 -1.40654e-06 -1 5.23952e-06 -0.000823175 -1 1.48893e-06 0.00680791 -1 0.000823175 0.000100087 -31.6683 0 0 0 1 
				4
				-7.23792e-05 -1.44e-06 -1 5.23967e-06 -0.000816205 -1 1.49908e-06 0.00680789 -1 0.000816205 7.2378e-05 -31.6282 0 0 0 1 
				5
				-4.30081e-05 -1.47526e-06 -1 5.23986e-06 -0.000808817 -1 1.51004e-06 0.00680786 -1 0.000808817 4.30069e-05 -31.6729 0 0 0 1 
				6
				-1.68082e-05 -1.50653e-06 -1 5.24e-06 -0.000802227 -1 1.52001e-06 0.00680785 -1 0.000802227 1.6807e-05 -31.704 0 0 0 1 
				7
				1.3879e-06 -1.39499e-06 -1 5.2392e-06 -0.000797649 -1 1.39388e-06 0.00680784 -1 0.000797649 -1.38901e-06 -31.6234 0 0 0 1 
				8
				8.56102e-06 -1.40349e-06 -1 5.23924e-06 -0.000795845 -1 1.39668e-06 0.00680786 -1 0.000795845 -8.56213e-06 -31.413 0 0 0 1 
				9
				7.73018e-06 -1.4025e-06 -1 5.23923e-06 -0.000796054 -1 1.39635e-06 0.00680789 -1 0.000796054 -7.73129e-06 -31.1216 0 0 0 1 
				10
				3.7282e-06 -1.39776e-06 -1 5.23921e-06 -0.000797061 -1 1.39479e-06 0.00680793 -1 0.000797061 -3.72931e-06 -30.758 0 0 0 1 
				11
				1.3879e-06 -1.39499e-06 -1 5.2392e-06 -0.000797649 -1 1.39388e-06 0.00680797 -1 0.000797649 -1.38901e-06 -30.3312 0 0 0 1 
				12
				1.3879e-06 -1.39499e-06 -1 5.2392e-06 -0.000797649 -1 1.39388e-06 0.00680802 -1 0.000797649 -1.38901e-06 -29.8178 0 0 0 1 
				13
				1.3879e-06 -1.39499e-06 -1 5.2392e-06 -0.00079765 -1 1.39388e-06 0.00680807 -1 0.00079765 -1.38901e-06 -29.2208 0 0 0 1 
				14
				1.3879e-06 -1.39499e-06 -1 5.23919e-06 -0.000797649 -1 1.39388e-06 0.00680812 -1 0.000797649 -1.38901e-06 -28.5905 0 0 0 1 
				15
				1.3879e-06 -1.39499e-06 -1 5.2392e-06 -0.000797649 -1 1.39388e-06 0.00680817 -1 0.000797649 -1.38901e-06 -27.9777 0 0 0 1 
		</Joint>
			3
				-1
				-0.000413965 -1.06196e-06 -1 -0.0017195 -0.000821564 -1 1.40205e-06 0.00635939 -1 0.000821565 0.000413964 -41.0849 0 0 0 1 
				0
				-0.000362046 -1.1236e-06 -1 -0.00150242 -0.000818575 -1 1.41997e-06 0.00641397 -1 0.000818575 0.000362045 -40.8511 0 0 0 1 
				1
				-0.000310127 -1.18535e-06 -1 -0.00128534 -0.000815585 -1 1.43829e-06 0.00646856 -1 0.000815586 0.000310126 -40.604 0 0 0 1 
				2
				-0.000258208 -1.2472e-06 -1 -0.00106827 -0.000812596 -1 1.45702e-06 0.00652314 -1 0.000812596 0.000258206 -40.3824 0 0 0 1 
				3
				-0.000206288 -1.30915e-06 -1 -0.000851195 -0.000809607 -1 1.47616e-06 0.00657773 -1 0.000809607 0.000206287 -40.225 0 0 0 1 
				4
				-0.00014958 -1.37693e-06 -1 -0.000614094 -0.000806342 -1 1.49754e-06 0.00663735 -1 0.000806342 0.000149579 -40.1849 0 0 0 1 
				5
				-8.94706e-05 -1.4489e-06 -1 -0.000362775 -0.000802881 -1 1.52074e-06 0.00670054 -1 0.000802881 8.94694e-05 -40.2295 0 0 0 1 
				6
				-3.58512e-05 -1.51322e-06 -1 -0.000138591 -0.000799794 -1 1.54189e-06 0.00675691 -1 0.000799794 3.58499e-05 -40.2607 0 0 0 1 
				7
				1.38788e-06 -1.42479e-06 -1 1.71058e-05 -0.000797649 -1 1.42368e-06 0.00679607 -1 0.000797649 -1.38901e-06 -40.1801 0 0 0 1 
				8
				1.6068e-05 -1.44356e-06 -1 7.84838e-05 -0.000796804 -1 1.43076e-06 0.00681154 -1 0.000796804 -1.60691e-05 -39.9697 0 0 0 1 
				9
				1.43676e-05 -1.44039e-06 -1 7.13746e-05 -0.000796902 -1 1.42894e-06 0.00680978 -1 0.000796902 -1.43688e-05 -39.6782 0 0 0 1 
				10
				6.17741e-06 -1.43091e-06 -1 3.7131e-05 -0.000797374 -1 1.42599e-06 0.0068012 -1 0.000797374 -6.17855e-06 -39.3147 0 0 0 1 
				11
				1.38788e-06 -1.42479e-06 -1 1.71058e-05 -0.000797649 -1 1.42368e-06 0.00679621 -1 0.000797649 -1.38901e-06 -38.8879 0 0 0 1 
				12
				1.38788e-06 -1.42479e-06 -1 1.71058e-05 -0.000797649 -1 1.42368e-06 0.00679625 -1 0.000797649 -1.38901e-06 -38.3745 0 0 0 1 
				13
				1.38788e-06 -1.42479e-06 -1 1.71058e-05 -0.00079765 -1 1.42368e-06 0.0067963 -1 0.00079765 -1.38901e-06 -37.7774 0 0 0 1 
				14
				1.38788e-06 -1.42479e-06 -1 1.71058e-05 -0.000797649 -1 1.42368e-06 0.00679635 -1 0.000797649 -1.38901e-06 -37.1472 0 0 0 1 
				15
				1.38788e-06 -1.42479e-06 -1 1.71058e-05 -0.000797649 -1 1.42368e-06 0.0067964 -1 0.000797649 -1.38901e-06 -36.5343 0 0 0 1 
		</Joint>
			4
				-1
				-0.000413965 -1.06196e-06 -1 -0.00526165 -0.000821564 -1 1.40205e-06 0.00194595 -1 0.000821565 0.000413964 -49.6416 0 0 0 1 
				0
				-0.000362046 -1.1236e-06 -1 -0.00460032 -0.000818575 -1 1.41997e-06 0.00202611 -1 0.000818575 0.000362045 -49.4078 0 0 0 1 
				1
				-0.000310127 -1.18535e-06 -1 -0.00393899 -0.000815585 -1 1.43829e-06 0.00210628 -1 0.000815586 0.000310126 -49.1607 0 0 0 1 
				2
				-0.000258208 -1.2472e-06 -1 -0.00327767 -0.000812596 -0.999999 1.45702e-06 0.00218644 -0.999999 0.000812596 0.000258206 -48.939 0 0 0 1 
				3
				-0.000206288 -1.30915e-06 -1 -0.00261634 -0.000809607 -1 1.47616e-06 0.00226661 -1 0.000809607 0.000206287 -48.7816 0 0 0 1 
				4
				-0.00014958 -1.37693e-06 -1 -0.001894 -0.000806342 -1 1.49754e-06 0.00235416 -1 0.000806342 0.000149579 -48.7416 0 0 0 1 
				5
				-8.94706e-05 -1.4489e-06 -1 -0.00112835 -0.000802881 -1 1.52074e-06 0.00244697 -1 0.000802881 8.94694e-05 -48.7862 0 0 0 1 
				6
				-3.58512e-05 -1.51322e-06 -1 -0.00044536 -0.000799794 -1 1.54189e-06 0.00252977 -1 0.000799794 3.58499e-05 -48.8173 0 0 0 1 
				7
				1.38788e-06 -1.42479e-06 -1 2.89778e-05 -0.000797649 -1 1.42368e-06 0.00258727 -1 0.000797649 -1.38901e-06 -48.7367 0 0 0 1 
				8
				1.6068e-05 -1.44356e-06 -1 0.000215969 -0.000796804 -1 1.43076e-06 0.00260996 -1 0.000796804 -1.60691e-05 -48.5263 0 0 0 1 
				9
				1.43676e-05 -1.44039e-06 -1 0.00019431 -0.000796902 -1 1.42894e-06 0.00260737 -1 0.000796902 -1.43688e-05 -48.2349 0 0 0 1 
				10
				6.17741e-06 -1.43091e-06 -1 8.99854e-05 -0.000797374 -1 1.42599e-06 0.00259476 -1 0.000797374 -6.17855e-06 -47.8713 0 0 0 1 
				11
				1.38788e-06 -1.42479e-06 -1 2.89778e-05 -0.000797649 -1 1.42368e-06 0.0025874 -1 0.000797649 -1.38901e-06 -47.4445 0 0 0 1 
				12
				1.38788e-06 -1.42479e-06 -1 2.89778e-05 -0.000797649 -1 1.42368e-06 0.00258745 -1 0.000797649 -1.38901e-06 -46.9311 0 0 0 1 
				13
				1.38788e-06 -1.42479e-06 -1 2.89778e-05 -0.00079765 -1 1.42368e-06 0.0025875 -1 0.00079765 -1.38901e-06 -46.3341 0 0 0 1 
				14
				1.38788e-06 -1.42479e-06 -1 2.89778e-05 -0.000797649 -1 1.42368e-06 0.00258755 -1 0.000797649 -1.38901e-06 -45.7038 0 0 0 1 
				15
				1.38788e-06 -1.42479e-06 -1 2.89778e-05 -0.000797649 -1 1.42368e-06 0.0025876 -1 0.000797649 -1.38901e-06 -45.091 0 0 0 1 
		</Joint>
			5
				-1
				2.15714e-06 4.11459e-06 -1 -0.00662187 2.70187e-07 -1 -4.11459e-06 -0.000753557 -1 -2.70178e-07 -2.15714e-06 -52.9274 0 0 0 1 
				0
				2.06085e-06 4.75833e-05 -1 -0.00578994 2.37973e-07 -1 -4.75833e-05 -0.000663574 -1 -2.37875e-07 -2.06086e-06 -52.6936 0 0 0 1 
				1
				1.96456e-06 -5.24843e-05 -1 -0.00495801 2.05727e-07 -1 5.24843e-05 -0.000573585 -1 -2.0583e-07 -1.96455e-06 -52.4465 0 0 0 1 
				2
				1.8763e-06 -1.55684e-06 -1 -0.00412609 0 -1 1.55684e-06 -0.0004836 -1 -2.92111e-12 -1.8763e-06 -52.2248 0 0 0 1 
				3
				1.77755e-06 -1.55684e-06 -1 -0.00329416 0 -1 1.55684e-06 -0.000393609 -1 -2.76737e-12 -1.77755e-06 -52.0674 0 0 0 1 
				4
				1.67016e-06 -1.55684e-06 -1 -0.00238549 0 -1 1.55684e-06 -0.000295324 -1 -2.60017e-12 -1.67016e-06 -52.0274 0 0 0 1 
				5
				1.55681e-06 -1.55684e-06 -1 -0.00142233 0 -1 1.55684e-06 -0.000191146 -1 -2.42371e-12 -1.55681e-06 -52.072 0 0 0 1 
				6
				1.45629e-06 -1.55684e-06 -1 -0.00056316 0 -1 1.55684e-06 -9.82112e-05 -1 -2.2672e-12 -1.45629e-06 -52.1031 0 0 0 1 
				7
				1.38685e-06 -1.42368e-06 -1 3.35382e-05 0 -1 1.42368e-06 -3.36589e-05 -1 -1.97444e-12 -1.38685e-06 -52.0225 0 0 0 1 
				8
				1.35958e-06 -1.42369e-06 -1 0.000268765 0 -1 1.42369e-06 -8.18928e-06 -1 -1.93561e-12 -1.35958e-06 -51.8121 0 0 0 1 
				9
				1.36273e-06 -1.42368e-06 -1 0.000241519 0 -1 1.42368e-06 -1.11057e-05 -1 -1.9401e-12 -1.36273e-06 -51.5207 0 0 0 1 
				10
				1.37795e-06 -1.42368e-06 -1 0.000110283 0 -1 1.42368e-06 -2.52663e-05 -1 -1.96176e-12 -1.37795e-06 -51.1572 0 0 0 1 
				11
				1.38685e-06 -1.42368e-06 -1 3.35381e-05 0 -1 1.42368e-06 -3.35284e-05 -1 -1.97444e-12 -1.38685e-06 -50.7303 0 0 0 1 
				12
				1.38685e-06 -1.42368e-06 -1 3.35381e-05 0 -1 1.42368e-06 -3.34836e-05 -1 -1.97444e-12 -1.38685e-06 -50.217 0 0 0 1 
				13
				1.38685e-06 -1.42368e-06 -1 3.35381e-05 0 -1 1.42368e-06 -3.34326e-05 -1 -1.97444e-12 -1.38685e-06 -49.6199 0 0 0 1 
				14
				1.38685e-06 -1.42368e-06 -1 3.35381e-05 0 -1 1.42368e-06 -3.33762e-05 -1 -1.97444e-12 -1.38685e-06 -48.9896 0 0 0 1 
				15
				1.38685e-06 -1.42368e-06 -1 3.35381e-05 0 -1 1.42368e-06 -3.33294e-05 -1 -1.97444e-12 -1.38685e-06 -48.3768 0 0 0 1 
		</Joint>
			6
		</Joint>
			7
				-1
				0.950441 -1.39562e-06 -0.310905 1.76195 9.18992e-06 1 2.36048e-05 -0.000668038 0.310905 -2.52922e-05 0.950441 -49.6423 0 0 0 1 
				0
				0.950425 -1.37529e-06 -0.310954 1.76261 8.24229e-06 1 2.07696e-05 -0.000587906 0.310954 -2.23029e-05 0.950425 -49.4084 0 0 0 1 
				1
				0.950409 -1.35494e-06 -0.311004 1.76327 7.29427e-06 1 1.79342e-05 -0.000507771 0.311004 -1.93134e-05 0.950409 -49.1612 0 0 0 1 
				2
				0.950392 -1.3344e-06 -0.311053 1.76393 6.34589e-06 1 1.50993e-05 -0.000427642 0.311053 -1.63242e-05 0.950392 -48.9395 0 0 0 1 
				3
				0.950376 -1.3138e-06 -0.311102 1.76459 5.39717e-06 1 1.22646e-05 -0.000347507 0.311102 -1.33351e-05 0.950376 -48.782 0 0 0 1 
				4
				0.950359 -1.29123e-06 -0.311156 1.76532 4.36045e-06 1 9.16823e-06 -0.000259988 0.311156 -1.00699e-05 0.950359 -48.7418 0 0 0 1 
				5
				0.95034 -1.26706e-06 -0.311213 1.76608 3.26102e-06 1 5.88669e-06 -0.000167221 0.311213 -6.60923e-06 0.95034 -48.7864 0 0 0 1 
				6
				0.950323 -1.24544e-06 -0.311264 1.76676 2.27986e-06 1 2.95941e-06 -8.44692e-05 0.311264 -3.52204e-06 0.950323 -48.8174 0 0 0 1 
				7
				0.950312 -1.36355e-06 -0.3113 1.76724 1.72473e-06 1 8.84934e-07 -2.67541e-05 0.3113 -1.37787e-06 0.950312 -48.7367 0 0 0 1 
				8
				0.950307 -1.35759e-06 -0.311314 1.76743 1.45597e-06 1 8.35868e-08 -4.06872e-06 0.311314 -5.32696e-07 0.950307 -48.5263 0 0 0 1 
				9
				0.950308 -1.35825e-06 -0.311312 1.7674 1.48709e-06 1 1.7647e-07 -6.6678e-06 0.311312 -6.30649e-07 0.950308 -48.2349 0 0 0 1 
				10
				0.95031 -1.36161e-06 -0.311304 1.7673 1.63706e-06 1 6.23511e-07 -1.92751e-05 0.311304 -1.10215e-06 0.95031 -47.8713 0 0 0 1 
				11
				0.950312 -1.36355e-06 -0.3113 1.76724 1.72473e-06 1 8.84934e-07 -2.66198e-05 0.3113 -1.37787e-06 0.950312 -47.4445 0 0 0 1 
				12
				0.950312 -1.36355e-06 -0.3113 1.76724 1.72473e-06 1 8.84934e-07 -2.65781e-05 0.3113 -1.37787e-06 0.950312 -46.9311 0 0 0 1 
				13
				0.950312 -1.36352e-06 -0.3113 1.76724 1.72474e-06 1 8.8505e-07 -2.65255e-05 0.3113 -1.37798e-06 0.950312 -46.3341 0 0 0 1 
				14
				0.950312 -1.36355e-06 -0.3113 1.76724 1.72473e-06 1 8.84934e-07 -2.64712e-05 0.3113 -1.37787e-06 0.950312 -45.7038 0 0 0 1 
				15
				0.950312 -1.36355e-06 -0.3113 1.76724 1.72473e-06 1 8.84934e-07 -2.64275e-05 0.3113 -1.37787e-06 0.950312 -45.091 0 0 0 1 
		</Joint>
			8
				-1
				0.103926 -0.0173927 -0.994433 8.73236 0.0607862 0.998089 -0.011104 -0.00060064 0.992726 -0.0592938 0.104785 -47.3622 0 0 0 1 
				0
				0.104251 -0.0213348 -0.994322 8.73291 0.00932817 0.999747 -0.0204732 -0.000527458 0.994507 -0.00714086 0.104423 -47.1279 0 0 0 1 
				1
				0.104777 -0.0252565 -0.994175 8.73345 -0.0421735 0.998665 -0.0298153 -0.000454276 0.993601 0.0450518 0.103572 -46.8804 0 0 0 1 
				2
				0.105505 -0.0291445 -0.993991 8.73399 -0.0935546 0.994846 -0.0390996 -0.000381102 0.990008 0.0971177 0.102234 -46.6582 0 0 0 1 
				3
				0.106427 -0.0329856 -0.993773 8.73454 -0.144658 0.988302 -0.048296 -0.000307925 0.983742 0.148897 0.100411 -46.5004 0 0 0 1 
				4
				0.107547 -0.0367728 -0.99352 8.73513 -0.195362 0.979051 -0.0573849 -0.000228009 0.974817 0.200268 0.0981098 -46.4598 0 0 0 1 
				5
				0.108867 -0.0404947 -0.993231 8.73576 -0.245536 0.967115 -0.0663428 -0.000143305 0.963255 0.251097 0.0953441 -46.5039 0 0 0 1 
				6
				0.110378 -0.0441406 -0.992909 8.73632 -0.295032 0.952528 -0.0751429 -6.77491e-05 0.949091 0.301234 0.0921151 -46.5346 0 0 0 1 
				7
				0.112064 -0.0477024 -0.992555 8.73671 -0.343713 0.935332 -0.0837591 -1.41051e-05 0.932364 0.35054 0.0884215 -46.4537 0 0 0 1 
				8
				0.113932 -0.0511691 -0.99217 8.73686 -0.391448 0.915572 -0.0921692 6.60916e-06 0.91312 0.398884 0.084283 -46.2431 0 0 0 1 
				9
				0.115987 -0.0545288 -0.991753 8.73684 -0.438105 0.893305 -0.100353 4.23832e-06 0.89141 0.446131 0.079722 -45.9517 0 0 0 1 
				10
				0.118211 -0.0577742 -0.991306 8.73675 -0.483557 0.868589 -0.108285 -7.26919e-06 0.867294 0.492154 0.0747399 -45.5883 0 0 0 1 
				11
				0.120591 -0.0608993 -0.990832 8.73671 -0.527682 0.841492 -0.115943 -1.39708e-05 0.840839 0.536826 0.0693413 -45.1615 0 0 0 1 
				12
				0.123129 -0.0638932 -0.990332 8.73671 -0.570356 0.812089 -0.123307 -1.39292e-05 0.812116 0.580025 0.0635502 -44.6481 0 0 0 1 
				13
				0.125826 -0.0667446 -0.989805 8.73671 -0.611462 0.780462 -0.130359 -1.38765e-05 0.781205 0.62163 0.0573907 -44.051 0 0 0 1 
				14
				0.128666 -0.0694485 -0.989253 8.73671 -0.650888 0.746696 -0.137077 -1.38223e-05 0.748191 0.66153 0.050871 -43.4208 0 0 0 1 
				15
				0.131636 -0.0720001 -0.98868 8.73671 -0.688527 0.710883 -0.143442 -1.37786e-05 0.713163 0.699615 0.0440035 -42.8079 0 0 0 1 
		</Joint>
			9
				-1
				0.105092 -0.00766572 -0.994433 9.60483 -0.0321676 0.999421 -0.0111037 0.509705 0.993942 0.0331555 0.104785 -39.0282 0 0 0 1 
				0
				0.106392 -0.00201443 -0.994322 9.6081 -0.172694 0.984763 -0.0204733 0.0777834 0.979213 0.173892 0.104423 -38.779 0 0 0 1 
				1
				0.107707 0.00391404 -0.994175 9.61306 -0.309741 0.950353 -0.0298153 -0.354505 0.944701 0.311148 0.103572 -38.539 0 0 0 1 
				2
				0.10898 0.0101947 -0.993992 9.61971 -0.44052 0.896891 -0.0390994 -0.785781 0.891103 0.442134 0.102234 -38.347 0 0 0 1 
				3
				0.110134 0.0168898 -0.993773 9.628 -0.562381 0.825467 -0.0482961 -1.21473 0.819511 0.564198 0.100411 -38.2418 0 0 0 1 
				4
				0.111087 0.0240475 -0.99352 9.63799 -0.672884 0.737519 -0.0573848 -1.64031 0.73136 0.674898 0.0981098 -38.2762 0 0 0 1 
				5
				0.111744 0.0317058 -0.993231 9.6497 -0.769809 0.634817 -0.0663428 -2.06144 0.628417 0.772012 0.0953441 -38.4173 0 0 0 1 
				6
				0.111989 0.0398771 -0.992909 9.66295 -0.851193 0.519445 -0.0751429 -2.47689 0.512765 0.853573 0.0921151 -38.5669 0 0 0 1 
				7
				0.111701 0.0485483 -0.992555 9.6775 -0.9154 0.393735 -0.0837591 -2.88551 0.386737 0.917941 0.0884215 -38.6264 0 0 0 1 
				8
				0.110767 0.0577008 -0.99217 9.69333 -0.961138 0.260226 -0.0921692 -3.28624 0.25287 0.963822 0.084283 -38.5774 0 0 0 1 
				9
				0.109074 0.0672987 -0.991753 9.71056 -0.987491 0.121616 -0.100353 -3.67793 0.113859 0.990293 0.079722 -38.4683 0 0 0 1 
				10
				0.106499 0.0772636 -0.991306 9.72915 -0.993932 -0.019295 -0.108285 -4.05951 -0.0274938 0.996824 0.0747399 -38.3073 0 0 0 1 
				11
				0.102934 0.0874963 -0.990832 9.74908 -0.980339 -0.159663 -0.115943 -4.42995 -0.168344 0.983286 0.0693413 -38.1026 0 0 0 1 
				12
				0.0982837 0.0978954 -0.990332 9.77039 -0.946992 -0.296651 -0.123307 -4.78821 -0.305854 0.949955 0.0635502 -37.8303 0 0 0 1 
				13
				0.0924636 0.10834 -0.989805 9.79303 -0.894572 -0.42749 -0.130359 -5.13329 -0.437254 0.897505 0.0573907 -37.4927 0 0 0 1 
				14
				0.0854065 0.118675 -0.989253 9.81687 -0.824145 -0.54954 -0.137077 -5.46428 -0.559902 0.826996 0.050871 -37.1397 0 0 0 1 
				15
				0.0770686 0.128734 -0.98868 9.8418 -0.737141 -0.660339 -0.143442 -5.78026 -0.67133 0.739851 0.0440035 -36.8209 0 0 0 1 
		</Joint>
			10
				-1
				0.105092 -0.994439 0.00687386 10.5366 -0.0321676 -0.0103078 -0.99943 0.224508 0.993942 0.104811 -0.033072 -30.2159 0 0 0 1 
				0
				0.106392 -0.994324 0.00122267 10.5514 -0.172694 -0.0196892 -0.984779 -1.45332 0.979213 0.104562 -0.173809 -30.0973 0 0 0 1 
				1
				0.107707 -0.994171 -0.00470568 10.568 -0.309741 -0.0290585 -0.950377 -3.10066 0.944701 0.10382 -0.311065 -30.1633 0 0 0 1 
				2
				0.10898 -0.993983 -0.0109862 10.5859 -0.44052 -0.0383852 -0.896921 -4.69142 0.891103 0.102586 -0.442052 -30.4465 0 0 0 1 
				3
				0.110134 -0.993759 -0.0176811 10.6044 -0.562381 -0.0476388 -0.825505 -6.20078 0.819511 0.10086 -0.564118 -30.976 0 0 0 1 
				4
				0.111087 -0.993501 -0.0248386 10.6229 -0.672884 -0.0567976 -0.737565 -7.60608 0.73136 0.0986471 -0.67482 -31.7919 0 0 0 1 
				5
				0.111744 -0.993206 -0.0324967 10.6404 -0.769809 -0.0658373 -0.63487 -8.88655 0.628417 0.0959588 -0.771936 -32.8458 0 0 0 1 
				6
				0.111989 -0.992877 -0.0406677 10.6558 -0.851194 -0.0747293 -0.519505 -10.0235 0.512765 0.0927947 -0.853499 -34.0207 0 0 0 1 
				7
				0.111701 -0.992517 -0.0493386 10.6678 -0.9154 -0.0834456 -0.393802 -11.0014 0.386737 0.0891525 -0.917871 -35.1976 0 0 0 1 
				8
				0.110767 -0.992124 -0.0584909 10.6754 -0.961138 -0.091962 -0.260299 -11.8077 0.25287 0.0850505 -0.963755 -36.3355 0 0 0 1 
				9
				0.109074 -0.991699 -0.0680884 10.6776 -0.987491 -0.100256 -0.121696 -12.433 0.113859 0.0805105 -0.990229 -37.4588 0 0 0 1 
				10
				0.106499 -0.991244 -0.078053 10.6734 -0.993932 -0.108301 0.0192088 -12.8717 -0.0274938 0.0755337 -0.996765 -38.551 0 0 0 1 
				11
				0.102934 -0.990763 -0.0882853 10.6617 -0.980339 -0.11607 0.159571 -13.1216 -0.168344 0.0701243 -0.983231 -39.5951 0 0 0 1 
				12
				0.0982837 -0.990254 -0.098684 10.6418 -0.946992 -0.123543 0.296553 -13.1842 -0.305854 0.0643066 -0.949904 -40.542 0 0 0 1 
				13
				0.0924636 -0.989718 -0.109128 10.6128 -0.894572 -0.130699 0.427386 -13.0645 -0.437254 0.0581053 -0.897459 -41.3694 0 0 0 1 
				14
				0.0854065 -0.989158 -0.119463 10.5741 -0.824145 -0.137515 0.549431 -12.7711 -0.559902 0.0515295 -0.826955 -42.1037 0 0 0 1 
				15
				0.0770686 -0.988577 -0.129521 10.5251 -0.737141 -0.143968 0.660225 -12.3157 -0.67133 0.0445926 -0.739816 -42.7729 0 0 0 1 
		</Joint>
			11
				-1
				-0.950183 -1.36836e-06 -0.311692 -1.77247 6.54886e-06 1 -2.43541e-05 -0.000672883 0.311692 -2.51821e-05 -0.950183 -49.6409 0 0 0 1 
				0
				-0.950199 -1.34809e-06 -0.311642 -1.77181 5.63527e-06 1 -2.15077e-05 -0.000592688 0.311642 -2.21928e-05 -0.950199 -49.4072 0 0 0 1 
				1
				-0.950216 -1.32763e-06 -0.311593 -1.77115 4.72208e-06 1 -1.86609e-05 -0.000512489 0.311593 -1.92033e-05 -0.950215 -49.1601 0 0 0 1 
				2
				-0.950232 -1.30716e-06 -0.311544 -1.77049 3.8093e-06 1 -1.58144e-05 -0.000432296 0.311544 -1.62141e-05 -0.950231 -48.9386 0 0 0 1 
				3
				-0.950248 -1.28656e-06 -0.311494 -1.76983 2.89696e-06 1 -1.29678e-05 -0.000352095 0.311494 -1.3225e-05 -0.950248 -48.7813 0 0 0 1 
				4
				-0.950266 -1.26388e-06 -0.311441 -1.7691 1.90087e-06 1 -9.85808e-06 -0.000264498 0.311441 -9.9598e-06 -0.950266 -48.7413 0 0 0 1 
				5
				-0.950284 -1.23984e-06 -0.311383 -1.76834 8.45526e-07 1 -6.5621e-06 -0.000171651 0.311383 -6.49914e-06 -0.950284 -48.786 0 0 0 1 
				6
				-0.950301 -1.21822e-06 -0.311332 -1.76766 -9.54297e-08 1 -3.62165e-06 -8.88227e-05 0.311332 -3.41195e-06 -0.950301 -48.8173 0 0 0 1 
				7
				-0.950312 -1.33628e-06 -0.311297 -1.76718 -8.75224e-07 1 -1.62077e-06 -3.15234e-05 0.311297 -1.26778e-06 -0.950313 -48.7367 0 0 0 1 
				8
				-0.950317 -1.33032e-06 -0.311283 -1.76699 -1.13268e-06 1 -8.15713e-07 -8.82355e-06 0.311283 -4.22603e-07 -0.950317 -48.5263 0 0 0 1 
				9
				-0.950317 -1.33104e-06 -0.311285 -1.76702 -1.10287e-06 1 -9.09027e-07 -1.14181e-05 0.311285 -5.20557e-07 -0.950317 -48.2349 0 0 0 1 
				10
				-0.950314 -1.33433e-06 -0.311293 -1.76712 -9.59215e-07 1 -1.35814e-06 -2.40374e-05 0.311293 -9.92059e-07 -0.950314 -47.8714 0 0 0 1 
				11
				-0.950312 -1.33628e-06 -0.311297 -1.76718 -8.75224e-07 1 -1.62077e-06 -3.13928e-05 0.311297 -1.26778e-06 -0.950313 -47.4445 0 0 0 1 
				12
				-0.950312 -1.33628e-06 -0.311297 -1.76718 -8.75224e-07 1 -1.62077e-06 -3.13482e-05 0.311297 -1.26778e-06 -0.950313 -46.9311 0 0 0 1 
				13
				-0.950313 -1.33631e-06 -0.311297 -1.76718 -8.75219e-07 1 -1.62088e-06 -3.12991e-05 0.311297 -1.26789e-06 -0.950313 -46.3341 0 0 0 1 
				14
				-0.950312 -1.33628e-06 -0.311297 -1.76718 -8.75224e-07 1 -1.62077e-06 -3.12413e-05 0.311297 -1.26778e-06 -0.950313 -45.7038 0 0 0 1 
				15
				-0.950312 -1.33628e-06 -0.311297 -1.76718 -8.75224e-07 1 -1.62077e-06 -3.11969e-05 0.311297 -1.26778e-06 -0.950313 -45.091 0 0 0 1 
		</Joint>
			12
				-1
				-0.0886962 0.0451622 -0.995034 -8.741 0.540642 0.841193 -0.0100125 -0.000624855 0.836564 -0.538846 -0.0990272 -47.3549 0 0 0 1 
				0
				-0.0874311 0.0475639 -0.995034 -8.74045 0.563379 0.826138 -0.0100122 -0.00055136 0.82156 -0.561456 -0.0990266 -47.1216 0 0 0 1 
				1
				-0.0861022 0.0499302 -0.995034 -8.73991 0.585695 0.810469 -0.0100125 -0.000477858 0.805945 -0.583649 -0.0990271 -46.8749 0 0 0 1 
				2
				-0.0847093 0.0522595 -0.995034 -8.73937 0.607577 0.794197 -0.0100128 -0.000404359 0.78973 -0.605408 -0.0990276 -46.6537 0 0 0 1 
				3
				-0.0832523 0.0545501 -0.995034 -8.73883 0.629007 0.777335 -0.0100123 -0.000330849 0.772929 -0.626717 -0.0990273 -46.4968 0 0 0 1 
				4
				-0.0817335 0.0567996 -0.995035 -8.73823 0.649969 0.759895 -0.0100122 -0.000250558 0.755553 -0.64756 -0.0990268 -46.4572 0 0 0 1 
				5
				-0.0801548 0.0590072 -0.995034 -8.73761 0.670448 0.741889 -0.0100125 -0.00016545 0.737615 -0.667921 -0.0990272 -46.5024 0 0 0 1 
				6
				-0.0785164 0.0611711 -0.995034 -8.73704 0.690428 0.723332 -0.0100126 -8.95225e-05 0.719128 -0.687785 -0.0990276 -46.534 0 0 0 1 
				7
				-0.0768189 0.0632891 -0.995034 -8.73665 0.709894 0.704237 -0.0100125 -3.79422e-05 0.700106 -0.707138 -0.0990272 -46.4537 0 0 0 1 
				8
				-0.0750801 0.0653413 -0.995034 -8.7365 0.728664 0.684798 -0.0100124 -1.71304e-05 0.680743 -0.725798 -0.0990266 -46.2434 0 0 0 1 
				9
				-0.0732991 0.0673336 -0.995034 -8.73652 0.746786 0.664989 -0.0100124 -1.95064e-05 0.661013 -0.743811 -0.0990269 -45.952 0 0 0 1 
				10
				-0.071442 0.0693008 -0.995034 -8.7366 0.764584 0.644446 -0.0100125 -3.10722e-05 0.640552 -0.761503 -0.0990268 -45.5884 0 0 0 1 
				11
				-0.0694722 0.0712758 -0.995034 -8.73665 0.782343 0.622767 -0.0100126 -3.78116e-05 0.618961 -0.779154 -0.0990272 -45.1615 0 0 0 1 
				12
				-0.0672129 0.0734144 -0.995034 -8.73665 0.801424 0.598012 -0.0100131 -3.77669e-05 0.594307 -0.798118 -0.0990302 -44.6481 0 0 0 1 
				13
				-0.0647112 0.0756293 -0.995034 -8.73665 0.821046 0.570774 -0.0100133 -3.77178e-05 0.567182 -0.817617 -0.0990306 -44.0511 0 0 0 1 
				14
				-0.0623289 0.0776054 -0.995034 -8.73665 0.838397 0.544967 -0.0100137 -3.76601e-05 0.541484 -0.834858 -0.0990314 -43.4208 0 0 0 1 
				15
				-0.0604579 0.0790663 -0.995034 -8.73665 0.851151 0.524826 -0.0100125 -3.76157e-05 0.521428 -0.84753 -0.0990272 -42.808 0 0 0 1 
		</Joint>
			13
				-1
				0.0125095 -0.0987429 -0.995034 -9.48561 -0.999618 -0.0257439 -0.0100124 4.53812 -0.0246274 0.99478 -0.0990272 -40.3319 0 0 0 1 
				0
				0.00927174 -0.0990987 -0.995034 -9.47444 -0.999925 0.00697644 -0.0100121 4.72906 0.00793398 0.995053 -0.0990266 -40.2245 0 0 0 1 
				1
				0.0060246 -0.0993495 -0.995034 -9.46275 -0.999162 0.0396891 -0.0100124 4.91649 0.0404868 0.994261 -0.0990271 -40.1089 0 0 0 1 
				2
				0.00277096 -0.0994939 -0.995034 -9.45051 -0.997328 0.0723594 -0.0100126 5.10026 0.0729963 0.992403 -0.0990276 -40.0239 0 0 0 1 
				3
				-0.000486153 -0.099531 -0.995034 -9.43774 -0.994427 0.104953 -0.0100123 5.28024 0.105428 0.989484 -0.0990273 -40.008 0 0 0 1 
				4
				-0.00374254 -0.0994613 -0.995035 -9.42439 -0.99046 0.137434 -0.0100122 5.4563 0.137747 0.985505 -0.0990268 -40.1143 0 0 0 1 
				5
				-0.00699454 -0.099286 -0.995034 -9.41051 -0.985433 0.169767 -0.0100125 5.6283 0.169918 0.98047 -0.0990272 -40.31 0 0 0 1 
				6
				-0.0102393 -0.0990044 -0.995034 -9.39619 -0.979351 0.201918 -0.0100126 5.79611 0.201907 0.974386 -0.0990276 -40.4968 0 0 0 1 
				7
				-0.0134732 -0.098616 -0.995034 -9.38155 -0.97222 0.233854 -0.0100125 5.95959 0.23368 0.967258 -0.0990272 -40.5763 0 0 0 1 
				8
				-0.0166635 -0.0981267 -0.995034 -9.3668 -0.964127 0.265253 -0.0100124 6.11718 0.264918 0.959173 -0.0990266 -40.5285 0 0 0 1 
				9
				-0.019816 -0.0975393 -0.995034 -9.35187 -0.955082 0.296174 -0.0100124 6.26932 0.295679 0.950141 -0.0990269 -40.4027 0 0 0 1 
				10
				-0.0229864 -0.096841 -0.995034 -9.33637 -0.944914 0.327165 -0.0100125 6.41872 0.32651 0.939992 -0.0990268 -40.2109 0 0 0 1 
				11
				-0.0262298 -0.0960137 -0.995034 -9.31988 -0.933379 0.358753 -0.0100126 6.5678 0.357933 0.928481 -0.0990272 -39.9653 0 0 0 1 
				12
				-0.0298127 -0.0949656 -0.995034 -9.30091 -0.919268 0.393504 -0.0100132 6.72799 0.392501 0.914405 -0.0990302 -39.6589 0 0 0 1 
				13
				-0.0336135 -0.0936881 -0.995034 -9.27991 -0.902673 0.43021 -0.0100133 6.89272 0.429012 0.897854 -0.0990306 -39.2895 0 0 0 1 
				14
				-0.0370857 -0.0923696 -0.995034 -9.25991 -0.885993 0.46359 -0.0100137 7.03839 0.462213 0.881222 -0.0990314 -38.875 0 0 0 1 
				15
				-0.0397118 -0.0912668 -0.995034 -9.2442 -0.872369 0.488745 -0.0100126 7.14545 0.487232 0.86764 -0.0990272 -38.4305 0 0 0 1 
		</Joint>
			14
				-1
				0.0125095 0.999913 -0.00418105 -9.3747 -0.999618 0.0124026 -0.0246814 -4.32447 -0.0246274 0.00448821 0.999687 -40.5503 0 0 0 1 
				0
				0.00789131 0.999916 -0.0102831 -9.39224 -0.999898 0.00776784 -0.0119929 -4.13625 -0.011912 0.0103767 0.999875 -40.1542 0 0 0 1 
				1
				0.00323903 0.99986 -0.0164273 -9.40933 -0.999992 0.0032751 0.00216948 -3.94205 0.00222298 0.0164202 0.999862 -39.75 0 0 0 1 
				2
				-0.00100602 0.999743 -0.022633 -9.42594 -0.999906 -0.000697219 0.0136474 -3.74202 0.0136281 0.0226446 0.99965 -39.3767 0 0 0 1 
				3
				-0.00434521 0.999571 -0.028961 -9.44205 -0.999826 -0.00381665 0.0182813 -3.53632 0.0181629 0.0290354 0.999414 -39.0733 0 0 0 1 
				4
				-0.0064838 0.999348 -0.0355121 -9.45757 -0.999916 -0.00608045 0.0114542 -3.3251 0.0112308 0.0355834 0.999304 -38.893 0 0 0 1 
				5
				-0.0075845 0.999078 -0.0422683 -9.47252 -0.999963 -0.00774616 -0.00366223 -3.10852 -0.00398627 0.042239 0.999099 -38.8036 0 0 0 1 
				6
				-0.00792995 0.998764 -0.0490692 -9.48697 -0.999785 -0.00885955 -0.0187563 -2.88679 -0.0191679 0.0489099 0.998619 -38.7067 0 0 0 1 
				7
				-0.00794007 0.998415 -0.055717 -9.50101 -0.99963 -0.00937394 -0.0255209 -2.66009 -0.0260027 0.0554938 0.99812 -38.5045 0 0 0 1 
				8
				-0.00799363 0.998038 -0.0621085 -9.51454 -0.999768 -0.00921895 -0.0194672 -2.43074 -0.0200016 0.0619385 0.99788 -38.1798 0 0 0 1 
				9
				-0.00793548 0.997635 -0.06828 -9.52756 -0.99995 -0.00833657 -0.00559122 -2.19841 -0.00614722 0.0682322 0.997651 -37.7812 0 0 0 1 
				10
				-0.00735167 0.997212 -0.074268 -9.54016 -0.999935 -0.00668525 0.00921784 -1.95886 0.00869563 0.0743309 0.997196 -37.3161 0 0 0 1 
				11
				-0.00572675 0.996768 -0.0801284 -9.55243 -0.999828 -0.00429173 0.0180698 -1.70751 0.0176675 0.0802181 0.996621 -36.7918 0 0 0 1 
				12
				-0.00235952 0.996276 -0.0861875 -9.56523 -0.99983 -0.000773503 0.0184307 -1.42222 0.0182954 0.0862163 0.996109 -36.179 0 0 0 1 
				13
				0.0024241 0.995736 -0.0922142 -9.57793 -0.999894 0.00373792 0.0140774 -1.11036 0.0143621 0.0921702 0.99564 -35.4859 0 0 0 1 
				14
				0.00744262 0.99521 -0.0974798 -9.58871 -0.999932 0.00828447 0.00823419 -0.816806 0.00900231 0.0974119 0.995204 -34.777 0 0 0 1 
				15
				0.0113576 0.99478 -0.101408 -9.59629 -0.999921 0.0118387 0.00414424 -0.588951 0.00532315 0.101353 0.994836 -34.1107 0 0 0 1 
		</Joint>
			15
				-1
				-1.3712e-06 1.19242e-06 1 5.53938 -0.00140726 -0.999999 1.19049e-06 6.80262e-06 0.999999 -0.00140726 1.37288e-06 -28.7436 0 0 0 1 
				0
				0.0107512 0.0649742 0.997829 5.53939 -0.11032 -0.991718 0.0657649 6.78174e-06 0.993838 -0.110788 -0.00349422 -28.5098 0 0 0 1 
				1
				0.0279151 0.130053 0.991114 5.53938 -0.151267 -0.979533 0.132794 6.76844e-06 0.988099 -0.15363 -0.00767103 -28.2627 0 0 0 1 
				2
				0.048049 0.191582 0.9803 5.53939 -0.180989 -0.963517 0.197173 6.74994e-06 0.982311 -0.186897 -0.0116219 -28.041 0 0 0 1 
				3
				0.0684722 0.246343 0.966761 5.53938 -0.201594 -0.945629 0.255237 6.73692e-06 0.977073 -0.21237 -0.0150879 -27.8836 0 0 0 1 
				4
				0.0848041 0.298888 0.950513 5.53938 -0.202836 -0.928795 0.310156 6.71799e-06 0.975533 -0.219101 -0.0181403 -27.8436 0 0 0 1 
				5
				0.0964717 0.349942 0.931791 5.53938 -0.191861 -0.912062 0.362397 6.69276e-06 0.976669 -0.213736 -0.020848 -27.8882 0 0 0 1 
				6
				0.111265 0.38991 0.914106 5.53939 -0.196854 -0.892944 0.404845 6.67419e-06 0.974099 -0.22499 -0.0225986 -27.9193 0 0 0 1 
				7
				0.138056 0.408706 0.902164 5.53938 -0.238401 -0.870392 0.430794 7.4077e-06 0.961304 -0.27455 -0.0227272 -27.8387 0 0 0 1 
				8
				0.155783 0.408952 0.89916 5.53938 -0.222773 -0.872277 0.435321 7.42931e-06 0.962343 -0.268124 -0.0447821 -27.6283 0 0 0 1 
				9
				0.159898 0.397689 0.90348 5.53938 -0.171219 -0.89021 0.42215 7.45651e-06 0.972171 -0.222194 -0.0742512 -27.3369 0 0 0 1 
				10
				0.163735 0.379027 0.910785 5.53938 -0.121241 -0.908514 0.399878 7.49688e-06 0.979026 -0.175899 -0.102802 -26.9733 0 0 0 1 
				11
				0.165464 0.362329 0.917245 5.53938 -0.0642787 -0.924126 0.376643 7.53829e-06 0.984119 -0.12128 -0.129619 -26.5465 0 0 0 1 
				12
				0.165336 0.347304 0.923062 5.53938 0.00634315 -0.936298 0.351148 7.58363e-06 0.986217 -0.0522024 -0.157007 -26.0331 0 0 0 1 
				13
				0.162742 0.330162 0.929789 5.53938 0.0893422 -0.943412 0.319362 7.6346e-06 0.982615 0.0310959 -0.18303 -25.4361 0 0 0 1 
				14
				0.159169 0.312311 0.936551 5.53938 0.174322 -0.94263 0.284712 7.69129e-06 0.971739 0.117944 -0.20448 -24.8058 0 0 0 1 
				15
				0.155789 0.295541 0.942542 5.53938 0.249982 -0.934927 0.251834 7.73981e-06 0.955635 0.196386 -0.219531 -24.193 0 0 0 1 
		</Joint>
			16
				-1
				-1.37508e-06 1.18795e-06 1 5.53937 0.00185001 -0.999998 1.19049e-06 -0.0178167 0.999998 0.00185001 1.37288e-06 -16.0782 0 0 0 1 
				0
				-0.00398656 0.0657369 0.997829 5.67555 0.113276 -0.991385 0.0657649 -1.39724 0.993556 0.113293 -0.00349422 -15.9225 0 0 0 1 
				1
				-0.0133746 0.132341 0.991114 5.89294 0.156868 -0.978651 0.132794 -1.91585 0.987529 0.15725 -0.00767103 -15.748 0 0 0 1 
				2
				-0.0262862 0.195758 0.9803 6.14794 0.188553 -0.962066 0.197173 -2.29228 0.981711 0.190022 -0.0116219 -15.5997 0 0 0 1 
				3
				-0.0401286 0.252514 0.966761 6.40661 0.209745 -0.943855 0.255237 -2.55326 0.976932 0.213015 -0.0150879 -15.5087 0 0 0 1 
				4
				-0.0501983 0.306604 0.950513 6.61346 0.210935 -0.92699 0.310156 -2.56899 0.97621 0.216066 -0.0181403 -15.4881 0 0 0 1 
				5
				-0.0556855 0.358699 0.931791 6.76123 0.199459 -0.910431 0.362397 -2.42998 0.978323 0.206034 -0.020848 -15.5183 0 0 0 1 
				6
				-0.0652501 0.400191 0.914106 6.9486 0.201879 -0.891822 0.404845 -2.49322 0.977235 0.210955 -0.0225986 -15.582 0 0 0 1 
				7
				-0.0886876 0.422178 0.902164 7.28792 0.236771 -0.870836 0.430794 -3.01943 0.967509 0.251812 -0.0227272 -15.6635 0 0 0 1 
				8
				-0.116664 0.421781 0.899161 7.51243 0.337076 -0.83479 0.435321 -2.8215 0.934221 0.353872 -0.0447821 -15.4399 0 0 0 1 
				9
				-0.138805 0.405533 0.90348 7.56455 0.452048 -0.785775 0.42215 -2.16854 0.881128 0.467013 -0.0742512 -15.024 0 0 0 1 
				10
				-0.161772 0.379869 0.910785 7.61315 0.574698 -0.714016 0.399878 -1.53556 0.802217 0.588116 -0.102802 -14.5736 0 0 0 1 
				11
				-0.174979 0.357831 0.917245 7.63504 0.673339 -0.636204 0.376643 -0.814106 0.718329 0.683522 -0.129619 -14.0823 0 0 0 1 
				12
				-0.175665 0.342196 0.923062 7.63343 0.747963 -0.563246 0.351148 0.0803457 0.640073 0.752101 -0.157007 -13.5424 0 0 0 1 
				13
				-0.1677 0.327672 0.929789 7.60056 0.810162 -0.491575 0.319362 1.13156 0.561707 0.806837 -0.18303 -12.9909 0 0 0 1 
				14
				-0.156557 0.313628 0.936551 7.55531 0.861672 -0.420071 0.284712 2.20785 0.482712 0.851573 -0.20448 -12.4984 0 0 0 1 
				15
				-0.14751 0.299759 0.942542 7.5125 0.903287 -0.347349 0.251834 3.16612 0.402881 0.888534 -0.219531 -12.0895 0 0 0 1 
		</Joint>
			17
				-1
				-1.89406e-06 0.000124746 1 5.53935 1.77407e-06 -1 0.000124746 0.00561436 1 1.77431e-06 1.89384e-06 -3.4129 0 0 0 1 
				0
				-0.000815588 -0.0125188 0.999921 5.62506 -0.0113625 -0.999857 -0.0125273 0.0374472 0.999935 -0.0113719 0.000673226 -3.33875 0 0 0 1 
				1
				-0.0014042 -0.0252221 0.999681 5.72355 -0.0239675 -0.999394 -0.0252485 0.0709482 0.999712 -0.0239953 0.000798841 -3.24063 0 0 0 1 
				2
				-0.00217838 -0.0375695 0.999292 5.81502 -0.0341757 -0.998707 -0.0376221 0.0958176 0.999413 -0.0342334 0.0008916 -3.16597 0 0 0 1 
				3
				-0.00266966 -0.0490631 0.998792 5.89837 -0.0383678 -0.998055 -0.0491294 0.103239 0.99926 -0.0384526 0.000782026 -3.13546 0 0 0 1 
				4
				-0.0030665 -0.0601786 0.998183 5.97768 -0.0399186 -0.997385 -0.0602531 0.102584 0.999198 -0.0400308 0.000656235 -3.12402 0 0 0 1 
				5
				-0.00325275 -0.0710126 0.99747 6.05596 -0.0394477 -0.99669 -0.0710856 0.0962368 0.999216 -0.0395791 0.0004407 -3.12752 0 0 0 1 
				6
