<?xml version='1.0' encoding='UTF-8' ?>
<itpanim>
	<skeleton count>
		25
			0 -1
			1.37091e-06 -1 -6.12323e-17 1e-06 1 1.37091e-06 -6.12323e-17 -1.37266e-12 6.12323e-17 -6.12323e-17 1 28.5847 0 0 0 1 
			1 0
			1.3868e-06 -2.28068e-12 -1 -28.5847 2.75771e-06 -1 6.10495e-12 1.00011e-06 -1 -2.75771e-06 -1.3868e-06 -3.96413e-05 0 0 0 1 
			2 1
			-0.000205999 -0.000823318 -1 -32.3694 -1.2413e-06 -1 0.000823318 0.0334634 -1 1.41091e-06 0.000205998 0.006668 0 0 0 1 
			3 2
			-0.000383998 -0.00100932 -0.999999 -40.926 -1.01137e-06 -0.999999 0.00100932 0.0478891 -1 1.39895e-06 0.000383997 0.0139528 0 0 0 1 
			4 3
			-0.000383998 -0.00100932 -0.999999 -49.4827 -1.01137e-06 -0.999999 0.00100932 0.0505055 -1 1.39895e-06 0.000383997 0.0139528 0 0 0 1 
			5 4
			1.34309e-06 9.82436e-13 -1 -52.7685 -1.40269e-06 -1 -2.86637e-12 -0.00275479 -1 1.40269e-06 -1.34309e-06 -0.00638105 0 0 0 1 
			6 5
			1 -0 0 0 0 1 0 0 -0 -0 1 -0 0 0 0 1 
			7 4
			0.950432 6.75818e-05 0.310933 13.7112 -1.42282e-06 1 -0.000213002 -0.00848516 -0.310933 0.000202002 0.950432 47.5785 0 0 0 1 
			8 7
			0.476976 0.0235792 0.8786 37.3074 0.0457757 0.997617 -0.0516241 -2.835 -0.877724 0.064842 0.47476 30.0749 0 0 0 1 
			9 8
			0.476835 0.0205565 0.878752 28.9208 0.0472206 0.997684 -0.0489619 -2.74739 -0.877724 0.064842 0.47476 30.0749 0 0 0 1 
			10 9
			0.476835 0.0205565 0.878752 20.0548 -0.877686 0.0656364 0.474721 30.0727 -0.0479195 -0.997632 0.0493399 2.77133 0 0 0 1 
			11 4
			-0.950193 6.50589e-05 0.311663 13.7378 -1.39561e-06 1 -0.000213002 -0.00848516 -0.311663 -0.000202828 -0.950193 -47.5698 0 0 0 1 
			12 11
			-0.476976 0.0235779 0.8786 37.2976 -0.0457784 0.997617 -0.0516241 -2.83503 -0.877723 -0.0648444 -0.47476 -30.0791 0 0 0 1 
			13 12
			-0.476835 0.0205552 0.878752 28.9109 -0.0472234 0.997684 -0.0489619 -2.74745 -0.877723 -0.0648444 -0.47476 -30.0791 0 0 0 1 
			14 13
			-0.476835 0.0205552 0.878752 20.045 0.877685 0.0656388 0.474721 30.0769 -0.0479222 0.997632 -0.0493399 -2.7714 0 0 0 1 
			15 2
			1.37369e-06 -0.0998331 0.995004 28.4419 0 -0.995004 -0.0998331 -2.8537 1 1.3714e-07 -1.36683e-06 -5.53938 0 0 0 1 
			16 15
			1.37369e-06 0.0998335 0.995004 16.029 0 -0.995004 0.0998335 0.337498 1 -1.3714e-07 -1.36683e-06 -5.53938 0 0 0 1 
			17 16
			1.3716e-06 -6.00745e-14 1 3.38056 0 -1 -6.00745e-14 5.01e-06 1 8.23984e-20 -1.3716e-06 -5.53938 0 0 0 1 
			18 17
			1.3716e-06 -1 -6.12323e-17 -7.15885 0 6.12323e-17 -1 -0.467524 1 1.3716e-06 8.39865e-23 -5.53938 0 0 0 1 
			19 18
			1 -0 0 0 0 1 0 0 -0 -0 1 -0 0 0 0 1 
			20 2
			1.37369e-06 -0.0998331 0.995004 28.4419 0 -0.995004 -0.0998331 -2.8537 1 1.3714e-07 -1.36683e-06 5.53939 0 0 0 1 
			21 20
			1.37369e-06 0.0998335 0.995004 16.029 0 -0.995004 0.0998335 0.337498 1 -1.3714e-07 -1.36683e-06 5.53939 0 0 0 1 
			22 21
			1.3716e-06 -6.00745e-14 1 3.38056 0 -1 -6.00745e-14 5.01e-06 1 8.23984e-20 -1.3716e-06 5.53939 0 0 0 1 
			23 22
			1.3716e-06 -1 -6.12323e-17 -7.15885 0 6.12323e-17 -1 -0.467524 1 1.3716e-06 8.39865e-23 5.53939 0 0 0 1 
			24 23
			1 -0 0 0 0 1 0 0 -0 -0 1 -0 0 0 0 1 
	</skeleton>
		<animations>
			49
			0
				-1
				0.573578 0.819151 -5.04841e-33 -2.08697e-07 -0.819151 0.573578 -3.53494e-33 -5.65 -0 6.16298e-33 1 -23.6095 0 0 0 1 
				0
				0.563311 0.826245 0 0.00551022 -0.826245 0.563311 0 -5.41663 -0 -0 1 -23.8514 0 0 0 1 
				1
				0.553318 0.83297 8.54366e-33 0.0206381 -0.83297 0.553318 -1.72349e-33 -5.19086 -6.16298e-33 -6.16298e-33 1 -24.111 0 0 0 1 
				2
				0.543522 0.839395 -1.52625e-33 0.0431368 -0.839395 0.543522 1.36961e-32 -4.97091 1.2326e-32 -6.16298e-33 1 -24.3841 0 0 0 1 
				3
				0.533846 0.845581 -1.36887e-33 0.0707597 -0.845581 0.533846 1.37127e-32 -4.75501 1.2326e-32 -6.16298e-33 1 -24.6667 0 0 0 1 
				4
				0.524213 0.851587 0 0.101331 -0.851587 0.524213 0 -4.54143 -0 -0 1 -24.9547 0 0 0 1 
				5
				0.514543 0.857465 0 0.132675 -0.857465 0.514543 0 -4.32847 -0 -0 1 -25.2442 0 0 0 1 
				6
				0.504749 0.863266 0 0.162544 -0.863266 0.504749 0 -4.11434 -0 -0 1 -25.5309 0 0 0 1 
				7
				0.494744 0.869039 0 0.188693 -0.869039 0.494744 0 -3.89728 -0 -0 1 -25.8107 0 0 0 1 
				8
				0.484441 0.874824 0 0.208945 -0.874824 0.484441 0 -3.67555 -0 -0 1 -26.0798 0 0 0 1 
				9
				0.473751 0.880659 -2.50776e-33 0.221124 -0.880659 0.473751 -8.3472e-33 -3.44745 -6.16298e-33 6.16298e-33 1 -26.334 0 0 0 1 
				10
				0.46258 0.886578 -2.85087e-33 0.222985 -0.886578 0.46258 5.46396e-33 -3.2112 6.16298e-33 -0 1 -26.5692 0 0 0 1 
				11
				0.45083 0.89261 0 0.212279 -0.89261 0.45083 0 -2.96502 -0 -0 1 -26.7813 0 0 0 1 
				12
				0.438406 0.898777 -2.76957e-33 0.186832 -0.898777 0.438406 -1.35094e-33 -2.70719 -0 3.08149e-33 1 -26.9663 0 0 0 1 
				13
				0.42521 0.905095 -3.126e-33 0.144468 -0.905095 0.42521 -1.5087e-32 -2.436 -1.2326e-32 9.24446e-33 1 -27.1201 0 0 0 1 
				14
				0.411136 0.911574 0 0.0829393 -0.911574 0.411136 0 -2.14967 -0 -0 1 -27.2388 0 0 0 1 
				15
				0.396081 0.918216 0 -9.21889e-08 -0.918216 0.396081 0 -1.84643 -0 -0 1 -27.3181 0 0 0 1 
				16
				0.377331 0.926079 1.79726e-33 -0.169175 -0.926079 0.377331 -1.25775e-32 -1.46126 -1.2326e-32 3.08149e-33 1 -27.2587 0 0 0 1 
				17
				0.353315 0.935505 -2.88275e-33 -0.459939 -0.935505 0.353315 -1.08874e-33 -0.959988 -0 3.08149e-33 1 -27.0047 0 0 0 1 
				18
				0.325807 0.945436 2.91335e-33 -0.827359 -0.945436 0.325807 1.00397e-33 -0.390221 -0 -3.08149e-33 1 -26.6212 0 0 0 1 
				19
				0.296659 0.954984 0 -1.2265 -0.954984 0.296659 0 0.200446 -0 -0 1 -26.1733 0 0 0 1 
				20
				0.267742 0.963491 -3.30018e-33 -1.61386 -0.963491 0.267742 1.18759e-32 0.765913 1.2326e-32 -0 1 -25.7242 0 0 0 1 
				21
				0.240997 0.970526 0 -1.9459 -0.970526 0.240997 0 1.26008 -0 -0 1 -25.337 0 0 0 1 
				22
				0.218468 0.975844 0 -2.17769 -0.975844 0.218468 0 1.63535 -0 -0 1 -25.0767 0 0 0 1 
				23
				0.202219 0.97934 0 -2.26432 -0.97934 0.202219 0 1.84412 -0 -0 1 -25.0085 0 0 0 1 
				24
				0.190079 0.981769 -6.82402e-34 -2.25662 -0.981769 0.190079 -1.2687e-32 1.94525 -1.2326e-32 3.08149e-33 1 -25.0659 0 0 0 1 
				25
				0.178563 0.983929 0 -2.23418 -0.983929 0.178563 0 2.02809 -0 -0 1 -25.1408 0 0 0 1 
				26
				0.167632 0.98585 -1.51894e-33 -2.19797 -0.98585 0.167632 -2.58278e-34 2.09389 -0 1.54074e-33 1 -25.2321 0 0 0 1 
				27
				0.157247 0.987559 3.4598e-33 -2.149 -0.987559 0.157247 -1.19303e-32 2.14388 -1.2326e-32 -1.54074e-33 1 -25.3386 0 0 0 1 
				28
				0.147369 0.989082 -1.81647e-33 -2.08824 -0.989082 0.147369 1.21914e-32 2.17926 1.2326e-32 -0 1 -25.4592 0 0 0 1 
				29
				0.137959 0.990438 1.74467e-34 -2.01666 -0.990438 0.137959 -1.24206e-32 2.20123 -1.2326e-32 1.54074e-33 1 -25.5926 0 0 0 1 
				30
				0.128975 0.991648 -1.52788e-33 -1.93524 -0.991648 0.128975 -1.98717e-34 2.21102 -0 1.54074e-33 1 -25.7378 0 0 0 1 
				31
				0.120374 0.992729 0 -1.845 -0.992729 0.120374 0 2.20987 -0 -0 1 -25.8934 0 0 0 1 
				32
				0.112115 0.993695 -1.38192e-33 -1.74689 -0.993695 0.112115 1.22482e-32 2.19898 1.2326e-32 -0 1 -26.0584 0 0 0 1 
				33
				0.104157 0.994561 -7.66182e-34 -1.64189 -0.994561 0.104157 -8.02393e-35 2.17955 -0 7.70372e-34 1 -26.2316 0 0 0 1 
				34
				0.0964557 0.995337 4.22128e-34 -1.53099 -0.995337 0.0964557 -1.23428e-32 2.15282 -1.2326e-32 7.70372e-34 1 -26.4118 0 0 0 1 
				35
				0.0889682 0.996035 -7.67317e-34 -1.4152 -0.996035 0.0889682 -6.85386e-35 2.12001 -0 7.70372e-34 1 -26.5979 0 0 0 1 
				36
				0.0816518 0.996661 0 -1.29547 -0.996661 0.0816518 0 2.08233 -0 -0 1 -26.7886 0 0 0 1 
				37
				0.0744641 0.997224 0 -1.17278 -0.997224 0.0744641 0 2.04099 -0 -0 1 -26.9829 0 0 0 1 
				38
				0.0673608 0.997729 0 -1.04812 -0.997729 0.0673608 0 1.9972 -0 -0 1 -27.1795 0 0 0 1 
				39
				0.0602972 0.99818 -7.6897e-34 -0.922499 -0.99818 0.0602972 -4.64513e-35 1.95222 -0 7.70372e-34 1 -27.3773 0 0 0 1 
				40
				0.0532306 0.998582 -7.6928e-34 -0.796875 -0.998582 0.0532306 -4.10074e-35 1.90724 -0 7.70372e-34 1 -27.575 0 0 0 1 
				41
				0.0461181 0.998936 3.84776e-34 -0.672219 -0.998936 0.0461181 1.7764e-35 1.86346 -0 -3.85186e-34 1 -27.7716 0 0 0 1 
				42
				0.0389148 0.999243 -6.75021e-34 -0.549528 -0.999243 0.0389148 -1.23616e-32 1.82211 -1.2326e-32 1.15556e-33 1 -27.9659 0 0 0 1 
				43
				0.0315765 0.999501 -3.80777e-34 -0.429801 -0.999501 0.0315765 -1.23441e-32 1.78444 -1.2326e-32 7.70372e-34 1 -28.1567 0 0 0 1 
				44
				0.0240593 0.999711 -2.96554e-34 -0.314004 -0.999711 0.0240593 1.23224e-32 1.75163 1.2326e-32 -0 1 -28.3427 0 0 0 1 
				45
				0.016321 0.999867 8.6044e-36 -0.203107 -0.999867 0.016321 -1.23275e-32 1.7249 -1.2326e-32 1.92593e-34 1 -28.5229 0 0 0 1 
				46
				0.00831642 0.999965 1.02508e-34 -0.0981057 -0.999965 0.00831642 -1.23255e-32 1.70546 -1.2326e-32 -0 1 -28.6962 0 0 0 1 
				47
				1.46474e-06 1 0 1.12463e-07 -1 1.46474e-06 0 1.69458 -0 -0 1 -28.8612 0 0 0 1 
		</Joint>
			1
				-1
				1.33158e-06 0.573579 -0.819151 -2.08697e-07 0 -0.819151 -0.573579 -5.65 -1 7.63766e-07 -1.09077e-06 -23.6095 0 0 0 1 
				0
				1.33158e-06 0.563313 -0.826244 0.00551022 0 -0.826244 -0.563313 -5.41663 -1 7.50096e-07 -1.10021e-06 -23.8514 0 0 0 1 
				1
				1.33158e-06 0.553319 -0.83297 0.0206381 0 -0.83297 -0.553319 -5.19086 -1 7.36789e-07 -1.10917e-06 -24.111 0 0 0 1 
				2
				1.33158e-06 0.543523 -0.839394 0.0431368 0 -0.839394 -0.543523 -4.97091 -1 7.23745e-07 -1.11772e-06 -24.3841 0 0 0 1 
				3
				1.33158e-06 0.533847 -0.845581 0.0707597 0 -0.845581 -0.533847 -4.75501 -1 7.10861e-07 -1.12596e-06 -24.6667 0 0 0 1 
				4
				1.33158e-06 0.524215 -0.851586 0.101331 0 -0.851586 -0.524215 -4.54143 -1 6.98034e-07 -1.13396e-06 -24.9547 0 0 0 1 
				5
				1.33158e-06 0.514544 -0.857464 0.132675 0 -0.857464 -0.514544 -4.32847 -1 6.85156e-07 -1.14178e-06 -25.2442 0 0 0 1 
				6
				1.33158e-06 0.50475 -0.863266 0.162544 0 -0.863266 -0.50475 -4.11434 -1 6.72115e-07 -1.14951e-06 -25.5309 0 0 0 1 
				7
				1.33158e-06 0.494745 -0.869038 0.188693 0 -0.869038 -0.494745 -3.89728 -1 6.58793e-07 -1.15719e-06 -25.8107 0 0 0 1 
				8
				1.33158e-06 0.484442 -0.874823 0.208945 0 -0.874823 -0.484442 -3.67555 -1 6.45074e-07 -1.1649e-06 -26.0798 0 0 0 1 
				9
				1.33158e-06 0.473753 -0.880658 0.221124 0 -0.880658 -0.473753 -3.44745 -1 6.3084e-07 -1.17267e-06 -26.334 0 0 0 1 
				10
				1.33158e-06 0.462581 -0.886577 0.222985 0 -0.886577 -0.462581 -3.2112 -1 6.15964e-07 -1.18055e-06 -26.5692 0 0 0 1 
				11
				1.33158e-06 0.450832 -0.892609 0.212279 0 -0.892609 -0.450832 -2.96502 -1 6.00318e-07 -1.18858e-06 -26.7813 0 0 0 1 
				12
				1.33158e-06 0.438408 -0.898776 0.186832 0 -0.898776 -0.438408 -2.70719 -1 5.83775e-07 -1.19679e-06 -26.9663 0 0 0 1 
				13
				1.33158e-06 0.425211 -0.905094 0.144468 0 -0.905094 -0.425211 -2.436 -1 5.66203e-07 -1.20521e-06 -27.1201 0 0 0 1 
				14
				1.33158e-06 0.411138 -0.911573 0.0829393 0 -0.911573 -0.411138 -2.14967 -1 5.47463e-07 -1.21383e-06 -27.2388 0 0 0 1 
				15
				1.33158e-06 0.396083 -0.918215 -9.21889e-08 0 -0.918215 -0.396083 -1.84643 -1 5.27416e-07 -1.22268e-06 -27.3181 0 0 0 1 
				16
				1.33158e-06 0.377332 -0.926078 -0.169175 0 -0.926078 -0.377332 -1.46126 -1 5.02448e-07 -1.23315e-06 -27.2587 0 0 0 1 
				17
				1.33158e-06 0.353316 -0.935504 -0.459939 0 -0.935504 -0.353316 -0.959988 -1 4.70469e-07 -1.2457e-06 -27.0047 0 0 0 1 
				18
				1.33158e-06 0.325808 -0.945436 -0.827359 0 -0.945436 -0.325808 -0.390221 -1 4.3384e-07 -1.25892e-06 -26.6212 0 0 0 1 
				19
				1.33158e-06 0.29666 -0.954983 -1.2265 0 -0.954983 -0.29666 0.200446 -1 3.95027e-07 -1.27164e-06 -26.1733 0 0 0 1 
				20
				1.33158e-06 0.267744 -0.96349 -1.61386 0 -0.96349 -0.267744 0.765913 -1 3.56523e-07 -1.28296e-06 -25.7242 0 0 0 1 
				21
				1.33158e-06 0.240998 -0.970526 -1.9459 0 -0.970526 -0.240998 1.26008 -1 3.20909e-07 -1.29233e-06 -25.337 0 0 0 1 
				22
				1.33158e-06 0.218469 -0.975844 -2.17769 0 -0.975844 -0.218469 1.63535 -1 2.9091e-07 -1.29941e-06 -25.0767 0 0 0 1 
				23
				1.33158e-06 0.20222 -0.97934 -2.26432 0 -0.97934 -0.20222 1.84412 -1 2.69273e-07 -1.30407e-06 -25.0085 0 0 0 1 
				24
				1.33158e-06 0.19008 -0.981769 -2.25662 0 -0.981769 -0.19008 1.94525 -1 2.53107e-07 -1.3073e-06 -25.0659 0 0 0 1 
				25
				1.33158e-06 0.178564 -0.983928 -2.23418 0 -0.983928 -0.178564 2.02809 -1 2.37772e-07 -1.31018e-06 -25.1408 0 0 0 1 
				26
				1.33158e-06 0.167633 -0.985849 -2.19797 0 -0.985849 -0.167633 2.09389 -1 2.23217e-07 -1.31274e-06 -25.2321 0 0 0 1 
				27
				1.33158e-06 0.157248 -0.987559 -2.149 0 -0.987559 -0.157248 2.14388 -1 2.09389e-07 -1.31501e-06 -25.3386 0 0 0 1 
				28
				1.33158e-06 0.147371 -0.989081 -2.08824 0 -0.989081 -0.147371 2.17926 -1 1.96236e-07 -1.31704e-06 -25.4592 0 0 0 1 
				29
				1.33158e-06 0.137961 -0.990438 -2.01666 0 -0.990438 -0.137961 2.20123 -1 1.83706e-07 -1.31885e-06 -25.5926 0 0 0 1 
				30
				1.33158e-06 0.128976 -0.991648 -1.93524 0 -0.991648 -0.128976 2.21102 -1 1.71742e-07 -1.32046e-06 -25.7378 0 0 0 1 
				31
				1.33158e-06 0.120375 -0.992729 -1.845 0 -0.992729 -0.120375 2.20987 -1 1.60289e-07 -1.3219e-06 -25.8934 0 0 0 1 
				32
				1.33158e-06 0.112116 -0.993695 -1.74689 0 -0.993695 -0.112116 2.19898 -1 1.49292e-07 -1.32319e-06 -26.0584 0 0 0 1 
				33
				1.33158e-06 0.104158 -0.994561 -1.64189 0 -0.994561 -0.104158 2.17955 -1 1.38695e-07 -1.32434e-06 -26.2316 0 0 0 1 
				34
				1.33158e-06 0.096457 -0.995337 -1.53099 0 -0.995337 -0.096457 2.15282 -1 1.2844e-07 -1.32537e-06 -26.4118 0 0 0 1 
				35
				1.33158e-06 0.0889695 -0.996034 -1.4152 0 -0.996034 -0.0889695 2.12001 -1 1.1847e-07 -1.3263e-06 -26.5979 0 0 0 1 
				36
				1.33158e-06 0.0816531 -0.996661 -1.29547 0 -0.996661 -0.0816531 2.08233 -1 1.08728e-07 -1.32713e-06 -26.7886 0 0 0 1 
				37
				1.33158e-06 0.0744654 -0.997224 -1.17278 0 -0.997224 -0.0744654 2.04099 -1 9.91567e-08 -1.32788e-06 -26.9829 0 0 0 1 
				38
				1.33158e-06 0.0673621 -0.997729 -1.04812 0 -0.997729 -0.0673621 1.9972 -1 8.9698e-08 -1.32856e-06 -27.1795 0 0 0 1 
				39
				1.33158e-06 0.0602985 -0.99818 -0.922499 0 -0.99818 -0.0602985 1.95222 -1 8.02923e-08 -1.32916e-06 -27.3773 0 0 0 1 
				40
				1.33158e-06 0.0532319 -0.998582 -0.796875 0 -0.998582 -0.0532319 1.90724 -1 7.08826e-08 -1.32969e-06 -27.575 0 0 0 1 
				41
				1.33158e-06 0.0461194 -0.998936 -0.672219 0 -0.998936 -0.0461194 1.86346 -1 6.14117e-08 -1.33016e-06 -27.7716 0 0 0 1 
				42
				1.33158e-06 0.0389161 -0.999242 -0.549528 0 -0.999242 -0.0389161 1.82211 -1 5.182e-08 -1.33057e-06 -27.9659 0 0 0 1 
				43
				1.33158e-06 0.0315778 -0.999501 -0.429801 0 -0.999501 -0.0315778 1.78444 -1 4.20485e-08 -1.33092e-06 -28.1567 0 0 0 1 
				44
				1.33158e-06 0.0240607 -0.999711 -0.314004 0 -0.999711 -0.0240607 1.75163 -1 3.20387e-08 -1.3312e-06 -28.3427 0 0 0 1 
				45
				1.33158e-06 0.0163223 -0.999867 -0.203107 0 -0.999867 -0.0163223 1.7249 -1 2.17345e-08 -1.3314e-06 -28.5229 0 0 0 1 
				46
				1.33158e-06 0.00831776 -0.999965 -0.0981057 0 -0.999965 -0.00831776 1.70546 -1 1.10758e-08 -1.33153e-06 -28.6962 0 0 0 1 
				47
				1.33158e-06 2.79632e-06 -1 1.12463e-07 0 -1 -2.79632e-06 1.69458 -1 3.72352e-12 -1.33158e-06 -28.8612 0 0 0 1 
		</Joint>
			2
				-1
				0.100159 0.698444 -0.708621 -0.00475216 -0.142798 -0.694739 -0.704945 -5.64527 -0.984671 0.171796 0.0301521 -27.3953 0 0 0 1 
				0
				0.0902525 0.700587 -0.707837 0.000743673 -0.133412 -0.695827 -0.70571 -5.41189 -0.986943 0.158126 0.0306668 -27.6371 0 0 0 1 
				1
				0.0798383 0.705035 -0.704665 0.0158412 -0.122494 -0.694624 -0.708867 -5.18613 -0.989253 0.142912 0.0309047 -27.8966 0 0 0 1 
				2
				0.0690079 0.711155 -0.69964 0.0382984 -0.110404 -0.69156 -0.713831 -4.9662 -0.991488 0.126503 0.0307916 -28.1697 0 0 0 1 
				3
				0.0578639 0.718321 -0.693301 0.0658724 -0.0974998 -0.687079 -0.720012 -4.75033 -0.993552 0.109259 0.0302792 -28.4521 0 0 0 1 
				4
				0.0465245 0.725948 -0.686174 0.0963917 -0.0841133 -0.681631 -0.726845 -4.53679 -0.995369 0.0915325 0.0293493 -28.74 0 0 0 1 
				5
				0.0351295 0.733479 -0.678804 0.127684 -0.0705657 -0.675707 -0.733785 -4.32387 -0.996888 0.0736778 0.0280212 -29.0293 0 0 0 1 
				6
				0.0238475 0.740375 -0.671772 0.157506 -0.0571732 -0.669853 -0.74029 -4.10978 -0.998079 0.0560614 0.0263552 -29.3159 0 0 0 1 
				7
				0.0128718 0.746132 -0.665674 0.183616 -0.0442342 -0.664653 -0.745842 -3.89275 -0.998938 0.0390459 0.0244493 -29.5957 0 0 0 1 
				8
				0.00240754 0.750293 -0.661102 0.20384 -0.0320231 -0.660707 -0.749961 -3.67105 -0.999484 0.0229761 0.022436 -29.8646 0 0 0 1 
				9
				-0.00732756 0.752419 -0.658644 0.216005 -0.0208016 -0.658634 -0.752176 -3.44297 -0.999757 0.00818921 0.0204777 -30.1187 0 0 0 1 
				10
				-0.0161032 0.752058 -0.6589 0.217868 -0.0108311 -0.659078 -0.751997 -3.20671 -0.999812 -0.00497293 0.0187588 -30.3538 0 0 0 1 
				11
				-0.0236938 0.748739 -0.662441 0.207185 -0.00237128 -0.662667 -0.74891 -2.96051 -0.999717 -0.0161737 0.0174766 -30.5658 0 0 0 1 
				12
				-0.0298997 0.741961 -0.669776 0.181784 0.00431792 -0.669973 -0.742372 -2.70263 -0.999544 -0.0250887 0.0168282 -30.7508 0 0 0 1 
				13
				-0.0345516 0.731147 -0.681344 0.139493 0.00895893 -0.681497 -0.731766 -2.43136 -0.999363 -0.0313878 0.0169965 -30.9046 0 0 0 1 
				14
				-0.037522 0.715598 -0.697503 0.0780706 0.0112369 -0.697649 -0.716352 -2.14492 -0.999233 -0.0347167 0.0181361 -31.0232 0 0 0 1 
				15
				-0.0387548 0.694476 -0.718472 -0.00472503 0.0107951 -0.718679 -0.695258 -1.84153 -0.99919 -0.0347006 0.0203554 -31.1025 0 0 0 1 
				16
				-0.0348489 0.65256 -0.756935 -0.173614 -7.88922e-05 -0.757397 -0.652955 -1.4561 -0.999393 -0.022695 0.0264459 -31.0432 0 0 0 1 
				17
				-0.0259347 0.577756 -0.815797 -0.463869 -0.0265297 -0.816182 -0.577185 -0.954431 -0.999312 0.00667379 0.0364951 -30.7894 0 0 0 1 
				18
				-0.0177312 0.47558 -0.879494 -0.830593 -0.0643882 -0.878349 -0.473663 -0.384241 -0.997767 0.0482305 0.0461959 -30.4062 0 0 0 1 
				19
				-0.0146435 0.355357 -0.934616 -1.22892 -0.108316 -0.929779 -0.351821 0.206776 -0.994009 0.0960823 0.0521062 -29.9587 0 0 0 1 
				20
				-0.0183584 0.230199 -0.972971 -1.61542 -0.152174 -0.962441 -0.224836 0.772466 -0.988183 0.143933 0.0526991 -29.5099 0 0 0 1 
				21
				-0.027495 0.11554 -0.992922 -1.94668 -0.189755 -0.975841 -0.108298 1.26672 -0.981447 0.185434 0.0487549 -29.1229 0 0 0 1 
				22
				-0.0380071 0.0271085 -0.99891 -2.17787 -0.215505 -0.976332 -0.0182961 1.642 -0.975763 0.214575 0.0429495 -28.8628 0 0 0 1 
				23
				-0.0446762 -0.0209207 -0.998783 -2.26417 -0.224889 -0.973908 0.0304591 1.85075 -0.97336 0.225976 0.0388057 -28.7947 0 0 0 1 
				24
				-0.0475227 -0.0426447 -0.99796 -2.25633 -0.224016 -0.973184 0.0522536 1.95188 -0.973426 0.226043 0.0366952 -28.8521 0 0 0 1 
				25
				-0.0496484 -0.0605267 -0.996931 -2.23376 -0.221682 -0.972597 0.0700893 2.03472 -0.973854 0.224482 0.0348702 -28.927 0 0 0 1 
				26
				-0.0510488 -0.0748362 -0.995888 -2.19745 -0.218011 -0.972304 0.0842391 2.10051 -0.97461 0.221415 0.0333199 -29.0183 0 0 0 1 
				27
				-0.0517423 -0.0858437 -0.994964 -2.14841 -0.213116 -0.972399 0.0949797 2.1505 -0.975656 0.216957 0.0320195 -29.1248 0 0 0 1 
				28
				-0.0517618 -0.093805 -0.994244 -2.0876 -0.2071 -0.972928 0.102576 2.18589 -0.97695 0.211217 0.0309335 -29.2453 0 0 0 1 
				29
				-0.0511535 -0.0989733 -0.993774 -2.01598 -0.200057 -0.973892 0.107291 2.20786 -0.978448 0.2043 0.0300177 -29.3787 0 0 0 1 
				30
				-0.0499759 -0.101605 -0.993569 -1.93454 -0.19208 -0.975263 0.109394 2.21766 -0.980106 0.196312 0.0292234 -29.5238 0 0 0 1 
				31
				-0.0482942 -0.101952 -0.993617 -1.8443 -0.183258 -0.976987 0.109153 2.21652 -0.981878 0.187359 0.0284993 -29.6793 0 0 0 1 
				32
				-0.0461753 -0.100258 -0.99389 -1.7462 -0.173673 -0.978993 0.106824 2.20565 -0.98372 0.177545 0.0277932 -29.8443 0 0 0 1 
				33
				-0.0436877 -0.0967625 -0.994348 -1.64123 -0.16341 -0.981202 0.102663 2.18623 -0.98559 0.166972 0.0270545 -30.0174 0 0 0 1 
				34
				-0.0409021 -0.0917165 -0.994945 -1.53036 -0.152554 -0.98353 0.0969358 2.15951 -0.987448 0.155748 0.0262367 -30.1976 0 0 0 1 
				35
				-0.0378869 -0.0853699 -0.995629 -1.41461 -0.141194 -0.985891 0.0899078 2.12672 -0.989257 0.143983 0.0252986 -30.3836 0 0 0 1 
				36
				-0.0347041 -0.0779666 -0.996352 -1.29493 -0.129417 -0.988207 0.0818371 2.08906 -0.990983 0.131785 0.0242046 -30.5742 0 0 0 1 
				37
				-0.031411 -0.0697528 -0.99707 -1.1723 -0.117314 -0.990409 0.0729827 2.04773 -0.992598 0.119263 0.0229268 -30.7684 0 0 0 1 
				38
				-0.0280605 -0.0609857 -0.997744 -1.0477 -0.104982 -0.992437 0.0636139 2.00396 -0.994078 0.10653 0.0214459 -30.9649 0 0 0 1 
				39
				-0.0246977 -0.0519252 -0.998346 -0.922139 -0.0925204 -0.994245 0.0540008 1.95899 -0.995404 0.093701 0.0197514 -31.1626 0 0 0 1 
				40
				-0.0213591 -0.042825 -0.998854 -0.796578 -0.08003 -0.995803 0.0444055 1.91402 -0.996564 0.0808867 0.0178422 -31.3603 0 0 0 1 
				41
				-0.0180734 -0.0339405 -0.99926 -0.671982 -0.0676135 -0.997094 0.0350899 1.87025 -0.997548 0.0681977 0.015726 -31.5568 0 0 0 1 
				42
				-0.0148624 -0.0255383 -0.999563 -0.549348 -0.0553802 -0.998118 0.0263248 1.82891 -0.998355 0.0557473 0.0134201 -31.751 0 0 0 1 
				43
				-0.0117399 -0.017885 -0.999771 -0.429673 -0.0434413 -0.998887 0.0183793 1.79124 -0.998987 0.0436471 0.0109499 -31.9416 0 0 0 1 
				44
				-0.00871304 -0.0112411 -0.999899 -0.313922 -0.0319061 -0.999425 0.0115138 1.75843 -0.999453 0.0320031 0.00834937 -32.1276 0 0 0 1 
				45
				-0.0057833 -0.00586598 -0.999966 -0.203061 -0.0208853 -0.999764 0.00598558 1.7317 -0.999765 0.0209192 0.00565942 -32.3078 0 0 0 1 
				46
				-0.00294796 -0.00202958 -0.999994 -0.0980866 -0.0104942 -0.999943 0.00206042 1.71227 -0.999941 0.0105002 0.0029265 -32.4809 0 0 0 1 
				47
				-0.000201565 -1.14914e-06 -1 5.35066e-06 -0.0008487 -0.999999 1.32021e-06 1.70138 -1 0.0008487 0.000201564 -32.6458 0 0 0 1 
		</Joint>
			3
				-1
				0.220011 0.783304 -0.581404 0.846934 -0.261163 -0.526954 -0.808773 -6.86355 -0.939888 0.32978 0.0886339 -35.823 0 0 0 1 
				0
				0.200966 0.797444 -0.568943 0.767569 -0.243629 -0.521857 -0.817503 -6.5499 -0.948819 0.302901 0.0894048 -36.0841 0 0 0 1 
				1
				0.180617 0.814701 -0.551035 0.693439 -0.223108 -0.511707 -0.829686 -6.23078 -0.957915 0.272796 0.0893438 -36.3632 0 0 0 1 
				2
				0.158986 0.833762 -0.528739 0.623094 -0.200444 -0.497138 -0.844201 -5.9075 -0.966719 0.240199 0.0880845 -36.6551 0 0 0 1 
				3
				0.136173 0.853386 -0.50318 0.555179 -0.176453 -0.478897 -0.859955 -5.58134 -0.974844 0.20589 0.08537 -36.955 0 0 0 1 
				4
				0.11237 0.872497 -0.475523 0.488541 -0.151891 -0.457848 -0.875959 -5.2534 -0.981989 0.170659 0.0810755 -37.2582 0 0 0 1 
				5
				0.0878779 0.890192 -0.447031 0.422209 -0.127453 -0.435031 -0.891349 -4.92471 -0.987944 0.135305 0.0752281 -37.5603 0 0 0 1 
				6
				0.0631098 0.905751 -0.419085 0.35539 -0.103781 -0.41169 -0.905396 -4.59619 -0.992596 0.100632 0.0680181 -37.8568 0 0 0 1 
				7
				0.0385753 0.918673 -0.393132 0.287496 -0.0814224 -0.389227 -0.917537 -4.2686 -0.995933 0.067404 0.059786 -38.1437 0 0 0 1 
				8
				0.0148381 0.928671 -0.370608 0.218113 -0.0608163 -0.369124 -0.927388 -3.94255 -0.998039 0.0362997 0.0510013 -38.4171 0 0 0 1 
				9
				-0.00749614 0.935612 -0.352951 0.146931 -0.0423181 -0.352942 -0.934688 -3.61855 -0.999076 0.00792968 0.042239 -38.6733 0 0 0 1 
				10
				-0.0277893 0.939426 -0.341622 0.0736777 -0.0262276 -0.342322 -0.939216 -3.29706 -0.99927 -0.0171403 0.0341518 -38.9087 0 0 0 1 
				11
				-0.0454164 0.940038 -0.338032 -0.00195984 -0.0128069 -0.338901 -0.940735 -2.97849 -0.998886 -0.0383957 0.0274307 -39.1198 0 0 0 1 
				12
				-0.0598143 0.937254 -0.343479 -0.0804429 -0.00231339 -0.344224 -0.938885 -2.66334 -0.998207 -0.0553642 0.0227578 -39.3031 0 0 0 1 
				13
				-0.070495 0.930611 -0.359157 -0.162494 0.00493703 -0.359723 -0.933046 -2.35225 -0.9975 -0.0675482 0.0207642 -39.4553 0 0 0 1 
				14
				-0.0770682 0.919208 -0.386156 -0.249255 0.00849884 -0.386688 -0.922171 -2.04614 -0.99699 -0.074352 0.0219891 -39.5728 0 0 0 1 
				15
				-0.0793162 0.90156 -0.425323 -0.34248 0.00774504 -0.426097 -0.904645 -1.74626 -0.99682 -0.0750471 0.0268137 -39.6517 0 0 0 1 
				16
				-0.0683325 0.858673 -0.507948 -0.477655 -0.0106643 -0.509737 -0.860264 -1.4533 -0.997606 -0.0533671 0.0439887 -39.5943 0 0 0 1 
				17
				-0.0447725 0.764919 -0.642569 -0.690994 -0.0580543 -0.644119 -0.762719 -1.17705 -0.997309 0.00315512 0.0732457 -39.3402 0 0 0 1 
				18
				-0.0250609 0.613245 -0.789495 -0.986491 -0.129822 -0.785052 -0.605673 -0.92984 -0.99122 0.0873156 0.0992871 -38.9443 0 0 0 1 
				19
				-0.0227258 0.413796 -0.910086 -1.35704 -0.215304 -0.890986 -0.399735 -0.713979 -0.976283 0.186861 0.10934 -38.4653 0 0 0 1 
				20
				-0.0425574 0.195387 -0.979802 -1.77384 -0.299155 -0.938188 -0.174095 -0.523239 -0.953255 0.285704 0.0983778 -37.9674 0 0 0 1 
				21
				-0.0784695 -0.00442977 -0.996907 -2.18191 -0.366589 -0.929798 0.0329869 -0.350607 -0.927068 0.368043 0.0713369 -37.5233 0 0 0 1 
				22
				-0.115716 -0.152518 -0.981503 -2.50205 -0.408313 -0.893487 0.18698 -0.195917 -0.905478 0.422397 0.0411159 -37.2149 0 0 0 1 
				23
				-0.137018 -0.226971 -0.964215 -2.6449 -0.421159 -0.867686 0.264096 -0.0676308 -0.896577 0.442274 0.0232977 -37.1264 0 0 0 1 
				24
				-0.144284 -0.256084 -0.955826 -2.66122 -0.417924 -0.859787 0.29344 0.0409028 -0.896951 0.441801 0.0170301 -37.1844 0 0 0 1 
				25
				-0.149141 -0.278676 -0.948734 -2.65668 -0.412485 -0.854464 0.315828 0.143679 -0.898673 0.438441 0.0124859 -37.2629 0 0 0 1 
				26
				-0.151662 -0.295335 -0.943279 -2.63225 -0.405084 -0.851924 0.331862 0.240874 -0.901613 0.432438 0.00956923 -37.3607 0 0 0 1 
				27
				-0.151977 -0.306589 -0.939631 -2.58906 -0.395903 -0.852193 0.342093 0.332751 -0.905629 0.423993 0.00813429 -37.476 0 0 0 1 
				28
				-0.150249 -0.312894 -0.937829 -2.52837 -0.385077 -0.855162 0.347006 0.419633 -0.910572 0.413273 0.00799916 -37.6075 0 0 0 1 
				29
				-0.14667 -0.314657 -0.937805 -2.45153 -0.372701 -0.860612 0.347046 0.501907 -0.916287 0.400422 0.00895337 -37.7537 0 0 0 1 
				30
				-0.141461 -0.312258 -0.939406 -2.36004 -0.358852 -0.868231 0.342637 0.580015 -0.922613 0.385578 0.0107665 -37.9128 0 0 0 1 
				31
				-0.134855 -0.306051 -0.942416 -2.25545 -0.343593 -0.877648 0.334184 0.65443 -0.929386 0.368874 0.0131987 -38.0835 0 0 0 1 
				32
				-0.127089 -0.296362 -0.946582 -2.13929 -0.326979 -0.888459 0.322065 0.72564 -0.936447 0.350443 0.0160095 -38.264 0 0 0 1 
				33
				-0.118401 -0.283517 -0.95163 -2.01311 -0.309069 -0.900242 0.306661 0.794124 -0.943641 0.330428 0.0189629 -38.453 0 0 0 1 
				34
				-0.109031 -0.267861 -0.957268 -1.87852 -0.28994 -0.912565 0.288376 0.860375 -0.950814 0.308992 0.0218342 -38.6489 0 0 0 1 
				35
				-0.0992127 -0.249756 -0.963213 -1.73709 -0.269684 -0.925011 0.267629 0.924875 -0.957824 0.286315 0.0244177 -38.8502 0 0 0 1 
				36
				-0.0891591 -0.229572 -0.969199 -1.59032 -0.248411 -0.937199 0.244845 0.988069 -0.964543 0.26259 0.0265314 -39.0555 0 0 0 1 
				37
				-0.0790658 -0.207704 -0.974991 -1.43966 -0.226256 -0.948789 0.22047 1.05038 -0.970854 0.238029 0.0280226 -39.2633 0 0 0 1 
				38
				-0.0691111 -0.184584 -0.980384 -1.28655 -0.20338 -0.959488 0.194987 1.1122 -0.976658 0.212866 0.0287705 -39.4724 0 0 0 1 
				39
				-0.0594462 -0.160674 -0.985216 -1.13237 -0.17997 -0.969063 0.168899 1.17393 -0.981874 0.187349 0.0286907 -39.6812 0 0 0 1 
				40
				-0.0501892 -0.13644 -0.989376 -0.978411 -0.156227 -0.977358 0.142707 1.23589 -0.986445 0.16173 0.0277372 -39.8886 0 0 0 1 
				41
				-0.0414279 -0.112365 -0.992803 -0.825864 -0.132372 -0.98428 0.116924 1.29841 -0.990334 0.136263 0.0259027 -40.0934 0 0 0 1 
				42
				-0.0332206 -0.0889608 -0.995481 -0.675914 -0.108645 -0.989807 0.0920794 1.36178 -0.993525 0.111213 0.0232169 -40.2943 0 0 0 1 
				43
				-0.0255933 -0.066748 -0.997442 -0.529673 -0.0852981 -0.993984 0.0687052 1.4263 -0.996027 0.0868382 0.0197458 -40.4902 0 0 0 1 
				44
				-0.0185405 -0.0462344 -0.998759 -0.388162 -0.0625842 -0.996918 0.047311 1.49222 -0.997867 0.0633836 0.0155898 -40.68 0 0 0 1 
				45
				-0.0120313 -0.0279263 -0.999538 -0.252357 -0.0407583 -0.998766 0.0283953 1.5598 -0.999097 0.0410811 0.0108782 -40.8627 0 0 0 1 
				46
				-0.00601244 -0.0123436 -0.999906 -0.123227 -0.0200837 -0.999721 0.0124621 1.62929 -0.99978 0.0201567 0.00576285 -41.0372 0 0 0 1 
				47
				-0.000413965 -9.0256e-07 -1 -0.00171938 -0.000821564 -1 1.24266e-06 1.70093 -1 0.000821565 0.000413963 -41.2025 0 0 0 1 
		</Joint>
			4
				-1
				0.220011 0.783304 -0.581404 2.72744 -0.261163 -0.526954 -0.808773 -9.09685 -0.939888 0.32978 0.0886339 -43.8662 0 0 0 1 
				0
				0.200966 0.797444 -0.568943 2.48508 -0.243629 -0.521857 -0.817503 -8.63318 -0.948819 0.302901 0.0894049 -44.2036 0 0 0 1 
				1
				0.180617 0.814702 -0.551034 2.23679 -0.223108 -0.511707 -0.829686 -8.1385 -0.957915 0.272796 0.0893438 -44.5605 0 0 0 1 
				2
				0.158986 0.833762 -0.528739 1.9813 -0.200444 -0.497138 -0.844201 -7.62133 -0.966719 0.240199 0.0880845 -44.9277 0 0 0 1 
				3
				0.136173 0.853386 -0.50318 1.71813 -0.176453 -0.478897 -0.859955 -7.08993 -0.974844 0.20589 0.0853701 -45.297 0 0 0 1 
				4
				0.11237 0.872497 -0.475523 1.44777 -0.151891 -0.457848 -0.875959 -6.55188 -0.981989 0.170659 0.0810755 -45.6612 0 0 0 1 
				5
				0.0878779 0.890192 -0.447031 1.17182 -0.127453 -0.435031 -0.891349 -6.01415 -0.987944 0.135305 0.0752281 -46.0141 0 0 0 1 
				6
				0.0631098 0.905751 -0.419085 0.893029 -0.103781 -0.41169 -0.905396 -5.48313 -0.992596 0.100632 0.0680181 -46.3504 0 0 0 1 
				7
				0.0385753 0.918673 -0.393132 0.615168 -0.0814224 -0.389227 -0.917536 -4.96428 -0.995933 0.067404 0.059786 -46.6657 0 0 0 1 
				8
				0.0148381 0.928671 -0.370608 0.342648 -0.0608164 -0.369124 -0.927388 -4.46197 -0.998039 0.0362997 0.0510013 -46.9571 0 0 0 1 
				9
				-0.00749614 0.935612 -0.352951 0.0803408 -0.0423181 -0.352942 -0.934688 -3.97973 -0.999076 0.00792968 0.042239 -47.2221 0 0 0 1 
				10
				-0.0277893 0.939426 -0.341622 -0.166564 -0.0262276 -0.342322 -0.939216 -3.52058 -0.99927 -0.0171403 0.0341518 -47.4591 0 0 0 1 
				11
				-0.0454164 0.940038 -0.338032 -0.393032 -0.0128069 -0.338901 -0.940735 -3.08718 -0.998886 -0.0383957 0.0274307 -47.6668 0 0 0 1 
				12
				-0.0598143 0.937254 -0.343479 -0.594706 -0.00231339 -0.344224 -0.938885 -2.68223 -0.998207 -0.0553642 0.0227578 -47.8443 0 0 0 1 
				13
				-0.070495 0.930611 -0.359157 -0.76813 0.00493703 -0.359723 -0.933046 -2.30907 -0.9975 -0.0675482 0.0207642 -47.9904 0 0 0 1 
				14
				-0.0770682 0.919208 -0.386156 -0.911106 0.00849884 -0.386688 -0.922171 -1.9724 -0.99699 -0.0743519 0.0219891 -48.1035 0 0 0 1 
				15
				-0.0793162 0.90156 -0.425323 -1.02352 0.00774504 -0.426097 -0.904645 -1.67887 -0.99682 -0.0750471 0.0268137 -48.1809 0 0 0 1 
				16
				-0.0683325 0.858673 -0.507948 -1.0646 -0.0106643 -0.509737 -0.860264 -1.54322 -0.997606 -0.0533671 0.0439887 -48.1303 0 0 0 1 
				17
				-0.0447725 0.764919 -0.642569 -1.0761 -0.0580544 -0.644119 -0.762719 -1.67211 -0.997309 0.00315513 0.0732457 -47.8738 0 0 0 1 
				18
				-0.0250609 0.613245 -0.789495 -1.20253 -0.129822 -0.785052 -0.605673 -2.03863 -0.99122 0.0873155 0.0992871 -47.4261 0 0 0 1 
				19
				-0.0227258 0.413796 -0.910086 -1.55258 -0.215304 -0.890986 -0.399735 -2.55393 -0.976283 0.186861 0.10934 -46.8195 0 0 0 1 
				20
				-0.0425574 0.195387 -0.979802 -2.1385 -0.299155 -0.938188 -0.174095 -3.08055 -0.953255 0.285704 0.0983778 -46.1248 0 0 0 1 
				21
				-0.0784695 -0.00442978 -0.996907 -2.85334 -0.366589 -0.929798 0.0329869 -3.48495 -0.927068 0.368043 0.0713369 -45.4569 0 0 0 1 
				22
				-0.115716 -0.152518 -0.981503 -3.49179 -0.408313 -0.893487 0.18698 -3.68737 -0.905478 0.422397 0.0411159 -44.9639 0 0 0 1 
				23
				-0.137018 -0.226971 -0.964215 -3.81672 -0.421159 -0.867686 0.264096 -3.66907 -0.896577 0.442274 0.0232977 -44.7993 0 0 0 1 
				24
				-0.144284 -0.256084 -0.955826 -3.89514 -0.417924 -0.859787 0.29344 -3.53288 -0.896951 0.441801 0.0170301 -44.8604 0 0 0 1 
				25
				-0.149141 -0.278676 -0.948734 -3.9321 -0.412485 -0.854464 0.315828 -3.38358 -0.898673 0.438441 0.0124859 -44.9537 0 0 0 1 
				26
				-0.151662 -0.295335 -0.943279 -3.9292 -0.405084 -0.851924 0.331862 -3.22306 -0.901613 0.432438 0.00956923 -45.0766 0 0 0 1 
				27
				-0.151977 -0.306589 -0.939631 -3.88868 -0.395903 -0.852193 0.342093 -3.05263 -0.905629 0.423993 0.00813427 -45.2263 0 0 0 1 
				28
				-0.150249 -0.312894 -0.937829 -3.81318 -0.385077 -0.855162 0.347006 -2.8731 -0.910572 0.413274 0.00799915 -45.4001 0 0 0 1 
				29
				-0.14667 -0.314657 -0.937805 -3.70572 -0.372701 -0.860612 0.347046 -2.68492 -0.916287 0.400422 0.00895335 -45.5951 0 0 0 1 
				30
				-0.141461 -0.312258 -0.939406 -3.56966 -0.358852 -0.868231 0.342637 -2.48829 -0.922613 0.385578 0.0107665 -45.8083 0 0 0 1 
				31
				-0.134855 -0.30605 -0.942416 -3.40856 -0.343593 -0.877648 0.334184 -2.28328 -0.929386 0.368874 0.0131987 -46.0369 0 0 0 1 
				32
				-0.127089 -0.296362 -0.946582 -3.22597 -0.326979 -0.888459 0.322065 -2.06988 -0.936447 0.350443 0.0160095 -46.2778 0 0 0 1 
				33
				-0.118401 -0.283517 -0.95163 -3.02549 -0.309069 -0.900242 0.306661 -1.84812 -0.943641 0.330428 0.0189629 -46.5283 0 0 0 1 
				34
				-0.109031 -0.267861 -0.957268 -2.81076 -0.28994 -0.912565 0.288376 -1.61815 -0.950814 0.308992 0.0218342 -46.7855 0 0 0 1 
				35
				-0.0992127 -0.249756 -0.963213 -2.58537 -0.269684 -0.925011 0.267629 -1.3803 -0.957824 0.286315 0.0244177 -47.0468 0 0 0 1 
				36
				-0.0891591 -0.229572 -0.969199 -2.35262 -0.248411 -0.937199 0.244845 -1.13505 -0.964543 0.26259 0.0265314 -47.3094 0 0 0 1 
				37
				-0.0790658 -0.207704 -0.974991 -2.11565 -0.226256 -0.948789 0.22047 -0.883137 -0.970854 0.238029 0.0280226 -47.5712 0 0 0 1 
				38
				-0.0691111 -0.184584 -0.980384 -1.87742 -0.20338 -0.959488 0.194987 -0.625539 -0.976658 0.212866 0.0287705 -47.8298 0 0 0 1 
				39
				-0.0594462 -0.160674 -0.985216 -1.64061 -0.17997 -0.969063 0.168899 -0.363474 -0.981874 0.187349 0.0286907 -48.0833 0 0 0 1 
				40
				-0.0501892 -0.13644 -0.989376 -1.40751 -0.156227 -0.977358 0.142707 -0.0983297 -0.986445 0.16173 0.0277372 -48.3297 0 0 0 1 
				41
				-0.0414279 -0.112365 -0.992803 -1.18005 -0.132372 -0.98428 0.116924 0.168326 -0.990334 0.136263 0.0259027 -48.5677 0 0 0 1 
				42
				-0.0332206 -0.0889608 -0.995481 -0.959939 -0.108645 -0.989807 0.0920794 0.434737 -0.993525 0.111213 0.0232169 -48.7959 0 0 0 1 
				43
				-0.0255933 -0.066748 -0.997442 -0.748491 -0.0852981 -0.993984 0.0687052 0.699032 -0.996027 0.0868382 0.0197458 -49.0131 0 0 0 1 
				44
				-0.0185405 -0.0462344 -0.998759 -0.546686 -0.0625842 -0.996918 0.047311 0.959316 -0.997867 0.0633836 0.0155898 -49.2186 0 0 0 1 
				45
				-0.0120313 -0.0279263 -0.999537 -0.355231 -0.0407583 -0.998766 0.0283953 1.21366 -0.999096 0.0410811 0.0108782 -49.4117 0 0 0 1 
				46
				-0.00601244 -0.0123436 -0.999906 -0.174641 -0.0200837 -0.999721 0.0124621 1.46005 -0.99978 0.0201567 0.00576285 -49.592 0 0 0 1 
				47
				-0.000413965 -9.0256e-07 -1 -0.00526154 -0.000821564 -1 1.24266e-06 1.69652 -1 0.000821565 0.000413963 -49.7592 0 0 0 1 
		</Joint>
			5
				-1
				-0.0818977 -0.00122425 -0.99664 3.45036 0.0298099 -0.999555 -0.00122176 -9.95498 -0.996195 -0.0298098 0.0818978 -46.9545 0 0 0 1 
				0
				-0.0810276 -0.000959878 -0.996712 3.14542 0.0300498 -0.999547 -0.00148028 -9.4337 -0.996259 -0.0300709 0.0810197 -47.3213 0 0 0 1 
				1
				-0.0802527 -0.000263415 -0.996774 2.83026 0.0302852 -0.999539 -0.00217419 -8.87159 -0.996314 -0.030362 0.0802237 -47.708 0 0 0 1 
				2
				-0.0795548 0.00076125 -0.99683 2.5037 0.0305119 -0.999529 -0.0031984 -8.27995 -0.996363 -0.0306696 0.0794941 -48.1041 0 0 0 1 
				3
				-0.0789131 0.00201439 -0.99688 2.16557 0.0307278 -0.999518 -0.00445214 -7.66973 -0.996408 -0.0309832 0.0788131 -48.5001 0 0 0 1 
				4
				-0.0782998 0.00340098 -0.996924 1.817 0.0309374 -0.999504 -0.00583965 -7.05096 -0.99645 -0.0312995 0.0781557 -48.8879 0 0 0 1 
				5
				-0.0776901 0.00482045 -0.996966 1.46057 0.0311411 -0.999489 -0.00725937 -6.43293 -0.996491 -0.0316106 0.0775002 -49.2603 0 0 0 1 
				6
				-0.0770616 0.00617495 -0.997007 1.1004 0.0313372 -0.999472 -0.00861236 -5.82413 -0.996534 -0.0319071 0.0768274 -49.6119 0 0 0 1 
				7
				-0.0763873 0.00736437 -0.997051 0.741919 0.0315287 -0.999455 -0.00979764 -5.23182 -0.996579 -0.0321841 0.0761135 -49.9382 0 0 0 1 
				8
				-0.0756463 0.00829027 -0.9971 0.391403 0.0317098 -0.99944 -0.0107154 -4.6618 -0.996631 -0.0324285 0.075341 -50.2364 0 0 0 1 
				9
				-0.0748205 0.00885696 -0.997158 0.0557099 0.0318714 -0.999428 -0.0112686 -4.11878 -0.996687 -0.0326239 0.0744954 -50.5049 0 0 0 1 
				10
				-0.0738812 0.00896247 -0.997227 -0.257875 0.032016 -0.999423 -0.0113542 -3.60676 -0.996753 -0.0327661 0.0735516 -50.7425 0 0 0 1 
				11
				-0.0727993 0.00850669 -0.99731 -0.542262 0.0321454 -0.999424 -0.0108712 -3.12927 -0.996828 -0.0328504 0.0724839 -50.949 0 0 0 1 
				12
				-0.0715589 0.00739304 -0.997409 -0.791245 0.0322459 -0.999433 -0.00972151 -2.68983 -0.996915 -0.032858 0.0712799 -51.1242 0 0 0 1 
				13
				-0.0701414 0.00552412 -0.997522 -0.999764 0.0323051 -0.999448 -0.00780634 -2.29284 -0.997014 -0.0327726 0.0699242 -51.268 0 0 0 1 
				14
				-0.0685197 0.00279909 -0.997646 -1.16434 0.0323195 -0.999465 -0.00502394 -1.94448 -0.997126 -0.0325877 0.0683926 -51.3794 0 0 0 1 
				15
				-0.0666782 -0.000881929 -0.997774 -1.28414 0.0322747 -0.999478 -0.00127339 -1.65343 -0.997253 -0.0322878 0.0666719 -51.4563 0 0 0 1 
				16
				-0.0646699 -0.0084255 -0.997871 -1.28913 0.032337 -0.999457 0.0063432 -1.57826 -0.997383 -0.0318579 0.0649072 -51.4083 0 0 0 1 
				17
				-0.0623302 -0.0214413 -0.997825 -1.22321 0.0327449 -0.999275 0.019427 -1.86287 -0.997518 -0.0314628 0.0629871 -51.1508 0 0 0 1 
				18
				-0.0598089 -0.0378962 -0.99749 -1.28488 0.0332536 -0.9988 0.0359521 -2.4652 -0.997656 -0.0310199 0.0609973 -50.6831 0 0 0 1 
				19
				-0.0572493 -0.0557786 -0.996801 -1.62725 0.0336502 -0.997979 0.0539119 -3.26138 -0.997793 -0.0304561 0.0590106 -50.0274 0 0 0 1 
				20
				-0.0546544 -0.0731103 -0.995825 -2.27833 0.0338958 -0.996877 0.0713272 -4.06352 -0.99793 -0.029856 0.0569618 -49.257 0 0 0 1 
				21
				-0.0522239 -0.0879433 -0.994756 -3.11117 0.0339025 -0.995697 0.0862467 -4.68949 -0.99806 -0.0292205 0.0549807 -48.5031 0 0 0 1 
				22
				-0.049911 -0.0982748 -0.993907 -3.87201 0.0335857 -0.99475 0.0966716 -5.02901 -0.998189 -0.0285561 0.0529496 -47.9392 0 0 0 1 
				23
				-0.0476816 -0.102086 -0.993632 -4.26694 0.0328668 -0.994385 0.100586 -5.05292 -0.998322 -0.0278614 0.0507692 -47.7453 0 0 0 1 
				24
				-0.0456529 -0.101698 -0.993767 -4.36923 0.0318763 -0.994446 0.100303 -4.9061 -0.998448 -0.0270985 0.0486412 -47.8076 0 0 0 1 
				25
				-0.043629 -0.100649 -0.993965 -4.42215 0.0308117 -0.994574 0.0993584 -4.73892 -0.998572 -0.0262909 0.0464934 -47.9066 0 0 0 1 
				26
				-0.0416076 -0.0989873 -0.994218 -4.42753 0.0296808 -0.994763 0.0977995 -4.55409 -0.998693 -0.02544 0.0443278 -48.0391 0 0 0 1 
				27
				-0.0395904 -0.0967593 -0.99452 -4.38805 0.0284908 -0.995005 0.0956723 -4.35349 -0.99881 -0.024547 0.0421494 -48.202 0 0 0 1 
				28
				-0.0375755 -0.0940046 -0.994863 -4.30687 0.0272479 -0.995292 0.0930161 -4.13839 -0.998922 -0.0236128 0.03996 -48.392 0 0 0 1 
				29
				-0.0355592 -0.0907615 -0.995237 -4.18765 0.0259578 -0.995615 0.0898685 -3.90954 -0.99903 -0.0226386 0.0377593 -48.6058 0 0 0 1 
				30
				-0.0335439 -0.0870819 -0.995636 -4.03447 0.0246271 -0.995966 0.0862811 -3.66741 -0.999134 -0.0216255 0.0355532 -48.8398 0 0 0 1 
				31
				-0.0315328 -0.0830066 -0.99605 -3.85167 0.0232621 -0.996337 0.0822941 -3.41226 -0.999232 -0.0205752 0.0333482 -49.0906 0 0 0 1 
				32
				-0.0295224 -0.0785825 -0.99647 -3.64357 0.0218673 -0.996717 0.0779541 -3.14427 -0.999325 -0.0194887 0.0311439 -49.3548 0 0 0 1 
				33
				-0.0275093 -0.0738487 -0.99689 -3.41453 0.0204474 -0.9971 0.0733 -2.86367 -0.999413 -0.0183674 0.0289396 -49.6289 0 0 0 1 
				34
