<?xml version='1.0' encoding='UTF-8' ?>
<itpanim>
	<skeleton count>
		25
			0 -1
			1.37091e-06 -1 -6.12323e-17 -3.70664 1 1.37091e-06 -6.12323e-17 5.24382e-06 6.12323e-17 -6.12323e-17 1 87.7185 0 0 0 1 
			1 0
			1.3868e-06 4.78456e-08 -1 -87.7185 2.75771e-06 -1 -4.78418e-08 -3.70664 -1 -2.75771e-06 -1.3868e-06 -0.000132032 0 0 0 1 
			2 1
			1.40269e-06 -0.000796318 -1 -96.7459 0 -1 0.000796318 -12.2718 -1 -1.11699e-09 -1.40269e-06 8.7278e-06 0 0 0 1 
			3 2
			1.40269e-06 -0.000796318 -1 -122.958 0 -1 0.000796318 -12.22 -1 -1.11699e-09 -1.40269e-06 8.58421e-06 0 0 0 1 
			4 3
			1 -0 0 0 0 1 0 0 -0 -0 1 -0 0 0 0 1 
			5 4
			1 1.37091e-06 4.37113e-08 -52.406 -1.37091e-06 1 3.58059e-15 38.7067 -4.37113e-08 -6.35048e-14 1 167.762 0 0 0 1 
			6 5
			0.0123547 0.0130585 0.999838 166.875 0.0086996 0.999875 -0.0131665 35.5314 -0.999886 0.00886086 0.0122396 112.902 0 0 0 1 
			7 6
			0.0121292 -0.0124069 0.999849 128.937 0.00901157 0.999884 0.012298 38.8273 -0.999886 0.00886105 0.0122396 112.902 0 0 0 1 
			8 7
			0.0121292 -0.0124069 0.999849 16.6516 -0.999878 0.00965724 0.0122494 112.933 -0.00980777 -0.999876 -0.0122883 -38.7374 0 0 0 1 
			9 4
			-1 -1.37091e-06 4.37114e-08 -52.406 -1.37091e-06 1 3.84662e-15 38.7067 -4.37115e-08 -5.60777e-14 -1 -167.762 0 0 0 1 
			10 9
			-0.0123548 0.0130585 0.999838 166.875 -0.00870231 0.999875 -0.0131665 35.5314 -0.999886 -0.00886358 -0.0122396 -112.902 0 0 0 1 
			11 10
			-0.0121292 -0.0124069 0.999849 128.937 -0.0090143 0.999884 0.012298 38.8273 -0.999886 -0.00886378 -0.0122396 -112.902 0 0 0 1 
			12 11
			-0.0121292 -0.012407 0.999849 16.6516 0.999878 0.00965998 0.0122494 112.933 -0.0098105 0.999876 0.0122883 38.7374 0 0 0 1 
			13 4
			1.34309e-06 -5.95475e-08 -1 -140.788 -1.40269e-06 -1 5.95456e-08 -65.8358 -1 1.40269e-06 -1.34309e-06 -0.00010659 0 0 0 1 
			14 13
			1 -0 0 0 0 1 0 0 -0 -0 1 -0 0 0 0 1 
			15 2
			1.37145e-06 -0.0998263 0.995005 86.9103 0 -0.995005 -0.0998263 -12.4447 1 1.36907e-07 -1.3646e-06 -49.3066 0 0 0 1 
			16 15
			1.37145e-06 0.0998359 0.995004 49.2248 0 -0.995004 0.0998359 -2.71971 1 -1.3692e-07 -1.3646e-06 -49.3066 0 0 0 1 
			17 16
			1.45937e-06 -4.13125e-13 1 9.69628 0 -1 -4.13125e-13 -3.70627 1 6.02901e-19 -1.45937e-06 -49.3066 0 0 0 1 
			18 17
			1.85191e-06 -1 5.70042e-14 -34.6347 0 -5.70042e-14 -1 -0.678676 1 1.85191e-06 -1.05566e-19 -49.3066 0 0 0 1 
			19 18
			1 -0 0 0 0 1 0 0 -0 -0 1 -0 0 0 0 1 
			20 2
			1.37145e-06 -0.0998313 0.995004 86.9103 0 -0.995004 -0.0998313 -12.4452 1 1.36913e-07 -1.3646e-06 49.3066 0 0 0 1 
			21 20
			1.37145e-06 0.0998339 0.995004 49.2249 0 -0.995004 0.0998339 -2.72 1 -1.36917e-07 -1.3646e-06 49.3066 0 0 0 1 
			22 21
			1.45937e-06 -4.13125e-13 1 9.69632 0 -1 -4.13125e-13 -3.70653 1 6.02901e-19 -1.45937e-06 49.3066 0 0 0 1 
			23 22
			1.85542e-06 -1 2.18875e-13 -34.6349 0 -2.18875e-13 -1 -0.678698 1 1.85542e-06 -4.06104e-19 49.3066 0 0 0 1 
			24 23
			1 -0 0 0 0 1 0 0 -0 -0 1 -0 0 0 0 1 
	</skeleton>
		<animations>
			9
			0
				-1
				1.33158e-06 1 0 2.82481e-06 -1 1.33158e-06 0 64.632 -0 -0 1 -1.04672 0 0 0 1 
				0
				1.46474e-06 1 0 2.82481e-06 -1 1.46474e-06 0 64.632 -0 -0 1 -1.04672 0 0 0 1 
				1
				1.33158e-06 1 0 2.82481e-06 -1 1.33158e-06 0 64.632 -0 -0 1 -1.04672 0 0 0 1 
				2
				1.33158e-06 1 0 2.82481e-06 -1 1.33158e-06 0 64.632 -0 -0 1 -1.04672 0 0 0 1 
				3
				1.33158e-06 1 0 2.82481e-06 -1 1.33158e-06 0 64.632 -0 -0 1 -1.04672 0 0 0 1 
				4
				1.33158e-06 1 0 2.82481e-06 -1 1.33158e-06 0 64.632 -0 -0 1 -1.04672 0 0 0 1 
				5
				1.33158e-06 1 0 2.82481e-06 -1 1.33158e-06 0 64.632 -0 -0 1 -1.04672 0 0 0 1 
				6
				1.33158e-06 1 0 2.82481e-06 -1 1.33158e-06 0 64.632 -0 -0 1 -1.04672 0 0 0 1 
				7
				1.33158e-06 1 0 2.82481e-06 -1 1.33158e-06 0 64.632 -0 -0 1 -1.04672 0 0 0 1 
		</Joint>
			1
				-1
				1.33158e-06 2.66316e-06 -1 2.82481e-06 0 -1 -2.66316e-06 64.632 -1 3.54621e-12 -1.33158e-06 -1.04672 0 0 0 1 
				0
				1.33158e-06 2.79632e-06 -1 2.82481e-06 0 -1 -2.79632e-06 64.632 -1 3.72352e-12 -1.33158e-06 -1.04672 0 0 0 1 
				1
				1.33158e-06 2.66316e-06 -1 2.82481e-06 0 -1 -2.66316e-06 64.632 -1 3.54621e-12 -1.33158e-06 -1.04672 0 0 0 1 
				2
				1.33158e-06 2.66316e-06 -1 2.82481e-06 0 -1 -2.66316e-06 64.632 -1 3.54621e-12 -1.33158e-06 -1.04672 0 0 0 1 
				3
				1.33158e-06 2.66316e-06 -1 2.82481e-06 0 -1 -2.66316e-06 64.632 -1 3.54621e-12 -1.33158e-06 -1.04672 0 0 0 1 
				4
				1.33158e-06 2.66316e-06 -1 2.82481e-06 0 -1 -2.66316e-06 64.632 -1 3.54621e-12 -1.33158e-06 -1.04672 0 0 0 1 
				5
				1.33158e-06 2.66316e-06 -1 2.82481e-06 0 -1 -2.66316e-06 64.632 -1 3.54621e-12 -1.33158e-06 -1.04672 0 0 0 1 
				6
				1.33158e-06 2.66316e-06 -1 2.82481e-06 0 -1 -2.66316e-06 64.632 -1 3.54621e-12 -1.33158e-06 -1.04672 0 0 0 1 
				7
				1.33158e-06 2.66316e-06 -1 2.82481e-06 0 -1 -2.66316e-06 64.632 -1 3.54621e-12 -1.33158e-06 -1.04672 0 0 0 1 
		</Joint>
			2
				-1
				1.38782e-06 -1.49834e-06 -1 6.29563e-06 -0.000797649 -1 1.49724e-06 55.9898 -1 0.000797649 -1.38901e-06 -10.0643 0 0 0 1 
				0
				1.38792e-06 -1.36519e-06 -1 7.4464e-06 -0.000797649 -1 1.36408e-06 55.9898 -1 0.000797649 -1.38901e-06 -10.0643 0 0 0 1 
				1
				1.38782e-06 -1.49834e-06 -1 6.29564e-06 -0.000797649 -1 1.49724e-06 55.9898 -1 0.000797649 -1.38901e-06 -10.0643 0 0 0 1 
				2
				1.38782e-06 -1.49834e-06 -1 6.29559e-06 -0.00079765 -1 1.49724e-06 55.9898 -1 0.00079765 -1.38901e-06 -10.0643 0 0 0 1 
				3
				1.38782e-06 -1.49834e-06 -1 6.29563e-06 -0.000797649 -1 1.49724e-06 55.9898 -1 0.000797649 -1.38901e-06 -10.0643 0 0 0 1 
				4
				1.38782e-06 -1.49834e-06 -1 6.29559e-06 -0.000797649 -1 1.49724e-06 55.9898 -1 0.000797649 -1.38901e-06 -10.0643 0 0 0 1 
				5
				1.38782e-06 -1.49834e-06 -1 6.29564e-06 -0.000797649 -1 1.49724e-06 55.9898 -1 0.000797649 -1.38901e-06 -10.0643 0 0 0 1 
				6
				1.38782e-06 -1.49834e-06 -1 6.29563e-06 -0.000797649 -1 1.49724e-06 55.9898 -1 0.000797649 -1.38901e-06 -10.0643 0 0 0 1 
				7
				1.38782e-06 -1.49834e-06 -1 6.29563e-06 -0.000797649 -1 1.49724e-06 55.9898 -1 0.000797649 -1.38901e-06 -10.0643 0 0 0 1 
		</Joint>
			3
				-1
				1.38782e-06 -1.49834e-06 -1 4.26077e-05 -0.000797649 -1 1.49724e-06 56.0207 -1 0.000797649 -1.38901e-06 -36.2768 0 0 0 1 
				0
				1.38792e-06 -1.36519e-06 -1 4.37544e-05 -0.000797649 -1 1.36408e-06 56.0207 -1 0.000797649 -1.38901e-06 -36.2768 0 0 0 1 
				1
				1.38782e-06 -1.49834e-06 -1 4.26077e-05 -0.000797649 -1 1.49724e-06 56.0207 -1 0.000797649 -1.38901e-06 -36.2768 0 0 0 1 
				2
				1.38782e-06 -1.49834e-06 -1 4.26077e-05 -0.00079765 -1 1.49724e-06 56.0207 -1 0.00079765 -1.38901e-06 -36.2768 0 0 0 1 
				3
				1.38782e-06 -1.49834e-06 -1 4.26077e-05 -0.000797649 -1 1.49724e-06 56.0207 -1 0.000797649 -1.38901e-06 -36.2768 0 0 0 1 
				4
				1.38782e-06 -1.49834e-06 -1 4.26077e-05 -0.000797649 -1 1.49724e-06 56.0207 -1 0.000797649 -1.38901e-06 -36.2768 0 0 0 1 
				5
				1.38782e-06 -1.49834e-06 -1 4.26077e-05 -0.000797649 -1 1.49724e-06 56.0207 -1 0.000797649 -1.38901e-06 -36.2768 0 0 0 1 
				6
				1.38782e-06 -1.49834e-06 -1 4.26077e-05 -0.000797649 -1 1.49724e-06 56.0207 -1 0.000797649 -1.38901e-06 -36.2768 0 0 0 1 
				7
				1.38782e-06 -1.49834e-06 -1 4.26077e-05 -0.000797649 -1 1.49724e-06 56.0207 -1 0.000797649 -1.38901e-06 -36.2768 0 0 0 1 
		</Joint>
			4
		</Joint>
			5
				-1
				1 2.64202e-07 -5.02703e-06 52.4061 -2.64195e-07 1 1.2312e-06 29.6319 5.02703e-06 -1.2312e-06 1 -81.09 0 0 0 1 
				0
				1 1.31043e-07 -5.02703e-06 52.4061 -1.31037e-07 1 1.2312e-06 29.6319 5.02703e-06 -1.2312e-06 1 -81.09 0 0 0 1 
				1
				1 2.64202e-07 -5.02703e-06 52.4061 -2.64195e-07 1 1.36436e-06 29.6319 5.02703e-06 -1.36436e-06 1 -81.09 0 0 0 1 
				2
				1 2.64202e-07 -5.02703e-06 52.4061 -2.64195e-07 1 1.36447e-06 29.6319 5.02703e-06 -1.36447e-06 1 -81.09 0 0 0 1 
				3
				1 2.64202e-07 -5.02703e-06 52.4061 -2.64195e-07 1 1.2312e-06 29.6319 5.02703e-06 -1.2312e-06 1 -81.09 0 0 0 1 
				4
				1 2.64202e-07 -5.02703e-06 52.4061 -2.64195e-07 1 1.36436e-06 29.6319 5.02703e-06 -1.36436e-06 1 -81.09 0 0 0 1 
				5
				1 2.64202e-07 -5.02703e-06 52.4061 -2.64195e-07 1 1.36436e-06 29.6319 5.02703e-06 -1.36436e-06 1 -81.09 0 0 0 1 
				6
				1 2.64202e-07 -5.02703e-06 52.4061 -2.64196e-07 1 1.36436e-06 29.6319 5.02703e-06 -1.36436e-06 1 -81.09 0 0 0 1 
				7
				1 2.64202e-07 -5.02703e-06 52.4061 -2.64195e-07 1 1.2312e-06 29.6319 5.02703e-06 -1.2312e-06 1 -81.09 0 0 0 1 
		</Joint>
			6
				-1
				0.00127268 0.999886 0.0150537 110.519 -0.757554 -0.00886261 0.652712 29.6319 0.652771 -0.0122347 0.757457 -81.0897 0 0 0 1 
				0
				0.00127268 0.999886 0.0150537 110.519 -0.757554 -0.0088626 0.652712 29.6319 0.652771 -0.0122347 0.757457 -81.0897 0 0 0 1 
				1
				0.00127268 0.999886 0.0150537 110.519 -0.757554 -0.00886262 0.652712 29.6319 0.652771 -0.0122347 0.757456 -81.0897 0 0 0 1 
				2
				0.00127268 0.999886 0.0150537 110.519 -0.757554 -0.00886262 0.652712 29.6319 0.652771 -0.0122347 0.757457 -81.0897 0 0 0 1 
				3
				0.00127268 0.999886 0.0150537 110.519 -0.757554 -0.00886261 0.652712 29.6319 0.652771 -0.0122347 0.757457 -81.0897 0 0 0 1 
				4
				0.00127268 0.999886 0.0150536 110.519 -0.757554 -0.00886256 0.652712 29.6319 0.652771 -0.0122346 0.757457 -81.0897 0 0 0 1 
				5
				0.00127268 0.999886 0.0150537 110.519 -0.757554 -0.00886262 0.652712 29.6319 0.652771 -0.0122347 0.757456 -81.0897 0 0 0 1 
				6
				0.00127268 0.999886 0.0150536 110.519 -0.757554 -0.00886256 0.652712 29.6319 0.652771 -0.0122346 0.757457 -81.0897 0 0 0 1 
				7
				0.00127268 0.999886 0.0150537 110.519 -0.757554 -0.00886261 0.652712 29.6319 0.652771 -0.0122347 0.757457 -81.0897 0 0 0 1 
		</Joint>
			7
				-1
				-0.971794 0.235349 0.0150537 110.566 -0.168756 -0.738572 0.652712 1.6092 0.164733 0.631762 0.757457 -56.943 0 0 0 1 
				0
				-0.971794 0.235349 0.0150537 110.566 -0.168756 -0.738572 0.652712 1.60922 0.164733 0.631761 0.757457 -56.943 0 0 0 1 
				1
				-0.971794 0.235349 0.0150537 110.566 -0.168756 -0.738572 0.652712 1.60921 0.164733 0.631762 0.757457 -56.943 0 0 0 1 
				2
				-0.971794 0.235349 0.0150537 110.566 -0.168756 -0.738572 0.652712 1.6092 0.164733 0.631762 0.757457 -56.943 0 0 0 1 
				3
				-0.971794 0.235349 0.0150537 110.566 -0.168756 -0.738572 0.652712 1.6092 0.164733 0.631762 0.757457 -56.943 0 0 0 1 
				4
				-0.971794 0.235349 0.0150536 110.566 -0.168756 -0.738572 0.652712 1.60921 0.164733 0.631762 0.757457 -56.943 0 0 0 1 
				5
				-0.971794 0.235349 0.0150537 110.566 -0.168756 -0.738572 0.652712 1.60921 0.164733 0.631762 0.757457 -56.943 0 0 0 1 
				6
				-0.971794 0.235349 0.0150536 110.566 -0.168756 -0.738572 0.652712 1.60921 0.164733 0.631762 0.757457 -56.943 0 0 0 1 
				7
				-0.971794 0.235349 0.0150537 110.566 -0.168756 -0.738572 0.652712 1.6092 0.164733 0.631762 0.757457 -56.943 0 0 0 1 
		</Joint>
			8
				-1
				-0.971794 0.0152411 -0.235337 1.44753 -0.168756 0.652124 0.739092 -17.3396 0.164733 0.75796 -0.631158 -38.4459 0 0 0 1 
				0
				-0.971794 0.0152411 -0.235337 1.44757 -0.168756 0.652124 0.739091 -17.3396 0.164733 0.757959 -0.631158 -38.4459 0 0 0 1 
				1
				-0.971794 0.0152411 -0.235337 1.44753 -0.168756 0.652124 0.739092 -17.3396 0.164733 0.757959 -0.631158 -38.4459 0 0 0 1 
				2
				-0.971794 0.0152411 -0.235337 1.44756 -0.168756 0.652124 0.739092 -17.3396 0.164733 0.75796 -0.631158 -38.4459 0 0 0 1 
				3
				-0.971794 0.0152411 -0.235337 1.44753 -0.168756 0.652124 0.739092 -17.3396 0.164733 0.75796 -0.631158 -38.4459 0 0 0 1 
				4
				-0.971794 0.015241 -0.235337 1.44756 -0.168756 0.652124 0.739092 -17.3396 0.164733 0.75796 -0.631158 -38.4459 0 0 0 1 
				5
				-0.971794 0.0152411 -0.235337 1.44753 -0.168756 0.652124 0.739092 -17.3396 0.164733 0.757959 -0.631158 -38.4459 0 0 0 1 
				6
				-0.971794 0.015241 -0.235337 1.44755 -0.168756 0.652124 0.739092 -17.3396 0.164733 0.75796 -0.631158 -38.4459 0 0 0 1 
				7
				-0.971794 0.0152411 -0.235337 1.44753 -0.168756 0.652124 0.739092 -17.3396 0.164733 0.75796 -0.631158 -38.4459 0 0 0 1 
		</Joint>
			9
				-1
				-1 -4.56129e-06 2.77218e-06 -52.4058 -4.56129e-06 1 -1.2312e-06 29.6318 -2.77218e-06 -1.23122e-06 -1 -81.0901 0 0 0 1 
				0
				-1 -4.69445e-06 2.77218e-06 -52.4058 -4.69445e-06 1 -1.2312e-06 29.6318 -2.77218e-06 -1.23122e-06 -1 -81.0901 0 0 0 1 
				1
				-1 -4.56129e-06 2.77218e-06 -52.4058 -4.56129e-06 1 -1.36436e-06 29.6318 -2.77218e-06 -1.36438e-06 -1 -81.0901 0 0 0 1 
				2
				-1 -4.56129e-06 2.77218e-06 -52.4058 -4.5613e-06 1 -1.36448e-06 29.6318 -2.77217e-06 -1.36449e-06 -1 -81.0901 0 0 0 1 
				3
				-1 -4.56129e-06 2.77218e-06 -52.4058 -4.56129e-06 1 -1.2312e-06 29.6318 -2.77218e-06 -1.23122e-06 -1 -81.0901 0 0 0 1 
				4
				-1 -4.56129e-06 2.77218e-06 -52.4058 -4.56129e-06 1 -1.36436e-06 29.6318 -2.77218e-06 -1.36438e-06 -1 -81.0901 0 0 0 1 
				5
				-1 -4.56129e-06 2.77218e-06 -52.4058 -4.56129e-06 1 -1.36436e-06 29.6318 -2.77218e-06 -1.36438e-06 -1 -81.0901 0 0 0 1 
				6
				-1 -4.56129e-06 2.77218e-06 -52.4058 -4.56129e-06 1 -1.36436e-06 29.6318 -2.77218e-06 -1.36438e-06 -1 -81.0901 0 0 0 1 
				7
				-1 -4.56129e-06 2.77218e-06 -52.4058 -4.56129e-06 1 -1.2312e-06 29.6318 -2.77218e-06 -1.23122e-06 -1 -81.0901 0 0 0 1 
		</Joint>
			10
				-1
				-0.00127452 -0.999886 0.0150624 -110.518 -0.757554 -0.00886691 -0.652712 29.6315 0.652771 -0.0122425 -0.757456 -81.0903 0 0 0 1 
				0
				-0.00127432 -0.999886 0.0150626 -110.518 -0.757554 -0.00886716 -0.652712 29.6315 0.652771 -0.0122425 -0.757456 -81.0903 0 0 0 1 
				1
				-0.00127452 -0.999886 0.0150624 -110.518 -0.757554 -0.00886691 -0.652712 29.6315 0.652771 -0.0122425 -0.757456 -81.0903 0 0 0 1 
				2
				-0.00127452 -0.999886 0.0150624 -110.518 -0.757554 -0.00886691 -0.652712 29.6315 0.652771 -0.0122425 -0.757457 -81.0903 0 0 0 1 
				3
				-0.00127452 -0.999886 0.0150624 -110.518 -0.757554 -0.00886691 -0.652712 29.6315 0.652771 -0.0122425 -0.757456 -81.0903 0 0 0 1 
				4
				-0.00127452 -0.999886 0.0150623 -110.518 -0.757554 -0.00886686 -0.652712 29.6315 0.652771 -0.0122424 -0.757456 -81.0903 0 0 0 1 
				5
				-0.00127452 -0.999886 0.0150624 -110.518 -0.757554 -0.00886692 -0.652712 29.6315 0.652771 -0.0122425 -0.757456 -81.0903 0 0 0 1 
				6
				-0.00127452 -0.999886 0.0150623 -110.518 -0.757554 -0.00886686 -0.652712 29.6315 0.652771 -0.0122424 -0.757456 -81.0903 0 0 0 1 
				7
				-0.00127452 -0.999886 0.0150624 -110.518 -0.757554 -0.00886691 -0.652712 29.6315 0.652771 -0.0122425 -0.757456 -81.0903 0 0 0 1 
		</Joint>
			11
				-1
				0.971794 -0.235351 0.0150624 -110.565 -0.168752 -0.738573 -0.652712 1.60881 0.164741 0.63176 -0.757456 -56.9436 0 0 0 1 
				0
				0.971794 -0.23535 0.0150626 -110.565 -0.168752 -0.738573 -0.652712 1.60881 0.164741 0.63176 -0.757456 -56.9436 0 0 0 1 
				1
				0.971794 -0.235351 0.0150624 -110.565 -0.168752 -0.738573 -0.652712 1.60882 0.164741 0.63176 -0.757456 -56.9436 0 0 0 1 
				2
				0.971794 -0.235351 0.0150624 -110.566 -0.168752 -0.738573 -0.652712 1.60883 0.164741 0.63176 -0.757457 -56.9436 0 0 0 1 
				3
				0.971794 -0.235351 0.0150624 -110.565 -0.168752 -0.738573 -0.652712 1.60881 0.164741 0.63176 -0.757456 -56.9436 0 0 0 1 
				4
				0.971794 -0.235351 0.0150623 -110.566 -0.168752 -0.738573 -0.652712 1.60883 0.164741 0.63176 -0.757457 -56.9436 0 0 0 1 
				5
				0.971794 -0.235351 0.0150624 -110.565 -0.168752 -0.738573 -0.652712 1.60883 0.164741 0.63176 -0.757456 -56.9436 0 0 0 1 
				6
				0.971794 -0.235351 0.0150623 -110.566 -0.168752 -0.738573 -0.652712 1.60882 0.164741 0.63176 -0.757457 -56.9436 0 0 0 1 
				7
				0.971794 -0.235351 0.0150624 -110.565 -0.168752 -0.738573 -0.652712 1.60881 0.164741 0.63176 -0.757456 -56.9436 0 0 0 1 
		</Joint>
			12
				-1
				0.971794 -0.0152498 -0.235339 -1.4474 -0.168752 0.652124 -0.739092 -17.3396 0.164741 0.757959 0.631156 -38.4456 0 0 0 1 
				0
				0.971794 -0.01525 -0.235338 -1.4474 -0.168752 0.652124 -0.739093 -17.3395 0.164741 0.757959 0.631156 -38.4457 0 0 0 1 
				1
				0.971794 -0.0152498 -0.235339 -1.4474 -0.168752 0.652124 -0.739092 -17.3396 0.164741 0.757959 0.631156 -38.4456 0 0 0 1 
				2
				0.971794 -0.0152498 -0.235339 -1.4474 -0.168752 0.652124 -0.739092 -17.3396 0.164741 0.757959 0.631156 -38.4456 0 0 0 1 
				3
				0.971794 -0.0152498 -0.235339 -1.4474 -0.168752 0.652124 -0.739092 -17.3396 0.164741 0.757959 0.631156 -38.4456 0 0 0 1 
				4
				0.971794 -0.0152498 -0.235339 -1.44741 -0.168752 0.652124 -0.739092 -17.3396 0.164741 0.757959 0.631156 -38.4456 0 0 0 1 
				5
				0.971794 -0.0152498 -0.235339 -1.4474 -0.168752 0.652124 -0.739092 -17.3395 0.164741 0.757959 0.631156 -38.4456 0 0 0 1 
				6
				0.971794 -0.0152498 -0.235339 -1.44742 -0.168752 0.652124 -0.739092 -17.3396 0.164741 0.757959 0.631156 -38.4456 0 0 0 1 
				7
				0.971794 -0.0152498 -0.235339 -1.4474 -0.168752 0.652124 -0.739092 -17.3396 0.164741 0.757959 0.631156 -38.4456 0 0 0 1 
		</Joint>
			13
				-1
				1.67371e-06 -3.64022e-06 -1 5.15359e-05 -0.939693 -0.34202 -3.27739e-07 16.7933 -0.34202 0.939693 -3.99313e-06 -57.2847 0 0 0 1 
				0
				1.79883e-06 -3.59468e-06 -1 5.7906e-05 -0.939693 -0.34202 -4.60897e-07 16.7933 -0.34202 0.939693 -3.99313e-06 -57.2847 0 0 0 1 
				1
				1.67371e-06 -3.64023e-06 -1 5.15359e-05 -0.939693 -0.34202 -3.27739e-07 16.7933 -0.34202 0.939693 -3.99313e-06 -57.2847 0 0 0 1 
				2
				1.67371e-06 -3.64022e-06 -1 5.15359e-05 -0.939693 -0.34202 -3.2774e-07 16.7933 -0.34202 0.939693 -3.99313e-06 -57.2847 0 0 0 1 
				3
				1.67371e-06 -3.64022e-06 -1 5.15359e-05 -0.939693 -0.34202 -3.27739e-07 16.7933 -0.34202 0.939693 -3.99313e-06 -57.2847 0 0 0 1 
				4
				1.67371e-06 -3.64022e-06 -1 5.15359e-05 -0.939692 -0.34202 -3.27739e-07 16.7933 -0.34202 0.939693 -3.99313e-06 -57.2847 0 0 0 1 
				5
				1.67371e-06 -3.64022e-06 -1 5.15359e-05 -0.939693 -0.34202 -3.27739e-07 16.7933 -0.34202 0.939693 -3.99313e-06 -57.2847 0 0 0 1 
				6
				1.67371e-06 -3.64022e-06 -1 5.15359e-05 -0.939693 -0.34202 -3.27739e-07 16.7933 -0.34202 0.939693 -3.99313e-06 -57.2847 0 0 0 1 
				7
				1.67371e-06 -3.64022e-06 -1 5.15359e-05 -0.939693 -0.34202 -3.27739e-07 16.7933 -0.34202 0.939693 -3.99313e-06 -57.2847 0 0 0 1 
		</Joint>
			14
		</Joint>
			15
				-1
				8.46164e-08 2.00048e-06 1 49.3066 -0.813808 0.581134 -1.09369e-06 64.6321 -0.581134 -0.813808 1.67718e-06 -1.04666 0 0 0 1 
				0
				-8.0722e-09 1.9231e-06 1 49.3066 -0.813808 0.581134 -1.12415e-06 64.6321 -0.581134 -0.813808 1.56034e-06 -1.04666 0 0 0 1 
				1
				1.42386e-07 2.00048e-06 1 49.3066 -0.813808 0.581134 -1.04667e-06 64.6321 -0.581134 -0.813808 1.71075e-06 -1.04666 0 0 0 1 
				2
				2.59827e-07 2.00048e-06 1 49.3066 -0.813808 0.581134 -9.51101e-07 64.6321 -0.581134 -0.813808 1.779e-06 -1.04666 0 0 0 1 
				3
				1.33266e-07 2.00048e-06 1 49.3066 -0.813807 0.581135 -1.0541e-06 64.6321 -0.581135 -0.813807 1.70545e-06 -1.04666 0 0 0 1 
				4
				2.08899e-07 2.00048e-06 1 49.3066 -0.813807 0.581135 -9.92548e-07 64.6321 -0.581135 -0.813807 1.74941e-06 -1.04666 0 0 0 1 
				5
				4.8131e-08 2.00048e-06 1 49.3066 -0.813807 0.581135 -1.12338e-06 64.6321 -0.581135 -0.813807 1.65598e-06 -1.04666 0 0 0 1 
				6
				7.70154e-08 2.00048e-06 1 49.3066 -0.813807 0.581134 -1.09987e-06 64.6321 -0.581134 -0.813808 1.67277e-06 -1.04666 0 0 0 1 
				7
				3.59687e-08 2.00048e-06 1 49.3066 -0.813807 0.581134 -1.13328e-06 64.6321 -0.581134 -0.813808 1.64891e-06 -1.04666 0 0 0 1 
		</Joint>
			16
				-1
				-1.63607e-06 1.15428e-06 1 49.3066 -0.929211 -0.36955 -1.09369e-06 32.7252 0.36955 -0.929211 1.67718e-06 -23.8312 0 0 0 1 
				0
				-1.6212e-06 1.03446e-06 1 49.3066 -0.929211 -0.369549 -1.12415e-06 32.7252 0.369549 -0.929211 1.56034e-06 -23.8312 0 0 0 1 
				1
				-1.60479e-06 1.20285e-06 1 49.3066 -0.929211 -0.36955 -1.04667e-06 32.7252 0.36955 -0.929211 1.71076e-06 -23.8312 0 0 0 1 
				2
				-1.5412e-06 1.30159e-06 1 49.3066 -0.929211 -0.36955 -9.51101e-07 32.7252 0.36955 -0.929211 1.779e-06 -23.8312 0 0 0 1 
				3
				-1.60973e-06 1.19519e-06 1 49.3066 -0.929211 -0.36955 -1.0541e-06 32.7252 0.369549 -0.929211 1.70545e-06 -23.8312 0 0 0 1 
				4
				-1.56878e-06 1.25877e-06 1 49.3066 -0.929211 -0.36955 -9.92547e-07 32.7252 0.36955 -0.929211 1.74941e-06 -23.8312 0 0 0 1 
				5
				-1.65582e-06 1.12361e-06 1 49.3066 -0.929211 -0.36955 -1.12338e-06 32.7252 0.36955 -0.929211 1.65598e-06 -23.8312 0 0 0 1 
				6
				-1.64019e-06 1.14789e-06 1 49.3066 -0.929211 -0.36955 -1.09987e-06 32.7252 0.36955 -0.929211 1.67277e-06 -23.8312 0 0 0 1 
				7
				-1.66241e-06 1.11338e-06 1 49.3066 -0.929211 -0.36955 -1.13328e-06 32.7252 0.36955 -0.929211 1.64891e-06 -23.8312 0 0 0 1 
		</Joint>
			17
				-1
				-2.34313e-06 3.47996e-06 1 49.3066 0.000489122 -1 3.4811e-06 -3.70639 1 0.000489122 2.34143e-06 -9.34224 0 0 0 1 
				0
				-2.26336e-06 4.33262e-06 1 49.3066 0.000489081 -1 4.33373e-06 -3.70638 1 0.000489081 2.26124e-06 -9.34225 0 0 0 1 
				1
				-2.40415e-06 3.38149e-06 1 49.3066 0.000489255 -1 3.38266e-06 -3.70639 1 0.000489255 2.40249e-06 -9.34225 0 0 0 1 
				2
				-2.51496e-06 3.34809e-06 1 49.3066 0.000489189 -1 3.34932e-06 -3.7064 1 0.000489189 2.51332e-06 -9.34224 0 0 0 1 
				3
				-2.39451e-06 4.2496e-06 1 49.3066 0.000489079 -1 4.25077e-06 -3.70638 1 0.000489079 2.39243e-06 -9.34227 0 0 0 1 
				4
				-2.42914e-06 3.42523e-06 1 49.3066 0.000489255 -1 3.42642e-06 -3.70639 1 0.000489255 2.42747e-06 -9.34227 0 0 0 1 
				5
				-2.33162e-06 3.56699e-06 1 49.3066 0.000488989 -1 3.56813e-06 -3.70638 1 0.000488989 2.32987e-06 -9.34225 0 0 0 1 
				6
				-2.36154e-06 2.71434e-06 1 49.3066 0.000488963 -1 2.7155e-06 -3.70637 1 0.000488963 2.36022e-06 -9.34224 0 0 0 1 
				7
				-2.32158e-06 2.81989e-06 1 49.3066 0.000488963 -1 2.82102e-06 -3.70638 1 0.000488963 2.3202e-06 -9.34224 0 0 0 1 
		</Joint>
			18
				-1
				2.64701e-06 1.44712e-06 1 49.3066 -1 -1.36437e-06 2.64701e-06 -34.6304 1.36437e-06 -1 1.44712e-06 -0.309508 0 0 0 1 
				0
				2.69872e-06 1.3445e-06 1 49.3066 -1 -1.4053e-06 2.69872e-06 -34.6304 1.40531e-06 -1 1.3445e-06 -0.309518 0 0 0 1 
				1
				2.48895e-06 1.35172e-06 1 49.3066 -1 -1.23121e-06 2.48895e-06 -34.6304 1.23121e-06 -1 1.35172e-06 -0.309511 0 0 0 1 
				2
				2.41401e-06 1.4388e-06 1 49.3067 -1 -1.16474e-06 2.41401e-06 -34.6304 1.16475e-06 -1 1.4388e-06 -0.309498 0 0 0 1 
				3
				2.54213e-06 1.31973e-06 1 49.3066 -1 -1.14171e-06 2.54213e-06 -34.6304 1.14172e-06 -1 1.31973e-06 -0.309537 0 0 0 1 
				4
				2.49732e-06 1.35434e-06 1 49.3067 -1 -1.23121e-06 2.49732e-06 -34.6304 1.23121e-06 -1 1.35434e-06 -0.309527 0 0 0 1 
				5
				2.54773e-06 1.25679e-06 1 49.3066 -1 -1.23124e-06 2.54773e-06 -34.6304 1.23124e-06 -1 1.25678e-06 -0.309521 0 0 0 1 
				6
				2.53053e-06 1.27835e-06 1 49.3066 -1 -1.12378e-06 2.53053e-06 -34.6304 1.12379e-06 -1 1.27835e-06 -0.309511 0 0 0 1 
				7
				2.42403e-06 1.36595e-06 1 49.3066 -1 -1.12378e-06 2.42403e-06 -34.6304 1.12379e-06 -1 1.36595e-06 -0.309508 0 0 0 1 
		</Joint>
			19
		</Joint>
			20
				-1
				5.56524e-07 1.20153e-06 1 -49.3066 -0.81381 0.581131 -2.45344e-07 64.632 -0.581131 -0.81381 1.30123e-06 -1.04679 0 0 0 1 
				0
				7.07077e-07 1.12415e-06 1 -49.3066 -0.81381 0.581131 -7.78535e-08 64.632 -0.581131 -0.81381 1.32575e-06 -1.04679 0 0 0 1 
				1
				5.47403e-07 1.20153e-06 1 -49.3066 -0.81381 0.581131 -2.52767e-07 64.632 -0.581131 -0.81381 1.29593e-06 -1.04679 0 0 0 1 
				2
				6.40899e-07 1.20153e-06 1 -49.3066 -0.81381 0.581131 -1.76678e-07 64.632 -0.581131 -0.81381 1.35027e-06 -1.04679 0 0 0 1 
				3
				5.56524e-07 1.20153e-06 1 -49.3066 -0.81381 0.581131 -2.45344e-07 64.632 -0.581131 -0.81381 1.30123e-06 -1.04679 0 0 0 1 
				4
				6.39758e-07 1.20153e-06 1 -49.3066 -0.81381 0.581131 -1.77607e-07 64.632 -0.581131 -0.81381 1.3496e-06 -1.04679 0 0 0 1 
				5
				5.74767e-07 1.20153e-06 1 -49.3066 -0.81381 0.581131 -2.30497e-07 64.632 -0.581131 -0.81381 1.31184e-06 -1.04679 0 0 0 1 
				6
				6.06312e-07 1.20153e-06 1 -49.3066 -0.81381 0.581131 -2.04826e-07 64.632 -0.581131 -0.81381 1.33017e-06 -1.04679 0 0 0 1 
				7
				6.05172e-07 1.20153e-06 1 -49.3066 -0.81381 0.581131 -2.05753e-07 64.632 -0.581131 -0.81381 1.3295e-06 -1.04679 0 0 0 1 
		</Joint>
			21
				-1
				-7.08841e-07 1.11846e-06 1 -49.3066 -0.929213 -0.369545 -2.45344e-07 32.7249 0.369545 -0.929213 1.30123e-06 -23.8312 0 0 0 1 
				0
				-5.62267e-07 1.20313e-06 1 -49.3066 -0.929213 -0.369545 -7.78533e-08 32.7249 0.369545 -0.929213 1.32575e-06 -23.8312 0 0 0 1 
				1
				-7.1378e-07 1.11079e-06 1 -49.3066 -0.929213 -0.369545 -2.52767e-07 32.7249 0.369545 -0.929213 1.29593e-06 -23.8312 0 0 0 1 
				2
				-6.63156e-07 1.18939e-06 1 -49.3066 -0.929213 -0.369545 -1.76678e-07 32.7249 0.369545 -0.929213 1.35027e-06 -23.8312 0 0 0 1 
				3
				-7.08841e-07 1.11846e-06 1 -49.3066 -0.929213 -0.369545 -2.45344e-07 32.7249 0.369545 -0.929213 1.30123e-06 -23.8312 0 0 0 1 
				4
				-6.63774e-07 1.18844e-06 1 -49.3066 -0.929213 -0.369545 -1.77606e-07 32.7249 0.369545 -0.929213 1.3496e-06 -23.8312 0 0 0 1 
				5
				-6.98963e-07 1.1338e-06 1 -49.3066 -0.929213 -0.369545 -2.30497e-07 32.7249 0.369545 -0.929213 1.31184e-06 -23.8312 0 0 0 1 
				6
				-6.81883e-07 1.16032e-06 1 -49.3066 -0.929213 -0.369545 -2.04825e-07 32.7249 0.369545 -0.929213 1.33017e-06 -23.8312 0 0 0 1 
				7
				-6.825e-07 1.15936e-06 1 -49.3066 -0.929213 -0.369545 -2.05753e-07 32.7249 0.369545 -0.929213 1.3295e-06 -23.8312 0 0 0 1 
		</Joint>
			22
				-1
				-1.47181e-06 -0.028626 0.99959 -49.3066 1.47197e-06 -0.99959 -0.028626 -3.70669 1 1.42924e-06 1.51335e-06 -9.34244 0 0 0 1 
				0
				-1.49054e-06 0.0107511 0.999942 -49.3066 1.41559e-06 -0.999942 0.0107511 -3.70668 1 1.43154e-06 1.47523e-06 -9.34246 0 0 0 1 
				1
				1.87374e-06 1.367e-06 1 -49.3066 0 -1 1.367e-06 -3.70669 1 -2.56141e-12 -1.87374e-06 -9.34244 0 0 0 1 
				2
				-1.50927e-06 0.0261853 0.999657 -49.3066 1.32857e-06 -0.999657 0.0261853 -3.70668 1 1.36763e-06 1.47396e-06 -9.34242 0 0 0 1 
				3
				-1.47181e-06 -3.18431e-05 1 -49.3066 1.43104e-06 -1 -3.18431e-05 -3.70668 1 1.43099e-06 1.47186e-06 -9.34243 0 0 0 1 
				4
				-1.50596e-06 0.0429238 0.999078 -49.3066 1.2415e-06 -0.999078 0.0429238 -3.70668 1 1.305e-06 1.45129e-06 -9.34243 0 0 0 1 
				5
				-1.53858e-06 -0.0196788 0.999806 -49.3066 1.45923e-06 -0.999806 -0.0196788 -3.70667 1 1.42867e-06 1.567e-06 -9.34244 0 0 0 1 
				6
				-1.62779e-06 -0.0261786 0.999657 -49.3066 1.60513e-06 -0.999657 -0.0261786 -3.70669 1 1.56197e-06 1.66925e-06 -9.34244 0 0 0 1 
				7
				-1.62752e-06 -0.0241232 0.999709 -49.3066 1.73829e-06 -0.999709 -0.0241232 -3.70669 1 1.69852e-06 1.66898e-06 -9.34244 0 0 0 1 
		</Joint>
			23
				-1
				1.36038e-06 1.24929e-06 1 -49.3066 -1 -1.25685e-06 1.36039e-06 -34.6351 1.25685e-06 -1 1.24929e-06 -0.324791 0 0 0 1 
				0
				1.37679e-06 1.26941e-06 1 -49.3066 -1 -1.31323e-06 1.3768e-06 -34.6351 1.31323e-06 -1 1.26941e-06 -0.324804 0 0 0 1 
				1
				1.367e-06 1.21451e-06 1 -49.3066 -1 -1.03147e-06 1.367e-06 -34.6351 1.03147e-06 -1 1.21451e-06 -0.324797 0 0 0 1 
				2
				1.38533e-06 1.23866e-06 1 -49.3066 -1 -1.40039e-06 1.38533e-06 -34.6351 1.40039e-06 -1 1.23866e-06 -0.324771 0 0 0 1 
				3
				1.36038e-06 1.18968e-06 1 -49.3066 -1 -1.29779e-06 1.36039e-06 -34.6351 1.29779e-06 -1 1.18968e-06 -0.324785 0 0 0 1 
				4
				1.38569e-06 1.22279e-06 1 -49.3066 -1 -1.22101e-06 1.38569e-06 -34.6351 1.22101e-06 -1 1.22279e-06 -0.324776 0 0 0 1 
				5
				1.3574e-06 1.28253e-06 1 -49.3066 -1 -1.40275e-06 1.3574e-06 -34.635 1.40276e-06 -1 1.28253e-06 -0.324791 0 0 0 1 
				6
				1.26148e-06 1.34392e-06 1 -49.3066 -1 -1.25685e-06 1.26148e-06 -34.6351 1.25685e-06 -1 1.34391e-06 -0.324787 0 0 0 1 
				7
				1.24066e-06 1.33049e-06 1 -49.3066 -1 -1.25685e-06 1.24066e-06 -34.6351 1.25685e-06 -1 1.33049e-06 -0.324783 0 0 0 1 
		</Joint>
			24
		</Joint>
		</animation>
</animations>
</itpanim>