<?xml version='1.0' encoding='UTF-8' ?>
<itpanim>
	<skeleton count>
		25
			0 -1
			1.37091e-06 -1 -6.12323e-17 -3.70664 1 1.37091e-06 -6.12323e-17 5.24382e-06 6.12323e-17 -6.12323e-17 1 87.7185 0 0 0 1 
			1 0
			1.3868e-06 4.78456e-08 -1 -87.7185 2.75771e-06 -1 -4.78418e-08 -3.70664 -1 -2.75771e-06 -1.3868e-06 -0.000132032 0 0 0 1 
			2 1
			1.40269e-06 -0.000796318 -1 -96.7459 0 -1 0.000796318 -12.2718 -1 -1.11699e-09 -1.40269e-06 8.7278e-06 0 0 0 1 
			3 2
			1.40269e-06 -0.000796318 -1 -122.958 0 -1 0.000796318 -12.22 -1 -1.11699e-09 -1.40269e-06 8.58421e-06 0 0 0 1 
			4 3
			1 -0 0 0 0 1 0 0 -0 -0 1 -0 0 0 0 1 
			5 4
			1 1.37091e-06 4.37113e-08 -52.406 -1.37091e-06 1 3.58059e-15 38.7067 -4.37113e-08 -6.35048e-14 1 167.762 0 0 0 1 
			6 5
			0.0123547 0.0130585 0.999838 166.875 0.0086996 0.999875 -0.0131665 35.5314 -0.999886 0.00886086 0.0122396 112.902 0 0 0 1 
			7 6
			0.0121292 -0.0124069 0.999849 128.937 0.00901157 0.999884 0.012298 38.8273 -0.999886 0.00886105 0.0122396 112.902 0 0 0 1 
			8 7
			0.0121292 -0.0124069 0.999849 16.6516 -0.999878 0.00965724 0.0122494 112.933 -0.00980777 -0.999876 -0.0122883 -38.7374 0 0 0 1 
			9 4
			-1 -1.37091e-06 4.37114e-08 -52.406 -1.37091e-06 1 3.84662e-15 38.7067 -4.37115e-08 -5.60777e-14 -1 -167.762 0 0 0 1 
			10 9
			-0.0123548 0.0130585 0.999838 166.875 -0.00870231 0.999875 -0.0131665 35.5314 -0.999886 -0.00886358 -0.0122396 -112.902 0 0 0 1 
			11 10
			-0.0121292 -0.0124069 0.999849 128.937 -0.0090143 0.999884 0.012298 38.8273 -0.999886 -0.00886378 -0.0122396 -112.902 0 0 0 1 
			12 11
			-0.0121292 -0.012407 0.999849 16.6516 0.999878 0.00965998 0.0122494 112.933 -0.0098105 0.999876 0.0122883 38.7374 0 0 0 1 
			13 4
			1.34309e-06 -5.95475e-08 -1 -140.788 -1.40269e-06 -1 5.95456e-08 -65.8358 -1 1.40269e-06 -1.34309e-06 -0.00010659 0 0 0 1 
			14 13
			1 -0 0 0 0 1 0 0 -0 -0 1 -0 0 0 0 1 
			15 2
			1.37145e-06 -0.0998263 0.995005 86.9103 0 -0.995005 -0.0998263 -12.4447 1 1.36907e-07 -1.3646e-06 -49.3066 0 0 0 1 
			16 15
			1.37145e-06 0.0998359 0.995004 49.2248 0 -0.995004 0.0998359 -2.71971 1 -1.3692e-07 -1.3646e-06 -49.3066 0 0 0 1 
			17 16
			1.45937e-06 -4.13125e-13 1 9.69628 0 -1 -4.13125e-13 -3.70627 1 6.02901e-19 -1.45937e-06 -49.3066 0 0 0 1 
			18 17
			1.85191e-06 -1 5.70042e-14 -34.6347 0 -5.70042e-14 -1 -0.678676 1 1.85191e-06 -1.05566e-19 -49.3066 0 0 0 1 
			19 18
			1 -0 0 0 0 1 0 0 -0 -0 1 -0 0 0 0 1 
			20 2
			1.37145e-06 -0.0998313 0.995004 86.9103 0 -0.995004 -0.0998313 -12.4452 1 1.36913e-07 -1.3646e-06 49.3066 0 0 0 1 
			21 20
			1.37145e-06 0.0998339 0.995004 49.2249 0 -0.995004 0.0998339 -2.72 1 -1.36917e-07 -1.3646e-06 49.3066 0 0 0 1 
			22 21
			1.45937e-06 -4.13125e-13 1 9.69632 0 -1 -4.13125e-13 -3.70653 1 6.02901e-19 -1.45937e-06 49.3066 0 0 0 1 
			23 22
			1.85542e-06 -1 2.18875e-13 -34.6349 0 -2.18875e-13 -1 -0.678698 1 1.85542e-06 -4.06104e-19 49.3066 0 0 0 1 
			24 23
			1 -0 0 0 0 1 0 0 -0 -0 1 -0 0 0 0 1 
	</skeleton>
		<animations>
			49
			0
				-1
				-0.707106 0.707108 1.16057e-38 -3.27039e-06 -0.707108 -0.707106 -8.71576e-33 -3.70664 -6.16298e-33 -6.16298e-33 1 -53.3556 0 0 0 1 
				0
				-0.634392 0.773011 0 -3.54789e-06 -0.773011 -0.634392 -0 -3.70664 -0 -0 1 -58.0038 0 0 0 1 
				1
				-0.555569 0.83147 0 -3.84614e-06 -0.83147 -0.555569 -0 -3.70664 -0 -0 1 -62.9998 0 0 0 1 
				2
				-0.471396 0.881922 5.43526e-33 -4.15262e-06 -0.881922 -0.471396 -2.9052e-33 -3.70664 -0 -6.16298e-33 1 -68.1335 0 0 0 1 
				3
				-0.382682 0.92388 0 -4.45479e-06 -0.92388 -0.382682 -0 -3.70664 -0 -0 1 -73.195 0 0 0 1 
				4
				-0.290283 0.956941 -3.57802e-33 -4.74051e-06 -0.956941 -0.290283 -1.17952e-32 -3.70664 -1.2326e-32 -0 1 -77.981 0 0 0 1 
				5
				-0.195089 0.980786 0 -4.99764e-06 -0.980786 -0.195089 -0 -3.70664 -0 -0 1 -82.2881 0 0 0 1 
				6
				-0.0980158 0.995185 7.66663e-34 -5.21364e-06 -0.995185 -0.0980158 -7.55086e-35 -3.70664 -0 -7.70372e-34 1 -85.9063 0 0 0 1 
				7
				1.33158e-06 1 0 -5.37599e-06 -1 1.33158e-06 0 -3.70664 -0 -0 1 -88.6257 0 0 0 1 
				8
				0.103323 0.994648 0 -5.49114e-06 -0.994648 0.103323 0 -3.70664 -0 -0 1 -90.5545 0 0 0 1 
				9
				0.213112 0.977028 1.50535e-33 -5.57339e-06 -0.977028 0.213112 3.2835e-34 -3.70664 -0 -1.54074e-33 1 -91.9322 0 0 0 1 
				10
				0.32317 0.946341 -1.06724e-33 -5.62274e-06 -0.946341 0.32317 1.26604e-32 -3.70664 1.2326e-32 -3.08149e-33 1 -92.7589 0 0 0 1 
				11
				0.427556 0.903989 2.78563e-33 -5.63919e-06 -0.903989 0.427556 1.31751e-33 -3.70664 -0 -3.08149e-33 1 -93.0344 0 0 0 1 
				12
				0.521291 0.853379 0 -5.62274e-06 -0.853379 0.521291 0 -3.70664 -0 -0 1 -92.7589 0 0 0 1 
				13
				0.600618 0.799536 2.47566e-33 -5.57339e-06 -0.799536 0.600618 -1.35566e-32 -3.70664 -1.2326e-32 6.16298e-33 1 -91.9322 0 0 0 1 
				14
				0.663019 0.748603 0 -5.49114e-06 -0.748603 0.663019 0 -3.70664 -0 -0 1 -90.5545 0 0 0 1 
				15
				0.707108 0.707106 8.71576e-33 -5.37599e-06 -0.707106 0.707108 1.16057e-38 -3.70664 -6.16298e-33 -6.16298e-33 1 -88.6257 0 0 0 1 
				16
				0.738767 0.673961 0 -5.21197e-06 -0.673961 0.738767 0 -3.70664 -0 -0 1 -85.4274 0 0 0 1 
				17
				0.763685 0.645589 0 -4.99185e-06 -0.645589 0.763685 0 -3.70664 -0 -0 1 -80.6348 0 0 0 1 
				18
				0.78093 0.624618 0 -4.72964e-06 -0.624618 0.78093 0 -3.70664 -0 -0 1 -74.8778 0 0 0 1 
				19
				0.789604 0.613617 -8.64802e-33 -4.43935e-06 -0.613617 0.789604 -1.0846e-33 -3.70664 6.16298e-33 6.16298e-33 1 -68.7863 0 0 0 1 
				20
				0.78863 0.614868 -2.71853e-33 -4.13453e-06 -0.614868 0.78863 -1.351e-32 -3.70664 -6.16298e-33 1.2326e-32 1 -62.9703 0 0 0 1 
				21
				0.776406 0.630233 0 -3.82877e-06 -0.630233 0.776406 0 -3.70664 -0 -0 1 -58.0399 0 0 0 1 
				22
				0.75044 0.660938 -8.69829e-33 -3.53605e-06 -0.660938 0.75044 -5.516e-34 -3.70664 6.16298e-33 6.16298e-33 1 -54.625 0 0 0 1 
				23
				0.707108 0.707106 -4.3579e-33 -3.27039e-06 -0.707106 0.707108 1.30736e-32 -3.70664 1.2326e-32 -6.16298e-33 1 -53.3556 0 0 0 1 
				24
				0.633654 0.773617 0 -3.00573e-06 -0.773617 0.633654 0 -3.70664 -0 -0 1 -54.669 0 0 0 1 
				25
				0.520886 0.853626 1.15953e-33 -2.71755e-06 -0.853626 0.520886 -1.3732e-32 -3.70664 -1.2326e-32 6.16298e-33 1 -58.1915 0 0 0 1 
				26
				0.373275 0.927721 -2.85876e-33 -2.4224e-06 -0.927721 0.373275 -1.15024e-33 -3.70664 -0 3.08149e-33 1 -63.2549 0 0 0 1 
				27
				0.201106 0.979569 1.50927e-33 -2.13679e-06 -0.979569 0.201106 3.09853e-34 -3.70664 -0 -1.54074e-33 1 -69.1906 0 0 0 1 
				28
				0.0196232 0.999807 4.93184e-35 -1.87673e-06 -0.999807 0.0196232 -1.23274e-32 -3.70664 -1.2326e-32 1.92593e-34 1 -75.3513 0 0 0 1 
				29
				-0.153554 0.98814 -3.70226e-34 -1.65821e-06 -0.98814 -0.153554 -1.24164e-32 -3.70664 -1.2326e-32 -1.54074e-33 1 -81.0897 0 0 0 1 
				30
				-0.301823 0.953364 2.93778e-33 -1.49777e-06 -0.953364 -0.301823 -9.30063e-34 -3.70664 -0 -3.08149e-33 1 -85.7372 0 0 0 1 
				31
				-0.412706 0.910864 -2.80682e-33 -1.41191e-06 -0.910864 -0.412706 1.27175e-33 -3.70664 -0 3.08149e-33 1 -88.6255 0 0 0 1 
				32
				-0.491331 0.870973 0 -1.41584e-06 -0.870973 -0.491331 -0 -3.70664 -0 -0 1 -89.9675 0 0 0 1 
				33
				-0.551097 0.834441 0 -1.50143e-06 -0.834441 -0.551097 -0 -3.70664 -0 -0 1 -90.4659 0 0 0 1 
				34
				-0.596013 0.802974 0 -1.64788e-06 -0.802974 -0.596013 -0 -3.70664 -0 -0 1 -90.2363 0 0 0 1 
				35
				-0.629637 0.776889 0 -1.83442e-06 -0.776889 -0.629637 -0 -3.70664 -0 -0 1 -89.3942 0 0 0 1 
				36
				-0.655002 0.755627 0 -2.0409e-06 -0.755627 -0.655002 -0 -3.70664 -0 -0 1 -88.0515 0 0 0 1 
				37
				-0.674772 0.738026 -8.31721e-33 -2.24719e-06 -0.738026 -0.674772 -9.09687e-33 -3.70664 -1.2326e-32 -0 1 -86.3203 0 0 0 1 
				38
				-0.691396 0.722476 0 -2.4325e-06 -0.722476 -0.691396 -0 -3.70664 -0 -0 1 -84.316 0 0 0 1 
				39
				-0.707106 0.707108 1.16057e-38 -2.57604e-06 -0.707108 -0.707106 -8.71576e-33 -3.70664 -6.16298e-33 -6.16298e-33 1 -82.1543 0 0 0 1 
				40
				-0.719192 0.694811 4.43236e-33 -2.68533e-06 -0.694811 -0.719192 4.2821e-33 -3.70664 6.16298e-33 -0 1 -79.6239 0 0 0 1 
				41
				-0.724775 0.688986 -2.20567e-34 -2.78266e-06 -0.688986 -0.724775 -8.71297e-33 -3.70664 -6.16298e-33 -6.16298e-33 1 -76.5245 0 0 0 1 
				42
				-0.725489 0.688233 2.29607e-34 -2.87081e-06 -0.688233 -0.725489 8.71274e-33 -3.70664 6.16298e-33 6.16298e-33 1 -72.989 0 0 0 1 
				43
				-0.722834 0.691021 -4.25875e-33 -2.95258e-06 -0.691021 -0.722834 4.45481e-33 -3.70664 -0 6.16298e-33 1 -69.1504 0 0 0 1 
				44
				-0.718215 0.695822 8.71467e-33 -3.03068e-06 -0.695822 -0.718215 -1.38007e-34 -3.70664 6.16298e-33 -6.16298e-33 1 -65.1373 0 0 0 1 
				45
				-0.713047 0.701117 7.35238e-35 -3.10781e-06 -0.701117 -0.713047 8.71545e-33 -3.70664 6.16298e-33 6.16298e-33 1 -61.0786 0 0 0 1 
				46
				-0.708832 0.705378 4.36851e-33 -3.18679e-06 -0.705378 -0.708832 4.34722e-33 -3.70664 6.16298e-33 -0 1 -57.107 0 0 0 1 
				47
				-0.707106 0.707108 1.16057e-38 -3.27039e-06 -0.707108 -0.707106 -8.71576e-33 -3.70664 -6.16298e-33 -6.16298e-33 1 -53.3556 0 0 0 1 
		</Joint>
			1
				-1
				1.33158e-06 -0.707105 -0.707109 -3.27039e-06 0 -0.707109 0.707105 -3.70664 -1 -9.41567e-07 -9.41572e-07 -53.3556 0 0 0 1 
				0
				1.33158e-06 -0.634391 -0.773012 -3.54789e-06 0 -0.773012 0.634391 -3.70664 -1 -8.44743e-07 -1.02933e-06 -58.0038 0 0 0 1 
				1
				1.33158e-06 -0.555568 -0.831471 -3.84614e-06 0 -0.831471 0.555568 -3.70664 -1 -7.39784e-07 -1.10717e-06 -62.9998 0 0 0 1 
				2
				1.33158e-06 -0.471394 -0.881923 -4.15262e-06 0 -0.881923 0.471394 -3.70664 -1 -6.277e-07 -1.17435e-06 -68.1335 0 0 0 1 
				3
				1.33158e-06 -0.382681 -0.923881 -4.45479e-06 0 -0.923881 0.382681 -3.70664 -1 -5.09571e-07 -1.23022e-06 -73.195 0 0 0 1 
				4
				1.33158e-06 -0.290282 -0.956941 -4.74051e-06 0 -0.956941 0.290282 -3.70664 -1 -3.86534e-07 -1.27424e-06 -77.981 0 0 0 1 
				5
				1.33158e-06 -0.195088 -0.980786 -4.99764e-06 0 -0.980786 0.195088 -3.70664 -1 -2.59775e-07 -1.306e-06 -82.2881 0 0 0 1 
				6
				1.33158e-06 -0.0980145 -0.995185 -5.21364e-06 0 -0.995185 0.0980145 -3.70664 -1 -1.30514e-07 -1.32517e-06 -85.9063 0 0 0 1 
				7
				1.33158e-06 2.66316e-06 -1 -5.37599e-06 0 -1 -2.66316e-06 -3.70664 -1 3.54621e-12 -1.33158e-06 -88.6257 0 0 0 1 
				8
				1.33158e-06 0.103325 -0.994648 -5.49114e-06 0 -0.994648 -0.103325 -3.70664 -1 1.37585e-07 -1.32445e-06 -90.5545 0 0 0 1 
				9
				1.33158e-06 0.213113 -0.977028 -5.57339e-06 0 -0.977028 -0.213113 -3.70664 -1 2.83777e-07 -1.30099e-06 -91.9322 0 0 0 1 
				10
				1.33158e-06 0.323171 -0.946341 -5.62274e-06 0 -0.946341 -0.323171 -3.70664 -1 4.30328e-07 -1.26013e-06 -92.7589 0 0 0 1 
				11
				1.33158e-06 0.427558 -0.903988 -5.63919e-06 0 -0.903988 -0.427558 -3.70664 -1 5.69327e-07 -1.20373e-06 -93.0344 0 0 0 1 
				12
				1.33158e-06 0.521292 -0.853379 -5.62274e-06 0 -0.853379 -0.521292 -3.70664 -1 6.94142e-07 -1.13634e-06 -92.7589 0 0 0 1 
				13
				1.33158e-06 0.600619 -0.799536 -5.57339e-06 0 -0.799536 -0.600619 -3.70664 -1 7.99772e-07 -1.06465e-06 -91.9322 0 0 0 1 
				14
				1.33158e-06 0.66302 -0.748602 -5.49114e-06 0 -0.748602 -0.66302 -3.70664 -1 8.82864e-07 -9.96824e-07 -90.5545 0 0 0 1 
				15
				1.33158e-06 0.707109 -0.707105 -5.37599e-06 0 -0.707105 -0.707109 -3.70664 -1 9.41572e-07 -9.41567e-07 -88.6257 0 0 0 1 
				16
				1.33158e-06 0.738768 -0.67396 -5.21197e-06 0 -0.67396 -0.738768 -3.70664 -1 9.83729e-07 -8.97432e-07 -85.4274 0 0 0 1 
				17
				1.33158e-06 0.763686 -0.645588 -4.99185e-06 0 -0.645588 -0.763686 -3.70664 -1 1.01691e-06 -8.59653e-07 -80.6348 0 0 0 1 
				18
				1.33158e-06 0.780931 -0.624617 -4.72964e-06 0 -0.624617 -0.780931 -3.70664 -1 1.03987e-06 -8.31728e-07 -74.8778 0 0 0 1 
				19
				1.33158e-06 0.789605 -0.613616 -4.43935e-06 0 -0.613616 -0.789605 -3.70664 -1 1.05142e-06 -8.17079e-07 -68.7863 0 0 0 1 
				20
				1.33158e-06 0.788631 -0.614867 -4.13453e-06 0 -0.614867 -0.788631 -3.70664 -1 1.05013e-06 -8.18745e-07 -62.9703 0 0 0 1 
				21
				1.33158e-06 0.776407 -0.630232 -3.82877e-06 0 -0.630232 -0.776407 -3.70664 -1 1.03385e-06 -8.39204e-07 -58.0399 0 0 0 1 
				22
				1.33158e-06 0.750441 -0.660937 -3.53605e-06 0 -0.660937 -0.750441 -3.70664 -1 9.99273e-07 -8.80091e-07 -54.625 0 0 0 1 
				23
				1.33158e-06 0.707109 -0.707105 -3.27039e-06 0 -0.707105 -0.707109 -3.70664 -1 9.41572e-07 -9.41567e-07 -53.3556 0 0 0 1 
				24
				1.33158e-06 0.633655 -0.773616 -3.00573e-06 0 -0.773616 -0.633655 -3.70664 -1 8.43762e-07 -1.03013e-06 -54.669 0 0 0 1 
				25
				1.33158e-06 0.520887 -0.853626 -2.71755e-06 0 -0.853626 -0.520887 -3.70664 -1 6.93603e-07 -1.13667e-06 -58.1915 0 0 0 1 
				26
				1.33158e-06 0.373277 -0.92772 -2.4224e-06 0 -0.92772 -0.373277 -3.70664 -1 4.97048e-07 -1.23533e-06 -63.2549 0 0 0 1 
				27
				1.33158e-06 0.201107 -0.979569 -2.13679e-06 0 -0.979569 -0.201107 -3.70664 -1 2.6779e-07 -1.30438e-06 -69.1906 0 0 0 1 
				28
				1.33158e-06 0.0196245 -0.999807 -1.87673e-06 0 -0.999807 -0.0196245 -3.70664 -1 2.61316e-08 -1.33132e-06 -75.3513 0 0 0 1 
				29
				1.33158e-06 -0.153552 -0.98814 -1.65821e-06 0 -0.98814 0.153552 -3.70664 -1 -2.04467e-07 -1.31579e-06 -81.0897 0 0 0 1 
				30
				1.33158e-06 -0.301822 -0.953365 -1.49777e-06 0 -0.953365 0.301822 -3.70664 -1 -4.019e-07 -1.26948e-06 -85.7372 0 0 0 1 
				31
				1.33158e-06 -0.412705 -0.910865 -1.41191e-06 0 -0.910865 0.412705 -3.70664 -1 -5.49549e-07 -1.21289e-06 -88.6255 0 0 0 1 
				32
				1.33158e-06 -0.49133 -0.870974 -1.41584e-06 0 -0.870974 0.49133 -3.70664 -1 -6.54245e-07 -1.15977e-06 -89.9675 0 0 0 1 
				33
				1.33158e-06 -0.551096 -0.834442 -1.50143e-06 0 -0.834442 0.551096 -3.70664 -1 -7.33829e-07 -1.11113e-06 -90.4659 0 0 0 1 
				34
				1.33158e-06 -0.596012 -0.802975 -1.64788e-06 0 -0.802975 0.596012 -3.70664 -1 -7.93638e-07 -1.06923e-06 -90.2363 0 0 0 1 
				35
				1.33158e-06 -0.629636 -0.77689 -1.83442e-06 0 -0.77689 0.629636 -3.70664 -1 -8.38411e-07 -1.03449e-06 -89.3942 0 0 0 1 
				36
				1.33158e-06 -0.655001 -0.755628 -2.0409e-06 0 -0.755628 0.655001 -3.70664 -1 -8.72187e-07 -1.00618e-06 -88.0515 0 0 0 1 
				37
				1.33158e-06 -0.674771 -0.738027 -2.24719e-06 0 -0.738027 0.674771 -3.70664 -1 -8.98512e-07 -9.82743e-07 -86.3203 0 0 0 1 
				38
				1.33158e-06 -0.691395 -0.722477 -2.4325e-06 0 -0.722477 0.691395 -3.70664 -1 -9.20648e-07 -9.62037e-07 -84.316 0 0 0 1 
				39
				1.33158e-06 -0.707105 -0.707109 -2.57604e-06 0 -0.707109 0.707105 -3.70664 -1 -9.41567e-07 -9.41572e-07 -82.1543 0 0 0 1 
				40
				1.33158e-06 -0.719191 -0.694812 -2.68533e-06 0 -0.694812 0.719191 -3.70664 -1 -9.57661e-07 -9.25199e-07 -79.6239 0 0 0 1 
				41
				1.33158e-06 -0.724774 -0.688987 -2.78266e-06 0 -0.688987 0.724774 -3.70664 -1 -9.65095e-07 -9.17442e-07 -76.5245 0 0 0 1 
				42
				1.33158e-06 -0.725488 -0.688235 -2.87081e-06 0 -0.688235 0.725488 -3.70664 -1 -9.66046e-07 -9.1644e-07 -72.989 0 0 0 1 
				43
				1.33158e-06 -0.722833 -0.691023 -2.95258e-06 0 -0.691023 0.722833 -3.70664 -1 -9.62511e-07 -9.20152e-07 -69.1504 0 0 0 1 
				44
				1.33158e-06 -0.718214 -0.695823 -3.03068e-06 0 -0.695823 0.718214 -3.70664 -1 -9.5636e-07 -9.26544e-07 -65.1373 0 0 0 1 
				45
				1.33158e-06 -0.713046 -0.701118 -3.10781e-06 0 -0.701118 0.713046 -3.70664 -1 -9.49477e-07 -9.33595e-07 -61.0786 0 0 0 1 
				46
				1.33158e-06 -0.708831 -0.705378 -3.18679e-06 0 -0.705378 0.708831 -3.70664 -1 -9.43866e-07 -9.39268e-07 -57.107 0 0 0 1 
				47
				1.33158e-06 -0.707105 -0.707109 -3.27039e-06 0 -0.707109 0.707105 -3.70664 -1 -9.41567e-07 -9.41572e-07 -53.3556 0 0 0 1 
		</Joint>
			2
				-1
				-0.000530671 -0.666493 -0.745511 -6.1118 -0.000595599 -0.745511 0.666493 -9.81679 -1 0.000797714 -1.34159e-06 -62.3732 0 0 0 1 
				0
				-0.000481409 -0.604864 -0.796328 -5.48316 -0.00063605 -0.796328 0.604864 -10.3867 -1 0.000797692 -1.36444e-06 -67.0214 0 0 0 1 
				1
				-0.000429446 -0.539841 -0.841767 -4.80167 -0.0006722 -0.841767 0.539841 -10.8921 -1 0.000797668 -1.3873e-06 -72.0174 0 0 0 1 
				2
				-0.000374936 -0.471613 -0.881806 -4.07389 -0.000704032 -0.881806 0.471613 -11.3284 -1 0.000797644 -1.40988e-06 -77.1511 0 0 0 1 
				3
				-0.000317998 -0.400328 -0.916372 -3.30685 -0.000731489 -0.916371 0.400329 -11.6911 -1 0.000797619 -1.43184e-06 -82.2126 0 0 0 1 
				4
				-0.000258737 -0.326118 -0.945329 -2.50795 -0.000754462 -0.945329 0.326119 -11.9769 -1 0.000797594 -1.45248e-06 -86.9986 0 0 0 1 
				5
				-0.000197253 -0.249104 -0.968477 -1.68488 -0.000772794 -0.968476 0.249104 -12.183 -1 0.000797569 -1.47151e-06 -91.3057 0 0 0 1 
				6
				-0.00013364 -0.169403 -0.985547 -0.845594 -0.00078627 -0.985546 0.169403 -12.3074 -1 0.000797545 -1.48867e-06 -94.9239 0 0 0 1 
				7
				-6.80121e-05 -0.0871572 -0.996195 0.00181724 -0.00079462 -0.996194 0.0871573 -12.3489 -1 0.000797523 -1.5036e-06 -97.6433 0 0 0 1 
				8
				2.57989e-06 0.00133209 -0.999999 0.895055 -0.000797498 -0.999999 -0.00133209 -12.3025 -1 0.000797501 -1.51755e-06 -99.5721 0 0 0 1 
				9
				7.89031e-05 0.0970296 -0.995281 1.84416 -0.000793566 -0.995281 -0.0970297 -12.1499 -1 0.000797477 -1.53138e-06 -100.95 0 0 0 1 
				10
				0.000157155 0.195172 -0.980769 2.79555 -0.000781816 -0.980769 -0.195172 -11.8844 -1 0.000797453 -1.54437e-06 -101.776 0 0 0 1 
				11
				0.000233511 0.290963 -0.956734 3.69786 -0.000762477 -0.956734 -0.290963 -11.518 -1 0.000797431 -1.55588e-06 -102.052 0 0 0 1 
				12
				0.000304506 0.380053 -0.924965 4.50803 -0.000736982 -0.924965 -0.380053 -11.0802 -1 0.000797411 -1.56517e-06 -101.776 0 0 0 1 
				13
				0.000367186 0.45873 -0.888575 5.1936 -0.000707824 -0.888575 -0.45873 -10.6145 -1 0.000797395 -1.57177e-06 -100.95 0 0 0 1 
				14
				0.000419156 0.523982 -0.851729 5.73282 -0.00067833 -0.851729 -0.523982 -10.1741 -1 0.000797384 -1.57497e-06 -99.5721 0 0 0 1 
				15
				0.000458647 0.573575 -0.819153 6.11373 -0.000652274 -0.819153 -0.573575 -9.81525 -1 0.000797381 -1.57411e-06 -97.6433 0 0 0 1 
				16
				0.000490441 0.613508 -0.789689 6.38717 -0.000628724 -0.789688 -0.613508 -9.52873 -1 0.000797385 -1.5683e-06 -94.445 0 0 0 1 
				17
				0.00051888 0.649231 -0.760591 6.60229 -0.000605482 -0.760591 -0.649231 -9.28355 -1 0.000797397 -1.55773e-06 -89.6524 0 0 0 1 
				18
				0.000542151 0.678463 -0.734634 6.75107 -0.000584762 -0.734634 -0.678463 -9.10242 -1 0.000797415 -1.54334e-06 -83.8954 0 0 0 1 
				19
				0.000558702 0.699254 -0.714873 6.82578 -0.000568999 -0.714873 -0.699254 -9.00752 -1 0.000797437 -1.52596e-06 -77.8039 0 0 0 1 
				20
				0.000567151 0.709864 -0.704338 6.81712 -0.000560613 -0.704338 -0.709865 -9.01859 -1 0.000797462 -1.50652e-06 -71.9879 0 0 0 1 
				21
				0.000565976 0.708383 -0.705828 6.71126 -0.000561837 -0.705828 -0.708383 -9.15166 -1 0.000797488 -1.48614e-06 -67.0575 0 0 0 1 
				22
				0.00055315 0.692264 -0.721644 6.48665 -0.000574508 -0.721644 -0.692265 -9.41733 -1 0.000797516 -1.46573e-06 -63.6426 0 0 0 1 
				23
				0.000525854 0.657977 -0.753038 6.11197 -0.000599628 -0.753038 -0.657977 -9.81663 -1 0.000797543 -1.44662e-06 -62.3732 0 0 0 1 
				24
				0.000475023 0.594148 -0.804355 5.47697 -0.000640681 -0.804355 -0.594148 -10.3917 -1 0.000797569 -1.42791e-06 -63.6866 0 0 0 1 
				25
				0.000395289 0.494063 -0.869426 4.50214 -0.000692758 -0.869426 -0.494063 -11.0835 -1 0.0007976 -1.4082e-06 -67.2091 0 0 0 1 
				26
				0.000290793 0.36295 -0.931809 3.22612 -0.000742736 -0.931808 -0.36295 -11.7241 -1 0.000797631 -1.38791e-06 -72.2725 0 0 0 1 
				27
				0.000169083 0.210298 -0.977637 1.73779 -0.000779536 -0.977637 -0.210298 -12.1723 -1 0.000797662 -1.36725e-06 -78.2082 0 0 0 1 
				28
				4.07228e-05 0.0493649 -0.998781 0.168956 -0.000796651 -0.998781 -0.0493649 -12.3472 -1 0.00079769 -1.34655e-06 -84.3689 0 0 0 1 
				29
				-8.21045e-05 -0.104578 -0.994517 -1.32807 -0.00079348 -0.994516 0.104578 -12.2462 -1 0.000797716 -1.32614e-06 -90.1073 0 0 0 1 
				30
				-0.000187528 -0.236666 -0.971591 -2.60978 -0.000775385 -0.971591 0.236666 -11.9454 -1 0.000797738 -1.30617e-06 -94.7548 0 0 0 1 
				31
				-0.000265923 -0.334858 -0.942269 -3.56831 -0.000752134 -0.942268 0.334858 -11.5778 -1 0.000797759 -1.2871e-06 -97.6431 0 0 0 1 
				32
				-0.000319767 -0.402277 -0.915518 -4.24804 -0.000730889 -0.915518 0.402277 -11.2328 -1 0.000797777 -1.26726e-06 -98.9851 0 0 0 1 
				33
				-0.000358705 -0.451013 -0.892517 -4.76478 -0.000712608 -0.892517 0.451013 -10.9168 -1 0.000797796 -1.24563e-06 -99.4835 0 0 0 1 
				34
				-0.000386282 -0.485516 -0.874227 -5.15317 -0.000698065 -0.874227 0.485516 -10.6446 -1 0.000797814 -1.22353e-06 -99.2539 0 0 0 1 
				35
				-0.000405712 -0.509815 -0.860284 -5.44395 -0.000686975 -0.860284 0.509815 -10.4189 -1 0.000797832 -1.20268e-06 -98.4118 0 0 0 1 
				36
				-0.000419844 -0.527483 -0.849566 -5.66332 -0.000678447 -0.849565 0.527483 -10.2349 -1 0.000797846 -1.1844e-06 -97.0691 0 0 0 1 
				37
				-0.000431334 -0.541849 -0.840476 -5.83429 -0.000671213 -0.840476 0.541849 -10.0827 -1 0.000797856 -1.17046e-06 -95.3379 0 0 0 1 
				38
				-0.000442786 -0.556176 -0.831065 -5.978 -0.000663721 -0.831064 0.556176 -9.94814 -1 0.000797862 -1.16239e-06 -93.3336 0 0 0 1 
				39
				-0.000456684 -0.573577 -0.819151 -6.11373 -0.000654236 -0.819151 0.573578 -9.81525 -1 0.000797862 -1.16181e-06 -91.1719 0 0 0 1 
				40
				-0.000470988 -0.591499 -0.806305 -6.21807 -0.000644007 -0.806305 0.5915 -9.709 -1 0.000797856 -1.16999e-06 -88.6415 0 0 0 1 
				41
				-0.000482615 -0.606082 -0.795402 -6.26612 -0.000635326 -0.795402 0.606082 -9.65876 -1 0.000797844 -1.18624e-06 -85.5421 0 0 0 1 
				42
				-0.000492228 -0.618151 -0.786059 -6.27206 -0.000627887 -0.786059 0.618151 -9.65243 -1 0.000797828 -1.20851e-06 -82.0066 0 0 0 1 
				43
				-0.000500449 -0.628485 -0.777822 -6.24885 -0.000621327 -0.777821 0.628486 -9.67676 -1 0.000797807 -1.2347e-06 -78.168 0 0 0 1 
				44
				-0.000507856 -0.637803 -0.770199 -6.20863 -0.000615257 -0.770199 0.637803 -9.7185 -1 0.000797783 -1.263e-06 -74.1549 0 0 0 1 
				45
				-0.000514999 -0.646793 -0.762666 -6.16367 -0.000609258 -0.762665 0.646793 -9.76453 -1 0.000797758 -1.29136e-06 -70.0962 0 0 0 1 
				46
				-0.000522429 -0.656138 -0.754641 -6.12697 -0.000602868 -0.754641 0.656138 -9.80161 -1 0.000797734 -1.31806e-06 -66.1246 0 0 0 1 
				47
				-0.000530671 -0.666493 -0.745511 -6.1118 -0.000595599 -0.745511 0.666493 -9.81679 -1 0.000797714 -1.34159e-06 -62.3732 0 0 0 1 
		</Joint>
			3
				-1
				-0.000496672 -0.623795 -0.781588 -6.09341 -0.000624326 -0.781587 0.623795 -9.79194 -1 0.000797787 -1.259e-06 -88.5857 0 0 0 1 
				0
				-0.000457213 -0.574478 -0.81852 -5.46604 -0.00065372 -0.81852 0.574478 -10.361 -1 0.000797742 -1.31024e-06 -93.2339 0 0 0 1 
				1
				-0.000416768 -0.52392 -0.851768 -4.78581 -0.000680163 -0.851767 0.52392 -10.8657 -1 0.000797694 -1.36082e-06 -98.2298 0 0 0 1 
				2
				-0.000375107 -0.471828 -0.881691 -4.05929 -0.00070394 -0.881691 0.471828 -11.3012 -1 0.000797644 -1.41013e-06 -103.364 0 0 0 1 
				3
				-0.00033193 -0.417825 -0.908527 -3.29356 -0.000725243 -0.908527 0.417825 -11.6633 -1 0.000797591 -1.45737e-06 -108.425 0 0 0 1 
				4
				-0.000286901 -0.361488 -0.932377 -2.49601 -0.000744149 -0.932376 0.361488 -11.9484 -1 0.000797539 -1.5012e-06 -113.211 0 0 0 1 
				5
				-0.000239653 -0.302353 -0.953196 -1.6744 -0.000760626 -0.953196 0.302353 -12.1539 -1 0.000797486 -1.541e-06 -117.518 0 0 0 1 
				6
				-0.000189781 -0.239909 -0.970795 -0.836677 -0.000774524 -0.970795 0.239909 -12.2778 -1 0.000797434 -1.57626e-06 -121.136 0 0 0 1 
				7
				-0.000136884 -0.17365 -0.984807 0.00902412 -0.000785553 -0.984807 0.17365 -12.3188 -1 0.000797388 -1.60677e-06 -123.856 0 0 0 1 
				8
				-7.86419e-05 -0.10067 -0.99492 0.900334 -0.000793453 -0.994919 0.10067 -12.2719 -1 0.000797339 -1.63474e-06 -125.785 0 0 0 1 
				9
				-1.45945e-05 -0.0203892 -0.999792 1.84728 -0.000797157 -0.999792 0.0203892 -12.119 -1 0.000797289 -1.66193e-06 -127.162 0 0 0 1 
				10
				5.25059e-05 0.0637483 -0.997966 2.79637 -0.000795509 -0.997966 -0.0637484 -11.8532 -1 0.000797238 -1.68672e-06 -127.989 0 0 0 1 
				11
				0.00011978 0.148134 -0.988967 3.69631 -0.000788143 -0.988967 -0.148134 -11.4868 -1 0.000797191 -1.70808e-06 -128.265 0 0 0 1 
				12
				0.000184457 0.229289 -0.973358 4.50414 -0.000775518 -0.973358 -0.229289 -11.0491 -1 0.000797151 -1.72503e-06 -127.989 0 0 0 1 
				13
				0.000243957 0.303974 -0.95268 5.18748 -0.00075887 -0.95268 -0.303974 -10.5838 -1 0.000797117 -1.73674e-06 -127.162 0 0 0 1 
				14
				0.000295944 0.369246 -0.929332 5.72469 -0.000740123 -0.929332 -0.369246 -10.1437 -1 0.000797096 -1.74272e-06 -125.785 0 0 0 1 
				15
				0.000338443 0.422617 -0.906308 6.10388 -0.000721674 -0.906308 -0.422617 -9.78542 -1 0.000797091 -1.74229e-06 -123.856 0 0 0 1 
				16
				0.000376494 0.470409 -0.882449 6.37567 -0.000702586 -0.882448 -0.470409 -9.49952 -1 0.000797103 -1.73428e-06 -120.657 0 0 0 1 
				17
				0.000414137 0.517689 -0.855569 6.58909 -0.000681111 -0.855568 -0.517689 -9.25513 -1 0.000797131 -1.71888e-06 -115.865 0 0 0 1 
				18
				0.000448351 0.560663 -0.828044 6.73626 -0.000659142 -0.828043 -0.560664 -9.07488 -1 0.000797172 -1.69699e-06 -110.108 0 0 0 1 
				19
				0.000476507 0.596029 -0.802963 6.80957 -0.000639143 -0.802963 -0.596029 -8.98087 -1 0.00079722 -1.66935e-06 -104.016 0 0 0 1 
				20
				0.000496402 0.621015 -0.783799 6.79984 -0.000623885 -0.783799 -0.621015 -8.9927 -1 0.000797274 -1.63704e-06 -98.2004 0 0 0 1 
				21
				0.000505979 0.633036 -0.774122 6.69332 -0.000616217 -0.774122 -0.633037 -9.12631 -1 0.000797331 -1.60168e-06 -93.27 0 0 0 1 
				22
				0.00050293 0.629196 -0.777246 6.46858 -0.000618782 -0.777246 -0.629197 -9.39215 -1 0.000797388 -1.56482e-06 -89.8551 0 0 0 1 
				23
				0.000484364 0.605871 -0.795562 6.09439 -0.000633489 -0.795562 -0.605872 -9.79116 -1 0.000797443 -1.52857e-06 -88.5857 0 0 0 1 
				24
				0.000442382 0.553157 -0.833077 5.46078 -0.000663551 -0.833077 -0.553157 -10.3654 -1 0.000797496 -1.49091e-06 -89.8991 0 0 0 1 
				25
				0.000373552 0.466765 -0.884381 4.48834 -0.000704666 -0.884381 -0.466765 -11.0559 -1 0.000797555 -1.4488e-06 -93.4216 0 0 0 1 
				26
				0.000282538 0.352582 -0.935781 3.21549 -0.000745899 -0.935781 -0.352582 -11.6951 -1 0.000797616 -1.40293e-06 -98.485 0 0 0 1 
				27
				0.00017639 0.219474 -0.975618 1.73086 -0.000777928 -0.975618 -0.219474 -12.1422 -1 0.000797674 -1.35415e-06 -104.421 0 0 0 1 
				28
				6.43728e-05 0.0790657 -0.996869 0.16593 -0.000795129 -0.996869 -0.0790658 -12.3165 -1 0.00079773 -1.30374e-06 -110.581 0 0 0 1 
				29
				-4.29007e-05 -0.0553438 -0.998467 -1.32736 -0.000796626 -0.998467 0.0553438 -12.2153 -1 0.000797779 -1.25333e-06 -116.32 0 0 0 1 
				30
				-0.00013478 -0.170423 -0.985371 -2.60587 -0.000786356 -0.985371 0.170423 -11.9147 -1 0.000797822 -1.20424e-06 -120.967 0 0 0 1 
				31
				-0.000202053 -0.254647 -0.967034 -3.5621 -0.000771854 -0.967034 0.254647 -11.5475 -1 0.000797861 -1.15809e-06 -123.856 0 0 0 1 
				32
				-0.000245677 -0.309231 -0.950987 -4.24042 -0.000759131 -0.950987 0.309231 -11.2027 -1 0.000797895 -1.11153e-06 -125.198 0 0 0 1 
				33
				-0.0002742 -0.344888 -0.938644 -4.75633 -0.000749337 -0.938644 0.344888 -10.8869 -1 0.000797929 -1.06153e-06 -125.696 0 0 0 1 
				34
				-0.000291611 -0.366624 -0.930369 -5.14432 -0.000742768 -0.930369 0.366624 -10.6147 -1 0.00079796 -1.011e-06 -125.466 0 0 0 1 
				35
				-0.000301647 -0.379126 -0.925345 -5.43496 -0.000738781 -0.925345 0.379126 -10.389 -1 0.00079799 -9.63193e-07 -124.624 0 0 0 1 
				36
				-0.000307765 -0.386729 -0.922193 -5.6543 -0.000736279 -0.922193 0.386729 -10.205 -1 0.000798013 -9.21469e-07 -123.282 0 0 0 1 
				37
				-0.000313336 -0.393662 -0.919255 -5.82521 -0.000733943 -0.919255 0.393662 -10.0527 -1 0.000798029 -8.8948e-07 -121.55 0 0 0 1 
				38
				-0.000321792 -0.404226 -0.914659 -5.96868 -0.000730285 -0.914659 0.404226 -9.91819 -1 0.000798038 -8.70697e-07 -119.546 0 0 0 1 
				39
				-0.00033648 -0.422619 -0.906307 -6.10383 -0.000723636 -0.906307 0.42262 -9.78548 -1 0.000798039 -8.68443e-07 -117.384 0 0 0 1 
				40
				-0.000355773 -0.446807 -0.89463 -6.20728 -0.000714338 -0.89463 0.446807 -9.67956 -1 0.00079803 -8.86161e-07 -114.854 0 0 0 1 
				41
				-0.000375837 -0.471985 -0.881607 -6.25434 -0.000703968 -0.881607 0.471985 -9.62977 -1 0.000798012 -9.21721e-07 -111.755 0 0 0 1 
				42
				-0.000396374 -0.497773 -0.867307 -6.2592 -0.000692583 -0.867307 0.497773 -9.62399 -1 0.000797987 -9.70742e-07 -108.219 0 0 0 1 
				43
				-0.000417094 -0.523804 -0.851839 -6.23485 -0.000680265 -0.851838 0.523805 -9.64895 -1 0.000797952 -1.02852e-06 -104.381 0 0 0 1 
				44
				-0.00043773 -0.549737 -0.835338 -6.19348 -0.000667125 -0.835338 0.549737 -9.69138 -1 0.000797911 -1.09048e-06 -100.367 0 0 0 1 
				45
				-0.000458029 -0.575247 -0.817979 -6.14739 -0.000653302 -0.817979 0.575248 -9.73816 -1 0.000797868 -1.15196e-06 -96.3087 0 0 0 1 
				46
				-0.000477749 -0.600028 -0.799979 -6.1096 -0.000638968 -0.799979 0.600028 -9.776 -1 0.000797824 -1.20932e-06 -92.3371 0 0 0 1 
				47
				-0.000496672 -0.623795 -0.781588 -6.09341 -0.000624326 -0.781587 0.623795 -9.79194 -1 0.000797787 -1.259e-06 -88.5857 0 0 0 1 
		</Joint>
			4
		</Joint>
			5
				-1
				0.781591 0.623791 2.03076e-06 18.4054 -0.623791 0.781591 3.00425e-07 -63.1077 -1.39982e-06 -1.50158e-06 1 -133.399 0 0 0 1 
				0
				0.818523 0.574474 1.94055e-06 22.2697 -0.574474 0.818523 4.17418e-07 -62.0668 -1.34858e-06 -1.45646e-06 1 -138.047 0 0 0 1 
				1
				0.85177 0.523915 1.84362e-06 26.0265 -0.523915 0.851771 5.19821e-07 -60.7993 -1.298e-06 -1.40867e-06 1 -143.043 0 0 0 1 
				2
				0.881694 0.471823 1.74195e-06 29.6958 -0.471823 0.881694 6.08645e-07 -59.2945 -1.24869e-06 -1.35853e-06 1 -148.177 0 0 0 1 
				3
				0.90853 0.41782 1.63718e-06 33.293 -0.41782 0.90853 6.84972e-07 -57.5347 -1.20123e-06 -1.30637e-06 1 -153.238 0 0 0 1 
				4
				0.932379 0.361483 1.53239e-06 36.827 -0.361483 0.932379 7.50695e-07 -55.4969 -1.1574e-06 -1.25387e-06 1 -158.024 0 0 0 1 
				5
				0.953198 0.302347 1.42827e-06 40.3002 -0.302347 0.953198 8.06396e-07 -53.1527 -1.11761e-06 -1.20049e-06 1 -162.331 0 0 0 1 
				6
				0.970797 0.239903 1.32641e-06 43.7081 -0.239903 0.970797 8.55893e-07 -50.4685 -1.08235e-06 -1.14911e-06 1 -165.949 0 0 0 1 
				7
				0.984809 0.173644 1.22736e-06 47.0366 -0.173644 0.984809 9.03446e-07 -47.4068 -1.05184e-06 -1.10285e-06 1 -168.669 0 0 0 1 
				8
				0.99492 0.100665 1.1248e-06 50.3837 -0.100665 0.99492 9.4591e-07 -43.8022 -1.02386e-06 -1.05433e-06 1 -170.598 0 0 0 1 
				9
				0.999792 0.0203835 1.01694e-06 53.7045 -0.0203835 0.999792 9.83512e-07 -39.5707 -9.96677e-07 -1.00404e-06 1 -171.975 0 0 0 1 
				10
				0.997966 -0.0637541 9.0913e-07 56.7781 0.0637541 0.997966 1.01338e-06 -34.8474 -9.71888e-07 -9.5336e-07 1 -172.802 0 0 0 1 
				11
				0.988966 -0.14814 8.05766e-07 59.4333 0.14814 0.988966 1.03719e-06 -29.8212 -9.50525e-07 -9.06381e-07 1 -173.078 0 0 0 1 
				12
				0.973357 -0.229295 7.10185e-07 61.5647 0.229295 0.973357 1.05678e-06 -24.7186 -9.33578e-07 -8.65786e-07 1 -172.802 0 0 0 1 
				13
				0.952679 -0.303979 6.25361e-07 63.1352 0.303979 0.952679 1.07276e-06 -19.7937 -9.21864e-07 -8.31898e-07 1 -171.975 0 0 0 1 
				14
				0.92933 -0.369251 5.51755e-07 64.1713 0.369251 0.92933 1.09174e-06 -15.3168 -9.15887e-07 -8.10846e-07 1 -170.598 0 0 0 1 
				15
				0.906306 -0.422622 4.89929e-07 64.7523 0.422622 0.906306 1.11751e-06 -11.554 -9.16311e-07 -8.05754e-07 1 -168.669 0 0 0 1 
				16
				0.882446 -0.470414 4.31079e-07 65.0349 0.470414 0.882446 1.15626e-06 -8.13387 -9.24327e-07 -8.17555e-07 1 -165.471 0 0 0 1 
				17
				0.855566 -0.517694 3.66055e-07 65.0873 0.517694 0.855566 1.21025e-06 -4.70237 -9.39724e-07 -8.45945e-07 1 -160.678 0 0 0 1 
				18
				0.82804 -0.560668 2.9889e-07 64.926 0.560668 0.82804 1.2737e-06 -1.54366 -9.61615e-07 -8.87095e-07 1 -154.921 0 0 0 1 
				19
				0.802959 -0.596033 2.36969e-07 64.6182 0.596033 0.802959 1.34049e-06 1.06556 -9.89255e-07 -9.3512e-07 1 -148.829 0 0 0 1 
				20
				0.783796 -0.621019 1.87119e-07 64.2635 0.621019 0.783796 1.40917e-06 2.86887 -1.02178e-06 -9.88293e-07 1 -143.014 0 0 0 1 
				21
				0.774118 -0.633041 1.56278e-07 63.9671 0.633041 0.774118 1.47883e-06 3.62061 -1.05714e-06 -1.04586e-06 1 -138.083 0 0 0 1 
				22
				0.777243 -0.629201 1.56548e-07 63.8047 0.629201 0.777243 1.54533e-06 3.07109 -1.094e-06 -1.1026e-06 1 -134.668 0 0 0 1 
				23
				0.795559 -0.605876 1.979e-07 63.7749 0.605876 0.795559 1.60562e-06 0.966357 -1.13025e-06 -1.15746e-06 1 -133.399 0 0 0 1 
				24
				0.833074 -0.553162 3.03309e-07 63.7162 0.553162 0.833074 1.65454e-06 -3.36042 -1.16791e-06 -1.21058e-06 1 -134.712 0 0 0 1 
				25
				0.884379 -0.46677 4.77389e-07 63.1527 0.46677 0.884379 1.68783e-06 -9.93222 -1.21002e-06 -1.26985e-06 1 -138.235 0 0 0 1 
				26
				0.935779 -0.352587 7.0615e-07 61.5603 0.352587 0.935779 1.68777e-06 -17.9117 -1.25589e-06 -1.3304e-06 1 -143.298 0 0 0 1 
				27
				0.975617 -0.219479 9.67931e-07 58.6509 0.219479 0.975617 1.64182e-06 -26.3858 -1.30468e-06 -1.38934e-06 1 -149.234 0 0 0 1 
				28
				0.996869 -0.0790712 1.23661e-06 54.4944 0.0790712 0.996869 1.5472e-06 -34.479 -1.35508e-06 -1.44457e-06 1 -155.395 0 0 0 1 
				29
				0.998467 0.0553384 1.48601e-06 49.538 -0.0553384 0.998467 1.41386e-06 -41.4639 -1.40549e-06 -1.49393e-06 1 -161.133 0 0 0 1 
				30
				0.985372 0.170417 1.69526e-06 44.5364 -0.170417 0.985372 1.26673e-06 -46.8486 -1.45459e-06 -1.5371e-06 1 -165.78 0 0 0 1 
				31
				0.967035 0.254642 1.85254e-06 40.3966 -0.254642 0.967035 1.14175e-06 -50.4113 -1.50073e-06 -1.57585e-06 1 -168.669 0 0 0 1 
				32
				0.950988 0.309228 -2.72212e-06 37.4352 -0.309228 0.950988 2.58673e-06 -52.504 3.3886e-06 -1.61819e-06 1 -170.011 0 0 0 1 
				33
				0.938645 0.344885 -1.81649e-07 35.331 -0.344885 0.938645 1.86427e-06 -53.7311 8.13463e-07 -1.68724e-06 1 -170.509 0 0 0 1 
				34
				0.93037 0.366621 -2.52315e-07 33.936 -0.366621 0.93037 2.13314e-06 -54.3796 1.0168e-06 -1.89211e-06 1 -170.28 0 0 0 1 
				35
				0.925346 0.379123 -3.61806e-07 33.0541 -0.379123 0.925346 1.86325e-06 -54.6762 1.0412e-06 -1.58698e-06 1 -169.437 0 0 0 1 
				36
				0.922194 0.386726 -2.30955e-07 32.4715 -0.386726 0.922194 1.74641e-06 -54.8072 8.88366e-07 -1.52121e-06 1 -168.095 0 0 0 1 
				37
				0.919256 0.393659 -2.00981e-07 31.9691 -0.393659 0.919256 1.99803e-06 -54.94 9.71296e-07 -1.75758e-06 1 -166.364 0 0 0 1 
				38
				0.91466 0.404224 -8.4852e-06 31.3182 -0.404224 0.91466 5.04834e-06 -55.2354 9.80173e-06 -1.18759e-06 1 -164.359 0 0 0 1 
				39
				0.90631 0.422615 2.3641e-06 30.2398 -0.422615 0.90631 8.3344e-07 -55.8496 -1.79038e-06 -1.75446e-06 1 -162.198 0 0 0 1 
				40
				0.894632 0.446805 1.07274e-05 28.8506 -0.446805 0.894632 -5.21691e-06 -56.7021 -1.1928e-05 -1.25847e-07 1 -159.667 0 0 0 1 
				41
				0.881608 0.471983 6.19362e-06 27.4754 -0.471983 0.881608 1.9503e-06 -57.6035 -4.53984e-06 -4.64268e-06 1 -156.568 0 0 0 1 
				42
				0.867309 0.497771 5.54026e-05 26.0692 -0.497771 0.867309 -9.69013e-06 -58.5528 -5.28746e-05 -1.91735e-05 1 -153.036 0 0 0 1 
				43
				0.85184 0.523802 -1.29484e-08 24.5842 -0.523802 0.85184 2.0422e-06 -59.5784 1.08074e-06 -1.73285e-06 1 -149.194 0 0 0 1 
				44
				0.83534 0.549734 -0.000327951 23.0429 -0.549734 0.83534 0.000283625 -60.5835 0.000429869 -5.66376e-05 1 -145.16 0 0 0 1 
				45
				0.817981 0.575245 4.52498e-05 21.4979 -0.575245 0.817981 -6.43387e-05 -61.4723 -7.4024e-05 2.6598e-05 1 -141.125 0 0 0 1 
				46
				0.799981 0.600025 2.14458e-05 19.947 -0.600025 0.799981 -9.57351e-06 -62.2967 -2.29005e-05 -5.20937e-06 1 -137.15 0 0 0 1 
				47
				0.781588 0.623796 -2.21531e-06 18.4054 -0.623796 0.781588 3.68901e-06 -63.1077 4.03264e-06 -1.50138e-06 1 -133.399 0 0 0 1 
		</Joint>
			6
				-1
				0.520522 0.450581 -0.725282 63.8256 0.266455 0.72129 0.63933 -99.3578 0.811209 -0.52604 0.255387 -133.399 0 0 0 1 
				0
				0.490047 0.457274 -0.742128 69.8361 0.212993 0.762743 0.610621 -95.4509 0.845274 -0.457301 0.276383 -138.047 0 0 0 1 
				1
				0.461109 0.461574 -0.757845 75.525 0.150995 0.800789 0.579602 -91.2453 0.874402 -0.38169 0.299555 -143.043 0 0 0 1 
				2
				0.437354 0.461656 -0.771749 80.9332 0.0828301 0.833848 0.545744 -86.7133 0.895467 -0.302607 0.326448 -148.177 0 0 0 1 
				3
				0.422236 0.456628 -0.783076 86.0899 0.0122302 0.86091 0.508609 -81.8153 0.906403 -0.22433 0.357923 -153.238 0 0 0 1 
				4
				0.418606 0.4464 -0.790883 91.0099 -0.056455 0.881962 0.467927 -76.5036 0.906412 -0.151227 0.394396 -158.024 0 0 0 1 
				5
				0.428569 0.431164 -0.793994 95.693 -0.118348 0.898007 0.423766 -70.7228 0.895724 -0.0876455 0.435885 -162.331 0 0 0 1 
				6
				0.453169 0.410778 -0.791138 100.124 -0.167817 0.910943 0.376857 -64.4099 0.875486 -0.0380141 0.481746 -165.95 0 0 0 1 
				7
				0.492131 0.384355 -0.781075 104.266 -0.199364 0.923166 0.328662 -57.4977 0.847385 -0.00602659 0.530945 -168.669 0 0 0 1 
				8
				0.548752 0.351232 -0.758622 108.201 -0.211194 0.936268 0.280712 -49.6521 0.808869 0.00617552 0.587957 -170.598 0 0 0 1 
				9
				0.620037 0.311301 -0.72017 111.805 -0.202463 0.950311 0.23647 -40.7552 0.757999 -0.000812131 0.652255 -171.976 0 0 0 1 
				10
				0.694702 0.263488 -0.6693 114.772 -0.172199 0.964356 0.200909 -31.1425 0.698381 -0.0243191 0.715313 -172.802 0 0 0 1 
				11
				0.76277 0.207372 -0.612518 116.905 -0.123134 0.976435 0.177238 -21.2124 0.634838 -0.0597698 0.77033 -173.078 0 0 0 1 
				12
				0.817195 0.144101 -0.558057 118.129 -0.0606313 0.984362 0.165395 -11.3938 0.573164 -0.101324 0.813152 -172.802 0 0 0 1 
				13
				0.854224 0.0767209 -0.514213 118.498 0.00857565 0.986838 0.161483 -2.12865 0.519834 -0.142352 0.842323 -171.976 0 0 0 1 
				14
				0.8729 0.00963945 -0.487805 118.177 0.0775991 0.984335 0.158311 6.14129 0.481689 -0.176043 0.858478 -170.598 0 0 0 1 
				15
				0.873918 -0.0525023 -0.48323 117.42 0.140119 0.979159 0.147021 13.0057 0.46544 -0.196194 0.863061 -168.669 0 0 0 1 
				16
				0.857061 -0.116211 -0.501937 116.316 0.200566 0.972635 0.117279 19.2031 0.474573 -0.201186 0.856916 -165.471 0 0 0 1 
				17
				0.822107 -0.18744 -0.537593 114.806 0.262841 0.962556 0.066336 25.3821 0.50503 -0.195837 0.840591 -160.678 0 0 0 1 
				18
				0.770738 -0.261109 -0.581192 113.046 0.320204 0.947348 -0.00097625 31.0382 0.550847 -0.185348 0.813765 -154.921 0 0 0 1 
				19
				0.706003 -0.33189 -0.625627 111.28 0.367179 0.926926 -0.0773749 35.7025 0.60559 -0.17509 0.776276 -148.83 0 0 0 1 
				20
				0.632484 -0.394346 -0.666675 109.812 0.400803 0.903134 -0.153968 38.9579 0.662813 -0.169823 0.729273 -143.014 0 0 0 1 
				21
				0.556153 -0.443038 -0.703144 108.953 0.421304 0.879586 -0.22098 40.4082 0.716378 -0.173339 0.675838 -138.083 0 0 0 1 
				22
				0.484183 -0.472649 -0.736322 108.972 0.432131 0.860921 -0.268473 39.6355 0.760808 -0.188197 0.62109 -134.668 0 0 0 1 
				23
				0.424841 -0.478168 -0.768677 110.007 0.43874 0.851486 -0.287192 36.1753 0.791844 -0.215239 0.571538 -133.399 0 0 0 1 
				24
				0.380267 -0.45289 -0.806404 112.128 0.443951 0.854271 -0.270424 28.7852 0.811359 -0.255171 0.525912 -134.712 0 0 0 1 
				25
				0.347385 -0.397639 -0.849239 114.546 0.451607 0.864638 -0.220117 17.193 0.821812 -0.307057 0.479939 -138.235 0 0 0 1 
				26
				0.327994 -0.320682 -0.888585 115.941 0.466359 0.872976 -0.142907 2.57803 0.821541 -0.367527 0.435883 -143.298 0 0 0 1 
				27
				0.323921 -0.232325 -0.917115 115.346 0.488656 0.87115 -0.0480901 -13.6313 0.810118 -0.432577 0.395711 -149.234 0 0 0 1 
				28
				0.334963 -0.144128 -0.931143 112.425 0.515922 0.854979 0.0532551 -29.884 0.788432 -0.498235 0.360745 -155.395 0 0 0 1 
				29
				0.357499 -0.0673362 -0.931483 107.561 0.544642 0.825259 0.149374 -44.6798 0.758656 -0.560726 0.331703 -161.133 0 0 0 1 
				30
				0.383991 -0.0109295 -0.923272 101.799 0.572771 0.787108 0.228899 -56.752 0.724213 -0.616719 0.308502 -165.781 0 0 0 1 
				31
				0.40412 0.0198428 -0.914491 96.5934 0.601268 0.747659 0.281928 -65.2092 0.689321 -0.663787 0.290213 -168.669 0 0 0 1 
				32
				0.412627 0.0251467 -0.910553 92.6995 0.63644 0.707189 0.30794 -70.474 0.651677 -0.706577 0.275801 -170.011 0 0 0 1 
