<?xml version='1.0' encoding='UTF-8' ?>
<itpanim>
	<skeleton count>
		25
			0 -1
			1.37091e-06 -1 -6.12323e-17 -3.70664 1 1.37091e-06 -6.12323e-17 5.24382e-06 6.12323e-17 -6.12323e-17 1 87.7185 0 0 0 1 
			1 0
			1.3868e-06 4.78456e-08 -1 -87.7185 2.75771e-06 -1 -4.78418e-08 -3.70664 -1 -2.75771e-06 -1.3868e-06 -0.000132032 0 0 0 1 
			2 1
			1.40269e-06 -0.000796318 -1 -96.7459 0 -1 0.000796318 -12.2718 -1 -1.11699e-09 -1.40269e-06 8.7278e-06 0 0 0 1 
			3 2
			1.40269e-06 -0.000796318 -1 -122.958 0 -1 0.000796318 -12.22 -1 -1.11699e-09 -1.40269e-06 8.58421e-06 0 0 0 1 
			4 3
			1 -0 0 0 0 1 0 0 -0 -0 1 -0 0 0 0 1 
			5 4
			1 1.37091e-06 4.37113e-08 -52.406 -1.37091e-06 1 3.58059e-15 38.7067 -4.37113e-08 -6.35048e-14 1 167.762 0 0 0 1 
			6 5
			0.0123547 0.0130585 0.999838 166.875 0.0086996 0.999875 -0.0131665 35.5314 -0.999886 0.00886086 0.0122396 112.902 0 0 0 1 
			7 6
			0.0121292 -0.0124069 0.999849 128.937 0.00901157 0.999884 0.012298 38.8273 -0.999886 0.00886105 0.0122396 112.902 0 0 0 1 
			8 7
			0.0121292 -0.0124069 0.999849 16.6516 -0.999878 0.00965724 0.0122494 112.933 -0.00980777 -0.999876 -0.0122883 -38.7374 0 0 0 1 
			9 4
			-1 -1.37091e-06 4.37114e-08 -52.406 -1.37091e-06 1 3.84662e-15 38.7067 -4.37115e-08 -5.60777e-14 -1 -167.762 0 0 0 1 
			10 9
			-0.0123548 0.0130585 0.999838 166.875 -0.00870231 0.999875 -0.0131665 35.5314 -0.999886 -0.00886358 -0.0122396 -112.902 0 0 0 1 
			11 10
			-0.0121292 -0.0124069 0.999849 128.937 -0.0090143 0.999884 0.012298 38.8273 -0.999886 -0.00886378 -0.0122396 -112.902 0 0 0 1 
			12 11
			-0.0121292 -0.012407 0.999849 16.6516 0.999878 0.00965998 0.0122494 112.933 -0.0098105 0.999876 0.0122883 38.7374 0 0 0 1 
			13 4
			1.34309e-06 -5.95475e-08 -1 -140.788 -1.40269e-06 -1 5.95456e-08 -65.8358 -1 1.40269e-06 -1.34309e-06 -0.00010659 0 0 0 1 
			14 13
			1 -0 0 0 0 1 0 0 -0 -0 1 -0 0 0 0 1 
			15 2
			1.37145e-06 -0.0998263 0.995005 86.9103 0 -0.995005 -0.0998263 -12.4447 1 1.36907e-07 -1.3646e-06 -49.3066 0 0 0 1 
			16 15
			1.37145e-06 0.0998359 0.995004 49.2248 0 -0.995004 0.0998359 -2.71971 1 -1.3692e-07 -1.3646e-06 -49.3066 0 0 0 1 
			17 16
			1.45937e-06 -4.13125e-13 1 9.69628 0 -1 -4.13125e-13 -3.70627 1 6.02901e-19 -1.45937e-06 -49.3066 0 0 0 1 
			18 17
			1.85191e-06 -1 5.70042e-14 -34.6347 0 -5.70042e-14 -1 -0.678676 1 1.85191e-06 -1.05566e-19 -49.3066 0 0 0 1 
			19 18
			1 -0 0 0 0 1 0 0 -0 -0 1 -0 0 0 0 1 
			20 2
			1.37145e-06 -0.0998313 0.995004 86.9103 0 -0.995004 -0.0998313 -12.4452 1 1.36913e-07 -1.3646e-06 49.3066 0 0 0 1 
			21 20
			1.37145e-06 0.0998339 0.995004 49.2249 0 -0.995004 0.0998339 -2.72 1 -1.36917e-07 -1.3646e-06 49.3066 0 0 0 1 
			22 21
			1.45937e-06 -4.13125e-13 1 9.69632 0 -1 -4.13125e-13 -3.70653 1 6.02901e-19 -1.45937e-06 49.3066 0 0 0 1 
			23 22
			1.85542e-06 -1 2.18875e-13 -34.6349 0 -2.18875e-13 -1 -0.678698 1 1.85542e-06 -4.06104e-19 49.3066 0 0 0 1 
			24 23
			1 -0 0 0 0 1 0 0 -0 -0 1 -0 0 0 0 1 
	</skeleton>
		<animations>
			121
			0
				-1
				1.33158e-06 1 0 -1.62371e-07 -1 1.33158e-06 0 -3.70664 -0 -0 1 -88.1222 0 0 0 1 
				0
				1.33158e-06 1 0 -2.0564e-07 -1 1.33158e-06 0 -4.69651 -0 -0 1 -86.8799 0 0 0 1 
				1
				1.33158e-06 1 0 -2.49998e-07 -1 1.33158e-06 0 -5.7113 -0 -0 1 -85.6063 0 0 0 1 
				2
				1.33158e-06 1 0 -2.95343e-07 -1 1.33158e-06 0 -6.74869 -0 -0 1 -84.3044 0 0 0 1 
				3
				1.33158e-06 1 0 -3.41577e-07 -1 1.33158e-06 0 -7.80639 -0 -0 1 -82.9769 0 0 0 1 
				4
				1.33158e-06 1 0 -3.88602e-07 -1 1.33158e-06 0 -8.88218 -0 -0 1 -81.6268 0 0 0 1 
				5
				1.33158e-06 1 0 -4.36319e-07 -1 1.33158e-06 0 -9.97383 -0 -0 1 -80.2568 0 0 0 1 
				6
				1.19842e-06 1 1.47717e-38 -4.8463e-07 -1 1.19842e-06 -1.2326e-32 -11.0791 -1.2326e-32 -0 1 -78.8697 0 0 0 1 
				7
				1.33158e-06 1 0 -5.33433e-07 -1 1.33158e-06 0 -12.1955 -0 -0 1 -77.4685 0 0 0 1 
				8
				1.46474e-06 1 0 -5.82632e-07 -1 1.46474e-06 0 -13.3211 -0 -0 1 -76.0559 0 0 0 1 
				9
				1.33158e-06 1 0 -6.32128e-07 -1 1.33158e-06 0 -14.4534 -0 -0 1 -74.6348 0 0 0 1 
				10
				1.33158e-06 1 0 -6.81822e-07 -1 1.33158e-06 0 -15.5903 -0 -0 1 -73.208 0 0 0 1 
				11
				1.33158e-06 1 0 -7.31614e-07 -1 1.33158e-06 0 -16.7294 -0 -0 1 -71.7784 0 0 0 1 
				12
				1.46474e-06 1 0 -7.81405e-07 -1 1.46474e-06 0 -17.8685 -0 -0 1 -70.3488 0 0 0 1 
				13
				1.33158e-06 1 0 -8.311e-07 -1 1.33158e-06 0 -19.0054 -0 -0 1 -68.922 0 0 0 1 
				14
				1.33158e-06 1 0 -8.80596e-07 -1 1.33158e-06 0 -20.1377 -0 -0 1 -67.5009 0 0 0 1 
				15
				1.19842e-06 1 1.47717e-38 -9.29795e-07 -1 1.19842e-06 -1.2326e-32 -21.2632 -1.2326e-32 -0 1 -66.0883 0 0 0 1 
				16
				1.33158e-06 1 0 -9.78598e-07 -1 1.33158e-06 0 -22.3797 -0 -0 1 -64.6871 0 0 0 1 
				17
				1.33158e-06 1 0 -1.02691e-06 -1 1.33158e-06 0 -23.4849 -0 -0 1 -63.3001 0 0 0 1 
				18
				1.33158e-06 1 0 -1.07463e-06 -1 1.33158e-06 0 -24.5766 -0 -0 1 -61.93 0 0 0 1 
				19
				1.33158e-06 1 0 -1.12165e-06 -1 1.33158e-06 0 -25.6524 -0 -0 1 -60.5799 0 0 0 1 
				20
				1.33158e-06 1 0 -1.16788e-06 -1 1.33158e-06 0 -26.7101 -0 -0 1 -59.2524 0 0 0 1 
				21
				1.33158e-06 1 0 -1.21323e-06 -1 1.33158e-06 0 -27.7475 -0 -0 1 -57.9505 0 0 0 1 
				22
				1.46474e-06 1 0 -1.25759e-06 -1 1.46474e-06 0 -28.7623 -0 -0 1 -56.6769 0 0 0 1 
				23
				1.19842e-06 1 1.47717e-38 -1.30086e-06 -1 1.19842e-06 -1.2326e-32 -29.7521 -1.2326e-32 -0 1 -55.4346 0 0 0 1 
				24
				1.33158e-06 1 0 -1.34294e-06 -1 1.33158e-06 0 -30.7149 -0 -0 1 -54.2263 0 0 0 1 
				25
				1.33158e-06 1 0 -1.38374e-06 -1 1.33158e-06 0 -31.6483 -0 -0 1 -53.0549 0 0 0 1 
				26
				1.33158e-06 1 0 -1.42316e-06 -1 1.33158e-06 0 -32.55 -0 -0 1 -51.9232 0 0 0 1 
				27
				1.33158e-06 1 0 -1.46109e-06 -1 1.33158e-06 0 -33.4178 -0 -0 1 -50.8341 0 0 0 1 
				28
				1.33158e-06 1 0 -1.49744e-06 -1 1.33158e-06 0 -34.2494 -0 -0 1 -49.7904 0 0 0 1 
				29
				1.33158e-06 1 0 -1.53211e-06 -1 1.33158e-06 0 -35.0426 -0 -0 1 -48.7949 0 0 0 1 
				30
				1.33158e-06 1 0 -1.565e-06 -1 1.33158e-06 0 -35.7952 -0 -0 1 -47.8505 0 0 0 1 
				31
				1.33158e-06 1 0 -1.59602e-06 -1 1.33158e-06 0 -36.5047 -0 -0 1 -46.96 0 0 0 1 
				32
				1.33158e-06 1 0 -1.62506e-06 -1 1.33158e-06 0 -37.169 -0 -0 1 -46.1263 0 0 0 1 
				33
				1.33158e-06 1 0 -1.65202e-06 -1 1.33158e-06 0 -37.7859 -0 -0 1 -45.3521 0 0 0 1 
				34
				1.33158e-06 1 0 -1.67681e-06 -1 1.33158e-06 0 -38.353 -0 -0 1 -44.6404 0 0 0 1 
				35
				1.33158e-06 1 0 -1.69933e-06 -1 1.33158e-06 0 -38.8681 -0 -0 1 -43.9939 0 0 0 1 
				36
				1.33158e-06 1 0 -1.71993e-06 -1 1.33158e-06 0 -39.3394 -0 -0 1 -43.3842 0 0 0 1 
				37
				1.33158e-06 1 0 -1.73905e-06 -1 1.33158e-06 0 -39.7769 -0 -0 1 -42.7823 0 0 0 1 
				38
				1.33158e-06 1 0 -1.75673e-06 -1 1.33158e-06 0 -40.1814 -0 -0 1 -42.1906 0 0 0 1 
				39
				1.33158e-06 1 0 -1.77299e-06 -1 1.33158e-06 0 -40.5533 -0 -0 1 -41.6116 0 0 0 1 
				40
				1.33158e-06 1 0 -1.78785e-06 -1 1.33158e-06 0 -40.8933 -0 -0 1 -41.0476 0 0 0 1 
				41
				1.33158e-06 1 0 -1.80134e-06 -1 1.33158e-06 0 -41.2019 -0 -0 1 -40.5009 0 0 0 1 
				42
				1.33158e-06 1 0 -1.81349e-06 -1 1.33158e-06 0 -41.4799 -0 -0 1 -39.974 0 0 0 1 
				43
				1.33158e-06 1 0 -1.82432e-06 -1 1.33158e-06 0 -41.7277 -0 -0 1 -39.4693 0 0 0 1 
				44
				1.33158e-06 1 0 -1.83387e-06 -1 1.33158e-06 0 -41.946 -0 -0 1 -38.9891 0 0 0 1 
				45
				1.33158e-06 1 0 -1.84214e-06 -1 1.33158e-06 0 -42.1353 -0 -0 1 -38.5358 0 0 0 1 
				46
				1.33158e-06 1 0 -1.84918e-06 -1 1.33158e-06 0 -42.2963 -0 -0 1 -38.1118 0 0 0 1 
				47
				1.33158e-06 1 0 -1.85501e-06 -1 1.33158e-06 0 -42.4296 -0 -0 1 -37.7194 0 0 0 1 
				48
				1.33158e-06 1 0 -1.85965e-06 -1 1.33158e-06 0 -42.5358 -0 -0 1 -37.3612 0 0 0 1 
				49
				1.33158e-06 1 0 -1.86313e-06 -1 1.33158e-06 0 -42.6154 -0 -0 1 -37.0393 0 0 0 1 
				50
				1.33158e-06 1 0 -1.86548e-06 -1 1.33158e-06 0 -42.6691 -0 -0 1 -36.7562 0 0 0 1 
				51
				1.33158e-06 1 0 -1.86672e-06 -1 1.33158e-06 0 -42.6975 -0 -0 1 -36.5144 0 0 0 1 
				52
				1.33158e-06 1 0 -1.86687e-06 -1 1.33158e-06 0 -42.7011 -0 -0 1 -36.3161 0 0 0 1 
				53
				1.33158e-06 1 0 -1.86598e-06 -1 1.33158e-06 0 -42.6806 -0 -0 1 -36.1637 0 0 0 1 
				54
				1.33158e-06 1 0 -1.86405e-06 -1 1.33158e-06 0 -42.6366 -0 -0 1 -36.0597 0 0 0 1 
				55
				1.33158e-06 1 0 -1.86113e-06 -1 1.33158e-06 0 -42.5696 -0 -0 1 -36.0064 0 0 0 1 
				56
				1.33158e-06 1 0 -1.85722e-06 -1 1.33158e-06 0 -42.4803 -0 -0 1 -36.0063 0 0 0 1 
				57
				1.33158e-06 1 0 -1.85237e-06 -1 1.33158e-06 0 -42.3693 -0 -0 1 -36.0615 0 0 0 1 
				58
				1.33158e-06 1 0 -1.84659e-06 -1 1.33158e-06 0 -42.2371 -0 -0 1 -36.1747 0 0 0 1 
				59
				1.33158e-06 1 0 -1.83992e-06 -1 1.33158e-06 0 -42.0844 -0 -0 1 -36.3481 0 0 0 1 
				60
				1.33158e-06 1 0 -1.83237e-06 -1 1.33158e-06 0 -41.9117 -0 -0 1 -36.5841 0 0 0 1 
				61
				1.33158e-06 1 0 -1.82398e-06 -1 1.33158e-06 0 -41.7197 -0 -0 1 -36.8851 0 0 0 1 
				62
				1.33158e-06 1 0 -1.81476e-06 -1 1.33158e-06 0 -41.509 -0 -0 1 -37.2535 0 0 0 1 
				63
				1.19842e-06 1 1.47717e-38 -1.80476e-06 -1 1.19842e-06 -1.2326e-32 -41.2801 -1.2326e-32 -0 1 -37.6916 0 0 0 1 
				64
				1.46474e-06 1 0 -1.79399e-06 -1 1.46474e-06 0 -41.0337 -0 -0 1 -38.2019 0 0 0 1 
				65
				1.33158e-06 1 0 -1.78248e-06 -1 1.33158e-06 0 -40.7704 -0 -0 1 -38.7867 0 0 0 1 
				66
				1.19842e-06 1 1.47717e-38 -1.77025e-06 -1 1.19842e-06 -1.2326e-32 -40.4907 -1.2326e-32 -0 1 -39.4484 0 0 0 1 
				67
				1.33158e-06 1 0 -1.75734e-06 -1 1.33158e-06 0 -40.1952 -0 -0 1 -40.1894 0 0 0 1 
				68
				1.46474e-06 1 0 -1.74376e-06 -1 1.46474e-06 0 -39.8847 -0 -0 1 -41.0121 0 0 0 1 
				69
				1.33158e-06 1 0 -1.72955e-06 -1 1.33158e-06 0 -39.5595 -0 -0 1 -41.9188 0 0 0 1 
				70
				1.33158e-06 1 0 -1.71473e-06 -1 1.33158e-06 0 -39.2205 -0 -0 1 -42.912 0 0 0 1 
				71
				1.19842e-06 1 1.47717e-38 -1.69933e-06 -1 1.19842e-06 -1.2326e-32 -38.8681 -1.2326e-32 -0 1 -43.9939 0 0 0 1 
				72
				1.33158e-06 1 0 -1.67805e-06 -1 1.33158e-06 0 -38.3803 -0 -0 1 -45.4948 0 0 0 1 
				73
				1.33158e-06 1 0 -1.64645e-06 -1 1.33158e-06 0 -37.6548 -0 -0 1 -47.6881 0 0 0 1 
				74
				1.33158e-06 1 0 -1.60591e-06 -1 1.33158e-06 0 -36.7236 -0 -0 1 -50.4864 0 0 0 1 
				75
				1.33158e-06 1 0 -1.55781e-06 -1 1.33158e-06 0 -35.6185 -0 -0 1 -53.8017 0 0 0 1 
				76
				1.33158e-06 1 0 -1.50349e-06 -1 1.33158e-06 0 -34.3705 -0 -0 1 -57.5491 0 0 0 1 
				77
				1.33158e-06 1 0 -1.44428e-06 -1 1.33158e-06 0 -33.0106 -0 -0 1 -61.6438 0 0 0 1 
				78
				1.33158e-06 1 0 -1.38157e-06 -1 1.33158e-06 0 -31.5707 -0 -0 1 -65.9978 0 0 0 1 
				79
				1.46474e-06 1 0 -1.31673e-06 -1 1.46474e-06 0 -30.0829 -0 -0 1 -70.5236 0 0 0 1 
				80
				1.46474e-06 1 0 -1.2511e-06 -1 1.46474e-06 0 -28.5779 -0 -0 1 -75.1362 0 0 0 1 
				81
				1.33158e-06 1 0 -1.18601e-06 -1 1.33158e-06 0 -27.0869 -0 -0 1 -79.7505 0 0 0 1 
				82
				1.46474e-06 1 0 -1.12286e-06 -1 1.46474e-06 0 -25.6418 -0 -0 1 -84.279 0 0 0 1 
				83
				1.33158e-06 1 0 -1.06301e-06 -1 1.33158e-06 0 -24.2744 -0 -0 1 -88.6337 0 0 0 1 
				84
				1.33158e-06 1 0 -1.0078e-06 -1 1.33158e-06 0 -23.0158 -0 -0 1 -92.7298 0 0 0 1 
				85
				1.33158e-06 1 0 -9.58579e-07 -1 1.33158e-06 0 -21.897 -0 -0 1 -96.4824 0 0 0 1 
				86
				1.33158e-06 1 0 -9.16716e-07 -1 1.33158e-06 0 -20.9498 -0 -0 1 -99.8036 0 0 0 1 
				87
				1.33158e-06 1 0 -8.83594e-07 -1 1.33158e-06 0 -20.2063 -0 -0 1 -102.606 0 0 0 1 
				88
				1.33158e-06 1 0 -8.64182e-07 -1 1.33158e-06 0 -19.7912 -0 -0 1 -104.73 0 0 0 1 
				89
				1.33158e-06 1 0 -8.6081e-07 -1 1.33158e-06 0 -19.7639 -0 -0 1 -106.13 0 0 0 1 
				90
				1.33158e-06 1 0 -8.70636e-07 -1 1.33158e-06 0 -20.0516 -0 -0 1 -106.895 0 0 0 1 
				91
				1.33158e-06 1 0 -8.90815e-07 -1 1.33158e-06 0 -20.5817 -0 -0 1 -107.118 0 0 0 1 
				92
				1.33158e-06 1 0 -9.18594e-07 -1 1.33158e-06 0 -21.2836 -0 -0 1 -106.887 0 0 0 1 
				93
				1.33158e-06 1 0 -9.5122e-07 -1 1.33158e-06 0 -22.0869 -0 -0 1 -106.289 0 0 0 1 
				94
				1.33158e-06 1 0 -9.85848e-07 -1 1.33158e-06 0 -22.9188 -0 -0 1 -105.417 0 0 0 1 
				95
				1.33158e-06 1 0 -1.01963e-06 -1 1.33158e-06 0 -23.7066 -0 -0 1 -104.36 0 0 0 1 
				96
				1.33158e-06 1 0 -1.06482e-06 -1 1.33158e-06 0 -24.7254 -0 -0 1 -102.734 0 0 0 1 
				97
				1.33158e-06 1 0 -1.12951e-06 -1 1.33158e-06 0 -26.1657 -0 -0 1 -100.28 0 0 0 1 
				98
				1.33158e-06 1 0 -1.20426e-06 -1 1.33158e-06 0 -27.819 -0 -0 1 -97.2969 0 0 0 1 
				99
				1.33158e-06 1 0 -1.27964e-06 -1 1.33158e-06 0 -29.477 -0 -0 1 -94.081 0 0 0 1 
				100
				1.33158e-06 1 0 -1.34649e-06 -1 1.33158e-06 0 -30.938 -0 -0 1 -90.9205 0 0 0 1 
				101
				1.33158e-06 1 0 -1.39567e-06 -1 1.33158e-06 0 -32.0002 -0 -0 1 -88.1033 0 0 0 1 
				102
				1.33158e-06 1 0 -1.41774e-06 -1 1.33158e-06 0 -32.4551 -0 -0 1 -85.9268 0 0 0 1 
				103
				1.33158e-06 1 0 -1.40325e-06 -1 1.33158e-06 0 -32.0946 -0 -0 1 -84.6884 0 0 0 1 
				104
				1.33158e-06 1 0 -1.36247e-06 -1 1.33158e-06 0 -31.1475 -0 -0 1 -84.1195 0 0 0 1 
				105
				1.33158e-06 1 0 -1.3122e-06 -1 1.33158e-06 0 -29.9869 -0 -0 1 -83.753 0 0 0 1 
				106
				1.46474e-06 1 0 -1.25343e-06 -1 1.46474e-06 0 -28.6352 -0 -0 1 -83.5674 0 0 0 1 
				107
				1.33158e-06 1 0 -1.18716e-06 -1 1.33158e-06 0 -27.1147 -0 -0 1 -83.5416 0 0 0 1 
				108
				1.33158e-06 1 0 -1.11435e-06 -1 1.33158e-06 0 -25.4472 -0 -0 1 -83.6551 0 0 0 1 
				109
				1.33158e-06 1 0 -1.03597e-06 -1 1.33158e-06 0 -23.6544 -0 -0 1 -83.8873 0 0 0 1 
				110
				1.33158e-06 1 0 -9.53017e-07 -1 1.33158e-06 0 -21.7587 -0 -0 1 -84.217 0 0 0 1 
				111
				1.33158e-06 1 0 -8.66482e-07 -1 1.33158e-06 0 -19.7825 -0 -0 1 -84.6229 0 0 0 1 
				112
				1.33158e-06 1 0 -7.77332e-07 -1 1.33158e-06 0 -17.7474 -0 -0 1 -85.0845 0 0 0 1 
				113
				1.33158e-06 1 0 -6.86532e-07 -1 1.33158e-06 0 -15.6753 -0 -0 1 -85.5813 0 0 0 1 
				114
				1.33158e-06 1 0 -5.95079e-07 -1 1.33158e-06 0 -13.5885 -0 -0 1 -86.092 0 0 0 1 
				115
				1.33158e-06 1 0 -5.03968e-07 -1 1.33158e-06 0 -11.5093 -0 -0 1 -86.5953 0 0 0 1 
				116
				1.46474e-06 1 0 -4.14164e-07 -1 1.46474e-06 0 -9.45959 -0 -0 1 -87.0709 0 0 0 1 
				117
				1.33158e-06 1 0 -3.26633e-07 -1 1.33158e-06 0 -7.46096 -0 -0 1 -87.498 0 0 0 1 
				118
				1.33158e-06 1 0 -2.4237e-07 -1 1.33158e-06 0 -5.53584 -0 -0 1 -87.8555 0 0 0 1 
				119
				1.33158e-06 1 0 -1.62371e-07 -1 1.33158e-06 0 -3.70664 -0 -0 1 -88.1222 0 0 0 1 
		</Joint>
			1
				-1
				1.33158e-06 2.66316e-06 -1 -1.62371e-07 0 -1 -2.66316e-06 -3.70664 -1 3.54621e-12 -1.33158e-06 -88.1222 0 0 0 1 
				0
				1.33158e-06 2.66316e-06 -1 -2.0564e-07 0 -1 -2.66316e-06 -4.69651 -1 3.54621e-12 -1.33158e-06 -86.8799 0 0 0 1 
				1
				1.33158e-06 2.66316e-06 -1 -2.49998e-07 0 -1 -2.66316e-06 -5.7113 -1 3.54621e-12 -1.33158e-06 -85.6063 0 0 0 1 
				2
				1.33158e-06 2.66316e-06 -1 -2.95343e-07 0 -1 -2.66316e-06 -6.74869 -1 3.54621e-12 -1.33158e-06 -84.3044 0 0 0 1 
				3
				1.33158e-06 2.66316e-06 -1 -3.41577e-07 0 -1 -2.66316e-06 -7.80639 -1 3.54621e-12 -1.33158e-06 -82.9769 0 0 0 1 
				4
				1.33158e-06 2.66316e-06 -1 -3.88602e-07 0 -1 -2.66316e-06 -8.88218 -1 3.54621e-12 -1.33158e-06 -81.6268 0 0 0 1 
				5
				1.33158e-06 2.66316e-06 -1 -4.36319e-07 0 -1 -2.66316e-06 -9.97383 -1 3.54621e-12 -1.33158e-06 -80.2568 0 0 0 1 
				6
				1.33158e-06 2.53e-06 -1 -4.8463e-07 0 -1 -2.53e-06 -11.0791 -1 3.3689e-12 -1.33158e-06 -78.8697 0 0 0 1 
				7
				1.33158e-06 2.66316e-06 -1 -5.33433e-07 0 -1 -2.66316e-06 -12.1955 -1 3.54621e-12 -1.33158e-06 -77.4685 0 0 0 1 
				8
				1.33158e-06 2.79632e-06 -1 -5.82632e-07 0 -1 -2.79632e-06 -13.3211 -1 3.72352e-12 -1.33158e-06 -76.0559 0 0 0 1 
				9
				1.33158e-06 2.66316e-06 -1 -6.32128e-07 0 -1 -2.66316e-06 -14.4534 -1 3.54621e-12 -1.33158e-06 -74.6348 0 0 0 1 
				10
				1.33158e-06 2.66316e-06 -1 -6.81822e-07 0 -1 -2.66316e-06 -15.5903 -1 3.54621e-12 -1.33158e-06 -73.208 0 0 0 1 
				11
				1.33158e-06 2.66316e-06 -1 -7.31614e-07 0 -1 -2.66316e-06 -16.7294 -1 3.54621e-12 -1.33158e-06 -71.7784 0 0 0 1 
				12
				1.33158e-06 2.79632e-06 -1 -7.81405e-07 0 -1 -2.79632e-06 -17.8685 -1 3.72352e-12 -1.33158e-06 -70.3488 0 0 0 1 
				13
				1.33158e-06 2.66316e-06 -1 -8.311e-07 0 -1 -2.66316e-06 -19.0054 -1 3.54621e-12 -1.33158e-06 -68.922 0 0 0 1 
				14
				1.33158e-06 2.66316e-06 -1 -8.80596e-07 0 -1 -2.66316e-06 -20.1377 -1 3.54621e-12 -1.33158e-06 -67.5009 0 0 0 1 
				15
				1.33158e-06 2.53e-06 -1 -9.29795e-07 0 -1 -2.53e-06 -21.2632 -1 3.3689e-12 -1.33158e-06 -66.0883 0 0 0 1 
				16
				1.33158e-06 2.66316e-06 -1 -9.78598e-07 0 -1 -2.66316e-06 -22.3797 -1 3.54621e-12 -1.33158e-06 -64.6871 0 0 0 1 
				17
				1.33158e-06 2.66316e-06 -1 -1.02691e-06 0 -1 -2.66316e-06 -23.4849 -1 3.54621e-12 -1.33158e-06 -63.3001 0 0 0 1 
				18
				1.33158e-06 2.66316e-06 -1 -1.07463e-06 0 -1 -2.66316e-06 -24.5766 -1 3.54621e-12 -1.33158e-06 -61.93 0 0 0 1 
				19
				1.33158e-06 2.66316e-06 -1 -1.12165e-06 0 -1 -2.66316e-06 -25.6524 -1 3.54621e-12 -1.33158e-06 -60.5799 0 0 0 1 
				20
				1.33158e-06 2.66316e-06 -1 -1.16788e-06 0 -1 -2.66316e-06 -26.7101 -1 3.54621e-12 -1.33158e-06 -59.2524 0 0 0 1 
				21
				1.33158e-06 2.66316e-06 -1 -1.21323e-06 0 -1 -2.66316e-06 -27.7475 -1 3.54621e-12 -1.33158e-06 -57.9505 0 0 0 1 
				22
				1.33158e-06 2.79632e-06 -1 -1.25759e-06 0 -1 -2.79632e-06 -28.7623 -1 3.72352e-12 -1.33158e-06 -56.6769 0 0 0 1 
				23
				1.33158e-06 2.53e-06 -1 -1.30086e-06 0 -1 -2.53e-06 -29.7521 -1 3.3689e-12 -1.33158e-06 -55.4346 0 0 0 1 
				24
				1.33158e-06 2.66316e-06 -1 -1.34294e-06 0 -1 -2.66316e-06 -30.7149 -1 3.54621e-12 -1.33158e-06 -54.2263 0 0 0 1 
				25
				1.33158e-06 2.66316e-06 -1 -1.38374e-06 0 -1 -2.66316e-06 -31.6483 -1 3.54621e-12 -1.33158e-06 -53.0549 0 0 0 1 
				26
				1.33158e-06 2.66316e-06 -1 -1.42316e-06 0 -1 -2.66316e-06 -32.55 -1 3.54621e-12 -1.33158e-06 -51.9232 0 0 0 1 
				27
				1.33158e-06 2.66316e-06 -1 -1.46109e-06 0 -1 -2.66316e-06 -33.4178 -1 3.54621e-12 -1.33158e-06 -50.8341 0 0 0 1 
				28
				1.33158e-06 2.66316e-06 -1 -1.49744e-06 0 -1 -2.66316e-06 -34.2494 -1 3.54621e-12 -1.33158e-06 -49.7904 0 0 0 1 
				29
				1.33158e-06 2.66316e-06 -1 -1.53211e-06 0 -1 -2.66316e-06 -35.0426 -1 3.54621e-12 -1.33158e-06 -48.7949 0 0 0 1 
				30
				1.33158e-06 2.66316e-06 -1 -1.565e-06 0 -1 -2.66316e-06 -35.7952 -1 3.54621e-12 -1.33158e-06 -47.8505 0 0 0 1 
				31
				1.33158e-06 2.66316e-06 -1 -1.59602e-06 0 -1 -2.66316e-06 -36.5047 -1 3.54621e-12 -1.33158e-06 -46.96 0 0 0 1 
				32
				1.33158e-06 2.66316e-06 -1 -1.62506e-06 0 -1 -2.66316e-06 -37.169 -1 3.54621e-12 -1.33158e-06 -46.1263 0 0 0 1 
				33
				1.33158e-06 2.66316e-06 -1 -1.65202e-06 0 -1 -2.66316e-06 -37.7859 -1 3.54621e-12 -1.33158e-06 -45.3521 0 0 0 1 
				34
				1.33158e-06 2.66316e-06 -1 -1.67681e-06 0 -1 -2.66316e-06 -38.353 -1 3.54621e-12 -1.33158e-06 -44.6404 0 0 0 1 
				35
				1.33158e-06 2.66316e-06 -1 -1.69933e-06 0 -1 -2.66316e-06 -38.8681 -1 3.54621e-12 -1.33158e-06 -43.9939 0 0 0 1 
				36
				1.33158e-06 2.66316e-06 -1 -1.71993e-06 0 -1 -2.66316e-06 -39.3394 -1 3.54621e-12 -1.33158e-06 -43.3842 0 0 0 1 
				37
				1.33158e-06 2.66316e-06 -1 -1.73905e-06 0 -1 -2.66316e-06 -39.7769 -1 3.54621e-12 -1.33158e-06 -42.7823 0 0 0 1 
				38
				1.33158e-06 2.66316e-06 -1 -1.75673e-06 0 -1 -2.66316e-06 -40.1814 -1 3.54621e-12 -1.33158e-06 -42.1906 0 0 0 1 
				39
				1.33158e-06 2.66316e-06 -1 -1.77299e-06 0 -1 -2.66316e-06 -40.5533 -1 3.54621e-12 -1.33158e-06 -41.6116 0 0 0 1 
				40
				1.33158e-06 2.66316e-06 -1 -1.78785e-06 0 -1 -2.66316e-06 -40.8933 -1 3.54621e-12 -1.33158e-06 -41.0476 0 0 0 1 
				41
				1.33158e-06 2.66316e-06 -1 -1.80134e-06 0 -1 -2.66316e-06 -41.2019 -1 3.54621e-12 -1.33158e-06 -40.5009 0 0 0 1 
				42
				1.33158e-06 2.66316e-06 -1 -1.81349e-06 0 -1 -2.66316e-06 -41.4799 -1 3.54621e-12 -1.33158e-06 -39.974 0 0 0 1 
				43
				1.33158e-06 2.66316e-06 -1 -1.82432e-06 0 -1 -2.66316e-06 -41.7277 -1 3.54621e-12 -1.33158e-06 -39.4693 0 0 0 1 
				44
				1.33158e-06 2.66316e-06 -1 -1.83387e-06 0 -1 -2.66316e-06 -41.946 -1 3.54621e-12 -1.33158e-06 -38.9891 0 0 0 1 
				45
				1.33158e-06 2.66316e-06 -1 -1.84214e-06 0 -1 -2.66316e-06 -42.1353 -1 3.54621e-12 -1.33158e-06 -38.5358 0 0 0 1 
				46
				1.33158e-06 2.66316e-06 -1 -1.84918e-06 0 -1 -2.66316e-06 -42.2963 -1 3.54621e-12 -1.33158e-06 -38.1118 0 0 0 1 
				47
				1.33158e-06 2.66316e-06 -1 -1.85501e-06 0 -1 -2.66316e-06 -42.4296 -1 3.54621e-12 -1.33158e-06 -37.7194 0 0 0 1 
				48
				1.33158e-06 2.66316e-06 -1 -1.85965e-06 0 -1 -2.66316e-06 -42.5358 -1 3.54621e-12 -1.33158e-06 -37.3612 0 0 0 1 
				49
				1.33158e-06 2.66316e-06 -1 -1.86313e-06 0 -1 -2.66316e-06 -42.6154 -1 3.54621e-12 -1.33158e-06 -37.0393 0 0 0 1 
				50
				1.33158e-06 2.66316e-06 -1 -1.86548e-06 0 -1 -2.66316e-06 -42.6691 -1 3.54621e-12 -1.33158e-06 -36.7562 0 0 0 1 
				51
				1.33158e-06 2.66316e-06 -1 -1.86672e-06 0 -1 -2.66316e-06 -42.6975 -1 3.54621e-12 -1.33158e-06 -36.5144 0 0 0 1 
				52
				1.33158e-06 2.66316e-06 -1 -1.86687e-06 0 -1 -2.66316e-06 -42.7011 -1 3.54621e-12 -1.33158e-06 -36.3161 0 0 0 1 
				53
				1.33158e-06 2.66316e-06 -1 -1.86598e-06 0 -1 -2.66316e-06 -42.6806 -1 3.54621e-12 -1.33158e-06 -36.1637 0 0 0 1 
				54
				1.33158e-06 2.66316e-06 -1 -1.86405e-06 0 -1 -2.66316e-06 -42.6366 -1 3.54621e-12 -1.33158e-06 -36.0597 0 0 0 1 
				55
				1.33158e-06 2.66316e-06 -1 -1.86113e-06 0 -1 -2.66316e-06 -42.5696 -1 3.54621e-12 -1.33158e-06 -36.0064 0 0 0 1 
				56
				1.33158e-06 2.66316e-06 -1 -1.85722e-06 0 -1 -2.66316e-06 -42.4803 -1 3.54621e-12 -1.33158e-06 -36.0063 0 0 0 1 
				57
				1.33158e-06 2.66316e-06 -1 -1.85237e-06 0 -1 -2.66316e-06 -42.3693 -1 3.54621e-12 -1.33158e-06 -36.0615 0 0 0 1 
				58
				1.33158e-06 2.66316e-06 -1 -1.84659e-06 0 -1 -2.66316e-06 -42.2371 -1 3.54621e-12 -1.33158e-06 -36.1747 0 0 0 1 
				59
				1.33158e-06 2.66316e-06 -1 -1.83992e-06 0 -1 -2.66316e-06 -42.0844 -1 3.54621e-12 -1.33158e-06 -36.3481 0 0 0 1 
				60
				1.33158e-06 2.66316e-06 -1 -1.83237e-06 0 -1 -2.66316e-06 -41.9117 -1 3.54621e-12 -1.33158e-06 -36.5841 0 0 0 1 
				61
				1.33158e-06 2.66316e-06 -1 -1.82398e-06 0 -1 -2.66316e-06 -41.7197 -1 3.54621e-12 -1.33158e-06 -36.8851 0 0 0 1 
				62
				1.33158e-06 2.66316e-06 -1 -1.81476e-06 0 -1 -2.66316e-06 -41.509 -1 3.54621e-12 -1.33158e-06 -37.2535 0 0 0 1 
				63
				1.33158e-06 2.53e-06 -1 -1.80476e-06 0 -1 -2.53e-06 -41.2801 -1 3.3689e-12 -1.33158e-06 -37.6916 0 0 0 1 
				64
				1.33158e-06 2.79632e-06 -1 -1.79399e-06 0 -1 -2.79632e-06 -41.0337 -1 3.72352e-12 -1.33158e-06 -38.2019 0 0 0 1 
				65
				1.33158e-06 2.66316e-06 -1 -1.78248e-06 0 -1 -2.66316e-06 -40.7704 -1 3.54621e-12 -1.33158e-06 -38.7867 0 0 0 1 
				66
				1.33158e-06 2.53e-06 -1 -1.77025e-06 0 -1 -2.53e-06 -40.4907 -1 3.3689e-12 -1.33158e-06 -39.4484 0 0 0 1 
				67
				1.33158e-06 2.66316e-06 -1 -1.75734e-06 0 -1 -2.66316e-06 -40.1952 -1 3.54621e-12 -1.33158e-06 -40.1894 0 0 0 1 
				68
				1.33158e-06 2.79632e-06 -1 -1.74376e-06 0 -1 -2.79632e-06 -39.8847 -1 3.72352e-12 -1.33158e-06 -41.0121 0 0 0 1 
				69
				1.33158e-06 2.66316e-06 -1 -1.72955e-06 0 -1 -2.66316e-06 -39.5595 -1 3.54621e-12 -1.33158e-06 -41.9188 0 0 0 1 
				70
				1.33158e-06 2.66316e-06 -1 -1.71473e-06 0 -1 -2.66316e-06 -39.2205 -1 3.54621e-12 -1.33158e-06 -42.912 0 0 0 1 
				71
				1.33158e-06 2.53e-06 -1 -1.69933e-06 0 -1 -2.53e-06 -38.8681 -1 3.3689e-12 -1.33158e-06 -43.9939 0 0 0 1 
				72
				1.33158e-06 2.66316e-06 -1 -1.67805e-06 0 -1 -2.66316e-06 -38.3803 -1 3.54621e-12 -1.33158e-06 -45.4948 0 0 0 1 
				73
				1.33158e-06 2.66316e-06 -1 -1.64645e-06 0 -1 -2.66316e-06 -37.6548 -1 3.54621e-12 -1.33158e-06 -47.6881 0 0 0 1 
				74
				1.33158e-06 2.66316e-06 -1 -1.60591e-06 0 -1 -2.66316e-06 -36.7236 -1 3.54621e-12 -1.33158e-06 -50.4864 0 0 0 1 
				75
				1.33158e-06 2.66316e-06 -1 -1.55781e-06 0 -1 -2.66316e-06 -35.6185 -1 3.54621e-12 -1.33158e-06 -53.8017 0 0 0 1 
				76
				1.33158e-06 2.66316e-06 -1 -1.50349e-06 0 -1 -2.66316e-06 -34.3705 -1 3.54621e-12 -1.33158e-06 -57.5491 0 0 0 1 
				77
				1.33158e-06 2.66316e-06 -1 -1.44428e-06 0 -1 -2.66316e-06 -33.0106 -1 3.54621e-12 -1.33158e-06 -61.6438 0 0 0 1 
				78
				1.33158e-06 2.66316e-06 -1 -1.38157e-06 0 -1 -2.66316e-06 -31.5707 -1 3.54621e-12 -1.33158e-06 -65.9978 0 0 0 1 
				79
				1.33158e-06 2.79632e-06 -1 -1.31673e-06 0 -1 -2.79632e-06 -30.0829 -1 3.72352e-12 -1.33158e-06 -70.5236 0 0 0 1 
				80
				1.33158e-06 2.79632e-06 -1 -1.2511e-06 0 -1 -2.79632e-06 -28.5779 -1 3.72352e-12 -1.33158e-06 -75.1362 0 0 0 1 
				81
				1.33158e-06 2.66316e-06 -1 -1.18601e-06 0 -1 -2.66316e-06 -27.0869 -1 3.54621e-12 -1.33158e-06 -79.7505 0 0 0 1 
				82
				1.33158e-06 2.79632e-06 -1 -1.12286e-06 0 -1 -2.79632e-06 -25.6418 -1 3.72352e-12 -1.33158e-06 -84.279 0 0 0 1 
				83
				1.33158e-06 2.66316e-06 -1 -1.06301e-06 0 -1 -2.66316e-06 -24.2744 -1 3.54621e-12 -1.33158e-06 -88.6337 0 0 0 1 
				84
				1.33158e-06 2.66316e-06 -1 -1.0078e-06 0 -1 -2.66316e-06 -23.0158 -1 3.54621e-12 -1.33158e-06 -92.7298 0 0 0 1 
				85
				1.33158e-06 2.66316e-06 -1 -9.58579e-07 0 -1 -2.66316e-06 -21.897 -1 3.54621e-12 -1.33158e-06 -96.4824 0 0 0 1 
				86
				1.33158e-06 2.66316e-06 -1 -9.16716e-07 0 -1 -2.66316e-06 -20.9498 -1 3.54621e-12 -1.33158e-06 -99.8036 0 0 0 1 
				87
				1.33158e-06 2.66316e-06 -1 -8.83594e-07 0 -1 -2.66316e-06 -20.2063 -1 3.54621e-12 -1.33158e-06 -102.606 0 0 0 1 
				88
				1.33158e-06 2.66316e-06 -1 -8.64182e-07 0 -1 -2.66316e-06 -19.7912 -1 3.54621e-12 -1.33158e-06 -104.73 0 0 0 1 
				89
				1.33158e-06 2.66316e-06 -1 -8.6081e-07 0 -1 -2.66316e-06 -19.7639 -1 3.54621e-12 -1.33158e-06 -106.13 0 0 0 1 
				90
				1.33158e-06 2.66316e-06 -1 -8.70636e-07 0 -1 -2.66316e-06 -20.0516 -1 3.54621e-12 -1.33158e-06 -106.895 0 0 0 1 
				91
				1.33158e-06 2.66316e-06 -1 -8.90815e-07 0 -1 -2.66316e-06 -20.5817 -1 3.54621e-12 -1.33158e-06 -107.118 0 0 0 1 
				92
				1.33158e-06 2.66316e-06 -1 -9.18594e-07 0 -1 -2.66316e-06 -21.2836 -1 3.54621e-12 -1.33158e-06 -106.887 0 0 0 1 
				93
				1.33158e-06 2.66316e-06 -1 -9.5122e-07 0 -1 -2.66316e-06 -22.0869 -1 3.54621e-12 -1.33158e-06 -106.289 0 0 0 1 
				94
				1.33158e-06 2.66316e-06 -1 -9.85848e-07 0 -1 -2.66316e-06 -22.9188 -1 3.54621e-12 -1.33158e-06 -105.417 0 0 0 1 
				95
				1.33158e-06 2.66316e-06 -1 -1.01963e-06 0 -1 -2.66316e-06 -23.7066 -1 3.54621e-12 -1.33158e-06 -104.36 0 0 0 1 
				96
				1.33158e-06 2.66316e-06 -1 -1.06482e-06 0 -1 -2.66316e-06 -24.7254 -1 3.54621e-12 -1.33158e-06 -102.734 0 0 0 1 
				97
				1.33158e-06 2.66316e-06 -1 -1.12951e-06 0 -1 -2.66316e-06 -26.1657 -1 3.54621e-12 -1.33158e-06 -100.28 0 0 0 1 
				98
				1.33158e-06 2.66316e-06 -1 -1.20426e-06 0 -1 -2.66316e-06 -27.819 -1 3.54621e-12 -1.33158e-06 -97.2969 0 0 0 1 
				99
				1.33158e-06 2.66316e-06 -1 -1.27964e-06 0 -1 -2.66316e-06 -29.477 -1 3.54621e-12 -1.33158e-06 -94.081 0 0 0 1 
				100
				1.33158e-06 2.66316e-06 -1 -1.34649e-06 0 -1 -2.66316e-06 -30.938 -1 3.54621e-12 -1.33158e-06 -90.9205 0 0 0 1 
				101
				1.33158e-06 2.66316e-06 -1 -1.39567e-06 0 -1 -2.66316e-06 -32.0002 -1 3.54621e-12 -1.33158e-06 -88.1033 0 0 0 1 
				102
				1.33158e-06 2.66316e-06 -1 -1.41774e-06 0 -1 -2.66316e-06 -32.4551 -1 3.54621e-12 -1.33158e-06 -85.9268 0 0 0 1 
				103
				1.33158e-06 2.66316e-06 -1 -1.40325e-06 0 -1 -2.66316e-06 -32.0946 -1 3.54621e-12 -1.33158e-06 -84.6884 0 0 0 1 
				104
				1.33158e-06 2.66316e-06 -1 -1.36247e-06 0 -1 -2.66316e-06 -31.1475 -1 3.54621e-12 -1.33158e-06 -84.1195 0 0 0 1 
				105
				1.33158e-06 2.66316e-06 -1 -1.3122e-06 0 -1 -2.66316e-06 -29.9869 -1 3.54621e-12 -1.33158e-06 -83.753 0 0 0 1 
				106
				1.33158e-06 2.79632e-06 -1 -1.25343e-06 0 -1 -2.79632e-06 -28.6352 -1 3.72352e-12 -1.33158e-06 -83.5674 0 0 0 1 
				107
				1.33158e-06 2.66316e-06 -1 -1.18716e-06 0 -1 -2.66316e-06 -27.1147 -1 3.54621e-12 -1.33158e-06 -83.5416 0 0 0 1 
				108
				1.33158e-06 2.66316e-06 -1 -1.11435e-06 0 -1 -2.66316e-06 -25.4472 -1 3.54621e-12 -1.33158e-06 -83.6551 0 0 0 1 
				109
				1.33158e-06 2.66316e-06 -1 -1.03597e-06 0 -1 -2.66316e-06 -23.6544 -1 3.54621e-12 -1.33158e-06 -83.8873 0 0 0 1 
				110
				1.33158e-06 2.66316e-06 -1 -9.53017e-07 0 -1 -2.66316e-06 -21.7587 -1 3.54621e-12 -1.33158e-06 -84.217 0 0 0 1 
				111
				1.33158e-06 2.66316e-06 -1 -8.66482e-07 0 -1 -2.66316e-06 -19.7825 -1 3.54621e-12 -1.33158e-06 -84.6229 0 0 0 1 
				112
				1.33158e-06 2.66316e-06 -1 -7.77332e-07 0 -1 -2.66316e-06 -17.7474 -1 3.54621e-12 -1.33158e-06 -85.0845 0 0 0 1 
				113
				1.33158e-06 2.66316e-06 -1 -6.86532e-07 0 -1 -2.66316e-06 -15.6753 -1 3.54621e-12 -1.33158e-06 -85.5813 0 0 0 1 
				114
				1.33158e-06 2.66316e-06 -1 -5.95079e-07 0 -1 -2.66316e-06 -13.5885 -1 3.54621e-12 -1.33158e-06 -86.092 0 0 0 1 
				115
				1.33158e-06 2.66316e-06 -1 -5.03968e-07 0 -1 -2.66316e-06 -11.5093 -1 3.54621e-12 -1.33158e-06 -86.5953 0 0 0 1 
				116
				1.33158e-06 2.79632e-06 -1 -4.14164e-07 0 -1 -2.79632e-06 -9.45959 -1 3.72352e-12 -1.33158e-06 -87.0709 0 0 0 1 
				117
				1.33158e-06 2.66316e-06 -1 -3.26633e-07 0 -1 -2.66316e-06 -7.46096 -1 3.54621e-12 -1.33158e-06 -87.498 0 0 0 1 
				118
				1.33158e-06 2.66316e-06 -1 -2.4237e-07 0 -1 -2.66316e-06 -5.53584 -1 3.54621e-12 -1.33158e-06 -87.8555 0 0 0 1 
				119
				1.33158e-06 2.66316e-06 -1 -1.62371e-07 0 -1 -2.66316e-06 -3.70664 -1 3.54621e-12 -1.33158e-06 -88.1222 0 0 0 1 
		</Joint>
			2
				-1
				1.38782e-06 -1.49834e-06 -1 3.30843e-06 -0.000797649 -1 1.49724e-06 -12.3488 -1 0.000797649 -1.38901e-06 -97.1398 0 0 0 1 
				0
				1.39516e-06 -1.50638e-06 -1 3.26533e-06 -0.00657335 -0.999978 1.49718e-06 -13.3387 -0.999978 0.00657334 -1.40503e-06 -95.8976 0 0 0 1 
				1
				1.40264e-06 -1.51466e-06 -1 3.22114e-06 -0.0124941 -0.999922 1.49702e-06 -14.3535 -0.999922 0.0124941 -1.42145e-06 -94.6242 0 0 0 1 
				2
				1.41023e-06 -1.52318e-06 -1 3.17598e-06 -0.0185464 -0.999828 1.49676e-06 -15.3909 -0.999828 0.0185464 -1.43824e-06 -93.3223 0 0 0 1 
				3
				1.41792e-06 -1.5319e-06 -1 3.12993e-06 -0.0247164 -0.999694 1.49639e-06 -16.4486 -0.999695 0.0247164 -1.45535e-06 -91.9951 0 0 0 1 
				4
				1.42569e-06 -1.54083e-06 -1 3.0831e-06 -0.030991 -0.99952 1.49591e-06 -17.5244 -0.99952 0.030991 -1.47276e-06 -90.645 0 0 0 1 
				5
				1.43351e-06 -1.54994e-06 -1 3.03556e-06 -0.0373569 -0.999302 1.4953e-06 -18.616 -0.999302 0.0373569 -1.49041e-06 -89.2751 0 0 0 1 
				6
				1.43554e-06 -1.69223e-06 -1 1.83665e-06 -0.0438003 -0.99904 1.62773e-06 -19.7213 -0.99904 0.0438003 -1.50828e-06 -87.8882 0 0 0 1 
				7
				1.44925e-06 -1.56862e-06 -1 2.93884e-06 -0.0503075 -0.998734 1.49373e-06 -20.8378 -0.998734 0.0503075 -1.52633e-06 -86.4871 0 0 0 1 
				8
				1.46471e-06 -1.44522e-06 -1 4.04062e-06 -0.0568654 -0.998382 1.35959e-06 -21.9633 -0.998382 0.0568654 -1.54452e-06 -85.0747 0 0 0 1 
				9
				1.465e-06 -1.58782e-06 -1 2.84054e-06 -0.0634604 -0.997984 1.49165e-06 -23.0957 -0.997984 0.0634604 -1.56281e-06 -83.6537 0 0 0 1 
				10
				1.47284e-06 -1.59756e-06 -1 2.79106e-06 -0.070079 -0.997541 1.49042e-06 -24.2325 -0.997541 0.070079 -1.58117e-06 -82.227 0 0 0 1 
				11
				1.48062e-06 -1.60738e-06 -1 2.74146e-06 -0.0767075 -0.997054 1.48907e-06 -25.3716 -0.997054 0.0767075 -1.59956e-06 -80.7976 0 0 0 1 
				12
				1.49944e-06 -1.48455e-06 -1 3.84266e-06 -0.0833326 -0.996522 1.35443e-06 -26.5107 -0.996522 0.0833326 -1.61793e-06 -79.3681 0 0 0 1 
				13
				1.49598e-06 -1.62714e-06 -1 2.6424e-06 -0.0899411 -0.995947 1.486e-06 -27.6476 -0.995947 0.0899411 -1.63626e-06 -77.9415 0 0 0 1 
				14
				1.50352e-06 -1.63705e-06 -1 2.59309e-06 -0.0965193 -0.995331 1.48429e-06 -28.78 -0.995331 0.0965193 -1.65451e-06 -76.5205 0 0 0 1 
				15
				1.49723e-06 -1.7794e-06 -1 1.39333e-06 -0.103054 -0.994676 1.61563e-06 -29.9055 -0.994676 0.103054 -1.67263e-06 -75.1081 0 0 0 1 
				16
				1.51826e-06 -1.65681e-06 -1 2.49553e-06 -0.109531 -0.993983 1.48055e-06 -31.022 -0.993983 0.109531 -1.6906e-06 -73.707 0 0 0 1 
				17
				1.52543e-06 -1.66663e-06 -1 2.44741e-06 -0.115939 -0.993256 1.47853e-06 -32.1273 -0.993256 0.115939 -1.70837e-06 -72.3201 0 0 0 1 
				18
				1.53245e-06 -1.67637e-06 -1 2.39989e-06 -0.122263 -0.992498 1.47643e-06 -33.2189 -0.992498 0.122263 -1.72591e-06 -70.9501 0 0 0 1 
				19
				1.53931e-06 -1.68601e-06 -1 2.35307e-06 -0.128491 -0.991711 1.47425e-06 -34.2947 -0.991711 0.128491 -1.74318e-06 -69.6001 0 0 0 1 
				20
				1.54599e-06 -1.69553e-06 -1 2.30704e-06 -0.134609 -0.990899 1.47199e-06 -35.3525 -0.990899 0.134609 -1.76015e-06 -68.2728 0 0 0 1 
				21
				1.55249e-06 -1.70491e-06 -1 2.26188e-06 -0.140604 -0.990066 1.46968e-06 -36.3899 -0.990066 0.140604 -1.77678e-06 -66.971 0 0 0 1 
				22
				1.57829e-06 -1.5824e-06 -1 3.36852e-06 -0.146464 -0.989216 1.33417e-06 -37.4047 -0.989216 0.146464 -1.79303e-06 -65.6976 0 0 0 1 
				23
				1.54462e-06 -1.85475e-06 -1 1.02383e-06 -0.152175 -0.988354 1.59809e-06 -38.3946 -0.988354 0.152175 -1.80887e-06 -64.4554 0 0 0 1 
				24
				1.57076e-06 -1.73195e-06 -1 2.13273e-06 -0.157724 -0.987483 1.46252e-06 -39.3573 -0.987483 0.157724 -1.82426e-06 -63.2472 0 0 0 1 
				25
				1.5764e-06 -1.74052e-06 -1 2.09211e-06 -0.1631 -0.98661 1.4601e-06 -40.2907 -0.98661 0.1631 -1.83917e-06 -62.0759 0 0 0 1 
				26
				1.58182e-06 -1.74882e-06 -1 2.05288e-06 -0.168289 -0.985738 1.45768e-06 -41.1925 -0.985738 0.168289 -1.85356e-06 -60.9443 0 0 0 1 
				27
				1.58699e-06 -1.75685e-06 -1 2.01511e-06 -0.173278 -0.984873 1.45528e-06 -42.0603 -0.984873 0.173278 -1.8674e-06 -59.8553 0 0 0 1 
				28
				1.5919e-06 -1.76456e-06 -1 1.97893e-06 -0.178054 -0.98402 1.45292e-06 -42.8919 -0.984021 0.178054 -1.88065e-06 -58.8117 0 0 0 1 
				29
				1.59656e-06 -1.77194e-06 -1 1.9444e-06 -0.182607 -0.983186 1.4506e-06 -43.6852 -0.983186 0.182607 -1.89328e-06 -57.8163 0 0 0 1 
				30
				1.60094e-06 -1.77896e-06 -1 1.91166e-06 -0.186922 -0.982375 1.44835e-06 -44.4377 -0.982375 0.186922 -1.90525e-06 -56.872 0 0 0 1 
				31
				1.60504e-06 -1.78559e-06 -1 1.88077e-06 -0.190987 -0.981592 1.44618e-06 -45.1472 -0.981592 0.190987 -1.91652e-06 -55.9816 0 0 0 1 
				32
				1.60886e-06 -1.79182e-06 -1 1.85188e-06 -0.194791 -0.980845 1.44411e-06 -45.8116 -0.980845 0.194791 -1.92707e-06 -55.148 0 0 0 1 
				33
				1.61238e-06 -1.79762e-06 -1 1.82503e-06 -0.19832 -0.980137 1.44215e-06 -46.4284 -0.980137 0.19832 -1.93686e-06 -54.3739 0 0 0 1 
				34
				1.6156e-06 -1.80296e-06 -1 1.80035e-06 -0.201562 -0.979476 1.44031e-06 -46.9956 -0.979476 0.201562 -1.94585e-06 -53.6622 0 0 0 1 
				35
				1.61851e-06 -1.80782e-06 -1 1.77794e-06 -0.204505 -0.978866 1.43862e-06 -47.5107 -0.978866 0.204505 -1.95402e-06 -53.0158 0 0 0 1 
				36
				1.62131e-06 -1.81252e-06 -1 1.75743e-06 -0.207347 -0.978267 1.43696e-06 -47.982 -0.978267 0.207347 -1.9619e-06 -52.4061 0 0 0 1 
				37
				1.62419e-06 -1.81739e-06 -1 1.7384e-06 -0.210282 -0.977641 1.43522e-06 -48.4196 -0.977641 0.210282 -1.97004e-06 -51.8043 0 0 0 1 
				38
				1.62712e-06 -1.82239e-06 -1 1.72083e-06 -0.213285 -0.97699 1.43342e-06 -48.824 -0.97699 0.213285 -1.97837e-06 -51.2127 0 0 0 1 
				39
				1.63008e-06 -1.82747e-06 -1 1.70468e-06 -0.216334 -0.976319 1.43156e-06 -49.196 -0.976319 0.216334 -1.98682e-06 -50.6337 0 0 0 1 
				40
				1.63305e-06 -1.83261e-06 -1 1.68993e-06 -0.219407 -0.975634 1.42965e-06 -49.536 -0.975634 0.219407 -1.99535e-06 -50.0697 0 0 0 1 
				41
				1.63601e-06 -1.83776e-06 -1 1.67654e-06 -0.222481 -0.974937 1.42772e-06 -49.8447 -0.974937 0.222481 -2.00387e-06 -49.5232 0 0 0 1 
				42
				1.63893e-06 -1.84289e-06 -1 1.66451e-06 -0.225533 -0.974235 1.42578e-06 -50.1226 -0.974235 0.225533 -2.01234e-06 -48.9963 0 0 0 1 
				43
				1.6418e-06 -1.84796e-06 -1 1.65377e-06 -0.228541 -0.973534 1.42383e-06 -50.3704 -0.973534 0.228541 -2.02068e-06 -48.4917 0 0 0 1 
				44
				1.64459e-06 -1.85292e-06 -1 1.64434e-06 -0.231483 -0.972839 1.4219e-06 -50.5887 -0.972839 0.231483 -2.02884e-06 -48.0115 0 0 0 1 
				45
				1.64728e-06 -1.85775e-06 -1 1.63616e-06 -0.234336 -0.972156 1.42001e-06 -50.7781 -0.972156 0.234336 -2.03675e-06 -47.5583 0 0 0 1 
				46
				1.64986e-06 -1.86241e-06 -1 1.62922e-06 -0.237078 -0.971491 1.41816e-06 -50.9391 -0.971491 0.237078 -2.04436e-06 -47.1343 0 0 0 1 
				47
				1.6523e-06 -1.86684e-06 -1 1.62347e-06 -0.239687 -0.97085 1.41639e-06 -51.0724 -0.97085 0.239687 -2.0516e-06 -46.742 0 0 0 1 
				48
				1.65459e-06 -1.87102e-06 -1 1.61893e-06 -0.242141 -0.970241 1.4147e-06 -51.1786 -0.970241 0.242141 -2.0584e-06 -46.3838 0 0 0 1 
				49
				1.6567e-06 -1.87491e-06 -1 1.61553e-06 -0.244417 -0.96967 1.41311e-06 -51.2582 -0.96967 0.244417 -2.06471e-06 -46.062 0 0 0 1 
				50
				1.65863e-06 -1.87846e-06 -1 1.61326e-06 -0.246494 -0.969144 1.41166e-06 -51.3119 -0.969144 0.246494 -2.07048e-06 -45.7789 0 0 0 1 
				51
				1.66034e-06 -1.88163e-06 -1 1.61208e-06 -0.248349 -0.968671 1.41034e-06 -51.3403 -0.968671 0.248349 -2.07562e-06 -45.5371 0 0 0 1 
				52
				1.66182e-06 -1.8844e-06 -1 1.61199e-06 -0.24996 -0.968256 1.40919e-06 -51.344 -0.968256 0.24996 -2.08009e-06 -45.3389 0 0 0 1 
				53
				1.66305e-06 -1.88671e-06 -1 1.61293e-06 -0.251306 -0.967908 1.40823e-06 -51.3235 -0.967908 0.251306 -2.08382e-06 -45.1866 0 0 0 1 
				54
				1.66402e-06 -1.88853e-06 -1 1.61489e-06 -0.252365 -0.967632 1.40746e-06 -51.2794 -0.967632 0.252365 -2.08676e-06 -45.0826 0 0 0 1 
				55
				1.66471e-06 -1.88982e-06 -1 1.61784e-06 -0.253114 -0.967436 1.40692e-06 -51.2125 -0.967437 0.253114 -2.08884e-06 -45.0293 0 0 0 1 
				56
				1.66509e-06 -1.89054e-06 -1 1.62176e-06 -0.25353 -0.967327 1.40662e-06 -51.1232 -0.967327 0.25353 -2.08999e-06 -45.0292 0 0 0 1 
				57
				1.66514e-06 -1.89064e-06 -1 1.62663e-06 -0.253594 -0.967311 1.40657e-06 -51.0121 -0.967311 0.253594 -2.09017e-06 -45.0844 0 0 0 1 
				58
				1.66486e-06 -1.8901e-06 -1 1.6324e-06 -0.25328 -0.967393 1.4068e-06 -50.8799 -0.967393 0.25328 -2.0893e-06 -45.1976 0 0 0 1 
				59
				1.66421e-06 -1.88888e-06 -1 1.63903e-06 -0.252568 -0.967579 1.40731e-06 -50.7272 -0.967579 0.252568 -2.08732e-06 -45.3709 0 0 0 1 
				60
				1.66317e-06 -1.88693e-06 -1 1.64655e-06 -0.251434 -0.967874 1.40813e-06 -50.5546 -0.967874 0.251434 -2.08418e-06 -45.6069 0 0 0 1 
				61
				1.66172e-06 -1.88422e-06 -1 1.65489e-06 -0.249857 -0.968283 1.40927e-06 -50.3626 -0.968283 0.249857 -2.0798e-06 -45.9079 0 0 0 1 
				62
				1.65984e-06 -1.88072e-06 -1 1.66401e-06 -0.247813 -0.968808 1.41072e-06 -50.1518 -0.968808 0.247813 -2.07413e-06 -46.2762 0 0 0 1 
				63
				1.62484e-06 -2.00547e-06 -1 5.23069e-07 -0.245278 -0.969453 1.54567e-06 -49.9229 -0.969453 0.245278 -2.0671e-06 -46.7143 0 0 0 1 
				64
				1.68693e-06 -1.74198e-06 -1 2.83545e-06 -0.24223 -0.970219 1.28148e-06 -49.6765 -0.970219 0.24223 -2.05865e-06 -47.2246 0 0 0 1 
				65
				1.65133e-06 -1.86507e-06 -1 1.69598e-06 -0.238645 -0.971107 1.4171e-06 -49.4132 -0.971107 0.238645 -2.04871e-06 -47.8093 0 0 0 1 
				66
				1.61621e-06 -1.98748e-06 -1 5.57203e-07 -0.2345 -0.972116 1.55306e-06 -49.1334 -0.972116 0.2345 -2.03721e-06 -48.4709 0 0 0 1 
				67
				1.64296e-06 -1.85003e-06 -1 1.72081e-06 -0.229769 -0.973245 1.42303e-06 -48.838 -0.973245 0.229769 -2.02409e-06 -49.2118 0 0 0 1 
				68
				1.66776e-06 -1.71127e-06 -1 2.88504e-06 -0.224429 -0.97449 1.29333e-06 -48.5274 -0.97449 0.224429 -2.00928e-06 -50.0344 0 0 0 1 
				69
				1.63213e-06 -1.83102e-06 -1 1.7482e-06 -0.218455 -0.975847 1.43025e-06 -48.2022 -0.975847 0.218455 -1.99271e-06 -50.941 0 0 0 1 
				70
				1.62569e-06 -1.81995e-06 -1 1.76279e-06 -0.211822 -0.977308 1.4343e-06 -47.8631 -0.977308 0.211822 -1.97431e-06 -51.934 0 0 0 1 
				71
				1.59128e-06 -1.93816e-06 -1 6.27101e-07 -0.204505 -0.978866 1.57178e-06 -47.5107 -0.978866 0.204505 -1.95402e-06 -53.0158 0 0 0 1 
				72
				1.60771e-06 -1.78995e-06 -1 1.79884e-06 -0.19365 -0.98107 1.44473e-06 -47.0229 -0.981071 0.19365 -1.92391e-06 -54.5164 0 0 0 1 
				73
				1.59075e-06 -1.76274e-06 -1 1.82986e-06 -0.176927 -0.984224 1.45348e-06 -46.2974 -0.984224 0.176927 -1.87753e-06 -56.7094 0 0 0 1 
				74
				1.56804e-06 -1.72786e-06 -1 1.86968e-06 -0.155148 -0.987891 1.46366e-06 -45.366 -0.987891 0.155148 -1.81712e-06 -59.5072 0 0 0 1 
				75
