<?xml version='1.0' encoding='UTF-8' ?>
<itpanim>
	<skeleton count>
		25
			0 -1
			1.37091e-06 -1 -6.12323e-17 -3.70664 1 1.37091e-06 -6.12323e-17 5.24382e-06 6.12323e-17 -6.12323e-17 1 87.7185 0 0 0 1 
			1 0
			1.3868e-06 4.78456e-08 -1 -87.7185 2.75771e-06 -1 -4.78418e-08 -3.70664 -1 -2.75771e-06 -1.3868e-06 -0.000132032 0 0 0 1 
			2 1
			1.40269e-06 -0.000796318 -1 -96.7459 0 -1 0.000796318 -12.2718 -1 -1.11699e-09 -1.40269e-06 8.7278e-06 0 0 0 1 
			3 2
			1.40269e-06 -0.000796318 -1 -122.958 0 -1 0.000796318 -12.22 -1 -1.11699e-09 -1.40269e-06 8.58421e-06 0 0 0 1 
			4 3
			1 -0 0 0 0 1 0 0 -0 -0 1 -0 0 0 0 1 
			5 4
			1 1.37091e-06 4.37113e-08 -52.406 -1.37091e-06 1 3.58059e-15 38.7067 -4.37113e-08 -6.35048e-14 1 167.762 0 0 0 1 
			6 5
			0.0123547 0.0130585 0.999838 166.875 0.0086996 0.999875 -0.0131665 35.5314 -0.999886 0.00886086 0.0122396 112.902 0 0 0 1 
			7 6
			0.0121292 -0.0124069 0.999849 128.937 0.00901157 0.999884 0.012298 38.8273 -0.999886 0.00886105 0.0122396 112.902 0 0 0 1 
			8 7
			0.0121292 -0.0124069 0.999849 16.6516 -0.999878 0.00965724 0.0122494 112.933 -0.00980777 -0.999876 -0.0122883 -38.7374 0 0 0 1 
			9 4
			-1 -1.37091e-06 4.37114e-08 -52.406 -1.37091e-06 1 3.84662e-15 38.7067 -4.37115e-08 -5.60777e-14 -1 -167.762 0 0 0 1 
			10 9
			-0.0123548 0.0130585 0.999838 166.875 -0.00870231 0.999875 -0.0131665 35.5314 -0.999886 -0.00886358 -0.0122396 -112.902 0 0 0 1 
			11 10
			-0.0121292 -0.0124069 0.999849 128.937 -0.0090143 0.999884 0.012298 38.8273 -0.999886 -0.00886378 -0.0122396 -112.902 0 0 0 1 
			12 11
			-0.0121292 -0.012407 0.999849 16.6516 0.999878 0.00965998 0.0122494 112.933 -0.0098105 0.999876 0.0122883 38.7374 0 0 0 1 
			13 4
			1.34309e-06 -5.95475e-08 -1 -140.788 -1.40269e-06 -1 5.95456e-08 -65.8358 -1 1.40269e-06 -1.34309e-06 -0.00010659 0 0 0 1 
			14 13
			1 -0 0 0 0 1 0 0 -0 -0 1 -0 0 0 0 1 
			15 2
			1.37145e-06 -0.0998263 0.995005 86.9103 0 -0.995005 -0.0998263 -12.4447 1 1.36907e-07 -1.3646e-06 -49.3066 0 0 0 1 
			16 15
			1.37145e-06 0.0998359 0.995004 49.2248 0 -0.995004 0.0998359 -2.71971 1 -1.3692e-07 -1.3646e-06 -49.3066 0 0 0 1 
			17 16
			1.45937e-06 -4.13125e-13 1 9.69628 0 -1 -4.13125e-13 -3.70627 1 6.02901e-19 -1.45937e-06 -49.3066 0 0 0 1 
			18 17
			1.85191e-06 -1 5.70042e-14 -34.6347 0 -5.70042e-14 -1 -0.678676 1 1.85191e-06 -1.05566e-19 -49.3066 0 0 0 1 
			19 18
			1 -0 0 0 0 1 0 0 -0 -0 1 -0 0 0 0 1 
			20 2
			1.37145e-06 -0.0998313 0.995004 86.9103 0 -0.995004 -0.0998313 -12.4452 1 1.36913e-07 -1.3646e-06 49.3066 0 0 0 1 
			21 20
			1.37145e-06 0.0998339 0.995004 49.2249 0 -0.995004 0.0998339 -2.72 1 -1.36917e-07 -1.3646e-06 49.3066 0 0 0 1 
			22 21
			1.45937e-06 -4.13125e-13 1 9.69632 0 -1 -4.13125e-13 -3.70653 1 6.02901e-19 -1.45937e-06 49.3066 0 0 0 1 
			23 22
			1.85542e-06 -1 2.18875e-13 -34.6349 0 -2.18875e-13 -1 -0.678698 1 1.85542e-06 -4.06104e-19 49.3066 0 0 0 1 
			24 23
			1 -0 0 0 0 1 0 0 -0 -0 1 -0 0 0 0 1 
	</skeleton>
		<animations>
			73
			0
				-1
				1.33158e-06 1 0 -1.62371e-07 -1 1.33158e-06 0 -3.70664 -0 -0 1 -87.7185 0 0 0 1 
				0
				1.33158e-06 1 0 -1.62371e-07 -1 1.33158e-06 0 -4.56197 -0 -0 1 -86.8749 0 0 0 1 
				1
				1.33158e-06 1 0 -1.62371e-07 -1 1.33158e-06 0 -5.54128 -0 -0 1 -85.9527 0 0 0 1 
				2
				1.33158e-06 1 0 -1.62371e-07 -1 1.33158e-06 0 -6.61561 -0 -0 1 -84.9703 0 0 0 1 
				3
				1.33158e-06 1 0 -1.62371e-07 -1 1.33158e-06 0 -7.756 -0 -0 1 -83.946 0 0 0 1 
				4
				1.46474e-06 1 0 -1.62371e-07 -1 1.46474e-06 0 -8.9344 -0 -0 1 -82.8977 0 0 0 1 
				5
				1.33158e-06 1 0 -1.62371e-07 -1 1.33158e-06 0 -10.1228 -0 -0 1 -81.843 0 0 0 1 
				6
				1.33158e-06 1 0 -1.62371e-07 -1 1.33158e-06 0 -11.2921 -0 -0 1 -80.8003 0 0 0 1 
				7
				1.33158e-06 1 0 -1.62371e-07 -1 1.33158e-06 0 -12.4135 -0 -0 1 -79.7881 0 0 0 1 
				8
				1.33158e-06 1 0 -1.62371e-07 -1 1.33158e-06 0 -13.4589 -0 -0 1 -78.824 0 0 0 1 
				9
				1.33158e-06 1 0 -1.62371e-07 -1 1.33158e-06 0 -14.4002 -0 -0 1 -77.9259 0 0 0 1 
				10
				1.33158e-06 1 0 -1.62371e-07 -1 1.33158e-06 0 -15.2084 -0 -0 1 -77.1122 0 0 0 1 
				11
				1.46474e-06 1 0 -1.62371e-07 -1 1.46474e-06 0 -15.8547 -0 -0 1 -76.4011 0 0 0 1 
				12
				1.33158e-06 1 0 -1.62371e-07 -1 1.33158e-06 0 -16.311 -0 -0 1 -75.8104 0 0 0 1 
				13
				1.33158e-06 1 0 -1.62371e-07 -1 1.33158e-06 0 -16.5491 -0 -0 1 -75.358 0 0 0 1 
				14
				1.33158e-06 1 0 -1.62371e-07 -1 1.33158e-06 0 -16.5402 -0 -0 1 -75.0622 0 0 0 1 
				15
				1.33158e-06 1 0 -1.62371e-07 -1 1.33158e-06 0 -16.2553 -0 -0 1 -74.9413 0 0 0 1 
				16
				1.33158e-06 1 0 -1.62371e-07 -1 1.33158e-06 0 -15.1825 -0 -0 1 -75.3011 0 0 0 1 
				17
				1.33158e-06 1 0 -1.62371e-07 -1 1.33158e-06 0 -13.0037 -0 -0 1 -76.3308 0 0 0 1 
				18
				1.33158e-06 1 0 -1.62371e-07 -1 1.33158e-06 0 -10.0005 -0 -0 1 -77.8624 0 0 0 1 
				19
				1.33158e-06 1 0 -1.62371e-07 -1 1.33158e-06 0 -6.45434 -0 -0 1 -79.7281 0 0 0 1 
				20
				1.33158e-06 1 0 -1.62371e-07 -1 1.33158e-06 0 -2.63792 -0 -0 1 -81.765 0 0 0 1 
				21
				1.33158e-06 1 0 -1.62371e-07 -1 1.33158e-06 0 1.17613 -0 -0 1 -83.8106 0 0 0 1 
				22
				1.33158e-06 1 0 -1.62371e-07 -1 1.33158e-06 0 4.70632 -0 -0 1 -85.6969 0 0 0 1 
				23
				1.33158e-06 1 0 -1.62371e-07 -1 1.33158e-06 0 7.67111 -0 -0 1 -87.2558 0 0 0 1 
				24
				1.33158e-06 1 0 -1.62371e-07 -1 1.33158e-06 0 9.79788 -0 -0 1 -88.3248 0 0 0 1 
				25
				1.33158e-06 1 0 -1.62371e-07 -1 1.33158e-06 0 10.814 -0 -0 1 -88.7411 0 0 0 1 
				26
				1.46474e-06 1 0 -1.62371e-07 -1 1.46474e-06 0 10.4379 -0 -0 1 -88.3368 0 0 0 1 
				27
				1.33158e-06 1 0 -1.62371e-07 -1 1.33158e-06 0 8.38811 -0 -0 1 -86.9439 0 0 0 1 
				28
				1.33158e-06 1 0 -1.62371e-07 -1 1.33158e-06 0 -8.97142 -0 -0 1 -76.514 0 0 0 1 
				29
				1.33158e-06 1 0 -1.62371e-07 -1 1.33158e-06 0 -40.0731 -0 -0 1 -58.031 0 0 0 1 
				30
				1.33158e-06 1 0 -1.62371e-07 -1 1.33158e-06 0 -59.8501 -0 -0 1 -46.3884 0 0 0 1 
				31
				1.19842e-06 1 1.47717e-38 -1.62371e-07 -1 1.19842e-06 -1.2326e-32 -61.6358 -1.2326e-32 -0 1 -45.5043 0 0 0 1 
				32
				1.46474e-06 1 0 -1.62371e-07 -1 1.46474e-06 0 -61.7007 -0 -0 1 -45.6484 0 0 0 1 
				33
				1.33158e-06 1 0 -1.62371e-07 -1 1.33158e-06 0 -61.6106 -0 -0 1 -45.8857 0 0 0 1 
				34
				1.33158e-06 1 0 -1.62371e-07 -1 1.33158e-06 0 -61.3719 -0 -0 1 -46.2126 0 0 0 1 
				35
				1.46474e-06 1 0 -1.62371e-07 -1 1.46474e-06 0 -60.9908 -0 -0 1 -46.6254 0 0 0 1 
				36
				1.33158e-06 1 0 -1.62371e-07 -1 1.33158e-06 0 -60.4731 -0 -0 1 -47.1203 0 0 0 1 
				37
				1.33158e-06 1 0 -1.62371e-07 -1 1.33158e-06 0 -59.8249 -0 -0 1 -47.6938 0 0 0 1 
				38
				1.33158e-06 1 0 -1.62371e-07 -1 1.33158e-06 0 -59.0524 -0 -0 1 -48.3422 0 0 0 1 
				39
				1.33158e-06 1 0 -1.62371e-07 -1 1.33158e-06 0 -58.1618 -0 -0 1 -49.0618 0 0 0 1 
				40
				1.46474e-06 1 0 -1.62371e-07 -1 1.46474e-06 0 -57.159 -0 -0 1 -49.8488 0 0 0 1 
				41
				1.33158e-06 1 0 -1.62371e-07 -1 1.33158e-06 0 -56.0502 -0 -0 1 -50.6998 0 0 0 1 
				42
				1.33158e-06 1 0 -1.62371e-07 -1 1.33158e-06 0 -54.8414 -0 -0 1 -51.6109 0 0 0 1 
				43
				1.33158e-06 1 0 -1.62371e-07 -1 1.33158e-06 0 -53.5388 -0 -0 1 -52.5786 0 0 0 1 
				44
				1.33158e-06 1 0 -1.62371e-07 -1 1.33158e-06 0 -52.1485 -0 -0 1 -53.599 0 0 0 1 
				45
				1.33158e-06 1 0 -1.62371e-07 -1 1.33158e-06 0 -50.6765 -0 -0 1 -54.6687 0 0 0 1 
				46
				1.33158e-06 1 0 -1.62371e-07 -1 1.33158e-06 0 -49.1289 -0 -0 1 -55.7839 0 0 0 1 
				47
				1.46474e-06 1 0 -1.62371e-07 -1 1.46474e-06 0 -47.5119 -0 -0 1 -56.9409 0 0 0 1 
				48
				1.33158e-06 1 0 -1.62371e-07 -1 1.33158e-06 0 -45.8316 -0 -0 1 -58.1361 0 0 0 1 
				49
				1.33158e-06 1 0 -1.62371e-07 -1 1.33158e-06 0 -44.0939 -0 -0 1 -59.3658 0 0 0 1 
				50
				1.33158e-06 1 0 -1.62371e-07 -1 1.33158e-06 0 -42.3049 -0 -0 1 -60.6263 0 0 0 1 
				51
				1.33158e-06 1 0 -1.62371e-07 -1 1.33158e-06 0 -40.471 -0 -0 1 -61.9139 0 0 0 1 
				52
				1.33158e-06 1 0 -1.62371e-07 -1 1.33158e-06 0 -38.5981 -0 -0 1 -63.225 0 0 0 1 
				53
				1.33158e-06 1 0 -1.62371e-07 -1 1.33158e-06 0 -36.6922 -0 -0 1 -64.556 0 0 0 1 
				54
				1.33158e-06 1 0 -1.62371e-07 -1 1.33158e-06 0 -34.7595 -0 -0 1 -65.9032 0 0 0 1 
				55
				1.33158e-06 1 0 -1.62371e-07 -1 1.33158e-06 0 -32.8062 -0 -0 1 -67.2627 0 0 0 1 
				56
				1.33158e-06 1 0 -1.62371e-07 -1 1.33158e-06 0 -30.8382 -0 -0 1 -68.6311 0 0 0 1 
				57
				1.33158e-06 1 0 -1.62371e-07 -1 1.33158e-06 0 -28.8616 -0 -0 1 -70.0047 0 0 0 1 
				58
				1.33158e-06 1 0 -1.62371e-07 -1 1.33158e-06 0 -26.8826 -0 -0 1 -71.3797 0 0 0 1 
				59
				1.33158e-06 1 0 -1.62371e-07 -1 1.33158e-06 0 -24.9073 -0 -0 1 -72.7525 0 0 0 1 
				60
				1.33158e-06 1 0 -1.62371e-07 -1 1.33158e-06 0 -22.9418 -0 -0 1 -74.1194 0 0 0 1 
				61
				1.33158e-06 1 0 -1.62371e-07 -1 1.33158e-06 0 -20.992 -0 -0 1 -75.4768 0 0 0 1 
				62
				1.33158e-06 1 0 -1.62371e-07 -1 1.33158e-06 0 -19.0641 -0 -0 1 -76.821 0 0 0 1 
				63
				1.33158e-06 1 0 -1.62371e-07 -1 1.33158e-06 0 -17.1644 -0 -0 1 -78.1483 0 0 0 1 
				64
				1.33158e-06 1 0 -1.62371e-07 -1 1.33158e-06 0 -15.2988 -0 -0 1 -79.455 0 0 0 1 
				65
				1.33158e-06 1 0 -1.62371e-07 -1 1.33158e-06 0 -13.4734 -0 -0 1 -80.7375 0 0 0 1 
				66
				1.46474e-06 1 0 -1.62371e-07 -1 1.46474e-06 0 -11.6942 -0 -0 1 -81.9922 0 0 0 1 
				67
				1.33158e-06 1 0 -1.62371e-07 -1 1.33158e-06 0 -9.96754 -0 -0 1 -83.2152 0 0 0 1 
				68
				1.33158e-06 1 0 -1.62371e-07 -1 1.33158e-06 0 -8.29938 -0 -0 1 -84.403 0 0 0 1 
				69
				1.33158e-06 1 0 -1.62371e-07 -1 1.33158e-06 0 -6.69571 -0 -0 1 -85.552 0 0 0 1 
				70
				1.33158e-06 1 0 -1.62371e-07 -1 1.33158e-06 0 -5.16273 -0 -0 1 -86.6584 0 0 0 1 
				71
				1.33158e-06 1 0 -1.62371e-07 -1 1.33158e-06 0 -3.70664 -0 -0 1 -87.7185 0 0 0 1 
		</Joint>
			1
				-1
				1.33158e-06 2.66316e-06 -1 -1.62371e-07 0 -1 -2.66316e-06 -3.70664 -1 3.54621e-12 -1.33158e-06 -87.7185 0 0 0 1 
				0
				1.33158e-06 2.66316e-06 -1 -1.62371e-07 0 -1 -2.66316e-06 -4.56197 -1 3.54621e-12 -1.33158e-06 -86.8749 0 0 0 1 
				1
				1.33158e-06 2.66316e-06 -1 -1.62371e-07 0 -1 -2.66316e-06 -5.54128 -1 3.54621e-12 -1.33158e-06 -85.9527 0 0 0 1 
				2
				1.33158e-06 2.66316e-06 -1 -1.62371e-07 0 -1 -2.66316e-06 -6.61561 -1 3.54621e-12 -1.33158e-06 -84.9703 0 0 0 1 
				3
				1.33158e-06 2.66316e-06 -1 -1.62371e-07 0 -1 -2.66316e-06 -7.756 -1 3.54621e-12 -1.33158e-06 -83.946 0 0 0 1 
				4
				1.33158e-06 2.79632e-06 -1 -1.62371e-07 0 -1 -2.79632e-06 -8.9344 -1 3.72352e-12 -1.33158e-06 -82.8977 0 0 0 1 
				5
				1.33158e-06 2.66316e-06 -1 -1.62371e-07 0 -1 -2.66316e-06 -10.1228 -1 3.54621e-12 -1.33158e-06 -81.843 0 0 0 1 
				6
				1.33158e-06 2.66316e-06 -1 -1.62371e-07 0 -1 -2.66316e-06 -11.2921 -1 3.54621e-12 -1.33158e-06 -80.8003 0 0 0 1 
				7
				1.33158e-06 2.66316e-06 -1 -1.62371e-07 0 -1 -2.66316e-06 -12.4135 -1 3.54621e-12 -1.33158e-06 -79.7881 0 0 0 1 
				8
				1.33158e-06 2.66316e-06 -1 -1.62371e-07 0 -1 -2.66316e-06 -13.4589 -1 3.54621e-12 -1.33158e-06 -78.824 0 0 0 1 
				9
				1.33158e-06 2.66316e-06 -1 -1.62371e-07 0 -1 -2.66316e-06 -14.4002 -1 3.54621e-12 -1.33158e-06 -77.9259 0 0 0 1 
				10
				1.33158e-06 2.66316e-06 -1 -1.62371e-07 0 -1 -2.66316e-06 -15.2084 -1 3.54621e-12 -1.33158e-06 -77.1122 0 0 0 1 
				11
				1.33158e-06 2.79632e-06 -1 -1.62371e-07 0 -1 -2.79632e-06 -15.8547 -1 3.72352e-12 -1.33158e-06 -76.4011 0 0 0 1 
				12
				1.33158e-06 2.66316e-06 -1 -1.62371e-07 0 -1 -2.66316e-06 -16.311 -1 3.54621e-12 -1.33158e-06 -75.8104 0 0 0 1 
				13
				1.33158e-06 2.66316e-06 -1 -1.62371e-07 0 -1 -2.66316e-06 -16.5491 -1 3.54621e-12 -1.33158e-06 -75.358 0 0 0 1 
				14
				1.33158e-06 2.66316e-06 -1 -1.62371e-07 0 -1 -2.66316e-06 -16.5402 -1 3.54621e-12 -1.33158e-06 -75.0622 0 0 0 1 
				15
				1.33158e-06 2.66316e-06 -1 -1.62371e-07 0 -1 -2.66316e-06 -16.2553 -1 3.54621e-12 -1.33158e-06 -74.9413 0 0 0 1 
				16
				1.33158e-06 2.66316e-06 -1 -1.62371e-07 0 -1 -2.66316e-06 -15.1825 -1 3.54621e-12 -1.33158e-06 -75.3011 0 0 0 1 
				17
				1.33158e-06 2.66316e-06 -1 -1.62371e-07 0 -1 -2.66316e-06 -13.0037 -1 3.54621e-12 -1.33158e-06 -76.3308 0 0 0 1 
				18
				1.33158e-06 2.66316e-06 -1 -1.62371e-07 0 -1 -2.66316e-06 -10.0005 -1 3.54621e-12 -1.33158e-06 -77.8624 0 0 0 1 
				19
				1.33158e-06 2.66316e-06 -1 -1.62371e-07 0 -1 -2.66316e-06 -6.45434 -1 3.54621e-12 -1.33158e-06 -79.7281 0 0 0 1 
				20
				1.33158e-06 2.66316e-06 -1 -1.62371e-07 0 -1 -2.66316e-06 -2.63792 -1 3.54621e-12 -1.33158e-06 -81.765 0 0 0 1 
				21
				1.33158e-06 2.66316e-06 -1 -1.62371e-07 0 -1 -2.66316e-06 1.17613 -1 3.54621e-12 -1.33158e-06 -83.8106 0 0 0 1 
				22
				1.33158e-06 2.66316e-06 -1 -1.62371e-07 0 -1 -2.66316e-06 4.70632 -1 3.54621e-12 -1.33158e-06 -85.6969 0 0 0 1 
				23
				1.33158e-06 2.66316e-06 -1 -1.62371e-07 0 -1 -2.66316e-06 7.67111 -1 3.54621e-12 -1.33158e-06 -87.2558 0 0 0 1 
				24
				1.33158e-06 2.66316e-06 -1 -1.62371e-07 0 -1 -2.66316e-06 9.79788 -1 3.54621e-12 -1.33158e-06 -88.3248 0 0 0 1 
				25
				1.33158e-06 2.66316e-06 -1 -1.62371e-07 0 -1 -2.66316e-06 10.814 -1 3.54621e-12 -1.33158e-06 -88.7411 0 0 0 1 
				26
				1.33158e-06 2.79632e-06 -1 -1.62371e-07 0 -1 -2.79632e-06 10.4379 -1 3.72352e-12 -1.33158e-06 -88.3368 0 0 0 1 
				27
				1.33158e-06 2.66316e-06 -1 -1.62371e-07 0 -1 -2.66316e-06 8.38811 -1 3.54621e-12 -1.33158e-06 -86.9439 0 0 0 1 
				28
				1.33158e-06 2.66316e-06 -1 -1.62371e-07 0 -1 -2.66316e-06 -8.97142 -1 3.54621e-12 -1.33158e-06 -76.514 0 0 0 1 
				29
				1.33158e-06 2.66316e-06 -1 -1.62371e-07 0 -1 -2.66316e-06 -40.0731 -1 3.54621e-12 -1.33158e-06 -58.031 0 0 0 1 
				30
				1.33158e-06 2.66316e-06 -1 -1.62371e-07 0 -1 -2.66316e-06 -59.8501 -1 3.54621e-12 -1.33158e-06 -46.3884 0 0 0 1 
				31
				1.33158e-06 2.53e-06 -1 -1.62371e-07 0 -1 -2.53e-06 -61.6358 -1 3.3689e-12 -1.33158e-06 -45.5043 0 0 0 1 
				32
				1.33158e-06 2.79632e-06 -1 -1.62371e-07 0 -1 -2.79632e-06 -61.7007 -1 3.72352e-12 -1.33158e-06 -45.6484 0 0 0 1 
				33
				1.33158e-06 2.66316e-06 -1 -1.62371e-07 0 -1 -2.66316e-06 -61.6106 -1 3.54621e-12 -1.33158e-06 -45.8857 0 0 0 1 
				34
				1.33158e-06 2.66316e-06 -1 -1.62371e-07 0 -1 -2.66316e-06 -61.3719 -1 3.54621e-12 -1.33158e-06 -46.2126 0 0 0 1 
				35
				1.33158e-06 2.79632e-06 -1 -1.62371e-07 0 -1 -2.79632e-06 -60.9908 -1 3.72352e-12 -1.33158e-06 -46.6254 0 0 0 1 
				36
				1.33158e-06 2.66316e-06 -1 -1.62371e-07 0 -1 -2.66316e-06 -60.4731 -1 3.54621e-12 -1.33158e-06 -47.1203 0 0 0 1 
				37
				1.33158e-06 2.66316e-06 -1 -1.62371e-07 0 -1 -2.66316e-06 -59.8249 -1 3.54621e-12 -1.33158e-06 -47.6938 0 0 0 1 
				38
				1.33158e-06 2.66316e-06 -1 -1.62371e-07 0 -1 -2.66316e-06 -59.0524 -1 3.54621e-12 -1.33158e-06 -48.3422 0 0 0 1 
				39
				1.33158e-06 2.66316e-06 -1 -1.62371e-07 0 -1 -2.66316e-06 -58.1618 -1 3.54621e-12 -1.33158e-06 -49.0618 0 0 0 1 
				40
				1.33158e-06 2.79632e-06 -1 -1.62371e-07 0 -1 -2.79632e-06 -57.159 -1 3.72352e-12 -1.33158e-06 -49.8488 0 0 0 1 
				41
				1.33158e-06 2.66316e-06 -1 -1.62371e-07 0 -1 -2.66316e-06 -56.0502 -1 3.54621e-12 -1.33158e-06 -50.6998 0 0 0 1 
				42
				1.33158e-06 2.66316e-06 -1 -1.62371e-07 0 -1 -2.66316e-06 -54.8414 -1 3.54621e-12 -1.33158e-06 -51.6109 0 0 0 1 
				43
				1.33158e-06 2.66316e-06 -1 -1.62371e-07 0 -1 -2.66316e-06 -53.5388 -1 3.54621e-12 -1.33158e-06 -52.5786 0 0 0 1 
				44
				1.33158e-06 2.66316e-06 -1 -1.62371e-07 0 -1 -2.66316e-06 -52.1485 -1 3.54621e-12 -1.33158e-06 -53.599 0 0 0 1 
				45
				1.33158e-06 2.66316e-06 -1 -1.62371e-07 0 -1 -2.66316e-06 -50.6765 -1 3.54621e-12 -1.33158e-06 -54.6687 0 0 0 1 
				46
				1.33158e-06 2.66316e-06 -1 -1.62371e-07 0 -1 -2.66316e-06 -49.1289 -1 3.54621e-12 -1.33158e-06 -55.7839 0 0 0 1 
				47
				1.33158e-06 2.79632e-06 -1 -1.62371e-07 0 -1 -2.79632e-06 -47.5119 -1 3.72352e-12 -1.33158e-06 -56.9409 0 0 0 1 
				48
				1.33158e-06 2.66316e-06 -1 -1.62371e-07 0 -1 -2.66316e-06 -45.8316 -1 3.54621e-12 -1.33158e-06 -58.1361 0 0 0 1 
				49
				1.33158e-06 2.66316e-06 -1 -1.62371e-07 0 -1 -2.66316e-06 -44.0939 -1 3.54621e-12 -1.33158e-06 -59.3658 0 0 0 1 
				50
				1.33158e-06 2.66316e-06 -1 -1.62371e-07 0 -1 -2.66316e-06 -42.3049 -1 3.54621e-12 -1.33158e-06 -60.6263 0 0 0 1 
				51
				1.33158e-06 2.66316e-06 -1 -1.62371e-07 0 -1 -2.66316e-06 -40.471 -1 3.54621e-12 -1.33158e-06 -61.9139 0 0 0 1 
				52
				1.33158e-06 2.66316e-06 -1 -1.62371e-07 0 -1 -2.66316e-06 -38.5981 -1 3.54621e-12 -1.33158e-06 -63.225 0 0 0 1 
				53
				1.33158e-06 2.66316e-06 -1 -1.62371e-07 0 -1 -2.66316e-06 -36.6922 -1 3.54621e-12 -1.33158e-06 -64.556 0 0 0 1 
				54
				1.33158e-06 2.66316e-06 -1 -1.62371e-07 0 -1 -2.66316e-06 -34.7595 -1 3.54621e-12 -1.33158e-06 -65.9032 0 0 0 1 
				55
				1.33158e-06 2.66316e-06 -1 -1.62371e-07 0 -1 -2.66316e-06 -32.8062 -1 3.54621e-12 -1.33158e-06 -67.2627 0 0 0 1 
				56
				1.33158e-06 2.66316e-06 -1 -1.62371e-07 0 -1 -2.66316e-06 -30.8382 -1 3.54621e-12 -1.33158e-06 -68.6311 0 0 0 1 
				57
				1.33158e-06 2.66316e-06 -1 -1.62371e-07 0 -1 -2.66316e-06 -28.8616 -1 3.54621e-12 -1.33158e-06 -70.0047 0 0 0 1 
				58
				1.33158e-06 2.66316e-06 -1 -1.62371e-07 0 -1 -2.66316e-06 -26.8826 -1 3.54621e-12 -1.33158e-06 -71.3797 0 0 0 1 
				59
				1.33158e-06 2.66316e-06 -1 -1.62371e-07 0 -1 -2.66316e-06 -24.9073 -1 3.54621e-12 -1.33158e-06 -72.7525 0 0 0 1 
				60
				1.33158e-06 2.66316e-06 -1 -1.62371e-07 0 -1 -2.66316e-06 -22.9418 -1 3.54621e-12 -1.33158e-06 -74.1194 0 0 0 1 
				61
				1.33158e-06 2.66316e-06 -1 -1.62371e-07 0 -1 -2.66316e-06 -20.992 -1 3.54621e-12 -1.33158e-06 -75.4768 0 0 0 1 
				62
				1.33158e-06 2.66316e-06 -1 -1.62371e-07 0 -1 -2.66316e-06 -19.0641 -1 3.54621e-12 -1.33158e-06 -76.821 0 0 0 1 
				63
				1.33158e-06 2.66316e-06 -1 -1.62371e-07 0 -1 -2.66316e-06 -17.1644 -1 3.54621e-12 -1.33158e-06 -78.1483 0 0 0 1 
				64
				1.33158e-06 2.66316e-06 -1 -1.62371e-07 0 -1 -2.66316e-06 -15.2988 -1 3.54621e-12 -1.33158e-06 -79.455 0 0 0 1 
				65
				1.33158e-06 2.66316e-06 -1 -1.62371e-07 0 -1 -2.66316e-06 -13.4734 -1 3.54621e-12 -1.33158e-06 -80.7375 0 0 0 1 
				66
				1.33158e-06 2.79632e-06 -1 -1.62371e-07 0 -1 -2.79632e-06 -11.6942 -1 3.72352e-12 -1.33158e-06 -81.9922 0 0 0 1 
				67
				1.33158e-06 2.66316e-06 -1 -1.62371e-07 0 -1 -2.66316e-06 -9.96754 -1 3.54621e-12 -1.33158e-06 -83.2152 0 0 0 1 
				68
				1.33158e-06 2.66316e-06 -1 -1.62371e-07 0 -1 -2.66316e-06 -8.29938 -1 3.54621e-12 -1.33158e-06 -84.403 0 0 0 1 
				69
				1.33158e-06 2.66316e-06 -1 -1.62371e-07 0 -1 -2.66316e-06 -6.69571 -1 3.54621e-12 -1.33158e-06 -85.552 0 0 0 1 
				70
				1.33158e-06 2.66316e-06 -1 -1.62371e-07 0 -1 -2.66316e-06 -5.16273 -1 3.54621e-12 -1.33158e-06 -86.6584 0 0 0 1 
				71
				1.33158e-06 2.66316e-06 -1 -1.62371e-07 0 -1 -2.66316e-06 -3.70664 -1 3.54621e-12 -1.33158e-06 -87.7185 0 0 0 1 
		</Joint>
			2
				-1
				1.38782e-06 -1.49834e-06 -1 3.30843e-06 -0.000797649 -1 1.49724e-06 -12.3488 -1 0.000797649 -1.38901e-06 -96.7361 0 0 0 1 
				0
				1.37468e-06 -1.48419e-06 -1 3.30814e-06 0.00945053 -0.999955 1.49711e-06 -13.2042 -0.999955 -0.00945053 -1.36059e-06 -95.8923 0 0 0 1 
				1
				1.35921e-06 -1.4679e-06 -1 3.30779e-06 0.0213672 -0.999772 1.4966e-06 -14.1835 -0.999772 -0.0213672 -1.32754e-06 -94.9699 0 0 0 1 
				2
				1.34161e-06 -1.44982e-06 -1 3.30742e-06 0.0347465 -0.999396 1.49556e-06 -15.2578 -0.999396 -0.0347465 -1.29043e-06 -93.9872 0 0 0 1 
				3
				1.32208e-06 -1.43031e-06 -1 3.30701e-06 0.0493815 -0.99878 1.49385e-06 -16.3982 -0.99878 -0.0493815 -1.24984e-06 -92.9626 0 0 0 1 
				4
				1.29214e-06 -1.27683e-06 -1 4.45736e-06 0.0650703 -0.997881 1.3582e-06 -17.5766 -0.997881 -0.0650703 -1.20632e-06 -91.9139 0 0 0 1 
				5
				1.27801e-06 -1.38832e-06 -1 3.30613e-06 0.08161 -0.996664 1.48799e-06 -18.765 -0.996664 -0.08161 -1.16045e-06 -90.8589 0 0 0 1 
				6
				1.25392e-06 -1.36648e-06 -1 3.30568e-06 0.0987906 -0.995108 1.48367e-06 -19.9344 -0.995108 -0.0987906 -1.11279e-06 -89.8159 0 0 0 1 
				7
				1.2288e-06 -1.34449e-06 -1 3.30524e-06 0.116402 -0.993202 1.47838e-06 -21.0558 -0.993202 -0.116402 -1.06395e-06 -88.8032 0 0 0 1 
				8
				1.20291e-06 -1.32262e-06 -1 3.30477e-06 0.134241 -0.990948 1.47213e-06 -22.1012 -0.990949 -0.134241 -1.01447e-06 -87.8388 0 0 0 1 
				9
				1.17652e-06 -1.30115e-06 -1 3.30431e-06 0.152106 -0.988364 1.46496e-06 -23.0426 -0.988364 -0.152106 -9.64918e-07 -86.9404 0 0 0 1 
				10
				1.14995e-06 -1.2803e-06 -1 3.30389e-06 0.16979 -0.98548 1.45697e-06 -23.8509 -0.98548 -0.16979 -9.15869e-07 -86.1262 0 0 0 1 
				11
				1.09861e-06 -1.12951e-06 -1 4.45429e-06 0.187089 -0.982343 1.31511e-06 -24.4973 -0.982343 -0.187089 -8.67889e-07 -85.4148 0 0 0 1 
				12
				1.09756e-06 -1.24139e-06 -1 3.30307e-06 0.203808 -0.979011 1.43902e-06 -24.9536 -0.979011 -0.203808 -8.21518e-07 -84.8238 0 0 0 1 
				13
				1.07241e-06 -1.22368e-06 -1 3.30268e-06 0.219756 -0.975555 1.42944e-06 -25.1918 -0.975555 -0.219756 -7.77285e-07 -84.371 0 0 0 1 
				14
				1.04844e-06 -1.20737e-06 -1 3.30234e-06 0.234738 -0.972059 1.41974e-06 -25.183 -0.972059 -0.234738 -7.35731e-07 -84.0749 0 0 0 1 
				15
				1.02602e-06 -1.19259e-06 -1 3.30204e-06 0.248563 -0.968615 1.41019e-06 -24.8982 -0.968616 -0.248563 -6.97384e-07 -83.9537 0 0 0 1 
				16
				1.00552e-06 -1.17947e-06 -1 3.3018e-06 0.261052 -0.965325 1.40106e-06 -23.8254 -0.965325 -0.261052 -6.62747e-07 -84.3132 0 0 0 1 
				17
				9.87302e-07 -1.16812e-06 -1 3.30155e-06 0.272025 -0.96229 1.39265e-06 -21.6467 -0.96229 -0.272025 -6.32312e-07 -85.3427 0 0 0 1 
				18
				9.7176e-07 -1.15867e-06 -1 3.30135e-06 0.281299 -0.95962 1.38524e-06 -18.6435 -0.95962 -0.281299 -6.06587e-07 -86.8741 0 0 0 1 
				19
				9.59273e-07 -1.15122e-06 -1 3.30119e-06 0.288695 -0.957421 1.37914e-06 -15.0974 -0.957421 -0.288695 -5.86077e-07 -88.7396 0 0 0 1 
				20
				9.50202e-07 -1.14589e-06 -1 3.30107e-06 0.294034 -0.955795 1.37463e-06 -11.281 -0.955795 -0.294034 -5.71267e-07 -90.7765 0 0 0 1 
				21
				9.44904e-07 -1.14281e-06 -1 3.30102e-06 0.297141 -0.954834 1.37196e-06 -7.467 -0.954834 -0.297141 -5.6265e-07 -92.822 0 0 0 1 
				22
				9.43731e-07 -1.14213e-06 -1 3.30099e-06 0.297827 -0.95462 1.37137e-06 -3.93682 -0.95462 -0.297827 -5.60747e-07 -94.7082 0 0 0 1 
				23
				9.47022e-07 -1.14404e-06 -1 3.30105e-06 0.2959 -0.955219 1.37303e-06 -0.972016 -0.955219 -0.2959 -5.66091e-07 -96.2672 0 0 0 1 
				24
				9.55077e-07 -1.14875e-06 -1 3.30113e-06 0.291168 -0.956672 1.37706e-06 1.15478 -0.956672 -0.291168 -5.79217e-07 -97.3363 0 0 0 1 
				25
				9.68177e-07 -1.15652e-06 -1 3.3013e-06 0.283427 -0.958994 1.3835e-06 2.17093 -0.958994 -0.283427 -6.00686e-07 -97.7528 0 0 0 1 
				26
				9.50292e-07 -1.03956e-06 -1 4.45241e-06 0.272463 -0.962166 1.25915e-06 1.79491 -0.962166 -0.272463 -6.31098e-07 -97.3487 0 0 0 1 
				27
				1.01047e-06 -1.1826e-06 -1 3.30186e-06 0.258048 -0.966132 1.4033e-06 -0.254781 -0.966132 -0.258048 -6.71076e-07 -95.9561 0 0 0 1 
				28
				1.28424e-06 -1.39441e-06 -1 3.30642e-06 0.0743136 -0.997235 1.486e-06 -17.6137 -0.997235 -0.0743136 -1.17707e-06 -85.5301 0 0 0 1 
				29
				1.68172e-06 -1.92114e-06 -1 3.31741e-06 -0.274262 -0.961655 1.38624e-06 -48.7162 -0.961655 0.274262 -2.14413e-06 -67.0543 0 0 0 1 
				30
				1.83178e-06 -2.32851e-06 -1 3.32573e-06 -0.484127 -0.874998 1.15063e-06 -68.4949 -0.874998 0.484127 -2.7301e-06 -55.4161 0 0 0 1 
				31
				1.77406e-06 -2.48578e-06 -1 2.17548e-06 -0.504301 -0.863528 1.25188e-06 -70.2808 -0.863528 0.504301 -2.78553e-06 -54.5324 0 0 0 1 
				32
				1.91022e-06 -2.26271e-06 -1 4.47794e-06 -0.507421 -0.861698 9.80486e-07 -70.3457 -0.861698 0.507421 -2.79418e-06 -54.6766 0 0 0 1 
				33
				1.8434e-06 -2.38095e-06 -1 3.32685e-06 -0.509054 -0.860735 1.11097e-06 -70.2557 -0.860735 0.509054 -2.79871e-06 -54.9139 0 0 0 1 
				34
				1.8435e-06 -2.3814e-06 -1 3.32684e-06 -0.509264 -0.86061 1.11063e-06 -70.017 -0.86061 0.509264 -2.79929e-06 -55.2409 0 0 0 1 
				35
				1.91063e-06 -2.26424e-06 -1 4.47796e-06 -0.508111 -0.861292 9.79358e-07 -69.6358 -0.861292 0.508111 -2.7961e-06 -55.6536 0 0 0 1 
				36
				1.84184e-06 -2.37367e-06 -1 3.32668e-06 -0.505649 -0.862739 1.11653e-06 -69.1181 -0.862739 0.505649 -2.78927e-06 -56.1484 0 0 0 1 
				37
				1.8401e-06 -2.36574e-06 -1 3.32653e-06 -0.50193 -0.864908 1.12255e-06 -68.4699 -0.864908 0.50193 -2.77895e-06 -56.7219 0 0 0 1 
				38
				1.83775e-06 -2.35528e-06 -1 3.3263e-06 -0.497003 -0.867749 1.13043e-06 -67.6973 -0.867749 0.497003 -2.76529e-06 -57.3702 0 0 0 1 
				39
				1.83478e-06 -2.34243e-06 -1 3.32604e-06 -0.490918 -0.871206 1.14001e-06 -66.8066 -0.871206 0.490918 -2.74841e-06 -58.0896 0 0 0 1 
				40
				1.89557e-06 -2.21077e-06 -1 4.47684e-06 -0.483718 -0.875224 1.018e-06 -65.8038 -0.875224 0.483718 -2.72844e-06 -58.8765 0 0 0 1 
				41
				1.82687e-06 -2.31008e-06 -1 3.32538e-06 -0.475449 -0.879743 1.16369e-06 -64.6949 -0.879743 0.475449 -2.70551e-06 -59.7273 0 0 0 1 
				42
				1.82189e-06 -2.29086e-06 -1 3.32496e-06 -0.466155 -0.884703 1.17745e-06 -63.486 -0.884703 0.466155 -2.67973e-06 -60.6383 0 0 0 1 
				43
				1.81618e-06 -2.26981e-06 -1 3.32453e-06 -0.455883 -0.89004 1.19225e-06 -62.1833 -0.89004 0.455883 -2.65124e-06 -61.6057 0 0 0 1 
				44
				1.80971e-06 -2.24705e-06 -1 3.32407e-06 -0.444677 -0.895691 1.20792e-06 -60.7929 -0.895691 0.444677 -2.62015e-06 -62.6259 0 0 0 1 
				45
				1.80246e-06 -2.22274e-06 -1 3.32355e-06 -0.432582 -0.901595 1.2243e-06 -59.3207 -0.901595 0.432582 -2.58661e-06 -63.6953 0 0 0 1 
				46
				1.7944e-06 -2.19703e-06 -1 3.32301e-06 -0.419647 -0.907687 1.2412e-06 -57.773 -0.907687 0.419647 -2.55073e-06 -64.8103 0 0 0 1 
				47
				1.83956e-06 -2.04836e-06 -1 4.47347e-06 -0.405922 -0.913908 1.12529e-06 -56.1559 -0.913908 0.405922 -2.51266e-06 -65.967 0 0 0 1 
				48
				1.77577e-06 -2.14197e-06 -1 3.32186e-06 -0.391456 -0.920197 1.27589e-06 -54.4754 -0.920197 0.391456 -2.47254e-06 -67.1618 0 0 0 1 
				49
				1.76516e-06 -2.11291e-06 -1 3.32125e-06 -0.376303 -0.926497 1.29337e-06 -52.7376 -0.926497 0.376303 -2.43051e-06 -68.3912 0 0 0 1 
				50
				1.75369e-06 -2.08304e-06 -1 3.32064e-06 -0.360518 -0.932752 1.31072e-06 -50.9485 -0.932752 0.360518 -2.38673e-06 -69.6514 0 0 0 1 
				51
				1.74135e-06 -2.05249e-06 -1 3.32e-06 -0.34416 -0.938911 1.3278e-06 -49.1145 -0.938911 0.34416 -2.34136e-06 -70.9387 0 0 0 1 
				52
				1.72816e-06 -2.02142e-06 -1 3.31935e-06 -0.327287 -0.944925 1.34448e-06 -47.2415 -0.944925 0.327287 -2.29456e-06 -72.2495 0 0 0 1 
				53
				1.71412e-06 -1.98995e-06 -1 3.31869e-06 -0.309961 -0.950749 1.36064e-06 -45.3354 -0.950749 0.309961 -2.24651e-06 -73.5801 0 0 0 1 
				54
				1.69927e-06 -1.95825e-06 -1 3.31804e-06 -0.292246 -0.956343 1.37615e-06 -43.4026 -0.956343 0.292246 -2.19737e-06 -74.9269 0 0 0 1 
				55
				1.68364e-06 -1.92644e-06 -1 3.31736e-06 -0.27421 -0.96167 1.39092e-06 -41.4491 -0.96167 0.27421 -2.14735e-06 -76.2861 0 0 0 1 
				56
				1.66726e-06 -1.89465e-06 -1 3.3167e-06 -0.25592 -0.966698 1.40487e-06 -39.4811 -0.966698 0.25592 -2.09662e-06 -77.654 0 0 0 1 
				57
				1.65021e-06 -1.86303e-06 -1 3.31604e-06 -0.237445 -0.971401 1.41792e-06 -37.5044 -0.971401 0.237445 -2.04538e-06 -79.0272 0 0 0 1 
				58
				1.63252e-06 -1.83169e-06 -1 3.31538e-06 -0.218857 -0.975757 1.43e-06 -35.5253 -0.975757 0.218857 -1.99382e-06 -80.4019 0 0 0 1 
				59
				1.61428e-06 -1.80076e-06 -1 3.31474e-06 -0.20023 -0.979749 1.44107e-06 -33.5499 -0.979749 0.20023 -1.94216e-06 -81.7742 0 0 0 1 
				60
				1.59557e-06 -1.77036e-06 -1 3.31411e-06 -0.181637 -0.983366 1.4511e-06 -31.5843 -0.983366 0.181637 -1.89059e-06 -83.1407 0 0 0 1 
				61
				1.57646e-06 -1.7406e-06 -1 3.31348e-06 -0.163152 -0.986601 1.46007e-06 -29.6344 -0.986601 0.163152 -1.83932e-06 -84.4978 0 0 0 1 
				62
				1.55706e-06 -1.71158e-06 -1 3.31287e-06 -0.14485 -0.989454 1.46799e-06 -27.7066 -0.989454 0.14485 -1.78856e-06 -85.8416 0 0 0 1 
				63
				1.53746e-06 -1.6834e-06 -1 3.31228e-06 -0.126808 -0.991927 1.47485e-06 -25.8068 -0.991927 0.126808 -1.73852e-06 -87.1685 0 0 0 1 
				64
				1.51778e-06 -1.65616e-06 -1 3.31173e-06 -0.109102 -0.99403 1.48068e-06 -23.9411 -0.994031 0.109102 -1.6894e-06 -88.4749 0 0 0 1 
				65
				1.49812e-06 -1.62994e-06 -1 3.31117e-06 -0.0918042 -0.995777 1.48552e-06 -22.1156 -0.995777 0.0918042 -1.64143e-06 -89.757 0 0 0 1 
				66
				1.4886e-06 -1.47205e-06 -1 4.46144e-06 -0.074992 -0.997184 1.35627e-06 -20.3365 -0.997184 0.074992 -1.5948e-06 -91.0113 0 0 0 1 
				67
				1.45938e-06 -1.5809e-06 -1 3.31016e-06 -0.0587409 -0.998273 1.49245e-06 -18.6098 -0.998273 0.0587408 -1.54972e-06 -92.2341 0 0 0 1 
				68
				1.44055e-06 -1.55823e-06 -1 3.30969e-06 -0.0431234 -0.99907 1.49466e-06 -16.9416 -0.99907 0.0431234 -1.50641e-06 -93.4215 0 0 0 1 
				69
				1.42226e-06 -1.53687e-06 -1 3.30923e-06 -0.0282117 -0.999602 1.49613e-06 -15.3379 -0.999602 0.0282117 -1.46505e-06 -94.5702 0 0 0 1 
				70
				1.40463e-06 -1.51689e-06 -1 3.30882e-06 -0.014079 -0.999901 1.49696e-06 -13.8049 -0.999901 0.014079 -1.42585e-06 -95.6763 0 0 0 1 
				71
				1.38782e-06 -1.49834e-06 -1 3.30843e-06 -0.000797649 -1 1.49724e-06 -12.3488 -1 0.000797649 -1.38901e-06 -96.7361 0 0 0 1 
		</Joint>
			3
				-1
				1.38782e-06 -1.49834e-06 -1 3.96205e-05 -0.000797649 -1 1.49724e-06 -12.318 -1 0.000797649 -1.38901e-06 -122.949 0 0 0 1 
				0
				1.36558e-06 -1.47456e-06 -1 3.92745e-05 0.0164745 -0.999864 1.49686e-06 -12.9047 -0.999864 -0.0164745 -1.34111e-06 -122.103 0 0 0 1 
				1
				1.33878e-06 -1.44696e-06 -1 3.88674e-05 0.0368801 -0.99932 1.49535e-06 -13.5717 -0.99932 -0.0368801 -1.28451e-06 -121.174 0 0 0 1 
				2
				1.30769e-06 -1.4163e-06 -1 3.84041e-05 0.0600239 -0.998197 1.49224e-06 -14.2953 -0.998197 -0.0600239 -1.22032e-06 -120.181 0 0 0 1 
				3
				1.27259e-06 -1.38334e-06 -1 3.789e-05 0.0855032 -0.996338 1.48708e-06 -15.0522 -0.996338 -0.0855032 -1.14965e-06 -119.139 0 0 0 1 
				4
				1.21877e-06 -1.2165e-06 -1 3.8247e-05 0.11292 -0.993604 1.34634e-06 -15.8195 -0.993604 -0.11292 -1.0736e-06 -118.065 0 0 0 1 
				5
				1.19169e-06 -1.3134e-06 -1 3.67303e-05 0.141871 -0.989885 1.46918e-06 -16.5746 -0.989885 -0.141871 -9.93307e-07 -116.977 0 0 0 1 
				6
				1.1467e-06 -1.2778e-06 -1 3.60967e-05 0.171936 -0.985108 1.45593e-06 -17.2939 -0.985108 -0.171936 -9.09919e-07 -115.891 0 0 0 1 
				7
				1.0993e-06 -1.24263e-06 -1 3.54359e-05 0.202695 -0.979242 1.43966e-06 -17.9539 -0.979242 -0.202695 -8.24605e-07 -114.827 0 0 0 1 
				8
				1.05004e-06 -1.20844e-06 -1 3.47549e-05 0.233743 -0.972298 1.4204e-06 -18.5321 -0.972298 -0.233743 -7.3849e-07 -113.802 0 0 0 1 
				9
				9.99512e-07 -1.1757e-06 -1 3.40611e-05 0.264681 -0.964336 1.39832e-06 -19.0056 -0.964336 -0.264681 -6.5268e-07 -112.834 0 0 0 1 
				10
				9.48369e-07 -1.14482e-06 -1 3.33626e-05 0.29511 -0.955463 1.37371e-06 -19.3508 -0.955463 -0.29511 -5.68282e-07 -111.943 0 0 0 1 
				11
				8.54094e-07 -9.90209e-07 -1 3.31591e-05 0.324644 -0.945836 1.21385e-06 -19.5443 -0.945837 -0.324644 -4.86368e-07 -111.148 0 0 0 1 
				12
				8.47101e-07 -1.08993e-06 -1 3.19856e-05 0.352926 -0.935651 1.31876e-06 -19.5629 -0.935651 -0.352926 -4.07926e-07 -110.468 0 0 0 1 
				13
				7.98457e-07 -1.06633e-06 -1 3.13249e-05 0.379619 -0.925143 1.28961e-06 -19.3836 -0.925143 -0.379619 -3.33889e-07 -109.923 0 0 0 1 
				14
				7.52191e-07 -1.04544e-06 -1 3.06951e-05 0.404395 -0.914584 1.26033e-06 -18.9826 -0.914584 -0.404395 -2.6517e-07 -109.534 0 0 0 1 
				15
				7.09114e-07 -1.02733e-06 -1 3.01061e-05 0.426946 -0.904277 1.23174e-06 -18.3359 -0.904277 -0.426946 -2.02623e-07 -109.321 0 0 0 1 
				16
				6.70021e-07 -1.01196e-06 -1 2.95676e-05 0.446992 -0.894538 1.20473e-06 -16.9363 -0.894538 -0.446992 -1.47023e-07 -109.594 0 0 0 1 
				17
				6.35702e-07 -9.99283e-07 -1 2.90893e-05 0.46427 -0.885694 1.1802e-06 -14.4704 -0.885694 -0.46427 -9.91e-08 -110.543 0 0 0 1 
				18
				6.06964e-07 -9.89249e-07 -1 2.86812e-05 0.478513 -0.87808 1.15908e-06 -11.2245 -0.87808 -0.478513 -5.95942e-08 -112.003 0 0 0 1 
				19
				5.84598e-07 -9.81796e-07 -1 2.83533e-05 0.489459 -0.872026 1.14229e-06 -7.48489 -0.872026 -0.489459 -2.92355e-08 -113.811 0 0 0 1 
				20
				5.69354e-07 -9.76894e-07 -1 2.81152e-05 0.496851 -0.867836 1.13067e-06 -3.52875 -0.867836 -0.496851 -8.73516e-09 -115.804 0 0 0 1 
				21
				5.61956e-07 -9.74566e-07 -1 2.79762e-05 0.500417 -0.865784 1.12498e-06 0.366613 -0.865784 -0.500417 1.15692e-09 -117.825 0 0 0 1 
				22
				5.63125e-07 -9.74931e-07 -1 2.79454e-05 0.499854 -0.866109 1.12588e-06 3.9148 -0.866109 -0.499854 -4.04161e-10 -119.705 0 0 0 1 
				23
				5.73541e-07 -9.78227e-07 -1 2.80319e-05 0.494826 -0.868992 1.13387e-06 6.82924 -0.868992 -0.494826 -1.43512e-08 -121.28 0 0 0 1 
				24
				5.93815e-07 -9.84831e-07 -1 2.82435e-05 0.484964 -0.874534 1.14925e-06 8.83227 -0.874534 -0.484964 -4.1704e-08 -122.388 0 0 0 1 
				25
				6.24492e-07 -9.95306e-07 -1 2.85875e-05 0.469851 -0.882746 1.17202e-06 9.64595 -0.882746 -0.469851 -8.36218e-08 -122.866 0 0 0 1 
				26
				6.06262e-07 -8.91468e-07 -1 2.92645e-05 0.449007 -0.893528 1.06877e-06 8.98309 -0.893528 -0.449007 -1.41437e-07 -122.546 0 0 0 1 
				27
				7.18843e-07 -1.03131e-06 -1 2.96985e-05 0.421895 -0.906644 1.23831e-06 6.55624 -0.906645 -0.421895 -2.16631e-07 -121.259 0 0 0 1 
				28
				1.27396e-06 -1.39051e-06 -1 3.68978e-05 0.0817716 -0.996651 1.49003e-06 -15.6143 -0.996651 -0.0817716 -1.15599e-06 -111.666 0 0 0 1 
				29
				1.85752e-06 -2.47224e-06 -1 4.73836e-05 -0.550855 -0.834601 1.04011e-06 -55.8621 -0.834601 0.550855 -2.91213e-06 -92.2901 0 0 0 1 
				30
				1.81749e-06 -3.2732e-06 -1 5.13671e-05 -0.848048 -0.52992 1.93212e-07 -81.1576 -0.52992 0.848048 -3.73896e-06 -78.3959 0 0 0 1 
				31
				1.6786e-06 -3.41582e-06 -1 4.87112e-05 -0.869813 -0.493382 2.25239e-07 -83.4743 -0.493382 0.869813 -3.79931e-06 -77.2126 0 0 0 1 
				32
				1.9074e-06 -3.29492e-06 -1 5.45766e-05 -0.872512 -0.488593 -5.43575e-08 -83.6212 -0.488593 0.872512 -3.8068e-06 -77.309 0 0 0 1 
				33
				1.78991e-06 -3.36398e-06 -1 5.16776e-05 -0.873602 -0.486641 7.33845e-08 -83.5741 -0.486641 0.873602 -3.80982e-06 -77.5212 0 0 0 1 
				34
				1.79043e-06 -3.36238e-06 -1 5.168e-05 -0.873167 -0.487421 7.55482e-08 -83.3409 -0.487421 0.873167 -3.80862e-06 -77.8448 0 0 0 1 
				35
				1.90873e-06 -3.29005e-06 -1 5.45871e-05 -0.871264 -0.490815 -4.81947e-08 -82.9292 -0.490815 0.871264 -3.80334e-06 -78.2753 0 0 0 1 
				36
				1.79661e-06 -3.34327e-06 -1 5.16353e-05 -0.867923 -0.496698 1.01279e-07 -82.3467 -0.496698 0.867923 -3.79407e-06 -78.8079 0 0 0 1 
				37
				1.80194e-06 -3.32616e-06 -1 5.15887e-05 -0.86316 -0.504931 1.24114e-07 -81.6006 -0.504931 0.86316 -3.78086e-06 -79.438 0 0 0 1 
				38
				1.80851e-06 -3.30426e-06 -1 5.15257e-05 -0.856972 -0.515362 1.53045e-07 -80.6983 -0.515362 0.856972 -3.7637e-06 -80.1604 0 0 0 1 
				39
				1.81607e-06 -3.27778e-06 -1 5.14462e-05 -0.84935 -0.527831 1.87629e-07 -79.6475 -0.527831 0.84935 -3.74256e-06 -80.97 0 0 0 1 
				40
				1.93626e-06 -3.17468e-06 -1 5.41852e-05 -0.840269 -0.542171 9.42444e-08 -78.4552 -0.542171 0.840269 -3.71737e-06 -81.8618 0 0 0 1 
				41
				1.83312e-06 -3.21175e-06 -1 5.12349e-05 -0.8297 -0.558209 2.71887e-07 -77.1286 -0.558209 0.8297 -3.68806e-06 -82.8305 0 0 0 1 
				42
				1.84204e-06 -3.17259e-06 -1 5.11018e-05 -0.817616 -0.575763 3.20574e-07 -75.6752 -0.575763 0.817616 -3.65454e-06 -83.8708 0 0 0 1 
				43
				1.85083e-06 -3.12959e-06 -1 5.09495e-05 -0.80399 -0.594643 3.7294e-07 -74.1023 -0.594643 0.80399 -3.61675e-06 -84.9774 0 0 0 1 
				44
				1.8592e-06 -3.08297e-06 -1 5.07771e-05 -0.788793 -0.614659 4.28454e-07 -72.4172 -0.614659 0.788793 -3.5746e-06 -86.145 0 0 0 1 
				45
				1.86683e-06 -3.03294e-06 -1 5.0584e-05 -0.772006 -0.635615 4.86579e-07 -70.6269 -0.635615 0.772006 -3.52804e-06 -87.3683 0 0 0 1 
				46
				1.87345e-06 -2.97975e-06 -1 5.03694e-05 -0.753618 -0.657313 5.46759e-07 -68.7389 -0.657313 0.753618 -3.47703e-06 -88.642 0 0 0 1 
				47
				1.97647e-06 -2.83316e-06 -1 5.2696e-05 -0.733629 -0.67955 4.7528e-07 -66.7609 -0.67955 0.733629 -3.42159e-06 -89.9607 0 0 0 1 
				48
				1.88255e-06 -2.8649e-06 -1 4.98738e-05 -0.712048 -0.702131 6.71067e-07 -64.7001 -0.702131 0.712048 -3.36174e-06 -91.3193 0 0 0 1 
				49
				1.88452e-06 -2.80378e-06 -1 4.95921e-05 -0.688898 -0.724859 7.34105e-07 -62.5639 -0.724859 0.688898 -3.29753e-06 -92.7126 0 0 0 1 
				50
				1.88447e-06 -2.7406e-06 -1 4.92876e-05 -0.664217 -0.74754 7.97014e-07 -60.3599 -0.74754 0.664217 -3.22907e-06 -94.1355 0 0 0 1 
				51
				1.88221e-06 -2.67568e-06 -1 4.89601e-05 -0.638061 -0.769986 8.5927e-07 -58.0959 -0.769986 0.638061 -3.15653e-06 -95.5829 0 0 0 1 
				52
				1.87759e-06 -2.60934e-06 -1 4.86101e-05 -0.610498 -0.792018 9.20379e-07 -55.7795 -0.792018 0.610498 -3.08008e-06 -97.0499 0 0 0 1 
				53
				1.87046e-06 -2.54189e-06 -1 4.8238e-05 -0.581609 -0.813469 9.79874e-07 -53.4182 -0.813469 0.581609 -2.99995e-06 -98.5317 0 0 0 1 
				54
				1.86075e-06 -2.4737e-06 -1 4.78445e-05 -0.551496 -0.834177 1.03731e-06 -51.0199 -0.834177 0.551496 -2.91643e-06 -100.024 0 0 0 1 
				55
				1.84839e-06 -2.40511e-06 -1 4.74305e-05 -0.520277 -0.853998 1.09229e-06 -48.5927 -0.853998 0.520277 -2.82984e-06 -101.521 0 0 0 1 
				56
				1.83336e-06 -2.33646e-06 -1 4.69971e-05 -0.488077 -0.872801 1.14444e-06 -46.1442 -0.872801 0.488077 -2.74053e-06 -103.019 0 0 0 1 
				57
				1.8157e-06 -2.26808e-06 -1 4.65458e-05 -0.455037 -0.890473 1.19345e-06 -43.6823 -0.890473 0.455037 -2.64889e-06 -104.514 0 0 0 1 
				58
				1.79546e-06 -2.20032e-06 -1 4.60781e-05 -0.421311 -0.906916 1.23906e-06 -41.2151 -0.906916 0.421311 -2.55535e-06 -106.001 0 0 0 1 
				59
				1.77274e-06 -2.13351e-06 -1 4.55959e-05 -0.387066 -0.922052 1.28104e-06 -38.7507 -0.922052 0.387066 -2.46037e-06 -107.476 0 0 0 1 
				60
				1.74768e-06 -2.06796e-06 -1 4.51013e-05 -0.35247 -0.935823 1.31924e-06 -36.297 -0.935823 0.35247 -2.36441e-06 -108.935 0 0 0 1 
				61
				1.72045e-06 -2.00395e-06 -1 4.45965e-05 -0.317699 -0.948192 1.35354e-06 -33.862 -0.948192 0.317699 -2.26797e-06 -110.375 0 0 0 1 
				62
				1.69126e-06 -1.94177e-06 -1 4.40841e-05 -0.282938 -0.959138 1.3839e-06 -31.4538 -0.959138 0.282938 -2.17156e-06 -111.792 0 0 0 1 
				63
				1.66036e-06 -1.88168e-06 -1 4.35667e-05 -0.248376 -0.968664 1.41032e-06 -29.0806 -0.968664 0.248376 -2.07569e-06 -113.182 0 0 0 1 
				64
				1.628e-06 -1.82391e-06 -1 4.30472e-05 -0.214195 -0.976791 1.43286e-06 -26.7504 -0.976791 0.214195 -1.98089e-06 -114.542 0 0 0 1 
				65
				1.59449e-06 -1.76865e-06 -1 4.25285e-05 -0.180581 -0.98356 1.45164e-06 -24.4711 -0.98356 0.180581 -1.88766e-06 -115.868 0 0 0 1 
				66
				1.5798e-06 -1.5844e-06 -1 4.34197e-05 -0.147719 -0.989029 1.33365e-06 -22.251 -0.98903 0.147719 -1.79651e-06 -117.158 0 0 0 1 
				67
				1.52526e-06 -1.6664e-06 -1 4.15068e-05 -0.11579 -0.993274 1.47858e-06 -20.0981 -0.993274 0.11579 -1.70795e-06 -118.407 0 0 0 1 
				68
				1.49024e-06 -1.61969e-06 -1 4.10103e-05 -0.084968 -0.996384 1.48721e-06 -18.0204 -0.996384 0.084968 -1.62247e-06 -119.614 0 0 0 1 
				69
				1.4554e-06 -1.57606e-06 -1 4.05281e-05 -0.05542 -0.998463 1.49298e-06 -16.0257 -0.998463 0.05542 -1.54051e-06 -120.775 0 0 0 1 
				70
				1.42114e-06 -1.53558e-06 -1 4.00636e-05 -0.0273106 -0.999627 1.4962e-06 -14.1222 -0.999627 0.0273106 -1.46255e-06 -121.888 0 0 0 1 
				71
				1.38782e-06 -1.49834e-06 -1 3.96205e-05 -0.000797649 -1 1.49724e-06 -12.318 -1 0.000797649 -1.38901e-06 -122.949 0 0 0 1 
		</Joint>
			4
		</Joint>
			5
				-1
				1 -3.96436e-06 1.2698e-06 52.4061 3.96436e-06 1 1.36437e-06 -38.7067 -1.26981e-06 -1.36436e-06 1 -167.762 0 0 0 1 
				0
				1 -1.14279e-06 4.39563e-06 52.4063 1.21854e-06 0.999851 -0.0172712 -38.5162 -4.37524e-06 0.0172712 0.999851 -167.365 0 0 0 1 
				1
				1 -1.09453e-06 -1.30265e-06 52.406 1.04467e-06 0.99929 -0.0376758 -38.2533 1.34297e-06 0.0376758 0.99929 -166.95 0 0 0 1 
				2
				1 -1.3482e-06 -1.24038e-06 52.4058 1.27027e-06 0.998149 -0.0608189 -37.9091 1.32008e-06 0.0608189 0.998149 -166.516 0 0 0 1 
				3
				1 -1.39454e-06 -1.27952e-06 52.4061 1.27892e-06 0.996269 -0.0862966 -37.4753 1.39509e-06 0.0862966 0.99627 -166.062 0 0 0 1 
				4
